date,year,month,commodity,category,unit,price,pct_1m,pct_3m,pct_12m,pct_60m,zscore_1m
1960-01-01,1960,1,Aluminum,Metals,($/mt),511.0,,,,,
1960-02-01,1960,2,Aluminum,Metals,($/mt),511.0,0.0,,,,
1960-03-01,1960,3,Aluminum,Metals,($/mt),511.0,0.0,,,,
1960-04-01,1960,4,Aluminum,Metals,($/mt),511.0,0.0,0.0,,,
1960-05-01,1960,5,Aluminum,Metals,($/mt),511.0,0.0,0.0,,,
1960-06-01,1960,6,Aluminum,Metals,($/mt),511.0,0.0,0.0,,,
1960-07-01,1960,7,Aluminum,Metals,($/mt),511.0,0.0,0.0,,,
1960-08-01,1960,8,Aluminum,Metals,($/mt),511.0,0.0,0.0,,,0.0
1960-09-01,1960,9,Aluminum,Metals,($/mt),511.0,0.0,0.0,,,0.0
1960-10-01,1960,10,Aluminum,Metals,($/mt),511.0,0.0,0.0,,,0.0
1960-11-01,1960,11,Aluminum,Metals,($/mt),511.0,0.0,0.0,,,0.0
1960-12-01,1960,12,Aluminum,Metals,($/mt),511.0,0.0,0.0,,,0.0
1961-01-01,1961,1,Aluminum,Metals,($/mt),511.0,0.0,0.0,0.0,,0.0
1961-02-01,1961,2,Aluminum,Metals,($/mt),511.0,0.0,0.0,0.0,,0.0
1961-03-01,1961,3,Aluminum,Metals,($/mt),511.0,0.0,0.0,0.0,,0.0
1961-04-01,1961,4,Aluminum,Metals,($/mt),511.0,0.0,0.0,0.0,,0.0
1961-05-01,1961,5,Aluminum,Metals,($/mt),511.0,0.0,0.0,0.0,,0.0
1961-06-01,1961,6,Aluminum,Metals,($/mt),511.0,0.0,0.0,0.0,,0.0
1961-07-01,1961,7,Aluminum,Metals,($/mt),511.0,0.0,0.0,0.0,,0.0
1961-08-01,1961,8,Aluminum,Metals,($/mt),511.0,0.0,0.0,0.0,,0.0
1961-09-01,1961,9,Aluminum,Metals,($/mt),511.0,0.0,0.0,0.0,,0.0
1961-10-01,1961,10,Aluminum,Metals,($/mt),511.0,0.0,0.0,0.0,,0.0
1961-11-01,1961,11,Aluminum,Metals,($/mt),511.0,0.0,0.0,0.0,,0.0
1961-12-01,1961,12,Aluminum,Metals,($/mt),511.0,0.0,0.0,0.0,,0.0
1962-01-01,1962,1,Aluminum,Metals,($/mt),511.0,0.0,0.0,0.0,,0.0
1962-02-01,1962,2,Aluminum,Metals,($/mt),505.0,-1.17,-1.17,-1.17,,0.0
1962-03-01,1962,3,Aluminum,Metals,($/mt),496.0,-1.78,-2.94,-2.94,,-4.97
1962-04-01,1962,4,Aluminum,Metals,($/mt),496.0,0.0,-2.94,-2.94,,0.42
1962-05-01,1962,5,Aluminum,Metals,($/mt),496.0,0.0,-1.78,-2.94,,0.42
1962-06-01,1962,6,Aluminum,Metals,($/mt),496.0,0.0,0.0,-2.94,,0.42
1962-07-01,1962,7,Aluminum,Metals,($/mt),496.0,0.0,0.0,-2.94,,0.42
1962-08-01,1962,8,Aluminum,Metals,($/mt),496.0,0.0,0.0,-2.94,,0.42
1962-09-01,1962,9,Aluminum,Metals,($/mt),496.0,0.0,0.0,-2.94,,0.42
1962-10-01,1962,10,Aluminum,Metals,($/mt),496.0,0.0,0.0,-2.94,,0.42
1962-11-01,1962,11,Aluminum,Metals,($/mt),496.0,0.0,0.0,-2.94,,0.42
1962-12-01,1962,12,Aluminum,Metals,($/mt),496.0,0.0,0.0,-2.94,,0.42
1963-01-01,1963,1,Aluminum,Metals,($/mt),496.0,0.0,0.0,-2.94,,0.42
1963-02-01,1963,2,Aluminum,Metals,($/mt),496.0,0.0,0.0,-1.78,,0.42
1963-03-01,1963,3,Aluminum,Metals,($/mt),496.0,0.0,0.0,0.0,,0.29
1963-04-01,1963,4,Aluminum,Metals,($/mt),496.0,0.0,0.0,0.0,,0.0
1963-05-01,1963,5,Aluminum,Metals,($/mt),496.0,0.0,0.0,0.0,,0.0
1963-06-01,1963,6,Aluminum,Metals,($/mt),496.0,0.0,0.0,0.0,,0.0
1963-07-01,1963,7,Aluminum,Metals,($/mt),496.0,0.0,0.0,0.0,,0.0
1963-08-01,1963,8,Aluminum,Metals,($/mt),496.0,0.0,0.0,0.0,,0.0
1963-09-01,1963,9,Aluminum,Metals,($/mt),496.0,0.0,0.0,0.0,,0.0
1963-10-01,1963,10,Aluminum,Metals,($/mt),507.0,2.22,2.22,2.22,,0.0
1963-11-01,1963,11,Aluminum,Metals,($/mt),507.0,0.0,2.22,2.22,,-0.29
1963-12-01,1963,12,Aluminum,Metals,($/mt),507.0,0.0,2.22,2.22,,-0.29
1964-01-01,1964,1,Aluminum,Metals,($/mt),507.0,0.0,0.0,2.22,,-0.29
1964-02-01,1964,2,Aluminum,Metals,($/mt),507.0,0.0,0.0,2.22,,-0.29
1964-03-01,1964,3,Aluminum,Metals,($/mt),525.0,3.55,3.55,5.85,,5.26
1964-04-01,1964,4,Aluminum,Metals,($/mt),529.0,0.76,4.34,6.65,,0.24
1964-05-01,1964,5,Aluminum,Metals,($/mt),529.0,0.0,4.34,6.65,,-0.47
1964-06-01,1964,6,Aluminum,Metals,($/mt),529.0,0.0,0.76,6.65,,-0.47
1964-07-01,1964,7,Aluminum,Metals,($/mt),529.0,0.0,0.0,6.65,,-0.47
1964-08-01,1964,8,Aluminum,Metals,($/mt),529.0,0.0,0.0,6.65,,-0.47
1964-09-01,1964,9,Aluminum,Metals,($/mt),529.0,0.0,0.0,6.65,,-0.47
1964-10-01,1964,10,Aluminum,Metals,($/mt),529.0,0.0,0.0,4.34,,-0.47
1964-11-01,1964,11,Aluminum,Metals,($/mt),529.0,0.0,0.0,4.34,,-0.35
1964-12-01,1964,12,Aluminum,Metals,($/mt),540.0,2.08,2.08,6.51,,1.67
1965-01-01,1965,1,Aluminum,Metals,($/mt),540.0,0.0,2.08,6.51,5.68,-0.47
1965-02-01,1965,2,Aluminum,Metals,($/mt),540.0,0.0,2.08,6.51,5.68,-0.47
1965-03-01,1965,3,Aluminum,Metals,($/mt),540.0,0.0,0.0,2.86,5.68,-0.47
1965-04-01,1965,4,Aluminum,Metals,($/mt),540.0,0.0,0.0,2.08,5.68,-0.38
1965-05-01,1965,5,Aluminum,Metals,($/mt),540.0,0.0,0.0,2.08,5.68,-0.29
1965-06-01,1965,6,Aluminum,Metals,($/mt),540.0,0.0,0.0,2.08,5.68,-0.29
1965-07-01,1965,7,Aluminum,Metals,($/mt),540.0,0.0,0.0,2.08,5.68,-0.29
1965-08-01,1965,8,Aluminum,Metals,($/mt),540.0,0.0,0.0,2.08,5.68,-0.29
1965-09-01,1965,9,Aluminum,Metals,($/mt),540.0,0.0,0.0,2.08,5.68,-0.29
1965-10-01,1965,10,Aluminum,Metals,($/mt),540.0,0.0,0.0,2.08,5.68,-0.29
1965-11-01,1965,11,Aluminum,Metals,($/mt),540.0,0.0,0.0,2.08,5.68,-0.29
1965-12-01,1965,12,Aluminum,Metals,($/mt),540.0,0.0,0.0,0.0,5.68,-0.29
1966-01-01,1966,1,Aluminum,Metals,($/mt),540.0,0.0,0.0,0.0,5.68,0.0
1966-02-01,1966,2,Aluminum,Metals,($/mt),540.0,0.0,0.0,0.0,5.68,0.0
1966-03-01,1966,3,Aluminum,Metals,($/mt),540.0,0.0,0.0,0.0,5.68,0.0
1966-04-01,1966,4,Aluminum,Metals,($/mt),540.0,0.0,0.0,0.0,5.68,0.0
1966-05-01,1966,5,Aluminum,Metals,($/mt),540.0,0.0,0.0,0.0,5.68,0.0
1966-06-01,1966,6,Aluminum,Metals,($/mt),540.0,0.0,0.0,0.0,5.68,0.0
1966-07-01,1966,7,Aluminum,Metals,($/mt),540.0,0.0,0.0,0.0,5.68,0.0
1966-08-01,1966,8,Aluminum,Metals,($/mt),540.0,0.0,0.0,0.0,5.68,0.0
1966-09-01,1966,9,Aluminum,Metals,($/mt),540.0,0.0,0.0,0.0,5.68,0.0
1966-10-01,1966,10,Aluminum,Metals,($/mt),540.0,0.0,0.0,0.0,5.68,0.0
1966-11-01,1966,11,Aluminum,Metals,($/mt),540.0,0.0,0.0,0.0,5.68,0.0
1966-12-01,1966,12,Aluminum,Metals,($/mt),540.0,0.0,0.0,0.0,5.68,0.0
1967-01-01,1967,1,Aluminum,Metals,($/mt),540.0,0.0,0.0,0.0,5.68,0.0
1967-02-01,1967,2,Aluminum,Metals,($/mt),540.0,0.0,0.0,0.0,6.93,0.0
1967-03-01,1967,3,Aluminum,Metals,($/mt),540.0,0.0,0.0,0.0,8.87,0.0
1967-04-01,1967,4,Aluminum,Metals,($/mt),540.0,0.0,0.0,0.0,8.87,0.0
1967-05-01,1967,5,Aluminum,Metals,($/mt),540.0,0.0,0.0,0.0,8.87,0.0
1967-06-01,1967,6,Aluminum,Metals,($/mt),540.0,0.0,0.0,0.0,8.87,0.0
1967-07-01,1967,7,Aluminum,Metals,($/mt),540.0,0.0,0.0,0.0,8.87,0.0
1967-08-01,1967,8,Aluminum,Metals,($/mt),540.0,0.0,0.0,0.0,8.87,0.0
1967-09-01,1967,9,Aluminum,Metals,($/mt),540.0,0.0,0.0,0.0,8.87,0.0
1967-10-01,1967,10,Aluminum,Metals,($/mt),540.0,0.0,0.0,0.0,8.87,0.0
1967-11-01,1967,11,Aluminum,Metals,($/mt),540.0,0.0,0.0,0.0,8.87,0.0
1967-12-01,1967,12,Aluminum,Metals,($/mt),540.0,0.0,0.0,0.0,8.87,0.0
1968-01-01,1968,1,Aluminum,Metals,($/mt),540.0,0.0,0.0,0.0,8.87,0.0
1968-02-01,1968,2,Aluminum,Metals,($/mt),540.0,0.0,0.0,0.0,8.87,0.0
1968-03-01,1968,3,Aluminum,Metals,($/mt),540.0,0.0,0.0,0.0,8.87,0.0
1968-04-01,1968,4,Aluminum,Metals,($/mt),540.0,0.0,0.0,0.0,8.87,0.0
1968-05-01,1968,5,Aluminum,Metals,($/mt),540.0,0.0,0.0,0.0,8.87,0.0
1968-06-01,1968,6,Aluminum,Metals,($/mt),562.0,4.07,4.07,4.07,13.31,0.0
1968-07-01,1968,7,Aluminum,Metals,($/mt),562.0,0.0,4.07,4.07,13.31,-0.29
1968-08-01,1968,8,Aluminum,Metals,($/mt),562.0,0.0,4.07,4.07,13.31,-0.29
1968-09-01,1968,9,Aluminum,Metals,($/mt),562.0,0.0,0.0,4.07,13.31,-0.29
1968-10-01,1968,10,Aluminum,Metals,($/mt),562.0,0.0,0.0,4.07,10.85,-0.29
1968-11-01,1968,11,Aluminum,Metals,($/mt),562.0,0.0,0.0,4.07,10.85,-0.29
1968-12-01,1968,12,Aluminum,Metals,($/mt),562.0,0.0,0.0,4.07,10.85,-0.29
1969-01-01,1969,1,Aluminum,Metals,($/mt),573.0,1.96,1.96,6.11,13.02,1.38
1969-02-01,1969,2,Aluminum,Metals,($/mt),584.0,1.92,3.91,8.15,15.19,1.13
1969-03-01,1969,3,Aluminum,Metals,($/mt),584.0,0.0,3.91,8.15,11.24,-0.51
1969-04-01,1969,4,Aluminum,Metals,($/mt),584.0,0.0,1.92,8.15,10.4,-0.51
1969-05-01,1969,5,Aluminum,Metals,($/mt),584.0,0.0,0.0,8.15,10.4,-0.51
1969-06-01,1969,6,Aluminum,Metals,($/mt),584.0,0.0,0.0,3.91,10.4,-0.51
1969-07-01,1969,7,Aluminum,Metals,($/mt),584.0,0.0,0.0,3.91,10.4,-0.43
1969-08-01,1969,8,Aluminum,Metals,($/mt),584.0,0.0,0.0,3.91,10.4,-0.43
1969-09-01,1969,9,Aluminum,Metals,($/mt),584.0,0.0,0.0,3.91,10.4,-0.43
1969-10-01,1969,10,Aluminum,Metals,($/mt),602.0,3.08,3.08,7.12,13.8,3.66
1969-11-01,1969,11,Aluminum,Metals,($/mt),606.0,0.66,3.77,7.83,14.56,0.08
1969-12-01,1969,12,Aluminum,Metals,($/mt),606.0,0.0,3.77,7.83,12.22,-0.59
1970-01-01,1970,1,Aluminum,Metals,($/mt),606.0,0.0,0.66,5.76,12.22,-0.59
1970-02-01,1970,2,Aluminum,Metals,($/mt),606.0,0.0,0.0,3.77,12.22,-0.47
1970-03-01,1970,3,Aluminum,Metals,($/mt),606.0,0.0,0.0,3.77,12.22,-0.35
1970-04-01,1970,4,Aluminum,Metals,($/mt),613.0,1.16,1.16,4.97,13.52,0.94
1970-05-01,1970,5,Aluminum,Metals,($/mt),617.0,0.65,1.82,5.65,14.26,0.27
1970-06-01,1970,6,Aluminum,Metals,($/mt),617.0,0.0,1.82,5.65,14.26,-0.51
1970-07-01,1970,7,Aluminum,Metals,($/mt),617.0,0.0,0.65,5.65,14.26,-0.51
1970-08-01,1970,8,Aluminum,Metals,($/mt),617.0,0.0,0.0,5.65,14.26,-0.51
1970-09-01,1970,9,Aluminum,Metals,($/mt),617.0,0.0,0.0,5.65,14.26,-0.51
1970-10-01,1970,10,Aluminum,Metals,($/mt),617.0,0.0,0.0,2.49,14.26,-0.51
1970-11-01,1970,11,Aluminum,Metals,($/mt),617.0,0.0,0.0,1.82,14.26,-0.53
1970-12-01,1970,12,Aluminum,Metals,($/mt),617.0,0.0,0.0,1.82,14.26,-0.41
1971-01-01,1971,1,Aluminum,Metals,($/mt),617.0,0.0,0.0,1.82,14.26,-0.41
1971-02-01,1971,2,Aluminum,Metals,($/mt),617.0,0.0,0.0,1.82,14.26,-0.41
1971-03-01,1971,3,Aluminum,Metals,($/mt),617.0,0.0,0.0,1.82,14.26,-0.41
1971-04-01,1971,4,Aluminum,Metals,($/mt),617.0,0.0,0.0,0.65,14.26,-0.41
1971-05-01,1971,5,Aluminum,Metals,($/mt),617.0,0.0,0.0,0.0,14.26,-0.29
1971-06-01,1971,6,Aluminum,Metals,($/mt),617.0,0.0,0.0,0.0,14.26,0.0
1971-07-01,1971,7,Aluminum,Metals,($/mt),617.0,0.0,0.0,0.0,14.26,0.0
1971-08-01,1971,8,Aluminum,Metals,($/mt),628.0,1.78,1.78,1.78,16.3,0.0
1971-09-01,1971,9,Aluminum,Metals,($/mt),639.0,1.75,3.57,3.57,18.33,3.11
1971-10-01,1971,10,Aluminum,Metals,($/mt),639.0,0.0,3.57,3.57,18.33,-0.43
1971-11-01,1971,11,Aluminum,Metals,($/mt),642.0,0.47,2.23,4.05,18.89,0.25
1971-12-01,1971,12,Aluminum,Metals,($/mt),666.0,3.74,4.23,7.94,23.33,4.99
1972-01-01,1972,1,Aluminum,Metals,($/mt),670.0,0.6,4.85,8.59,24.07,-0.04
1972-02-01,1972,2,Aluminum,Metals,($/mt),670.0,0.0,4.36,8.59,24.07,-0.6
1972-03-01,1972,3,Aluminum,Metals,($/mt),670.0,0.0,0.6,8.59,24.07,-0.6
1972-04-01,1972,4,Aluminum,Metals,($/mt),670.0,0.0,0.0,8.59,24.07,-0.6
1972-05-01,1972,5,Aluminum,Metals,($/mt),600.0,-10.45,-10.45,-2.76,11.11,-9.54
1972-06-01,1972,6,Aluminum,Metals,($/mt),567.0,-5.5,-15.37,-8.1,5.0,-1.55
1972-07-01,1972,7,Aluminum,Metals,($/mt),538.0,-5.11,-19.7,-12.8,-0.37,-1.19
1972-08-01,1972,8,Aluminum,Metals,($/mt),540.0,0.37,-10.0,-14.01,0.0,0.36
1972-09-01,1972,9,Aluminum,Metals,($/mt),538.0,-0.37,-5.11,-15.81,-0.37,0.21
1972-10-01,1972,10,Aluminum,Metals,($/mt),538.0,0.0,0.0,-15.81,-0.37,0.36
1972-11-01,1972,11,Aluminum,Metals,($/mt),540.0,0.37,0.0,-15.89,0.0,0.45
1972-12-01,1972,12,Aluminum,Metals,($/mt),540.0,0.0,0.37,-18.92,0.0,0.36
1973-01-01,1973,1,Aluminum,Metals,($/mt),542.0,0.37,0.74,-19.1,0.37,0.59
1973-02-01,1973,2,Aluminum,Metals,($/mt),558.0,2.95,3.33,-16.72,3.33,1.34
1973-03-01,1973,3,Aluminum,Metals,($/mt),571.0,2.33,5.74,-14.78,5.74,1.02
1973-04-01,1973,4,Aluminum,Metals,($/mt),571.0,0.0,5.35,-14.78,5.74,0.33
1973-05-01,1973,5,Aluminum,Metals,($/mt),582.0,1.93,4.3,-3.0,7.78,0.83
1973-06-01,1973,6,Aluminum,Metals,($/mt),602.0,3.44,5.43,6.17,7.12,1.41
1973-07-01,1973,7,Aluminum,Metals,($/mt),635.0,5.48,11.21,18.03,12.99,2.26
1973-08-01,1973,8,Aluminum,Metals,($/mt),619.0,-2.52,6.36,14.63,10.14,-2.15
1973-09-01,1973,9,Aluminum,Metals,($/mt),604.0,-2.42,0.33,12.27,7.47,-1.68
1973-10-01,1973,10,Aluminum,Metals,($/mt),622.0,2.98,-2.05,15.61,10.68,0.85
1973-11-01,1973,11,Aluminum,Metals,($/mt),650.0,4.5,5.01,20.37,15.66,1.37
1973-12-01,1973,12,Aluminum,Metals,($/mt),633.0,-2.62,4.8,17.22,12.63,-1.65
1974-01-01,1974,1,Aluminum,Metals,($/mt),604.0,-4.58,-2.89,11.44,5.41,-2.13
1974-02-01,1974,2,Aluminum,Metals,($/mt),619.0,2.48,-4.77,10.93,5.99,0.47
1974-03-01,1974,3,Aluminum,Metals,($/mt),688.0,11.15,8.69,20.49,17.81,3.15
1974-04-01,1974,4,Aluminum,Metals,($/mt),752.0,9.3,24.5,31.7,28.77,1.74
1974-05-01,1974,5,Aluminum,Metals,($/mt),765.0,1.73,23.59,31.44,30.99,-0.14
1974-06-01,1974,6,Aluminum,Metals,($/mt),756.0,-1.18,9.88,25.58,29.45,-0.74
1974-07-01,1974,7,Aluminum,Metals,($/mt),761.0,0.66,1.2,19.84,30.31,-0.27
1974-08-01,1974,8,Aluminum,Metals,($/mt),849.0,11.56,10.98,37.16,45.38,2.05
1974-09-01,1974,9,Aluminum,Metals,($/mt),838.0,-1.3,10.85,38.74,43.49,-0.75
1974-10-01,1974,10,Aluminum,Metals,($/mt),844.0,0.72,10.91,35.69,40.2,-0.41
1974-11-01,1974,11,Aluminum,Metals,($/mt),842.0,-0.24,-0.82,29.54,38.94,-0.55
1974-12-01,1974,12,Aluminum,Metals,($/mt),860.0,2.14,2.63,35.86,41.91,-0.03
1975-01-01,1975,1,Aluminum,Metals,($/mt),895.0,4.07,6.04,48.18,47.69,0.26
1975-02-01,1975,2,Aluminum,Metals,($/mt),908.0,1.45,7.84,46.69,49.83,-0.42
1975-03-01,1975,3,Aluminum,Metals,($/mt),917.0,0.99,6.63,33.28,51.32,-0.5
1975-04-01,1975,4,Aluminum,Metals,($/mt),897.0,-2.18,0.22,19.28,46.33,-1.17
1975-05-01,1975,5,Aluminum,Metals,($/mt),904.0,0.78,-0.44,18.17,46.52,-0.21
1975-06-01,1975,6,Aluminum,Metals,($/mt),904.0,0.0,-1.42,19.58,46.52,-0.41
1975-07-01,1975,7,Aluminum,Metals,($/mt),864.0,-4.42,-3.68,13.53,40.03,-1.69
1975-08-01,1975,8,Aluminum,Metals,($/mt),838.0,-3.01,-7.3,-1.3,35.82,-1.05
1975-09-01,1975,9,Aluminum,Metals,($/mt),827.0,-1.31,-8.52,-1.31,34.04,-0.52
1975-10-01,1975,10,Aluminum,Metals,($/mt),816.0,-1.33,-5.56,-3.32,32.25,-0.53
1975-11-01,1975,11,Aluminum,Metals,($/mt),814.0,-0.25,-2.86,-3.33,31.93,0.0
1975-12-01,1975,12,Aluminum,Metals,($/mt),838.0,2.95,1.33,-2.56,35.82,1.36
1976-01-01,1976,1,Aluminum,Metals,($/mt),853.0,1.79,4.53,-4.69,38.25,0.81
1976-02-01,1976,2,Aluminum,Metals,($/mt),851.0,-0.23,4.55,-6.28,37.93,0.07
1976-03-01,1976,3,Aluminum,Metals,($/mt),816.0,-4.11,-2.63,-11.01,32.25,-1.73
1976-04-01,1976,4,Aluminum,Metals,($/mt),820.0,0.49,-3.87,-8.58,32.9,0.64
1976-05-01,1976,5,Aluminum,Metals,($/mt),825.0,0.61,-3.06,-8.74,33.71,0.59
1976-06-01,1976,6,Aluminum,Metals,($/mt),805.0,-2.42,-1.35,-10.95,30.47,-0.75
1976-07-01,1976,7,Aluminum,Metals,($/mt),904.0,12.3,10.24,4.63,46.52,5.82
1976-08-01,1976,8,Aluminum,Metals,($/mt),939.0,3.87,13.82,12.05,49.52,0.81
1976-09-01,1976,9,Aluminum,Metals,($/mt),996.0,6.07,23.73,20.44,55.87,1.21
1976-10-01,1976,10,Aluminum,Metals,($/mt),948.0,-4.82,4.87,16.18,48.36,-1.49
1976-11-01,1976,11,Aluminum,Metals,($/mt),948.0,0.0,0.96,16.46,47.66,-0.29
1976-12-01,1976,12,Aluminum,Metals,($/mt),974.0,2.74,-2.21,16.23,46.25,0.29
1977-01-01,1977,1,Aluminum,Metals,($/mt),1058.0,8.62,11.6,24.03,57.91,1.56
1977-02-01,1977,2,Aluminum,Metals,($/mt),1078.0,1.89,13.71,26.67,60.9,-0.01
1977-03-01,1977,3,Aluminum,Metals,($/mt),1082.0,0.37,11.09,32.6,61.49,-0.34
1977-04-01,1977,4,Aluminum,Metals,($/mt),1082.0,0.0,2.27,31.95,61.49,-0.53
1977-05-01,1977,5,Aluminum,Metals,($/mt),1082.0,0.0,0.37,31.15,80.33,-0.51
1977-06-01,1977,6,Aluminum,Metals,($/mt),1102.0,1.85,1.85,36.89,94.36,-0.11
1977-07-01,1977,7,Aluminum,Metals,($/mt),1171.0,6.26,8.23,29.54,117.66,0.78
1977-08-01,1977,8,Aluminum,Metals,($/mt),1184.0,1.11,9.43,26.09,119.26,-0.31
1977-09-01,1977,9,Aluminum,Metals,($/mt),1184.0,0.0,7.44,18.88,120.07,-0.56
1977-10-01,1977,10,Aluminum,Metals,($/mt),1204.0,1.69,2.82,27.0,123.79,0.06
1977-11-01,1977,11,Aluminum,Metals,($/mt),1237.0,2.74,4.48,30.49,129.07,0.25
1977-12-01,1977,12,Aluminum,Metals,($/mt),1261.0,1.94,6.5,29.47,133.52,-0.13
1978-01-01,1978,1,Aluminum,Metals,($/mt),1316.0,4.36,9.3,24.39,142.8,0.81
1978-02-01,1978,2,Aluminum,Metals,($/mt),1321.0,0.38,6.79,22.54,136.74,-0.78
1978-03-01,1978,3,Aluminum,Metals,($/mt),1299.0,-1.67,3.01,20.06,127.5,-1.74
1978-04-01,1978,4,Aluminum,Metals,($/mt),1259.0,-3.08,-4.33,16.36,120.49,-2.15
1978-05-01,1978,5,Aluminum,Metals,($/mt),1237.0,-1.75,-6.36,14.33,112.54,-1.21
1978-06-01,1978,6,Aluminum,Metals,($/mt),1248.0,0.89,-3.93,13.25,107.31,-0.1
1978-07-01,1978,7,Aluminum,Metals,($/mt),1290.0,3.37,2.46,10.16,103.15,0.87
1978-08-01,1978,8,Aluminum,Metals,($/mt),1321.0,2.4,6.79,11.57,113.41,0.71
1978-09-01,1978,9,Aluminum,Metals,($/mt),1382.0,4.62,10.74,16.72,128.81,1.63
1978-10-01,1978,10,Aluminum,Metals,($/mt),1425.0,3.11,10.47,18.36,129.1,0.73
1978-11-01,1978,11,Aluminum,Metals,($/mt),1394.0,-2.18,5.53,12.69,114.46,-1.44
1978-12-01,1978,12,Aluminum,Metals,($/mt),1409.0,1.08,1.95,11.74,122.59,0.02
1979-01-01,1979,1,Aluminum,Metals,($/mt),1265.0,-10.22,-11.23,-3.88,109.44,-4.19
1979-02-01,1979,2,Aluminum,Metals,($/mt),1442.0,13.99,3.44,9.16,132.96,3.58
1979-03-01,1979,3,Aluminum,Metals,($/mt),1542.0,6.93,9.44,18.71,124.13,1.06
1979-04-01,1979,4,Aluminum,Metals,($/mt),1569.0,1.75,24.03,24.62,108.64,0.03
1979-05-01,1979,5,Aluminum,Metals,($/mt),1576.0,0.45,9.29,27.41,106.01,-0.27
1979-06-01,1979,6,Aluminum,Metals,($/mt),1597.0,1.33,3.57,27.96,111.24,-0.15
1979-07-01,1979,7,Aluminum,Metals,($/mt),1534.0,-3.94,-2.23,18.91,101.58,-1.1
1979-08-01,1979,8,Aluminum,Metals,($/mt),1562.0,1.83,-0.89,18.24,83.98,0.04
1979-09-01,1979,9,Aluminum,Metals,($/mt),1616.0,3.46,1.19,16.93,92.84,0.32
1979-10-01,1979,10,Aluminum,Metals,($/mt),1786.0,10.52,16.43,25.33,111.61,1.55
1979-11-01,1979,11,Aluminum,Metals,($/mt),1833.0,2.63,17.35,31.49,117.7,0.09
1979-12-01,1979,12,Aluminum,Metals,($/mt),1913.0,4.36,18.38,35.77,122.44,0.3
1980-01-01,1980,1,Aluminum,Metals,($/mt),2055.0,7.42,15.06,62.45,129.61,0.75
1980-02-01,1980,2,Aluminum,Metals,($/mt),2131.0,3.7,16.26,47.78,134.69,-0.11
1980-03-01,1980,3,Aluminum,Metals,($/mt),1978.0,-7.18,3.4,28.27,115.7,-2.83
1980-04-01,1980,4,Aluminum,Metals,($/mt),1932.0,-2.33,-5.99,23.14,115.38,-0.98
1980-05-01,1980,5,Aluminum,Metals,($/mt),1776.0,-8.07,-16.66,12.69,96.46,-2.07
1980-06-01,1980,6,Aluminum,Metals,($/mt),1669.0,-6.02,-15.62,4.51,84.62,-1.28
1980-07-01,1980,7,Aluminum,Metals,($/mt),1758.0,5.33,-9.01,14.6,103.47,0.81
1980-08-01,1980,8,Aluminum,Metals,($/mt),1784.0,1.48,0.45,14.21,112.89,0.03
1980-09-01,1980,9,Aluminum,Metals,($/mt),1655.0,-7.23,-0.84,2.41,100.12,-1.43
1980-10-01,1980,10,Aluminum,Metals,($/mt),1626.0,-1.75,-7.51,-8.96,99.26,-0.34
1980-11-01,1980,11,Aluminum,Metals,($/mt),1504.0,-7.5,-15.7,-17.95,84.77,-1.25
1980-12-01,1980,12,Aluminum,Metals,($/mt),1431.0,-4.85,-13.53,-25.2,70.76,-0.59
1981-01-01,1981,1,Aluminum,Metals,($/mt),1431.0,0.0,-11.99,-30.36,67.76,0.41
1981-02-01,1981,2,Aluminum,Metals,($/mt),1452.0,1.47,-3.46,-31.86,70.62,0.93
1981-03-01,1981,3,Aluminum,Metals,($/mt),1443.0,-0.62,0.84,-27.05,76.84,0.55
1981-04-01,1981,4,Aluminum,Metals,($/mt),1369.0,-5.13,-4.33,-29.14,66.95,-0.61
1981-05-01,1981,5,Aluminum,Metals,($/mt),1297.0,-5.26,-10.67,-26.97,57.21,-0.58
1981-06-01,1981,6,Aluminum,Metals,($/mt),1232.0,-5.01,-14.62,-26.18,53.04,-0.61
1981-07-01,1981,7,Aluminum,Metals,($/mt),1175.0,-4.63,-14.17,-33.16,29.98,-0.55
1981-08-01,1981,8,Aluminum,Metals,($/mt),1231.0,4.77,-5.09,-31.0,31.1,2.5
1981-09-01,1981,9,Aluminum,Metals,($/mt),1169.0,-5.04,-5.11,-29.37,17.37,-0.55
1981-10-01,1981,10,Aluminum,Metals,($/mt),1140.0,-2.48,-2.98,-29.89,20.25,0.09
1981-11-01,1981,11,Aluminum,Metals,($/mt),1082.0,-5.09,-12.1,-28.06,14.14,-0.63
1981-12-01,1981,12,Aluminum,Metals,($/mt),1131.0,4.53,-3.25,-20.96,16.12,2.16
1982-01-01,1982,1,Aluminum,Metals,($/mt),1113.0,-1.59,-2.37,-22.22,5.2,0.07
1982-02-01,1982,2,Aluminum,Metals,($/mt),1088.0,-2.25,0.55,-25.07,0.93,-0.06
1982-03-01,1982,3,Aluminum,Metals,($/mt),1029.0,-5.42,-9.02,-28.69,-4.9,-0.86
1982-04-01,1982,4,Aluminum,Metals,($/mt),996.0,-3.21,-10.51,-27.25,-7.95,-0.13
1982-05-01,1982,5,Aluminum,Metals,($/mt),973.0,-2.31,-10.57,-24.98,-10.07,0.07
1982-06-01,1982,6,Aluminum,Metals,($/mt),919.0,-5.55,-10.69,-25.41,-16.61,-0.92
1982-07-01,1982,7,Aluminum,Metals,($/mt),958.0,4.24,-3.82,-18.47,-18.19,1.86
1982-08-01,1982,8,Aluminum,Metals,($/mt),959.0,0.1,-1.44,-22.1,-19.0,0.44
1982-09-01,1982,9,Aluminum,Metals,($/mt),960.0,0.1,4.46,-17.88,-18.92,0.61
1982-10-01,1982,10,Aluminum,Metals,($/mt),952.0,-0.83,-0.63,-16.49,-20.93,0.22
1982-11-01,1982,11,Aluminum,Metals,($/mt),965.0,1.37,0.63,-10.81,-21.99,0.84
1982-12-01,1982,12,Aluminum,Metals,($/mt),987.0,2.28,2.81,-12.73,-21.73,0.98
1983-01-01,1983,1,Aluminum,Metals,($/mt),1077.0,9.12,13.13,-3.23,-18.16,3.47
1983-02-01,1983,2,Aluminum,Metals,($/mt),1230.0,14.21,27.46,13.05,-6.89,3.47
1983-03-01,1983,3,Aluminum,Metals,($/mt),1302.0,5.85,31.91,26.53,0.23,0.81
1983-04-01,1983,4,Aluminum,Metals,($/mt),1364.0,4.76,26.65,36.95,8.34,0.48
1983-05-01,1983,5,Aluminum,Metals,($/mt),1453.0,6.52,18.13,49.33,17.46,0.7
1983-06-01,1983,6,Aluminum,Metals,($/mt),1466.0,0.89,12.6,59.52,17.47,-0.51
1983-07-01,1983,7,Aluminum,Metals,($/mt),1520.0,3.68,11.44,58.66,17.83,-0.08
1983-08-01,1983,8,Aluminum,Metals,($/mt),1604.0,5.53,10.39,67.26,21.42,0.34
1983-09-01,1983,9,Aluminum,Metals,($/mt),1614.0,0.62,10.1,68.12,16.79,-0.9
1983-10-01,1983,10,Aluminum,Metals,($/mt),1566.0,-2.97,3.03,64.5,9.89,-1.78
1983-11-01,1983,11,Aluminum,Metals,($/mt),1517.0,-3.13,-5.42,57.2,8.82,-1.66
1983-12-01,1983,12,Aluminum,Metals,($/mt),1549.0,2.11,-4.03,56.94,9.94,-0.37
1984-01-01,1984,1,Aluminum,Metals,($/mt),1549.0,0.0,-1.09,43.83,22.45,-0.8
1984-02-01,1984,2,Aluminum,Metals,($/mt),1491.0,-3.74,-1.71,21.22,3.4,-1.45
1984-03-01,1984,3,Aluminum,Metals,($/mt),1456.0,-2.35,-6.0,11.83,-5.58,-1.1
1984-04-01,1984,4,Aluminum,Metals,($/mt),1370.0,-5.91,-11.56,0.44,-12.68,-1.93
1984-05-01,1984,5,Aluminum,Metals,($/mt),1289.0,-5.91,-13.55,-11.29,-18.21,-1.55
1984-06-01,1984,6,Aluminum,Metals,($/mt),1275.0,-1.09,-12.43,-13.03,-20.16,-0.04
1984-07-01,1984,7,Aluminum,Metals,($/mt),1163.0,-8.78,-15.11,-23.49,-24.19,-2.13
1984-08-01,1984,8,Aluminum,Metals,($/mt),1136.0,-2.32,-11.87,-29.18,-27.27,-0.05
1984-09-01,1984,9,Aluminum,Metals,($/mt),1012.0,-10.92,-20.63,-37.3,-37.38,-2.65
1984-10-01,1984,10,Aluminum,Metals,($/mt),1028.0,1.58,-11.61,-34.36,-42.44,1.46
1984-11-01,1984,11,Aluminum,Metals,($/mt),1152.0,12.06,1.41,-24.06,-37.15,3.9
1984-12-01,1984,12,Aluminum,Metals,($/mt),1095.0,-4.95,8.2,-29.31,-42.76,-0.48
1985-01-01,1985,1,Aluminum,Metals,($/mt),1075.0,-1.83,4.57,-30.6,-47.69,0.15
1985-02-01,1985,2,Aluminum,Metals,($/mt),1098.0,2.14,-4.69,-26.36,-48.47,0.86
1985-03-01,1985,3,Aluminum,Metals,($/mt),1095.0,-0.27,0.0,-24.79,-44.64,0.35
1985-04-01,1985,4,Aluminum,Metals,($/mt),1106.0,1.0,2.88,-19.27,-42.75,0.53
1985-05-01,1985,5,Aluminum,Metals,($/mt),1105.0,-0.09,0.64,-14.27,-37.78,0.26
1985-06-01,1985,6,Aluminum,Metals,($/mt),1032.0,-6.61,-5.75,-19.06,-38.17,-0.95
1985-07-01,1985,7,Aluminum,Metals,($/mt),1012.0,-1.94,-8.5,-12.98,-42.43,-0.06
1985-08-01,1985,8,Aluminum,Metals,($/mt),1019.0,0.69,-7.78,-10.3,-42.88,0.31
1985-09-01,1985,9,Aluminum,Metals,($/mt),985.0,-3.34,-4.55,-2.67,-40.48,-0.46
1985-10-01,1985,10,Aluminum,Metals,($/mt),971.0,-1.42,-4.05,-5.54,-40.28,-0.28
1985-11-01,1985,11,Aluminum,Metals,($/mt),950.0,-2.16,-6.77,-17.53,-36.84,-0.38
1985-12-01,1985,12,Aluminum,Metals,($/mt),1039.0,9.37,5.48,-5.11,-27.39,4.34
1986-01-01,1986,1,Aluminum,Metals,($/mt),1119.0,7.7,15.24,4.09,-21.8,2.11
1986-02-01,1986,2,Aluminum,Metals,($/mt),1115.0,-0.36,17.37,1.55,-23.21,-0.18
1986-03-01,1986,3,Aluminum,Metals,($/mt),1168.0,4.75,12.42,6.67,-19.06,1.03
1986-04-01,1986,4,Aluminum,Metals,($/mt),1164.0,-0.34,4.02,5.24,-14.97,-0.21
1986-05-01,1986,5,Aluminum,Metals,($/mt),1164.0,0.0,4.39,5.34,-10.25,-0.11
1986-06-01,1986,6,Aluminum,Metals,($/mt),1183.0,1.63,1.28,14.63,-3.98,0.24
1986-07-01,1986,7,Aluminum,Metals,($/mt),1123.0,-5.07,-3.52,10.97,-4.43,-1.57
1986-08-01,1986,8,Aluminum,Metals,($/mt),1129.0,0.53,-3.01,10.79,-8.29,-0.1
1986-09-01,1986,9,Aluminum,Metals,($/mt),1206.0,6.82,1.94,22.44,3.17,1.36
1986-10-01,1986,10,Aluminum,Metals,($/mt),1162.0,-3.65,3.47,19.67,1.93,-1.23
1986-11-01,1986,11,Aluminum,Metals,($/mt),1132.0,-2.58,0.27,19.16,4.62,-0.91
1986-12-01,1986,12,Aluminum,Metals,($/mt),1133.0,0.09,-6.05,9.05,0.18,-0.32
1987-01-01,1987,1,Aluminum,Metals,($/mt),1171.0,3.35,0.77,4.65,5.21,0.65
1987-02-01,1987,2,Aluminum,Metals,($/mt),1283.0,9.56,13.34,15.07,17.92,2.69
1987-03-01,1987,3,Aluminum,Metals,($/mt),1367.0,6.55,20.65,17.04,32.85,1.24
1987-04-01,1987,4,Aluminum,Metals,($/mt),1401.0,2.49,19.64,20.36,40.66,0.24
1987-05-01,1987,5,Aluminum,Metals,($/mt),1412.0,0.79,10.05,21.31,45.12,-0.19
1987-06-01,1987,6,Aluminum,Metals,($/mt),1472.0,4.25,7.68,24.43,60.17,0.58
1987-07-01,1987,7,Aluminum,Metals,($/mt),1653.0,12.3,17.99,47.2,72.55,2.33
1987-08-01,1987,8,Aluminum,Metals,($/mt),1810.0,9.5,28.19,60.32,88.74,1.28
1987-09-01,1987,9,Aluminum,Metals,($/mt),1746.0,-3.54,18.61,44.78,81.88,-1.53
1987-10-01,1987,10,Aluminum,Metals,($/mt),1963.0,12.43,18.75,68.93,106.2,1.71
1987-11-01,1987,11,Aluminum,Metals,($/mt),1681.0,-14.37,-7.13,48.5,74.2,-3.45
1987-12-01,1987,12,Aluminum,Metals,($/mt),1824.0,8.51,4.47,60.99,84.8,0.65
1988-01-01,1988,1,Aluminum,Metals,($/mt),2002.0,9.76,1.99,70.96,85.89,0.72
1988-02-01,1988,2,Aluminum,Metals,($/mt),2138.0,6.79,27.19,66.64,73.82,0.25
1988-03-01,1988,3,Aluminum,Metals,($/mt),2526.0,18.15,38.49,84.78,94.01,1.77
1988-04-01,1988,4,Aluminum,Metals,($/mt),2508.0,-0.71,25.27,79.01,83.87,-0.74
1988-05-01,1988,5,Aluminum,Metals,($/mt),2988.0,19.14,39.76,111.61,105.64,1.58
1988-06-01,1988,6,Aluminum,Metals,($/mt),3578.0,19.75,41.65,143.07,144.07,1.37
1988-07-01,1988,7,Aluminum,Metals,($/mt),2582.0,-27.84,2.95,56.2,69.87,-3.57
1988-08-01,1988,8,Aluminum,Metals,($/mt),2701.0,4.61,-9.61,49.23,68.39,-0.01
1988-09-01,1988,9,Aluminum,Metals,($/mt),2387.0,-11.63,-33.29,36.71,47.89,-1.12
1988-10-01,1988,10,Aluminum,Metals,($/mt),2309.0,-3.27,-10.57,17.63,47.45,-0.47
1988-11-01,1988,11,Aluminum,Metals,($/mt),2382.0,3.16,-11.81,41.7,57.02,0.05
1988-12-01,1988,12,Aluminum,Metals,($/mt),2503.0,5.08,4.86,37.23,61.59,0.09
1989-01-01,1989,1,Aluminum,Metals,($/mt),2398.0,-4.19,3.85,19.78,54.81,-0.57
1989-02-01,1989,2,Aluminum,Metals,($/mt),2183.0,-8.97,-8.35,2.1,46.41,-0.83
1989-03-01,1989,3,Aluminum,Metals,($/mt),2074.0,-4.99,-17.14,-17.89,42.45,-0.44
1989-04-01,1989,4,Aluminum,Metals,($/mt),2126.0,2.51,-11.34,-15.23,55.18,0.26
1989-05-01,1989,5,Aluminum,Metals,($/mt),2259.0,6.26,3.48,-24.4,75.25,0.52
1989-06-01,1989,6,Aluminum,Metals,($/mt),1914.0,-15.27,-7.71,-46.51,50.12,-1.17
1989-07-01,1989,7,Aluminum,Metals,($/mt),1756.0,-8.25,-17.4,-31.99,50.99,-0.37
1989-08-01,1989,8,Aluminum,Metals,($/mt),1798.0,2.39,-20.41,-33.43,58.27,0.74
1989-09-01,1989,9,Aluminum,Metals,($/mt),1718.0,-4.45,-10.24,-28.03,69.76,-0.19
1989-10-01,1989,10,Aluminum,Metals,($/mt),1820.0,5.94,3.64,-21.18,77.04,1.3
1989-11-01,1989,11,Aluminum,Metals,($/mt),1736.0,-4.62,-3.45,-27.12,50.69,-0.42
1989-12-01,1989,12,Aluminum,Metals,($/mt),1633.0,-5.93,-4.95,-34.76,49.13,-0.52
1990-01-01,1990,1,Aluminum,Metals,($/mt),1528.0,-6.43,-16.04,-36.28,42.14,-0.49
1990-02-01,1990,2,Aluminum,Metals,($/mt),1454.0,-4.84,-16.24,-33.39,32.42,-0.21
1990-03-01,1990,3,Aluminum,Metals,($/mt),1567.0,7.77,-4.04,-24.45,43.11,1.73
1990-04-01,1990,4,Aluminum,Metals,($/mt),1526.0,-2.62,-0.13,-28.22,37.97,-0.08
1990-05-01,1990,5,Aluminum,Metals,($/mt),1527.0,0.07,5.02,-32.4,38.19,0.38
1990-06-01,1990,6,Aluminum,Metals,($/mt),1566.0,2.55,-0.06,-18.18,51.74,0.88
1990-07-01,1990,7,Aluminum,Metals,($/mt),1571.0,0.32,2.95,-10.54,55.24,0.36
1990-08-01,1990,8,Aluminum,Metals,($/mt),1782.0,13.43,16.7,-0.89,74.88,3.0
1990-09-01,1990,9,Aluminum,Metals,($/mt),2067.0,15.99,31.99,20.31,109.85,2.54
1990-10-01,1990,10,Aluminum,Metals,($/mt),1946.0,-5.85,23.87,6.92,100.41,-1.01
1990-11-01,1990,11,Aluminum,Metals,($/mt),1618.0,-16.86,-9.2,-6.8,70.32,-2.29
1990-12-01,1990,12,Aluminum,Metals,($/mt),1522.0,-5.93,-26.37,-6.8,46.49,-0.62
1991-01-01,1991,1,Aluminum,Metals,($/mt),1515.0,-0.46,-22.15,-0.85,35.39,-0.03
1991-02-01,1991,2,Aluminum,Metals,($/mt),1505.0,-0.66,-6.98,3.51,34.98,-0.11
1991-03-01,1991,3,Aluminum,Metals,($/mt),1496.0,-0.6,-1.71,-4.53,28.08,-0.14
1991-04-01,1991,4,Aluminum,Metals,($/mt),1392.0,-6.95,-8.12,-8.78,19.59,-0.81
1991-05-01,1991,5,Aluminum,Metals,($/mt),1296.0,-6.9,-13.89,-15.13,11.34,-0.74
1991-06-01,1991,6,Aluminum,Metals,($/mt),1275.0,-1.62,-14.77,-18.58,7.78,-0.07
1991-07-01,1991,7,Aluminum,Metals,($/mt),1297.0,1.73,-6.82,-17.44,15.49,0.35
1991-08-01,1991,8,Aluminum,Metals,($/mt),1256.0,-3.16,-3.09,-29.52,11.25,-0.22
1991-09-01,1991,9,Aluminum,Metals,($/mt),1212.0,-3.5,-4.94,-41.36,0.5,-0.12
1991-10-01,1991,10,Aluminum,Metals,($/mt),1150.0,-5.12,-11.33,-40.9,-1.03,-0.18
1991-11-01,1991,11,Aluminum,Metals,($/mt),1135.0,-1.3,-9.63,-29.85,0.27,0.59
1991-12-01,1991,12,Aluminum,Metals,($/mt),1098.0,-3.26,-9.41,-27.86,-3.09,-0.14
1992-01-01,1992,1,Aluminum,Metals,($/mt),1177.0,7.19,2.35,-22.31,0.51,3.67
1992-02-01,1992,2,Aluminum,Metals,($/mt),1267.0,7.65,11.63,-15.81,-1.25,2.48
1992-03-01,1992,3,Aluminum,Metals,($/mt),1280.0,1.03,16.58,-14.44,-6.36,0.49
1992-04-01,1992,4,Aluminum,Metals,($/mt),1317.0,2.89,11.89,-5.39,-6.0,0.84
1992-05-01,1992,5,Aluminum,Metals,($/mt),1307.0,-0.76,3.16,0.85,-7.44,-0.09
1992-06-01,1992,6,Aluminum,Metals,($/mt),1276.0,-2.37,-0.31,0.08,-13.32,-0.61
1992-07-01,1992,7,Aluminum,Metals,($/mt),1313.0,2.9,-0.3,1.23,-20.57,0.68
1992-08-01,1992,8,Aluminum,Metals,($/mt),1305.0,-0.61,-0.15,3.9,-27.9,-0.19
1992-09-01,1992,9,Aluminum,Metals,($/mt),1270.0,-2.68,-0.47,4.79,-27.26,-0.75
1992-10-01,1992,10,Aluminum,Metals,($/mt),1174.0,-7.56,-10.59,2.09,-40.19,-2.0
1992-11-01,1992,11,Aluminum,Metals,($/mt),1159.0,-1.28,-11.19,2.11,-31.05,-0.35
1992-12-01,1992,12,Aluminum,Metals,($/mt),1207.0,4.14,-4.96,9.93,-33.83,0.89
1993-01-01,1993,1,Aluminum,Metals,($/mt),1207.0,0.0,2.81,2.55,-39.71,-0.2
1993-02-01,1993,2,Aluminum,Metals,($/mt),1202.0,-0.41,3.71,-5.13,-43.78,-0.18
1993-03-01,1993,3,Aluminum,Metals,($/mt),1151.0,-4.24,-4.64,-10.08,-54.43,-1.24
1993-04-01,1993,4,Aluminum,Metals,($/mt),1109.0,-3.65,-8.12,-15.79,-55.78,-0.87
1993-05-01,1993,5,Aluminum,Metals,($/mt),1124.0,1.35,-6.49,-14.0,-62.38,0.88
1993-06-01,1993,6,Aluminum,Metals,($/mt),1165.0,3.65,1.22,-8.7,-67.44,1.51
1993-07-01,1993,7,Aluminum,Metals,($/mt),1202.0,3.18,8.39,-8.45,-53.45,1.12
1993-08-01,1993,8,Aluminum,Metals,($/mt),1172.0,-2.5,4.27,-10.19,-56.61,-0.52
1993-09-01,1993,9,Aluminum,Metals,($/mt),1115.0,-4.86,-4.29,-12.2,-53.29,-1.14
1993-10-01,1993,10,Aluminum,Metals,($/mt),1087.0,-2.51,-9.57,-7.41,-52.92,-0.4
1993-11-01,1993,11,Aluminum,Metals,($/mt),1040.0,-4.32,-11.26,-10.27,-56.34,-1.19
1993-12-01,1993,12,Aluminum,Metals,($/mt),1094.0,5.19,-1.88,-9.36,-56.29,1.83
1994-01-01,1994,1,Aluminum,Metals,($/mt),1175.0,7.4,8.1,-2.65,-51.0,2.36
1994-02-01,1994,2,Aluminum,Metals,($/mt),1270.0,8.09,22.12,5.66,-41.82,1.96
1994-03-01,1994,3,Aluminum,Metals,($/mt),1289.0,1.5,17.82,11.99,-37.85,0.19
1994-04-01,1994,4,Aluminum,Metals,($/mt),1279.0,-0.78,8.85,15.33,-39.84,-0.4
1994-05-01,1994,5,Aluminum,Metals,($/mt),1323.0,3.44,4.17,17.7,-41.43,0.49
1994-06-01,1994,6,Aluminum,Metals,($/mt),1401.0,5.9,8.69,20.26,-26.8,1.01
1994-07-01,1994,7,Aluminum,Metals,($/mt),1492.0,6.5,16.65,24.13,-15.03,1.06
1994-08-01,1994,8,Aluminum,Metals,($/mt),1455.0,-2.48,9.98,24.15,-19.08,-0.92
1994-09-01,1994,9,Aluminum,Metals,($/mt),1569.0,7.84,11.99,40.72,-8.67,1.24
1994-10-01,1994,10,Aluminum,Metals,($/mt),1698.0,8.22,13.81,56.21,-6.7,1.16
1994-11-01,1994,11,Aluminum,Metals,($/mt),1893.0,11.48,30.1,82.02,9.04,1.73
1994-12-01,1994,12,Aluminum,Metals,($/mt),1878.0,-0.79,19.69,71.66,15.0,-1.47
1995-01-01,1995,1,Aluminum,Metals,($/mt),2061.0,9.74,21.38,75.4,34.88,1.14
1995-02-01,1995,2,Aluminum,Metals,($/mt),1916.0,-7.04,1.22,50.87,31.77,-2.59
1995-03-01,1995,3,Aluminum,Metals,($/mt),1805.0,-5.79,-3.89,40.03,15.19,-1.68
1995-04-01,1995,4,Aluminum,Metals,($/mt),1849.0,2.44,-10.29,44.57,21.17,-0.09
1995-05-01,1995,5,Aluminum,Metals,($/mt),1763.0,-4.65,-7.99,33.26,15.46,-1.3
1995-06-01,1995,6,Aluminum,Metals,($/mt),1780.0,0.96,-1.39,27.05,13.67,-0.25
1995-07-01,1995,7,Aluminum,Metals,($/mt),1860.0,4.49,0.59,24.66,18.4,0.36
1995-08-01,1995,8,Aluminum,Metals,($/mt),1888.0,1.51,7.09,29.76,5.95,-0.08
1995-09-01,1995,9,Aluminum,Metals,($/mt),1761.0,-6.73,-1.07,12.24,-14.8,-1.47
1995-10-01,1995,10,Aluminum,Metals,($/mt),1674.0,-4.94,-10.0,-1.41,-13.98,-0.94
1995-11-01,1995,11,Aluminum,Metals,($/mt),1654.0,-1.19,-12.39,-12.63,2.22,-0.2
1995-12-01,1995,12,Aluminum,Metals,($/mt),1657.0,0.18,-5.91,-11.77,8.87,0.23
1996-01-01,1996,1,Aluminum,Metals,($/mt),1589.0,-4.1,-5.08,-22.9,4.88,-0.62
1996-02-01,1996,2,Aluminum,Metals,($/mt),1592.0,0.19,-3.75,-16.91,5.78,0.57
1996-03-01,1996,3,Aluminum,Metals,($/mt),1612.0,1.26,-2.72,-10.69,7.75,0.75
1996-04-01,1996,4,Aluminum,Metals,($/mt),1587.0,-1.55,-0.13,-14.17,14.01,-0.19
1996-05-01,1996,5,Aluminum,Metals,($/mt),1589.0,0.13,-0.19,-9.87,22.61,0.41
1996-06-01,1996,6,Aluminum,Metals,($/mt),1482.0,-6.73,-8.06,-16.74,16.24,-1.89
1996-07-01,1996,7,Aluminum,Metals,($/mt),1459.0,-1.55,-8.07,-21.56,12.49,-0.03
1996-08-01,1996,8,Aluminum,Metals,($/mt),1463.0,0.27,-7.93,-22.51,16.48,0.76
1996-09-01,1996,9,Aluminum,Metals,($/mt),1407.0,-3.83,-5.06,-20.1,16.09,-0.62
1996-10-01,1996,10,Aluminum,Metals,($/mt),1336.0,-5.05,-8.43,-20.19,16.17,-1.28
1996-11-01,1996,11,Aluminum,Metals,($/mt),1450.0,8.53,-0.89,-12.33,27.75,4.11
1996-12-01,1996,12,Aluminum,Metals,($/mt),1500.0,3.45,6.61,-9.47,36.61,1.14
1997-01-01,1997,1,Aluminum,Metals,($/mt),1576.0,5.07,17.96,-0.82,33.9,1.41
1997-02-01,1997,2,Aluminum,Metals,($/mt),1580.0,0.25,8.97,-0.75,24.7,0.06
1997-03-01,1997,3,Aluminum,Metals,($/mt),1632.0,3.29,8.8,1.24,27.5,0.76
1997-04-01,1997,4,Aluminum,Metals,($/mt),1561.0,-4.35,-0.95,-1.64,18.53,-1.04
1997-05-01,1997,5,Aluminum,Metals,($/mt),1625.0,4.1,2.85,2.27,24.33,0.91
1997-06-01,1997,6,Aluminum,Metals,($/mt),1568.0,-3.51,-3.92,5.8,22.88,-0.81
1997-07-01,1997,7,Aluminum,Metals,($/mt),1592.0,1.53,1.99,9.12,21.25,0.22
1997-08-01,1997,8,Aluminum,Metals,($/mt),1711.0,7.47,5.29,16.95,31.11,1.55
1997-09-01,1997,9,Aluminum,Metals,($/mt),1611.0,-5.84,2.74,14.5,26.85,-1.54
1997-10-01,1997,10,Aluminum,Metals,($/mt),1608.0,-0.19,1.01,20.36,36.97,-0.29
1997-11-01,1997,11,Aluminum,Metals,($/mt),1599.0,-0.56,-6.55,10.28,37.96,-0.48
1997-12-01,1997,12,Aluminum,Metals,($/mt),1531.0,-4.25,-4.97,2.07,26.84,-1.27
1998-01-01,1998,1,Aluminum,Metals,($/mt),1486.0,-2.94,-7.59,-5.71,23.12,-0.76
1998-02-01,1998,2,Aluminum,Metals,($/mt),1466.0,-1.35,-8.32,-7.22,21.96,-0.23
1998-03-01,1998,3,Aluminum,Metals,($/mt),1438.0,-1.91,-6.07,-11.89,24.93,-0.34
1998-04-01,1998,4,Aluminum,Metals,($/mt),1418.0,-1.39,-4.58,-9.16,27.86,-0.11
1998-05-01,1998,5,Aluminum,Metals,($/mt),1365.0,-3.74,-6.89,-16.0,21.44,-0.81
1998-06-01,1998,6,Aluminum,Metals,($/mt),1307.0,-4.25,-9.11,-16.65,12.19,-0.83
1998-07-01,1998,7,Aluminum,Metals,($/mt),1309.0,0.15,-7.69,-17.78,8.9,0.46
1998-08-01,1998,8,Aluminum,Metals,($/mt),1311.0,0.15,-3.96,-23.38,11.86,0.51
1998-09-01,1998,9,Aluminum,Metals,($/mt),1342.0,2.36,2.68,-16.7,20.36,2.27
1998-10-01,1998,10,Aluminum,Metals,($/mt),1304.0,-2.83,-0.38,-18.91,19.96,-0.66
1998-11-01,1998,11,Aluminum,Metals,($/mt),1295.0,-0.69,-1.22,-19.01,24.52,0.51
1998-12-01,1998,12,Aluminum,Metals,($/mt),1249.0,-3.55,-6.93,-18.42,14.17,-0.91
1999-01-01,1999,1,Aluminum,Metals,($/mt),1218.0,-2.48,-6.6,-18.03,3.66,-0.42
1999-02-01,1999,2,Aluminum,Metals,($/mt),1187.0,-2.55,-8.34,-19.03,-6.54,-0.48
1999-03-01,1999,3,Aluminum,Metals,($/mt),1182.0,-0.42,-5.36,-17.8,-8.3,0.67
1999-04-01,1999,4,Aluminum,Metals,($/mt),1278.0,8.12,4.93,-9.87,-0.08,4.93
1999-05-01,1999,5,Aluminum,Metals,($/mt),1323.0,3.52,11.46,-3.08,0.0,1.26
1999-06-01,1999,6,Aluminum,Metals,($/mt),1315.0,-0.6,11.25,0.61,-6.14,-0.11
1999-07-01,1999,7,Aluminum,Metals,($/mt),1404.0,6.77,9.86,7.26,-5.9,2.03
1999-08-01,1999,8,Aluminum,Metals,($/mt),1431.0,1.92,8.16,9.15,-1.65,0.33
1999-09-01,1999,9,Aluminum,Metals,($/mt),1492.0,4.26,13.46,11.18,-4.91,0.91
1999-10-01,1999,10,Aluminum,Metals,($/mt),1474.0,-1.21,4.99,13.04,-13.19,-0.55
1999-11-01,1999,11,Aluminum,Metals,($/mt),1473.0,-0.07,2.94,13.75,-22.19,-0.3
1999-12-01,1999,12,Aluminum,Metals,($/mt),1554.0,5.5,4.16,24.42,-17.25,1.15
2000-01-01,2000,1,Aluminum,Metals,($/mt),1680.0,8.11,13.98,37.93,-18.49,1.69
2000-02-01,2000,2,Aluminum,Metals,($/mt),1670.0,-0.6,13.37,40.69,-12.84,-0.89
2000-03-01,2000,3,Aluminum,Metals,($/mt),1577.0,-5.57,1.48,33.42,-12.63,-2.38
2000-04-01,2000,4,Aluminum,Metals,($/mt),1457.0,-7.61,-13.27,14.01,-21.2,-2.38
2000-05-01,2000,5,Aluminum,Metals,($/mt),1467.0,0.69,-12.16,10.88,-16.79,-0.11
2000-06-01,2000,6,Aluminum,Metals,($/mt),1506.0,2.66,-4.5,14.52,-15.39,0.36
2000-07-01,2000,7,Aluminum,Metals,($/mt),1564.0,3.85,7.34,11.4,-15.91,0.56
2000-08-01,2000,8,Aluminum,Metals,($/mt),1528.0,-2.3,4.16,6.78,-19.07,-0.74
2000-09-01,2000,9,Aluminum,Metals,($/mt),1601.0,4.78,6.31,7.31,-9.09,0.91
2000-10-01,2000,10,Aluminum,Metals,($/mt),1500.0,-6.31,-4.09,1.76,-10.39,-1.52
2000-11-01,2000,11,Aluminum,Metals,($/mt),1474.0,-1.73,-3.53,0.07,-10.88,-0.4
2000-12-01,2000,12,Aluminum,Metals,($/mt),1565.0,6.17,-2.25,0.71,-5.55,1.2
2001-01-01,2001,1,Aluminum,Metals,($/mt),1616.0,3.26,7.73,-3.81,1.7,0.6
2001-02-01,2001,2,Aluminum,Metals,($/mt),1604.0,-0.74,8.82,-3.95,0.75,-0.11
2001-03-01,2001,3,Aluminum,Metals,($/mt),1509.0,-5.92,-3.58,-4.31,-6.39,-1.24
2001-04-01,2001,4,Aluminum,Metals,($/mt),1497.0,-0.8,-7.36,2.75,-5.67,-0.11
2001-05-01,2001,5,Aluminum,Metals,($/mt),1539.0,2.81,-4.05,4.91,-3.15,0.62
2001-06-01,2001,6,Aluminum,Metals,($/mt),1466.0,-4.74,-2.85,-2.66,-1.08,-1.28
2001-07-01,2001,7,Aluminum,Metals,($/mt),1416.0,-3.41,-5.41,-9.46,-2.95,-0.77
2001-08-01,2001,8,Aluminum,Metals,($/mt),1377.0,-2.75,-10.53,-9.88,-5.88,-0.48
2001-09-01,2001,9,Aluminum,Metals,($/mt),1345.0,-2.32,-8.25,-15.99,-4.41,-0.37
2001-10-01,2001,10,Aluminum,Metals,($/mt),1283.0,-4.61,-9.39,-14.47,-3.97,-0.85
2001-11-01,2001,11,Aluminum,Metals,($/mt),1327.0,3.43,-3.63,-9.97,-8.48,1.28
2001-12-01,2001,12,Aluminum,Metals,($/mt),1345.0,1.36,0.0,-14.06,-10.33,0.56
2002-01-01,2002,1,Aluminum,Metals,($/mt),1369.0,1.78,6.7,-15.28,-13.13,0.91
2002-02-01,2002,2,Aluminum,Metals,($/mt),1369.0,0.0,3.17,-14.65,-13.35,0.42
2002-03-01,2002,3,Aluminum,Metals,($/mt),1405.0,2.63,4.46,-6.89,-13.91,1.23
2002-04-01,2002,4,Aluminum,Metals,($/mt),1370.0,-2.49,0.07,-8.48,-12.24,-0.65
2002-05-01,2002,5,Aluminum,Metals,($/mt),1343.0,-1.97,-1.9,-12.74,-17.35,-0.42
2002-06-01,2002,6,Aluminum,Metals,($/mt),1354.0,0.82,-3.63,-7.64,-13.65,0.68
2002-07-01,2002,7,Aluminum,Metals,($/mt),1338.0,-1.18,-2.34,-5.51,-15.95,-0.21
2002-08-01,2002,8,Aluminum,Metals,($/mt),1292.0,-3.44,-3.8,-6.17,-24.49,-1.21
2002-09-01,2002,9,Aluminum,Metals,($/mt),1301.0,0.7,-3.91,-3.27,-19.24,0.47
2002-10-01,2002,10,Aluminum,Metals,($/mt),1311.0,0.77,-2.02,2.18,-18.47,0.41
2002-11-01,2002,11,Aluminum,Metals,($/mt),1372.0,4.65,6.19,3.39,-14.2,2.13
2002-12-01,2002,12,Aluminum,Metals,($/mt),1375.0,0.22,5.69,2.23,-10.19,-0.04
2003-01-01,2003,1,Aluminum,Metals,($/mt),1378.0,0.22,5.11,0.66,-7.27,0.0
2003-02-01,2003,2,Aluminum,Metals,($/mt),1422.0,3.19,3.64,3.87,-3.0,1.41
2003-03-01,2003,3,Aluminum,Metals,($/mt),1389.0,-2.32,1.02,-1.14,-3.41,-1.12
2003-04-01,2003,4,Aluminum,Metals,($/mt),1332.0,-4.1,-3.34,-2.77,-6.06,-1.69
2003-05-01,2003,5,Aluminum,Metals,($/mt),1398.0,4.95,-1.69,4.1,2.42,2.01
2003-06-01,2003,6,Aluminum,Metals,($/mt),1410.0,0.86,1.51,4.14,7.88,0.17
2003-07-01,2003,7,Aluminum,Metals,($/mt),1436.0,1.84,7.81,7.32,9.7,0.51
2003-08-01,2003,8,Aluminum,Metals,($/mt),1456.0,1.39,4.15,12.69,11.06,0.27
2003-09-01,2003,9,Aluminum,Metals,($/mt),1416.0,-2.75,0.43,8.84,5.51,-1.47
2003-10-01,2003,10,Aluminum,Metals,($/mt),1474.0,4.1,2.65,12.43,13.04,1.2
2003-11-01,2003,11,Aluminum,Metals,($/mt),1508.0,2.31,3.57,9.91,16.45,0.43
2003-12-01,2003,12,Aluminum,Metals,($/mt),1555.0,3.12,9.82,13.09,24.5,0.83
2004-01-01,2004,1,Aluminum,Metals,($/mt),1606.0,3.28,8.96,16.55,31.86,0.78
2004-02-01,2004,2,Aluminum,Metals,($/mt),1686.0,4.98,11.8,18.57,42.04,1.26
2004-03-01,2004,3,Aluminum,Metals,($/mt),1656.0,-1.78,6.5,19.22,40.1,-1.07
2004-04-01,2004,4,Aluminum,Metals,($/mt),1730.0,4.47,7.72,29.88,35.37,0.99
2004-05-01,2004,5,Aluminum,Metals,($/mt),1623.0,-6.18,-3.74,16.09,22.68,-3.36
2004-06-01,2004,6,Aluminum,Metals,($/mt),1678.0,3.39,1.33,19.01,27.6,0.63
2004-07-01,2004,7,Aluminum,Metals,($/mt),1709.0,1.85,-1.21,19.01,21.72,0.1
2004-08-01,2004,8,Aluminum,Metals,($/mt),1692.0,-0.99,4.25,16.21,18.24,-0.74
2004-09-01,2004,9,Aluminum,Metals,($/mt),1724.0,1.89,2.74,21.75,15.55,0.17
2004-10-01,2004,10,Aluminum,Metals,($/mt),1820.0,5.57,6.5,23.47,23.47,1.2
2004-11-01,2004,11,Aluminum,Metals,($/mt),1814.0,-0.33,7.21,20.29,23.15,-0.65
2004-12-01,2004,12,Aluminum,Metals,($/mt),1849.0,1.93,7.25,18.91,18.98,0.1
2005-01-01,2005,1,Aluminum,Metals,($/mt),1834.0,-0.81,0.77,14.2,9.17,-0.69
2005-02-01,2005,2,Aluminum,Metals,($/mt),1883.0,2.67,3.8,11.68,12.75,0.45
2005-03-01,2005,3,Aluminum,Metals,($/mt),1980.0,5.15,7.08,19.57,25.55,1.31
2005-04-01,2005,4,Aluminum,Metals,($/mt),1894.0,-4.34,3.27,9.48,29.99,-1.8
2005-05-01,2005,5,Aluminum,Metals,($/mt),1744.0,-7.92,-7.38,7.46,18.88,-2.47
2005-06-01,2005,6,Aluminum,Metals,($/mt),1731.0,-0.75,-12.58,3.16,14.94,-0.37
2005-07-01,2005,7,Aluminum,Metals,($/mt),1779.0,2.77,-6.07,4.1,13.75,0.65
2005-08-01,2005,8,Aluminum,Metals,($/mt),1868.0,5.0,7.11,10.4,22.25,1.2
2005-09-01,2005,9,Aluminum,Metals,($/mt),1840.0,-1.5,6.3,6.73,14.93,-0.6
2005-10-01,2005,10,Aluminum,Metals,($/mt),1929.0,4.84,8.43,5.99,28.6,1.04
2005-11-01,2005,11,Aluminum,Metals,($/mt),2051.0,6.32,9.8,13.07,39.15,1.45
2005-12-01,2005,12,Aluminum,Metals,($/mt),2247.0,9.56,22.12,21.53,43.58,1.96
2006-01-01,2006,1,Aluminum,Metals,($/mt),2378.0,5.83,23.28,29.66,47.15,0.82
2006-02-01,2006,2,Aluminum,Metals,($/mt),2455.0,3.24,19.7,30.38,53.05,0.19
2006-03-01,2006,3,Aluminum,Metals,($/mt),2429.0,-1.06,8.1,22.68,60.97,-0.68
2006-04-01,2006,4,Aluminum,Metals,($/mt),2621.0,7.9,10.22,38.38,75.08,1.21
2006-05-01,2006,5,Aluminum,Metals,($/mt),2861.0,9.16,16.54,64.05,85.9,1.29
2006-06-01,2006,6,Aluminum,Metals,($/mt),2477.0,-13.42,1.98,43.1,68.96,-4.6
2006-07-01,2006,7,Aluminum,Metals,($/mt),2513.0,1.45,-4.12,41.26,77.47,-0.28
2006-08-01,2006,8,Aluminum,Metals,($/mt),2460.0,-2.11,-14.02,31.69,78.65,-0.83
2006-09-01,2006,9,Aluminum,Metals,($/mt),2473.0,0.53,-0.16,34.4,83.87,-0.31
2006-10-01,2006,10,Aluminum,Metals,($/mt),2655.0,7.36,5.65,37.64,106.94,0.73
2006-11-01,2006,11,Aluminum,Metals,($/mt),2703.0,1.81,9.88,31.79,103.69,-0.17
2006-12-01,2006,12,Aluminum,Metals,($/mt),2814.0,4.11,13.79,25.23,109.22,0.25
2007-01-01,2007,1,Aluminum,Metals,($/mt),2809.0,-0.18,5.8,18.12,105.19,-0.37
2007-02-01,2007,2,Aluminum,Metals,($/mt),2832.0,0.82,4.77,15.36,106.87,-0.13
2007-03-01,2007,3,Aluminum,Metals,($/mt),2762.0,-2.47,-1.85,13.71,96.58,-0.65
2007-04-01,2007,4,Aluminum,Metals,($/mt),2815.0,1.92,0.21,7.4,105.47,0.11
2007-05-01,2007,5,Aluminum,Metals,($/mt),2793.0,-0.78,-1.38,-2.38,107.97,-0.27
2007-06-01,2007,6,Aluminum,Metals,($/mt),2677.0,-4.15,-3.08,8.07,97.71,-0.82
2007-07-01,2007,7,Aluminum,Metals,($/mt),2732.0,2.05,-2.95,8.71,104.19,0.44
2007-08-01,2007,8,Aluminum,Metals,($/mt),2516.0,-7.91,-9.92,2.28,94.74,-2.8
2007-09-01,2007,9,Aluminum,Metals,($/mt),2391.0,-4.97,-10.68,-3.32,83.78,-1.33
2007-10-01,2007,10,Aluminum,Metals,($/mt),2442.0,2.13,-10.61,-8.02,86.27,0.56
2007-11-01,2007,11,Aluminum,Metals,($/mt),2507.0,2.66,-0.36,-7.25,82.73,0.93
2007-12-01,2007,12,Aluminum,Metals,($/mt),2382.0,-4.99,-0.38,-15.35,73.24,-1.22
2008-01-01,2008,1,Aluminum,Metals,($/mt),2446.0,2.69,0.16,-12.92,77.5,1.14
2008-02-01,2008,2,Aluminum,Metals,($/mt),2777.0,13.53,10.77,-1.94,95.29,3.97
2008-03-01,2008,3,Aluminum,Metals,($/mt),3005.0,8.21,26.15,8.8,116.34,1.47
2008-04-01,2008,4,Aluminum,Metals,($/mt),2959.0,-1.53,20.97,5.12,122.15,-0.4
2008-05-01,2008,5,Aluminum,Metals,($/mt),2903.0,-1.89,4.54,3.94,107.65,-0.41
2008-06-01,2008,6,Aluminum,Metals,($/mt),2958.0,1.89,-1.56,10.5,109.79,0.23
2008-07-01,2008,7,Aluminum,Metals,($/mt),3071.0,3.82,3.79,12.41,113.86,0.48
2008-08-01,2008,8,Aluminum,Metals,($/mt),2764.0,-10.0,-4.79,9.86,89.84,-1.87
2008-09-01,2008,9,Aluminum,Metals,($/mt),2526.0,-8.61,-14.6,5.65,78.39,-1.53
2008-10-01,2008,10,Aluminum,Metals,($/mt),2121.0,-16.03,-30.93,-13.14,43.89,-2.51
2008-11-01,2008,11,Aluminum,Metals,($/mt),1852.0,-12.68,-33.0,-26.13,22.81,-1.45
2008-12-01,2008,12,Aluminum,Metals,($/mt),1490.0,-19.55,-41.01,-37.45,-4.18,-1.99
2009-01-01,2009,1,Aluminum,Metals,($/mt),1413.0,-5.17,-33.38,-42.23,-12.02,-0.18
2009-02-01,2009,2,Aluminum,Metals,($/mt),1330.0,-5.87,-28.19,-52.11,-21.12,-0.19
2009-03-01,2009,3,Aluminum,Metals,($/mt),1336.0,0.45,-10.34,-55.54,-19.32,0.74
2009-04-01,2009,4,Aluminum,Metals,($/mt),1421.0,6.36,0.57,-51.98,-17.86,1.73
2009-05-01,2009,5,Aluminum,Metals,($/mt),1460.0,2.74,9.77,-49.71,-10.04,1.03
2009-06-01,2009,6,Aluminum,Metals,($/mt),1574.0,7.81,17.81,-46.79,-6.2,1.55
2009-07-01,2009,7,Aluminum,Metals,($/mt),1668.0,5.97,17.38,-45.69,-2.4,1.19
2009-08-01,2009,8,Aluminum,Metals,($/mt),1934.0,15.95,32.47,-30.03,14.3,2.23
2009-09-01,2009,9,Aluminum,Metals,($/mt),1834.0,-5.17,16.52,-27.4,6.38,-0.26
2009-10-01,2009,10,Aluminum,Metals,($/mt),1879.0,2.45,12.65,-11.41,3.24,0.43
2009-11-01,2009,11,Aluminum,Metals,($/mt),1949.0,3.73,0.78,5.24,7.44,0.44
2009-12-01,2009,12,Aluminum,Metals,($/mt),2180.0,11.85,18.87,46.31,17.9,1.23
2010-01-01,2010,1,Aluminum,Metals,($/mt),2235.0,2.52,18.95,58.17,21.86,-0.13
2010-02-01,2010,2,Aluminum,Metals,($/mt),2049.0,-8.32,5.13,54.06,8.82,-1.98
2010-03-01,2010,3,Aluminum,Metals,($/mt),2206.0,7.66,1.19,65.12,11.41,0.57
2010-04-01,2010,4,Aluminum,Metals,($/mt),2317.0,5.03,3.67,63.05,22.33,0.09
2010-05-01,2010,5,Aluminum,Metals,($/mt),2041.0,-11.91,-0.39,39.79,17.03,-2.47
2010-06-01,2010,6,Aluminum,Metals,($/mt),1931.0,-5.39,-12.47,22.68,11.55,-1.05
2010-07-01,2010,7,Aluminum,Metals,($/mt),1988.0,2.95,-14.2,19.18,11.75,0.11
2010-08-01,2010,8,Aluminum,Metals,($/mt),2118.0,6.54,3.77,9.51,13.38,0.58
2010-09-01,2010,9,Aluminum,Metals,($/mt),2162.0,2.08,11.96,17.88,17.5,0.15
2010-10-01,2010,10,Aluminum,Metals,($/mt),2347.0,8.56,18.06,24.91,21.67,1.02
2010-11-01,2010,11,Aluminum,Metals,($/mt),2333.0,-0.6,10.15,19.7,13.75,-0.38
2010-12-01,2010,12,Aluminum,Metals,($/mt),2351.0,0.77,8.74,7.84,4.63,-0.14
2011-01-01,2011,1,Aluminum,Metals,($/mt),2440.0,3.79,3.96,9.17,2.61,0.46
2011-02-01,2011,2,Aluminum,Metals,($/mt),2508.0,2.79,7.5,22.4,2.16,0.29
2011-03-01,2011,3,Aluminum,Metals,($/mt),2556.0,1.91,8.72,15.87,5.23,0.01
2011-04-01,2011,4,Aluminum,Metals,($/mt),2678.0,4.77,9.75,15.58,2.17,0.62
2011-05-01,2011,5,Aluminum,Metals,($/mt),2596.0,-3.06,3.51,27.19,-9.26,-0.81
2011-06-01,2011,6,Aluminum,Metals,($/mt),2558.0,-1.46,0.08,32.47,3.27,-0.92
2011-07-01,2011,7,Aluminum,Metals,($/mt),2525.0,-1.29,-5.71,27.01,0.48,-1.12
2011-08-01,2011,8,Aluminum,Metals,($/mt),2379.0,-5.78,-8.36,12.32,-3.29,-2.27
2011-09-01,2011,9,Aluminum,Metals,($/mt),2293.0,-3.61,-10.36,6.06,-7.28,-1.22
2011-10-01,2011,10,Aluminum,Metals,($/mt),2181.0,-4.88,-13.62,-7.07,-17.85,-1.35
2011-11-01,2011,11,Aluminum,Metals,($/mt),2080.0,-4.63,-12.57,-10.84,-23.05,-1.19
2011-12-01,2011,12,Aluminum,Metals,($/mt),2022.0,-2.79,-11.82,-13.99,-28.14,-0.52
2012-01-01,2012,1,Aluminum,Metals,($/mt),2144.0,6.03,-1.7,-12.13,-23.67,1.99
2012-02-01,2012,2,Aluminum,Metals,($/mt),2208.0,2.99,6.15,-11.96,-22.03,1.01
2012-03-01,2012,3,Aluminum,Metals,($/mt),2184.0,-1.09,8.01,-14.55,-20.93,-0.03
2012-04-01,2012,4,Aluminum,Metals,($/mt),2050.0,-6.14,-4.38,-23.45,-27.18,-1.27
2012-05-01,2012,5,Aluminum,Metals,($/mt),2008.0,-2.05,-9.06,-22.65,-28.11,0.03
2012-06-01,2012,6,Aluminum,Metals,($/mt),1890.0,-5.88,-13.46,-26.11,-29.4,-1.07
2012-07-01,2012,7,Aluminum,Metals,($/mt),1876.0,-0.74,-8.49,-25.7,-31.33,0.45
2012-08-01,2012,8,Aluminum,Metals,($/mt),1845.0,-1.65,-8.12,-22.45,-26.67,0.19
2012-09-01,2012,9,Aluminum,Metals,($/mt),2064.0,11.87,9.21,-9.99,-13.68,3.86
2012-10-01,2012,10,Aluminum,Metals,($/mt),1974.0,-4.36,5.22,-9.49,-19.16,-0.68
2012-11-01,2012,11,Aluminum,Metals,($/mt),1949.0,-1.27,5.64,-6.3,-22.26,-0.11
2012-12-01,2012,12,Aluminum,Metals,($/mt),2087.0,7.08,1.11,3.21,-12.38,1.45
2013-01-01,2013,1,Aluminum,Metals,($/mt),2038.0,-2.35,3.24,-4.94,-16.68,-0.5
2013-02-01,2013,2,Aluminum,Metals,($/mt),2054.0,0.79,5.39,-6.97,-26.04,0.21
2013-03-01,2013,3,Aluminum,Metals,($/mt),1910.0,-7.01,-8.48,-12.55,-36.44,-1.26
2013-04-01,2013,4,Aluminum,Metals,($/mt),1862.0,-2.51,-8.64,-9.17,-37.07,-0.28
2013-05-01,2013,5,Aluminum,Metals,($/mt),1832.0,-1.61,-10.81,-8.76,-36.89,-0.18
2013-06-01,2013,6,Aluminum,Metals,($/mt),1815.0,-0.93,-4.97,-3.97,-38.64,-0.05
2013-07-01,2013,7,Aluminum,Metals,($/mt),1770.0,-2.48,-4.94,-5.65,-42.36,-0.45
2013-08-01,2013,8,Aluminum,Metals,($/mt),1818.0,2.71,-0.76,-1.46,-34.23,0.61
2013-09-01,2013,9,Aluminum,Metals,($/mt),1761.0,-3.14,-2.98,-14.68,-30.29,-0.61
2013-10-01,2013,10,Aluminum,Metals,($/mt),1815.0,3.07,2.54,-8.05,-14.43,1.21
2013-11-01,2013,11,Aluminum,Metals,($/mt),1748.0,-3.69,-3.85,-10.31,-5.62,-0.84
2013-12-01,2013,12,Aluminum,Metals,($/mt),1740.0,-0.46,-1.19,-16.63,16.78,0.1
2014-01-01,2014,1,Aluminum,Metals,($/mt),1727.0,-0.75,-4.85,-15.26,22.22,0.26
2014-02-01,2014,2,Aluminum,Metals,($/mt),1695.0,-1.85,-3.03,-17.48,27.44,-0.19
2014-03-01,2014,3,Aluminum,Metals,($/mt),1705.0,0.59,-2.01,-10.73,27.62,0.79
2014-04-01,2014,4,Aluminum,Metals,($/mt),1811.0,6.22,4.86,-2.74,27.45,3.33
2014-05-01,2014,5,Aluminum,Metals,($/mt),1751.0,-3.31,3.3,-4.42,19.93,-1.08
2014-06-01,2014,6,Aluminum,Metals,($/mt),1839.0,5.03,7.86,1.32,16.84,1.78
2014-07-01,2014,7,Aluminum,Metals,($/mt),1948.0,5.93,7.56,10.06,16.79,1.71
2014-08-01,2014,8,Aluminum,Metals,($/mt),2030.0,4.21,15.93,11.66,4.96,0.92
2014-09-01,2014,9,Aluminum,Metals,($/mt),1990.0,-1.97,8.21,13.0,8.51,-0.79
2014-10-01,2014,10,Aluminum,Metals,($/mt),1946.0,-2.21,-0.1,7.22,3.57,-0.91
2014-11-01,2014,11,Aluminum,Metals,($/mt),2056.0,5.65,1.28,17.62,5.49,1.36
2014-12-01,2014,12,Aluminum,Metals,($/mt),1909.0,-7.15,-4.07,9.71,-12.43,-2.33
2015-01-01,2015,1,Aluminum,Metals,($/mt),1815.0,-4.92,-6.73,5.1,-18.79,-1.31
2015-02-01,2015,2,Aluminum,Metals,($/mt),1818.0,0.17,-11.58,7.26,-11.27,-0.07
2015-03-01,2015,3,Aluminum,Metals,($/mt),1774.0,-2.42,-7.07,4.05,-19.58,-0.67
2015-04-01,2015,4,Aluminum,Metals,($/mt),1819.0,2.54,0.22,0.44,-21.49,0.44
2015-05-01,2015,5,Aluminum,Metals,($/mt),1804.0,-0.82,-0.77,3.03,-11.61,-0.21
2015-06-01,2015,6,Aluminum,Metals,($/mt),1688.0,-6.43,-4.85,-8.21,-12.58,-1.56
2015-07-01,2015,7,Aluminum,Metals,($/mt),1640.0,-2.84,-9.84,-15.81,-17.51,-0.5
2015-08-01,2015,8,Aluminum,Metals,($/mt),1548.0,-5.61,-14.19,-23.74,-26.91,-1.07
2015-09-01,2015,9,Aluminum,Metals,($/mt),1590.0,2.71,-5.81,-20.1,-26.46,1.31
2015-10-01,2015,10,Aluminum,Metals,($/mt),1516.0,-4.65,-7.56,-22.1,-35.41,-0.72
2015-11-01,2015,11,Aluminum,Metals,($/mt),1468.0,-3.17,-5.17,-28.6,-37.08,-0.29
2015-12-01,2015,12,Aluminum,Metals,($/mt),1497.0,1.98,-5.85,-21.58,-36.32,1.42
2016-01-01,2016,1,Aluminum,Metals,($/mt),1481.0,-1.07,-2.31,-18.4,-39.3,0.27
2016-02-01,2016,2,Aluminum,Metals,($/mt),1531.0,3.38,4.29,-15.79,-38.96,1.62
2016-03-01,2016,3,Aluminum,Metals,($/mt),1531.0,0.0,2.27,-13.7,-40.1,0.4
2016-04-01,2016,4,Aluminum,Metals,($/mt),1571.0,2.61,6.08,-13.63,-41.34,1.11
2016-05-01,2016,5,Aluminum,Metals,($/mt),1551.0,-1.27,1.31,-14.02,-40.25,-0.03
2016-06-01,2016,6,Aluminum,Metals,($/mt),1594.0,2.77,4.11,-5.57,-37.69,1.17
2016-07-01,2016,7,Aluminum,Metals,($/mt),1629.0,2.2,3.69,-0.67,-35.49,0.83
2016-08-01,2016,8,Aluminum,Metals,($/mt),1639.0,0.61,5.67,5.88,-31.11,0.2
2016-09-01,2016,9,Aluminum,Metals,($/mt),1592.0,-2.87,-0.13,0.13,-30.57,-1.3
2016-10-01,2016,10,Aluminum,Metals,($/mt),1666.0,4.65,2.27,9.89,-23.61,1.73
2016-11-01,2016,11,Aluminum,Metals,($/mt),1737.0,4.26,5.98,18.32,-16.49,1.37
2016-12-01,2016,12,Aluminum,Metals,($/mt),1728.0,-0.52,8.54,15.43,-14.54,-0.83
2017-01-01,2017,1,Aluminum,Metals,($/mt),1791.0,3.65,7.5,20.93,-16.46,1.0
2017-02-01,2017,2,Aluminum,Metals,($/mt),1861.0,3.91,7.14,21.55,-15.72,0.96
2017-03-01,2017,3,Aluminum,Metals,($/mt),1901.0,2.15,10.01,24.17,-12.96,0.2
2017-04-01,2017,4,Aluminum,Metals,($/mt),1921.0,1.05,7.26,22.28,-6.29,-0.33
2017-05-01,2017,5,Aluminum,Metals,($/mt),1913.0,-0.42,2.79,23.34,-4.73,-0.9
2017-06-01,2017,6,Aluminum,Metals,($/mt),1885.0,-1.46,-0.84,18.26,-0.26,-1.42
2017-07-01,2017,7,Aluminum,Metals,($/mt),1903.0,0.95,-0.94,16.82,1.44,-0.2
2017-08-01,2017,8,Aluminum,Metals,($/mt),2030.0,6.67,6.12,23.86,10.03,2.2
2017-09-01,2017,9,Aluminum,Metals,($/mt),2096.0,3.25,11.19,31.66,1.55,0.5
2017-10-01,2017,10,Aluminum,Metals,($/mt),2131.0,1.67,11.98,27.91,7.95,-0.27
2017-11-01,2017,11,Aluminum,Metals,($/mt),2097.0,-1.6,3.3,20.73,7.59,-1.57
2017-12-01,2017,12,Aluminum,Metals,($/mt),2080.0,-0.81,-0.76,20.37,-0.34,-0.98
2018-01-01,2018,1,Aluminum,Metals,($/mt),2210.0,6.25,3.71,23.39,8.44,1.87
2018-02-01,2018,2,Aluminum,Metals,($/mt),2182.0,-1.27,4.05,17.25,6.23,-1.1
2018-03-01,2018,3,Aluminum,Metals,($/mt),2069.0,-5.18,-0.53,8.84,8.32,-2.31
2018-04-01,2018,4,Aluminum,Metals,($/mt),2255.0,8.99,2.04,17.39,21.11,2.43
2018-05-01,2018,5,Aluminum,Metals,($/mt),2300.0,2.0,5.41,20.23,25.55,0.14
2018-06-01,2018,6,Aluminum,Metals,($/mt),2238.0,-2.7,8.17,18.73,23.31,-1.05
2018-07-01,2018,7,Aluminum,Metals,($/mt),2082.0,-6.97,-7.67,9.41,17.63,-2.02
2018-08-01,2018,8,Aluminum,Metals,($/mt),2052.0,-1.44,-10.78,1.08,12.87,-0.47
2018-09-01,2018,9,Aluminum,Metals,($/mt),2026.0,-1.27,-9.47,-3.34,15.05,-0.32
2018-10-01,2018,10,Aluminum,Metals,($/mt),2030.0,0.2,-2.5,-4.74,11.85,0.09
2018-11-01,2018,11,Aluminum,Metals,($/mt),1939.0,-4.48,-5.51,-7.53,10.93,-0.94
2018-12-01,2018,12,Aluminum,Metals,($/mt),1920.0,-0.98,-5.23,-7.69,10.34,-0.09
2019-01-01,2019,1,Aluminum,Metals,($/mt),1854.0,-3.44,-8.67,-16.11,7.35,-0.63
2019-02-01,2019,2,Aluminum,Metals,($/mt),1863.0,0.49,-3.92,-14.62,9.91,0.46
2019-03-01,2019,3,Aluminum,Metals,($/mt),1871.0,0.43,-2.55,-9.57,9.74,0.4
2019-04-01,2019,4,Aluminum,Metals,($/mt),1845.0,-1.39,-0.49,-18.18,1.88,-0.16
2019-05-01,2019,5,Aluminum,Metals,($/mt),1781.0,-3.47,-4.4,-22.57,1.71,-0.75
2019-06-01,2019,6,Aluminum,Metals,($/mt),1756.0,-1.4,-6.15,-21.54,-4.51,0.31
2019-07-01,2019,7,Aluminum,Metals,($/mt),1797.0,2.33,-2.6,-13.69,-7.75,1.94
2019-08-01,2019,8,Aluminum,Metals,($/mt),1741.0,-3.12,-2.25,-15.16,-14.24,-0.99
2019-09-01,2019,9,Aluminum,Metals,($/mt),1754.0,0.75,-0.11,-13.43,-11.86,1.04
2019-10-01,2019,10,Aluminum,Metals,($/mt),1726.0,-1.6,-3.95,-14.98,-11.31,-0.2
2019-11-01,2019,11,Aluminum,Metals,($/mt),1775.0,2.84,1.95,-8.46,-13.67,2.02
2019-12-01,2019,12,Aluminum,Metals,($/mt),1771.0,-0.23,0.97,-7.76,-7.23,0.23
2020-01-01,2020,1,Aluminum,Metals,($/mt),1773.0,0.11,2.72,-4.37,-2.31,0.36
2020-02-01,2020,2,Aluminum,Metals,($/mt),1688.0,-4.79,-4.9,-9.39,-7.15,-2.29
2020-03-01,2020,3,Aluminum,Metals,($/mt),1611.0,-4.56,-9.03,-13.9,-9.19,-1.64
2020-04-01,2020,4,Aluminum,Metals,($/mt),1460.0,-9.37,-17.65,-20.87,-19.74,-3.27
2020-05-01,2020,5,Aluminum,Metals,($/mt),1466.0,0.41,-13.15,-17.69,-18.74,0.67
2020-06-01,2020,6,Aluminum,Metals,($/mt),1569.0,7.03,-2.61,-10.65,-7.05,2.48
2020-07-01,2020,7,Aluminum,Metals,($/mt),1644.0,4.78,12.6,-8.51,0.24,1.32
2020-08-01,2020,8,Aluminum,Metals,($/mt),1737.0,5.66,18.49,-0.23,12.21,1.41
2020-09-01,2020,9,Aluminum,Metals,($/mt),1744.0,0.4,11.15,-0.57,9.69,0.07
2020-10-01,2020,10,Aluminum,Metals,($/mt),1806.0,3.56,9.85,4.63,19.13,0.74
2020-11-01,2020,11,Aluminum,Metals,($/mt),1935.0,7.14,11.4,9.01,31.81,1.39
2020-12-01,2020,12,Aluminum,Metals,($/mt),2015.0,4.13,15.54,13.78,34.6,0.64
2021-01-01,2021,1,Aluminum,Metals,($/mt),2004.0,-0.55,10.96,13.03,35.31,-0.34
2021-02-01,2021,2,Aluminum,Metals,($/mt),2079.0,3.74,7.44,23.16,35.79,0.49
2021-03-01,2021,3,Aluminum,Metals,($/mt),2190.0,5.34,8.68,35.94,43.04,0.71
2021-04-01,2021,4,Aluminum,Metals,($/mt),2319.0,5.89,15.72,58.84,47.61,0.7
2021-05-01,2021,5,Aluminum,Metals,($/mt),2434.0,4.96,17.08,66.03,56.93,0.38
2021-06-01,2021,6,Aluminum,Metals,($/mt),2447.0,0.53,11.74,55.96,53.51,-1.61
2021-07-01,2021,7,Aluminum,Metals,($/mt),2498.0,2.08,7.72,51.95,53.35,-0.71
2021-08-01,2021,8,Aluminum,Metals,($/mt),2603.0,4.2,6.94,49.86,58.82,0.26
2021-09-01,2021,9,Aluminum,Metals,($/mt),2835.0,8.91,15.86,62.56,78.08,2.3
2021-10-01,2021,10,Aluminum,Metals,($/mt),2934.0,3.49,17.45,62.46,76.11,-0.25
2021-11-01,2021,11,Aluminum,Metals,($/mt),2636.0,-10.16,1.27,36.23,51.76,-5.42
2021-12-01,2021,12,Aluminum,Metals,($/mt),2696.0,2.28,-4.9,33.8,56.02,-0.09
2022-01-01,2022,1,Aluminum,Metals,($/mt),3006.0,11.5,2.45,50.0,67.84,1.89
2022-02-01,2022,2,Aluminum,Metals,($/mt),3246.0,7.98,23.14,56.13,74.42,0.84
2022-03-01,2022,3,Aluminum,Metals,($/mt),3498.0,7.76,29.75,59.73,84.01,0.71
2022-04-01,2022,4,Aluminum,Metals,($/mt),3244.0,-7.26,7.92,39.89,68.87,-2.07
2022-05-01,2022,5,Aluminum,Metals,($/mt),2830.0,-12.76,-12.82,16.27,47.94,-2.48
2022-06-01,2022,6,Aluminum,Metals,($/mt),2563.0,-9.43,-26.73,4.74,35.97,-1.41
2022-07-01,2022,7,Aluminum,Metals,($/mt),2408.0,-6.05,-25.77,-3.6,26.54,-0.81
2022-08-01,2022,8,Aluminum,Metals,($/mt),2431.0,0.96,-14.1,-6.61,19.75,0.11
2022-09-01,2022,9,Aluminum,Metals,($/mt),2225.0,-8.47,-13.19,-21.52,6.15,-0.97
2022-10-01,2022,10,Aluminum,Metals,($/mt),2256.0,1.39,-6.31,-23.11,5.87,0.37
2022-11-01,2022,11,Aluminum,Metals,($/mt),2351.0,4.21,-3.29,-10.81,12.11,0.74
2022-12-01,2022,12,Aluminum,Metals,($/mt),2402.0,2.17,7.96,-10.91,15.48,0.36
2023-01-01,2023,1,Aluminum,Metals,($/mt),2502.0,4.16,10.9,-16.77,13.21,0.61
2023-02-01,2023,2,Aluminum,Metals,($/mt),2416.0,-3.44,2.76,-25.57,10.72,-0.3
2023-03-01,2023,3,Aluminum,Metals,($/mt),2296.0,-4.97,-4.41,-34.36,10.97,-0.42
2023-04-01,2023,4,Aluminum,Metals,($/mt),2343.0,2.05,-6.35,-27.77,3.9,0.93
2023-05-01,2023,5,Aluminum,Metals,($/mt),2269.0,-3.16,-6.08,-19.82,-1.35,-0.11
2023-06-01,2023,6,Aluminum,Metals,($/mt),2185.0,-3.7,-4.83,-14.75,-2.37,-0.41
2023-07-01,2023,7,Aluminum,Metals,($/mt),2160.0,-1.14,-7.81,-10.3,3.75,0.02
2023-08-01,2023,8,Aluminum,Metals,($/mt),2137.0,-1.06,-5.82,-12.09,4.14,-0.06
2023-09-01,2023,9,Aluminum,Metals,($/mt),2185.0,2.25,0.0,-1.8,7.85,0.83
2023-10-01,2023,10,Aluminum,Metals,($/mt),2192.0,0.32,1.48,-2.84,7.98,0.13
2023-11-01,2023,11,Aluminum,Metals,($/mt),2202.0,0.46,3.04,-6.34,13.56,0.2
2023-12-01,2023,12,Aluminum,Metals,($/mt),2182.0,-0.91,-0.14,-9.16,13.65,-0.14
2024-01-01,2024,1,Aluminum,Metals,($/mt),2193.0,0.5,0.05,-12.35,18.28,0.46
2024-02-01,2024,2,Aluminum,Metals,($/mt),2179.0,-0.64,-1.04,-9.81,16.96,0.18
2024-03-01,2024,3,Aluminum,Metals,($/mt),2226.0,2.16,2.02,-3.05,18.97,1.36
2024-04-01,2024,4,Aluminum,Metals,($/mt),2506.0,12.58,14.27,6.96,35.83,6.63
2024-05-01,2024,5,Aluminum,Metals,($/mt),2565.0,2.35,17.71,13.05,44.02,0.41
2024-06-01,2024,6,Aluminum,Metals,($/mt),2498.0,-2.61,12.22,14.32,42.26,-0.92
2024-07-01,2024,7,Aluminum,Metals,($/mt),2349.0,-5.96,-6.26,8.75,30.72,-1.83
2024-08-01,2024,8,Aluminum,Metals,($/mt),2344.0,-0.21,-8.62,9.69,34.64,-0.23
2024-09-01,2024,9,Aluminum,Metals,($/mt),2450.0,4.52,-1.92,12.13,39.68,0.84
2024-10-01,2024,10,Aluminum,Metals,($/mt),2596.0,5.96,10.52,18.43,50.41,1.1
2024-11-01,2024,11,Aluminum,Metals,($/mt),2582.0,-0.54,10.15,17.26,45.46,-0.44
2024-12-01,2024,12,Aluminum,Metals,($/mt),2541.0,-1.59,3.71,16.45,43.48,-0.64
2025-01-01,2025,1,Aluminum,Metals,($/mt),2573.0,1.26,-0.89,17.33,45.12,-0.02
2025-02-01,2025,2,Aluminum,Metals,($/mt),2658.0,3.3,2.94,21.98,57.46,0.39
2025-03-01,2025,3,Aluminum,Metals,($/mt),2658.0,0.0,4.6,19.41,64.99,-0.37
2025-04-01,2025,4,Aluminum,Metals,($/mt),2372.0,-10.76,-7.81,-5.35,62.47,-2.6
2025-05-01,2025,5,Aluminum,Metals,($/mt),2449.0,3.25,-7.86,-4.52,67.05,0.78
2025-06-01,2025,6,Aluminum,Metals,($/mt),2526.0,3.14,-4.97,1.12,60.99,0.73
2025-07-01,2025,7,Aluminum,Metals,($/mt),2606.0,3.17,9.87,10.94,58.52,0.63
2025-08-01,2025,8,Aluminum,Metals,($/mt),2597.0,-0.35,6.04,10.79,49.51,-0.3
2025-09-01,2025,9,Aluminum,Metals,($/mt),2653.0,2.16,5.03,8.29,52.12,0.28
2025-10-01,2025,10,Aluminum,Metals,($/mt),2793.0,5.28,7.18,7.59,54.65,1.07
2025-11-01,2025,11,Aluminum,Metals,($/mt),2819.0,0.93,8.55,9.18,45.68,0.06
2025-12-01,2025,12,Aluminum,Metals,($/mt),2876.0,2.02,8.41,13.18,42.73,0.29
2026-01-01,2026,1,Aluminum,Metals,($/mt),3142.0,9.25,12.5,22.11,56.79,2.0
2026-02-01,2026,2,Aluminum,Metals,($/mt),3065.0,-2.45,8.73,15.31,47.43,-0.9
2026-03-01,2026,3,Aluminum,Metals,($/mt),3373.0,10.05,17.28,26.9,54.02,1.82
2026-04-01,2026,4,Aluminum,Metals,($/mt),3600.0,6.73,14.58,51.77,55.24,0.85
2026-05-01,2026,5,Aluminum,Metals,($/mt),3666.0,1.83,19.61,49.69,50.62,-0.48
2026-06-01,2026,6,Aluminum,Metals,($/mt),3439.0,-6.19,1.96,36.14,40.54,-2.59
2026-07-01,2026,7,Aluminum,Metals,($/mt),3161.0,-8.08,-12.19,21.3,26.54,-2.31
2026-08-01,2026,8,Aluminum,Metals,($/mt),3251.0,2.85,-11.32,25.18,24.89,0.19
2026-09-01,2026,9,Aluminum,Metals,($/mt),3283.0,0.98,-4.54,23.75,15.8,-0.19
1997-01-01,1997,1,"Banana, Europe",Other Food,($/kg),0.94,,,,,
1997-02-01,1997,2,"Banana, Europe",Other Food,($/kg),0.97,3.19,,,,
1997-03-01,1997,3,"Banana, Europe",Other Food,($/kg),1.11,14.43,,,,
1997-04-01,1997,4,"Banana, Europe",Other Food,($/kg),1.02,-8.11,8.51,,,
1997-05-01,1997,5,"Banana, Europe",Other Food,($/kg),0.97,-4.9,0.0,,,
1997-06-01,1997,6,"Banana, Europe",Other Food,($/kg),0.8,-17.53,-27.93,,,
1997-07-01,1997,7,"Banana, Europe",Other Food,($/kg),0.92,15.0,-9.8,,,
1997-08-01,1997,8,"Banana, Europe",Other Food,($/kg),0.92,0.0,-5.15,,,-0.03
1997-09-01,1997,9,"Banana, Europe",Other Food,($/kg),1.08,17.39,35.0,,,1.44
1997-10-01,1997,10,"Banana, Europe",Other Food,($/kg),1.05,-2.78,14.13,,,-0.42
1997-11-01,1997,11,"Banana, Europe",Other Food,($/kg),0.97,-7.62,5.43,,,-0.8
1997-12-01,1997,12,"Banana, Europe",Other Food,($/kg),0.86,-11.34,-20.37,,,-1.06
1998-01-01,1998,1,"Banana, Europe",Other Food,($/kg),1.02,18.6,-2.86,8.51,,1.63
1998-02-01,1998,2,"Banana, Europe",Other Food,($/kg),0.97,-4.9,0.0,0.0,,-0.51
1998-03-01,1998,3,"Banana, Europe",Other Food,($/kg),1.03,6.19,19.77,-7.21,,0.44
1998-04-01,1998,4,"Banana, Europe",Other Food,($/kg),1.04,0.97,1.96,1.96,,0.08
1998-05-01,1998,5,"Banana, Europe",Other Food,($/kg),1.1,5.77,13.4,13.4,,0.44
1998-06-01,1998,6,"Banana, Europe",Other Food,($/kg),1.1,0.0,6.8,37.5,,-0.14
1998-07-01,1998,7,"Banana, Europe",Other Food,($/kg),1.02,-7.27,-1.92,10.87,,-1.06
1998-08-01,1998,8,"Banana, Europe",Other Food,($/kg),0.97,-4.9,-11.82,5.43,,-0.65
1998-09-01,1998,9,"Banana, Europe",Other Food,($/kg),1.08,11.34,-1.82,0.0,,1.1
1998-10-01,1998,10,"Banana, Europe",Other Food,($/kg),0.91,-15.74,-10.78,-13.33,,-1.84
1998-11-01,1998,11,"Banana, Europe",Other Food,($/kg),0.96,5.49,-1.03,-1.03,,0.63
1998-12-01,1998,12,"Banana, Europe",Other Food,($/kg),0.86,-10.42,-20.37,0.0,,-1.1
1999-01-01,1999,1,"Banana, Europe",Other Food,($/kg),1.11,29.07,21.98,8.82,,2.96
1999-02-01,1999,2,"Banana, Europe",Other Food,($/kg),1.07,-3.6,11.46,10.31,,-0.42
1999-03-01,1999,3,"Banana, Europe",Other Food,($/kg),1.1,2.8,27.91,6.8,,0.12
1999-04-01,1999,4,"Banana, Europe",Other Food,($/kg),0.86,-21.82,-22.52,-17.31,,-1.98
1999-05-01,1999,5,"Banana, Europe",Other Food,($/kg),0.89,3.49,-16.82,-19.09,,0.32
1999-06-01,1999,6,"Banana, Europe",Other Food,($/kg),0.72,-19.1,-34.55,-34.55,,-1.37
1999-07-01,1999,7,"Banana, Europe",Other Food,($/kg),0.72,0.0,-16.28,-29.41,,0.18
1999-08-01,1999,8,"Banana, Europe",Other Food,($/kg),0.76,5.56,-14.61,-21.65,,0.53
1999-09-01,1999,9,"Banana, Europe",Other Food,($/kg),0.76,0.0,5.56,-29.63,,0.08
1999-10-01,1999,10,"Banana, Europe",Other Food,($/kg),0.77,1.32,6.94,-15.38,,0.24
1999-11-01,1999,11,"Banana, Europe",Other Food,($/kg),0.73,-5.19,-3.95,-23.96,,-0.35
1999-12-01,1999,12,"Banana, Europe",Other Food,($/kg),0.73,0.0,-3.95,-15.12,,0.11
2000-01-01,2000,1,"Banana, Europe",Other Food,($/kg),0.89,21.92,15.58,-19.82,,1.78
2000-02-01,2000,2,"Banana, Europe",Other Food,($/kg),0.92,3.37,26.03,-14.02,,0.41
2000-03-01,2000,3,"Banana, Europe",Other Food,($/kg),0.86,-6.52,17.81,-21.82,,-0.52
2000-04-01,2000,4,"Banana, Europe",Other Food,($/kg),0.84,-2.33,-5.62,-2.33,,-0.08
2000-05-01,2000,5,"Banana, Europe",Other Food,($/kg),0.7,-16.67,-23.91,-21.35,,-1.79
2000-06-01,2000,6,"Banana, Europe",Other Food,($/kg),0.62,-11.43,-27.91,-13.89,,-0.95
2000-07-01,2000,7,"Banana, Europe",Other Food,($/kg),0.64,3.23,-23.81,-11.11,,0.43
2000-08-01,2000,8,"Banana, Europe",Other Food,($/kg),0.62,-3.12,-11.43,-18.42,,-0.27
2000-09-01,2000,9,"Banana, Europe",Other Food,($/kg),0.58,-6.45,-6.45,-23.68,,-0.55
2000-10-01,2000,10,"Banana, Europe",Other Food,($/kg),0.56,-3.45,-12.5,-27.27,,-0.17
2000-11-01,2000,11,"Banana, Europe",Other Food,($/kg),0.61,8.93,-1.61,-16.44,,1.18
2000-12-01,2000,12,"Banana, Europe",Other Food,($/kg),0.71,16.39,22.41,-2.74,,1.75
2001-01-01,2001,1,"Banana, Europe",Other Food,($/kg),0.81,14.08,44.64,-8.99,,1.23
2001-02-01,2001,2,"Banana, Europe",Other Food,($/kg),0.92,13.58,50.82,0.0,,1.4
2001-03-01,2001,3,"Banana, Europe",Other Food,($/kg),1.01,9.78,42.25,17.44,,0.87
2001-04-01,2001,4,"Banana, Europe",Other Food,($/kg),0.91,-9.9,12.35,8.33,,-1.1
2001-05-01,2001,5,"Banana, Europe",Other Food,($/kg),0.75,-17.58,-18.48,7.14,,-1.68
2001-06-01,2001,6,"Banana, Europe",Other Food,($/kg),0.84,12.0,-16.83,35.48,,0.95
2001-07-01,2001,7,"Banana, Europe",Other Food,($/kg),0.63,-25.0,-30.77,-1.56,,-2.55
2001-08-01,2001,8,"Banana, Europe",Other Food,($/kg),0.7,11.11,-6.67,12.9,,0.76
2001-09-01,2001,9,"Banana, Europe",Other Food,($/kg),0.73,4.29,-13.1,25.86,,0.17
2001-10-01,2001,10,"Banana, Europe",Other Food,($/kg),0.69,-5.48,9.52,23.21,,-0.61
2001-11-01,2001,11,"Banana, Europe",Other Food,($/kg),0.65,-5.8,-7.14,6.56,,-0.62
2001-12-01,2001,12,"Banana, Europe",Other Food,($/kg),0.7,7.69,-4.11,-1.41,,0.45
2002-01-01,2002,1,"Banana, Europe",Other Food,($/kg),0.75,7.14,8.7,-7.41,-20.21,0.49
2002-02-01,2002,2,"Banana, Europe",Other Food,($/kg),0.87,16.0,33.85,-5.43,-10.31,1.25
2002-03-01,2002,3,"Banana, Europe",Other Food,($/kg),0.91,4.6,30.0,-9.9,-18.02,0.33
2002-04-01,2002,4,"Banana, Europe",Other Food,($/kg),0.86,-5.49,14.67,-5.49,-15.69,-0.43
2002-05-01,2002,5,"Banana, Europe",Other Food,($/kg),0.84,-2.33,-3.45,12.0,-13.4,-0.21
2002-06-01,2002,6,"Banana, Europe",Other Food,($/kg),0.66,-21.43,-27.47,-21.43,-17.5,-2.06
2002-07-01,2002,7,"Banana, Europe",Other Food,($/kg),0.65,-1.52,-24.42,3.17,-29.35,-0.02
2002-08-01,2002,8,"Banana, Europe",Other Food,($/kg),0.79,21.54,-5.95,12.86,-14.13,2.1
2002-09-01,2002,9,"Banana, Europe",Other Food,($/kg),0.68,-13.92,3.03,-6.85,-37.04,-1.38
2002-10-01,2002,10,"Banana, Europe",Other Food,($/kg),0.68,0.0,4.62,-1.45,-35.24,-0.01
2002-11-01,2002,11,"Banana, Europe",Other Food,($/kg),0.65,-4.41,-17.72,0.0,-32.99,-0.41
2002-12-01,2002,12,"Banana, Europe",Other Food,($/kg),0.75,15.38,10.29,7.14,-12.79,1.24
2003-01-01,2003,1,"Banana, Europe",Other Food,($/kg),0.89,18.67,30.88,18.67,-12.75,1.39
2003-02-01,2003,2,"Banana, Europe",Other Food,($/kg),0.99,11.24,52.31,13.79,2.06,0.67
2003-03-01,2003,3,"Banana, Europe",Other Food,($/kg),1.01,2.02,34.67,10.99,-1.94,0.01
2003-04-01,2003,4,"Banana, Europe",Other Food,($/kg),0.89,-11.88,0.0,3.49,-14.42,-1.04
2003-05-01,2003,5,"Banana, Europe",Other Food,($/kg),0.89,0.0,-10.1,5.95,-19.09,-0.08
2003-06-01,2003,6,"Banana, Europe",Other Food,($/kg),0.69,-22.47,-31.68,4.55,-37.27,-1.77
2003-07-01,2003,7,"Banana, Europe",Other Food,($/kg),0.63,-8.7,-29.21,-3.08,-38.24,-0.73
2003-08-01,2003,8,"Banana, Europe",Other Food,($/kg),0.49,-22.22,-44.94,-37.97,-49.48,-1.65
2003-09-01,2003,9,"Banana, Europe",Other Food,($/kg),0.72,46.94,4.35,5.88,-33.33,3.67
2003-10-01,2003,10,"Banana, Europe",Other Food,($/kg),0.69,-4.17,9.52,1.47,-24.18,-0.32
2003-11-01,2003,11,"Banana, Europe",Other Food,($/kg),0.75,8.7,53.06,15.38,-21.88,0.36
2003-12-01,2003,12,"Banana, Europe",Other Food,($/kg),0.84,12.0,16.67,12.0,-2.33,0.47
2004-01-01,2004,1,"Banana, Europe",Other Food,($/kg),0.94,11.9,36.23,5.62,-15.32,0.49
2004-02-01,2004,2,"Banana, Europe",Other Food,($/kg),0.97,3.19,29.33,-2.02,-9.35,0.07
2004-03-01,2004,3,"Banana, Europe",Other Food,($/kg),1.06,9.28,26.19,4.95,-3.64,0.43
2004-04-01,2004,4,"Banana, Europe",Other Food,($/kg),0.88,-16.98,-6.38,-1.12,2.33,-1.01
2004-05-01,2004,5,"Banana, Europe",Other Food,($/kg),0.92,4.55,-5.15,3.37,3.37,0.16
2004-06-01,2004,6,"Banana, Europe",Other Food,($/kg),0.85,-7.61,-19.81,23.19,18.06,-0.49
2004-07-01,2004,7,"Banana, Europe",Other Food,($/kg),0.72,-15.29,-18.18,14.29,0.0,-1.03
2004-08-01,2004,8,"Banana, Europe",Other Food,($/kg),0.6,-16.67,-34.78,22.45,-21.05,-1.05
2004-09-01,2004,9,"Banana, Europe",Other Food,($/kg),0.8,33.33,-5.88,11.11,5.26,1.71
2004-10-01,2004,10,"Banana, Europe",Other Food,($/kg),0.77,-3.75,6.94,11.59,0.0,-0.38
2004-11-01,2004,11,"Banana, Europe",Other Food,($/kg),1.09,41.56,81.67,45.33,49.32,2.68
2004-12-01,2004,12,"Banana, Europe",Other Food,($/kg),1.1,0.92,37.5,30.95,50.68,-0.2
2005-01-01,2005,1,"Banana, Europe",Other Food,($/kg),1.15,4.55,49.35,22.34,29.21,0.05
2005-02-01,2005,2,"Banana, Europe",Other Food,($/kg),1.31,13.91,20.18,35.05,42.39,0.59
2005-03-01,2005,3,"Banana, Europe",Other Food,($/kg),1.39,6.11,26.36,31.13,61.63,0.11
2005-04-01,2005,4,"Banana, Europe",Other Food,($/kg),1.33,-4.32,15.65,51.14,58.33,-0.43
2005-05-01,2005,5,"Banana, Europe",Other Food,($/kg),1.47,10.53,12.21,59.78,110.0,0.33
2005-06-01,2005,6,"Banana, Europe",Other Food,($/kg),1.23,-16.33,-11.51,44.71,98.39,-1.22
2005-07-01,2005,7,"Banana, Europe",Other Food,($/kg),0.91,-26.02,-31.58,26.39,42.19,-1.65
2005-08-01,2005,8,"Banana, Europe",Other Food,($/kg),1.0,9.89,-31.97,66.67,61.29,0.32
2005-09-01,2005,9,"Banana, Europe",Other Food,($/kg),1.1,10.0,-10.57,37.5,89.66,0.22
2005-10-01,2005,10,"Banana, Europe",Other Food,($/kg),1.06,-3.64,16.48,37.66,89.29,-0.45
2005-11-01,2005,11,"Banana, Europe",Other Food,($/kg),1.09,2.83,9.0,0.0,78.69,-0.07
2005-12-01,2005,12,"Banana, Europe",Other Food,($/kg),1.02,-6.42,-7.27,-7.27,43.66,-0.6
2006-01-01,2006,1,"Banana, Europe",Other Food,($/kg),0.95,-6.86,-10.38,-17.39,17.28,-0.58
2006-02-01,2006,2,"Banana, Europe",Other Food,($/kg),1.0,5.26,-8.26,-23.66,8.7,0.51
2006-03-01,2006,3,"Banana, Europe",Other Food,($/kg),1.0,0.0,-1.96,-28.06,-0.99,0.14
2006-04-01,2006,4,"Banana, Europe",Other Food,($/kg),0.97,-3.0,2.11,-27.07,6.59,-0.08
2006-05-01,2006,5,"Banana, Europe",Other Food,($/kg),1.05,8.25,5.0,-28.57,40.0,0.92
2006-06-01,2006,6,"Banana, Europe",Other Food,($/kg),0.95,-9.52,-5.0,-22.76,13.1,-0.68
2006-07-01,2006,7,"Banana, Europe",Other Food,($/kg),0.75,-21.05,-22.68,-17.58,19.05,-1.9
2006-08-01,2006,8,"Banana, Europe",Other Food,($/kg),0.76,1.33,-27.62,-24.0,8.57,0.27
2006-09-01,2006,9,"Banana, Europe",Other Food,($/kg),0.8,5.26,-15.79,-27.27,9.59,0.84
2006-10-01,2006,10,"Banana, Europe",Other Food,($/kg),0.79,-1.25,5.33,-25.47,14.49,0.13
2006-11-01,2006,11,"Banana, Europe",Other Food,($/kg),0.86,8.86,13.16,-21.1,32.31,1.36
2006-12-01,2006,12,"Banana, Europe",Other Food,($/kg),0.89,3.49,11.25,-12.75,27.14,0.59
2007-01-01,2007,1,"Banana, Europe",Other Food,($/kg),0.99,11.24,25.32,4.21,32.0,1.41
2007-02-01,2007,2,"Banana, Europe",Other Food,($/kg),1.07,8.08,24.42,7.0,22.99,0.82
2007-03-01,2007,3,"Banana, Europe",Other Food,($/kg),1.06,-0.93,19.1,6.0,16.48,-0.21
2007-04-01,2007,4,"Banana, Europe",Other Food,($/kg),1.12,5.66,13.13,15.46,30.23,0.52
2007-05-01,2007,5,"Banana, Europe",Other Food,($/kg),1.04,-7.14,-2.8,-0.95,23.81,-0.96
2007-06-01,2007,6,"Banana, Europe",Other Food,($/kg),0.98,-5.77,-7.55,3.16,48.48,-0.66
2007-07-01,2007,7,"Banana, Europe",Other Food,($/kg),0.95,-3.06,-15.18,26.67,46.15,-0.42
2007-08-01,2007,8,"Banana, Europe",Other Food,($/kg),0.94,-1.05,-9.62,23.68,18.99,-0.54
2007-09-01,2007,9,"Banana, Europe",Other Food,($/kg),1.11,18.09,13.27,38.75,63.24,2.7
2007-10-01,2007,10,"Banana, Europe",Other Food,($/kg),1.1,-0.9,15.79,39.24,61.76,-0.52
2007-11-01,2007,11,"Banana, Europe",Other Food,($/kg),1.05,-4.55,11.7,22.09,61.54,-1.01
2007-12-01,2007,12,"Banana, Europe",Other Food,($/kg),1.05,0.0,-5.41,17.98,40.0,-0.25
2008-01-01,2008,1,"Banana, Europe",Other Food,($/kg),1.17,11.43,6.36,18.18,31.46,1.29
2008-02-01,2008,2,"Banana, Europe",Other Food,($/kg),1.45,23.93,38.1,35.51,46.46,2.92
2008-03-01,2008,3,"Banana, Europe",Other Food,($/kg),1.64,13.1,56.19,54.72,62.38,1.03
2008-04-01,2008,4,"Banana, Europe",Other Food,($/kg),1.44,-12.2,23.08,28.57,61.8,-1.6
2008-05-01,2008,5,"Banana, Europe",Other Food,($/kg),1.25,-13.19,-13.79,20.19,40.45,-1.41
2008-06-01,2008,6,"Banana, Europe",Other Food,($/kg),1.1,-12.0,-32.93,12.24,59.42,-1.2
2008-07-01,2008,7,"Banana, Europe",Other Food,($/kg),1.1,0.0,-23.61,15.79,74.6,-0.13
2008-08-01,2008,8,"Banana, Europe",Other Food,($/kg),1.16,5.45,-7.2,23.4,136.73,0.29
2008-09-01,2008,9,"Banana, Europe",Other Food,($/kg),1.11,-4.31,0.91,0.0,54.17,-0.55
2008-10-01,2008,10,"Banana, Europe",Other Food,($/kg),0.94,-15.32,-14.55,-14.55,36.23,-1.4
2008-11-01,2008,11,"Banana, Europe",Other Food,($/kg),0.88,-6.38,-24.14,-16.19,17.33,-0.47
2008-12-01,2008,12,"Banana, Europe",Other Food,($/kg),1.01,14.77,-9.01,-3.81,20.24,1.27
2009-01-01,2009,1,"Banana, Europe",Other Food,($/kg),1.03,1.98,9.57,-11.97,9.57,0.12
2009-02-01,2009,2,"Banana, Europe",Other Food,($/kg),1.07,3.88,21.59,-26.21,10.31,0.33
2009-03-01,2009,3,"Banana, Europe",Other Food,($/kg),1.33,24.3,31.68,-18.9,25.47,2.57
2009-04-01,2009,4,"Banana, Europe",Other Food,($/kg),1.29,-3.01,25.24,-10.42,46.59,-0.16
2009-05-01,2009,5,"Banana, Europe",Other Food,($/kg),1.29,0.0,20.56,3.2,40.22,0.03
2009-06-01,2009,6,"Banana, Europe",Other Food,($/kg),1.28,-0.78,-3.76,16.36,50.59,-0.14
2009-07-01,2009,7,"Banana, Europe",Other Food,($/kg),1.15,-10.16,-10.85,4.55,59.72,-1.17
2009-08-01,2009,8,"Banana, Europe",Other Food,($/kg),1.08,-6.09,-16.28,-6.9,80.0,-0.65
2009-09-01,2009,9,"Banana, Europe",Other Food,($/kg),1.13,4.63,-11.72,1.8,41.25,0.44
2009-10-01,2009,10,"Banana, Europe",Other Food,($/kg),1.08,-4.42,-6.09,14.89,40.26,-0.47
2009-11-01,2009,11,"Banana, Europe",Other Food,($/kg),1.03,-4.63,-4.63,17.05,-5.5,-0.64
2009-12-01,2009,12,"Banana, Europe",Other Food,($/kg),0.99,-3.88,-12.39,-1.98,-10.0,-0.58
2010-01-01,2010,1,"Banana, Europe",Other Food,($/kg),0.94,-5.05,-12.96,-8.74,-18.26,-0.6
2010-02-01,2010,2,"Banana, Europe",Other Food,($/kg),0.98,4.26,-4.85,-8.41,-25.19,0.53
2010-03-01,2010,3,"Banana, Europe",Other Food,($/kg),1.12,14.29,13.13,-15.79,-19.42,1.66
2010-04-01,2010,4,"Banana, Europe",Other Food,($/kg),1.05,-6.25,11.7,-18.6,-21.05,-0.78
2010-05-01,2010,5,"Banana, Europe",Other Food,($/kg),1.0,-4.76,2.04,-22.48,-31.97,-0.49
2010-06-01,2010,6,"Banana, Europe",Other Food,($/kg),1.04,4.0,-7.14,-18.75,-15.45,0.89
2010-07-01,2010,7,"Banana, Europe",Other Food,($/kg),0.96,-7.69,-8.57,-16.52,5.49,-0.9
2010-08-01,2010,8,"Banana, Europe",Other Food,($/kg),0.86,-10.42,-14.0,-20.37,-14.0,-1.38
2010-09-01,2010,9,"Banana, Europe",Other Food,($/kg),0.97,12.79,-6.73,-14.16,-11.82,2.07
2010-10-01,2010,10,"Banana, Europe",Other Food,($/kg),1.0,3.09,4.17,-7.41,-5.66,0.51
2010-11-01,2010,11,"Banana, Europe",Other Food,($/kg),1.03,3.0,19.77,0.0,-5.5,0.42
2010-12-01,2010,12,"Banana, Europe",Other Food,($/kg),1.06,2.91,9.28,7.07,3.92,0.33
2011-01-01,2011,1,"Banana, Europe",Other Food,($/kg),1.2,13.21,20.0,27.66,26.32,1.58
2011-02-01,2011,2,"Banana, Europe",Other Food,($/kg),1.31,9.17,27.18,33.67,31.0,0.81
2011-03-01,2011,3,"Banana, Europe",Other Food,($/kg),1.25,-4.58,17.92,11.61,25.0,-0.86
2011-04-01,2011,4,"Banana, Europe",Other Food,($/kg),1.29,3.2,7.5,22.86,32.99,0.25
2011-05-01,2011,5,"Banana, Europe",Other Food,($/kg),1.27,-1.55,-3.05,27.0,20.95,-0.46
2011-06-01,2011,6,"Banana, Europe",Other Food,($/kg),1.19,-6.3,-4.8,14.42,25.26,-1.15
2011-07-01,2011,7,"Banana, Europe",Other Food,($/kg),1.08,-9.24,-16.28,12.5,44.0,-1.37
2011-08-01,2011,8,"Banana, Europe",Other Food,($/kg),1.02,-5.56,-19.69,18.6,34.21,-0.86
2011-09-01,2011,9,"Banana, Europe",Other Food,($/kg),0.99,-2.94,-16.81,2.06,23.75,-0.62
2011-10-01,2011,10,"Banana, Europe",Other Food,($/kg),0.99,0.0,-8.33,-1.0,25.32,-0.06
2011-11-01,2011,11,"Banana, Europe",Other Food,($/kg),0.97,-2.02,-4.9,-5.83,12.79,-0.32
2011-12-01,2011,12,"Banana, Europe",Other Food,($/kg),0.94,-3.09,-5.05,-11.32,5.62,-0.43
2012-01-01,2012,1,"Banana, Europe",Other Food,($/kg),0.96,2.13,-3.03,-20.0,-3.03,0.45
2012-02-01,2012,2,"Banana, Europe",Other Food,($/kg),1.24,29.17,27.84,-5.34,15.89,6.3
2012-03-01,2012,3,"Banana, Europe",Other Food,($/kg),1.22,-1.61,29.79,-2.4,15.09,-0.16
2012-04-01,2012,4,"Banana, Europe",Other Food,($/kg),1.26,3.28,31.25,-2.33,12.5,0.32
2012-05-01,2012,5,"Banana, Europe",Other Food,($/kg),1.21,-3.97,-2.42,-4.72,16.35,-0.43
2012-06-01,2012,6,"Banana, Europe",Other Food,($/kg),1.05,-13.22,-13.93,-11.76,7.14,-1.34
2012-07-01,2012,7,"Banana, Europe",Other Food,($/kg),0.85,-19.05,-32.54,-21.3,-10.53,-1.77
2012-08-01,2012,8,"Banana, Europe",Other Food,($/kg),0.98,15.29,-19.01,-3.92,4.26,1.45
2012-09-01,2012,9,"Banana, Europe",Other Food,($/kg),1.11,13.27,5.71,12.12,0.0,1.05
2012-10-01,2012,10,"Banana, Europe",Other Food,($/kg),1.12,0.9,31.76,13.13,1.82,-0.06
2012-11-01,2012,11,"Banana, Europe",Other Food,($/kg),1.07,-4.46,9.18,10.31,1.9,-0.48
2012-12-01,2012,12,"Banana, Europe",Other Food,($/kg),1.12,4.67,0.9,19.15,6.67,0.24
2013-01-01,2013,1,"Banana, Europe",Other Food,($/kg),1.1,-1.79,-1.79,14.58,-5.98,-0.31
2013-02-01,2013,2,"Banana, Europe",Other Food,($/kg),1.11,0.91,3.74,-10.48,-23.45,-0.07
2013-03-01,2013,3,"Banana, Europe",Other Food,($/kg),1.08,-2.7,-3.57,-11.48,-34.15,-0.23
2013-04-01,2013,4,"Banana, Europe",Other Food,($/kg),1.1,1.85,0.0,-12.7,-23.61,0.25
2013-05-01,2013,5,"Banana, Europe",Other Food,($/kg),1.05,-4.55,-5.41,-13.22,-16.0,-0.4
2013-06-01,2013,6,"Banana, Europe",Other Food,($/kg),1.06,0.95,-1.85,0.95,-3.64,0.18
2013-07-01,2013,7,"Banana, Europe",Other Food,($/kg),1.0,-5.66,-9.09,17.65,-9.09,-0.69
2013-08-01,2013,8,"Banana, Europe",Other Food,($/kg),0.98,-2.0,-6.67,0.0,-15.52,-0.53
2013-09-01,2013,9,"Banana, Europe",Other Food,($/kg),0.97,-1.02,-8.49,-12.61,-12.61,-0.22
2013-10-01,2013,10,"Banana, Europe",Other Food,($/kg),0.96,-1.03,-4.0,-14.29,2.13,0.01
2013-11-01,2013,11,"Banana, Europe",Other Food,($/kg),0.88,-8.33,-10.2,-17.76,0.0,-2.38
2013-12-01,2013,12,"Banana, Europe",Other Food,($/kg),0.97,10.23,0.0,-13.39,-3.96,3.34
2014-01-01,2014,1,"Banana, Europe",Other Food,($/kg),0.99,2.06,3.12,-10.0,-3.88,0.68
2014-02-01,2014,2,"Banana, Europe",Other Food,($/kg),1.05,6.06,19.32,-5.41,-1.87,1.46
2014-03-01,2014,3,"Banana, Europe",Other Food,($/kg),1.12,6.67,15.46,3.7,-15.79,1.38
2014-04-01,2014,4,"Banana, Europe",Other Food,($/kg),1.23,9.82,24.24,11.82,-4.65,1.74
2014-05-01,2014,5,"Banana, Europe",Other Food,($/kg),1.12,-8.94,6.67,6.67,-13.18,-1.66
2014-06-01,2014,6,"Banana, Europe",Other Food,($/kg),1.07,-4.46,-4.46,0.94,-16.41,-0.8
2014-07-01,2014,7,"Banana, Europe",Other Food,($/kg),1.02,-4.67,-17.07,2.0,-11.3,-0.74
2014-08-01,2014,8,"Banana, Europe",Other Food,($/kg),0.99,-2.94,-11.61,1.02,-8.33,-0.5
2014-09-01,2014,9,"Banana, Europe",Other Food,($/kg),0.97,-2.02,-9.35,0.0,-14.16,-0.35
2014-10-01,2014,10,"Banana, Europe",Other Food,($/kg),1.01,4.12,-0.98,5.21,-6.48,0.59
2014-11-01,2014,11,"Banana, Europe",Other Food,($/kg),1.0,-0.99,1.01,13.64,-2.91,-0.24
2014-12-01,2014,12,"Banana, Europe",Other Food,($/kg),0.95,-5.0,-2.06,-2.06,-4.04,-1.01
2015-01-01,2015,1,"Banana, Europe",Other Food,($/kg),0.89,-6.32,-11.88,-10.1,-5.32,-1.1
2015-02-01,2015,2,"Banana, Europe",Other Food,($/kg),0.94,5.62,-6.0,-10.48,-4.08,1.07
2015-03-01,2015,3,"Banana, Europe",Other Food,($/kg),0.93,-1.06,-2.11,-16.96,-16.96,-0.05
2015-04-01,2015,4,"Banana, Europe",Other Food,($/kg),0.91,-2.15,2.25,-26.02,-13.33,-0.14
2015-05-01,2015,5,"Banana, Europe",Other Food,($/kg),0.94,3.3,0.0,-16.07,-6.0,1.39
2015-06-01,2015,6,"Banana, Europe",Other Food,($/kg),0.9,-4.26,-3.23,-15.89,-13.46,-0.75
2015-07-01,2015,7,"Banana, Europe",Other Food,($/kg),0.89,-1.11,-2.2,-12.75,-7.29,0.07
2015-08-01,2015,8,"Banana, Europe",Other Food,($/kg),0.9,1.12,-4.26,-9.09,4.65,0.59
2015-09-01,2015,9,"Banana, Europe",Other Food,($/kg),0.91,1.11,1.11,-6.19,-6.19,0.5
2015-10-01,2015,10,"Banana, Europe",Other Food,($/kg),0.93,2.2,4.49,-7.92,-7.0,0.72
2015-11-01,2015,11,"Banana, Europe",Other Food,($/kg),0.85,-8.6,-5.56,-15.0,-17.48,-2.27
2015-12-01,2015,12,"Banana, Europe",Other Food,($/kg),0.86,1.18,-5.49,-9.47,-18.87,0.58
2016-01-01,2016,1,"Banana, Europe",Other Food,($/kg),0.86,0.0,-7.53,-3.37,-28.33,0.18
2016-02-01,2016,2,"Banana, Europe",Other Food,($/kg),0.93,8.14,9.41,-1.06,-29.01,2.27
2016-03-01,2016,3,"Banana, Europe",Other Food,($/kg),0.94,1.08,9.3,1.08,-24.8,0.27
2016-04-01,2016,4,"Banana, Europe",Other Food,($/kg),0.94,0.0,9.3,3.3,-27.13,-0.04
2016-05-01,2016,5,"Banana, Europe",Other Food,($/kg),0.93,-1.06,0.0,-1.06,-26.77,-0.35
2016-06-01,2016,6,"Banana, Europe",Other Food,($/kg),0.94,1.08,0.0,4.44,-21.01,0.28
2016-07-01,2016,7,"Banana, Europe",Other Food,($/kg),0.93,-1.06,-1.06,4.49,-13.89,-0.4
2016-08-01,2016,8,"Banana, Europe",Other Food,($/kg),0.9,-3.23,-3.23,0.0,-11.76,-0.99
2016-09-01,2016,9,"Banana, Europe",Other Food,($/kg),0.91,1.11,-3.19,0.0,-8.08,0.27
2016-10-01,2016,10,"Banana, Europe",Other Food,($/kg),0.9,-1.1,-3.23,-3.23,-9.09,-0.3
2016-11-01,2016,11,"Banana, Europe",Other Food,($/kg),0.86,-4.44,-4.44,1.18,-11.34,-1.12
2016-12-01,2016,12,"Banana, Europe",Other Food,($/kg),0.83,-3.49,-8.79,-3.49,-11.7,-1.18
2017-01-01,2017,1,"Banana, Europe",Other Food,($/kg),0.83,0.0,-7.78,-3.49,-13.54,0.08
2017-02-01,2017,2,"Banana, Europe",Other Food,($/kg),0.83,0.0,-3.49,-10.75,-33.06,0.08
2017-03-01,2017,3,"Banana, Europe",Other Food,($/kg),0.85,2.41,2.41,-9.57,-30.33,1.77
2017-04-01,2017,4,"Banana, Europe",Other Food,($/kg),0.87,2.35,4.82,-7.45,-30.95,1.55
2017-05-01,2017,5,"Banana, Europe",Other Food,($/kg),0.91,4.6,9.64,-2.15,-24.79,2.33
2017-06-01,2017,6,"Banana, Europe",Other Food,($/kg),0.93,2.2,9.41,-1.06,-11.43,0.87
2017-07-01,2017,7,"Banana, Europe",Other Food,($/kg),0.94,1.08,8.05,1.08,10.59,0.41
2017-08-01,2017,8,"Banana, Europe",Other Food,($/kg),0.94,0.0,3.3,4.44,-4.08,-0.05
2017-09-01,2017,9,"Banana, Europe",Other Food,($/kg),0.93,-1.06,0.0,2.2,-16.22,-0.57
2017-10-01,2017,10,"Banana, Europe",Other Food,($/kg),0.92,-1.08,-2.13,2.22,-17.86,-0.5
2017-11-01,2017,11,"Banana, Europe",Other Food,($/kg),0.93,1.09,-1.06,8.14,-13.08,0.34
2017-12-01,2017,12,"Banana, Europe",Other Food,($/kg),0.91,-2.15,-2.15,9.64,-18.75,-1.34
2018-01-01,2018,1,"Banana, Europe",Other Food,($/kg),0.98,7.69,6.52,18.07,-10.91,3.66
2018-02-01,2018,2,"Banana, Europe",Other Food,($/kg),1.07,9.18,15.05,28.92,-3.6,2.85
2018-03-01,2018,3,"Banana, Europe",Other Food,($/kg),1.11,3.74,21.98,30.59,2.78,0.45
2018-04-01,2018,4,"Banana, Europe",Other Food,($/kg),1.11,0.0,13.27,27.59,0.91,-0.66
2018-05-01,2018,5,"Banana, Europe",Other Food,($/kg),0.96,-13.51,-10.28,5.49,-8.57,-4.39
2018-06-01,2018,6,"Banana, Europe",Other Food,($/kg),0.92,-4.17,-17.12,-1.08,-13.21,-0.84
2018-07-01,2018,7,"Banana, Europe",Other Food,($/kg),0.88,-4.35,-20.72,-6.38,-12.0,-0.76
2018-08-01,2018,8,"Banana, Europe",Other Food,($/kg),0.84,-4.55,-12.5,-10.64,-14.29,-0.71
2018-09-01,2018,9,"Banana, Europe",Other Food,($/kg),0.89,5.95,-3.26,-4.3,-8.25,1.12
2018-10-01,2018,10,"Banana, Europe",Other Food,($/kg),0.91,2.25,3.41,-1.09,-5.21,0.38
2018-11-01,2018,11,"Banana, Europe",Other Food,($/kg),0.86,-5.49,2.38,-7.53,-2.27,-0.88
2018-12-01,2018,12,"Banana, Europe",Other Food,($/kg),0.84,-2.33,-5.62,-7.69,-13.4,-0.29
2019-01-01,2019,1,"Banana, Europe",Other Food,($/kg),0.85,1.19,-6.59,-13.27,-14.14,0.25
2019-02-01,2019,2,"Banana, Europe",Other Food,($/kg),0.87,2.35,1.16,-18.69,-17.14,0.55
2019-03-01,2019,3,"Banana, Europe",Other Food,($/kg),0.94,8.05,11.9,-15.32,-16.07,1.82
2019-04-01,2019,4,"Banana, Europe",Other Food,($/kg),0.93,-1.06,9.41,-16.22,-24.39,0.03
2019-05-01,2019,5,"Banana, Europe",Other Food,($/kg),0.92,-1.08,5.75,-4.17,-17.86,0.04
2019-06-01,2019,6,"Banana, Europe",Other Food,($/kg),0.89,-3.26,-5.32,-3.26,-16.82,-0.69
2019-07-01,2019,7,"Banana, Europe",Other Food,($/kg),0.86,-3.37,-7.53,-2.27,-15.69,-0.75
2019-08-01,2019,8,"Banana, Europe",Other Food,($/kg),0.83,-3.49,-9.78,-1.19,-16.16,-0.81
2019-09-01,2019,9,"Banana, Europe",Other Food,($/kg),0.85,2.41,-4.49,-4.49,-12.37,0.59
2019-10-01,2019,10,"Banana, Europe",Other Food,($/kg),0.86,1.18,0.0,-5.49,-14.85,0.4
2019-11-01,2019,11,"Banana, Europe",Other Food,($/kg),0.85,-1.16,2.41,-1.16,-15.0,-0.2
2019-12-01,2019,12,"Banana, Europe",Other Food,($/kg),0.86,1.18,1.18,2.38,-9.47,0.37
2020-01-01,2020,1,"Banana, Europe",Other Food,($/kg),0.87,1.16,1.16,2.35,-2.25,0.28
2020-02-01,2020,2,"Banana, Europe",Other Food,($/kg),0.9,3.45,5.88,3.45,-4.26,0.98
2020-03-01,2020,3,"Banana, Europe",Other Food,($/kg),0.91,1.11,5.81,-3.19,-2.15,0.23
2020-04-01,2020,4,"Banana, Europe",Other Food,($/kg),0.9,-1.1,3.45,-3.23,-1.1,-0.37
2020-05-01,2020,5,"Banana, Europe",Other Food,($/kg),0.91,1.11,1.11,-1.09,-3.19,0.58
2020-06-01,2020,6,"Banana, Europe",Other Food,($/kg),0.9,-1.1,-1.1,1.12,0.0,-0.44
2020-07-01,2020,7,"Banana, Europe",Other Food,($/kg),0.86,-4.44,-4.44,0.0,-3.37,-2.11
2020-08-01,2020,8,"Banana, Europe",Other Food,($/kg),0.9,4.65,-1.1,8.43,0.0,1.98
2020-09-01,2020,9,"Banana, Europe",Other Food,($/kg),0.91,1.11,1.11,7.06,0.0,0.17
2020-10-01,2020,10,"Banana, Europe",Other Food,($/kg),0.9,-1.1,4.65,4.65,-3.23,-0.72
2020-11-01,2020,11,"Banana, Europe",Other Food,($/kg),0.89,-1.11,-1.11,4.71,4.71,-0.64
2020-12-01,2020,12,"Banana, Europe",Other Food,($/kg),0.92,3.37,1.1,6.98,6.98,1.24
2021-01-01,2021,1,"Banana, Europe",Other Food,($/kg),0.94,2.17,4.44,8.05,9.3,0.63
2021-02-01,2021,2,"Banana, Europe",Other Food,($/kg),0.95,1.06,6.74,5.56,2.15,0.15
2021-03-01,2021,3,"Banana, Europe",Other Food,($/kg),0.95,0.0,3.26,4.4,1.06,-0.2
2021-04-01,2021,4,"Banana, Europe",Other Food,($/kg),0.96,1.05,2.13,6.67,2.13,0.28
2021-05-01,2021,5,"Banana, Europe",Other Food,($/kg),0.97,1.04,2.11,6.59,4.3,0.2
2021-06-01,2021,6,"Banana, Europe",Other Food,($/kg),0.95,-2.06,0.0,5.56,1.06,-1.1
2021-07-01,2021,7,"Banana, Europe",Other Food,($/kg),0.85,-10.53,-11.46,-1.16,-8.6,-4.49
2021-08-01,2021,8,"Banana, Europe",Other Food,($/kg),0.89,4.71,-8.25,-1.11,-1.11,1.24
2021-09-01,2021,9,"Banana, Europe",Other Food,($/kg),0.91,2.25,-4.21,0.0,0.0,0.59
2021-10-01,2021,10,"Banana, Europe",Other Food,($/kg),0.93,2.2,9.41,3.33,3.33,0.55
2021-11-01,2021,11,"Banana, Europe",Other Food,($/kg),0.9,-3.23,1.12,1.12,4.65,-0.92
2021-12-01,2021,12,"Banana, Europe",Other Food,($/kg),0.89,-1.11,-2.2,-3.26,7.23,-0.32
2022-01-01,2022,1,"Banana, Europe",Other Food,($/kg),0.91,2.25,-2.15,-3.19,9.64,0.63
2022-02-01,2022,2,"Banana, Europe",Other Food,($/kg),0.96,5.49,6.67,1.05,15.66,1.46
2022-03-01,2022,3,"Banana, Europe",Other Food,($/kg),0.97,1.04,8.99,2.11,14.12,0.21
2022-04-01,2022,4,"Banana, Europe",Other Food,($/kg),0.96,-1.03,5.49,0.0,10.34,-0.31
2022-05-01,2022,5,"Banana, Europe",Other Food,($/kg),0.96,0.0,0.0,-1.03,5.49,-0.02
2022-06-01,2022,6,"Banana, Europe",Other Food,($/kg),0.95,-1.04,-2.06,0.0,2.15,-0.25
2022-07-01,2022,7,"Banana, Europe",Other Food,($/kg),0.89,-6.32,-7.29,4.71,-5.32,-1.53
2022-08-01,2022,8,"Banana, Europe",Other Food,($/kg),0.88,-1.12,-8.33,-1.12,-6.38,-0.47
2022-09-01,2022,9,"Banana, Europe",Other Food,($/kg),0.9,2.27,-5.26,-1.1,-3.23,0.77
2022-10-01,2022,10,"Banana, Europe",Other Food,($/kg),0.95,5.56,6.74,2.15,3.26,1.85
2022-11-01,2022,11,"Banana, Europe",Other Food,($/kg),0.97,2.11,10.23,7.78,4.3,0.55
2022-12-01,2022,12,"Banana, Europe",Other Food,($/kg),1.01,4.12,12.22,13.48,10.99,1.06
2023-01-01,2023,1,"Banana, Europe",Other Food,($/kg),1.07,5.94,12.63,17.58,9.18,1.45
2023-02-01,2023,2,"Banana, Europe",Other Food,($/kg),1.1,2.8,13.4,14.58,2.8,0.38
2023-03-01,2023,3,"Banana, Europe",Other Food,($/kg),1.11,0.91,9.9,14.43,0.0,-0.08
2023-04-01,2023,4,"Banana, Europe",Other Food,($/kg),1.14,2.7,6.54,18.75,2.7,0.45
2023-05-01,2023,5,"Banana, Europe",Other Food,($/kg),1.11,-2.63,0.91,15.63,15.63,-1.23
2023-06-01,2023,6,"Banana, Europe",Other Food,($/kg),1.1,-0.9,-0.9,15.79,19.57,-0.61
2023-07-01,2023,7,"Banana, Europe",Other Food,($/kg),1.12,1.82,-1.75,25.84,27.27,0.15
2023-08-01,2023,8,"Banana, Europe",Other Food,($/kg),1.07,-4.46,-3.6,21.59,27.38,-2.47
2023-09-01,2023,9,"Banana, Europe",Other Food,($/kg),1.04,-2.8,-5.45,15.56,16.85,-1.45
2023-10-01,2023,10,"Banana, Europe",Other Food,($/kg),1.05,0.96,-6.25,10.53,15.38,-0.09
2023-11-01,2023,11,"Banana, Europe",Other Food,($/kg),1.08,2.86,0.93,11.34,25.58,0.65
2023-12-01,2023,12,"Banana, Europe",Other Food,($/kg),1.08,0.0,3.85,6.93,28.57,-0.3
2024-01-01,2024,1,"Banana, Europe",Other Food,($/kg),1.09,0.93,3.81,1.87,28.24,0.11
2024-02-01,2024,2,"Banana, Europe",Other Food,($/kg),1.07,-1.83,-0.93,-2.73,22.99,-0.83
2024-03-01,2024,3,"Banana, Europe",Other Food,($/kg),1.08,0.93,0.0,-2.7,14.89,0.49
2024-04-01,2024,4,"Banana, Europe",Other Food,($/kg),1.07,-0.93,-1.83,-6.14,15.05,-0.31
2024-05-01,2024,5,"Banana, Europe",Other Food,($/kg),1.08,0.93,0.93,-2.7,17.39,0.67
2024-06-01,2024,6,"Banana, Europe",Other Food,($/kg),1.06,-1.85,-1.85,-3.64,19.1,-0.79
2024-07-01,2024,7,"Banana, Europe",Other Food,($/kg),1.08,1.89,0.93,-3.57,25.58,1.03
2024-08-01,2024,8,"Banana, Europe",Other Food,($/kg),1.07,-0.93,-0.93,0.0,28.92,-0.3
2024-09-01,2024,9,"Banana, Europe",Other Food,($/kg),1.07,0.0,0.94,2.88,25.88,-0.01
2024-10-01,2024,10,"Banana, Europe",Other Food,($/kg),1.05,-1.87,-2.78,0.0,22.09,-1.46
2024-11-01,2024,11,"Banana, Europe",Other Food,($/kg),1.04,-0.95,-2.8,-3.7,22.35,-0.62
2024-12-01,2024,12,"Banana, Europe",Other Food,($/kg),1.04,0.0,-2.8,-3.7,20.93,0.24
2025-01-01,2025,1,"Banana, Europe",Other Food,($/kg),1.02,-1.92,-2.86,-6.42,17.24,-1.27
2025-02-01,2025,2,"Banana, Europe",Other Food,($/kg),1.03,0.98,-0.96,-3.74,14.44,1.18
2025-03-01,2025,3,"Banana, Europe",Other Food,($/kg),1.08,4.85,3.85,0.0,18.68,4.0
2025-04-01,2025,4,"Banana, Europe",Other Food,($/kg),1.12,3.7,9.8,4.67,24.44,1.88
2025-05-01,2025,5,"Banana, Europe",Other Food,($/kg),1.14,1.79,10.68,5.56,25.27,0.63
2025-06-01,2025,6,"Banana, Europe",Other Food,($/kg),1.16,1.75,7.41,9.43,28.89,0.57
2025-07-01,2025,7,"Banana, Europe",Other Food,($/kg),1.15,-0.86,2.68,6.48,33.72,-0.77
2025-08-01,2025,8,"Banana, Europe",Other Food,($/kg),1.12,-2.61,-1.75,4.67,24.44,-1.47
2025-09-01,2025,9,"Banana, Europe",Other Food,($/kg),1.15,2.68,-0.86,7.48,26.37,0.99
2025-10-01,2025,10,"Banana, Europe",Other Food,($/kg),1.13,-1.74,-1.74,7.62,25.56,-0.99
2025-11-01,2025,11,"Banana, Europe",Other Food,($/kg),1.11,-1.77,-0.89,6.73,24.72,-1.02
2025-12-01,2025,12,"Banana, Europe",Other Food,($/kg),1.1,-0.9,-4.35,5.77,19.57,-0.6
2026-01-01,2026,1,"Banana, Europe",Other Food,($/kg),1.12,1.82,-0.88,9.8,19.15,0.54
2026-02-01,2026,2,"Banana, Europe",Other Food,($/kg),1.14,1.79,2.7,10.68,20.0,0.41
2026-03-01,2026,3,"Banana, Europe",Other Food,($/kg),1.11,-2.63,0.91,2.78,16.84,-1.47
2026-04-01,2026,4,"Banana, Europe",Other Food,($/kg),1.12,0.9,0.0,0.0,16.67,0.29
2026-05-01,2026,5,"Banana, Europe",Other Food,($/kg),1.14,1.79,0.0,0.0,17.53,0.9
2026-06-01,2026,6,"Banana, Europe",Other Food,($/kg),1.11,-2.63,0.0,-4.31,16.84,-1.35
2026-07-01,2026,7,"Banana, Europe",Other Food,($/kg),1.09,-1.8,-2.68,-5.22,28.24,-0.72
2026-08-01,2026,8,"Banana, Europe",Other Food,($/kg),1.07,-1.83,-6.14,-4.46,20.22,-0.69
2026-09-01,2026,9,"Banana, Europe",Other Food,($/kg),1.12,4.67,0.9,-2.61,23.08,2.53
1960-01-01,1960,1,"Banana, US",Other Food,($/kg),0.14,,,,,
1960-02-01,1960,2,"Banana, US",Other Food,($/kg),0.14,0.0,,,,
1960-03-01,1960,3,"Banana, US",Other Food,($/kg),0.14,0.0,,,,
1960-04-01,1960,4,"Banana, US",Other Food,($/kg),0.14,0.0,0.0,,,
1960-05-01,1960,5,"Banana, US",Other Food,($/kg),0.15,7.14,7.14,,,
1960-06-01,1960,6,"Banana, US",Other Food,($/kg),0.15,0.0,7.14,,,
1960-07-01,1960,7,"Banana, US",Other Food,($/kg),0.15,0.0,7.14,,,
1960-08-01,1960,8,"Banana, US",Other Food,($/kg),0.13,-13.33,-13.33,,,-4.98
1960-09-01,1960,9,"Banana, US",Other Food,($/kg),0.14,7.69,-6.67,,,1.41
1960-10-01,1960,10,"Banana, US",Other Food,($/kg),0.15,7.14,0.0,,,1.08
1960-11-01,1960,11,"Banana, US",Other Food,($/kg),0.13,-13.33,0.0,,,-2.22
1960-12-01,1960,12,"Banana, US",Other Food,($/kg),0.15,15.38,7.14,,,2.1
1961-01-01,1961,1,"Banana, US",Other Food,($/kg),0.13,-13.33,-13.33,-7.14,,-1.66
1961-02-01,1961,2,"Banana, US",Other Food,($/kg),0.13,0.0,0.0,-7.14,,0.02
1961-03-01,1961,3,"Banana, US",Other Food,($/kg),0.14,7.69,-6.67,0.0,,0.86
1961-04-01,1961,4,"Banana, US",Other Food,($/kg),0.14,0.0,7.69,0.0,,-0.04
1961-05-01,1961,5,"Banana, US",Other Food,($/kg),0.13,-7.14,0.0,-13.33,,-0.8
1961-06-01,1961,6,"Banana, US",Other Food,($/kg),0.12,-7.69,-14.29,-20.0,,-0.73
1961-07-01,1961,7,"Banana, US",Other Food,($/kg),0.13,8.33,-7.14,-13.33,,1.01
1961-08-01,1961,8,"Banana, US",Other Food,($/kg),0.13,0.0,0.0,0.0,,0.07
1961-09-01,1961,9,"Banana, US",Other Food,($/kg),0.15,15.38,25.0,7.14,,1.62
1961-10-01,1961,10,"Banana, US",Other Food,($/kg),0.13,-13.33,0.0,-13.33,,-1.43
1961-11-01,1961,11,"Banana, US",Other Food,($/kg),0.15,15.38,15.38,15.38,,1.51
1961-12-01,1961,12,"Banana, US",Other Food,($/kg),0.14,-6.67,-6.67,-6.67,,-0.78
1962-01-01,1962,1,"Banana, US",Other Food,($/kg),0.13,-7.14,0.0,0.0,,-0.7
1962-02-01,1962,2,"Banana, US",Other Food,($/kg),0.14,7.69,-6.67,7.69,,0.77
1962-03-01,1962,3,"Banana, US",Other Food,($/kg),0.15,7.14,7.14,7.14,,0.63
1962-04-01,1962,4,"Banana, US",Other Food,($/kg),0.15,0.0,15.38,7.14,,-0.1
1962-05-01,1962,5,"Banana, US",Other Food,($/kg),0.14,-6.67,0.0,7.69,,-0.79
1962-06-01,1962,6,"Banana, US",Other Food,($/kg),0.12,-14.29,-20.0,0.0,,-1.59
1962-07-01,1962,7,"Banana, US",Other Food,($/kg),0.12,0.0,-20.0,-7.69,,-0.05
1962-08-01,1962,8,"Banana, US",Other Food,($/kg),0.12,0.0,-14.29,-7.69,,0.02
1962-09-01,1962,9,"Banana, US",Other Food,($/kg),0.12,0.0,0.0,-20.0,,0.02
1962-10-01,1962,10,"Banana, US",Other Food,($/kg),0.12,0.0,0.0,-7.69,,0.17
1962-11-01,1962,11,"Banana, US",Other Food,($/kg),0.15,25.0,25.0,0.0,,3.21
1962-12-01,1962,12,"Banana, US",Other Food,($/kg),0.13,-13.33,8.33,-7.14,,-1.39
1963-01-01,1963,1,"Banana, US",Other Food,($/kg),0.13,0.0,8.33,0.0,,0.01
1963-02-01,1963,2,"Banana, US",Other Food,($/kg),0.13,0.0,-13.33,-7.14,,-0.05
1963-03-01,1963,3,"Banana, US",Other Food,($/kg),0.13,0.0,0.0,-13.33,,0.02
1963-04-01,1963,4,"Banana, US",Other Food,($/kg),0.13,0.0,0.0,-13.33,,0.08
1963-05-01,1963,5,"Banana, US",Other Food,($/kg),0.13,0.0,0.0,-7.14,,0.08
1963-06-01,1963,6,"Banana, US",Other Food,($/kg),0.13,0.0,0.0,8.33,,0.02
1963-07-01,1963,7,"Banana, US",Other Food,($/kg),0.13,0.0,0.0,8.33,,-0.11
1963-08-01,1963,8,"Banana, US",Other Food,($/kg),0.17,30.77,30.77,41.67,,3.51
1963-09-01,1963,9,"Banana, US",Other Food,($/kg),0.16,-5.88,23.08,33.33,,-0.78
1963-10-01,1963,10,"Banana, US",Other Food,($/kg),0.18,12.5,38.46,50.0,,0.77
1963-11-01,1963,11,"Banana, US",Other Food,($/kg),0.15,-16.67,-11.76,0.0,,-1.65
1963-12-01,1963,12,"Banana, US",Other Food,($/kg),0.16,6.67,0.0,23.08,,0.5
1964-01-01,1964,1,"Banana, US",Other Food,($/kg),0.15,-6.25,-16.67,15.38,,-0.76
1964-02-01,1964,2,"Banana, US",Other Food,($/kg),0.16,6.67,6.67,23.08,,0.43
1964-03-01,1964,3,"Banana, US",Other Food,($/kg),0.16,0.0,0.0,23.08,,-0.2
1964-04-01,1964,4,"Banana, US",Other Food,($/kg),0.2,25.0,33.33,53.85,,1.96
1964-05-01,1964,5,"Banana, US",Other Food,($/kg),0.21,5.0,31.25,61.54,,0.05
1964-06-01,1964,6,"Banana, US",Other Food,($/kg),0.21,0.0,31.25,61.54,,-0.37
1964-07-01,1964,7,"Banana, US",Other Food,($/kg),0.17,-19.05,-15.0,30.77,,-1.81
1964-08-01,1964,8,"Banana, US",Other Food,($/kg),0.16,-5.88,-23.81,-5.88,,-0.61
1964-09-01,1964,9,"Banana, US",Other Food,($/kg),0.18,12.5,-14.29,12.5,,1.01
1964-10-01,1964,10,"Banana, US",Other Food,($/kg),0.16,-11.11,-5.88,-11.11,,-1.02
1964-11-01,1964,11,"Banana, US",Other Food,($/kg),0.16,0.0,0.0,6.67,,0.02
1964-12-01,1964,12,"Banana, US",Other Food,($/kg),0.13,-18.75,-27.78,-18.75,,-1.74
1965-01-01,1965,1,"Banana, US",Other Food,($/kg),0.13,0.0,-18.75,-13.33,-7.14,0.08
1965-02-01,1965,2,"Banana, US",Other Food,($/kg),0.16,23.08,0.0,0.0,14.29,1.88
1965-03-01,1965,3,"Banana, US",Other Food,($/kg),0.15,-6.25,15.38,-6.25,7.14,-0.51
1965-04-01,1965,4,"Banana, US",Other Food,($/kg),0.16,6.67,23.08,-20.0,14.29,0.44
1965-05-01,1965,5,"Banana, US",Other Food,($/kg),0.15,-6.25,-6.25,-28.57,0.0,-0.42
1965-06-01,1965,6,"Banana, US",Other Food,($/kg),0.17,13.33,13.33,-19.05,13.33,1.27
1965-07-01,1965,7,"Banana, US",Other Food,($/kg),0.18,5.88,12.5,5.88,20.0,0.53
1965-08-01,1965,8,"Banana, US",Other Food,($/kg),0.17,-5.56,13.33,6.25,30.77,-0.57
1965-09-01,1965,9,"Banana, US",Other Food,($/kg),0.18,5.88,5.88,0.0,28.57,0.41
1965-10-01,1965,10,"Banana, US",Other Food,($/kg),0.19,5.56,5.56,18.75,26.67,0.44
1965-11-01,1965,11,"Banana, US",Other Food,($/kg),0.15,-21.05,-11.76,-6.25,15.38,-2.14
1965-12-01,1965,12,"Banana, US",Other Food,($/kg),0.13,-13.33,-27.78,0.0,-13.33,-1.07
1966-01-01,1966,1,"Banana, US",Other Food,($/kg),0.13,0.0,-31.58,0.0,0.0,-0.06
1966-02-01,1966,2,"Banana, US",Other Food,($/kg),0.14,7.69,-6.67,-12.5,7.69,0.59
1966-03-01,1966,3,"Banana, US",Other Food,($/kg),0.17,21.43,30.77,13.33,21.43,2.2
1966-04-01,1966,4,"Banana, US",Other Food,($/kg),0.19,11.76,46.15,18.75,35.71,0.86
1966-05-01,1966,5,"Banana, US",Other Food,($/kg),0.18,-5.26,28.57,20.0,38.46,-0.62
1966-06-01,1966,6,"Banana, US",Other Food,($/kg),0.18,0.0,5.88,5.88,50.0,-0.18
1966-07-01,1966,7,"Banana, US",Other Food,($/kg),0.14,-22.22,-26.32,-22.22,7.69,-2.05
1966-08-01,1966,8,"Banana, US",Other Food,($/kg),0.16,14.29,-11.11,-5.88,23.08,1.19
1966-09-01,1966,9,"Banana, US",Other Food,($/kg),0.14,-12.5,-22.22,-22.22,-6.67,-0.94
1966-10-01,1966,10,"Banana, US",Other Food,($/kg),0.13,-7.14,-7.14,-31.58,0.0,-0.43
1966-11-01,1966,11,"Banana, US",Other Food,($/kg),0.14,7.69,-12.5,-6.67,-6.67,0.71
1966-12-01,1966,12,"Banana, US",Other Food,($/kg),0.14,0.0,0.0,7.69,0.0,-0.02
1967-01-01,1967,1,"Banana, US",Other Food,($/kg),0.16,14.29,23.08,23.08,23.08,1.07
1967-02-01,1967,2,"Banana, US",Other Food,($/kg),0.14,-12.5,0.0,0.0,0.0,-1.18
1967-03-01,1967,3,"Banana, US",Other Food,($/kg),0.16,14.29,14.29,-5.88,6.67,1.01
1967-04-01,1967,4,"Banana, US",Other Food,($/kg),0.16,0.0,0.0,-15.79,6.67,-0.02
1967-05-01,1967,5,"Banana, US",Other Food,($/kg),0.15,-6.25,7.14,-16.67,7.14,-0.46
1967-06-01,1967,6,"Banana, US",Other Food,($/kg),0.16,6.67,0.0,-11.11,33.33,0.63
1967-07-01,1967,7,"Banana, US",Other Food,($/kg),0.16,0.0,0.0,14.29,33.33,0.02
1967-08-01,1967,8,"Banana, US",Other Food,($/kg),0.15,-6.25,0.0,-6.25,25.0,-0.79
1967-09-01,1967,9,"Banana, US",Other Food,($/kg),0.18,20.0,12.5,28.57,50.0,2.16
1967-10-01,1967,10,"Banana, US",Other Food,($/kg),0.18,0.0,12.5,38.46,50.0,-0.25
1967-11-01,1967,11,"Banana, US",Other Food,($/kg),0.16,-11.11,6.67,14.29,6.67,-1.48
1967-12-01,1967,12,"Banana, US",Other Food,($/kg),0.13,-18.75,-27.78,-7.14,0.0,-1.96
1968-01-01,1968,1,"Banana, US",Other Food,($/kg),0.11,-15.38,-38.89,-31.25,-15.38,-1.29
1968-02-01,1968,2,"Banana, US",Other Food,($/kg),0.17,54.55,6.25,21.43,30.77,4.84
1968-03-01,1968,3,"Banana, US",Other Food,($/kg),0.16,-5.88,23.08,0.0,23.08,-0.46
1968-04-01,1968,4,"Banana, US",Other Food,($/kg),0.17,6.25,54.55,6.25,30.77,0.24
1968-05-01,1968,5,"Banana, US",Other Food,($/kg),0.18,5.88,5.88,20.0,38.46,0.2
1968-06-01,1968,6,"Banana, US",Other Food,($/kg),0.15,-16.67,-6.25,-6.25,15.38,-1.01
1968-07-01,1968,7,"Banana, US",Other Food,($/kg),0.16,6.67,-5.88,0.0,23.08,0.28
1968-08-01,1968,8,"Banana, US",Other Food,($/kg),0.14,-12.5,-22.22,-6.67,-17.65,-0.7
1968-09-01,1968,9,"Banana, US",Other Food,($/kg),0.16,14.29,6.67,-11.11,0.0,0.64
1968-10-01,1968,10,"Banana, US",Other Food,($/kg),0.15,-6.25,-6.25,-16.67,-16.67,-0.34
1968-11-01,1968,11,"Banana, US",Other Food,($/kg),0.14,-6.67,0.0,-12.5,-6.67,-0.33
1968-12-01,1968,12,"Banana, US",Other Food,($/kg),0.13,-7.14,-18.75,0.0,-18.75,-0.38
1969-01-01,1969,1,"Banana, US",Other Food,($/kg),0.14,7.69,-6.67,27.27,-6.67,0.32
1969-02-01,1969,2,"Banana, US",Other Food,($/kg),0.14,0.0,0.0,-17.65,-12.5,-0.18
1969-03-01,1969,3,"Banana, US",Other Food,($/kg),0.15,7.14,15.38,-6.25,-6.25,0.89
1969-04-01,1969,4,"Banana, US",Other Food,($/kg),0.15,0.0,7.14,-11.76,-25.0,0.01
1969-05-01,1969,5,"Banana, US",Other Food,($/kg),0.17,13.33,21.43,-5.56,-19.05,1.5
1969-06-01,1969,6,"Banana, US",Other Food,($/kg),0.16,-5.88,6.67,6.67,-23.81,-0.59
1969-07-01,1969,7,"Banana, US",Other Food,($/kg),0.15,-6.25,0.0,-6.25,-11.76,-0.81
1969-08-01,1969,8,"Banana, US",Other Food,($/kg),0.17,13.33,0.0,21.43,6.25,1.53
1969-09-01,1969,9,"Banana, US",Other Food,($/kg),0.18,5.88,12.5,12.5,0.0,0.45
1969-10-01,1969,10,"Banana, US",Other Food,($/kg),0.17,-5.56,13.33,13.33,6.25,-0.86
1969-11-01,1969,11,"Banana, US",Other Food,($/kg),0.16,-5.88,-5.88,14.29,0.0,-0.92
1969-12-01,1969,12,"Banana, US",Other Food,($/kg),0.16,0.0,-11.11,23.08,23.08,-0.18
1970-01-01,1970,1,"Banana, US",Other Food,($/kg),0.17,6.25,0.0,21.43,30.77,0.58
1970-02-01,1970,2,"Banana, US",Other Food,($/kg),0.17,0.0,6.25,21.43,6.25,-0.26
1970-03-01,1970,3,"Banana, US",Other Food,($/kg),0.19,11.76,18.75,26.67,26.67,1.37
1970-04-01,1970,4,"Banana, US",Other Food,($/kg),0.17,-10.53,0.0,13.33,6.25,-1.67
1970-05-01,1970,5,"Banana, US",Other Food,($/kg),0.19,11.76,11.76,11.76,26.67,1.22
1970-06-01,1970,6,"Banana, US",Other Food,($/kg),0.18,-5.26,-5.26,12.5,5.88,-0.78
1970-07-01,1970,7,"Banana, US",Other Food,($/kg),0.15,-16.67,-11.76,0.0,-16.67,-2.17
1970-08-01,1970,8,"Banana, US",Other Food,($/kg),0.16,6.67,-15.79,-5.88,-5.88,0.65
1970-09-01,1970,9,"Banana, US",Other Food,($/kg),0.16,0.0,-11.11,-11.11,-11.11,0.01
1970-10-01,1970,10,"Banana, US",Other Food,($/kg),0.17,6.25,13.33,0.0,-10.53,0.79
1970-11-01,1970,11,"Banana, US",Other Food,($/kg),0.15,-11.76,-6.25,-6.25,0.0,-1.38
1970-12-01,1970,12,"Banana, US",Other Food,($/kg),0.13,-13.33,-18.75,-18.75,0.0,-1.42
1971-01-01,1971,1,"Banana, US",Other Food,($/kg),0.14,7.69,-17.65,-17.65,7.69,0.89
1971-02-01,1971,2,"Banana, US",Other Food,($/kg),0.14,0.0,-6.67,-17.65,0.0,0.11
1971-03-01,1971,3,"Banana, US",Other Food,($/kg),0.14,0.0,7.69,-26.32,-17.65,0.11
1971-04-01,1971,4,"Banana, US",Other Food,($/kg),0.14,0.0,0.0,-17.65,-26.32,0.22
1971-05-01,1971,5,"Banana, US",Other Food,($/kg),0.14,0.0,0.0,-26.32,-22.22,0.14
1971-06-01,1971,6,"Banana, US",Other Food,($/kg),0.14,0.0,0.0,-22.22,-22.22,0.27
1971-07-01,1971,7,"Banana, US",Other Food,($/kg),0.14,0.0,0.0,-6.67,0.0,0.22
1971-08-01,1971,8,"Banana, US",Other Food,($/kg),0.15,7.14,7.14,-6.25,-6.25,1.17
1971-09-01,1971,9,"Banana, US",Other Food,($/kg),0.15,0.0,7.14,-6.25,7.14,0.05
1971-10-01,1971,10,"Banana, US",Other Food,($/kg),0.14,-6.67,0.0,-17.65,7.69,-0.97
1971-11-01,1971,11,"Banana, US",Other Food,($/kg),0.14,0.0,-6.67,-6.67,0.0,0.22
1971-12-01,1971,12,"Banana, US",Other Food,($/kg),0.14,0.0,-6.67,7.69,0.0,0.08
1972-01-01,1972,1,"Banana, US",Other Food,($/kg),0.13,-7.14,-7.14,-7.14,-18.75,-2.13
1972-02-01,1972,2,"Banana, US",Other Food,($/kg),0.14,7.69,0.0,0.0,0.0,2.29
1972-03-01,1972,3,"Banana, US",Other Food,($/kg),0.13,-7.14,-7.14,-7.14,-18.75,-1.67
1972-04-01,1972,4,"Banana, US",Other Food,($/kg),0.14,7.69,7.69,0.0,-12.5,1.71
1972-05-01,1972,5,"Banana, US",Other Food,($/kg),0.14,0.0,0.0,0.0,-6.67,-0.02
1972-06-01,1972,6,"Banana, US",Other Food,($/kg),0.14,0.0,7.69,0.0,-12.5,-0.02
1972-07-01,1972,7,"Banana, US",Other Food,($/kg),0.13,-7.14,-7.14,-7.14,-18.75,-1.36
1972-08-01,1972,8,"Banana, US",Other Food,($/kg),0.14,7.69,0.0,-6.67,-6.67,1.42
1972-09-01,1972,9,"Banana, US",Other Food,($/kg),0.13,-7.14,-7.14,-13.33,-27.78,-1.15
1972-10-01,1972,10,"Banana, US",Other Food,($/kg),0.14,7.69,7.69,0.0,-22.22,1.42
1972-11-01,1972,11,"Banana, US",Other Food,($/kg),0.14,0.0,0.0,0.0,-12.5,-0.03
1972-12-01,1972,12,"Banana, US",Other Food,($/kg),0.13,-7.14,0.0,-7.14,0.0,-1.16
1973-01-01,1973,1,"Banana, US",Other Food,($/kg),0.14,7.69,0.0,7.69,27.27,1.21
1973-02-01,1973,2,"Banana, US",Other Food,($/kg),0.14,0.0,0.0,0.0,-17.65,-0.12
1973-03-01,1973,3,"Banana, US",Other Food,($/kg),0.14,0.0,7.69,7.69,-12.5,-0.03
1973-04-01,1973,4,"Banana, US",Other Food,($/kg),0.15,7.14,7.14,7.14,-11.76,1.08
1973-05-01,1973,5,"Banana, US",Other Food,($/kg),0.16,6.67,14.29,14.29,-11.11,1.02
1973-06-01,1973,6,"Banana, US",Other Food,($/kg),0.16,0.0,14.29,14.29,6.67,-0.21
1973-07-01,1973,7,"Banana, US",Other Food,($/kg),0.15,-6.25,0.0,15.38,-6.25,-1.24
1973-08-01,1973,8,"Banana, US",Other Food,($/kg),0.15,0.0,-6.25,7.14,7.14,-0.23
1973-09-01,1973,9,"Banana, US",Other Food,($/kg),0.14,-6.67,-12.5,7.69,-12.5,-1.31
1973-10-01,1973,10,"Banana, US",Other Food,($/kg),0.15,7.14,0.0,7.14,0.0,1.15
1973-11-01,1973,11,"Banana, US",Other Food,($/kg),0.14,-6.67,-6.67,0.0,0.0,-1.34
1973-12-01,1973,12,"Banana, US",Other Food,($/kg),0.13,-7.14,-7.14,0.0,0.0,-1.24
1974-01-01,1974,1,"Banana, US",Other Food,($/kg),0.17,30.77,13.33,21.43,21.43,5.18
1974-02-01,1974,2,"Banana, US",Other Food,($/kg),0.16,-5.88,14.29,14.29,14.29,-0.76
1974-03-01,1974,3,"Banana, US",Other Food,($/kg),0.14,-12.5,7.69,0.0,-6.67,-1.31
1974-04-01,1974,4,"Banana, US",Other Food,($/kg),0.16,14.29,-5.88,6.67,6.67,1.19
1974-05-01,1974,5,"Banana, US",Other Food,($/kg),0.21,31.25,31.25,31.25,23.53,2.5
1974-06-01,1974,6,"Banana, US",Other Food,($/kg),0.19,-9.52,35.71,18.75,18.75,-0.86
1974-07-01,1974,7,"Banana, US",Other Food,($/kg),0.22,15.79,37.5,46.67,46.67,0.88
1974-08-01,1974,8,"Banana, US",Other Food,($/kg),0.19,-13.64,-9.52,26.67,11.76,-1.16
1974-09-01,1974,9,"Banana, US",Other Food,($/kg),0.22,15.79,15.79,57.14,22.22,0.78
1974-10-01,1974,10,"Banana, US",Other Food,($/kg),0.19,-13.64,-13.64,26.67,11.76,-1.14
1974-11-01,1974,11,"Banana, US",Other Food,($/kg),0.17,-10.53,-10.53,21.43,6.25,-0.8
1974-12-01,1974,12,"Banana, US",Other Food,($/kg),0.17,0.0,-22.73,30.77,6.25,-0.17
1975-01-01,1975,1,"Banana, US",Other Food,($/kg),0.22,29.41,15.79,29.41,29.41,1.51
1975-02-01,1975,2,"Banana, US",Other Food,($/kg),0.24,9.09,41.18,50.0,41.18,0.34
1975-03-01,1975,3,"Banana, US",Other Food,($/kg),0.25,4.17,47.06,78.57,31.58,-0.03
1975-04-01,1975,4,"Banana, US",Other Food,($/kg),0.25,0.0,13.64,56.25,47.06,-0.38
1975-05-01,1975,5,"Banana, US",Other Food,($/kg),0.25,0.0,4.17,19.05,31.58,-0.31
1975-06-01,1975,6,"Banana, US",Other Food,($/kg),0.24,-4.0,-4.0,26.32,33.33,-0.47
1975-07-01,1975,7,"Banana, US",Other Food,($/kg),0.17,-29.17,-32.0,-22.73,13.33,-2.44
1975-08-01,1975,8,"Banana, US",Other Food,($/kg),0.2,17.65,-20.0,5.26,25.0,1.23
1975-09-01,1975,9,"Banana, US",Other Food,($/kg),0.22,10.0,-8.33,0.0,37.5,0.54
1975-10-01,1975,10,"Banana, US",Other Food,($/kg),0.19,-13.64,11.76,0.0,11.76,-0.97
1975-11-01,1975,11,"Banana, US",Other Food,($/kg),0.2,5.26,0.0,17.65,33.33,0.28
1975-12-01,1975,12,"Banana, US",Other Food,($/kg),0.19,-5.0,-13.64,11.76,46.15,-0.5
1976-01-01,1976,1,"Banana, US",Other Food,($/kg),0.24,26.32,26.32,9.09,71.43,1.64
1976-02-01,1976,2,"Banana, US",Other Food,($/kg),0.26,8.33,30.0,8.33,85.71,0.46
1976-03-01,1976,3,"Banana, US",Other Food,($/kg),0.27,3.85,42.11,8.0,92.86,0.15
1976-04-01,1976,4,"Banana, US",Other Food,($/kg),0.27,0.0,12.5,8.0,92.86,-0.11
1976-05-01,1976,5,"Banana, US",Other Food,($/kg),0.28,3.7,7.69,12.0,100.0,0.14
1976-06-01,1976,6,"Banana, US",Other Food,($/kg),0.27,-3.57,0.0,12.5,92.86,-0.38
1976-07-01,1976,7,"Banana, US",Other Food,($/kg),0.26,-3.7,-3.7,52.94,85.71,-0.4
1976-08-01,1976,8,"Banana, US",Other Food,($/kg),0.27,3.85,-3.57,35.0,80.0,-0.02
1976-09-01,1976,9,"Banana, US",Other Food,($/kg),0.26,-3.7,-3.7,18.18,73.33,-0.68
1976-10-01,1976,10,"Banana, US",Other Food,($/kg),0.27,3.85,3.85,42.11,92.86,0.21
1976-11-01,1976,11,"Banana, US",Other Food,($/kg),0.23,-14.81,-14.81,15.0,64.29,-2.14
1976-12-01,1976,12,"Banana, US",Other Food,($/kg),0.24,4.35,-7.69,26.32,71.43,0.28
1977-01-01,1977,1,"Banana, US",Other Food,($/kg),0.24,0.0,-11.11,0.0,84.62,-0.24
1977-02-01,1977,2,"Banana, US",Other Food,($/kg),0.3,25.0,30.43,15.38,114.29,4.09
1977-03-01,1977,3,"Banana, US",Other Food,($/kg),0.33,10.0,37.5,22.22,153.85,0.92
1977-04-01,1977,4,"Banana, US",Other Food,($/kg),0.3,-9.09,25.0,11.11,114.29,-1.17
1977-05-01,1977,5,"Banana, US",Other Food,($/kg),0.32,6.67,6.67,14.29,128.57,0.53
1977-06-01,1977,6,"Banana, US",Other Food,($/kg),0.29,-9.38,-12.12,7.41,107.14,-1.08
1977-07-01,1977,7,"Banana, US",Other Food,($/kg),0.23,-20.69,-23.33,-11.54,76.92,-2.07
1977-08-01,1977,8,"Banana, US",Other Food,($/kg),0.24,4.35,-25.0,-11.11,71.43,0.38
1977-09-01,1977,9,"Banana, US",Other Food,($/kg),0.25,4.17,-13.79,-3.85,92.31,0.36
1977-10-01,1977,10,"Banana, US",Other Food,($/kg),0.26,4.0,13.04,-3.7,85.71,0.3
1977-11-01,1977,11,"Banana, US",Other Food,($/kg),0.26,0.0,8.33,13.04,85.71,-0.03
1977-12-01,1977,12,"Banana, US",Other Food,($/kg),0.26,0.0,4.0,8.33,100.0,-0.14
1978-01-01,1978,1,"Banana, US",Other Food,($/kg),0.26,0.0,0.0,8.33,85.71,-0.11
1978-02-01,1978,2,"Banana, US",Other Food,($/kg),0.3,15.38,15.38,0.0,114.29,1.25
1978-03-01,1978,3,"Banana, US",Other Food,($/kg),0.35,16.67,34.62,6.06,150.0,1.68
1978-04-01,1978,4,"Banana, US",Other Food,($/kg),0.36,2.86,38.46,20.0,140.0,0.18
1978-05-01,1978,5,"Banana, US",Other Food,($/kg),0.36,0.0,20.0,12.5,125.0,-0.2
1978-06-01,1978,6,"Banana, US",Other Food,($/kg),0.26,-27.78,-25.71,-10.34,62.5,-2.97
1978-07-01,1978,7,"Banana, US",Other Food,($/kg),0.24,-7.69,-33.33,4.35,60.0,-0.6
1978-08-01,1978,8,"Banana, US",Other Food,($/kg),0.25,4.17,-30.56,4.17,66.67,0.28
1978-09-01,1978,9,"Banana, US",Other Food,($/kg),0.25,0.0,-3.85,0.0,78.57,-0.09
1978-10-01,1978,10,"Banana, US",Other Food,($/kg),0.26,4.0,8.33,0.0,73.33,0.3
1978-11-01,1978,11,"Banana, US",Other Food,($/kg),0.27,3.85,8.0,3.85,92.86,0.29
1978-12-01,1978,12,"Banana, US",Other Food,($/kg),0.29,7.41,16.0,11.54,123.08,0.57
1979-01-01,1979,1,"Banana, US",Other Food,($/kg),0.27,-6.9,3.85,3.85,58.82,-0.74
1979-02-01,1979,2,"Banana, US",Other Food,($/kg),0.31,14.81,14.81,3.33,93.75,1.19
1979-03-01,1979,3,"Banana, US",Other Food,($/kg),0.32,3.23,10.34,-8.57,128.57,0.2
1979-04-01,1979,4,"Banana, US",Other Food,($/kg),0.37,15.62,37.04,2.78,131.25,1.5
1979-05-01,1979,5,"Banana, US",Other Food,($/kg),0.37,0.0,19.35,2.78,76.19,-0.08
1979-06-01,1979,6,"Banana, US",Other Food,($/kg),0.38,2.7,18.75,46.15,100.0,0.16
1979-07-01,1979,7,"Banana, US",Other Food,($/kg),0.34,-10.53,-8.11,41.67,54.55,-1.97
1979-08-01,1979,8,"Banana, US",Other Food,($/kg),0.3,-11.76,-18.92,20.0,57.89,-1.99
1979-09-01,1979,9,"Banana, US",Other Food,($/kg),0.3,0.0,-21.05,20.0,36.36,-0.22
1979-10-01,1979,10,"Banana, US",Other Food,($/kg),0.31,3.33,-8.82,19.23,63.16,0.17
1979-11-01,1979,11,"Banana, US",Other Food,($/kg),0.31,0.0,3.33,14.81,82.35,-0.21
1979-12-01,1979,12,"Banana, US",Other Food,($/kg),0.34,9.68,13.33,17.24,100.0,0.95
1980-01-01,1980,1,"Banana, US",Other Food,($/kg),0.4,17.65,29.03,48.15,81.82,1.82
1980-02-01,1980,2,"Banana, US",Other Food,($/kg),0.37,-7.5,19.35,19.35,54.17,-1.19
1980-03-01,1980,3,"Banana, US",Other Food,($/kg),0.42,13.51,23.53,31.25,68.0,1.26
1980-04-01,1980,4,"Banana, US",Other Food,($/kg),0.4,-4.76,0.0,8.11,60.0,-0.76
1980-05-01,1980,5,"Banana, US",Other Food,($/kg),0.44,10.0,18.92,18.92,76.0,0.98
1980-06-01,1980,6,"Banana, US",Other Food,($/kg),0.34,-22.73,-19.05,-10.53,41.67,-2.59
1980-07-01,1980,7,"Banana, US",Other Food,($/kg),0.35,2.94,-12.5,2.94,105.88,0.27
1980-08-01,1980,8,"Banana, US",Other Food,($/kg),0.34,-2.86,-22.73,13.33,70.0,-0.33
1980-09-01,1980,9,"Banana, US",Other Food,($/kg),0.35,2.94,2.94,16.67,59.09,0.12
1980-10-01,1980,10,"Banana, US",Other Food,($/kg),0.35,0.0,0.0,12.9,84.21,-0.17
1980-11-01,1980,11,"Banana, US",Other Food,($/kg),0.38,8.57,11.76,22.58,90.0,0.65
1980-12-01,1980,12,"Banana, US",Other Food,($/kg),0.37,-2.63,5.71,8.82,94.74,-0.45
1981-01-01,1981,1,"Banana, US",Other Food,($/kg),0.39,5.41,11.43,-2.5,62.5,0.38
1981-02-01,1981,2,"Banana, US",Other Food,($/kg),0.44,12.82,15.79,18.92,69.23,1.31
1981-03-01,1981,3,"Banana, US",Other Food,($/kg),0.46,4.55,24.32,9.52,70.37,0.26
1981-04-01,1981,4,"Banana, US",Other Food,($/kg),0.43,-6.52,10.26,7.5,59.26,-0.83
1981-05-01,1981,5,"Banana, US",Other Food,($/kg),0.45,4.65,2.27,2.27,60.71,0.39
1981-06-01,1981,6,"Banana, US",Other Food,($/kg),0.39,-13.33,-15.22,14.71,44.44,-1.54
1981-07-01,1981,7,"Banana, US",Other Food,($/kg),0.33,-15.38,-23.26,-5.71,26.92,-2.39
1981-08-01,1981,8,"Banana, US",Other Food,($/kg),0.31,-6.06,-31.11,-8.82,14.81,-0.7
1981-09-01,1981,9,"Banana, US",Other Food,($/kg),0.44,41.94,12.82,25.71,69.23,4.92
1981-10-01,1981,10,"Banana, US",Other Food,($/kg),0.39,-11.36,18.18,11.43,44.44,-0.95
1981-11-01,1981,11,"Banana, US",Other Food,($/kg),0.4,2.56,29.03,5.26,73.91,0.04
1981-12-01,1981,12,"Banana, US",Other Food,($/kg),0.42,5.0,-4.55,13.51,75.0,0.23
1982-01-01,1982,1,"Banana, US",Other Food,($/kg),0.42,0.0,7.69,7.69,75.0,-0.13
1982-02-01,1982,2,"Banana, US",Other Food,($/kg),0.38,-9.52,-5.0,-13.64,26.67,-0.72
1982-03-01,1982,3,"Banana, US",Other Food,($/kg),0.42,10.53,0.0,-8.7,27.27,0.71
1982-04-01,1982,4,"Banana, US",Other Food,($/kg),0.48,14.29,14.29,11.63,60.0,0.91
1982-05-01,1982,5,"Banana, US",Other Food,($/kg),0.44,-8.33,15.79,-2.22,37.5,-0.65
1982-06-01,1982,6,"Banana, US",Other Food,($/kg),0.4,-9.09,-4.76,2.56,37.93,-0.62
1982-07-01,1982,7,"Banana, US",Other Food,($/kg),0.33,-17.5,-31.25,0.0,43.48,-1.19
1982-08-01,1982,8,"Banana, US",Other Food,($/kg),0.3,-9.09,-31.82,-3.23,25.0,-0.63
1982-09-01,1982,9,"Banana, US",Other Food,($/kg),0.35,16.67,-12.5,-20.45,40.0,0.99
1982-10-01,1982,10,"Banana, US",Other Food,($/kg),0.29,-17.14,-12.12,-25.64,11.54,-1.42
1982-11-01,1982,11,"Banana, US",Other Food,($/kg),0.33,13.79,10.0,-17.5,26.92,1.33
1982-12-01,1982,12,"Banana, US",Other Food,($/kg),0.34,3.03,-2.86,-19.05,30.77,0.31
1983-01-01,1983,1,"Banana, US",Other Food,($/kg),0.34,0.0,17.24,-19.05,30.77,0.08
1983-02-01,1983,2,"Banana, US",Other Food,($/kg),0.38,11.76,15.15,0.0,26.67,1.03
1983-03-01,1983,3,"Banana, US",Other Food,($/kg),0.41,7.89,20.59,-2.38,17.14,0.57
1983-04-01,1983,4,"Banana, US",Other Food,($/kg),0.48,17.07,41.18,0.0,33.33,1.33
1983-05-01,1983,5,"Banana, US",Other Food,($/kg),0.55,14.58,44.74,25.0,52.78,1.08
1983-06-01,1983,6,"Banana, US",Other Food,($/kg),0.5,-9.09,21.95,25.0,92.31,-0.9
1983-07-01,1983,7,"Banana, US",Other Food,($/kg),0.5,0.0,4.17,51.52,108.33,-0.2
1983-08-01,1983,8,"Banana, US",Other Food,($/kg),0.46,-8.0,-16.36,53.33,84.0,-1.06
1983-09-01,1983,9,"Banana, US",Other Food,($/kg),0.42,-8.7,-16.0,20.0,68.0,-1.14
1983-10-01,1983,10,"Banana, US",Other Food,($/kg),0.41,-2.38,-18.0,41.38,57.69,-0.4
1983-11-01,1983,11,"Banana, US",Other Food,($/kg),0.34,-17.07,-26.09,3.03,25.93,-2.14
1983-12-01,1983,12,"Banana, US",Other Food,($/kg),0.34,0.0,-19.05,0.0,17.24,-0.07
1984-01-01,1984,1,"Banana, US",Other Food,($/kg),0.34,0.0,-17.07,0.0,25.93,-0.05
1984-02-01,1984,2,"Banana, US",Other Food,($/kg),0.42,23.53,23.53,10.53,35.48,2.19
1984-03-01,1984,3,"Banana, US",Other Food,($/kg),0.41,-2.38,20.59,0.0,28.12,-0.32
1984-04-01,1984,4,"Banana, US",Other Food,($/kg),0.41,0.0,20.59,-14.58,10.81,-0.05
1984-05-01,1984,5,"Banana, US",Other Food,($/kg),0.43,4.88,2.38,-21.82,16.22,0.52
1984-06-01,1984,6,"Banana, US",Other Food,($/kg),0.46,6.98,12.2,-8.0,21.05,0.87
1984-07-01,1984,7,"Banana, US",Other Food,($/kg),0.37,-19.57,-9.76,-26.0,8.82,-1.96
1984-08-01,1984,8,"Banana, US",Other Food,($/kg),0.34,-8.11,-20.93,-26.09,13.33,-0.55
1984-09-01,1984,9,"Banana, US",Other Food,($/kg),0.38,11.76,-17.39,-9.52,26.67,1.21
1984-10-01,1984,10,"Banana, US",Other Food,($/kg),0.31,-18.42,-16.22,-24.39,0.0,-1.55
1984-11-01,1984,11,"Banana, US",Other Food,($/kg),0.27,-12.9,-20.59,-20.59,-12.9,-0.88
1984-12-01,1984,12,"Banana, US",Other Food,($/kg),0.3,11.11,-21.05,-11.76,-11.76,0.99
1985-01-01,1985,1,"Banana, US",Other Food,($/kg),0.38,26.67,22.58,11.76,-5.0,2.08
1985-02-01,1985,2,"Banana, US",Other Food,($/kg),0.44,15.79,62.96,4.76,18.92,0.91
1985-03-01,1985,3,"Banana, US",Other Food,($/kg),0.45,2.27,50.0,9.76,7.14,0.07
1985-04-01,1985,4,"Banana, US",Other Food,($/kg),0.48,6.67,26.32,17.07,20.0,0.35
1985-05-01,1985,5,"Banana, US",Other Food,($/kg),0.46,-4.17,4.55,6.98,4.55,-0.45
1985-06-01,1985,6,"Banana, US",Other Food,($/kg),0.38,-17.39,-15.56,-17.39,11.76,-1.32
1985-07-01,1985,7,"Banana, US",Other Food,($/kg),0.32,-15.79,-33.33,-13.51,-8.57,-1.0
1985-08-01,1985,8,"Banana, US",Other Food,($/kg),0.42,31.25,-8.7,23.53,23.53,2.12
1985-09-01,1985,9,"Banana, US",Other Food,($/kg),0.36,-14.29,-5.26,-5.26,2.86,-1.02
1985-10-01,1985,10,"Banana, US",Other Food,($/kg),0.28,-22.22,-12.5,-9.68,-20.0,-1.32
1985-11-01,1985,11,"Banana, US",Other Food,($/kg),0.28,0.0,-33.33,3.7,-26.32,-0.03
1985-12-01,1985,12,"Banana, US",Other Food,($/kg),0.28,0.0,-22.22,-6.67,-24.32,-0.1
1986-01-01,1986,1,"Banana, US",Other Food,($/kg),0.33,17.86,17.86,-13.16,-15.38,1.0
1986-02-01,1986,2,"Banana, US",Other Food,($/kg),0.39,18.18,39.29,-11.36,-11.36,1.13
1986-03-01,1986,3,"Banana, US",Other Food,($/kg),0.5,28.21,78.57,11.11,8.7,1.71
1986-04-01,1986,4,"Banana, US",Other Food,($/kg),0.58,16.0,75.76,20.83,34.88,0.75
1986-05-01,1986,5,"Banana, US",Other Food,($/kg),0.39,-32.76,0.0,-15.22,-13.33,-1.92
1986-06-01,1986,6,"Banana, US",Other Food,($/kg),0.35,-10.26,-30.0,-7.89,-10.26,-0.52
1986-07-01,1986,7,"Banana, US",Other Food,($/kg),0.33,-5.71,-43.1,3.12,0.0,-0.34
1986-08-01,1986,8,"Banana, US",Other Food,($/kg),0.32,-3.03,-17.95,-23.81,3.23,-0.26
1986-09-01,1986,9,"Banana, US",Other Food,($/kg),0.42,31.25,20.0,16.67,-4.55,1.76
1986-10-01,1986,10,"Banana, US",Other Food,($/kg),0.37,-11.9,12.12,32.14,-5.13,-0.76
1986-11-01,1986,11,"Banana, US",Other Food,($/kg),0.29,-21.62,-9.38,3.57,-27.5,-1.37
1986-12-01,1986,12,"Banana, US",Other Food,($/kg),0.31,6.9,-26.19,10.71,-26.19,0.23
1987-01-01,1987,1,"Banana, US",Other Food,($/kg),0.42,35.48,13.51,27.27,0.0,1.62
1987-02-01,1987,2,"Banana, US",Other Food,($/kg),0.46,9.52,58.62,17.95,21.05,0.24
1987-03-01,1987,3,"Banana, US",Other Food,($/kg),0.45,-2.17,45.16,-10.0,7.14,-0.26
1987-04-01,1987,4,"Banana, US",Other Food,($/kg),0.35,-22.22,-16.67,-39.66,-27.08,-1.15
1987-05-01,1987,5,"Banana, US",Other Food,($/kg),0.45,28.57,-2.17,15.38,2.27,1.5
1987-06-01,1987,6,"Banana, US",Other Food,($/kg),0.38,-15.56,-15.56,8.57,-5.0,-0.93
1987-07-01,1987,7,"Banana, US",Other Food,($/kg),0.44,15.79,25.71,33.33,33.33,0.66
1987-08-01,1987,8,"Banana, US",Other Food,($/kg),0.34,-22.73,-24.44,6.25,13.33,-1.32
1987-09-01,1987,9,"Banana, US",Other Food,($/kg),0.35,2.94,-7.89,-16.67,0.0,0.02
1987-10-01,1987,10,"Banana, US",Other Food,($/kg),0.27,-22.86,-38.64,-27.03,-6.9,-1.16
1987-11-01,1987,11,"Banana, US",Other Food,($/kg),0.41,51.85,20.59,41.38,24.24,2.54
1987-12-01,1987,12,"Banana, US",Other Food,($/kg),0.39,-4.88,11.43,25.81,14.71,-0.42
1988-01-01,1988,1,"Banana, US",Other Food,($/kg),0.45,15.38,66.67,7.14,32.35,0.44
1988-02-01,1988,2,"Banana, US",Other Food,($/kg),0.49,8.89,19.51,6.52,28.95,0.27
1988-03-01,1988,3,"Banana, US",Other Food,($/kg),0.53,8.16,35.9,17.78,29.27,0.24
1988-04-01,1988,4,"Banana, US",Other Food,($/kg),0.48,-9.43,6.67,37.14,0.0,-0.57
1988-05-01,1988,5,"Banana, US",Other Food,($/kg),0.56,16.67,14.29,24.44,1.82,0.55
1988-06-01,1988,6,"Banana, US",Other Food,($/kg),0.6,7.14,13.21,57.89,20.0,0.16
1988-07-01,1988,7,"Banana, US",Other Food,($/kg),0.42,-30.0,-12.5,-4.55,-16.0,-1.77
1988-08-01,1988,8,"Banana, US",Other Food,($/kg),0.36,-14.29,-35.71,5.88,-21.74,-0.72
1988-09-01,1988,9,"Banana, US",Other Food,($/kg),0.53,47.22,-11.67,51.43,26.19,2.08
1988-10-01,1988,10,"Banana, US",Other Food,($/kg),0.42,-20.75,0.0,55.56,2.44,-1.07
1988-11-01,1988,11,"Banana, US",Other Food,($/kg),0.41,-2.38,13.89,0.0,20.59,-0.35
1988-12-01,1988,12,"Banana, US",Other Food,($/kg),0.5,21.95,-5.66,28.21,47.06,0.99
1989-01-01,1989,1,"Banana, US",Other Food,($/kg),0.43,-14.0,2.38,-4.44,26.47,-0.86
1989-02-01,1989,2,"Banana, US",Other Food,($/kg),0.49,13.95,19.51,0.0,16.67,0.58
1989-03-01,1989,3,"Banana, US",Other Food,($/kg),0.7,42.86,40.0,32.08,70.73,1.9
1989-04-01,1989,4,"Banana, US",Other Food,($/kg),0.72,2.86,67.44,50.0,75.61,-0.08
1989-05-01,1989,5,"Banana, US",Other Food,($/kg),0.66,-8.33,34.69,17.86,53.49,-0.59
1989-06-01,1989,6,"Banana, US",Other Food,($/kg),0.53,-19.7,-24.29,-11.67,15.22,-0.97
1989-07-01,1989,7,"Banana, US",Other Food,($/kg),0.45,-15.09,-37.5,7.14,21.62,-0.67
1989-08-01,1989,8,"Banana, US",Other Food,($/kg),0.51,13.33,-22.73,41.67,50.0,0.44
1989-09-01,1989,9,"Banana, US",Other Food,($/kg),0.52,1.96,-1.89,-1.89,36.84,-0.14
1989-10-01,1989,10,"Banana, US",Other Food,($/kg),0.55,5.77,22.22,30.95,77.42,0.23
1989-11-01,1989,11,"Banana, US",Other Food,($/kg),0.51,-7.27,0.0,24.39,88.89,-0.61
1989-12-01,1989,12,"Banana, US",Other Food,($/kg),0.5,-1.96,-3.85,0.0,66.67,-0.29
1990-01-01,1990,1,"Banana, US",Other Food,($/kg),0.59,18.0,7.27,37.21,55.26,0.99
1990-02-01,1990,2,"Banana, US",Other Food,($/kg),0.64,8.47,25.49,30.61,45.45,0.27
1990-03-01,1990,3,"Banana, US",Other Food,($/kg),0.54,-15.62,8.0,-22.86,20.0,-1.14
1990-04-01,1990,4,"Banana, US",Other Food,($/kg),0.58,7.41,-1.69,-19.44,20.83,0.74
1990-05-01,1990,5,"Banana, US",Other Food,($/kg),0.49,-15.52,-23.44,-25.76,6.52,-1.18
1990-06-01,1990,6,"Banana, US",Other Food,($/kg),0.53,8.16,-1.85,0.0,39.47,0.77
1990-07-01,1990,7,"Banana, US",Other Food,($/kg),0.63,18.87,8.62,40.0,96.88,1.56
1990-08-01,1990,8,"Banana, US",Other Food,($/kg),0.55,-12.7,12.24,7.84,30.95,-1.39
1990-09-01,1990,9,"Banana, US",Other Food,($/kg),0.52,-5.45,-1.89,0.0,44.44,-0.56
1990-10-01,1990,10,"Banana, US",Other Food,($/kg),0.49,-5.77,-22.22,-10.91,75.0,-0.53
1990-11-01,1990,11,"Banana, US",Other Food,($/kg),0.43,-12.24,-21.82,-15.69,53.57,-0.98
1990-12-01,1990,12,"Banana, US",Other Food,($/kg),0.5,16.28,-3.85,0.0,78.57,1.35
1991-01-01,1991,1,"Banana, US",Other Food,($/kg),0.6,20.0,22.45,1.69,81.82,1.43
1991-02-01,1991,2,"Banana, US",Other Food,($/kg),0.69,15.0,60.47,7.81,76.92,1.02
1991-03-01,1991,3,"Banana, US",Other Food,($/kg),0.84,21.74,68.0,55.56,68.0,1.43
1991-04-01,1991,4,"Banana, US",Other Food,($/kg),0.78,-7.14,30.0,34.48,34.48,-0.83
1991-05-01,1991,5,"Banana, US",Other Food,($/kg),0.63,-19.23,-8.7,28.57,61.54,-1.56
1991-06-01,1991,6,"Banana, US",Other Food,($/kg),0.63,0.0,-25.0,18.87,80.0,-0.21
1991-07-01,1991,7,"Banana, US",Other Food,($/kg),0.4,-36.51,-48.72,-36.51,21.21,-2.61
1991-08-01,1991,8,"Banana, US",Other Food,($/kg),0.48,20.0,-23.81,-12.73,50.0,1.25
1991-09-01,1991,9,"Banana, US",Other Food,($/kg),0.37,-22.92,-41.27,-28.85,-11.9,-1.28
1991-10-01,1991,10,"Banana, US",Other Food,($/kg),0.45,21.62,12.5,-8.16,21.62,1.15
1991-11-01,1991,11,"Banana, US",Other Food,($/kg),0.44,-2.22,-8.33,2.33,51.72,-0.18
1991-12-01,1991,12,"Banana, US",Other Food,($/kg),0.4,-9.09,8.11,-20.0,29.03,-0.56
1992-01-01,1992,1,"Banana, US",Other Food,($/kg),0.57,42.5,26.67,-5.0,35.71,2.14
1992-02-01,1992,2,"Banana, US",Other Food,($/kg),0.61,7.02,38.64,-11.59,32.61,0.22
1992-03-01,1992,3,"Banana, US",Other Food,($/kg),0.61,0.0,52.5,-27.38,35.56,-0.06
1992-04-01,1992,4,"Banana, US",Other Food,($/kg),0.42,-31.15,-26.32,-46.15,20.0,-1.43
1992-05-01,1992,5,"Banana, US",Other Food,($/kg),0.43,2.38,-29.51,-31.75,-4.44,0.21
1992-06-01,1992,6,"Banana, US",Other Food,($/kg),0.4,-6.98,-34.43,-36.51,5.26,-0.28
1992-07-01,1992,7,"Banana, US",Other Food,($/kg),0.43,7.5,2.38,7.5,-2.27,0.39
1992-08-01,1992,8,"Banana, US",Other Food,($/kg),0.62,44.19,44.19,29.17,82.35,2.1
1992-09-01,1992,9,"Banana, US",Other Food,($/kg),0.51,-17.74,27.5,37.84,45.71,-0.97
1992-10-01,1992,10,"Banana, US",Other Food,($/kg),0.39,-23.53,-9.3,-13.33,44.44,-1.27
1992-11-01,1992,11,"Banana, US",Other Food,($/kg),0.38,-2.56,-38.71,-13.64,-7.32,-0.16
1992-12-01,1992,12,"Banana, US",Other Food,($/kg),0.31,-18.42,-39.22,-22.5,-20.51,-0.85
1993-01-01,1993,1,"Banana, US",Other Food,($/kg),0.52,67.74,33.33,-8.77,15.56,2.86
1993-02-01,1993,2,"Banana, US",Other Food,($/kg),0.59,13.46,55.26,-3.28,20.41,0.39
1993-03-01,1993,3,"Banana, US",Other Food,($/kg),0.66,11.86,112.9,8.2,24.53,0.31
1993-04-01,1993,4,"Banana, US",Other Food,($/kg),0.56,-15.15,7.69,33.33,16.67,-0.67
1993-05-01,1993,5,"Banana, US",Other Food,($/kg),0.46,-17.86,-22.03,6.98,-17.86,-0.85
1993-06-01,1993,6,"Banana, US",Other Food,($/kg),0.39,-15.22,-40.91,-2.5,-35.0,-0.67
1993-07-01,1993,7,"Banana, US",Other Food,($/kg),0.35,-10.26,-37.5,-18.6,-16.67,-0.46
1993-08-01,1993,8,"Banana, US",Other Food,($/kg),0.32,-8.57,-30.43,-48.39,-11.11,-0.35
1993-09-01,1993,9,"Banana, US",Other Food,($/kg),0.35,9.38,-10.26,-31.37,-33.96,0.49
1993-10-01,1993,10,"Banana, US",Other Food,($/kg),0.33,-5.71,-5.71,-15.38,-21.43,-0.2
1993-11-01,1993,11,"Banana, US",Other Food,($/kg),0.37,12.12,15.62,-2.63,-9.76,0.48
1993-12-01,1993,12,"Banana, US",Other Food,($/kg),0.41,10.81,17.14,32.26,-18.0,0.37
1994-01-01,1994,1,"Banana, US",Other Food,($/kg),0.53,29.27,60.61,1.92,23.26,1.06
1994-02-01,1994,2,"Banana, US",Other Food,($/kg),0.67,26.42,81.08,13.56,36.73,1.67
1994-03-01,1994,3,"Banana, US",Other Food,($/kg),0.51,-23.88,24.39,-22.73,-27.14,-1.59
1994-04-01,1994,4,"Banana, US",Other Food,($/kg),0.5,-1.96,-5.66,-10.71,-30.56,-0.07
1994-05-01,1994,5,"Banana, US",Other Food,($/kg),0.38,-24.0,-43.28,-17.39,-42.42,-1.42
1994-06-01,1994,6,"Banana, US",Other Food,($/kg),0.25,-34.21,-50.98,-35.9,-52.83,-1.91
1994-07-01,1994,7,"Banana, US",Other Food,($/kg),0.45,80.0,-10.0,28.57,0.0,4.08
1994-08-01,1994,8,"Banana, US",Other Food,($/kg),0.41,-8.89,7.89,28.12,-19.61,-0.48
1994-09-01,1994,9,"Banana, US",Other Food,($/kg),0.44,7.32,76.0,25.71,-15.38,0.05
1994-10-01,1994,10,"Banana, US",Other Food,($/kg),0.32,-27.27,-28.89,-3.03,-41.82,-1.07
1994-11-01,1994,11,"Banana, US",Other Food,($/kg),0.3,-6.25,-26.83,-18.92,-41.18,-0.31
1994-12-01,1994,12,"Banana, US",Other Food,($/kg),0.54,80.0,22.73,31.71,8.0,2.43
1995-01-01,1995,1,"Banana, US",Other Food,($/kg),0.36,-33.33,12.5,-32.08,-38.98,-1.06
1995-02-01,1995,2,"Banana, US",Other Food,($/kg),0.58,61.11,93.33,-13.43,-9.38,1.45
1995-03-01,1995,3,"Banana, US",Other Food,($/kg),0.4,-31.03,-25.93,-21.57,-25.93,-0.85
1995-04-01,1995,4,"Banana, US",Other Food,($/kg),0.39,-2.5,8.33,-22.0,-32.76,-0.17
1995-05-01,1995,5,"Banana, US",Other Food,($/kg),0.39,0.0,-32.76,2.63,-20.41,-0.12
1995-06-01,1995,6,"Banana, US",Other Food,($/kg),0.37,-5.13,-7.5,48.0,-30.19,-0.29
1995-07-01,1995,7,"Banana, US",Other Food,($/kg),0.54,45.95,38.46,20.0,-14.29,0.89
1995-08-01,1995,8,"Banana, US",Other Food,($/kg),0.52,-3.7,33.33,26.83,-5.45,-0.28
1995-09-01,1995,9,"Banana, US",Other Food,($/kg),0.52,0.0,40.54,18.18,0.0,-0.19
1995-10-01,1995,10,"Banana, US",Other Food,($/kg),0.43,-17.31,-20.37,34.38,-12.24,-0.65
1995-11-01,1995,11,"Banana, US",Other Food,($/kg),0.44,2.33,-15.38,46.67,2.33,-0.14
1995-12-01,1995,12,"Banana, US",Other Food,($/kg),0.41,-6.82,-21.15,-24.07,-18.0,-0.42
1996-01-01,1996,1,"Banana, US",Other Food,($/kg),0.41,0.0,-4.65,13.89,-31.67,-0.03
1996-02-01,1996,2,"Banana, US",Other Food,($/kg),0.59,43.9,34.09,1.72,-14.49,1.59
1996-03-01,1996,3,"Banana, US",Other Food,($/kg),0.5,-15.25,21.95,25.0,-40.48,-0.79
1996-04-01,1996,4,"Banana, US",Other Food,($/kg),0.61,22.0,48.78,56.41,-21.79,0.91
1996-05-01,1996,5,"Banana, US",Other Food,($/kg),0.54,-11.48,-8.47,38.46,-14.29,-0.81
1996-06-01,1996,6,"Banana, US",Other Food,($/kg),0.48,-11.11,-4.0,29.73,-23.81,-0.73
1996-07-01,1996,7,"Banana, US",Other Food,($/kg),0.43,-10.42,-29.51,-20.37,7.5,-0.67
1996-08-01,1996,8,"Banana, US",Other Food,($/kg),0.41,-4.65,-24.07,-21.15,-14.58,-0.23
1996-09-01,1996,9,"Banana, US",Other Food,($/kg),0.4,-2.44,-16.67,-23.08,8.11,-0.1
1996-10-01,1996,10,"Banana, US",Other Food,($/kg),0.38,-5.0,-11.63,-11.63,-15.56,-0.23
1996-11-01,1996,11,"Banana, US",Other Food,($/kg),0.43,13.16,4.88,-2.27,-2.27,0.78
1996-12-01,1996,12,"Banana, US",Other Food,($/kg),0.48,11.63,20.0,17.07,20.0,0.62
1997-01-01,1997,1,"Banana, US",Other Food,($/kg),0.67,39.58,76.32,63.41,17.54,2.14
1997-02-01,1997,2,"Banana, US",Other Food,($/kg),0.79,17.91,83.72,33.9,29.51,0.6
1997-03-01,1997,3,"Banana, US",Other Food,($/kg),0.76,-3.8,58.33,52.0,24.59,-0.44
1997-04-01,1997,4,"Banana, US",Other Food,($/kg),0.59,-22.37,-11.94,-3.28,40.48,-1.67
1997-05-01,1997,5,"Banana, US",Other Food,($/kg),0.39,-33.9,-50.63,-27.78,-9.3,-2.07
1997-06-01,1997,6,"Banana, US",Other Food,($/kg),0.47,20.51,-38.16,-2.08,17.5,1.11
1997-07-01,1997,7,"Banana, US",Other Food,($/kg),0.44,-6.38,-25.42,2.33,2.33,-0.4
1997-08-01,1997,8,"Banana, US",Other Food,($/kg),0.42,-4.55,7.69,2.44,-32.26,-0.33
1997-09-01,1997,9,"Banana, US",Other Food,($/kg),0.45,7.14,-4.26,12.5,-11.76,0.26
1997-10-01,1997,10,"Banana, US",Other Food,($/kg),0.38,-15.56,-13.64,0.0,-2.56,-0.93
1997-11-01,1997,11,"Banana, US",Other Food,($/kg),0.43,13.16,2.38,0.0,13.16,0.55
1997-12-01,1997,12,"Banana, US",Other Food,($/kg),0.42,-2.33,-6.67,-12.5,35.48,-0.21
1998-01-01,1998,1,"Banana, US",Other Food,($/kg),0.46,9.52,21.05,-31.34,-11.54,0.43
1998-02-01,1998,2,"Banana, US",Other Food,($/kg),0.44,-4.35,2.33,-44.3,-25.42,-0.16
1998-03-01,1998,3,"Banana, US",Other Food,($/kg),0.45,2.27,7.14,-40.79,-31.82,0.38
1998-04-01,1998,4,"Banana, US",Other Food,($/kg),0.77,71.11,67.39,30.51,37.5,4.82
1998-05-01,1998,5,"Banana, US",Other Food,($/kg),0.66,-14.29,50.0,69.23,43.48,-0.75
1998-06-01,1998,6,"Banana, US",Other Food,($/kg),0.66,0.0,46.67,40.43,69.23,-0.28
1998-07-01,1998,7,"Banana, US",Other Food,($/kg),0.46,-30.3,-40.26,4.55,31.43,-1.54
1998-08-01,1998,8,"Banana, US",Other Food,($/kg),0.35,-23.91,-46.97,-16.67,9.38,-1.08
1998-09-01,1998,9,"Banana, US",Other Food,($/kg),0.35,0.0,-46.97,-22.22,0.0,-0.04
1998-10-01,1998,10,"Banana, US",Other Food,($/kg),0.33,-5.71,-28.26,-13.16,0.0,-0.24
1998-11-01,1998,11,"Banana, US",Other Food,($/kg),0.56,69.7,60.0,30.23,51.35,2.7
1998-12-01,1998,12,"Banana, US",Other Food,($/kg),0.38,-32.14,8.57,-9.52,-7.32,-1.19
1999-01-01,1999,1,"Banana, US",Other Food,($/kg),0.49,28.95,48.48,6.52,-7.55,0.75
1999-02-01,1999,2,"Banana, US",Other Food,($/kg),0.45,-8.16,-19.64,2.27,-32.84,-0.38
1999-03-01,1999,3,"Banana, US",Other Food,($/kg),0.45,0.0,18.42,0.0,-11.76,-0.14
1999-04-01,1999,4,"Banana, US",Other Food,($/kg),0.42,-6.67,-14.29,-45.45,-16.0,-0.32
1999-05-01,1999,5,"Banana, US",Other Food,($/kg),0.33,-21.43,-26.67,-50.0,-13.16,-0.7
1999-06-01,1999,6,"Banana, US",Other Food,($/kg),0.29,-12.12,-35.56,-56.06,16.0,-0.34
1999-07-01,1999,7,"Banana, US",Other Food,($/kg),0.35,20.69,-16.67,-23.91,-22.22,0.85
1999-08-01,1999,8,"Banana, US",Other Food,($/kg),0.35,0.0,6.06,0.0,-14.63,-0.03
1999-09-01,1999,9,"Banana, US",Other Food,($/kg),0.35,0.0,20.69,0.0,-20.45,-0.1
1999-10-01,1999,10,"Banana, US",Other Food,($/kg),0.33,-5.71,-5.71,0.0,3.12,-0.32
1999-11-01,1999,11,"Banana, US",Other Food,($/kg),0.33,0.0,-5.71,-41.07,10.0,-0.1
1999-12-01,1999,12,"Banana, US",Other Food,($/kg),0.35,6.06,0.0,-7.89,-35.19,0.56
2000-01-01,2000,1,"Banana, US",Other Food,($/kg),0.48,37.14,45.45,-2.04,33.33,2.71
2000-02-01,2000,2,"Banana, US",Other Food,($/kg),0.58,20.83,75.76,28.89,0.0,1.31
2000-03-01,2000,3,"Banana, US",Other Food,($/kg),0.48,-17.24,37.14,6.67,20.0,-1.28
2000-04-01,2000,4,"Banana, US",Other Food,($/kg),0.48,0.0,0.0,14.29,23.08,-0.1
2000-05-01,2000,5,"Banana, US",Other Food,($/kg),0.42,-12.5,-27.59,27.27,7.69,-0.88
2000-06-01,2000,6,"Banana, US",Other Food,($/kg),0.39,-7.14,-18.75,34.48,5.41,-0.64
2000-07-01,2000,7,"Banana, US",Other Food,($/kg),0.31,-20.51,-35.42,-11.43,-42.59,-1.54
2000-08-01,2000,8,"Banana, US",Other Food,($/kg),0.33,6.45,-21.43,-5.71,-36.54,0.4
2000-09-01,2000,9,"Banana, US",Other Food,($/kg),0.42,27.27,7.69,20.0,-19.23,1.66
2000-10-01,2000,10,"Banana, US",Other Food,($/kg),0.38,-9.52,22.58,15.15,-11.63,-0.7
2000-11-01,2000,11,"Banana, US",Other Food,($/kg),0.37,-2.63,12.12,12.12,-15.91,-0.29
2000-12-01,2000,12,"Banana, US",Other Food,($/kg),0.45,21.62,7.14,28.57,9.76,1.07
2001-01-01,2001,1,"Banana, US",Other Food,($/kg),0.53,17.78,39.47,10.42,29.27,0.75
2001-02-01,2001,2,"Banana, US",Other Food,($/kg),0.69,30.19,86.49,18.97,16.95,1.71
2001-03-01,2001,3,"Banana, US",Other Food,($/kg),0.54,-21.74,20.0,12.5,8.0,-1.39
2001-04-01,2001,4,"Banana, US",Other Food,($/kg),0.55,1.85,3.77,14.58,-9.84,-0.03
2001-05-01,2001,5,"Banana, US",Other Food,($/kg),0.64,16.36,-7.25,52.38,18.52,0.76
2001-06-01,2001,6,"Banana, US",Other Food,($/kg),0.61,-4.69,12.96,56.41,27.08,-0.54
2001-07-01,2001,7,"Banana, US",Other Food,($/kg),0.7,14.75,27.27,125.81,62.79,0.54
2001-08-01,2001,8,"Banana, US",Other Food,($/kg),0.68,-2.86,6.25,106.06,65.85,-0.69
2001-09-01,2001,9,"Banana, US",Other Food,($/kg),0.57,-16.18,-6.56,35.71,42.5,-1.46
2001-10-01,2001,10,"Banana, US",Other Food,($/kg),0.48,-15.79,-31.43,26.32,26.32,-1.21
2001-11-01,2001,11,"Banana, US",Other Food,($/kg),0.5,4.17,-26.47,35.14,16.28,0.06
2001-12-01,2001,12,"Banana, US",Other Food,($/kg),0.51,2.0,-10.53,13.33,6.25,-0.11
2002-01-01,2002,1,"Banana, US",Other Food,($/kg),0.43,-15.69,-10.42,-18.87,-35.82,-1.14
2002-02-01,2002,2,"Banana, US",Other Food,($/kg),0.52,20.93,4.0,-24.64,-34.18,1.38
2002-03-01,2002,3,"Banana, US",Other Food,($/kg),0.57,9.62,11.76,5.56,-25.0,0.78
2002-04-01,2002,4,"Banana, US",Other Food,($/kg),0.54,-5.26,25.58,-1.82,-8.47,-0.5
2002-05-01,2002,5,"Banana, US",Other Food,($/kg),0.63,16.67,21.15,-1.56,61.54,1.24
2002-06-01,2002,6,"Banana, US",Other Food,($/kg),0.65,3.17,14.04,6.56,38.3,0.2
2002-07-01,2002,7,"Banana, US",Other Food,($/kg),0.54,-16.92,0.0,-22.86,22.73,-1.41
2002-08-01,2002,8,"Banana, US",Other Food,($/kg),0.42,-22.22,-33.33,-38.24,0.0,-1.59
2002-09-01,2002,9,"Banana, US",Other Food,($/kg),0.49,16.67,-24.62,-14.04,8.89,1.36
2002-10-01,2002,10,"Banana, US",Other Food,($/kg),0.54,10.2,0.0,12.5,42.11,0.7
2002-11-01,2002,11,"Banana, US",Other Food,($/kg),0.4,-25.93,-4.76,-20.0,-6.98,-1.96
2002-12-01,2002,12,"Banana, US",Other Food,($/kg),0.63,57.5,28.57,23.53,50.0,3.56
2003-01-01,2003,1,"Banana, US",Other Food,($/kg),0.56,-11.11,3.7,30.23,21.74,-0.65
2003-02-01,2003,2,"Banana, US",Other Food,($/kg),0.46,-17.86,15.0,-11.54,4.55,-0.97
2003-03-01,2003,3,"Banana, US",Other Food,($/kg),0.49,6.52,-22.22,-14.04,8.89,0.23
2003-04-01,2003,4,"Banana, US",Other Food,($/kg),0.38,-22.45,-32.14,-29.63,-50.65,-1.01
2003-05-01,2003,5,"Banana, US",Other Food,($/kg),0.3,-21.05,-34.78,-52.38,-54.55,-0.85
2003-06-01,2003,6,"Banana, US",Other Food,($/kg),0.31,3.33,-36.73,-52.31,-53.03,0.29
2003-07-01,2003,7,"Banana, US",Other Food,($/kg),0.3,-3.23,-21.05,-44.44,-34.78,0.02
2003-08-01,2003,8,"Banana, US",Other Food,($/kg),0.29,-3.33,-3.33,-30.95,-17.14,-0.04
2003-09-01,2003,9,"Banana, US",Other Food,($/kg),0.31,6.9,0.0,-36.73,-11.43,0.34
2003-10-01,2003,10,"Banana, US",Other Food,($/kg),0.33,6.45,10.0,-38.89,0.0,0.36
2003-11-01,2003,11,"Banana, US",Other Food,($/kg),0.41,24.24,41.38,2.5,-26.79,1.18
2003-12-01,2003,12,"Banana, US",Other Food,($/kg),0.37,-9.76,19.35,-41.27,-2.63,-0.54
2004-01-01,2004,1,"Banana, US",Other Food,($/kg),0.43,16.22,30.3,-23.21,-12.24,1.42
2004-02-01,2004,2,"Banana, US",Other Food,($/kg),0.5,16.28,21.95,8.7,11.11,1.19
2004-03-01,2004,3,"Banana, US",Other Food,($/kg),0.51,2.0,37.84,4.08,13.33,0.02
2004-04-01,2004,4,"Banana, US",Other Food,($/kg),0.53,3.92,23.26,39.47,26.19,0.18
2004-05-01,2004,5,"Banana, US",Other Food,($/kg),0.56,5.66,12.0,86.67,69.7,0.18
2004-06-01,2004,6,"Banana, US",Other Food,($/kg),0.6,7.14,17.65,93.55,106.9,0.15
2004-07-01,2004,7,"Banana, US",Other Food,($/kg),0.6,0.0,13.21,100.0,71.43,-0.64
2004-08-01,2004,8,"Banana, US",Other Food,($/kg),0.55,-8.33,-1.79,89.66,57.14,-1.59
2004-09-01,2004,9,"Banana, US",Other Food,($/kg),0.54,-1.82,-10.0,74.19,54.29,-0.79
2004-10-01,2004,10,"Banana, US",Other Food,($/kg),0.5,-7.41,-16.67,51.52,51.52,-1.25
2004-11-01,2004,11,"Banana, US",Other Food,($/kg),0.49,-2.0,-10.91,19.51,48.48,-0.56
2004-12-01,2004,12,"Banana, US",Other Food,($/kg),0.5,2.04,-7.41,35.14,42.86,0.02
2005-01-01,2005,1,"Banana, US",Other Food,($/kg),0.59,18.0,18.0,37.21,22.92,1.94
2005-02-01,2005,2,"Banana, US",Other Food,($/kg),0.89,50.85,81.63,78.0,53.45,5.91
2005-03-01,2005,3,"Banana, US",Other Food,($/kg),0.79,-11.24,58.0,54.9,64.58,-1.08
2005-04-01,2005,4,"Banana, US",Other Food,($/kg),0.59,-25.32,0.0,11.32,22.92,-1.82
2005-05-01,2005,5,"Banana, US",Other Food,($/kg),0.62,5.08,-30.34,10.71,47.62,0.15
2005-06-01,2005,6,"Banana, US",Other Food,($/kg),0.49,-20.97,-37.97,-18.33,25.64,-1.24
2005-07-01,2005,7,"Banana, US",Other Food,($/kg),0.4,-18.37,-32.2,-33.33,29.03,-0.93
2005-08-01,2005,8,"Banana, US",Other Food,($/kg),0.4,0.0,-35.48,-27.27,21.21,0.08
2005-09-01,2005,9,"Banana, US",Other Food,($/kg),0.59,47.5,20.41,9.26,40.48,2.38
2005-10-01,2005,10,"Banana, US",Other Food,($/kg),0.63,6.78,57.5,26.0,65.79,0.15
2005-11-01,2005,11,"Banana, US",Other Food,($/kg),0.59,-6.35,47.5,20.41,59.46,-0.44
2005-12-01,2005,12,"Banana, US",Other Food,($/kg),0.65,10.17,10.17,30.0,44.44,0.25
2006-01-01,2006,1,"Banana, US",Other Food,($/kg),0.69,6.15,9.52,16.95,30.19,0.06
2006-02-01,2006,2,"Banana, US",Other Food,($/kg),0.85,23.19,44.07,-4.49,23.19,0.8
2006-03-01,2006,3,"Banana, US",Other Food,($/kg),0.83,-2.35,27.69,5.06,53.7,-0.18
2006-04-01,2006,4,"Banana, US",Other Food,($/kg),0.73,-12.05,5.8,23.73,32.73,-0.71
2006-05-01,2006,5,"Banana, US",Other Food,($/kg),0.93,27.4,9.41,50.0,45.31,1.29
2006-06-01,2006,6,"Banana, US",Other Food,($/kg),0.65,-30.11,-21.69,32.65,6.56,-1.76
2006-07-01,2006,7,"Banana, US",Other Food,($/kg),0.56,-13.85,-23.29,40.0,-20.0,-0.86
2006-08-01,2006,8,"Banana, US",Other Food,($/kg),0.54,-3.57,-41.94,35.0,-20.59,-0.4
2006-09-01,2006,9,"Banana, US",Other Food,($/kg),0.54,0.0,-16.92,-8.47,-5.26,-0.21
2006-10-01,2006,10,"Banana, US",Other Food,($/kg),0.55,1.85,-1.79,-12.7,14.58,0.09
2006-11-01,2006,11,"Banana, US",Other Food,($/kg),0.6,9.09,11.11,1.69,20.0,0.57
2006-12-01,2006,12,"Banana, US",Other Food,($/kg),0.66,10.0,22.22,1.54,29.41,0.55
2007-01-01,2007,1,"Banana, US",Other Food,($/kg),0.64,-3.03,16.36,-7.25,48.84,-0.27
2007-02-01,2007,2,"Banana, US",Other Food,($/kg),0.65,1.56,8.33,-23.53,25.0,0.06
2007-03-01,2007,3,"Banana, US",Other Food,($/kg),0.65,0.0,-1.52,-21.69,14.04,0.09
2007-04-01,2007,4,"Banana, US",Other Food,($/kg),0.65,0.0,1.56,-10.96,20.37,0.07
2007-05-01,2007,5,"Banana, US",Other Food,($/kg),0.69,6.15,6.15,-25.81,9.52,0.45
2007-06-01,2007,6,"Banana, US",Other Food,($/kg),0.78,13.04,20.0,20.0,20.0,1.36
2007-07-01,2007,7,"Banana, US",Other Food,($/kg),0.73,-6.41,12.31,30.36,35.19,-1.13
2007-08-01,2007,8,"Banana, US",Other Food,($/kg),0.7,-4.11,1.45,29.63,66.67,-1.09
2007-09-01,2007,9,"Banana, US",Other Food,($/kg),0.66,-5.71,-15.38,22.22,34.69,-1.34
2007-10-01,2007,10,"Banana, US",Other Food,($/kg),0.66,0.0,-9.59,20.0,22.22,-0.29
2007-11-01,2007,11,"Banana, US",Other Food,($/kg),0.65,-1.52,-7.14,8.33,62.5,-0.5
2007-12-01,2007,12,"Banana, US",Other Food,($/kg),0.65,0.0,-1.52,-1.52,3.17,-0.14
2008-01-01,2008,1,"Banana, US",Other Food,($/kg),0.69,6.15,4.55,7.81,23.21,1.15
2008-02-01,2008,2,"Banana, US",Other Food,($/kg),0.79,14.49,21.54,21.54,71.74,2.49
2008-03-01,2008,3,"Banana, US",Other Food,($/kg),1.03,30.38,58.46,58.46,110.2,4.2
2008-04-01,2008,4,"Banana, US",Other Food,($/kg),0.97,-5.83,40.58,49.23,155.26,-0.96
2008-05-01,2008,5,"Banana, US",Other Food,($/kg),0.92,-5.15,16.46,33.33,206.67,-0.82
2008-06-01,2008,6,"Banana, US",Other Food,($/kg),0.87,-5.43,-15.53,11.54,180.65,-0.75
2008-07-01,2008,7,"Banana, US",Other Food,($/kg),0.72,-17.24,-25.77,-1.37,140.0,-1.7
2008-08-01,2008,8,"Banana, US",Other Food,($/kg),0.8,11.11,-13.04,14.29,175.86,0.88
2008-09-01,2008,9,"Banana, US",Other Food,($/kg),0.8,0.0,-8.05,21.21,158.06,-0.14
2008-10-01,2008,10,"Banana, US",Other Food,($/kg),0.81,1.25,12.5,22.73,145.45,-0.08
2008-11-01,2008,11,"Banana, US",Other Food,($/kg),0.9,11.11,12.5,38.46,119.51,0.72
2008-12-01,2008,12,"Banana, US",Other Food,($/kg),0.83,-7.78,3.75,27.69,124.32,-0.91
2009-01-01,2009,1,"Banana, US",Other Food,($/kg),0.82,-1.2,1.23,18.84,90.7,-0.31
2009-02-01,2009,2,"Banana, US",Other Food,($/kg),0.94,14.63,4.44,18.99,88.0,0.98
2009-03-01,2009,3,"Banana, US",Other Food,($/kg),0.91,-3.19,9.64,-11.65,78.43,-0.42
2009-04-01,2009,4,"Banana, US",Other Food,($/kg),0.89,-2.2,8.54,-8.25,67.92,-0.17
2009-05-01,2009,5,"Banana, US",Other Food,($/kg),0.83,-6.74,-11.7,-9.78,48.21,-0.71
2009-06-01,2009,6,"Banana, US",Other Food,($/kg),0.85,2.41,-6.59,-2.3,41.67,0.32
2009-07-01,2009,7,"Banana, US",Other Food,($/kg),0.83,-2.35,-6.74,15.28,38.33,-0.28
2009-08-01,2009,8,"Banana, US",Other Food,($/kg),0.83,0.0,0.0,3.75,50.91,-0.2
2009-09-01,2009,9,"Banana, US",Other Food,($/kg),0.82,-1.2,-3.53,2.5,51.85,-0.26
2009-10-01,2009,10,"Banana, US",Other Food,($/kg),0.81,-1.22,-2.41,0.0,62.0,-0.25
2009-11-01,2009,11,"Banana, US",Other Food,($/kg),0.83,2.47,0.0,-7.78,69.39,0.35
2009-12-01,2009,12,"Banana, US",Other Food,($/kg),0.8,-3.61,-2.44,-3.61,60.0,-0.54
2010-01-01,2010,1,"Banana, US",Other Food,($/kg),0.79,-1.25,-2.47,-3.66,33.9,-0.2
2010-02-01,2010,2,"Banana, US",Other Food,($/kg),0.72,-8.86,-13.25,-23.4,-19.1,-1.64
2010-03-01,2010,3,"Banana, US",Other Food,($/kg),0.84,16.67,5.0,-7.69,6.33,5.73
2010-04-01,2010,4,"Banana, US",Other Food,($/kg),0.83,-1.19,5.06,-6.74,40.68,-0.11
2010-05-01,2010,5,"Banana, US",Other Food,($/kg),0.8,-3.61,11.11,-3.61,29.03,-0.51
2010-06-01,2010,6,"Banana, US",Other Food,($/kg),0.96,20.0,14.29,12.94,95.92,3.32
2010-07-01,2010,7,"Banana, US",Other Food,($/kg),0.99,3.12,19.28,19.28,147.5,0.21
2010-08-01,2010,8,"Banana, US",Other Food,($/kg),0.9,-9.09,12.5,8.43,125.0,-1.3
2010-09-01,2010,9,"Banana, US",Other Food,($/kg),0.88,-2.22,-8.33,7.32,49.15,-0.36
2010-10-01,2010,10,"Banana, US",Other Food,($/kg),0.92,4.55,-7.07,13.58,46.03,0.4
2010-11-01,2010,11,"Banana, US",Other Food,($/kg),0.91,-1.09,1.11,9.64,54.24,-0.28
2010-12-01,2010,12,"Banana, US",Other Food,($/kg),0.9,-1.1,2.27,12.5,38.46,-0.25
2011-01-01,2011,1,"Banana, US",Other Food,($/kg),0.89,-1.11,-3.26,12.66,28.99,-0.27
2011-02-01,2011,2,"Banana, US",Other Food,($/kg),1.0,12.36,9.89,38.89,17.65,1.24
2011-03-01,2011,3,"Banana, US",Other Food,($/kg),1.0,0.0,11.11,19.05,20.48,-0.35
2011-04-01,2011,4,"Banana, US",Other Food,($/kg),1.03,3.0,15.73,24.1,41.1,0.17
2011-05-01,2011,5,"Banana, US",Other Food,($/kg),1.01,-1.94,1.0,26.25,8.6,-0.52
2011-06-01,2011,6,"Banana, US",Other Food,($/kg),0.98,-2.97,-2.0,2.08,50.77,-0.68
2011-07-01,2011,7,"Banana, US",Other Food,($/kg),0.96,-2.04,-6.8,-3.03,71.43,-0.45
2011-08-01,2011,8,"Banana, US",Other Food,($/kg),0.95,-1.04,-5.94,5.56,75.93,-0.18
2011-09-01,2011,9,"Banana, US",Other Food,($/kg),0.95,0.0,-3.06,7.95,75.93,-0.12
2011-10-01,2011,10,"Banana, US",Other Food,($/kg),0.95,0.0,-1.04,3.26,72.73,-0.17
2011-11-01,2011,11,"Banana, US",Other Food,($/kg),0.96,1.05,1.05,5.49,60.0,0.18
2011-12-01,2011,12,"Banana, US",Other Food,($/kg),0.94,-2.08,-1.05,4.44,42.42,-0.64
2012-01-01,2012,1,"Banana, US",Other Food,($/kg),0.95,1.06,0.0,6.74,48.44,0.15
2012-02-01,2012,2,"Banana, US",Other Food,($/kg),1.07,12.63,11.46,7.0,64.62,2.96
2012-03-01,2012,3,"Banana, US",Other Food,($/kg),1.14,6.54,21.28,14.0,75.38,1.43
2012-04-01,2012,4,"Banana, US",Other Food,($/kg),1.03,-9.65,8.42,0.0,58.46,-2.43
2012-05-01,2012,5,"Banana, US",Other Food,($/kg),0.95,-7.77,-11.21,-5.94,37.68,-1.46
2012-06-01,2012,6,"Banana, US",Other Food,($/kg),0.95,0.0,-16.67,-3.06,21.79,0.06
2012-07-01,2012,7,"Banana, US",Other Food,($/kg),0.96,1.05,-6.8,0.0,31.51,0.2
2012-08-01,2012,8,"Banana, US",Other Food,($/kg),0.95,-1.04,0.0,0.0,35.71,-0.21
2012-09-01,2012,9,"Banana, US",Other Food,($/kg),0.96,1.05,1.05,1.05,45.45,0.16
2012-10-01,2012,10,"Banana, US",Other Food,($/kg),0.96,0.0,0.0,1.05,45.45,-0.04
2012-11-01,2012,11,"Banana, US",Other Food,($/kg),0.93,-3.12,-2.11,-3.12,43.08,-0.58
2012-12-01,2012,12,"Banana, US",Other Food,($/kg),0.94,1.08,-2.08,0.0,44.62,0.2
2013-01-01,2013,1,"Banana, US",Other Food,($/kg),0.93,-1.06,-3.12,-2.11,34.78,-0.21
2013-02-01,2013,2,"Banana, US",Other Food,($/kg),0.92,-1.08,-1.08,-14.02,16.46,-0.18
2013-03-01,2013,3,"Banana, US",Other Food,($/kg),0.94,2.17,0.0,-17.54,-8.74,0.79
2013-04-01,2013,4,"Banana, US",Other Food,($/kg),0.9,-4.26,-3.23,-12.62,-7.22,-0.75
2013-05-01,2013,5,"Banana, US",Other Food,($/kg),0.91,1.11,-1.09,-4.21,-1.09,0.79
2013-06-01,2013,6,"Banana, US",Other Food,($/kg),0.91,0.0,-3.19,-4.21,4.6,0.18
2013-07-01,2013,7,"Banana, US",Other Food,($/kg),0.92,1.1,2.22,-4.17,27.78,0.76
2013-08-01,2013,8,"Banana, US",Other Food,($/kg),0.94,2.17,3.3,-1.05,17.5,1.33
2013-09-01,2013,9,"Banana, US",Other Food,($/kg),0.94,0.0,3.3,-2.08,17.5,0.03
2013-10-01,2013,10,"Banana, US",Other Food,($/kg),0.93,-1.06,1.09,-3.12,14.81,-0.46
2013-11-01,2013,11,"Banana, US",Other Food,($/kg),0.92,-1.08,-2.13,-1.08,2.22,-0.42
2013-12-01,2013,12,"Banana, US",Other Food,($/kg),0.92,0.0,-2.13,-2.13,10.84,0.04
2014-01-01,2014,1,"Banana, US",Other Food,($/kg),0.93,1.09,0.0,0.0,13.41,0.71
2014-02-01,2014,2,"Banana, US",Other Food,($/kg),0.95,2.15,3.26,3.26,1.06,1.2
2014-03-01,2014,3,"Banana, US",Other Food,($/kg),0.96,1.05,4.35,2.13,5.49,0.42
2014-04-01,2014,4,"Banana, US",Other Food,($/kg),0.93,-3.12,0.0,3.33,4.49,-1.88
2014-05-01,2014,5,"Banana, US",Other Food,($/kg),0.91,-2.15,-4.21,0.0,9.64,-1.61
2014-06-01,2014,6,"Banana, US",Other Food,($/kg),0.93,2.2,-3.12,2.2,9.41,1.33
2014-07-01,2014,7,"Banana, US",Other Food,($/kg),0.93,0.0,0.0,1.09,12.05,-0.11
2014-08-01,2014,8,"Banana, US",Other Food,($/kg),0.96,3.23,5.49,2.13,15.66,1.8
2014-09-01,2014,9,"Banana, US",Other Food,($/kg),0.92,-4.17,-1.08,-2.13,12.2,-2.33
2014-10-01,2014,10,"Banana, US",Other Food,($/kg),0.9,-2.17,-3.23,-3.23,11.11,-0.9
2014-11-01,2014,11,"Banana, US",Other Food,($/kg),0.9,0.0,-6.25,-2.17,8.43,0.11
2014-12-01,2014,12,"Banana, US",Other Food,($/kg),0.91,1.11,-1.09,-1.09,13.75,0.55
2015-01-01,2015,1,"Banana, US",Other Food,($/kg),0.91,0.0,1.11,-2.15,15.19,0.03
2015-02-01,2015,2,"Banana, US",Other Food,($/kg),1.0,9.89,11.11,5.26,38.89,4.36
2015-03-01,2015,3,"Banana, US",Other Food,($/kg),1.04,4.0,14.29,8.33,23.81,0.95
2015-04-01,2015,4,"Banana, US",Other Food,($/kg),1.03,-0.96,13.19,10.75,24.1,-0.44
2015-05-01,2015,5,"Banana, US",Other Food,($/kg),0.94,-8.74,-6.0,3.3,17.5,-2.63
2015-06-01,2015,6,"Banana, US",Other Food,($/kg),0.92,-2.13,-11.54,-1.08,-4.17,-0.55
2015-07-01,2015,7,"Banana, US",Other Food,($/kg),0.94,2.17,-8.74,1.08,-5.05,0.48
2015-08-01,2015,8,"Banana, US",Other Food,($/kg),0.96,2.13,2.13,0.0,6.67,0.42
2015-09-01,2015,9,"Banana, US",Other Food,($/kg),0.95,-1.04,3.26,3.26,7.95,-0.25
2015-10-01,2015,10,"Banana, US",Other Food,($/kg),0.93,-2.11,-1.06,3.33,1.09,-0.56
2015-11-01,2015,11,"Banana, US",Other Food,($/kg),0.93,0.0,-3.12,3.33,2.2,-0.08
2015-12-01,2015,12,"Banana, US",Other Food,($/kg),0.93,0.0,-2.11,2.2,3.33,-0.08
2016-01-01,2016,1,"Banana, US",Other Food,($/kg),1.04,11.83,11.83,14.29,16.85,2.65
2016-02-01,2016,2,"Banana, US",Other Food,($/kg),1.05,0.96,12.9,5.0,5.0,-0.05
2016-03-01,2016,3,"Banana, US",Other Food,($/kg),1.01,-3.81,8.6,-2.88,1.0,-0.91
2016-04-01,2016,4,"Banana, US",Other Food,($/kg),0.99,-1.98,-4.81,-3.88,-3.88,-0.38
2016-05-01,2016,5,"Banana, US",Other Food,($/kg),0.99,0.0,-5.71,5.32,-1.98,0.05
2016-06-01,2016,6,"Banana, US",Other Food,($/kg),0.99,0.0,-1.98,7.61,1.02,-0.13
2016-07-01,2016,7,"Banana, US",Other Food,($/kg),1.01,2.02,2.02,7.45,5.21,0.34
2016-08-01,2016,8,"Banana, US",Other Food,($/kg),1.04,2.97,5.05,8.33,9.47,0.59
2016-09-01,2016,9,"Banana, US",Other Food,($/kg),1.0,-3.85,1.01,5.26,5.26,-1.16
2016-10-01,2016,10,"Banana, US",Other Food,($/kg),0.97,-3.0,-3.96,4.3,2.11,-0.85
2016-11-01,2016,11,"Banana, US",Other Food,($/kg),0.96,-1.03,-7.69,3.23,0.0,-0.35
2016-12-01,2016,12,"Banana, US",Other Food,($/kg),0.96,0.0,-4.0,3.23,2.13,-0.08
2017-01-01,2017,1,"Banana, US",Other Food,($/kg),1.0,4.17,3.09,-3.85,5.26,0.91
2017-02-01,2017,2,"Banana, US",Other Food,($/kg),1.05,5.0,9.38,0.0,-1.87,2.05
2017-03-01,2017,3,"Banana, US",Other Food,($/kg),1.07,1.9,11.46,5.94,-6.14,0.62
2017-04-01,2017,4,"Banana, US",Other Food,($/kg),1.06,-0.93,6.0,7.07,2.91,-0.52
2017-05-01,2017,5,"Banana, US",Other Food,($/kg),1.09,2.83,3.81,10.1,14.74,0.82
2017-06-01,2017,6,"Banana, US",Other Food,($/kg),1.1,0.92,2.8,11.11,15.79,0.03
2017-07-01,2017,7,"Banana, US",Other Food,($/kg),1.1,0.0,3.77,8.91,14.58,-0.33
2017-08-01,2017,8,"Banana, US",Other Food,($/kg),1.1,0.0,0.92,5.77,15.79,-0.27
2017-09-01,2017,9,"Banana, US",Other Food,($/kg),1.1,0.0,0.0,10.0,14.58,-0.19
2017-10-01,2017,10,"Banana, US",Other Food,($/kg),1.08,-1.82,-1.82,11.34,12.5,-1.15
2017-11-01,2017,11,"Banana, US",Other Food,($/kg),1.08,0.0,-1.82,12.5,16.13,-0.43
2017-12-01,2017,12,"Banana, US",Other Food,($/kg),1.1,1.85,0.0,14.58,17.02,0.41
2018-01-01,2018,1,"Banana, US",Other Food,($/kg),1.13,2.73,4.63,13.0,21.51,0.76
2018-02-01,2018,2,"Banana, US",Other Food,($/kg),1.27,12.39,17.59,20.95,38.04,5.99
2018-03-01,2018,3,"Banana, US",Other Food,($/kg),1.16,-8.66,5.45,8.41,23.4,-2.81
2018-04-01,2018,4,"Banana, US",Other Food,($/kg),1.16,0.0,2.65,9.43,28.89,-0.16
2018-05-01,2018,5,"Banana, US",Other Food,($/kg),1.15,-0.86,-9.45,5.5,26.37,-0.37
2018-06-01,2018,6,"Banana, US",Other Food,($/kg),1.16,0.87,0.0,5.45,27.47,0.07
2018-07-01,2018,7,"Banana, US",Other Food,($/kg),1.14,-1.72,-1.72,3.64,23.91,-0.48
2018-08-01,2018,8,"Banana, US",Other Food,($/kg),1.11,-2.63,-3.48,0.91,18.09,-0.64
2018-09-01,2018,9,"Banana, US",Other Food,($/kg),1.11,0.0,-4.31,0.91,18.09,-0.04
2018-10-01,2018,10,"Banana, US",Other Food,($/kg),1.12,0.9,-1.75,3.7,20.43,0.15
2018-11-01,2018,11,"Banana, US",Other Food,($/kg),1.12,0.0,0.9,3.7,21.74,-0.09
2018-12-01,2018,12,"Banana, US",Other Food,($/kg),1.13,0.89,1.8,2.73,22.83,0.1
2019-01-01,2019,1,"Banana, US",Other Food,($/kg),1.14,0.88,1.79,0.88,22.58,0.12
2019-02-01,2019,2,"Banana, US",Other Food,($/kg),1.16,1.75,3.57,-8.66,22.11,0.34
2019-03-01,2019,3,"Banana, US",Other Food,($/kg),1.18,1.72,4.42,1.72,22.92,0.87
2019-04-01,2019,4,"Banana, US",Other Food,($/kg),1.16,-1.69,1.75,0.0,24.73,-1.38
2019-05-01,2019,5,"Banana, US",Other Food,($/kg),1.12,-3.45,-3.45,-2.61,23.08,-2.41
2019-06-01,2019,6,"Banana, US",Other Food,($/kg),1.13,0.89,-4.24,-2.59,21.51,0.63
2019-07-01,2019,7,"Banana, US",Other Food,($/kg),1.13,0.0,-2.59,-0.88,21.51,0.12
2019-08-01,2019,8,"Banana, US",Other Food,($/kg),1.12,-0.88,0.0,0.9,16.67,-0.49
2019-09-01,2019,9,"Banana, US",Other Food,($/kg),1.15,2.68,1.77,3.6,25.0,1.73
2019-10-01,2019,10,"Banana, US",Other Food,($/kg),1.13,-1.74,0.0,0.89,25.56,-1.22
2019-11-01,2019,11,"Banana, US",Other Food,($/kg),1.13,0.0,0.89,0.89,25.56,-0.05
2019-12-01,2019,12,"Banana, US",Other Food,($/kg),1.14,0.88,-0.87,0.88,25.27,0.45
2020-01-01,2020,1,"Banana, US",Other Food,($/kg),1.17,2.63,3.54,2.63,28.57,1.45
2020-02-01,2020,2,"Banana, US",Other Food,($/kg),1.18,0.85,4.42,1.72,18.0,0.33
2020-03-01,2020,3,"Banana, US",Other Food,($/kg),1.2,1.69,5.26,1.69,15.38,0.83
2020-04-01,2020,4,"Banana, US",Other Food,($/kg),1.28,6.67,9.4,10.34,24.27,3.52
2020-05-01,2020,5,"Banana, US",Other Food,($/kg),1.3,1.56,10.17,16.07,38.3,0.28
2020-06-01,2020,6,"Banana, US",Other Food,($/kg),1.3,0.0,8.33,15.04,41.3,-0.59
2020-07-01,2020,7,"Banana, US",Other Food,($/kg),1.27,-2.31,-0.78,12.39,35.11,-1.61
2020-08-01,2020,8,"Banana, US",Other Food,($/kg),1.25,-1.57,-3.85,11.61,30.21,-1.08
2020-09-01,2020,9,"Banana, US",Other Food,($/kg),1.24,-0.8,-4.62,7.83,30.53,-0.72
2020-10-01,2020,10,"Banana, US",Other Food,($/kg),1.13,-8.87,-11.02,0.0,21.51,-3.93
2020-11-01,2020,11,"Banana, US",Other Food,($/kg),1.13,0.0,-9.6,0.0,21.51,-0.02
2020-12-01,2020,12,"Banana, US",Other Food,($/kg),1.15,1.77,-7.26,0.88,23.66,0.47
2021-01-01,2021,1,"Banana, US",Other Food,($/kg),1.24,7.83,9.73,5.98,19.23,2.1
2021-02-01,2021,2,"Banana, US",Other Food,($/kg),1.22,-1.61,7.96,3.39,16.19,-0.51
2021-03-01,2021,3,"Banana, US",Other Food,($/kg),1.23,0.82,6.96,2.5,21.78,0.11
2021-04-01,2021,4,"Banana, US",Other Food,($/kg),1.23,0.0,-0.81,-3.91,24.24,-0.07
2021-05-01,2021,5,"Banana, US",Other Food,($/kg),1.23,0.0,0.82,-5.38,24.24,0.07
2021-06-01,2021,6,"Banana, US",Other Food,($/kg),1.23,0.0,0.0,-5.38,24.24,0.11
2021-07-01,2021,7,"Banana, US",Other Food,($/kg),1.23,0.0,0.0,-3.15,21.78,0.11
2021-08-01,2021,8,"Banana, US",Other Food,($/kg),1.23,0.0,0.0,-1.6,18.27,0.06
2021-09-01,2021,9,"Banana, US",Other Food,($/kg),1.18,-4.07,-4.07,-4.84,18.0,-1.09
2021-10-01,2021,10,"Banana, US",Other Food,($/kg),1.15,-2.54,-6.5,1.77,18.56,-0.57
2021-11-01,2021,11,"Banana, US",Other Food,($/kg),1.14,-0.87,-7.32,0.88,18.75,-0.37
2021-12-01,2021,12,"Banana, US",Other Food,($/kg),1.16,1.75,-1.69,0.87,20.83,0.57
2022-01-01,2022,1,"Banana, US",Other Food,($/kg),1.16,0.0,0.87,-6.45,16.0,-0.04
2022-02-01,2022,2,"Banana, US",Other Food,($/kg),1.24,6.9,8.77,1.64,18.1,4.79
2022-03-01,2022,3,"Banana, US",Other Food,($/kg),1.39,12.1,19.83,13.01,29.91,4.58
2022-04-01,2022,4,"Banana, US",Other Food,($/kg),1.46,5.04,25.86,18.7,37.74,0.91
2022-05-01,2022,5,"Banana, US",Other Food,($/kg),1.46,0.0,17.74,18.7,33.94,-0.34
2022-06-01,2022,6,"Banana, US",Other Food,($/kg),1.44,-1.37,3.6,17.07,30.91,-0.65
2022-07-01,2022,7,"Banana, US",Other Food,($/kg),1.53,6.25,4.79,24.39,39.09,1.07
2022-08-01,2022,8,"Banana, US",Other Food,($/kg),1.67,9.15,14.38,35.77,51.82,1.54
2022-09-01,2022,9,"Banana, US",Other Food,($/kg),1.62,-2.99,12.5,37.29,47.27,-1.12
2022-10-01,2022,10,"Banana, US",Other Food,($/kg),1.57,-3.09,2.61,36.52,45.37,-1.18
2022-11-01,2022,11,"Banana, US",Other Food,($/kg),1.65,5.1,-1.2,44.74,52.78,0.47
2022-12-01,2022,12,"Banana, US",Other Food,($/kg),1.68,1.82,3.7,44.83,52.73,-0.29
2023-01-01,2023,1,"Banana, US",Other Food,($/kg),1.68,0.0,7.01,44.83,48.67,-0.66
2023-02-01,2023,2,"Banana, US",Other Food,($/kg),1.66,-1.19,0.61,33.87,30.71,-0.9
2023-03-01,2023,3,"Banana, US",Other Food,($/kg),1.6,-3.61,-4.76,15.11,37.93,-1.26
2023-04-01,2023,4,"Banana, US",Other Food,($/kg),1.65,3.12,-1.79,13.01,42.24,0.45
2023-05-01,2023,5,"Banana, US",Other Food,($/kg),1.61,-2.42,-3.01,10.27,40.0,-0.87
2023-06-01,2023,6,"Banana, US",Other Food,($/kg),1.59,-1.24,-0.62,10.42,37.07,-0.51
2023-07-01,2023,7,"Banana, US",Other Food,($/kg),1.55,-2.52,-6.06,1.31,35.96,-0.82
2023-08-01,2023,8,"Banana, US",Other Food,($/kg),1.56,0.65,-3.11,-6.59,40.54,0.12
2023-09-01,2023,9,"Banana, US",Other Food,($/kg),1.56,0.0,-1.89,-3.7,40.54,0.19
2023-10-01,2023,10,"Banana, US",Other Food,($/kg),1.57,0.64,1.29,0.0,40.18,0.35
2023-11-01,2023,11,"Banana, US",Other Food,($/kg),1.55,-1.27,-0.64,-6.06,38.39,-0.52
2023-12-01,2023,12,"Banana, US",Other Food,($/kg),1.57,1.29,0.64,-6.55,38.94,0.93
2024-01-01,2024,1,"Banana, US",Other Food,($/kg),1.61,2.55,2.55,-4.17,41.23,1.65
2024-02-01,2024,2,"Banana, US",Other Food,($/kg),1.57,-2.48,1.29,-5.42,35.34,-1.04
2024-03-01,2024,3,"Banana, US",Other Food,($/kg),1.64,4.46,4.46,2.5,38.98,2.28
2024-04-01,2024,4,"Banana, US",Other Food,($/kg),1.63,-0.61,1.24,-1.21,40.52,-0.36
2024-05-01,2024,5,"Banana, US",Other Food,($/kg),1.42,-12.88,-9.55,-11.8,26.79,-5.96
2024-06-01,2024,6,"Banana, US",Other Food,($/kg),1.09,-23.24,-33.54,-31.45,-3.54,-5.23
2024-07-01,2024,7,"Banana, US",Other Food,($/kg),1.03,-5.5,-36.81,-33.55,-8.85,-0.35
2024-08-01,2024,8,"Banana, US",Other Food,($/kg),1.01,-1.94,-28.87,-35.26,-9.82,0.14
2024-09-01,2024,9,"Banana, US",Other Food,($/kg),1.03,1.98,-5.5,-33.97,-10.43,0.68
2024-10-01,2024,10,"Banana, US",Other Food,($/kg),1.03,0.0,0.0,-34.39,-8.85,0.4
2024-11-01,2024,11,"Banana, US",Other Food,($/kg),0.91,-11.65,-9.9,-41.29,-19.47,-1.1
2024-12-01,2024,12,"Banana, US",Other Food,($/kg),0.83,-8.79,-19.42,-47.13,-27.19,-0.59
2025-01-01,2025,1,"Banana, US",Other Food,($/kg),1.11,33.73,7.77,-31.06,-5.13,4.81
2025-02-01,2025,2,"Banana, US",Other Food,($/kg),1.25,12.61,37.36,-20.38,5.93,1.09
2025-03-01,2025,3,"Banana, US",Other Food,($/kg),1.18,-5.6,42.17,-28.05,-1.67,-0.32
2025-04-01,2025,4,"Banana, US",Other Food,($/kg),1.1,-6.78,-0.9,-32.52,-14.06,-0.35
2025-05-01,2025,5,"Banana, US",Other Food,($/kg),1.09,-0.91,-12.8,-23.24,-16.15,0.1
2025-06-01,2025,6,"Banana, US",Other Food,($/kg),0.92,-15.6,-22.03,-15.6,-29.23,-1.02
2025-07-01,2025,7,"Banana, US",Other Food,($/kg),1.01,9.78,-8.18,-1.94,-20.47,0.81
2025-08-01,2025,8,"Banana, US",Other Food,($/kg),1.02,0.99,-6.42,0.99,-18.4,0.03
2025-09-01,2025,9,"Banana, US",Other Food,($/kg),1.02,0.0,10.87,-0.97,-17.74,-0.06
2025-10-01,2025,10,"Banana, US",Other Food,($/kg),1.13,10.78,11.88,9.71,0.0,0.77
2025-11-01,2025,11,"Banana, US",Other Food,($/kg),1.16,2.65,13.73,27.47,2.65,0.08
2025-12-01,2025,12,"Banana, US",Other Food,($/kg),1.16,0.0,13.73,39.76,0.87,-0.21
2026-01-01,2026,1,"Banana, US",Other Food,($/kg),1.2,3.45,6.19,8.11,-3.23,-0.0
2026-02-01,2026,2,"Banana, US",Other Food,($/kg),1.21,0.83,4.31,-3.2,-0.82,-0.01
2026-03-01,2026,3,"Banana, US",Other Food,($/kg),1.21,0.0,4.31,2.54,-1.63,0.0
2026-04-01,2026,4,"Banana, US",Other Food,($/kg),1.15,-4.96,-4.17,4.55,-6.5,-0.78
2026-05-01,2026,5,"Banana, US",Other Food,($/kg),1.12,-2.61,-7.44,2.75,-8.94,-0.48
2026-06-01,2026,6,"Banana, US",Other Food,($/kg),1.18,5.36,-2.48,28.26,-4.07,0.73
2026-07-01,2026,7,"Banana, US",Other Food,($/kg),1.17,-0.85,1.74,15.84,-4.88,-0.66
2026-08-01,2026,8,"Banana, US",Other Food,($/kg),1.1,-5.98,-1.79,7.84,-10.57,-1.82
2026-09-01,2026,9,"Banana, US",Other Food,($/kg),1.12,1.82,-5.08,9.8,-5.08,0.24
1960-01-01,1960,1,Barley,Grains,($/mt),20.4,,,,,
1960-02-01,1960,2,Barley,Grains,($/mt),20.4,0.0,,,,
1960-03-01,1960,3,Barley,Grains,($/mt),20.7,1.47,,,,
1960-04-01,1960,4,Barley,Grains,($/mt),20.6,-0.48,0.98,,,
1960-05-01,1960,5,Barley,Grains,($/mt),20.6,0.0,0.98,,,
1960-06-01,1960,6,Barley,Grains,($/mt),20.1,-2.43,-2.9,,,
1960-07-01,1960,7,Barley,Grains,($/mt),20.0,-0.5,-2.91,,,
1960-08-01,1960,8,Barley,Grains,($/mt),20.1,0.5,-2.43,,,0.65
1960-09-01,1960,9,Barley,Grains,($/mt),20.3,1.0,1.0,,,1.01
1960-10-01,1960,10,Barley,Grains,($/mt),19.7,-2.96,-1.5,,,-2.46
1960-11-01,1960,11,Barley,Grains,($/mt),19.2,-2.54,-4.48,,,-1.47
1960-12-01,1960,12,Barley,Grains,($/mt),19.6,2.08,-3.45,,,1.73
1961-01-01,1961,1,Barley,Grains,($/mt),20.3,3.57,3.05,-0.49,,2.35
1961-02-01,1961,2,Barley,Grains,($/mt),20.5,0.99,6.77,0.49,,0.52
1961-03-01,1961,3,Barley,Grains,($/mt),20.4,-0.49,4.08,-1.45,,-0.28
1961-04-01,1961,4,Barley,Grains,($/mt),20.1,-1.47,-0.99,-2.43,,-0.71
1961-05-01,1961,5,Barley,Grains,($/mt),20.3,1.0,-0.98,-1.46,,0.6
1961-06-01,1961,6,Barley,Grains,($/mt),19.9,-1.97,-2.45,-1.0,,-0.93
1961-07-01,1961,7,Barley,Grains,($/mt),20.4,2.51,1.49,2.0,,1.32
1961-08-01,1961,8,Barley,Grains,($/mt),20.7,1.47,1.97,2.99,,0.62
1961-09-01,1961,9,Barley,Grains,($/mt),20.7,0.0,4.02,1.97,,-0.13
1961-10-01,1961,10,Barley,Grains,($/mt),21.6,4.35,5.88,9.64,,1.98
1961-11-01,1961,11,Barley,Grains,($/mt),22.0,1.85,6.28,14.58,,0.49
1961-12-01,1961,12,Barley,Grains,($/mt),22.1,0.45,6.76,12.76,,-0.37
1962-01-01,1962,1,Barley,Grains,($/mt),21.8,-1.36,0.93,7.39,,-1.26
1962-02-01,1962,2,Barley,Grains,($/mt),22.0,0.92,0.0,7.32,,0.17
1962-03-01,1962,3,Barley,Grains,($/mt),22.2,0.91,0.45,8.82,,0.17
1962-04-01,1962,4,Barley,Grains,($/mt),22.3,0.45,2.29,10.95,,-0.15
1962-05-01,1962,5,Barley,Grains,($/mt),22.7,1.79,3.18,11.82,,0.55
1962-06-01,1962,6,Barley,Grains,($/mt),22.8,0.44,2.7,14.57,,-0.3
1962-07-01,1962,7,Barley,Grains,($/mt),22.9,0.44,2.69,12.25,,-0.5
1962-08-01,1962,8,Barley,Grains,($/mt),22.9,0.0,0.88,10.63,,-0.71
1962-09-01,1962,9,Barley,Grains,($/mt),22.9,0.0,0.44,10.63,,-0.62
1962-10-01,1962,10,Barley,Grains,($/mt),22.7,-0.87,-0.87,5.09,,-1.25
1962-11-01,1962,11,Barley,Grains,($/mt),23.5,3.52,2.62,6.82,,3.32
1962-12-01,1962,12,Barley,Grains,($/mt),23.9,1.7,4.37,8.14,,0.92
1963-01-01,1963,1,Barley,Grains,($/mt),24.1,0.84,6.17,10.55,,0.14
1963-02-01,1963,2,Barley,Grains,($/mt),24.4,1.24,3.83,10.91,,0.36
1963-03-01,1963,3,Barley,Grains,($/mt),24.5,0.41,2.51,10.36,,-0.41
1963-04-01,1963,4,Barley,Grains,($/mt),24.7,0.82,2.49,10.76,,-0.01
1963-05-01,1963,5,Barley,Grains,($/mt),24.2,-2.02,-0.82,6.61,,-2.57
1963-06-01,1963,6,Barley,Grains,($/mt),23.2,-4.13,-5.31,1.75,,-3.46
1963-07-01,1963,7,Barley,Grains,($/mt),23.2,0.0,-6.07,1.31,,-0.08
1963-08-01,1963,8,Barley,Grains,($/mt),23.3,0.43,-3.72,1.75,,0.16
1963-09-01,1963,9,Barley,Grains,($/mt),23.7,1.72,2.16,3.49,,0.81
1963-10-01,1963,10,Barley,Grains,($/mt),24.1,1.69,3.88,6.17,,0.7
1963-11-01,1963,11,Barley,Grains,($/mt),24.1,0.0,3.43,2.55,,-0.26
1963-12-01,1963,12,Barley,Grains,($/mt),24.3,0.83,2.53,1.67,,0.35
1964-01-01,1964,1,Barley,Grains,($/mt),24.4,0.41,1.24,1.24,,0.16
1964-02-01,1964,2,Barley,Grains,($/mt),24.4,0.0,1.24,0.0,,-0.07
1964-03-01,1964,3,Barley,Grains,($/mt),24.8,1.64,2.06,1.22,,1.0
1964-04-01,1964,4,Barley,Grains,($/mt),25.2,1.61,3.28,2.02,,0.89
1964-05-01,1964,5,Barley,Grains,($/mt),25.6,1.59,4.92,5.79,,0.81
1964-06-01,1964,6,Barley,Grains,($/mt),25.0,-2.34,0.81,7.76,,-1.74
1964-07-01,1964,7,Barley,Grains,($/mt),25.6,2.4,1.59,10.34,,1.5
1964-08-01,1964,8,Barley,Grains,($/mt),25.4,-0.78,-0.78,9.01,,-1.27
1964-09-01,1964,9,Barley,Grains,($/mt),25.6,0.79,2.4,8.02,,0.04
1964-10-01,1964,10,Barley,Grains,($/mt),25.2,-1.56,-1.56,4.56,,-1.69
1964-11-01,1964,11,Barley,Grains,($/mt),25.1,-0.4,-1.18,4.15,,-0.55
1964-12-01,1964,12,Barley,Grains,($/mt),25.4,1.2,-0.78,4.53,,0.59
1965-01-01,1965,1,Barley,Grains,($/mt),25.4,0.0,0.79,4.1,24.51,-0.26
1965-02-01,1965,2,Barley,Grains,($/mt),24.7,-2.76,-1.59,1.23,21.08,-2.15
1965-03-01,1965,3,Barley,Grains,($/mt),24.7,0.0,-2.76,-0.4,19.32,-0.07
1965-04-01,1965,4,Barley,Grains,($/mt),24.6,-0.4,-3.15,-2.38,19.42,-0.24
1965-05-01,1965,5,Barley,Grains,($/mt),24.7,0.41,0.0,-3.52,19.9,0.39
1965-06-01,1965,6,Barley,Grains,($/mt),24.4,-1.21,-1.21,-2.4,21.39,-0.63
1965-07-01,1965,7,Barley,Grains,($/mt),24.1,-1.23,-2.03,-5.86,20.5,-0.77
1965-08-01,1965,8,Barley,Grains,($/mt),24.0,-0.41,-2.83,-5.51,19.4,0.07
1965-09-01,1965,9,Barley,Grains,($/mt),24.0,0.0,-1.64,-6.25,18.23,0.43
1965-10-01,1965,10,Barley,Grains,($/mt),23.6,-1.67,-2.07,-6.35,19.8,-1.1
1965-11-01,1965,11,Barley,Grains,($/mt),23.6,0.0,-1.67,-5.98,22.92,0.52
1965-12-01,1965,12,Barley,Grains,($/mt),24.3,2.97,1.25,-4.33,23.98,3.3
1966-01-01,1966,1,Barley,Grains,($/mt),24.6,1.23,4.24,-3.15,21.18,1.15
1966-02-01,1966,2,Barley,Grains,($/mt),24.7,0.41,4.66,0.0,20.49,0.45
1966-03-01,1966,3,Barley,Grains,($/mt),24.5,-0.81,0.82,-0.81,20.1,-0.66
1966-04-01,1966,4,Barley,Grains,($/mt),24.6,0.41,0.0,0.0,22.39,0.37
1966-05-01,1966,5,Barley,Grains,($/mt),24.6,0.0,-0.4,-0.4,21.18,-0.01
1966-06-01,1966,6,Barley,Grains,($/mt),25.5,3.66,4.08,4.51,28.14,2.94
1966-07-01,1966,7,Barley,Grains,($/mt),26.5,3.92,7.72,9.96,29.9,2.24
1966-08-01,1966,8,Barley,Grains,($/mt),27.5,3.77,11.79,14.58,32.85,1.66
1966-09-01,1966,9,Barley,Grains,($/mt),27.2,-1.09,6.67,13.33,31.4,-1.16
1966-10-01,1966,10,Barley,Grains,($/mt),26.7,-1.84,0.75,13.14,23.61,-1.44
1966-11-01,1966,11,Barley,Grains,($/mt),26.8,0.37,-2.55,13.56,21.82,-0.33
1966-12-01,1966,12,Barley,Grains,($/mt),27.5,2.61,1.1,13.17,24.43,0.76
1967-01-01,1967,1,Barley,Grains,($/mt),27.3,-0.73,2.25,10.98,25.23,-0.89
1967-02-01,1967,2,Barley,Grains,($/mt),27.3,0.0,1.87,10.53,24.09,-0.43
1967-03-01,1967,3,Barley,Grains,($/mt),27.7,1.47,0.73,13.06,24.77,0.29
1967-04-01,1967,4,Barley,Grains,($/mt),27.3,-1.44,0.0,10.98,22.42,-1.24
1967-05-01,1967,5,Barley,Grains,($/mt),27.2,-0.37,-0.37,10.57,19.82,-0.59
1967-06-01,1967,6,Barley,Grains,($/mt),26.9,-1.1,-2.89,5.49,17.98,-0.92
1967-07-01,1967,7,Barley,Grains,($/mt),26.3,-2.23,-3.66,-0.75,14.85,-1.34
1967-08-01,1967,8,Barley,Grains,($/mt),25.6,-2.66,-5.88,-6.91,11.79,-1.43
1967-09-01,1967,9,Barley,Grains,($/mt),25.1,-1.95,-6.69,-7.72,9.61,-0.9
1967-10-01,1967,10,Barley,Grains,($/mt),25.0,-0.4,-4.94,-6.37,10.13,0.16
1967-11-01,1967,11,Barley,Grains,($/mt),24.8,-0.8,-3.12,-7.46,5.53,-0.17
1967-12-01,1967,12,Barley,Grains,($/mt),24.6,-0.81,-1.99,-10.55,2.93,-0.11
1968-01-01,1968,1,Barley,Grains,($/mt),25.5,3.66,2.0,-6.59,5.81,4.16
1968-02-01,1968,2,Barley,Grains,($/mt),25.6,0.39,3.23,-6.23,4.92,0.55
1968-03-01,1968,3,Barley,Grains,($/mt),25.5,-0.39,3.66,-7.94,4.08,0.07
1968-04-01,1968,4,Barley,Grains,($/mt),24.9,-2.35,-2.35,-8.79,0.81,-1.03
1968-05-01,1968,5,Barley,Grains,($/mt),24.7,-0.8,-3.52,-9.19,2.07,-0.03
1968-06-01,1968,6,Barley,Grains,($/mt),24.9,0.81,-2.35,-7.43,7.33,0.95
1968-07-01,1968,7,Barley,Grains,($/mt),25.2,1.2,1.2,-4.18,8.62,1.06
1968-08-01,1968,8,Barley,Grains,($/mt),24.9,-1.19,0.81,-2.73,6.87,-0.49
1968-09-01,1968,9,Barley,Grains,($/mt),24.7,-0.8,-0.8,-1.59,4.22,-0.37
1968-10-01,1968,10,Barley,Grains,($/mt),24.9,0.81,-1.19,-0.4,3.32,0.62
1968-11-01,1968,11,Barley,Grains,($/mt),25.7,3.21,3.21,3.63,6.64,2.11
1968-12-01,1968,12,Barley,Grains,($/mt),25.6,-0.39,3.64,4.07,5.35,-0.4
1969-01-01,1969,1,Barley,Grains,($/mt),26.0,1.56,4.42,1.96,6.56,0.69
1969-02-01,1969,2,Barley,Grains,($/mt),25.9,-0.38,0.78,1.17,6.15,-0.38
1969-03-01,1969,3,Barley,Grains,($/mt),25.8,-0.39,0.78,1.18,4.03,-0.33
1969-04-01,1969,4,Barley,Grains,($/mt),26.1,1.16,0.38,4.82,3.57,0.71
1969-05-01,1969,5,Barley,Grains,($/mt),26.6,1.92,2.7,7.69,3.91,1.18
1969-06-01,1969,6,Barley,Grains,($/mt),26.6,0.0,3.1,6.83,6.4,-0.49
1969-07-01,1969,7,Barley,Grains,($/mt),26.3,-1.13,0.77,4.37,2.73,-1.3
1969-08-01,1969,8,Barley,Grains,($/mt),25.4,-3.42,-4.51,2.01,0.0,-2.77
1969-09-01,1969,9,Barley,Grains,($/mt),24.5,-3.54,-7.89,-0.81,-4.3,-2.18
1969-10-01,1969,10,Barley,Grains,($/mt),24.4,-0.41,-7.22,-2.01,-3.17,-0.18
1969-11-01,1969,11,Barley,Grains,($/mt),24.6,0.82,-3.15,-4.28,-1.99,0.49
1969-12-01,1969,12,Barley,Grains,($/mt),24.5,-0.41,0.0,-4.3,-3.54,-0.03
1970-01-01,1970,1,Barley,Grains,($/mt),25.5,4.08,4.51,-1.92,0.39,2.57
1970-02-01,1970,2,Barley,Grains,($/mt),25.6,0.39,4.07,-1.16,3.64,0.25
1970-03-01,1970,3,Barley,Grains,($/mt),25.6,0.0,4.49,-0.78,3.64,0.04
1970-04-01,1970,4,Barley,Grains,($/mt),25.7,0.39,0.78,-1.53,4.47,0.21
1970-05-01,1970,5,Barley,Grains,($/mt),25.7,0.0,0.39,-3.38,4.05,0.05
1970-06-01,1970,6,Barley,Grains,($/mt),25.7,0.0,0.39,-3.38,5.33,0.14
1970-07-01,1970,7,Barley,Grains,($/mt),25.9,0.78,0.78,-1.52,7.47,0.53
1970-08-01,1970,8,Barley,Grains,($/mt),26.2,1.16,1.95,3.15,9.17,0.64
1970-09-01,1970,9,Barley,Grains,($/mt),26.8,2.29,4.28,9.39,11.67,1.19
1970-10-01,1970,10,Barley,Grains,($/mt),27.4,2.24,5.79,12.3,16.1,1.15
1970-11-01,1970,11,Barley,Grains,($/mt),27.9,1.82,6.49,13.41,18.22,0.65
1970-12-01,1970,12,Barley,Grains,($/mt),28.4,1.79,5.97,15.92,16.87,0.55
1971-01-01,1971,1,Barley,Grains,($/mt),28.5,0.35,4.01,11.76,15.85,-0.72
1971-02-01,1971,2,Barley,Grains,($/mt),28.6,0.35,2.51,11.72,15.79,-0.66
1971-03-01,1971,3,Barley,Grains,($/mt),28.5,-0.35,0.35,11.33,16.33,-1.44
1971-04-01,1971,4,Barley,Grains,($/mt),28.4,-0.35,-0.35,10.51,15.45,-1.35
1971-05-01,1971,5,Barley,Grains,($/mt),28.6,0.7,0.0,11.28,16.26,-0.14
1971-06-01,1971,6,Barley,Grains,($/mt),28.3,-1.05,-0.7,10.12,10.98,-2.04
1971-07-01,1971,7,Barley,Grains,($/mt),28.3,0.0,-0.35,9.27,6.79,-0.75
1971-08-01,1971,8,Barley,Grains,($/mt),28.3,0.0,-1.05,8.02,2.91,-0.67
1971-09-01,1971,9,Barley,Grains,($/mt),28.3,0.0,0.0,5.6,4.04,-0.58
1971-10-01,1971,10,Barley,Grains,($/mt),28.2,-0.35,-0.35,2.92,5.62,-0.81
1971-11-01,1971,11,Barley,Grains,($/mt),28.3,0.35,0.0,1.43,5.6,0.13
1971-12-01,1971,12,Barley,Grains,($/mt),28.3,0.0,0.0,-0.35,2.91,-0.17
1972-01-01,1972,1,Barley,Grains,($/mt),27.1,-4.24,-3.9,-4.91,-0.73,-9.15
1972-02-01,1972,2,Barley,Grains,($/mt),27.2,0.37,-3.89,-4.9,-0.37,0.61
1972-03-01,1972,3,Barley,Grains,($/mt),27.4,0.74,-3.18,-3.86,-1.08,0.89
1972-04-01,1972,4,Barley,Grains,($/mt),27.7,1.09,2.21,-2.46,1.47,1.06
1972-05-01,1972,5,Barley,Grains,($/mt),27.9,0.72,2.57,-2.45,2.57,0.66
1972-06-01,1972,6,Barley,Grains,($/mt),27.6,-1.08,0.73,-2.47,2.6,-0.63
1972-07-01,1972,7,Barley,Grains,($/mt),27.9,1.09,0.72,-1.41,6.08,0.92
1972-08-01,1972,8,Barley,Grains,($/mt),28.6,2.51,2.51,1.06,11.72,1.82
1972-09-01,1972,9,Barley,Grains,($/mt),32.2,12.59,16.67,13.78,28.29,7.67
1972-10-01,1972,10,Barley,Grains,($/mt),33.9,5.28,21.51,20.21,35.6,1.04
1972-11-01,1972,11,Barley,Grains,($/mt),34.7,2.36,21.33,22.61,39.92,0.18
1972-12-01,1972,12,Barley,Grains,($/mt),38.7,11.53,20.19,36.75,57.32,2.39
1973-01-01,1973,1,Barley,Grains,($/mt),42.1,8.79,24.19,55.35,65.1,1.23
1973-02-01,1973,2,Barley,Grains,($/mt),40.8,-3.09,17.58,50.0,59.37,-1.49
1973-03-01,1973,3,Barley,Grains,($/mt),40.6,-0.49,4.91,48.18,59.22,-0.81
1973-04-01,1973,4,Barley,Grains,($/mt),40.7,0.25,-3.33,46.93,63.45,-0.63
1973-05-01,1973,5,Barley,Grains,($/mt),42.9,5.41,5.15,53.76,73.68,0.4
1973-06-01,1973,6,Barley,Grains,($/mt),46.2,7.69,13.79,67.39,85.54,0.78
1973-07-01,1973,7,Barley,Grains,($/mt),48.8,5.63,19.9,74.91,93.65,0.23
1973-08-01,1973,8,Barley,Grains,($/mt),64.5,32.17,50.35,125.52,159.04,5.69
1973-09-01,1973,9,Barley,Grains,($/mt),61.2,-5.12,32.47,90.06,147.77,-1.36
1973-10-01,1973,10,Barley,Grains,($/mt),60.1,-1.8,23.16,77.29,141.37,-0.8
1973-11-01,1973,11,Barley,Grains,($/mt),60.4,0.5,-6.36,74.06,135.02,-0.48
1973-12-01,1973,12,Barley,Grains,($/mt),64.1,6.13,4.74,65.63,150.39,0.1
1974-01-01,1974,1,Barley,Grains,($/mt),66.1,3.12,9.98,57.01,154.23,-0.16
1974-02-01,1974,2,Barley,Grains,($/mt),70.9,7.26,17.38,73.77,173.75,0.32
1974-03-01,1974,3,Barley,Grains,($/mt),65.6,-7.48,2.34,61.58,154.26,-1.33
1974-04-01,1974,4,Barley,Grains,($/mt),58.9,-10.21,-10.89,44.72,125.67,-1.47
1974-05-01,1974,5,Barley,Grains,($/mt),55.4,-5.94,-21.86,29.14,108.27,-0.88
1974-06-01,1974,6,Barley,Grains,($/mt),58.5,5.6,-10.82,26.62,119.92,0.26
1974-07-01,1974,7,Barley,Grains,($/mt),63.5,8.55,7.81,30.12,141.44,0.55
1974-08-01,1974,8,Barley,Grains,($/mt),65.5,3.15,18.23,1.55,157.87,0.04
1974-09-01,1974,9,Barley,Grains,($/mt),65.5,0.0,11.97,7.03,167.35,-0.05
1974-10-01,1974,10,Barley,Grains,($/mt),71.0,8.4,11.81,18.14,190.98,1.26
1974-11-01,1974,11,Barley,Grains,($/mt),69.1,-2.68,5.5,14.4,180.89,-0.67
1974-12-01,1974,12,Barley,Grains,($/mt),69.1,0.0,5.5,7.8,182.04,-0.2
1975-01-01,1975,1,Barley,Grains,($/mt),63.2,-8.54,-10.99,-4.39,147.84,-1.48
1975-02-01,1975,2,Barley,Grains,($/mt),59.5,-5.85,-13.89,-16.08,132.42,-0.83
1975-03-01,1975,3,Barley,Grains,($/mt),58.5,-1.68,-15.34,-10.82,128.52,-0.07
1975-04-01,1975,4,Barley,Grains,($/mt),57.2,-2.22,-9.49,-2.89,122.57,-0.23
1975-05-01,1975,5,Barley,Grains,($/mt),54.8,-4.2,-7.9,-1.08,113.23,-0.73
1975-06-01,1975,6,Barley,Grains,($/mt),54.7,-0.18,-6.5,-6.5,112.84,-0.04
1975-07-01,1975,7,Barley,Grains,($/mt),58.4,6.76,2.1,-8.03,125.48,1.4
1975-08-01,1975,8,Barley,Grains,($/mt),63.7,9.08,16.24,-2.75,143.13,1.98
1975-09-01,1975,9,Barley,Grains,($/mt),62.7,-1.57,14.63,-4.27,133.96,-0.27
1975-10-01,1975,10,Barley,Grains,($/mt),61.1,-2.55,4.62,-13.94,122.99,-0.42
1975-11-01,1975,11,Barley,Grains,($/mt),57.4,-6.06,-9.89,-16.93,105.73,-1.01
1975-12-01,1975,12,Barley,Grains,($/mt),56.5,-1.57,-9.89,-18.23,98.94,-0.03
1976-01-01,1976,1,Barley,Grains,($/mt),57.0,0.88,-6.71,-9.81,100.0,0.48
1976-02-01,1976,2,Barley,Grains,($/mt),59.3,4.04,3.31,-0.34,107.34,1.05
1976-03-01,1976,3,Barley,Grains,($/mt),59.3,0.0,4.96,1.37,108.07,-0.01
1976-04-01,1976,4,Barley,Grains,($/mt),57.8,-2.53,1.4,1.05,103.52,-0.62
1976-05-01,1976,5,Barley,Grains,($/mt),58.5,1.21,-1.35,6.75,104.55,0.23
1976-06-01,1976,6,Barley,Grains,($/mt),60.0,2.56,1.18,9.69,112.01,0.46
1976-07-01,1976,7,Barley,Grains,($/mt),59.3,-1.17,2.6,1.54,109.54,-0.48
1976-08-01,1976,8,Barley,Grains,($/mt),55.4,-6.58,-5.3,-13.03,95.76,-1.76
1976-09-01,1976,9,Barley,Grains,($/mt),53.9,-2.71,-10.17,-14.04,90.46,-0.51
1976-10-01,1976,10,Barley,Grains,($/mt),50.8,-5.75,-14.33,-16.86,80.14,-1.43
1976-11-01,1976,11,Barley,Grains,($/mt),48.7,-4.13,-12.09,-15.16,72.08,-0.78
1976-12-01,1976,12,Barley,Grains,($/mt),49.5,1.64,-8.16,-12.39,74.91,0.91
1977-01-01,1977,1,Barley,Grains,($/mt),51.4,3.84,1.18,-9.82,89.67,1.46
1977-02-01,1977,2,Barley,Grains,($/mt),51.7,0.58,6.16,-12.82,90.07,0.38
1977-03-01,1977,3,Barley,Grains,($/mt),50.6,-2.13,2.22,-14.67,84.67,-0.32
1977-04-01,1977,4,Barley,Grains,($/mt),49.3,-2.57,-4.09,-14.71,77.98,-0.4
1977-05-01,1977,5,Barley,Grains,($/mt),46.9,-4.87,-9.28,-19.83,68.1,-1.09
1977-06-01,1977,6,Barley,Grains,($/mt),45.5,-2.99,-10.08,-24.17,64.86,-0.36
1977-07-01,1977,7,Barley,Grains,($/mt),44.8,-1.54,-9.13,-24.45,60.57,0.23
1977-08-01,1977,8,Barley,Grains,($/mt),43.1,-3.79,-8.1,-22.2,50.7,-0.5
1977-09-01,1977,9,Barley,Grains,($/mt),44.3,2.78,-2.64,-17.81,37.58,1.72
1977-10-01,1977,10,Barley,Grains,($/mt),46.2,4.29,3.13,-9.06,36.28,1.89
1977-11-01,1977,11,Barley,Grains,($/mt),49.8,7.79,15.55,2.26,43.52,2.64
1977-12-01,1977,12,Barley,Grains,($/mt),50.9,2.21,14.9,2.83,31.52,0.51
1978-01-01,1978,1,Barley,Grains,($/mt),50.9,0.0,10.17,-0.97,20.9,-0.08
1978-02-01,1978,2,Barley,Grains,($/mt),52.2,2.55,4.82,0.97,27.94,0.69
1978-03-01,1978,3,Barley,Grains,($/mt),55.0,5.36,8.06,8.7,35.47,1.37
1978-04-01,1978,4,Barley,Grains,($/mt),57.4,4.36,12.77,16.43,41.03,0.9
1978-05-01,1978,5,Barley,Grains,($/mt),56.4,-1.74,8.05,20.26,31.47,-0.78
1978-06-01,1978,6,Barley,Grains,($/mt),55.8,-1.06,1.45,22.64,20.78,-0.74
1978-07-01,1978,7,Barley,Grains,($/mt),54.3,-2.69,-5.4,21.21,11.27,-1.3
1978-08-01,1978,8,Barley,Grains,($/mt),53.4,-1.66,-5.32,23.9,-17.21,-0.94
1978-09-01,1978,9,Barley,Grains,($/mt),53.9,0.94,-3.41,21.67,-11.93,-0.28
1978-10-01,1978,10,Barley,Grains,($/mt),56.3,4.45,3.68,21.86,-6.32,0.84
1978-11-01,1978,11,Barley,Grains,($/mt),57.3,1.78,7.3,15.06,-5.13,0.02
1978-12-01,1978,12,Barley,Grains,($/mt),56.8,-0.87,5.38,11.59,-11.39,-0.77
1979-01-01,1979,1,Barley,Grains,($/mt),58.5,2.99,3.91,14.93,-11.5,0.75
1979-02-01,1979,2,Barley,Grains,($/mt),59.4,1.54,3.66,13.79,-16.22,0.12
1979-03-01,1979,3,Barley,Grains,($/mt),59.9,0.84,5.46,8.91,-8.69,-0.1
1979-04-01,1979,4,Barley,Grains,($/mt),60.4,0.83,3.25,5.23,2.55,0.04
1979-05-01,1979,5,Barley,Grains,($/mt),61.3,1.49,3.2,8.69,10.65,0.49
1979-06-01,1979,6,Barley,Grains,($/mt),67.6,10.28,12.85,21.15,15.56,4.75
1979-07-01,1979,7,Barley,Grains,($/mt),70.9,4.88,17.38,30.57,11.65,0.97
1979-08-01,1979,8,Barley,Grains,($/mt),67.7,-4.51,10.44,26.78,3.36,-2.16
1979-09-01,1979,9,Barley,Grains,($/mt),68.6,1.33,1.48,27.27,4.73,-0.2
1979-10-01,1979,10,Barley,Grains,($/mt),69.7,1.6,-1.69,23.8,-1.83,-0.14
1979-11-01,1979,11,Barley,Grains,($/mt),69.6,-0.14,2.81,21.47,0.72,-0.57
1979-12-01,1979,12,Barley,Grains,($/mt),69.5,-0.14,1.31,22.36,0.58,-0.52
1980-01-01,1980,1,Barley,Grains,($/mt),66.6,-4.17,-4.45,13.85,5.38,-1.71
1980-02-01,1980,2,Barley,Grains,($/mt),66.6,0.0,-4.31,12.12,11.93,-0.3
1980-03-01,1980,3,Barley,Grains,($/mt),69.9,4.95,0.58,16.69,19.49,1.02
1980-04-01,1980,4,Barley,Grains,($/mt),69.9,0.0,4.95,15.73,22.2,-0.34
1980-05-01,1980,5,Barley,Grains,($/mt),68.2,-2.43,2.4,11.26,24.45,-0.93
1980-06-01,1980,6,Barley,Grains,($/mt),64.9,-4.84,-7.15,-3.99,18.65,-1.39
1980-07-01,1980,7,Barley,Grains,($/mt),86.5,33.28,23.75,22.0,48.12,10.21
1980-08-01,1980,8,Barley,Grains,($/mt),81.6,-5.66,19.65,20.53,28.1,-0.76
1980-09-01,1980,9,Barley,Grains,($/mt),78.2,-4.17,20.49,13.99,24.72,-0.6
1980-10-01,1980,10,Barley,Grains,($/mt),88.2,12.79,1.97,26.54,44.35,1.08
1980-11-01,1980,11,Barley,Grains,($/mt),103.2,17.01,26.47,48.28,79.79,1.33
1980-12-01,1980,12,Barley,Grains,($/mt),94.9,-8.04,21.36,36.55,67.96,-1.02
1981-01-01,1981,1,Barley,Grains,($/mt),92.5,-2.53,4.88,38.89,62.28,-0.47
1981-02-01,1981,2,Barley,Grains,($/mt),94.2,1.84,-8.72,41.44,58.85,-0.13
1981-03-01,1981,3,Barley,Grains,($/mt),89.2,-5.31,-6.01,27.61,50.42,-0.73
1981-04-01,1981,4,Barley,Grains,($/mt),82.6,-7.4,-10.7,18.17,42.91,-0.82
1981-05-01,1981,5,Barley,Grains,($/mt),82.6,0.0,-12.31,21.11,41.2,-0.16
1981-06-01,1981,6,Barley,Grains,($/mt),70.9,-14.16,-20.52,9.24,18.17,-1.31
1981-07-01,1981,7,Barley,Grains,($/mt),77.5,9.31,-6.17,-10.4,30.69,0.59
1981-08-01,1981,8,Barley,Grains,($/mt),75.9,-2.06,-8.11,-6.99,37.0,-0.17
1981-09-01,1981,9,Barley,Grains,($/mt),70.9,-6.59,0.0,-9.34,31.54,-0.7
1981-10-01,1981,10,Barley,Grains,($/mt),73.6,3.81,-5.03,-16.55,44.88,0.46
1981-11-01,1981,11,Barley,Grains,($/mt),77.5,5.3,2.11,-24.9,59.14,0.77
1981-12-01,1981,12,Barley,Grains,($/mt),69.3,-10.58,-2.26,-26.98,40.0,-1.28
1982-01-01,1982,1,Barley,Grains,($/mt),72.6,4.76,-1.36,-21.51,41.25,1.04
1982-02-01,1982,2,Barley,Grains,($/mt),75.9,4.55,-2.06,-19.43,46.81,0.88
1982-03-01,1982,3,Barley,Grains,($/mt),70.9,-6.59,2.31,-20.52,40.12,-0.69
1982-04-01,1982,4,Barley,Grains,($/mt),70.2,-0.99,-3.31,-15.01,42.39,0.09
1982-05-01,1982,5,Barley,Grains,($/mt),76.2,8.55,0.4,-7.75,62.47,1.35
1982-06-01,1982,6,Barley,Grains,($/mt),71.9,-5.64,1.41,1.41,58.02,-0.68
1982-07-01,1982,7,Barley,Grains,($/mt),58.6,-18.5,-16.52,-24.39,30.8,-2.85
1982-08-01,1982,8,Barley,Grains,($/mt),59.3,1.19,-22.18,-21.87,37.59,0.4
1982-09-01,1982,9,Barley,Grains,($/mt),54.9,-7.42,-23.64,-22.57,23.93,-0.71
1982-10-01,1982,10,Barley,Grains,($/mt),50.3,-8.38,-14.16,-31.66,8.87,-0.82
1982-11-01,1982,11,Barley,Grains,($/mt),50.3,0.0,-15.18,-35.1,1.0,0.35
1982-12-01,1982,12,Barley,Grains,($/mt),53.6,6.56,-2.37,-22.66,5.3,1.28
1983-01-01,1983,1,Barley,Grains,($/mt),53.6,0.0,6.56,-26.17,5.3,0.23
1983-02-01,1983,2,Barley,Grains,($/mt),57.9,8.02,15.11,-23.72,10.92,1.36
1983-03-01,1983,3,Barley,Grains,($/mt),56.9,-1.73,6.16,-19.75,3.45,0.03
1983-04-01,1983,4,Barley,Grains,($/mt),66.9,17.57,24.81,-4.7,16.55,2.47
1983-05-01,1983,5,Barley,Grains,($/mt),63.6,-4.93,9.84,-16.54,12.77,-0.52
1983-06-01,1983,6,Barley,Grains,($/mt),66.6,4.72,17.05,-7.37,19.35,0.63
1983-07-01,1983,7,Barley,Grains,($/mt),64.9,-2.55,-2.99,10.75,19.52,-0.25
1983-08-01,1983,8,Barley,Grains,($/mt),76.6,18.03,20.44,29.17,43.45,2.32
1983-09-01,1983,9,Barley,Grains,($/mt),87.4,14.1,31.23,59.2,62.15,1.32
1983-10-01,1983,10,Barley,Grains,($/mt),88.2,0.92,35.9,75.35,56.66,-0.38
1983-11-01,1983,11,Barley,Grains,($/mt),89.9,1.93,17.36,78.73,56.89,-0.4
1983-12-01,1983,12,Barley,Grains,($/mt),78.2,-13.01,-10.53,45.9,37.68,-2.33
1984-01-01,1984,1,Barley,Grains,($/mt),84.9,8.57,-3.74,58.4,45.13,0.53
1984-02-01,1984,2,Barley,Grains,($/mt),84.9,0.0,-5.56,46.63,42.93,-0.46
1984-03-01,1984,3,Barley,Grains,($/mt),87.6,3.18,12.02,53.95,46.24,-0.05
1984-04-01,1984,4,Barley,Grains,($/mt),92.5,5.59,8.95,38.27,53.15,0.17
1984-05-01,1984,5,Barley,Grains,($/mt),93.2,0.76,9.78,46.54,52.04,-0.28
1984-06-01,1984,6,Barley,Grains,($/mt),89.9,-3.54,2.63,34.98,32.99,-0.89
1984-07-01,1984,7,Barley,Grains,($/mt),72.9,-18.91,-21.19,12.33,2.82,-2.66
1984-08-01,1984,8,Barley,Grains,($/mt),66.6,-8.64,-28.54,-13.05,-1.62,-0.99
1984-09-01,1984,9,Barley,Grains,($/mt),68.9,3.45,-23.36,-21.17,0.44,0.46
1984-10-01,1984,10,Barley,Grains,($/mt),70.6,2.47,-3.16,-19.95,1.29,0.51
1984-11-01,1984,11,Barley,Grains,($/mt),71.2,0.85,6.91,-20.8,2.3,0.29
1984-12-01,1984,12,Barley,Grains,($/mt),61.6,-13.48,-10.6,-21.23,-11.37,-1.47
1985-01-01,1985,1,Barley,Grains,($/mt),66.6,8.12,-5.67,-21.55,0.0,1.2
1985-02-01,1985,2,Barley,Grains,($/mt),68.2,2.4,-4.21,-19.67,2.4,0.5
1985-03-01,1985,3,Barley,Grains,($/mt),64.9,-4.84,5.36,-25.91,-7.15,-0.41
1985-04-01,1985,4,Barley,Grains,($/mt),68.2,5.08,2.4,-26.27,-2.43,0.9
1985-05-01,1985,5,Barley,Grains,($/mt),68.2,0.0,0.0,-26.82,0.0,0.27
1985-06-01,1985,6,Barley,Grains,($/mt),64.9,-4.84,0.0,-27.81,0.0,-0.32
1985-07-01,1985,7,Barley,Grains,($/mt),59.9,-7.7,-12.17,-17.83,-30.75,-0.66
1985-08-01,1985,8,Barley,Grains,($/mt),48.3,-19.37,-29.18,-27.48,-40.81,-2.79
1985-09-01,1985,9,Barley,Grains,($/mt),46.6,-3.52,-28.2,-32.37,-40.41,-0.15
1985-10-01,1985,10,Barley,Grains,($/mt),48.3,3.65,-19.37,-31.59,-45.24,0.83
1985-11-01,1985,11,Barley,Grains,($/mt),48.3,0.0,0.0,-32.16,-53.2,0.35
1985-12-01,1985,12,Barley,Grains,($/mt),53.3,10.35,14.38,-13.47,-43.84,1.67
1986-01-01,1986,1,Barley,Grains,($/mt),53.3,0.0,10.35,-19.97,-42.38,0.11
1986-02-01,1986,2,Barley,Grains,($/mt),53.3,0.0,10.35,-21.85,-43.42,0.21
1986-03-01,1986,3,Barley,Grains,($/mt),54.4,2.06,2.06,-16.18,-39.01,0.52
1986-04-01,1986,4,Barley,Grains,($/mt),49.6,-8.82,-6.94,-27.27,-39.95,-1.03
1986-05-01,1986,5,Barley,Grains,($/mt),50.0,0.81,-6.19,-26.69,-39.47,0.42
1986-06-01,1986,6,Barley,Grains,($/mt),43.3,-13.4,-20.4,-33.28,-38.93,-1.49
1986-07-01,1986,7,Barley,Grains,($/mt),40.0,-7.62,-19.35,-33.22,-48.39,-0.57
1986-08-01,1986,8,Barley,Grains,($/mt),36.6,-8.5,-26.8,-24.22,-51.78,-0.68
1986-09-01,1986,9,Barley,Grains,($/mt),40.0,9.29,-7.62,-14.16,-43.58,1.73
1986-10-01,1986,10,Barley,Grains,($/mt),48.3,20.75,20.75,0.0,-34.38,2.98
1986-11-01,1986,11,Barley,Grains,($/mt),55.6,15.11,51.91,15.11,-28.26,1.53
1986-12-01,1986,12,Barley,Grains,($/mt),46.6,-16.19,16.5,-12.57,-32.76,-1.7
1987-01-01,1987,1,Barley,Grains,($/mt),46.5,-0.21,-3.73,-12.76,-35.95,0.03
1987-02-01,1987,2,Barley,Grains,($/mt),46.3,-0.43,-16.73,-13.13,-39.0,0.01
1987-03-01,1987,3,Barley,Grains,($/mt),46.5,0.43,-0.21,-14.52,-34.41,0.09
1987-04-01,1987,4,Barley,Grains,($/mt),58.9,26.67,26.67,18.75,-16.1,2.44
1987-05-01,1987,5,Barley,Grains,($/mt),63.9,8.49,38.01,27.8,-16.14,0.47
1987-06-01,1987,6,Barley,Grains,($/mt),56.6,-11.42,21.72,30.72,-21.28,-1.06
1987-07-01,1987,7,Barley,Grains,($/mt),54.9,-3.0,-6.79,37.25,-6.31,-0.45
1987-08-01,1987,8,Barley,Grains,($/mt),50.6,-7.83,-20.81,38.25,-14.67,-0.86
1987-09-01,1987,9,Barley,Grains,($/mt),57.6,13.83,1.77,44.0,4.92,0.8
1987-10-01,1987,10,Barley,Grains,($/mt),60.6,5.21,10.38,25.47,20.48,0.1
1987-11-01,1987,11,Barley,Grains,($/mt),59.4,-1.98,17.39,6.83,18.09,-0.37
1987-12-01,1987,12,Barley,Grains,($/mt),58.2,-2.02,1.04,24.89,8.58,-0.27
1988-01-01,1988,1,Barley,Grains,($/mt),56.9,-2.23,-6.11,22.37,6.16,-0.45
1988-02-01,1988,2,Barley,Grains,($/mt),56.9,0.0,-4.21,22.89,-1.73,-0.21
1988-03-01,1988,3,Barley,Grains,($/mt),62.3,9.49,7.04,33.98,9.49,0.71
1988-04-01,1988,4,Barley,Grains,($/mt),67.9,8.99,19.33,15.28,1.49,0.58
1988-05-01,1988,5,Barley,Grains,($/mt),65.3,-3.83,14.76,2.19,2.67,-0.69
1988-06-01,1988,6,Barley,Grains,($/mt),79.9,22.36,28.25,41.17,19.97,2.93
1988-07-01,1988,7,Barley,Grains,($/mt),78.2,-2.13,15.17,42.44,20.49,-0.61
1988-08-01,1988,8,Barley,Grains,($/mt),66.6,-14.83,1.99,31.62,-13.05,-2.06
1988-09-01,1988,9,Barley,Grains,($/mt),88.4,32.73,10.64,53.47,1.14,3.07
1988-10-01,1988,10,Barley,Grains,($/mt),76.6,-13.35,-2.05,26.4,-13.15,-1.38
1988-11-01,1988,11,Barley,Grains,($/mt),74.9,-2.22,12.46,26.09,-16.69,-0.36
1988-12-01,1988,12,Barley,Grains,($/mt),70.2,-6.28,-20.59,20.62,-10.23,-0.66
1989-01-01,1989,1,Barley,Grains,($/mt),73.2,4.27,-4.44,28.65,-13.78,0.13
1989-02-01,1989,2,Barley,Grains,($/mt),75.6,3.28,0.93,32.86,-10.95,0.02
1989-03-01,1989,3,Barley,Grains,($/mt),82.9,9.66,18.09,33.07,-5.37,0.47
1989-04-01,1989,4,Barley,Grains,($/mt),84.2,1.57,15.03,24.01,-8.97,-0.12
1989-05-01,1989,5,Barley,Grains,($/mt),83.2,-1.19,10.05,27.41,-10.73,-0.28
1989-06-01,1989,6,Barley,Grains,($/mt),67.9,-18.39,-18.09,-15.02,-24.47,-1.55
1989-07-01,1989,7,Barley,Grains,($/mt),74.9,10.31,-11.05,-4.22,2.74,0.81
1989-08-01,1989,8,Barley,Grains,($/mt),73.2,-2.27,-12.02,9.91,9.91,-0.2
1989-09-01,1989,9,Barley,Grains,($/mt),71.6,-2.19,5.45,-19.0,3.92,-0.29
1989-10-01,1989,10,Barley,Grains,($/mt),71.9,0.42,-4.01,-6.14,1.84,0.22
1989-11-01,1989,11,Barley,Grains,($/mt),69.9,-2.78,-4.51,-6.68,-1.83,-0.34
1989-12-01,1989,12,Barley,Grains,($/mt),73.2,4.72,2.23,4.27,18.83,0.67
1990-01-01,1990,1,Barley,Grains,($/mt),75.6,3.28,5.15,3.28,13.51,0.36
1990-02-01,1990,2,Barley,Grains,($/mt),73.9,-2.25,5.72,-2.25,8.36,-0.38
1990-03-01,1990,3,Barley,Grains,($/mt),70.0,-5.28,-4.37,-15.56,7.86,-0.73
1990-04-01,1990,4,Barley,Grains,($/mt),68.8,-1.71,-8.99,-18.29,0.88,-0.08
1990-05-01,1990,5,Barley,Grains,($/mt),71.0,3.2,-3.92,-14.66,4.11,0.68
1990-06-01,1990,6,Barley,Grains,($/mt),80.2,12.96,14.57,18.11,23.57,2.03
1990-07-01,1990,7,Barley,Grains,($/mt),78.0,-2.74,13.37,4.14,30.22,-0.77
1990-08-01,1990,8,Barley,Grains,($/mt),83.8,7.44,18.03,14.48,73.5,1.41
1990-09-01,1990,9,Barley,Grains,($/mt),88.4,5.49,10.22,23.46,89.7,0.81
1990-10-01,1990,10,Barley,Grains,($/mt),88.2,-0.23,13.08,22.67,82.61,-0.4
1990-11-01,1990,11,Barley,Grains,($/mt),91.5,3.74,9.19,30.9,89.44,0.36
1990-12-01,1990,12,Barley,Grains,($/mt),89.8,-1.86,1.58,22.68,68.48,-0.83
1991-01-01,1991,1,Barley,Grains,($/mt),93.9,4.57,6.46,24.21,76.17,0.53
1991-02-01,1991,2,Barley,Grains,($/mt),92.0,-2.02,0.55,24.49,72.61,-0.76
1991-03-01,1991,3,Barley,Grains,($/mt),88.1,-4.24,-1.89,25.86,61.95,-1.19
1991-04-01,1991,4,Barley,Grains,($/mt),85.2,-3.29,-9.27,23.84,71.77,-1.05
1991-05-01,1991,5,Barley,Grains,($/mt),85.3,0.12,-7.28,20.14,70.6,-0.35
1991-06-01,1991,6,Barley,Grains,($/mt),71.3,-16.41,-19.07,-11.1,64.67,-3.47
1991-07-01,1991,7,Barley,Grains,($/mt),72.3,1.4,-15.14,-7.31,80.75,0.35
1991-08-01,1991,8,Barley,Grains,($/mt),67.1,-7.19,-21.34,-19.93,83.33,-1.09
1991-09-01,1991,9,Barley,Grains,($/mt),67.4,0.45,-5.47,-23.76,68.5,0.35
1991-10-01,1991,10,Barley,Grains,($/mt),68.2,1.19,-5.67,-22.68,41.2,0.59
1991-11-01,1991,11,Barley,Grains,($/mt),73.3,7.48,9.24,-19.89,31.83,1.67
1991-12-01,1991,12,Barley,Grains,($/mt),75.4,2.86,11.87,-16.04,61.8,0.74
1992-01-01,1992,1,Barley,Grains,($/mt),73.4,-2.65,7.62,-21.83,57.85,-0.22
1992-02-01,1992,2,Barley,Grains,($/mt),71.3,-2.86,-2.73,-22.5,54.0,-0.17
1992-03-01,1992,3,Barley,Grains,($/mt),72.6,1.82,-3.71,-17.59,56.13,0.63
1992-04-01,1992,4,Barley,Grains,($/mt),75.2,3.58,2.45,-11.74,27.67,0.84
1992-05-01,1992,5,Barley,Grains,($/mt),84.8,12.77,18.93,-0.59,32.71,2.23
1992-06-01,1992,6,Barley,Grains,($/mt),84.9,0.12,16.94,19.07,50.0,-0.01
1992-07-01,1992,7,Barley,Grains,($/mt),77.4,-8.83,2.93,7.05,40.98,-2.05
1992-08-01,1992,8,Barley,Grains,($/mt),77.0,-0.52,-9.2,14.75,52.17,-0.21
1992-09-01,1992,9,Barley,Grains,($/mt),83.6,8.57,-1.53,24.04,45.14,1.35
1992-10-01,1992,10,Barley,Grains,($/mt),82.2,-1.67,6.2,20.53,35.64,-0.63
1992-11-01,1992,11,Barley,Grains,($/mt),82.1,-0.12,6.62,12.01,38.22,-0.31
1992-12-01,1992,12,Barley,Grains,($/mt),79.6,-3.05,-4.78,5.57,36.77,-0.74
1993-01-01,1993,1,Barley,Grains,($/mt),75.1,-5.65,-8.64,2.32,31.99,-1.1
1993-02-01,1993,2,Barley,Grains,($/mt),74.8,-0.4,-8.89,4.91,31.46,-0.13
1993-03-01,1993,3,Barley,Grains,($/mt),75.2,0.53,-5.53,3.58,20.71,-0.0
1993-04-01,1993,4,Barley,Grains,($/mt),77.5,3.06,3.2,3.06,14.14,0.45
1993-05-01,1993,5,Barley,Grains,($/mt),77.5,0.0,3.61,-8.61,18.68,-0.07
1993-06-01,1993,6,Barley,Grains,($/mt),75.3,-2.84,0.13,-11.31,-5.76,-0.51
1993-07-01,1993,7,Barley,Grains,($/mt),74.0,-1.73,-4.52,-4.39,-5.37,-0.19
1993-08-01,1993,8,Barley,Grains,($/mt),69.7,-5.81,-10.06,-9.48,4.65,-1.55
1993-09-01,1993,9,Barley,Grains,($/mt),64.4,-7.6,-14.48,-22.97,-27.15,-1.77
1993-10-01,1993,10,Barley,Grains,($/mt),61.0,-5.28,-17.57,-25.79,-20.37,-1.04
1993-11-01,1993,11,Barley,Grains,($/mt),63.9,4.75,-8.32,-22.17,-14.69,2.24
1993-12-01,1993,12,Barley,Grains,($/mt),68.3,6.89,6.06,-14.2,-2.71,2.36
1994-01-01,1994,1,Barley,Grains,($/mt),74.6,9.22,22.3,-0.67,1.91,2.3
1994-02-01,1994,2,Barley,Grains,($/mt),72.3,-3.08,13.15,-3.34,-4.37,-0.61
1994-03-01,1994,3,Barley,Grains,($/mt),68.3,-5.53,0.0,-9.18,-17.61,-1.02
1994-04-01,1994,4,Barley,Grains,($/mt),66.9,-2.05,-10.32,-13.68,-20.55,-0.25
1994-05-01,1994,5,Barley,Grains,($/mt),68.6,2.54,-5.12,-11.48,-17.55,0.68
1994-06-01,1994,6,Barley,Grains,($/mt),67.8,-1.17,-0.73,-9.96,-0.15,-0.05
1994-07-01,1994,7,Barley,Grains,($/mt),64.3,-5.16,-3.89,-13.11,-14.15,-0.82
1994-08-01,1994,8,Barley,Grains,($/mt),66.2,2.95,-3.5,-5.02,-9.56,0.71
1994-09-01,1994,9,Barley,Grains,($/mt),72.3,9.21,6.64,12.27,0.98,1.74
1994-10-01,1994,10,Barley,Grains,($/mt),80.1,10.79,24.57,31.31,11.4,1.74
1994-11-01,1994,11,Barley,Grains,($/mt),84.0,4.87,26.89,31.46,20.17,0.42
1994-12-01,1994,12,Barley,Grains,($/mt),86.5,2.98,19.64,26.65,18.17,0.09
1995-01-01,1995,1,Barley,Grains,($/mt),85.5,-1.16,6.74,14.61,13.1,-0.58
1995-02-01,1995,2,Barley,Grains,($/mt),85.8,0.35,2.14,18.67,16.1,-0.17
1995-03-01,1995,3,Barley,Grains,($/mt),90.8,5.83,4.97,32.94,29.71,0.84
1995-04-01,1995,4,Barley,Grains,($/mt),93.4,2.86,9.24,39.61,35.76,0.08
1995-05-01,1995,5,Barley,Grains,($/mt),100.8,7.92,17.48,46.94,41.97,1.12
1995-06-01,1995,6,Barley,Grains,($/mt),105.8,4.96,16.52,56.05,31.92,0.34
1995-07-01,1995,7,Barley,Grains,($/mt),113.0,6.81,20.99,75.74,44.87,0.66
1995-08-01,1995,8,Barley,Grains,($/mt),104.9,-7.17,4.07,58.46,25.18,-3.42
1995-09-01,1995,9,Barley,Grains,($/mt),104.8,-0.1,-0.95,44.95,18.55,-0.83
1995-10-01,1995,10,Barley,Grains,($/mt),112.7,7.54,-0.27,40.7,27.78,0.9
1995-11-01,1995,11,Barley,Grains,($/mt),125.8,11.62,19.92,49.76,37.49,1.97
1995-12-01,1995,12,Barley,Grains,($/mt),125.0,-0.64,19.27,44.51,39.2,-0.83
1996-01-01,1996,1,Barley,Grains,($/mt),124.9,-0.08,10.83,46.08,33.01,-0.64
1996-02-01,1996,2,Barley,Grains,($/mt),123.3,-1.28,-1.99,43.71,34.02,-0.9
1996-03-01,1996,3,Barley,Grains,($/mt),124.5,0.97,-0.4,37.11,41.32,-0.43
1996-04-01,1996,4,Barley,Grains,($/mt),132.7,6.59,6.24,42.08,55.75,0.73
1996-05-01,1996,5,Barley,Grains,($/mt),137.8,3.84,11.76,36.71,61.55,0.14
1996-06-01,1996,6,Barley,Grains,($/mt),138.1,0.22,10.92,30.53,93.69,-0.5
1996-07-01,1996,7,Barley,Grains,($/mt),133.1,-3.62,0.3,17.79,84.09,-1.18
1996-08-01,1996,8,Barley,Grains,($/mt),115.0,-13.6,-16.55,9.63,71.39,-2.93
1996-09-01,1996,9,Barley,Grains,($/mt),103.4,-10.09,-25.13,-1.34,53.41,-1.75
1996-10-01,1996,10,Barley,Grains,($/mt),102.4,-0.97,-23.07,-9.14,50.15,-0.15
1996-11-01,1996,11,Barley,Grains,($/mt),100.0,-2.34,-13.04,-20.51,36.43,-0.26
1996-12-01,1996,12,Barley,Grains,($/mt),100.8,0.8,-2.51,-19.36,33.69,0.46
1997-01-01,1997,1,Barley,Grains,($/mt),99.0,-1.79,-3.32,-20.74,34.88,-0.03
1997-02-01,1997,2,Barley,Grains,($/mt),97.7,-1.31,-2.3,-20.76,37.03,0.08
1997-03-01,1997,3,Barley,Grains,($/mt),99.8,2.15,-0.99,-19.84,37.47,0.71
1997-04-01,1997,4,Barley,Grains,($/mt),97.9,-1.9,-1.11,-26.22,30.19,-0.04
1997-05-01,1997,5,Barley,Grains,($/mt),100.1,2.25,2.46,-27.36,18.04,0.94
1997-06-01,1997,6,Barley,Grains,($/mt),94.9,-5.19,-4.91,-31.28,11.78,-0.56
1997-07-01,1997,7,Barley,Grains,($/mt),91.7,-3.37,-6.33,-31.1,18.48,-0.09
1997-08-01,1997,8,Barley,Grains,($/mt),91.3,-0.44,-8.79,-20.61,18.57,0.53
1997-09-01,1997,9,Barley,Grains,($/mt),92.5,1.31,-2.53,-10.54,10.65,0.94
1997-10-01,1997,10,Barley,Grains,($/mt),102.7,11.03,12.0,0.29,24.94,5.29
1997-11-01,1997,11,Barley,Grains,($/mt),102.3,-0.39,12.05,2.3,24.6,-0.12
1997-12-01,1997,12,Barley,Grains,($/mt),97.1,-5.08,4.97,-3.67,21.98,-1.32
1998-01-01,1998,1,Barley,Grains,($/mt),95.8,-1.34,-6.72,-3.23,27.56,-0.26
1998-02-01,1998,2,Barley,Grains,($/mt),91.5,-4.49,-10.56,-6.35,22.33,-1.0
1998-03-01,1998,3,Barley,Grains,($/mt),93.0,1.64,-4.22,-6.81,23.67,0.47
1998-04-01,1998,4,Barley,Grains,($/mt),91.9,-1.18,-4.07,-6.13,18.58,-0.15
1998-05-01,1998,5,Barley,Grains,($/mt),93.0,1.2,1.64,-7.09,20.0,0.37
1998-06-01,1998,6,Barley,Grains,($/mt),91.6,-1.51,-1.51,-3.48,21.65,-0.22
1998-07-01,1998,7,Barley,Grains,($/mt),85.2,-6.99,-7.29,-7.09,15.14,-1.63
1998-08-01,1998,8,Barley,Grains,($/mt),73.2,-14.08,-21.29,-19.82,5.02,-3.0
1998-09-01,1998,9,Barley,Grains,($/mt),73.1,-0.14,-20.2,-20.97,13.51,0.25
1998-10-01,1998,10,Barley,Grains,($/mt),74.7,2.19,-12.32,-27.26,22.46,0.67
1998-11-01,1998,11,Barley,Grains,($/mt),79.3,6.16,8.33,-22.48,24.1,1.89
1998-12-01,1998,12,Barley,Grains,($/mt),78.4,-1.13,7.25,-19.26,14.79,0.16
1999-01-01,1999,1,Barley,Grains,($/mt),77.7,-0.89,4.02,-18.89,4.16,0.15
1999-02-01,1999,2,Barley,Grains,($/mt),75.3,-3.09,-5.04,-17.7,4.15,-0.29
1999-03-01,1999,3,Barley,Grains,($/mt),75.2,-0.13,-4.08,-19.14,10.1,0.27
1999-04-01,1999,4,Barley,Grains,($/mt),79.7,5.98,2.57,-13.28,19.13,1.52
1999-05-01,1999,5,Barley,Grains,($/mt),81.5,2.26,8.23,-12.37,18.8,0.6
1999-06-01,1999,6,Barley,Grains,($/mt),80.5,-1.23,7.05,-12.12,18.73,-0.05
1999-07-01,1999,7,Barley,Grains,($/mt),76.9,-4.47,-3.51,-9.74,19.6,-0.64
1999-08-01,1999,8,Barley,Grains,($/mt),75.2,-2.21,-7.73,2.73,13.6,-0.28
1999-09-01,1999,9,Barley,Grains,($/mt),71.4,-5.05,-11.3,-2.33,-1.24,-1.61
1999-10-01,1999,10,Barley,Grains,($/mt),72.3,1.26,-5.98,-3.21,-9.74,0.38
1999-11-01,1999,11,Barley,Grains,($/mt),73.1,1.11,-2.79,-7.82,-12.98,0.37
1999-12-01,1999,12,Barley,Grains,($/mt),72.4,-0.96,1.4,-7.65,-16.3,-0.11
2000-01-01,2000,1,Barley,Grains,($/mt),73.1,0.97,1.11,-5.92,-14.5,0.52
2000-02-01,2000,2,Barley,Grains,($/mt),73.4,0.41,0.41,-2.52,-14.45,0.28
2000-03-01,2000,3,Barley,Grains,($/mt),74.4,1.36,2.76,-1.06,-18.06,0.52
2000-04-01,2000,4,Barley,Grains,($/mt),77.0,3.49,5.34,-3.39,-17.56,1.18
2000-05-01,2000,5,Barley,Grains,($/mt),78.3,1.69,6.68,-3.93,-22.32,0.74
2000-06-01,2000,6,Barley,Grains,($/mt),78.5,0.26,5.51,-2.48,-25.8,0.22
2000-07-01,2000,7,Barley,Grains,($/mt),78.7,0.25,2.21,2.34,-30.35,0.17
2000-08-01,2000,8,Barley,Grains,($/mt),75.1,-4.57,-4.09,-0.13,-28.41,-2.21
2000-09-01,2000,9,Barley,Grains,($/mt),73.2,-2.53,-6.75,2.52,-30.15,-1.02
2000-10-01,2000,10,Barley,Grains,($/mt),76.2,4.1,-3.18,5.39,-32.39,1.84
2000-11-01,2000,11,Barley,Grains,($/mt),82.5,8.27,9.85,12.86,-34.42,3.29
2000-12-01,2000,12,Barley,Grains,($/mt),86.6,4.97,18.31,19.61,-30.72,1.19
2001-01-01,2001,1,Barley,Grains,($/mt),85.8,-0.92,12.6,17.37,-31.31,-0.73
2001-02-01,2001,2,Barley,Grains,($/mt),82.3,-4.08,-0.24,12.13,-33.25,-1.58
2001-03-01,2001,3,Barley,Grains,($/mt),83.1,0.97,-4.04,11.69,-33.25,-0.01
2001-04-01,2001,4,Barley,Grains,($/mt),84.7,1.93,-1.28,10.0,-36.17,0.25
2001-05-01,2001,5,Barley,Grains,($/mt),89.7,5.9,8.99,14.56,-34.91,1.35
2001-06-01,2001,6,Barley,Grains,($/mt),95.1,6.02,14.44,21.15,-31.14,1.2
2001-07-01,2001,7,Barley,Grains,($/mt),102.0,7.26,20.43,29.61,-23.37,1.32
2001-08-01,2001,8,Barley,Grains,($/mt),99.4,-2.55,10.81,32.36,-13.57,-1.08
2001-09-01,2001,9,Barley,Grains,($/mt),99.6,0.2,4.73,36.07,-3.68,-0.53
2001-10-01,2001,10,Barley,Grains,($/mt),101.8,2.21,-0.2,33.6,-0.59,-0.12
2001-11-01,2001,11,Barley,Grains,($/mt),101.0,-0.79,1.61,22.42,1.0,-0.83
2001-12-01,2001,12,Barley,Grains,($/mt),102.9,1.88,3.31,18.82,2.08,0.03
2002-01-01,2002,1,Barley,Grains,($/mt),99.3,-3.5,-2.46,15.73,0.3,-1.43
2002-02-01,2002,2,Barley,Grains,($/mt),99.0,-0.3,-1.98,20.29,1.33,-0.43
2002-03-01,2002,3,Barley,Grains,($/mt),99.0,0.0,-3.79,19.13,-0.8,-0.47
2002-04-01,2002,4,Barley,Grains,($/mt),95.8,-3.23,-3.52,13.11,-2.15,-1.4
2002-05-01,2002,5,Barley,Grains,($/mt),97.6,1.88,-1.41,8.81,-2.5,0.21
2002-06-01,2002,6,Barley,Grains,($/mt),104.1,6.66,5.15,9.46,9.69,1.76
2002-07-01,2002,7,Barley,Grains,($/mt),114.2,9.7,19.21,11.96,24.54,2.58
2002-08-01,2002,8,Barley,Grains,($/mt),121.0,5.95,23.98,21.73,32.53,1.26
2002-09-01,2002,9,Barley,Grains,($/mt),119.8,-0.99,15.08,20.28,29.51,-0.68
2002-10-01,2002,10,Barley,Grains,($/mt),120.6,0.67,5.6,18.47,17.43,-0.24
2002-11-01,2002,11,Barley,Grains,($/mt),120.1,-0.41,-0.74,18.91,17.4,-0.47
2002-12-01,2002,12,Barley,Grains,($/mt),117.2,-2.41,-2.17,13.9,20.7,-0.98
2003-01-01,2003,1,Barley,Grains,($/mt),113.7,-2.99,-5.72,14.5,18.68,-1.0
2003-02-01,2003,2,Barley,Grains,($/mt),114.2,0.44,-4.91,15.35,24.81,-0.19
2003-03-01,2003,3,Barley,Grains,($/mt),113.7,-0.44,-2.99,14.85,22.26,-0.42
2003-04-01,2003,4,Barley,Grains,($/mt),114.6,0.79,0.79,19.62,24.7,-0.11
2003-05-01,2003,5,Barley,Grains,($/mt),115.5,0.79,1.14,18.34,24.19,-0.2
2003-06-01,2003,6,Barley,Grains,($/mt),111.5,-3.46,-1.93,7.11,21.72,-1.27
2003-07-01,2003,7,Barley,Grains,($/mt),96.6,-13.36,-15.71,-15.41,13.38,-3.73
2003-08-01,2003,8,Barley,Grains,($/mt),88.1,-8.8,-23.72,-27.19,20.36,-1.66
2003-09-01,2003,9,Barley,Grains,($/mt),90.6,2.84,-18.74,-24.37,23.94,1.23
2003-10-01,2003,10,Barley,Grains,($/mt),95.7,5.63,-0.93,-20.65,28.11,1.69
2003-11-01,2003,11,Barley,Grains,($/mt),101.6,6.17,15.32,-15.4,28.12,1.56
2003-12-01,2003,12,Barley,Grains,($/mt),101.2,-0.39,11.7,-13.65,29.08,0.15
2004-01-01,2004,1,Barley,Grains,($/mt),98.5,-2.67,2.93,-13.37,26.77,-0.29
2004-02-01,2004,2,Barley,Grains,($/mt),95.6,-2.94,-5.91,-16.29,26.96,-0.34
2004-03-01,2004,3,Barley,Grains,($/mt),103.0,7.74,1.78,-9.41,36.97,1.62
2004-04-01,2004,4,Barley,Grains,($/mt),112.5,9.22,14.21,-1.83,41.15,1.6
2004-05-01,2004,5,Barley,Grains,($/mt),111.6,-0.8,16.74,-3.38,36.93,-0.13
2004-06-01,2004,6,Barley,Grains,($/mt),114.0,2.15,10.68,2.24,41.61,0.33
2004-07-01,2004,7,Barley,Grains,($/mt),104.0,-8.77,-7.56,7.66,35.24,-1.36
2004-08-01,2004,8,Barley,Grains,($/mt),87.8,-15.58,-21.33,-0.34,16.76,-2.74
2004-09-01,2004,9,Barley,Grains,($/mt),85.4,-2.73,-25.09,-5.74,19.61,-0.41
2004-10-01,2004,10,Barley,Grains,($/mt),87.9,2.93,-15.48,-8.15,21.58,0.44
2004-11-01,2004,11,Barley,Grains,($/mt),95.5,8.65,8.77,-6.0,30.64,1.31
2004-12-01,2004,12,Barley,Grains,($/mt),92.0,-3.66,7.73,-9.09,27.07,-0.47
2005-01-01,2005,1,Barley,Grains,($/mt),90.7,-1.41,3.19,-7.92,24.08,-0.12
2005-02-01,2005,2,Barley,Grains,($/mt),87.4,-3.64,-8.48,-8.58,19.07,-0.44
2005-03-01,2005,3,Barley,Grains,($/mt),94.2,7.78,2.39,-8.54,26.61,1.13
2005-04-01,2005,4,Barley,Grains,($/mt),93.3,-0.96,2.87,-17.07,21.17,-0.06
2005-05-01,2005,5,Barley,Grains,($/mt),88.9,-4.72,1.72,-20.34,13.54,-0.51
2005-06-01,2005,6,Barley,Grains,($/mt),93.4,5.06,-0.85,-18.07,18.98,1.0
2005-07-01,2005,7,Barley,Grains,($/mt),96.8,3.64,3.75,-6.92,23.0,0.73
2005-08-01,2005,8,Barley,Grains,($/mt),98.0,1.24,10.24,11.62,30.49,0.25
2005-09-01,2005,9,Barley,Grains,($/mt),97.9,-0.1,4.82,14.64,33.74,-0.24
2005-10-01,2005,10,Barley,Grains,($/mt),98.5,0.61,1.76,12.06,29.27,-0.14
2005-11-01,2005,11,Barley,Grains,($/mt),98.8,0.3,0.82,3.46,19.76,-0.17
2005-12-01,2005,12,Barley,Grains,($/mt),103.0,4.25,5.21,11.96,18.94,1.05
2006-01-01,2006,1,Barley,Grains,($/mt),103.6,0.58,5.18,14.22,20.75,-0.12
2006-02-01,2006,2,Barley,Grains,($/mt),101.1,-2.41,2.33,15.68,22.84,-1.01
2006-03-01,2006,3,Barley,Grains,($/mt),100.4,-0.69,-2.52,6.58,20.82,-0.57
2006-04-01,2006,4,Barley,Grains,($/mt),102.1,1.69,-1.45,9.43,20.54,0.41
2006-05-01,2006,5,Barley,Grains,($/mt),107.5,5.29,6.33,20.92,19.84,1.64
2006-06-01,2006,6,Barley,Grains,($/mt),106.9,-0.56,6.47,14.45,12.41,-0.9
2006-07-01,2006,7,Barley,Grains,($/mt),112.1,4.86,9.79,15.81,9.9,1.66
2006-08-01,2006,8,Barley,Grains,($/mt),114.5,2.14,6.51,16.84,15.19,0.37
2006-09-01,2006,9,Barley,Grains,($/mt),115.4,0.79,7.95,17.88,15.86,-0.23
2006-10-01,2006,10,Barley,Grains,($/mt),136.6,18.37,21.86,38.68,34.18,7.17
2006-11-01,2006,11,Barley,Grains,($/mt),148.1,8.42,29.34,49.9,46.63,1.02
2006-12-01,2006,12,Barley,Grains,($/mt),151.0,1.96,30.85,46.6,46.74,-0.29
2007-01-01,2007,1,Barley,Grains,($/mt),152.1,0.73,11.35,46.81,53.17,-0.47
2007-02-01,2007,2,Barley,Grains,($/mt),151.0,-0.72,1.96,49.36,52.53,-0.74
2007-03-01,2007,3,Barley,Grains,($/mt),157.1,4.04,4.04,56.47,58.69,0.1
2007-04-01,2007,4,Barley,Grains,($/mt),157.1,0.0,3.29,53.87,63.99,-0.74
2007-05-01,2007,5,Barley,Grains,($/mt),161.7,2.93,7.09,50.42,65.68,-0.16
2007-06-01,2007,6,Barley,Grains,($/mt),184.4,14.04,17.38,72.5,77.14,1.96
2007-07-01,2007,7,Barley,Grains,($/mt),177.9,-3.52,13.24,58.7,55.78,-1.4
2007-08-01,2007,8,Barley,Grains,($/mt),158.9,-10.68,-1.73,38.78,31.32,-2.31
2007-09-01,2007,9,Barley,Grains,($/mt),184.7,16.24,0.16,60.05,54.17,1.72
2007-10-01,2007,10,Barley,Grains,($/mt),197.1,6.71,10.79,44.29,63.43,0.28
2007-11-01,2007,11,Barley,Grains,($/mt),187.6,-4.82,18.06,26.67,56.2,-1.11
2007-12-01,2007,12,Barley,Grains,($/mt),198.9,6.02,7.69,31.72,69.71,0.5
2008-01-01,2008,1,Barley,Grains,($/mt),205.5,3.32,4.26,35.11,80.74,0.1
2008-02-01,2008,2,Barley,Grains,($/mt),216.4,5.3,15.35,43.31,89.49,0.33
2008-03-01,2008,3,Barley,Grains,($/mt),228.6,5.64,14.93,45.51,101.06,0.31
2008-04-01,2008,4,Barley,Grains,($/mt),237.8,4.02,15.72,51.37,107.5,0.08
2008-05-01,2008,5,Barley,Grains,($/mt),238.4,0.25,10.17,47.43,106.41,-0.47
2008-06-01,2008,6,Barley,Grains,($/mt),241.0,1.09,5.42,30.69,116.14,-0.32
2008-07-01,2008,7,Barley,Grains,($/mt),248.1,2.95,4.33,39.46,156.83,0.07
2008-08-01,2008,8,Barley,Grains,($/mt),212.3,-14.43,-10.95,33.61,140.98,-2.66
2008-09-01,2008,9,Barley,Grains,($/mt),189.5,-10.74,-21.37,2.6,109.16,-1.84
2008-10-01,2008,10,Barley,Grains,($/mt),143.4,-24.33,-42.2,-27.25,49.84,-3.59
2008-11-01,2008,11,Barley,Grains,($/mt),130.1,-9.27,-38.72,-30.65,28.05,-0.74
2008-12-01,2008,12,Barley,Grains,($/mt),115.2,-11.45,-39.21,-42.08,13.83,-0.91
2009-01-01,2009,1,Barley,Grains,($/mt),121.4,5.38,-15.34,-40.92,23.25,0.96
2009-02-01,2009,2,Barley,Grains,($/mt),112.5,-7.33,-13.53,-48.01,17.68,-0.36
2009-03-01,2009,3,Barley,Grains,($/mt),114.8,2.04,-0.35,-49.78,11.46,0.73
2009-04-01,2009,4,Barley,Grains,($/mt),111.3,-3.05,-8.32,-53.2,-1.07,0.23
2009-05-01,2009,5,Barley,Grains,($/mt),128.7,15.63,14.4,-46.02,15.32,2.44
2009-06-01,2009,6,Barley,Grains,($/mt),148.6,15.46,29.44,-38.34,30.35,1.87
2009-07-01,2009,7,Barley,Grains,($/mt),140.3,-5.59,26.06,-43.45,34.9,-0.19
2009-08-01,2009,8,Barley,Grains,($/mt),122.2,-12.9,-5.05,-42.44,39.18,-0.75
2009-09-01,2009,9,Barley,Grains,($/mt),103.5,-15.3,-30.35,-45.38,21.19,-0.97
2009-10-01,2009,10,Barley,Grains,($/mt),130.7,26.28,-6.84,-8.86,48.69,2.52
2009-11-01,2009,11,Barley,Grains,($/mt),155.3,18.82,27.09,19.37,62.62,1.43
2009-12-01,2009,12,Barley,Grains,($/mt),150.6,-3.03,45.51,30.73,63.7,-0.39
2010-01-01,2010,1,Barley,Grains,($/mt),146.5,-2.72,12.09,20.68,61.52,-0.43
2010-02-01,2010,2,Barley,Grains,($/mt),137.4,-6.21,-11.53,22.13,57.21,-0.64
2010-03-01,2010,3,Barley,Grains,($/mt),147.0,6.99,-2.39,28.05,56.05,0.34
2010-04-01,2010,4,Barley,Grains,($/mt),151.7,3.2,3.55,36.3,62.59,0.02
2010-05-01,2010,5,Barley,Grains,($/mt),143.0,-5.74,4.08,11.11,60.85,-0.69
2010-06-01,2010,6,Barley,Grains,($/mt),145.9,2.03,-0.75,-1.82,56.21,0.03
2010-07-01,2010,7,Barley,Grains,($/mt),156.4,7.2,3.1,11.48,61.57,0.55
2010-08-01,2010,8,Barley,Grains,($/mt),161.2,3.07,12.73,31.91,64.49,0.13
2010-09-01,2010,9,Barley,Grains,($/mt),168.1,4.28,15.22,62.42,71.71,0.12
2010-10-01,2010,10,Barley,Grains,($/mt),174.6,3.87,11.64,33.59,77.26,-0.07
2010-11-01,2010,11,Barley,Grains,($/mt),179.1,2.58,11.1,15.33,81.28,-0.01
2010-12-01,2010,12,Barley,Grains,($/mt),189.6,5.86,12.79,25.9,84.08,0.99
2011-01-01,2011,1,Barley,Grains,($/mt),195.2,2.95,11.8,33.24,88.42,0.2
2011-02-01,2011,2,Barley,Grains,($/mt),196.5,0.67,9.72,43.01,94.36,-0.43
2011-03-01,2011,3,Barley,Grains,($/mt),202.6,3.1,6.86,37.82,101.79,0.01
2011-04-01,2011,4,Barley,Grains,($/mt),208.9,3.11,7.02,37.71,104.6,0.11
2011-05-01,2011,5,Barley,Grains,($/mt),209.4,0.24,6.56,46.43,94.79,-0.79
2011-06-01,2011,6,Barley,Grains,($/mt),210.1,0.33,3.7,44.0,96.54,-1.5
2011-07-01,2011,7,Barley,Grains,($/mt),215.5,2.57,3.16,37.79,92.24,-0.25
2011-08-01,2011,8,Barley,Grains,($/mt),206.1,-4.36,-1.58,27.85,80.0,-4.27
2011-09-01,2011,9,Barley,Grains,($/mt),209.6,1.7,-0.24,24.69,81.63,-0.15
2011-10-01,2011,10,Barley,Grains,($/mt),208.8,-0.38,-3.11,19.59,52.86,-0.9
2011-11-01,2011,11,Barley,Grains,($/mt),211.5,1.29,2.62,18.09,42.81,-0.09
2011-12-01,2011,12,Barley,Grains,($/mt),212.3,0.38,1.29,11.97,40.6,-0.42
2012-01-01,2012,1,Barley,Grains,($/mt),210.6,-0.8,0.86,7.89,38.46,-0.85
2012-02-01,2012,2,Barley,Grains,($/mt),213.4,1.33,0.9,8.6,41.32,0.33
2012-03-01,2012,3,Barley,Grains,($/mt),222.8,4.4,4.95,9.97,41.82,1.8
2012-04-01,2012,4,Barley,Grains,($/mt),237.2,6.46,12.63,13.55,50.99,2.55
2012-05-01,2012,5,Barley,Grains,($/mt),239.5,0.97,12.23,14.37,48.11,-0.05
2012-06-01,2012,6,Barley,Grains,($/mt),236.8,-1.13,6.28,12.71,28.42,-0.85
2012-07-01,2012,7,Barley,Grains,($/mt),253.4,7.01,6.83,17.59,42.44,2.17
2012-08-01,2012,8,Barley,Grains,($/mt),265.7,4.85,10.94,28.92,67.21,1.07
2012-09-01,2012,9,Barley,Grains,($/mt),256.2,-3.58,8.19,22.23,38.71,-2.05
2012-10-01,2012,10,Barley,Grains,($/mt),252.9,-1.29,-0.2,21.12,28.31,-0.93
2012-11-01,2012,11,Barley,Grains,($/mt),252.1,-0.32,-5.12,19.2,34.38,-0.59
2012-12-01,2012,12,Barley,Grains,($/mt),242.9,-3.65,-5.19,14.41,22.12,-1.53
2013-01-01,2013,1,Barley,Grains,($/mt),233.3,-3.95,-7.75,10.78,13.53,-1.4
2013-02-01,2013,2,Barley,Grains,($/mt),237.0,1.59,-5.99,11.06,9.52,0.17
2013-03-01,2013,3,Barley,Grains,($/mt),239.8,1.18,-1.28,7.63,4.9,0.06
2013-04-01,2013,4,Barley,Grains,($/mt),229.6,-4.25,-1.59,-3.2,-3.45,-1.3
2013-05-01,2013,5,Barley,Grains,($/mt),231.5,0.83,-2.32,-3.34,-2.89,0.29
2013-06-01,2013,6,Barley,Grains,($/mt),229.6,-0.82,-4.25,-3.04,-4.73,-0.17
2013-07-01,2013,7,Barley,Grains,($/mt),214.0,-6.79,-6.79,-15.55,-13.74,-1.85
2013-08-01,2013,8,Barley,Grains,($/mt),185.1,-13.5,-20.04,-30.33,-12.81,-3.76
2013-09-01,2013,9,Barley,Grains,($/mt),159.8,-13.67,-30.4,-37.63,-15.67,-2.56
2013-10-01,2013,10,Barley,Grains,($/mt),155.7,-2.57,-27.24,-38.43,8.58,0.22
2013-11-01,2013,11,Barley,Grains,($/mt),158.9,2.06,-14.15,-36.97,22.14,1.13
2013-12-01,2013,12,Barley,Grains,($/mt),161.7,1.76,1.19,-33.43,40.36,1.0
2014-01-01,2014,1,Barley,Grains,($/mt),167.6,3.65,7.64,-28.16,38.06,1.22
2014-02-01,2014,2,Barley,Grains,($/mt),169.9,1.37,6.92,-28.31,51.02,0.66
2014-03-01,2014,3,Barley,Grains,($/mt),177.7,4.59,9.89,-25.9,54.79,1.21
2014-04-01,2014,4,Barley,Grains,($/mt),181.4,2.08,8.23,-20.99,62.98,0.7
2014-05-01,2014,5,Barley,Grains,($/mt),181.9,0.28,7.06,-21.43,41.34,0.32
2014-06-01,2014,6,Barley,Grains,($/mt),160.3,-11.87,-9.79,-30.18,7.87,-1.61
2014-07-01,2014,7,Barley,Grains,($/mt),138.7,-13.47,-23.54,-35.19,-1.14,-1.56
2014-08-01,2014,8,Barley,Grains,($/mt),118.5,-14.56,-34.85,-35.98,-3.03,-1.51
2014-09-01,2014,9,Barley,Grains,($/mt),105.6,-10.89,-34.12,-33.92,2.03,-0.99
2014-10-01,2014,10,Barley,Grains,($/mt),112.1,6.16,-19.18,-28.0,-14.23,1.27
2014-11-01,2014,11,Barley,Grains,($/mt),113.9,1.61,-3.88,-28.32,-26.66,0.51
2014-12-01,2014,12,Barley,Grains,($/mt),123.1,8.08,16.57,-23.87,-18.26,1.35
2015-01-01,2015,1,Barley,Grains,($/mt),128.1,4.06,14.27,-23.57,-12.56,0.72
2015-02-01,2015,2,Barley,Grains,($/mt),125.4,-2.11,10.1,-26.19,-8.73,-0.03
2015-03-01,2015,3,Barley,Grains,($/mt),126.3,0.72,2.6,-28.93,-14.08,0.35
2015-04-01,2015,4,Barley,Grains,($/mt),129.1,2.22,0.78,-28.83,-14.9,0.59
2015-05-01,2015,5,Barley,Grains,($/mt),126.8,-1.78,1.12,-30.29,-11.33,0.09
2015-06-01,2015,6,Barley,Grains,($/mt),119.0,-6.15,-5.78,-25.76,-18.44,-0.44
2015-07-01,2015,7,Barley,Grains,($/mt),124.0,4.2,-3.95,-10.6,-20.72,0.84
2015-08-01,2015,8,Barley,Grains,($/mt),110.7,-10.73,-12.7,-6.58,-31.33,-1.46
2015-09-01,2015,9,Barley,Grains,($/mt),109.8,-0.81,-7.73,3.98,-34.68,-0.07
2015-10-01,2015,10,Barley,Grains,($/mt),118.0,7.47,-4.84,5.26,-32.42,1.33
2015-11-01,2015,11,Barley,Grains,($/mt),119.4,1.19,7.86,4.83,-33.33,0.12
2015-12-01,2015,12,Barley,Grains,($/mt),119.4,0.0,8.74,-3.01,-37.03,-0.1
2016-01-01,2016,1,Barley,Grains,($/mt),118.5,-0.75,0.42,-7.49,-39.29,-0.13
2016-02-01,2016,2,Barley,Grains,($/mt),114.8,-3.12,-3.85,-8.45,-41.58,-0.55
2016-03-01,2016,3,Barley,Grains,($/mt),113.0,-1.57,-5.36,-10.53,-44.23,-0.2
2016-04-01,2016,4,Barley,Grains,($/mt),112.5,-0.44,-5.06,-12.86,-46.15,0.08
2016-05-01,2016,5,Barley,Grains,($/mt),112.1,-0.36,-2.35,-11.59,-46.47,0.15
2016-06-01,2016,6,Barley,Grains,($/mt),108.4,-3.3,-4.07,-8.91,-48.41,-0.52
2016-07-01,2016,7,Barley,Grains,($/mt),107.0,-1.29,-4.89,-13.71,-50.35,-0.14
2016-08-01,2016,8,Barley,Grains,($/mt),95.5,-10.75,-14.81,-13.73,-53.66,-2.36
2016-09-01,2016,9,Barley,Grains,($/mt),89.6,-6.18,-17.34,-18.4,-57.25,-1.23
2016-10-01,2016,10,Barley,Grains,($/mt),91.9,2.57,-14.11,-22.12,-55.99,0.96
2016-11-01,2016,11,Barley,Grains,($/mt),91.9,0.0,-3.77,-23.03,-56.55,0.56
2016-12-01,2016,12,Barley,Grains,($/mt),91.9,0.0,2.57,-23.03,-56.71,0.6
2017-01-01,2017,1,Barley,Grains,($/mt),91.9,0.0,0.0,-22.45,-56.36,0.6
2017-02-01,2017,2,Barley,Grains,($/mt),91.9,0.0,0.0,-19.95,-56.94,0.58
2017-03-01,2017,3,Barley,Grains,($/mt),93.7,1.96,1.96,-17.08,-57.94,1.06
2017-04-01,2017,4,Barley,Grains,($/mt),94.2,0.53,2.5,-16.27,-60.29,0.54
2017-05-01,2017,5,Barley,Grains,($/mt),94.2,0.0,2.5,-15.97,-60.67,0.38
2017-06-01,2017,6,Barley,Grains,($/mt),94.2,0.0,0.53,-13.1,-60.22,0.37
2017-07-01,2017,7,Barley,Grains,($/mt),94.2,0.0,0.0,-11.96,-62.83,0.3
2017-08-01,2017,8,Barley,Grains,($/mt),96.5,2.44,2.44,1.05,-63.68,0.92
2017-09-01,2017,9,Barley,Grains,($/mt),96.5,0.0,2.44,7.7,-62.33,-0.05
2017-10-01,2017,10,Barley,Grains,($/mt),96.5,0.0,2.44,5.01,-61.84,-0.6
2017-11-01,2017,11,Barley,Grains,($/mt),108.4,12.33,12.33,17.95,-57.0,13.93
2017-12-01,2017,12,Barley,Grains,($/mt),119.9,10.61,24.25,30.47,-50.64,2.6
2018-01-01,2018,1,Barley,Grains,($/mt),121.7,1.5,26.11,32.43,-47.84,-0.19
2018-02-01,2018,2,Barley,Grains,($/mt),129.1,6.08,19.1,40.48,-45.53,0.84
2018-03-01,2018,3,Barley,Grains,($/mt),130.9,1.39,9.17,39.7,-45.41,-0.36
2018-04-01,2018,4,Barley,Grains,($/mt),130.9,0.0,7.56,38.96,-42.99,-0.66
2018-05-01,2018,5,Barley,Grains,($/mt),130.9,0.0,1.39,38.96,-43.46,-0.65
2018-06-01,2018,6,Barley,Grains,($/mt),130.9,0.0,0.0,38.96,-42.99,-0.65
2018-07-01,2018,7,Barley,Grains,($/mt),130.9,0.0,0.0,38.96,-38.83,-0.65
2018-08-01,2018,8,Barley,Grains,($/mt),127.7,-2.44,-2.44,32.33,-31.01,-1.21
2018-09-01,2018,9,Barley,Grains,($/mt),119.4,-6.5,-8.79,23.73,-25.28,-1.92
2018-10-01,2018,10,Barley,Grains,($/mt),119.4,0.0,-8.79,23.73,-23.31,-0.36
2018-11-01,2018,11,Barley,Grains,($/mt),119.4,0.0,-6.5,10.15,-24.86,-0.36
2018-12-01,2018,12,Barley,Grains,($/mt),119.4,0.0,0.0,-0.42,-26.16,-0.21
2019-01-01,2019,1,Barley,Grains,($/mt),119.4,0.0,0.0,-1.89,-28.76,-0.0
2019-02-01,2019,2,Barley,Grains,($/mt),119.4,0.0,0.0,-7.51,-29.72,0.04
2019-03-01,2019,3,Barley,Grains,($/mt),119.4,0.0,0.0,-8.79,-32.81,0.31
2019-04-01,2019,4,Barley,Grains,($/mt),136.4,14.24,14.24,4.2,-24.81,7.71
2019-05-01,2019,5,Barley,Grains,($/mt),149.3,9.46,25.04,14.06,-17.92,1.9
2019-06-01,2019,6,Barley,Grains,($/mt),149.3,0.0,25.04,14.06,-6.86,-0.23
2019-07-01,2019,7,Barley,Grains,($/mt),149.3,0.0,9.46,14.06,7.64,-0.23
2019-08-01,2019,8,Barley,Grains,($/mt),135.0,-9.58,-9.58,5.72,13.92,-2.0
2019-09-01,2019,9,Barley,Grains,($/mt),114.8,-14.96,-23.11,-3.85,8.71,-2.52
2019-10-01,2019,10,Barley,Grains,($/mt),114.8,0.0,-23.11,-3.85,2.41,0.01
2019-11-01,2019,11,Barley,Grains,($/mt),114.8,0.0,-14.96,-3.85,0.79,0.01
2019-12-01,2019,12,Barley,Grains,($/mt),114.8,0.0,0.0,-3.85,-6.74,0.01
2020-01-01,2020,1,Barley,Grains,($/mt),114.8,0.0,0.0,-3.85,-10.38,0.01
2020-02-01,2020,2,Barley,Grains,($/mt),114.8,0.0,0.0,-3.85,-8.45,0.01
2020-03-01,2020,3,Barley,Grains,($/mt),114.8,0.0,0.0,-3.85,-9.11,0.01
2020-04-01,2020,4,Barley,Grains,($/mt),114.8,0.0,0.0,-15.84,-11.08,0.01
2020-05-01,2020,5,Barley,Grains,($/mt),80.4,-29.97,-29.97,-46.15,-36.59,-4.85
2020-06-01,2020,6,Barley,Grains,($/mt),80.4,0.0,-29.97,-46.15,-32.44,0.48
2020-07-01,2020,7,Barley,Grains,($/mt),80.4,0.0,-29.97,-46.15,-35.16,0.48
2020-08-01,2020,8,Barley,Grains,($/mt),80.4,0.0,0.0,-40.44,-27.37,0.48
1960-01-01,1960,1,Beef **,Other Food,($/kg),0.71,,,,,
1960-02-01,1960,2,Beef **,Other Food,($/kg),0.71,0.0,,,,
1960-03-01,1960,3,Beef **,Other Food,($/kg),0.77,8.45,,,,
1960-04-01,1960,4,Beef **,Other Food,($/kg),0.84,9.09,18.31,,,
1960-05-01,1960,5,Beef **,Other Food,($/kg),0.76,-9.52,7.04,,,
1960-06-01,1960,6,Beef **,Other Food,($/kg),0.71,-6.58,-7.79,,,
1960-07-01,1960,7,Beef **,Other Food,($/kg),0.75,5.63,-10.71,,,
1960-08-01,1960,8,Beef **,Other Food,($/kg),0.78,4.0,2.63,,,0.36
1960-09-01,1960,9,Beef **,Other Food,($/kg),0.81,3.85,14.08,,,0.31
1960-10-01,1960,10,Beef **,Other Food,($/kg),0.71,-12.35,-5.33,,,-2.09
1960-11-01,1960,11,Beef **,Other Food,($/kg),0.63,-11.27,-19.23,,,-1.46
1960-12-01,1960,12,Beef **,Other Food,($/kg),0.67,6.35,-17.28,,,0.87
1961-01-01,1961,1,Beef **,Other Food,($/kg),0.64,-4.48,-9.86,-9.86,,-0.52
1961-02-01,1961,2,Beef **,Other Food,($/kg),0.64,0.0,1.59,-9.86,,0.07
1961-03-01,1961,3,Beef **,Other Food,($/kg),0.78,21.88,16.42,1.3,,2.84
1961-04-01,1961,4,Beef **,Other Food,($/kg),0.71,-8.97,10.94,-15.48,,-0.96
1961-05-01,1961,5,Beef **,Other Food,($/kg),0.64,-9.86,0.0,-15.79,,-0.9
1961-06-01,1961,6,Beef **,Other Food,($/kg),0.68,6.25,-12.82,-4.23,,0.73
1961-07-01,1961,7,Beef **,Other Food,($/kg),0.67,-1.47,-5.63,-10.67,,-0.16
1961-08-01,1961,8,Beef **,Other Food,($/kg),0.69,2.99,7.81,-11.54,,0.35
1961-09-01,1961,9,Beef **,Other Food,($/kg),0.71,2.9,4.41,-12.35,,0.36
1961-10-01,1961,10,Beef **,Other Food,($/kg),0.67,-5.63,0.0,-5.63,,-0.51
1961-11-01,1961,11,Beef **,Other Food,($/kg),0.64,-4.48,-7.25,1.59,,-0.47
1961-12-01,1961,12,Beef **,Other Food,($/kg),0.72,12.5,1.41,7.46,,1.39
1962-01-01,1962,1,Beef **,Other Food,($/kg),0.76,5.56,13.43,18.75,,0.5
1962-02-01,1962,2,Beef **,Other Food,($/kg),0.76,0.0,18.75,18.75,,-0.2
1962-03-01,1962,3,Beef **,Other Food,($/kg),0.71,-6.58,-1.39,-8.97,,-0.92
1962-04-01,1962,4,Beef **,Other Food,($/kg),0.65,-8.45,-14.47,-8.45,,-1.15
1962-05-01,1962,5,Beef **,Other Food,($/kg),0.73,12.31,-3.95,14.06,,1.89
1962-06-01,1962,6,Beef **,Other Food,($/kg),0.79,8.22,11.27,16.18,,0.98
1962-07-01,1962,7,Beef **,Other Food,($/kg),0.76,-3.8,16.92,13.43,,-0.74
1962-08-01,1962,8,Beef **,Other Food,($/kg),0.75,-1.32,2.74,8.7,,-0.36
1962-09-01,1962,9,Beef **,Other Food,($/kg),0.8,6.67,1.27,12.68,,0.78
1962-10-01,1962,10,Beef **,Other Food,($/kg),0.68,-15.0,-10.53,1.49,,-2.17
1962-11-01,1962,11,Beef **,Other Food,($/kg),0.59,-13.24,-21.33,-7.81,,-1.58
1962-12-01,1962,12,Beef **,Other Food,($/kg),0.6,1.69,-25.0,-16.67,,0.21
1963-01-01,1963,1,Beef **,Other Food,($/kg),0.57,-5.0,-16.18,-25.0,,-0.45
1963-02-01,1963,2,Beef **,Other Food,($/kg),0.56,-1.75,-5.08,-26.32,,0.03
1963-03-01,1963,3,Beef **,Other Food,($/kg),0.56,0.0,-6.67,-21.13,,0.26
1963-04-01,1963,4,Beef **,Other Food,($/kg),0.65,16.07,14.04,0.0,,2.14
1963-05-01,1963,5,Beef **,Other Food,($/kg),0.69,6.15,23.21,-5.48,,0.61
1963-06-01,1963,6,Beef **,Other Food,($/kg),0.69,0.0,23.21,-12.66,,0.01
1963-07-01,1963,7,Beef **,Other Food,($/kg),0.76,10.14,16.92,0.0,,1.3
1963-08-01,1963,8,Beef **,Other Food,($/kg),0.83,9.21,20.29,10.67,,0.99
1963-09-01,1963,9,Beef **,Other Food,($/kg),0.7,-15.66,1.45,-12.5,,-1.83
1963-10-01,1963,10,Beef **,Other Food,($/kg),0.67,-4.29,-11.84,-1.47,,-0.36
1963-11-01,1963,11,Beef **,Other Food,($/kg),0.63,-5.97,-24.1,6.78,,-0.67
1963-12-01,1963,12,Beef **,Other Food,($/kg),0.69,9.52,-1.43,15.0,,1.01
1964-01-01,1964,1,Beef **,Other Food,($/kg),0.73,5.8,8.96,28.07,,0.48
1964-02-01,1964,2,Beef **,Other Food,($/kg),0.79,8.22,25.4,41.07,,0.66
1964-03-01,1964,3,Beef **,Other Food,($/kg),0.82,3.8,18.84,46.43,,0.06
1964-04-01,1964,4,Beef **,Other Food,($/kg),0.83,1.22,13.7,27.69,,-0.27
1964-05-01,1964,5,Beef **,Other Food,($/kg),0.87,4.82,10.13,26.09,,0.32
1964-06-01,1964,6,Beef **,Other Food,($/kg),0.86,-1.15,4.88,24.64,,-0.44
1964-07-01,1964,7,Beef **,Other Food,($/kg),0.94,9.3,13.25,23.68,,0.92
1964-08-01,1964,8,Beef **,Other Food,($/kg),0.9,-4.26,3.45,8.43,,-0.82
1964-09-01,1964,9,Beef **,Other Food,($/kg),0.82,-8.89,-4.65,17.14,,-1.3
1964-10-01,1964,10,Beef **,Other Food,($/kg),0.84,2.44,-10.64,25.37,,0.15
1964-11-01,1964,11,Beef **,Other Food,($/kg),0.84,0.0,-6.67,33.33,,-0.34
1964-12-01,1964,12,Beef **,Other Food,($/kg),0.86,2.38,4.88,24.64,,-0.03
1965-01-01,1965,1,Beef **,Other Food,($/kg),0.85,-1.16,1.19,16.44,19.72,-0.61
1965-02-01,1965,2,Beef **,Other Food,($/kg),0.85,0.0,1.19,7.59,19.72,-0.28
1965-03-01,1965,3,Beef **,Other Food,($/kg),0.85,0.0,-1.16,3.66,10.39,-0.15
1965-04-01,1965,4,Beef **,Other Food,($/kg),0.85,0.0,0.0,2.41,1.19,-0.09
1965-05-01,1965,5,Beef **,Other Food,($/kg),0.84,-1.18,-1.18,-3.45,10.53,-0.33
1965-06-01,1965,6,Beef **,Other Food,($/kg),0.86,2.38,1.18,0.0,21.13,0.61
1965-07-01,1965,7,Beef **,Other Food,($/kg),0.88,2.33,3.53,-6.38,17.33,0.52
1965-08-01,1965,8,Beef **,Other Food,($/kg),0.89,1.14,5.95,-1.11,14.1,0.5
1965-09-01,1965,9,Beef **,Other Food,($/kg),0.91,2.25,5.81,10.98,12.35,0.74
1965-10-01,1965,10,Beef **,Other Food,($/kg),0.93,2.2,5.68,10.71,30.99,0.92
1965-11-01,1965,11,Beef **,Other Food,($/kg),0.91,-2.15,2.25,8.33,44.44,-2.14
1965-12-01,1965,12,Beef **,Other Food,($/kg),0.94,3.3,3.3,9.3,40.3,1.59
1966-01-01,1966,1,Beef **,Other Food,($/kg),0.97,3.19,4.3,14.12,51.56,1.39
1966-02-01,1966,2,Beef **,Other Food,($/kg),0.96,-1.03,5.49,12.94,50.0,-1.22
1966-03-01,1966,3,Beef **,Other Food,($/kg),1.07,11.46,13.83,25.88,37.18,5.64
1966-04-01,1966,4,Beef **,Other Food,($/kg),1.07,0.0,10.31,25.88,50.7,-0.57
1966-05-01,1966,5,Beef **,Other Food,($/kg),1.04,-2.8,8.33,23.81,62.5,-1.37
1966-06-01,1966,6,Beef **,Other Food,($/kg),0.99,-4.81,-7.48,15.12,45.59,-1.82
1966-07-01,1966,7,Beef **,Other Food,($/kg),0.97,-2.02,-9.35,10.23,44.78,-0.8
1966-08-01,1966,8,Beef **,Other Food,($/kg),1.0,3.09,-3.85,12.36,44.93,0.52
1966-09-01,1966,9,Beef **,Other Food,($/kg),1.05,5.0,6.06,15.38,47.89,0.93
1966-10-01,1966,10,Beef **,Other Food,($/kg),1.05,0.0,8.25,12.9,56.72,-0.29
1966-11-01,1966,11,Beef **,Other Food,($/kg),1.03,-1.9,3.0,13.19,60.94,-0.68
1966-12-01,1966,12,Beef **,Other Food,($/kg),1.06,2.91,0.95,12.77,47.22,0.41
1967-01-01,1967,1,Beef **,Other Food,($/kg),1.08,1.89,2.86,11.34,42.11,0.18
1967-02-01,1967,2,Beef **,Other Food,($/kg),1.06,-1.85,2.91,10.42,39.47,-0.65
1967-03-01,1967,3,Beef **,Other Food,($/kg),1.04,-1.89,-1.89,-2.8,46.48,-0.64
1967-04-01,1967,4,Beef **,Other Food,($/kg),1.06,1.92,-1.85,-0.93,63.08,0.73
1967-05-01,1967,5,Beef **,Other Food,($/kg),1.04,-1.89,-1.89,0.0,42.47,-0.63
1967-06-01,1967,6,Beef **,Other Food,($/kg),1.04,0.0,0.0,5.05,31.65,-0.01
1967-07-01,1967,7,Beef **,Other Food,($/kg),1.04,0.0,-1.89,7.22,36.84,-0.18
1967-08-01,1967,8,Beef **,Other Food,($/kg),1.03,-0.96,-0.96,3.0,37.33,-0.67
1967-09-01,1967,9,Beef **,Other Food,($/kg),1.04,0.97,0.0,-0.95,30.0,0.31
1967-10-01,1967,10,Beef **,Other Food,($/kg),1.04,0.0,0.0,-0.95,52.94,0.04
1967-11-01,1967,11,Beef **,Other Food,($/kg),1.01,-2.88,-1.94,-1.94,71.19,-1.66
1967-12-01,1967,12,Beef **,Other Food,($/kg),1.02,0.99,-1.92,-3.77,70.0,0.63
1968-01-01,1968,1,Beef **,Other Food,($/kg),1.03,0.98,-0.96,-4.63,80.7,0.81
1968-02-01,1968,2,Beef **,Other Food,($/kg),1.02,-0.97,0.99,-3.77,82.14,-0.39
1968-03-01,1968,3,Beef **,Other Food,($/kg),1.03,0.98,0.98,-0.96,83.93,0.9
1968-04-01,1968,4,Beef **,Other Food,($/kg),1.05,1.94,1.94,-0.94,61.54,1.45
1968-05-01,1968,5,Beef **,Other Food,($/kg),1.08,2.86,5.88,3.85,56.52,2.1
1968-06-01,1968,6,Beef **,Other Food,($/kg),1.11,2.78,7.77,6.73,60.87,1.64
1968-07-01,1968,7,Beef **,Other Food,($/kg),1.1,-0.9,4.76,5.77,44.74,-0.88
1968-08-01,1968,8,Beef **,Other Food,($/kg),1.1,0.0,1.85,6.8,32.53,-0.28
1968-09-01,1968,9,Beef **,Other Food,($/kg),1.16,5.45,4.5,11.54,65.71,2.97
1968-10-01,1968,10,Beef **,Other Food,($/kg),1.17,0.86,6.36,12.5,74.63,-0.03
1968-11-01,1968,11,Beef **,Other Food,($/kg),1.1,-5.98,0.0,8.91,74.6,-3.25
1968-12-01,1968,12,Beef **,Other Food,($/kg),1.09,-0.91,-6.03,6.86,57.97,-0.6
1969-01-01,1969,1,Beef **,Other Food,($/kg),1.09,0.0,-6.84,5.83,49.32,-0.21
1969-02-01,1969,2,Beef **,Other Food,($/kg),1.09,0.0,-0.91,6.86,37.97,-0.18
1969-03-01,1969,3,Beef **,Other Food,($/kg),1.13,3.67,3.67,9.71,37.8,1.11
1969-04-01,1969,4,Beef **,Other Food,($/kg),1.16,2.65,6.42,10.48,39.76,0.63
1969-05-01,1969,5,Beef **,Other Food,($/kg),1.24,6.9,13.76,14.81,42.53,2.05
1969-06-01,1969,6,Beef **,Other Food,($/kg),1.31,5.65,15.93,18.02,52.33,1.31
1969-07-01,1969,7,Beef **,Other Food,($/kg),1.3,-0.76,12.07,18.18,38.3,-0.61
1969-08-01,1969,8,Beef **,Other Food,($/kg),1.37,5.38,10.48,24.55,52.22,1.09
1969-09-01,1969,9,Beef **,Other Food,($/kg),1.32,-3.65,0.76,13.79,60.98,-1.49
1969-10-01,1969,10,Beef **,Other Food,($/kg),1.23,-6.82,-5.38,5.13,46.43,-2.06
1969-11-01,1969,11,Beef **,Other Food,($/kg),1.21,-1.63,-11.68,10.0,44.05,-0.47
1969-12-01,1969,12,Beef **,Other Food,($/kg),1.21,0.0,-8.33,11.01,40.7,-0.21
1970-01-01,1970,1,Beef **,Other Food,($/kg),1.3,7.44,5.69,19.27,52.94,1.6
1970-02-01,1970,2,Beef **,Other Food,($/kg),1.33,2.31,9.92,22.02,56.47,0.17
1970-03-01,1970,3,Beef **,Other Food,($/kg),1.35,1.5,11.57,19.47,58.82,-0.06
1970-04-01,1970,4,Beef **,Other Food,($/kg),1.36,0.74,4.62,17.24,60.0,-0.19
1970-05-01,1970,5,Beef **,Other Food,($/kg),1.33,-2.21,0.0,7.26,58.33,-0.83
1970-06-01,1970,6,Beef **,Other Food,($/kg),1.3,-2.26,-3.7,-0.76,51.16,-0.71
1970-07-01,1970,7,Beef **,Other Food,($/kg),1.29,-0.77,-5.15,-0.77,46.59,-0.2
1970-08-01,1970,8,Beef **,Other Food,($/kg),1.25,-3.1,-6.02,-8.76,40.45,-0.8
1970-09-01,1970,9,Beef **,Other Food,($/kg),1.28,2.4,-1.54,-3.03,40.66,0.87
1970-10-01,1970,10,Beef **,Other Food,($/kg),1.28,0.0,-0.78,4.07,37.63,0.06
1970-11-01,1970,11,Beef **,Other Food,($/kg),1.27,-0.78,1.6,4.96,39.56,-0.4
1970-12-01,1970,12,Beef **,Other Food,($/kg),1.31,3.15,2.34,8.26,39.36,0.96
1971-01-01,1971,1,Beef **,Other Food,($/kg),1.34,2.29,4.69,3.08,38.14,0.54
1971-02-01,1971,2,Beef **,Other Food,($/kg),1.37,2.24,7.87,3.01,42.71,0.93
1971-03-01,1971,3,Beef **,Other Food,($/kg),1.38,0.73,5.34,2.22,28.97,0.22
1971-04-01,1971,4,Beef **,Other Food,($/kg),1.4,1.45,4.48,2.94,30.84,0.6
1971-05-01,1971,5,Beef **,Other Food,($/kg),1.4,0.0,2.19,5.26,34.62,-0.12
1971-06-01,1971,6,Beef **,Other Food,($/kg),1.37,-2.14,-0.72,5.38,38.38,-1.32
1971-07-01,1971,7,Beef **,Other Food,($/kg),1.35,-1.46,-3.57,4.65,39.18,-0.99
1971-08-01,1971,8,Beef **,Other Food,($/kg),1.32,-2.22,-5.71,5.6,32.0,-1.32
1971-09-01,1971,9,Beef **,Other Food,($/kg),1.3,-1.52,-5.11,1.56,23.81,-1.07
1971-10-01,1971,10,Beef **,Other Food,($/kg),1.31,0.77,-2.96,2.34,24.76,0.34
1971-11-01,1971,11,Beef **,Other Food,($/kg),1.29,-1.53,-2.27,1.57,25.24,-0.94
1971-12-01,1971,12,Beef **,Other Food,($/kg),1.32,2.33,1.54,0.76,24.53,1.15
1972-01-01,1972,1,Beef **,Other Food,($/kg),1.39,5.3,6.11,3.73,28.7,2.92
1972-02-01,1972,2,Beef **,Other Food,($/kg),1.4,0.72,8.53,2.19,32.08,0.17
1972-03-01,1972,3,Beef **,Other Food,($/kg),1.45,3.57,9.85,5.07,39.42,1.53
1972-04-01,1972,4,Beef **,Other Food,($/kg),1.5,3.45,7.91,7.14,41.51,1.25
1972-05-01,1972,5,Beef **,Other Food,($/kg),1.51,0.67,7.86,7.86,45.19,0.02
1972-06-01,1972,6,Beef **,Other Food,($/kg),1.54,1.99,6.21,12.41,48.08,0.52
1972-07-01,1972,7,Beef **,Other Food,($/kg),1.51,-1.95,0.67,11.85,45.19,-1.23
1972-08-01,1972,8,Beef **,Other Food,($/kg),1.49,-1.32,-1.32,12.88,44.66,-0.94
1972-09-01,1972,9,Beef **,Other Food,($/kg),1.46,-2.01,-5.19,12.31,40.38,-1.3
1972-10-01,1972,10,Beef **,Other Food,($/kg),1.47,0.68,-2.65,12.21,41.35,-0.13
1972-11-01,1972,11,Beef **,Other Food,($/kg),1.48,0.68,-0.67,14.73,46.53,-0.13
1972-12-01,1972,12,Beef **,Other Food,($/kg),1.57,6.08,7.53,18.94,53.92,2.15
1973-01-01,1973,1,Beef **,Other Food,($/kg),1.7,8.28,15.65,22.3,65.05,2.54
1973-02-01,1973,2,Beef **,Other Food,($/kg),1.87,10.0,26.35,33.57,83.33,2.62
1973-03-01,1973,3,Beef **,Other Food,($/kg),1.98,5.88,26.11,36.55,92.23,0.86
1973-04-01,1973,4,Beef **,Other Food,($/kg),1.85,-6.57,8.82,23.33,76.19,-2.3
1973-05-01,1973,5,Beef **,Other Food,($/kg),1.85,0.0,-1.07,22.52,71.3,-0.39
1973-06-01,1973,6,Beef **,Other Food,($/kg),1.8,-2.7,-9.09,16.88,62.16,-0.93
1973-07-01,1973,7,Beef **,Other Food,($/kg),1.96,8.89,5.95,29.8,78.18,1.49
1973-08-01,1973,8,Beef **,Other Food,($/kg),2.46,25.51,32.97,65.1,123.64,4.36
1973-09-01,1973,9,Beef **,Other Food,($/kg),2.26,-8.13,25.56,54.79,94.83,-1.51
1973-10-01,1973,10,Beef **,Other Food,($/kg),2.18,-3.54,11.22,48.3,86.32,-0.84
1973-11-01,1973,11,Beef **,Other Food,($/kg),2.14,-1.83,-13.01,44.59,94.55,-0.6
1973-12-01,1973,12,Beef **,Other Food,($/kg),2.07,-3.27,-8.41,31.85,89.91,-0.73
1974-01-01,1974,1,Beef **,Other Food,($/kg),2.04,-1.45,-6.42,20.0,87.16,-0.44
1974-02-01,1974,2,Beef **,Other Food,($/kg),1.98,-2.94,-7.48,5.88,81.65,-0.52
1974-03-01,1974,3,Beef **,Other Food,($/kg),1.74,-12.12,-15.94,-12.12,53.98,-1.42
1974-04-01,1974,4,Beef **,Other Food,($/kg),1.62,-6.9,-20.59,-12.43,39.66,-0.64
1974-05-01,1974,5,Beef **,Other Food,($/kg),1.54,-4.94,-22.22,-16.76,24.19,-0.44
1974-06-01,1974,6,Beef **,Other Food,($/kg),1.45,-5.84,-16.67,-19.44,10.69,-0.48
1974-07-01,1974,7,Beef **,Other Food,($/kg),1.64,13.1,1.23,-16.33,26.15,1.47
1974-08-01,1974,8,Beef **,Other Food,($/kg),1.61,-1.83,4.55,-34.55,17.52,-0.08
1974-09-01,1974,9,Beef **,Other Food,($/kg),1.4,-13.04,-3.45,-38.05,6.06,-1.61
1974-10-01,1974,10,Beef **,Other Food,($/kg),1.39,-0.71,-15.24,-36.24,13.01,0.46
1974-11-01,1974,11,Beef **,Other Food,($/kg),1.32,-5.04,-18.01,-38.32,9.09,-0.24
1974-12-01,1974,12,Beef **,Other Food,($/kg),1.26,-4.55,-10.0,-39.13,4.13,-0.12
1975-01-01,1975,1,Beef **,Other Food,($/kg),1.15,-8.73,-17.27,-43.63,-11.54,-0.74
1975-02-01,1975,2,Beef **,Other Food,($/kg),1.15,0.0,-12.88,-41.92,-13.53,0.67
1975-03-01,1975,3,Beef **,Other Food,($/kg),1.14,-0.87,-9.52,-34.48,-15.56,0.49
1975-04-01,1975,4,Beef **,Other Food,($/kg),1.28,12.28,11.3,-20.99,-5.88,2.44
1975-05-01,1975,5,Beef **,Other Food,($/kg),1.37,7.03,19.13,-11.04,3.01,1.14
1975-06-01,1975,6,Beef **,Other Food,($/kg),1.33,-2.92,16.67,-8.28,2.31,-0.28
1975-07-01,1975,7,Beef **,Other Food,($/kg),1.35,1.5,5.47,-17.68,4.65,0.25
1975-08-01,1975,8,Beef **,Other Food,($/kg),1.3,-3.7,-5.11,-19.25,4.0,-0.35
1975-09-01,1975,9,Beef **,Other Food,($/kg),1.42,9.23,6.77,1.43,10.94,1.62
1975-10-01,1975,10,Beef **,Other Food,($/kg),1.53,7.75,13.33,10.07,19.53,1.19
1975-11-01,1975,11,Beef **,Other Food,($/kg),1.47,-3.92,13.08,11.36,15.75,-0.74
1975-12-01,1975,12,Beef **,Other Food,($/kg),1.44,-2.04,1.41,14.29,9.92,-0.48
1976-01-01,1976,1,Beef **,Other Food,($/kg),1.49,3.47,-2.61,29.57,11.19,0.34
1976-02-01,1976,2,Beef **,Other Food,($/kg),1.59,6.71,8.16,38.26,16.06,0.79
1976-03-01,1976,3,Beef **,Other Food,($/kg),1.71,7.55,18.75,50.0,23.91,0.83
1976-04-01,1976,4,Beef **,Other Food,($/kg),1.81,5.85,21.48,41.41,29.29,0.4
1976-05-01,1976,5,Beef **,Other Food,($/kg),1.78,-1.66,11.95,29.93,27.14,-0.94
1976-06-01,1976,6,Beef **,Other Food,($/kg),1.6,-10.11,-6.43,20.3,16.79,-2.48
1976-07-01,1976,7,Beef **,Other Food,($/kg),1.53,-4.38,-15.47,13.33,13.33,-1.01
1976-08-01,1976,8,Beef **,Other Food,($/kg),1.58,3.27,-11.24,21.54,19.7,0.33
1976-09-01,1976,9,Beef **,Other Food,($/kg),1.56,-1.27,-2.5,9.86,20.0,-0.5
1976-10-01,1976,10,Beef **,Other Food,($/kg),1.43,-8.33,-6.54,-6.54,9.16,-1.63
1976-11-01,1976,11,Beef **,Other Food,($/kg),1.41,-1.4,-10.76,-4.08,9.3,-0.17
1976-12-01,1976,12,Beef **,Other Food,($/kg),1.5,6.38,-3.85,4.17,13.64,1.15
1977-01-01,1977,1,Beef **,Other Food,($/kg),1.58,5.33,10.49,6.04,13.67,0.81
1977-02-01,1977,2,Beef **,Other Food,($/kg),1.64,3.8,16.31,3.14,17.14,0.51
1977-03-01,1977,3,Beef **,Other Food,($/kg),1.62,-1.22,8.0,-5.26,11.72,-0.28
1977-04-01,1977,4,Beef **,Other Food,($/kg),1.55,-4.32,-1.9,-14.36,3.33,-0.74
1977-05-01,1977,5,Beef **,Other Food,($/kg),1.5,-3.23,-8.54,-15.73,-0.66,-0.4
1977-06-01,1977,6,Beef **,Other Food,($/kg),1.46,-2.67,-9.88,-8.75,-5.19,-0.26
1977-07-01,1977,7,Beef **,Other Food,($/kg),1.42,-2.74,-8.39,-7.19,-5.96,-0.46
1977-08-01,1977,8,Beef **,Other Food,($/kg),1.39,-2.11,-7.33,-12.03,-6.71,-0.36
1977-09-01,1977,9,Beef **,Other Food,($/kg),1.41,1.44,-3.42,-9.62,-3.42,0.58
1977-10-01,1977,10,Beef **,Other Food,($/kg),1.46,3.55,2.82,2.1,-0.68,1.01
1977-11-01,1977,11,Beef **,Other Food,($/kg),1.46,0.0,5.04,3.55,-1.35,-0.06
1977-12-01,1977,12,Beef **,Other Food,($/kg),1.58,8.22,12.06,5.33,0.64,2.16
1978-01-01,1978,1,Beef **,Other Food,($/kg),1.72,8.86,17.81,8.86,1.18,2.12
1978-02-01,1978,2,Beef **,Other Food,($/kg),1.91,11.05,30.82,16.46,2.14,2.31
1978-03-01,1978,3,Beef **,Other Food,($/kg),2.0,4.71,26.58,23.46,1.01,0.62
1978-04-01,1978,4,Beef **,Other Food,($/kg),2.24,12.0,30.23,44.52,21.08,1.9
1978-05-01,1978,5,Beef **,Other Food,($/kg),2.25,0.45,17.8,50.0,21.62,-0.5
1978-06-01,1978,6,Beef **,Other Food,($/kg),1.99,-11.56,-0.5,36.3,10.56,-2.82
1978-07-01,1978,7,Beef **,Other Food,($/kg),1.95,-2.01,-12.95,37.32,-0.51,-0.72
1978-08-01,1978,8,Beef **,Other Food,($/kg),2.03,4.1,-9.78,46.04,-17.48,0.18
1978-09-01,1978,9,Beef **,Other Food,($/kg),2.24,10.34,12.56,58.87,-0.88,1.07
1978-10-01,1978,10,Beef **,Other Food,($/kg),2.35,4.91,20.51,60.96,7.8,0.11
1978-11-01,1978,11,Beef **,Other Food,($/kg),2.42,2.98,19.21,65.75,13.08,-0.19
1978-12-01,1978,12,Beef **,Other Food,($/kg),2.57,6.2,14.73,62.66,24.15,0.25
1979-01-01,1979,1,Beef **,Other Food,($/kg),2.8,8.95,19.15,62.79,37.25,0.7
1979-02-01,1979,2,Beef **,Other Food,($/kg),2.93,4.64,21.07,53.4,47.98,0.05
1979-03-01,1979,3,Beef **,Other Food,($/kg),3.01,2.73,17.12,50.5,72.99,-0.17
1979-04-01,1979,4,Beef **,Other Food,($/kg),3.15,4.65,12.5,40.62,94.44,0.16
1979-05-01,1979,5,Beef **,Other Food,($/kg),3.04,-3.49,3.75,35.11,97.4,-1.15
1979-06-01,1979,6,Beef **,Other Food,($/kg),2.78,-8.55,-7.64,39.7,91.72,-1.9
1979-07-01,1979,7,Beef **,Other Food,($/kg),2.48,-10.79,-21.27,27.18,51.22,-2.59
1979-08-01,1979,8,Beef **,Other Food,($/kg),2.56,3.23,-15.79,26.11,59.01,0.15
1979-09-01,1979,9,Beef **,Other Food,($/kg),2.88,12.5,3.6,28.57,105.71,1.59
1979-10-01,1979,10,Beef **,Other Food,($/kg),2.86,-0.69,15.32,21.7,105.76,-0.45
1979-11-01,1979,11,Beef **,Other Food,($/kg),3.03,5.94,18.36,25.21,129.55,0.6
1979-12-01,1979,12,Beef **,Other Food,($/kg),3.1,2.31,7.64,20.62,146.03,0.03
1980-01-01,1980,1,Beef **,Other Food,($/kg),3.01,-2.9,5.24,7.5,161.74,-0.69
1980-02-01,1980,2,Beef **,Other Food,($/kg),2.97,-1.33,-1.98,1.37,158.26,-0.33
1980-03-01,1980,3,Beef **,Other Food,($/kg),2.6,-12.46,-16.13,-13.62,128.07,-2.0
1980-04-01,1980,4,Beef **,Other Food,($/kg),2.52,-3.08,-16.28,-20.0,96.88,-0.29
1980-05-01,1980,5,Beef **,Other Food,($/kg),2.44,-3.17,-17.85,-19.74,78.1,-0.22
1980-06-01,1980,6,Beef **,Other Food,($/kg),2.51,2.87,-3.46,-9.71,88.72,0.63
1980-07-01,1980,7,Beef **,Other Food,($/kg),2.75,9.56,9.13,10.89,103.7,1.49
1980-08-01,1980,8,Beef **,Other Food,($/kg),2.92,6.18,19.67,14.06,124.62,0.78
1980-09-01,1980,9,Beef **,Other Food,($/kg),2.85,-2.4,13.55,-1.04,100.7,-0.55
1980-10-01,1980,10,Beef **,Other Food,($/kg),2.86,0.35,4.0,0.0,86.93,0.05
1980-11-01,1980,11,Beef **,Other Food,($/kg),2.94,2.8,0.68,-2.97,100.0,0.46
1980-12-01,1980,12,Beef **,Other Food,($/kg),2.75,-6.46,-3.51,-11.29,90.97,-1.14
1981-01-01,1981,1,Beef **,Other Food,($/kg),2.68,-2.55,-6.29,-10.96,79.87,-0.29
1981-02-01,1981,2,Beef **,Other Food,($/kg),2.57,-4.1,-12.59,-13.47,61.64,-0.57
1981-03-01,1981,3,Beef **,Other Food,($/kg),2.5,-2.72,-9.09,-3.85,46.2,-0.29
1981-04-01,1981,4,Beef **,Other Food,($/kg),2.53,1.2,-5.6,0.4,39.78,0.3
1981-05-01,1981,5,Beef **,Other Food,($/kg),2.49,-1.58,-3.11,2.05,39.89,-0.37
1981-06-01,1981,6,Beef **,Other Food,($/kg),2.44,-2.01,-2.4,-2.79,52.5,-0.5
1981-07-01,1981,7,Beef **,Other Food,($/kg),2.41,-1.23,-4.74,-12.36,57.52,-0.24
1981-08-01,1981,8,Beef **,Other Food,($/kg),2.41,0.0,-3.21,-17.47,52.53,0.31
1981-09-01,1981,9,Beef **,Other Food,($/kg),2.49,3.32,2.05,-12.63,59.62,1.98
1981-10-01,1981,10,Beef **,Other Food,($/kg),2.43,-2.41,0.83,-15.03,69.93,-0.47
1981-11-01,1981,11,Beef **,Other Food,($/kg),2.37,-2.47,-1.66,-19.39,68.09,-0.41
1981-12-01,1981,12,Beef **,Other Food,($/kg),2.36,-0.42,-5.22,-14.18,57.33,0.53
1982-01-01,1982,1,Beef **,Other Food,($/kg),2.38,0.85,-2.06,-11.19,50.63,1.04
1982-02-01,1982,2,Beef **,Other Food,($/kg),2.38,0.0,0.42,-7.39,45.12,0.47
1982-03-01,1982,3,Beef **,Other Food,($/kg),2.38,0.0,0.85,-4.8,46.91,0.34
1982-04-01,1982,4,Beef **,Other Food,($/kg),2.4,0.84,0.84,-5.14,54.84,0.73
1982-05-01,1982,5,Beef **,Other Food,($/kg),2.41,0.42,1.26,-3.21,60.67,0.51
1982-06-01,1982,6,Beef **,Other Food,($/kg),2.38,-1.24,0.0,-2.46,63.01,-0.6
1982-07-01,1982,7,Beef **,Other Food,($/kg),2.23,-6.3,-7.08,-7.47,57.04,-3.88
1982-08-01,1982,8,Beef **,Other Food,($/kg),2.24,0.45,-7.05,-7.05,61.15,0.45
1982-09-01,1982,9,Beef **,Other Food,($/kg),2.43,8.48,2.1,-2.41,72.34,3.81
1982-10-01,1982,10,Beef **,Other Food,($/kg),2.48,2.06,11.21,2.06,69.86,0.65
1982-11-01,1982,11,Beef **,Other Food,($/kg),2.48,0.0,10.71,4.64,69.86,-0.07
1982-12-01,1982,12,Beef **,Other Food,($/kg),2.48,0.0,2.06,5.08,56.96,-0.13
1983-01-01,1983,1,Beef **,Other Food,($/kg),2.28,-8.06,-8.06,-4.2,32.56,-2.62
1983-02-01,1983,2,Beef **,Other Food,($/kg),2.38,4.39,-4.03,0.0,24.61,1.15
1983-03-01,1983,3,Beef **,Other Food,($/kg),2.49,4.62,0.4,4.62,24.5,1.06
1983-04-01,1983,4,Beef **,Other Food,($/kg),2.54,2.01,11.4,5.83,13.39,0.34
1983-05-01,1983,5,Beef **,Other Food,($/kg),2.54,0.0,6.72,5.39,12.89,-0.13
1983-06-01,1983,6,Beef **,Other Food,($/kg),2.47,-2.76,-0.8,3.78,24.12,-0.73
1983-07-01,1983,7,Beef **,Other Food,($/kg),2.46,-0.4,-3.15,10.31,26.15,-0.18
1983-08-01,1983,8,Beef **,Other Food,($/kg),2.48,0.81,-2.36,10.71,22.17,-0.02
1983-09-01,1983,9,Beef **,Other Food,($/kg),2.47,-0.4,0.0,1.65,10.27,-0.33
1983-10-01,1983,10,Beef **,Other Food,($/kg),2.45,-0.81,-0.41,-1.21,4.26,-0.3
1983-11-01,1983,11,Beef **,Other Food,($/kg),2.41,-1.63,-2.82,-2.82,-0.41,-0.48
1983-12-01,1983,12,Beef **,Other Food,($/kg),2.31,-4.15,-6.48,-6.85,-10.12,-1.19
1984-01-01,1984,1,Beef **,Other Food,($/kg),2.26,-2.16,-7.76,-0.88,-19.29,-0.47
1984-02-01,1984,2,Beef **,Other Food,($/kg),2.34,3.54,-2.9,-1.68,-20.14,1.34
1984-03-01,1984,3,Beef **,Other Food,($/kg),2.38,1.71,3.03,-4.42,-20.93,0.71
1984-04-01,1984,4,Beef **,Other Food,($/kg),2.47,3.78,9.29,-2.76,-21.59,1.91
1984-05-01,1984,5,Beef **,Other Food,($/kg),2.4,-2.83,2.56,-5.51,-21.05,-1.1
1984-06-01,1984,6,Beef **,Other Food,($/kg),2.33,-2.92,-2.1,-5.67,-16.19,-0.99
1984-07-01,1984,7,Beef **,Other Food,($/kg),2.23,-4.29,-9.72,-9.35,-10.08,-1.52
1984-08-01,1984,8,Beef **,Other Food,($/kg),2.25,0.9,-6.25,-9.27,-12.11,0.61
1984-09-01,1984,9,Beef **,Other Food,($/kg),2.18,-3.11,-6.44,-11.74,-24.31,-0.85
1984-10-01,1984,10,Beef **,Other Food,($/kg),2.11,-3.21,-5.38,-13.88,-26.22,-0.78
1984-11-01,1984,11,Beef **,Other Food,($/kg),2.1,-0.47,-6.67,-12.86,-30.69,0.25
1984-12-01,1984,12,Beef **,Other Food,($/kg),2.22,5.71,1.83,-3.9,-28.39,2.34
1985-01-01,1985,1,Beef **,Other Food,($/kg),2.27,2.25,7.58,0.44,-24.58,0.76
1985-02-01,1985,2,Beef **,Other Food,($/kg),2.31,1.76,10.0,-1.28,-22.22,0.5
1985-03-01,1985,3,Beef **,Other Food,($/kg),2.25,-2.6,1.35,-5.46,-13.46,-0.79
1985-04-01,1985,4,Beef **,Other Food,($/kg),2.13,-5.33,-6.17,-13.77,-15.48,-1.51
1985-05-01,1985,5,Beef **,Other Food,($/kg),2.09,-1.88,-9.52,-12.92,-14.34,-0.22
1985-06-01,1985,6,Beef **,Other Food,($/kg),2.09,0.0,-7.11,-10.3,-16.73,0.34
1985-07-01,1985,7,Beef **,Other Food,($/kg),2.05,-1.91,-3.76,-8.07,-25.45,-0.33
1985-08-01,1985,8,Beef **,Other Food,($/kg),2.07,0.98,-0.96,-8.0,-29.11,0.54
1985-09-01,1985,9,Beef **,Other Food,($/kg),2.08,0.48,-0.48,-4.59,-27.02,0.38
1985-10-01,1985,10,Beef **,Other Food,($/kg),2.14,2.88,4.39,1.42,-25.17,1.11
1985-11-01,1985,11,Beef **,Other Food,($/kg),2.14,0.0,3.38,1.9,-27.21,-0.05
1985-12-01,1985,12,Beef **,Other Food,($/kg),2.23,4.21,7.21,0.45,-18.91,1.38
1986-01-01,1986,1,Beef **,Other Food,($/kg),2.18,-2.24,1.87,-3.96,-18.66,-0.87
1986-02-01,1986,2,Beef **,Other Food,($/kg),2.16,-0.92,0.93,-6.49,-15.95,-0.23
1986-03-01,1986,3,Beef **,Other Food,($/kg),2.19,1.39,-1.79,-2.67,-12.4,0.75
1986-04-01,1986,4,Beef **,Other Food,($/kg),2.06,-5.94,-5.5,-3.29,-18.58,-2.27
1986-05-01,1986,5,Beef **,Other Food,($/kg),2.07,0.49,-4.17,-0.96,-16.87,0.28
1986-06-01,1986,6,Beef **,Other Food,($/kg),2.02,-2.42,-7.76,-3.35,-17.21,-0.91
1986-07-01,1986,7,Beef **,Other Food,($/kg),1.93,-4.46,-6.31,-5.85,-19.92,-1.57
1986-08-01,1986,8,Beef **,Other Food,($/kg),2.0,3.63,-3.38,-3.38,-17.01,1.4
1986-09-01,1986,9,Beef **,Other Food,($/kg),2.09,4.5,3.47,0.48,-16.06,1.52
1986-10-01,1986,10,Beef **,Other Food,($/kg),2.11,0.96,9.33,-1.4,-13.17,0.25
1986-11-01,1986,11,Beef **,Other Food,($/kg),2.12,0.47,6.0,-0.93,-10.55,0.16
1986-12-01,1986,12,Beef **,Other Food,($/kg),2.18,2.83,4.31,-2.24,-7.63,0.86
1987-01-01,1987,1,Beef **,Other Food,($/kg),2.18,0.0,3.32,0.0,-8.4,0.04
1987-02-01,1987,2,Beef **,Other Food,($/kg),2.28,4.59,7.55,5.56,-4.2,1.46
1987-03-01,1987,3,Beef **,Other Food,($/kg),2.33,2.19,6.88,6.39,-2.1,0.5
1987-04-01,1987,4,Beef **,Other Food,($/kg),2.4,3.0,10.09,16.5,0.0,0.72
1987-05-01,1987,5,Beef **,Other Food,($/kg),2.4,0.0,5.26,15.94,-0.41,-0.48
1987-06-01,1987,6,Beef **,Other Food,($/kg),2.32,-3.33,-0.43,14.85,-2.52,-1.67
1987-07-01,1987,7,Beef **,Other Food,($/kg),2.33,0.43,-2.92,20.73,4.48,-0.27
1987-08-01,1987,8,Beef **,Other Food,($/kg),2.31,-0.86,-3.75,15.5,3.12,-1.08
1987-09-01,1987,9,Beef **,Other Food,($/kg),2.51,8.66,8.19,20.1,3.29,3.23
1987-10-01,1987,10,Beef **,Other Food,($/kg),2.51,0.0,7.73,18.96,1.21,-0.52
1987-11-01,1987,11,Beef **,Other Food,($/kg),2.56,1.99,10.82,20.75,3.23,0.16
1987-12-01,1987,12,Beef **,Other Food,($/kg),2.51,-1.95,0.0,15.14,1.21,-1.17
1988-01-01,1988,1,Beef **,Other Food,($/kg),2.49,-0.8,-0.8,14.22,9.21,-0.64
1988-02-01,1988,2,Beef **,Other Food,($/kg),2.61,4.82,1.95,14.47,9.66,1.14
1988-03-01,1988,3,Beef **,Other Food,($/kg),2.59,-0.77,3.19,11.16,4.02,-0.6
1988-04-01,1988,4,Beef **,Other Food,($/kg),2.49,-3.86,0.0,3.75,-1.97,-1.46
1988-05-01,1988,5,Beef **,Other Food,($/kg),2.43,-2.41,-6.9,1.25,-4.33,-0.8
1988-06-01,1988,6,Beef **,Other Food,($/kg),2.42,-0.41,-6.56,4.31,-2.02,-0.16
1988-07-01,1988,7,Beef **,Other Food,($/kg),2.44,0.83,-2.01,4.72,-0.81,0.12
1988-08-01,1988,8,Beef **,Other Food,($/kg),2.51,2.87,3.29,8.66,1.21,0.72
1988-09-01,1988,9,Beef **,Other Food,($/kg),2.51,0.0,3.72,0.0,1.62,-0.22
1988-10-01,1988,10,Beef **,Other Food,($/kg),2.57,2.39,5.33,2.39,4.9,1.0
1988-11-01,1988,11,Beef **,Other Food,($/kg),2.57,0.0,2.39,0.39,6.64,-0.09
1988-12-01,1988,12,Beef **,Other Food,($/kg),2.57,0.0,2.39,2.39,11.26,-0.02
1989-01-01,1989,1,Beef **,Other Food,($/kg),2.44,-5.06,-5.06,-2.01,7.96,-2.27
1989-02-01,1989,2,Beef **,Other Food,($/kg),2.49,2.05,-3.11,-4.6,6.41,0.79
1989-03-01,1989,3,Beef **,Other Food,($/kg),2.44,-2.01,-5.06,-5.79,2.52,-0.68
1989-04-01,1989,4,Beef **,Other Food,($/kg),2.45,0.41,0.41,-1.61,-0.81,0.36
1989-05-01,1989,5,Beef **,Other Food,($/kg),2.43,-0.82,-2.41,0.0,1.25,-0.32
1989-06-01,1989,6,Beef **,Other Food,($/kg),2.44,0.41,0.0,0.83,4.72,0.18
1989-07-01,1989,7,Beef **,Other Food,($/kg),2.49,2.05,1.63,2.05,11.66,0.93
1989-08-01,1989,8,Beef **,Other Food,($/kg),2.55,2.41,4.94,1.59,13.33,1.02
1989-09-01,1989,9,Beef **,Other Food,($/kg),2.65,3.92,8.61,5.58,21.56,1.76
1989-10-01,1989,10,Beef **,Other Food,($/kg),2.74,3.4,10.04,6.61,29.86,1.22
1989-11-01,1989,11,Beef **,Other Food,($/kg),2.84,3.65,11.37,10.51,35.24,1.24
1989-12-01,1989,12,Beef **,Other Food,($/kg),2.88,1.41,8.68,12.06,29.73,0.21
1990-01-01,1990,1,Beef **,Other Food,($/kg),2.78,-3.47,1.46,13.93,22.47,-1.7
1990-02-01,1990,2,Beef **,Other Food,($/kg),2.46,-11.51,-13.38,-1.2,6.49,-5.47
1990-03-01,1990,3,Beef **,Other Food,($/kg),2.48,0.81,-13.89,1.64,10.22,0.19
1990-04-01,1990,4,Beef **,Other Food,($/kg),2.47,-0.4,-11.15,0.82,15.96,-0.15
1990-05-01,1990,5,Beef **,Other Food,($/kg),2.48,0.4,0.81,2.06,18.66,0.06
1990-06-01,1990,6,Beef **,Other Food,($/kg),2.5,0.81,0.81,2.46,19.62,0.13
1990-07-01,1990,7,Beef **,Other Food,($/kg),2.56,2.4,3.64,2.81,24.88,0.5
1990-08-01,1990,8,Beef **,Other Food,($/kg),2.65,3.52,6.85,3.92,28.02,0.75
1990-09-01,1990,9,Beef **,Other Food,($/kg),2.7,1.89,8.0,1.89,29.81,0.34
1990-10-01,1990,10,Beef **,Other Food,($/kg),2.59,-4.07,1.17,-5.47,21.03,-1.03
1990-11-01,1990,11,Beef **,Other Food,($/kg),2.53,-2.32,-4.53,-10.92,18.22,-0.46
1990-12-01,1990,12,Beef **,Other Food,($/kg),2.55,0.79,-5.56,-11.46,14.35,0.41
1991-01-01,1991,1,Beef **,Other Food,($/kg),2.59,1.57,0.0,-6.83,18.81,0.62
1991-02-01,1991,2,Beef **,Other Food,($/kg),2.73,5.41,7.91,10.98,26.39,1.47
1991-03-01,1991,3,Beef **,Other Food,($/kg),2.59,-5.13,1.57,4.44,18.26,-2.43
1991-04-01,1991,4,Beef **,Other Food,($/kg),2.61,0.77,0.77,5.67,26.7,0.12
1991-05-01,1991,5,Beef **,Other Food,($/kg),2.63,0.77,-3.66,6.05,27.05,0.09
1991-06-01,1991,6,Beef **,Other Food,($/kg),2.7,2.66,4.25,8.0,33.66,0.7
1991-07-01,1991,7,Beef **,Other Food,($/kg),2.69,-0.37,3.07,5.08,39.38,-0.34
1991-08-01,1991,8,Beef **,Other Food,($/kg),2.64,-1.86,0.38,-0.38,32.0,-0.76
1991-09-01,1991,9,Beef **,Other Food,($/kg),2.74,3.79,1.48,1.48,31.1,1.28
1991-10-01,1991,10,Beef **,Other Food,($/kg),2.72,-0.73,1.12,5.02,28.91,-0.29
1991-11-01,1991,11,Beef **,Other Food,($/kg),2.71,-0.37,2.65,7.11,27.83,-0.29
1991-12-01,1991,12,Beef **,Other Food,($/kg),2.61,-3.69,-4.74,2.35,19.72,-1.58
1992-01-01,1992,1,Beef **,Other Food,($/kg),2.57,-1.53,-5.51,-0.77,17.89,-0.59
1992-02-01,1992,2,Beef **,Other Food,($/kg),2.52,-1.95,-7.01,-7.69,10.53,-0.64
1992-03-01,1992,3,Beef **,Other Food,($/kg),2.45,-2.78,-6.13,-5.41,5.15,-0.86
1992-04-01,1992,4,Beef **,Other Food,($/kg),2.38,-2.86,-7.39,-8.81,-0.83,-1.11
1992-05-01,1992,5,Beef **,Other Food,($/kg),2.38,0.0,-5.56,-9.51,-0.83,0.33
1992-06-01,1992,6,Beef **,Other Food,($/kg),2.33,-2.1,-4.9,-13.7,0.43,-0.59
1992-07-01,1992,7,Beef **,Other Food,($/kg),2.35,0.86,-1.26,-12.64,0.86,1.06
1992-08-01,1992,8,Beef **,Other Food,($/kg),2.45,4.26,2.94,-7.2,6.06,2.66
1992-09-01,1992,9,Beef **,Other Food,($/kg),2.44,-0.41,4.72,-10.95,-2.79,0.07
1992-10-01,1992,10,Beef **,Other Food,($/kg),2.5,2.46,6.38,-8.09,-0.4,1.61
1992-11-01,1992,11,Beef **,Other Food,($/kg),2.54,1.6,3.67,-6.27,-0.78,0.98
1992-12-01,1992,12,Beef **,Other Food,($/kg),2.54,0.0,4.1,-2.68,1.2,0.21
1993-01-01,1993,1,Beef **,Other Food,($/kg),2.35,-7.48,-6.0,-8.56,-5.62,-3.3
1993-02-01,1993,2,Beef **,Other Food,($/kg),2.39,1.7,-5.91,-5.16,-8.43,0.79
1993-03-01,1993,3,Beef **,Other Food,($/kg),2.53,5.86,-0.39,3.27,-2.32,2.03
1993-04-01,1993,4,Beef **,Other Food,($/kg),2.59,2.37,10.21,8.82,4.02,0.59
1993-05-01,1993,5,Beef **,Other Food,($/kg),2.68,3.47,12.13,12.61,10.29,0.81
1993-06-01,1993,6,Beef **,Other Food,($/kg),2.74,2.24,8.3,17.6,13.22,0.35
1993-07-01,1993,7,Beef **,Other Food,($/kg),2.82,2.92,8.88,20.0,15.57,0.46
1993-08-01,1993,8,Beef **,Other Food,($/kg),2.8,-0.71,4.48,14.29,11.55,-0.69
1993-09-01,1993,9,Beef **,Other Food,($/kg),2.73,-2.5,-0.36,11.89,8.76,-1.12
1993-10-01,1993,10,Beef **,Other Food,($/kg),2.67,-2.2,-5.32,6.8,3.89,-0.94
1993-11-01,1993,11,Beef **,Other Food,($/kg),2.64,-1.12,-5.71,3.94,2.72,-0.5
1993-12-01,1993,12,Beef **,Other Food,($/kg),2.46,-6.82,-9.89,-3.15,-4.28,-2.05
1994-01-01,1994,1,Beef **,Other Food,($/kg),2.42,-1.63,-9.36,2.98,-0.82,-0.35
1994-02-01,1994,2,Beef **,Other Food,($/kg),2.49,2.89,-5.68,4.18,0.0,0.76
1994-03-01,1994,3,Beef **,Other Food,($/kg),2.69,8.03,9.35,6.32,10.25,2.19
1994-04-01,1994,4,Beef **,Other Food,($/kg),2.63,-2.23,8.68,1.54,7.35,-0.73
1994-05-01,1994,5,Beef **,Other Food,($/kg),2.39,-9.13,-4.02,-10.82,-1.65,-2.41
1994-06-01,1994,6,Beef **,Other Food,($/kg),2.23,-6.69,-17.1,-18.61,-8.61,-1.28
1994-07-01,1994,7,Beef **,Other Food,($/kg),2.19,-1.79,-16.73,-22.34,-12.05,-0.04
1994-08-01,1994,8,Beef **,Other Food,($/kg),2.2,0.46,-7.95,-21.43,-13.73,0.54
1994-09-01,1994,9,Beef **,Other Food,($/kg),2.21,0.45,-0.9,-19.05,-16.6,0.52
1994-10-01,1994,10,Beef **,Other Food,($/kg),2.12,-4.07,-3.2,-20.6,-22.63,-0.53
1994-11-01,1994,11,Beef **,Other Food,($/kg),2.19,3.3,-0.45,-17.05,-22.89,1.1
1994-12-01,1994,12,Beef **,Other Food,($/kg),2.23,1.83,0.9,-9.35,-22.57,0.67
1995-01-01,1995,1,Beef **,Other Food,($/kg),2.13,-4.48,0.47,-11.98,-23.38,-0.81
1995-02-01,1995,2,Beef **,Other Food,($/kg),2.16,1.41,-1.37,-13.25,-12.2,0.5
1995-03-01,1995,3,Beef **,Other Food,($/kg),2.04,-5.56,-8.52,-24.16,-17.74,-0.96
1995-04-01,1995,4,Beef **,Other Food,($/kg),1.92,-5.88,-9.86,-27.0,-22.27,-0.96
1995-05-01,1995,5,Beef **,Other Food,($/kg),1.75,-8.85,-18.98,-26.78,-29.44,-1.59
1995-06-01,1995,6,Beef **,Other Food,($/kg),1.66,-5.14,-18.63,-25.56,-33.6,-0.67
1995-07-01,1995,7,Beef **,Other Food,($/kg),1.63,-1.81,-15.1,-25.57,-36.33,0.15
1995-08-01,1995,8,Beef **,Other Food,($/kg),1.69,3.68,-3.43,-23.18,-36.23,1.58
1995-09-01,1995,9,Beef **,Other Food,($/kg),1.76,4.14,6.02,-20.36,-34.81,1.51
1995-10-01,1995,10,Beef **,Other Food,($/kg),1.82,3.41,11.66,-14.15,-29.73,1.16
1995-11-01,1995,11,Beef **,Other Food,($/kg),1.94,6.59,14.79,-11.42,-23.32,1.67
1995-12-01,1995,12,Beef **,Other Food,($/kg),1.91,-1.55,8.52,-14.35,-25.1,-0.13
1996-01-01,1996,1,Beef **,Other Food,($/kg),1.86,-2.62,2.2,-12.68,-28.19,-0.29
1996-02-01,1996,2,Beef **,Other Food,($/kg),1.81,-2.69,-6.7,-16.2,-33.7,-0.35
1996-03-01,1996,3,Beef **,Other Food,($/kg),1.72,-4.97,-9.95,-15.69,-33.59,-0.75
1996-04-01,1996,4,Beef **,Other Food,($/kg),1.72,0.0,-7.53,-10.42,-34.1,0.27
1996-05-01,1996,5,Beef **,Other Food,($/kg),1.7,-1.16,-6.08,-2.86,-35.36,-0.08
1996-06-01,1996,6,Beef **,Other Food,($/kg),1.65,-2.94,-4.07,-0.6,-38.89,-0.73
1996-07-01,1996,7,Beef **,Other Food,($/kg),1.68,1.82,-2.33,3.07,-37.55,0.51
1996-08-01,1996,8,Beef **,Other Food,($/kg),1.76,4.76,3.53,4.14,-33.33,1.25
1996-09-01,1996,9,Beef **,Other Food,($/kg),1.75,-0.57,6.06,-0.57,-36.13,-0.26
1996-10-01,1996,10,Beef **,Other Food,($/kg),1.79,2.29,6.55,-1.65,-34.19,0.66
1996-11-01,1996,11,Beef **,Other Food,($/kg),1.77,-1.12,0.57,-8.76,-34.69,-0.3
1996-12-01,1996,12,Beef **,Other Food,($/kg),1.79,1.13,2.29,-6.28,-31.42,0.7
1997-01-01,1997,1,Beef **,Other Food,($/kg),1.77,-1.12,-1.12,-4.84,-31.13,-0.23
1997-02-01,1997,2,Beef **,Other Food,($/kg),1.84,3.95,3.95,1.66,-26.98,1.65
1997-03-01,1997,3,Beef **,Other Food,($/kg),2.04,10.87,13.97,18.6,-16.73,3.84
1997-04-01,1997,4,Beef **,Other Food,($/kg),2.0,-1.96,12.99,16.28,-15.97,-0.93
1997-05-01,1997,5,Beef **,Other Food,($/kg),1.9,-5.0,3.26,11.76,-20.17,-1.65
1997-06-01,1997,6,Beef **,Other Food,($/kg),1.76,-7.37,-13.73,6.67,-24.46,-1.99
1997-07-01,1997,7,Beef **,Other Food,($/kg),1.8,2.27,-10.0,7.14,-23.4,0.34
1997-08-01,1997,8,Beef **,Other Food,($/kg),1.84,2.22,-3.16,4.55,-24.9,0.32
1997-09-01,1997,9,Beef **,Other Food,($/kg),1.79,-2.72,1.7,2.29,-26.64,-0.69
1997-10-01,1997,10,Beef **,Other Food,($/kg),1.76,-1.68,-2.22,-1.68,-29.6,-0.42
1997-11-01,1997,11,Beef **,Other Food,($/kg),1.83,3.98,-0.54,3.39,-27.95,0.86
1997-12-01,1997,12,Beef **,Other Food,($/kg),1.85,1.09,3.35,3.35,-27.17,0.15
1998-01-01,1998,1,Beef **,Other Food,($/kg),1.82,-1.62,3.41,2.82,-22.55,-0.42
1998-02-01,1998,2,Beef **,Other Food,($/kg),1.79,-1.65,-2.19,-2.72,-25.1,-0.41
1998-03-01,1998,3,Beef **,Other Food,($/kg),1.79,0.0,-3.24,-12.25,-29.25,0.03
1998-04-01,1998,4,Beef **,Other Food,($/kg),1.79,0.0,-1.65,-10.5,-30.89,0.32
1998-05-01,1998,5,Beef **,Other Food,($/kg),1.78,-0.56,-0.56,-6.32,-33.58,0.1
1998-06-01,1998,6,Beef **,Other Food,($/kg),1.7,-4.49,-5.03,-3.41,-37.96,-1.36
1998-07-01,1998,7,Beef **,Other Food,($/kg),1.67,-1.76,-6.7,-7.22,-40.78,-0.63
1998-08-01,1998,8,Beef **,Other Food,($/kg),1.66,-0.6,-6.74,-9.78,-40.71,0.0
1998-09-01,1998,9,Beef **,Other Food,($/kg),1.64,-1.2,-3.53,-8.38,-39.93,-0.18
1998-10-01,1998,10,Beef **,Other Food,($/kg),1.64,0.0,-1.8,-6.82,-38.58,0.35
1998-11-01,1998,11,Beef **,Other Food,($/kg),1.66,1.22,0.0,-9.29,-37.12,0.89
1998-12-01,1998,12,Beef **,Other Food,($/kg),1.66,0.0,1.22,-10.27,-32.52,0.52
1999-01-01,1999,1,Beef **,Other Food,($/kg),1.71,3.01,4.27,-6.04,-29.34,2.71
1999-02-01,1999,2,Beef **,Other Food,($/kg),1.79,4.68,7.83,0.0,-28.11,2.88
1999-03-01,1999,3,Beef **,Other Food,($/kg),1.76,-1.68,6.02,-1.68,-34.57,-0.74
1999-04-01,1999,4,Beef **,Other Food,($/kg),1.72,-2.27,0.58,-3.91,-34.6,-0.92
1999-05-01,1999,5,Beef **,Other Food,($/kg),1.73,0.58,-3.35,-2.81,-27.62,0.37
1999-06-01,1999,6,Beef **,Other Food,($/kg),1.72,-0.58,-2.27,1.18,-22.87,-0.15
1999-07-01,1999,7,Beef **,Other Food,($/kg),1.78,3.49,3.49,6.59,-18.72,1.65
1999-08-01,1999,8,Beef **,Other Food,($/kg),1.92,7.87,10.98,15.66,-12.73,3.38
1999-09-01,1999,9,Beef **,Other Food,($/kg),1.87,-2.6,8.72,14.02,-15.38,-1.3
1999-10-01,1999,10,Beef **,Other Food,($/kg),1.85,-1.07,3.93,12.8,-12.74,-0.71
1999-11-01,1999,11,Beef **,Other Food,($/kg),1.93,4.32,0.52,16.27,-11.87,1.04
1999-12-01,1999,12,Beef **,Other Food,($/kg),1.94,0.52,3.74,16.87,-13.0,-0.24
2000-01-01,2000,1,Beef **,Other Food,($/kg),1.95,0.52,5.41,14.04,-8.45,-0.26
2000-02-01,2000,2,Beef **,Other Food,($/kg),1.96,0.51,1.55,9.5,-9.26,-0.2
2000-03-01,2000,3,Beef **,Other Food,($/kg),1.98,1.02,2.06,12.5,-2.94,0.07
2000-04-01,2000,4,Beef **,Other Food,($/kg),1.98,0.0,1.54,15.12,3.12,-0.35
2000-05-01,2000,5,Beef **,Other Food,($/kg),1.99,0.51,1.53,15.03,13.71,-0.25
2000-06-01,2000,6,Beef **,Other Food,($/kg),1.93,-3.02,-2.53,12.21,16.27,-1.51
2000-07-01,2000,7,Beef **,Other Food,($/kg),1.9,-1.55,-4.04,6.74,16.56,-0.85
2000-08-01,2000,8,Beef **,Other Food,($/kg),1.89,-0.53,-5.03,-1.56,11.83,-0.37
2000-09-01,2000,9,Beef **,Other Food,($/kg),1.81,-4.23,-6.22,-3.21,2.84,-2.15
2000-10-01,2000,10,Beef **,Other Food,($/kg),1.82,0.55,-4.21,-1.62,0.0,0.37
2000-11-01,2000,11,Beef **,Other Food,($/kg),1.97,8.24,4.23,2.07,1.55,3.89
2000-12-01,2000,12,Beef **,Other Food,($/kg),1.93,-2.03,6.63,-0.52,1.05,-0.75
2001-01-01,2001,1,Beef **,Other Food,($/kg),1.93,0.0,6.04,-1.03,3.76,0.0
2001-02-01,2001,2,Beef **,Other Food,($/kg),1.92,-0.52,-2.54,-2.04,6.08,-0.15
2001-03-01,2001,3,Beef **,Other Food,($/kg),1.98,3.12,2.59,0.0,15.12,1.06
2001-04-01,2001,4,Beef **,Other Food,($/kg),1.98,0.0,2.59,0.0,15.12,-0.01
2001-05-01,2001,5,Beef **,Other Food,($/kg),2.01,1.52,4.69,1.01,18.24,0.46
2001-06-01,2001,6,Beef **,Other Food,($/kg),2.05,1.99,3.54,6.22,24.24,0.58
2001-07-01,2001,7,Beef **,Other Food,($/kg),2.12,3.41,7.07,11.58,26.19,0.93
2001-08-01,2001,8,Beef **,Other Food,($/kg),2.21,4.25,9.95,16.93,25.57,1.05
2001-09-01,2001,9,Beef **,Other Food,($/kg),2.36,6.79,15.12,30.39,34.86,1.69
2001-10-01,2001,10,Beef **,Other Food,($/kg),2.27,-3.81,7.08,24.73,26.82,-2.0
2001-11-01,2001,11,Beef **,Other Food,($/kg),2.28,0.44,3.17,15.74,28.81,-0.42
2001-12-01,2001,12,Beef **,Other Food,($/kg),2.16,-5.26,-8.47,11.92,20.67,-2.26
2002-01-01,2002,1,Beef **,Other Food,($/kg),2.21,2.31,-2.64,14.51,24.86,0.4
2002-02-01,2002,2,Beef **,Other Food,($/kg),2.23,0.9,-2.19,16.15,21.2,-0.08
2002-03-01,2002,3,Beef **,Other Food,($/kg),2.35,5.38,8.8,18.69,15.2,1.23
2002-04-01,2002,4,Beef **,Other Food,($/kg),2.25,-4.26,1.81,13.64,12.5,-1.65
2002-05-01,2002,5,Beef **,Other Food,($/kg),2.12,-5.78,-4.93,5.47,11.58,-1.8
2002-06-01,2002,6,Beef **,Other Food,($/kg),2.06,-2.83,-12.34,0.49,17.05,-0.78
2002-07-01,2002,7,Beef **,Other Food,($/kg),2.13,3.4,-5.33,0.47,18.33,0.74
2002-08-01,2002,8,Beef **,Other Food,($/kg),2.1,-1.41,-0.94,-4.98,14.13,-0.35
2002-09-01,2002,9,Beef **,Other Food,($/kg),2.04,-2.86,-0.97,-13.56,13.97,-0.6
2002-10-01,2002,10,Beef **,Other Food,($/kg),1.9,-6.86,-10.8,-16.3,7.95,-1.59
2002-11-01,2002,11,Beef **,Other Food,($/kg),1.91,0.53,-9.05,-16.23,4.37,0.49
2002-12-01,2002,12,Beef **,Other Food,($/kg),2.01,5.24,-1.47,-6.94,8.65,1.7
2003-01-01,2003,1,Beef **,Other Food,($/kg),2.04,1.49,7.37,-7.69,12.09,0.49
2003-02-01,2003,2,Beef **,Other Food,($/kg),1.99,-2.45,4.19,-10.76,11.17,-0.46
2003-03-01,2003,3,Beef **,Other Food,($/kg),2.02,1.51,0.5,-14.04,12.85,0.58
2003-04-01,2003,4,Beef **,Other Food,($/kg),1.97,-2.48,-3.43,-12.44,10.06,-0.35
2003-05-01,2003,5,Beef **,Other Food,($/kg),1.88,-4.57,-5.53,-11.32,5.62,-0.98
2003-06-01,2003,6,Beef **,Other Food,($/kg),1.87,-0.53,-7.43,-9.22,10.0,0.12
2003-07-01,2003,7,Beef **,Other Food,($/kg),1.91,2.14,-3.05,-10.33,14.37,0.85
2003-08-01,2003,8,Beef **,Other Food,($/kg),2.11,10.47,12.23,0.48,27.11,3.45
2003-09-01,2003,9,Beef **,Other Food,($/kg),2.27,7.58,21.39,11.27,38.41,1.61
2003-10-01,2003,10,Beef **,Other Food,($/kg),2.33,2.64,21.99,22.63,42.07,0.33
2003-11-01,2003,11,Beef **,Other Food,($/kg),2.59,11.16,22.75,35.6,56.02,2.17
2003-12-01,2003,12,Beef **,Other Food,($/kg),2.55,-1.54,12.33,26.87,53.61,-0.84
2004-01-01,2004,1,Beef **,Other Food,($/kg),2.54,-0.39,9.01,24.51,48.54,-0.49
2004-02-01,2004,2,Beef **,Other Food,($/kg),2.39,-5.91,-7.72,20.1,33.52,-1.52
2004-03-01,2004,3,Beef **,Other Food,($/kg),2.34,-2.09,-8.24,15.84,32.95,-0.68
2004-04-01,2004,4,Beef **,Other Food,($/kg),2.43,3.85,-4.33,23.35,41.28,0.44
2004-05-01,2004,5,Beef **,Other Food,($/kg),2.68,10.29,12.13,42.55,54.91,1.51
2004-06-01,2004,6,Beef **,Other Food,($/kg),2.76,2.99,17.95,47.59,60.47,-0.03
2004-07-01,2004,7,Beef **,Other Food,($/kg),2.81,1.81,15.64,47.12,57.87,-0.29
2004-08-01,2004,8,Beef **,Other Food,($/kg),2.92,3.91,8.96,38.39,52.08,0.09
2004-09-01,2004,9,Beef **,Other Food,($/kg),2.93,0.34,6.16,29.07,56.68,-0.5
2004-10-01,2004,10,Beef **,Other Food,($/kg),2.79,-4.78,-0.71,19.74,50.81,-1.44
2004-11-01,2004,11,Beef **,Other Food,($/kg),2.77,-0.72,-5.14,6.95,43.52,-0.45
2004-12-01,2004,12,Beef **,Other Food,($/kg),2.71,-2.17,-7.51,6.27,39.69,-0.65
2005-01-01,2005,1,Beef **,Other Food,($/kg),2.69,-0.74,-3.58,5.91,37.95,-0.3
2005-02-01,2005,2,Beef **,Other Food,($/kg),2.7,0.37,-2.53,12.97,37.76,-0.04
2005-03-01,2005,3,Beef **,Other Food,($/kg),2.75,1.85,1.48,17.52,38.89,0.2
2005-04-01,2005,4,Beef **,Other Food,($/kg),2.74,-0.36,1.86,12.76,38.38,-0.47
2005-05-01,2005,5,Beef **,Other Food,($/kg),2.77,1.09,2.59,3.36,39.2,0.01
2005-06-01,2005,6,Beef **,Other Food,($/kg),2.78,0.36,1.09,0.72,44.04,0.03
2005-07-01,2005,7,Beef **,Other Food,($/kg),2.81,1.08,2.55,0.0,47.89,0.46
2005-08-01,2005,8,Beef **,Other Food,($/kg),2.76,-1.78,-0.36,-5.48,46.03,-0.84
2005-09-01,2005,9,Beef **,Other Food,($/kg),2.75,-0.36,-1.08,-6.14,51.93,0.05
2005-10-01,2005,10,Beef **,Other Food,($/kg),2.7,-1.82,-3.91,-3.23,48.35,-0.73
2005-11-01,2005,11,Beef **,Other Food,($/kg),2.7,0.0,-2.17,-2.53,37.06,0.21
2005-12-01,2005,12,Beef **,Other Food,($/kg),2.65,-1.85,-3.64,-2.21,37.31,-1.3
2006-01-01,2006,1,Beef **,Other Food,($/kg),2.62,-1.13,-2.96,-2.6,35.75,-0.78
2006-02-01,2006,2,Beef **,Other Food,($/kg),2.65,1.15,-1.85,-1.85,38.02,1.09
2006-03-01,2006,3,Beef **,Other Food,($/kg),2.62,-1.13,-1.13,-4.73,32.32,-0.76
2006-04-01,2006,4,Beef **,Other Food,($/kg),2.6,-0.76,-0.76,-5.11,31.31,-0.32
2006-05-01,2006,5,Beef **,Other Food,($/kg),2.62,0.77,-1.13,-5.42,30.35,1.04
2006-06-01,2006,6,Beef **,Other Food,($/kg),2.57,-1.91,-1.91,-7.55,25.37,-1.29
2006-07-01,2006,7,Beef **,Other Food,($/kg),2.62,1.95,0.77,-6.76,23.58,2.23
2006-08-01,2006,8,Beef **,Other Food,($/kg),2.66,1.53,1.53,-3.62,20.36,1.62
2006-09-01,2006,9,Beef **,Other Food,($/kg),2.68,0.75,4.28,-2.55,13.56,0.77
2006-10-01,2006,10,Beef **,Other Food,($/kg),2.69,0.37,2.67,-0.37,18.5,0.41
2006-11-01,2006,11,Beef **,Other Food,($/kg),2.77,2.97,4.14,2.59,21.49,2.28
2006-12-01,2006,12,Beef **,Other Food,($/kg),2.7,-2.53,0.75,1.89,25.0,-1.75
2007-01-01,2007,1,Beef **,Other Food,($/kg),2.69,-0.37,0.0,2.67,21.72,-0.32
2007-02-01,2007,2,Beef **,Other Food,($/kg),2.71,0.74,-2.17,2.26,21.52,0.32
2007-03-01,2007,3,Beef **,Other Food,($/kg),2.69,-0.74,-0.37,2.67,14.47,-0.58
2007-04-01,2007,4,Beef **,Other Food,($/kg),2.69,0.0,0.0,3.46,19.56,-0.15
2007-05-01,2007,5,Beef **,Other Food,($/kg),2.7,0.37,-0.37,3.05,27.36,0.05
2007-06-01,2007,6,Beef **,Other Food,($/kg),2.68,-0.74,-0.37,4.28,30.1,-0.65
2007-07-01,2007,7,Beef **,Other Food,($/kg),2.67,-0.37,-0.74,1.91,25.35,-0.51
2007-08-01,2007,8,Beef **,Other Food,($/kg),2.69,0.75,-0.37,1.13,28.1,0.43
2007-09-01,2007,9,Beef **,Other Food,($/kg),2.69,0.0,0.37,0.37,31.86,-0.08
2007-10-01,2007,10,Beef **,Other Food,($/kg),2.67,-0.74,0.0,-0.74,40.53,-0.61
2007-11-01,2007,11,Beef **,Other Food,($/kg),2.72,1.87,1.12,-1.81,42.41,1.49
2007-12-01,2007,12,Beef **,Other Food,($/kg),2.73,0.37,1.49,1.11,35.82,0.48
2008-01-01,2008,1,Beef **,Other Food,($/kg),2.77,1.47,3.75,2.97,35.78,1.75
2008-02-01,2008,2,Beef **,Other Food,($/kg),2.89,4.33,6.25,6.64,45.23,4.76
2008-03-01,2008,3,Beef **,Other Food,($/kg),3.01,4.15,10.26,11.9,49.01,2.47
2008-04-01,2008,4,Beef **,Other Food,($/kg),3.16,4.98,14.08,17.47,60.41,2.33
2008-05-01,2008,5,Beef **,Other Food,($/kg),3.51,11.08,21.45,30.0,86.7,4.74
2008-06-01,2008,6,Beef **,Other Food,($/kg),3.66,4.27,21.59,36.57,95.72,0.59
2008-07-01,2008,7,Beef **,Other Food,($/kg),3.93,7.38,24.37,47.19,105.76,1.41
2008-08-01,2008,8,Beef **,Other Food,($/kg),3.84,-2.29,9.4,42.75,81.99,-1.63
2008-09-01,2008,9,Beef **,Other Food,($/kg),3.56,-7.29,-2.73,32.34,56.83,-2.77
2008-10-01,2008,10,Beef **,Other Food,($/kg),3.11,-12.64,-20.87,16.48,33.48,-3.18
2008-11-01,2008,11,Beef **,Other Food,($/kg),2.73,-12.22,-28.91,0.37,5.41,-2.13
2008-12-01,2008,12,Beef **,Other Food,($/kg),2.66,-2.56,-25.28,-2.56,4.31,-0.38
2009-01-01,2009,1,Beef **,Other Food,($/kg),2.64,-0.75,-15.11,-4.69,3.94,-0.11
2009-02-01,2009,2,Beef **,Other Food,($/kg),2.54,-3.79,-6.96,-12.11,6.28,-0.48
2009-03-01,2009,3,Beef **,Other Food,($/kg),2.61,2.76,-1.88,-13.29,11.54,0.48
2009-04-01,2009,4,Beef **,Other Food,($/kg),2.64,1.15,0.0,-16.46,8.64,0.28
2009-05-01,2009,5,Beef **,Other Food,($/kg),2.72,3.03,7.09,-22.51,1.49,0.59
2009-06-01,2009,6,Beef **,Other Food,($/kg),2.74,0.74,4.98,-25.14,-0.72,0.42
2009-07-01,2009,7,Beef **,Other Food,($/kg),2.79,1.82,5.68,-29.01,-0.71,0.67
2009-08-01,2009,8,Beef **,Other Food,($/kg),2.8,0.36,2.94,-27.08,-4.11,0.56
2009-09-01,2009,9,Beef **,Other Food,($/kg),2.81,0.36,2.55,-21.07,-4.1,0.51
2009-10-01,2009,10,Beef **,Other Food,($/kg),2.75,-2.14,-1.43,-11.58,-1.43,-0.06
2009-11-01,2009,11,Beef **,Other Food,($/kg),2.83,2.91,1.07,3.66,2.17,0.93
2009-12-01,2009,12,Beef **,Other Food,($/kg),2.88,1.77,2.49,8.27,6.27,0.64
2010-01-01,2010,1,Beef **,Other Food,($/kg),3.02,4.86,9.82,14.39,12.27,2.01
2010-02-01,2010,2,Beef **,Other Food,($/kg),3.21,6.29,13.43,26.38,18.89,2.19
2010-03-01,2010,3,Beef **,Other Food,($/kg),3.4,5.92,18.06,30.27,23.64,1.77
2010-04-01,2010,4,Beef **,Other Food,($/kg),3.66,7.65,21.19,38.64,33.58,2.17
2010-05-01,2010,5,Beef **,Other Food,($/kg),3.58,-2.19,11.53,31.62,29.24,-1.72
2010-06-01,2010,6,Beef **,Other Food,($/kg),3.33,-6.98,-2.06,21.53,19.78,-2.89
2010-07-01,2010,7,Beef **,Other Food,($/kg),3.27,-1.8,-10.66,17.2,16.37,-0.84
2010-08-01,2010,8,Beef **,Other Food,($/kg),3.41,4.28,-4.75,21.79,23.55,0.66
2010-09-01,2010,9,Beef **,Other Food,($/kg),3.39,-0.59,1.8,20.64,23.27,-0.53
2010-10-01,2010,10,Beef **,Other Food,($/kg),3.37,-0.59,3.06,22.55,24.81,-0.51
2010-11-01,2010,11,Beef **,Other Food,($/kg),3.5,3.86,2.64,23.67,29.63,0.48
2010-12-01,2010,12,Beef **,Other Food,($/kg),3.88,10.86,14.45,34.72,46.42,2.06
2011-01-01,2011,1,Beef **,Other Food,($/kg),4.19,7.99,24.33,38.74,59.92,1.06
2011-02-01,2011,2,Beef **,Other Food,($/kg),4.08,-2.63,16.57,27.1,53.96,-1.05
2011-03-01,2011,3,Beef **,Other Food,($/kg),4.19,2.7,7.99,23.24,59.92,0.1
2011-04-01,2011,4,Beef **,Other Food,($/kg),4.33,3.34,3.34,18.31,66.54,0.28
2011-05-01,2011,5,Beef **,Other Food,($/kg),4.16,-3.93,1.96,16.2,58.78,-1.1
2011-06-01,2011,6,Beef **,Other Food,($/kg),3.94,-5.29,-5.97,18.32,53.31,-1.31
2011-07-01,2011,7,Beef **,Other Food,($/kg),3.94,0.0,-9.01,20.49,50.38,-0.31
2011-08-01,2011,8,Beef **,Other Food,($/kg),3.93,-0.25,-5.53,15.25,47.74,-0.4
2011-09-01,2011,9,Beef **,Other Food,($/kg),3.83,-2.54,-2.79,12.98,42.91,-0.81
2011-10-01,2011,10,Beef **,Other Food,($/kg),3.92,2.35,-0.51,16.32,45.72,0.25
2011-11-01,2011,11,Beef **,Other Food,($/kg),4.2,7.14,6.87,20.0,51.62,1.2
2011-12-01,2011,12,Beef **,Other Food,($/kg),4.22,0.48,10.18,8.76,56.3,-0.23
2012-01-01,2012,1,Beef **,Other Food,($/kg),4.26,0.95,8.67,1.67,58.36,0.04
2012-02-01,2012,2,Beef **,Other Food,($/kg),4.31,1.17,2.62,5.64,59.04,0.28
2012-03-01,2012,3,Beef **,Other Food,($/kg),4.35,0.93,3.08,3.82,61.71,0.12
2012-04-01,2012,4,Beef **,Other Food,($/kg),4.29,-1.38,0.7,-0.92,59.48,-0.53
2012-05-01,2012,5,Beef **,Other Food,($/kg),4.22,-1.63,-2.09,1.44,56.3,-0.5
2012-06-01,2012,6,Beef **,Other Food,($/kg),4.12,-2.37,-5.29,4.57,53.73,-0.84
2012-07-01,2012,7,Beef **,Other Food,($/kg),4.03,-2.18,-6.06,2.28,50.94,-0.99
2012-08-01,2012,8,Beef **,Other Food,($/kg),4.1,1.74,-2.84,4.33,52.42,0.56
2012-09-01,2012,9,Beef **,Other Food,($/kg),4.06,-0.98,-1.46,6.01,50.93,-0.5
2012-10-01,2012,10,Beef **,Other Food,($/kg),4.07,0.25,0.99,3.83,52.43,-0.1
2012-11-01,2012,11,Beef **,Other Food,($/kg),4.29,5.41,4.63,2.14,57.72,1.98
2012-12-01,2012,12,Beef **,Other Food,($/kg),4.37,1.86,7.64,3.55,60.07,0.77
2013-01-01,2013,1,Beef **,Other Food,($/kg),4.36,-0.23,7.13,2.35,57.4,-0.25
2013-02-01,2013,2,Beef **,Other Food,($/kg),4.35,-0.23,1.4,0.93,50.52,-0.2
2013-03-01,2013,3,Beef **,Other Food,($/kg),4.29,-1.38,-1.83,-1.38,42.52,-0.68
2013-04-01,2013,4,Beef **,Other Food,($/kg),4.27,-0.47,-2.06,-0.47,35.13,-0.17
2013-05-01,2013,5,Beef **,Other Food,($/kg),4.1,-3.98,-5.75,-2.84,16.81,-1.82
2013-06-01,2013,6,Beef **,Other Food,($/kg),3.93,-4.15,-8.39,-4.61,7.38,-1.62
2013-07-01,2013,7,Beef **,Other Food,($/kg),3.94,0.25,-7.73,-2.23,0.25,0.24
2013-08-01,2013,8,Beef **,Other Food,($/kg),3.95,0.25,-3.66,-3.66,2.86,0.16
2013-09-01,2013,9,Beef **,Other Food,($/kg),3.99,1.01,1.53,-1.72,12.08,0.52
2013-10-01,2013,10,Beef **,Other Food,($/kg),4.04,1.25,2.54,-0.74,29.9,0.55
2013-11-01,2013,11,Beef **,Other Food,($/kg),4.14,2.48,4.81,-3.5,51.65,0.99
2013-12-01,2013,12,Beef **,Other Food,($/kg),4.18,0.97,4.76,-4.35,57.14,0.6
2014-01-01,2014,1,Beef **,Other Food,($/kg),4.18,0.0,3.47,-4.13,58.33,0.18
2014-02-01,2014,2,Beef **,Other Food,($/kg),4.28,2.39,3.38,-1.61,68.5,1.37
2014-03-01,2014,3,Beef **,Other Food,($/kg),4.47,4.44,6.94,4.2,71.26,2.12
2014-04-01,2014,4,Beef **,Other Food,($/kg),4.35,-2.68,4.07,1.87,64.77,-1.24
2014-05-01,2014,5,Beef **,Other Food,($/kg),4.38,0.69,2.34,6.83,61.03,0.19
2014-06-01,2014,6,Beef **,Other Food,($/kg),4.54,3.65,1.57,15.52,65.69,1.36
2014-07-01,2014,7,Beef **,Other Food,($/kg),5.17,13.88,18.85,31.22,85.3,6.79
2014-08-01,2014,8,Beef **,Other Food,($/kg),5.79,11.99,32.19,46.58,106.79,2.37
2014-09-01,2014,9,Beef **,Other Food,($/kg),6.17,6.56,35.9,54.64,119.57,0.66
2014-10-01,2014,10,Beef **,Other Food,($/kg),5.95,-3.57,15.09,47.28,116.36,-1.51
2014-11-01,2014,11,Beef **,Other Food,($/kg),5.84,-1.85,0.86,41.06,106.36,-0.99
2014-12-01,2014,12,Beef **,Other Food,($/kg),5.46,-6.51,-11.51,30.62,89.58,-1.74
2015-01-01,2015,1,Beef **,Other Food,($/kg),5.3,-2.93,-10.92,26.79,75.5,-0.87
2015-02-01,2015,2,Beef **,Other Food,($/kg),4.88,-7.92,-16.44,14.02,52.02,-1.6
2015-03-01,2015,3,Beef **,Other Food,($/kg),4.72,-3.28,-13.55,5.59,38.82,-0.66
2015-04-01,2015,4,Beef **,Other Food,($/kg),4.82,2.12,-9.06,10.8,31.69,0.21
2015-05-01,2015,5,Beef **,Other Food,($/kg),4.5,-6.64,-7.79,2.74,25.7,-1.12
2015-06-01,2015,6,Beef **,Other Food,($/kg),4.44,-1.33,-5.93,-2.2,33.33,-0.25
2015-07-01,2015,7,Beef **,Other Food,($/kg),4.65,4.73,-3.53,-10.06,42.2,0.65
2015-08-01,2015,8,Beef **,Other Food,($/kg),4.77,2.58,6.0,-17.62,39.88,0.55
2015-09-01,2015,9,Beef **,Other Food,($/kg),4.58,-3.98,3.15,-25.77,35.1,-0.54
2015-10-01,2015,10,Beef **,Other Food,($/kg),4.24,-7.42,-8.82,-28.74,25.82,-1.29
2015-11-01,2015,11,Beef **,Other Food,($/kg),4.03,-4.95,-15.51,-30.99,15.14,-0.54
2015-12-01,2015,12,Beef **,Other Food,($/kg),3.8,-5.71,-17.03,-30.4,-2.06,-0.65
2016-01-01,2016,1,Beef **,Other Food,($/kg),3.63,-4.47,-14.39,-31.51,-13.37,-0.38
2016-02-01,2016,2,Beef **,Other Food,($/kg),3.86,6.34,-4.22,-20.9,-5.39,2.24
2016-03-01,2016,3,Beef **,Other Food,($/kg),4.03,4.4,6.05,-14.62,-3.82,1.34
2016-04-01,2016,4,Beef **,Other Food,($/kg),3.96,-1.74,9.09,-17.84,-8.55,-0.11
2016-05-01,2016,5,Beef **,Other Food,($/kg),4.04,2.02,4.66,-10.22,-2.88,0.73
2016-06-01,2016,6,Beef **,Other Food,($/kg),4.11,1.73,1.99,-7.43,4.31,0.54
2016-07-01,2016,7,Beef **,Other Food,($/kg),4.26,3.65,7.58,-8.39,8.12,0.89
2016-08-01,2016,8,Beef **,Other Food,($/kg),4.24,-0.47,4.95,-11.11,7.89,0.03
2016-09-01,2016,9,Beef **,Other Food,($/kg),4.12,-2.83,0.24,-10.04,7.57,-0.43
2016-10-01,2016,10,Beef **,Other Food,($/kg),4.04,-1.94,-5.16,-4.72,3.06,-0.26
2016-11-01,2016,11,Beef **,Other Food,($/kg),4.3,6.44,1.42,6.7,2.38,1.72
2016-12-01,2016,12,Beef **,Other Food,($/kg),4.14,-3.72,0.49,8.95,-1.9,-1.06
2017-01-01,2017,1,Beef **,Other Food,($/kg),4.07,-1.69,0.74,12.12,-4.46,-0.64
2017-02-01,2017,2,Beef **,Other Food,($/kg),4.23,3.93,-1.63,9.59,-1.86,0.82
2017-03-01,2017,3,Beef **,Other Food,($/kg),4.35,2.84,5.07,7.94,0.0,0.61
2017-04-01,2017,4,Beef **,Other Food,($/kg),4.41,1.38,8.35,11.36,2.8,0.22
2017-05-01,2017,5,Beef **,Other Food,($/kg),4.6,4.31,8.75,13.86,9.0,1.09
2017-06-01,2017,6,Beef **,Other Food,($/kg),4.68,1.74,7.59,13.87,13.59,0.19
2017-07-01,2017,7,Beef **,Other Food,($/kg),4.67,-0.21,5.9,9.62,15.88,-0.42
2017-08-01,2017,8,Beef **,Other Food,($/kg),4.47,-4.28,-2.83,5.42,9.02,-1.62
2017-09-01,2017,9,Beef **,Other Food,($/kg),4.3,-3.8,-8.12,4.37,5.91,-1.24
2017-10-01,2017,10,Beef **,Other Food,($/kg),4.25,-1.16,-8.99,5.2,4.42,-0.44
2017-11-01,2017,11,Beef **,Other Food,($/kg),4.33,1.88,-3.13,0.7,0.93,0.4
2017-12-01,2017,12,Beef **,Other Food,($/kg),4.28,-1.15,-0.47,3.38,-2.06,-0.41
2018-01-01,2018,1,Beef **,Other Food,($/kg),4.3,0.47,1.18,5.65,-1.38,0.05
2018-02-01,2018,2,Beef **,Other Food,($/kg),4.35,1.16,0.46,2.84,0.0,0.24
2018-03-01,2018,3,Beef **,Other Food,($/kg),4.44,2.07,3.74,2.07,3.5,0.71
2018-04-01,2018,4,Beef **,Other Food,($/kg),4.38,-1.35,1.86,-0.68,2.58,-0.62
2018-05-01,2018,5,Beef **,Other Food,($/kg),4.32,-1.37,-0.69,-6.09,5.37,-0.54
2018-06-01,2018,6,Beef **,Other Food,($/kg),4.24,-1.85,-4.5,-9.4,7.89,-0.64
2018-07-01,2018,7,Beef **,Other Food,($/kg),4.19,-1.18,-4.34,-10.28,6.35,-0.19
2018-08-01,2018,8,Beef **,Other Food,($/kg),4.11,-1.91,-4.86,-8.05,4.05,-0.51
2018-09-01,2018,9,Beef **,Other Food,($/kg),4.01,-2.43,-5.42,-6.74,0.5,-1.01
2018-10-01,2018,10,Beef **,Other Food,($/kg),3.86,-3.74,-7.88,-9.18,-4.46,-2.05
2018-11-01,2018,11,Beef **,Other Food,($/kg),3.95,2.33,-3.89,-8.78,-4.59,1.74
2018-12-01,2018,12,Beef **,Other Food,($/kg),4.19,6.08,4.49,-2.1,0.24,3.67
2019-01-01,2019,1,Beef **,Other Food,($/kg),4.24,1.19,9.84,-1.4,1.44,0.5
2019-02-01,2019,2,Beef **,Other Food,($/kg),4.28,0.94,8.35,-1.61,0.0,0.38
2019-03-01,2019,3,Beef **,Other Food,($/kg),4.48,4.67,6.92,0.9,0.22,1.76
2019-04-01,2019,4,Beef **,Other Food,($/kg),4.7,4.91,10.85,7.31,8.05,1.6
2019-05-01,2019,5,Beef **,Other Food,($/kg),4.6,-2.13,7.48,6.48,5.02,-0.85
2019-06-01,2019,6,Beef **,Other Food,($/kg),4.63,0.65,3.35,9.2,1.98,0.02
2019-07-01,2019,7,Beef **,Other Food,($/kg),4.63,0.0,-1.49,10.5,-10.44,-0.24
2019-08-01,2019,8,Beef **,Other Food,($/kg),4.6,-0.65,0.0,11.92,-20.55,-0.48
2019-09-01,2019,9,Beef **,Other Food,($/kg),4.65,1.09,0.43,15.96,-24.64,0.03
2019-10-01,2019,10,Beef **,Other Food,($/kg),4.86,4.52,4.97,25.91,-18.32,1.12
2019-11-01,2019,11,Beef **,Other Food,($/kg),5.94,22.22,29.13,50.38,1.71,7.97
2019-12-01,2019,12,Beef **,Other Food,($/kg),5.56,-6.4,19.57,32.7,1.83,-1.57
2020-01-01,2020,1,Beef **,Other Food,($/kg),5.04,-9.35,3.7,18.87,-4.91,-1.72
2020-02-01,2020,2,Beef **,Other Food,($/kg),4.72,-6.35,-20.54,10.28,-3.28,-1.04
2020-03-01,2020,3,Beef **,Other Food,($/kg),4.47,-5.3,-19.6,-0.22,-5.3,-0.79
2020-04-01,2020,4,Beef **,Other Food,($/kg),4.45,-0.45,-11.71,-5.32,-7.68,-0.09
2020-05-01,2020,5,Beef **,Other Food,($/kg),5.08,14.16,7.63,10.43,12.89,1.78
2020-06-01,2020,6,Beef **,Other Food,($/kg),5.1,0.39,14.09,10.15,14.86,-0.09
2020-07-01,2020,7,Beef **,Other Food,($/kg),4.7,-7.84,5.62,1.51,1.08,-1.0
2020-08-01,2020,8,Beef **,Other Food,($/kg),4.63,-1.49,-8.86,0.65,-2.94,-0.21
2020-09-01,2020,9,Beef **,Other Food,($/kg),4.6,-0.65,-9.8,-1.08,0.44,-0.11
2020-10-01,2020,10,Beef **,Other Food,($/kg),4.42,-3.91,-5.96,-9.05,4.25,-0.45
2020-11-01,2020,11,Beef **,Other Food,($/kg),4.4,-0.45,-4.97,-25.93,9.18,-0.0
2020-12-01,2020,12,Beef **,Other Food,($/kg),4.4,0.0,-4.35,-20.86,15.79,0.38
2021-01-01,2021,1,Beef **,Other Food,($/kg),4.46,1.36,0.9,-11.51,22.87,0.52
2021-02-01,2021,2,Beef **,Other Food,($/kg),4.66,4.48,5.91,-1.27,20.73,0.96
2021-03-01,2021,3,Beef **,Other Food,($/kg),4.72,1.29,7.27,5.59,17.12,0.23
2021-04-01,2021,4,Beef **,Other Food,($/kg),5.17,9.53,15.92,16.18,30.56,1.72
2021-05-01,2021,5,Beef **,Other Food,($/kg),5.48,6.0,17.6,7.87,35.64,0.79
2021-06-01,2021,6,Beef **,Other Food,($/kg),5.68,3.65,20.34,11.37,38.2,0.65
2021-07-01,2021,7,Beef **,Other Food,($/kg),5.59,-1.58,8.12,18.94,31.22,-0.56
2021-08-01,2021,8,Beef **,Other Food,($/kg),5.61,0.36,2.37,21.17,32.31,-0.31
2021-09-01,2021,9,Beef **,Other Food,($/kg),5.77,2.85,1.58,25.43,40.05,0.32
2021-10-01,2021,10,Beef **,Other Food,($/kg),5.53,-4.16,-1.07,25.11,36.88,-1.69
2021-11-01,2021,11,Beef **,Other Food,($/kg),5.69,2.89,1.43,29.32,32.33,0.26
2021-12-01,2021,12,Beef **,Other Food,($/kg),5.75,1.05,-0.35,30.68,38.89,-0.33
2022-01-01,2022,1,Beef **,Other Food,($/kg),5.81,1.04,5.06,30.27,42.75,-0.36
2022-02-01,2022,2,Beef **,Other Food,($/kg),5.99,3.1,5.27,28.54,41.61,0.23
2022-03-01,2022,3,Beef **,Other Food,($/kg),6.07,1.34,5.57,28.6,39.54,-0.24
2022-04-01,2022,4,Beef **,Other Food,($/kg),5.97,-1.65,2.75,15.47,35.37,-1.1
2022-05-01,2022,5,Beef **,Other Food,($/kg),5.94,-0.5,-0.83,8.39,29.13,-0.63
2022-06-01,2022,6,Beef **,Other Food,($/kg),5.81,-2.19,-4.28,2.29,24.15,-1.23
2022-07-01,2022,7,Beef **,Other Food,($/kg),5.73,-1.38,-4.02,2.5,22.7,-0.7
2022-08-01,2022,8,Beef **,Other Food,($/kg),5.57,-2.79,-6.23,-0.71,24.61,-1.33
2022-09-01,2022,9,Beef **,Other Food,($/kg),5.44,-2.33,-6.37,-5.72,26.51,-0.95
2022-10-01,2022,10,Beef **,Other Food,($/kg),5.33,-2.02,-6.98,-3.62,25.41,-0.67
2022-11-01,2022,11,Beef **,Other Food,($/kg),5.07,-4.88,-8.98,-10.9,17.09,-2.2
2022-12-01,2022,12,Beef **,Other Food,($/kg),4.71,-7.1,-13.42,-18.09,10.05,-2.79
2023-01-01,2023,1,Beef **,Other Food,($/kg),4.65,-1.27,-12.76,-19.97,8.14,0.12
2023-02-01,2023,2,Beef **,Other Food,($/kg),4.65,0.0,-8.28,-22.37,6.9,0.69
2023-03-01,2023,3,Beef **,Other Food,($/kg),4.84,4.09,2.76,-20.26,9.01,2.79
2023-04-01,2023,4,Beef **,Other Food,($/kg),5.3,9.5,13.98,-11.22,21.0,4.23
2023-05-01,2023,5,Beef **,Other Food,($/kg),5.31,0.19,14.19,-10.61,22.92,0.26
2023-06-01,2023,6,Beef **,Other Food,($/kg),5.01,-5.65,3.51,-13.77,18.16,-1.13
2023-07-01,2023,7,Beef **,Other Food,($/kg),4.78,-4.59,-9.81,-16.58,14.08,-0.77
2023-08-01,2023,8,Beef **,Other Food,($/kg),4.73,-1.05,-10.92,-15.08,15.09,0.08
2023-09-01,2023,9,Beef **,Other Food,($/kg),4.9,3.59,-2.2,-9.93,22.19,1.07
2023-10-01,2023,10,Beef **,Other Food,($/kg),4.98,1.63,4.18,-6.57,29.02,0.51
2023-11-01,2023,11,Beef **,Other Food,($/kg),4.88,-2.01,3.17,-3.75,23.54,-0.32
2023-12-01,2023,12,Beef **,Other Food,($/kg),4.79,-1.84,-2.24,1.7,14.32,-0.35
2024-01-01,2024,1,Beef **,Other Food,($/kg),5.0,4.38,0.4,7.53,17.92,1.02
2024-02-01,2024,2,Beef **,Other Food,($/kg),5.38,7.6,10.25,15.7,25.7,1.63
2024-03-01,2024,3,Beef **,Other Food,($/kg),5.73,6.51,19.62,18.39,27.9,1.11
2024-04-01,2024,4,Beef **,Other Food,($/kg),6.05,5.58,21.0,14.15,28.72,0.84
2024-05-01,2024,5,Beef **,Other Food,($/kg),5.88,-2.81,9.29,10.73,27.83,-0.92
2024-06-01,2024,6,Beef **,Other Food,($/kg),5.85,-0.51,2.09,16.77,26.35,-0.32
2024-07-01,2024,7,Beef **,Other Food,($/kg),6.19,5.81,2.31,29.5,33.69,1.09
2024-08-01,2024,8,Beef **,Other Food,($/kg),6.34,2.42,7.82,34.04,37.83,0.05
2024-09-01,2024,9,Beef **,Other Food,($/kg),6.3,-0.63,7.69,28.57,35.48,-0.87
2024-10-01,2024,10,Beef **,Other Food,($/kg),6.06,-3.81,-2.1,21.69,24.69,-1.61
2024-11-01,2024,11,Beef **,Other Food,($/kg),6.18,1.98,-2.52,26.64,4.04,0.06
2024-12-01,2024,12,Beef **,Other Food,($/kg),6.23,0.81,-1.11,30.06,12.05,-0.32
2025-01-01,2025,1,Beef **,Other Food,($/kg),6.46,3.69,6.6,29.2,28.17,0.38
2025-02-01,2025,2,Beef **,Other Food,($/kg),6.62,2.48,7.12,23.05,40.25,0.07
2025-03-01,2025,3,Beef **,Other Food,($/kg),6.77,2.27,8.67,18.15,51.45,0.14
2025-04-01,2025,4,Beef **,Other Food,($/kg),6.71,-0.89,3.87,10.91,50.79,-0.78
2025-05-01,2025,5,Beef **,Other Food,($/kg),6.62,-1.34,0.0,12.59,30.31,-0.82
2025-06-01,2025,6,Beef **,Other Food,($/kg),6.67,0.76,-1.48,14.02,30.78,-0.1
2025-07-01,2025,7,Beef **,Other Food,($/kg),6.72,0.75,0.15,8.56,42.98,-0.15
2025-08-01,2025,8,Beef **,Other Food,($/kg),6.86,2.08,3.63,8.2,48.16,0.66
2025-09-01,2025,9,Beef **,Other Food,($/kg),6.9,0.58,3.45,9.52,50.0,-0.05
2025-10-01,2025,10,Beef **,Other Food,($/kg),7.09,2.75,5.51,17.0,60.41,0.97
2025-11-01,2025,11,Beef **,Other Food,($/kg),7.51,5.92,9.48,21.52,70.68,3.09
2025-12-01,2025,12,Beef **,Other Food,($/kg),7.38,-1.73,6.96,18.46,67.73,-1.7
2026-01-01,2026,1,Beef **,Other Food,($/kg),7.97,7.99,12.41,23.37,78.7,2.96
2026-02-01,2026,2,Beef **,Other Food,($/kg),8.12,1.88,8.12,22.66,74.25,0.03
2026-03-01,2026,3,Beef **,Other Food,($/kg),8.21,1.11,11.25,21.27,73.94,-0.23
2026-04-01,2026,4,Beef **,Other Food,($/kg),8.21,0.0,3.01,22.35,58.8,-0.58
2026-05-01,2026,5,Beef **,Other Food,($/kg),7.95,-3.17,-2.09,20.09,45.07,-1.75
2026-06-01,2026,6,Beef **,Other Food,($/kg),7.46,-6.16,-9.14,11.84,31.34,-2.56
2026-07-01,2026,7,Beef **,Other Food,($/kg),7.31,-2.01,-10.96,8.78,30.77,-0.8
2026-08-01,2026,8,Beef **,Other Food,($/kg),7.28,-0.41,-8.43,6.12,29.77,-0.31
2026-09-01,2026,9,Beef **,Other Food,($/kg),6.86,-5.77,-8.04,-0.58,18.89,-1.64
1960-01-01,1960,1,Chicken **,Other Food,($/kg),0.3,,,,,
1960-02-01,1960,2,Chicken **,Other Food,($/kg),0.3,0.0,,,,
1960-03-01,1960,3,Chicken **,Other Food,($/kg),0.3,0.0,,,,
1960-04-01,1960,4,Chicken **,Other Food,($/kg),0.3,0.0,0.0,,,
1960-05-01,1960,5,Chicken **,Other Food,($/kg),0.3,0.0,0.0,,,
1960-06-01,1960,6,Chicken **,Other Food,($/kg),0.3,0.0,0.0,,,
1960-07-01,1960,7,Chicken **,Other Food,($/kg),0.3,0.0,0.0,,,
1960-08-01,1960,8,Chicken **,Other Food,($/kg),0.3,0.0,0.0,,,0.0
1960-09-01,1960,9,Chicken **,Other Food,($/kg),0.3,0.0,0.0,,,0.0
1960-10-01,1960,10,Chicken **,Other Food,($/kg),0.3,0.0,0.0,,,0.0
1960-11-01,1960,11,Chicken **,Other Food,($/kg),0.3,0.0,0.0,,,0.0
1960-12-01,1960,12,Chicken **,Other Food,($/kg),0.3,0.0,0.0,,,0.0
1961-01-01,1961,1,Chicken **,Other Food,($/kg),0.31,3.33,3.33,3.33,,0.0
1961-02-01,1961,2,Chicken **,Other Food,($/kg),0.31,0.0,3.33,3.33,,-0.29
1961-03-01,1961,3,Chicken **,Other Food,($/kg),0.31,0.0,3.33,3.33,,-0.29
1961-04-01,1961,4,Chicken **,Other Food,($/kg),0.31,0.0,0.0,3.33,,-0.29
1961-05-01,1961,5,Chicken **,Other Food,($/kg),0.31,0.0,0.0,3.33,,-0.29
1961-06-01,1961,6,Chicken **,Other Food,($/kg),0.31,0.0,0.0,3.33,,-0.29
1961-07-01,1961,7,Chicken **,Other Food,($/kg),0.31,0.0,0.0,3.33,,-0.29
1961-08-01,1961,8,Chicken **,Other Food,($/kg),0.31,0.0,0.0,3.33,,-0.29
1961-09-01,1961,9,Chicken **,Other Food,($/kg),0.31,0.0,0.0,3.33,,-0.29
1961-10-01,1961,10,Chicken **,Other Food,($/kg),0.31,0.0,0.0,3.33,,-0.29
1961-11-01,1961,11,Chicken **,Other Food,($/kg),0.32,3.23,3.23,6.67,,3.06
1961-12-01,1961,12,Chicken **,Other Food,($/kg),0.32,0.0,3.23,6.67,,-0.43
1962-01-01,1962,1,Chicken **,Other Food,($/kg),0.32,0.0,3.23,3.23,,-0.43
1962-02-01,1962,2,Chicken **,Other Food,($/kg),0.32,0.0,0.0,3.23,,-0.29
1962-03-01,1962,3,Chicken **,Other Food,($/kg),0.32,0.0,0.0,3.23,,-0.29
1962-04-01,1962,4,Chicken **,Other Food,($/kg),0.32,0.0,0.0,3.23,,-0.29
1962-05-01,1962,5,Chicken **,Other Food,($/kg),0.32,0.0,0.0,3.23,,-0.29
1962-06-01,1962,6,Chicken **,Other Food,($/kg),0.32,0.0,0.0,3.23,,-0.29
1962-07-01,1962,7,Chicken **,Other Food,($/kg),0.32,0.0,0.0,3.23,,-0.29
1962-08-01,1962,8,Chicken **,Other Food,($/kg),0.32,0.0,0.0,3.23,,-0.29
1962-09-01,1962,9,Chicken **,Other Food,($/kg),0.32,0.0,0.0,3.23,,-0.29
1962-10-01,1962,10,Chicken **,Other Food,($/kg),0.32,0.0,0.0,3.23,,-0.29
1962-11-01,1962,11,Chicken **,Other Food,($/kg),0.32,0.0,0.0,0.0,,-0.29
1962-12-01,1962,12,Chicken **,Other Food,($/kg),0.32,0.0,0.0,0.0,,0.0
1963-01-01,1963,1,Chicken **,Other Food,($/kg),0.32,0.0,0.0,0.0,,0.0
1963-02-01,1963,2,Chicken **,Other Food,($/kg),0.32,0.0,0.0,0.0,,0.0
1963-03-01,1963,3,Chicken **,Other Food,($/kg),0.32,0.0,0.0,0.0,,0.0
1963-04-01,1963,4,Chicken **,Other Food,($/kg),0.33,3.12,3.12,3.12,,0.0
1963-05-01,1963,5,Chicken **,Other Food,($/kg),0.33,0.0,3.12,3.12,,-0.29
1963-06-01,1963,6,Chicken **,Other Food,($/kg),0.33,0.0,3.12,3.12,,-0.29
1963-07-01,1963,7,Chicken **,Other Food,($/kg),0.33,0.0,0.0,3.12,,-0.29
1963-08-01,1963,8,Chicken **,Other Food,($/kg),0.33,0.0,0.0,3.12,,-0.29
1963-09-01,1963,9,Chicken **,Other Food,($/kg),0.33,0.0,0.0,3.12,,-0.29
1963-10-01,1963,10,Chicken **,Other Food,($/kg),0.33,0.0,0.0,3.12,,-0.29
1963-11-01,1963,11,Chicken **,Other Food,($/kg),0.33,0.0,0.0,3.12,,-0.29
1963-12-01,1963,12,Chicken **,Other Food,($/kg),0.33,0.0,0.0,3.12,,-0.29
1964-01-01,1964,1,Chicken **,Other Food,($/kg),0.33,0.0,0.0,3.12,,-0.29
1964-02-01,1964,2,Chicken **,Other Food,($/kg),0.33,0.0,0.0,3.12,,-0.29
1964-03-01,1964,3,Chicken **,Other Food,($/kg),0.34,3.03,3.03,6.25,,3.07
1964-04-01,1964,4,Chicken **,Other Food,($/kg),0.34,0.0,3.03,3.03,,-0.43
1964-05-01,1964,5,Chicken **,Other Food,($/kg),0.34,0.0,3.03,3.03,,-0.29
1964-06-01,1964,6,Chicken **,Other Food,($/kg),0.34,0.0,0.0,3.03,,-0.29
1964-07-01,1964,7,Chicken **,Other Food,($/kg),0.34,0.0,0.0,3.03,,-0.29
1964-08-01,1964,8,Chicken **,Other Food,($/kg),0.34,0.0,0.0,3.03,,-0.29
1964-09-01,1964,9,Chicken **,Other Food,($/kg),0.34,0.0,0.0,3.03,,-0.29
1964-10-01,1964,10,Chicken **,Other Food,($/kg),0.34,0.0,0.0,3.03,,-0.29
1964-11-01,1964,11,Chicken **,Other Food,($/kg),0.34,0.0,0.0,3.03,,-0.29
1964-12-01,1964,12,Chicken **,Other Food,($/kg),0.34,0.0,0.0,3.03,,-0.29
1965-01-01,1965,1,Chicken **,Other Food,($/kg),0.34,0.0,0.0,3.03,13.33,-0.29
1965-02-01,1965,2,Chicken **,Other Food,($/kg),0.35,2.94,2.94,6.06,16.67,3.07
1965-03-01,1965,3,Chicken **,Other Food,($/kg),0.35,0.0,2.94,2.94,16.67,-0.43
1965-04-01,1965,4,Chicken **,Other Food,($/kg),0.35,0.0,2.94,2.94,16.67,-0.29
1965-05-01,1965,5,Chicken **,Other Food,($/kg),0.35,0.0,0.0,2.94,16.67,-0.29
1965-06-01,1965,6,Chicken **,Other Food,($/kg),0.35,0.0,0.0,2.94,16.67,-0.29
1965-07-01,1965,7,Chicken **,Other Food,($/kg),0.35,0.0,0.0,2.94,16.67,-0.29
1965-08-01,1965,8,Chicken **,Other Food,($/kg),0.35,0.0,0.0,2.94,16.67,-0.29
1965-09-01,1965,9,Chicken **,Other Food,($/kg),0.35,0.0,0.0,2.94,16.67,-0.29
1965-10-01,1965,10,Chicken **,Other Food,($/kg),0.35,0.0,0.0,2.94,16.67,-0.29
1965-11-01,1965,11,Chicken **,Other Food,($/kg),0.36,2.86,2.86,5.88,20.0,3.08
1965-12-01,1965,12,Chicken **,Other Food,($/kg),0.36,0.0,2.86,5.88,20.0,-0.43
1966-01-01,1966,1,Chicken **,Other Food,($/kg),0.36,0.0,2.86,5.88,16.13,-0.43
1966-02-01,1966,2,Chicken **,Other Food,($/kg),0.36,0.0,0.0,2.86,16.13,-0.43
1966-03-01,1966,3,Chicken **,Other Food,($/kg),0.36,0.0,0.0,2.86,16.13,-0.29
1966-04-01,1966,4,Chicken **,Other Food,($/kg),0.36,0.0,0.0,2.86,16.13,-0.29
1966-05-01,1966,5,Chicken **,Other Food,($/kg),0.36,0.0,0.0,2.86,16.13,-0.29
1966-06-01,1966,6,Chicken **,Other Food,($/kg),0.36,0.0,0.0,2.86,16.13,-0.29
1966-07-01,1966,7,Chicken **,Other Food,($/kg),0.37,2.78,2.78,5.71,19.35,3.08
1966-08-01,1966,8,Chicken **,Other Food,($/kg),0.37,0.0,2.78,5.71,19.35,-0.43
1966-09-01,1966,9,Chicken **,Other Food,($/kg),0.37,0.0,2.78,5.71,19.35,-0.43
1966-10-01,1966,10,Chicken **,Other Food,($/kg),0.37,0.0,0.0,5.71,19.35,-0.43
1966-11-01,1966,11,Chicken **,Other Food,($/kg),0.37,0.0,0.0,2.78,15.62,-0.43
1966-12-01,1966,12,Chicken **,Other Food,($/kg),0.37,0.0,0.0,2.78,15.62,-0.29
1967-01-01,1967,1,Chicken **,Other Food,($/kg),0.37,0.0,0.0,2.78,15.62,-0.29
1967-02-01,1967,2,Chicken **,Other Food,($/kg),0.37,0.0,0.0,2.78,15.62,-0.29
1967-03-01,1967,3,Chicken **,Other Food,($/kg),0.37,0.0,0.0,2.78,15.62,-0.29
1967-04-01,1967,4,Chicken **,Other Food,($/kg),0.37,0.0,0.0,2.78,15.62,-0.29
1967-05-01,1967,5,Chicken **,Other Food,($/kg),0.37,0.0,0.0,2.78,15.62,-0.29
1967-06-01,1967,6,Chicken **,Other Food,($/kg),0.37,0.0,0.0,2.78,15.62,-0.29
1967-07-01,1967,7,Chicken **,Other Food,($/kg),0.37,0.0,0.0,0.0,15.62,-0.29
1967-08-01,1967,8,Chicken **,Other Food,($/kg),0.37,0.0,0.0,0.0,15.62,0.0
1967-09-01,1967,9,Chicken **,Other Food,($/kg),0.37,0.0,0.0,0.0,15.62,0.0
1967-10-01,1967,10,Chicken **,Other Food,($/kg),0.37,0.0,0.0,0.0,15.62,0.0
1967-11-01,1967,11,Chicken **,Other Food,($/kg),0.38,2.7,2.7,2.7,18.75,0.0
1967-12-01,1967,12,Chicken **,Other Food,($/kg),0.38,0.0,2.7,2.7,18.75,-0.29
1968-01-01,1968,1,Chicken **,Other Food,($/kg),0.38,0.0,2.7,2.7,18.75,-0.29
1968-02-01,1968,2,Chicken **,Other Food,($/kg),0.38,0.0,0.0,2.7,18.75,-0.29
1968-03-01,1968,3,Chicken **,Other Food,($/kg),0.38,0.0,0.0,2.7,18.75,-0.29
1968-04-01,1968,4,Chicken **,Other Food,($/kg),0.38,0.0,0.0,2.7,15.15,-0.29
1968-05-01,1968,5,Chicken **,Other Food,($/kg),0.38,0.0,0.0,2.7,15.15,-0.29
1968-06-01,1968,6,Chicken **,Other Food,($/kg),0.38,0.0,0.0,2.7,15.15,-0.29
1968-07-01,1968,7,Chicken **,Other Food,($/kg),0.38,0.0,0.0,2.7,15.15,-0.29
1968-08-01,1968,8,Chicken **,Other Food,($/kg),0.39,2.63,2.63,5.41,18.18,3.08
1968-09-01,1968,9,Chicken **,Other Food,($/kg),0.39,0.0,2.63,5.41,18.18,-0.43
1968-10-01,1968,10,Chicken **,Other Food,($/kg),0.39,0.0,2.63,5.41,18.18,-0.43
1968-11-01,1968,11,Chicken **,Other Food,($/kg),0.39,0.0,0.0,2.63,18.18,-0.43
1968-12-01,1968,12,Chicken **,Other Food,($/kg),0.39,0.0,0.0,2.63,18.18,-0.29
1969-01-01,1969,1,Chicken **,Other Food,($/kg),0.39,0.0,0.0,2.63,18.18,-0.29
1969-02-01,1969,2,Chicken **,Other Food,($/kg),0.39,0.0,0.0,2.63,18.18,-0.29
1969-03-01,1969,3,Chicken **,Other Food,($/kg),0.4,2.56,2.56,5.26,17.65,3.09
1969-04-01,1969,4,Chicken **,Other Food,($/kg),0.4,0.0,2.56,5.26,17.65,-0.43
1969-05-01,1969,5,Chicken **,Other Food,($/kg),0.4,0.0,2.56,5.26,17.65,-0.43
1969-06-01,1969,6,Chicken **,Other Food,($/kg),0.4,0.0,0.0,5.26,17.65,-0.43
1969-07-01,1969,7,Chicken **,Other Food,($/kg),0.4,0.0,0.0,5.26,17.65,-0.43
1969-08-01,1969,8,Chicken **,Other Food,($/kg),0.4,0.0,0.0,2.56,17.65,-0.43
1969-09-01,1969,9,Chicken **,Other Food,($/kg),0.4,0.0,0.0,2.56,17.65,-0.29
1969-10-01,1969,10,Chicken **,Other Food,($/kg),0.41,2.5,2.5,5.13,20.59,3.09
1969-11-01,1969,11,Chicken **,Other Food,($/kg),0.41,0.0,2.5,5.13,20.59,-0.43
1969-12-01,1969,12,Chicken **,Other Food,($/kg),0.41,0.0,2.5,5.13,20.59,-0.43
1970-01-01,1970,1,Chicken **,Other Food,($/kg),0.41,0.0,0.0,5.13,20.59,-0.43
1970-02-01,1970,2,Chicken **,Other Food,($/kg),0.41,0.0,0.0,5.13,17.14,-0.43
1970-03-01,1970,3,Chicken **,Other Food,($/kg),0.41,0.0,0.0,2.5,17.14,-0.43
1970-04-01,1970,4,Chicken **,Other Food,($/kg),0.42,2.44,2.44,5.0,20.0,3.09
1970-05-01,1970,5,Chicken **,Other Food,($/kg),0.42,0.0,2.44,5.0,20.0,-0.43
1970-06-01,1970,6,Chicken **,Other Food,($/kg),0.42,0.0,2.44,5.0,20.0,-0.43
1970-07-01,1970,7,Chicken **,Other Food,($/kg),0.42,0.0,0.0,5.0,20.0,-0.43
1970-08-01,1970,8,Chicken **,Other Food,($/kg),0.42,0.0,0.0,5.0,20.0,-0.43
1970-09-01,1970,9,Chicken **,Other Food,($/kg),0.42,0.0,0.0,5.0,20.0,-0.43
1970-10-01,1970,10,Chicken **,Other Food,($/kg),0.43,2.38,2.38,4.88,22.86,2.05
1970-11-01,1970,11,Chicken **,Other Food,($/kg),0.43,0.0,2.38,4.88,19.44,-0.43
1970-12-01,1970,12,Chicken **,Other Food,($/kg),0.43,0.0,2.38,4.88,19.44,-0.43
1971-01-01,1971,1,Chicken **,Other Food,($/kg),0.43,0.0,0.0,4.88,19.44,-0.43
1971-02-01,1971,2,Chicken **,Other Food,($/kg),0.43,0.0,0.0,4.88,19.44,-0.43
1971-03-01,1971,3,Chicken **,Other Food,($/kg),0.43,0.0,0.0,4.88,19.44,-0.43
1971-04-01,1971,4,Chicken **,Other Food,($/kg),0.43,0.0,0.0,2.38,19.44,-0.43
1971-05-01,1971,5,Chicken **,Other Food,($/kg),0.44,2.33,2.33,4.76,22.22,3.09
1971-06-01,1971,6,Chicken **,Other Food,($/kg),0.44,0.0,2.33,4.76,22.22,-0.43
1971-07-01,1971,7,Chicken **,Other Food,($/kg),0.44,0.0,2.33,4.76,18.92,-0.43
1971-08-01,1971,8,Chicken **,Other Food,($/kg),0.44,0.0,0.0,4.76,18.92,-0.43
1971-09-01,1971,9,Chicken **,Other Food,($/kg),0.44,0.0,0.0,4.76,18.92,-0.43
1971-10-01,1971,10,Chicken **,Other Food,($/kg),0.45,2.27,2.27,4.65,21.62,2.05
1971-11-01,1971,11,Chicken **,Other Food,($/kg),0.45,0.0,2.27,4.65,21.62,-0.43
1971-12-01,1971,12,Chicken **,Other Food,($/kg),0.45,0.0,2.27,4.65,21.62,-0.43
1972-01-01,1972,1,Chicken **,Other Food,($/kg),0.45,0.0,0.0,4.65,21.62,-0.43
1972-02-01,1972,2,Chicken **,Other Food,($/kg),0.46,2.22,2.22,6.98,24.32,2.05
1972-03-01,1972,3,Chicken **,Other Food,($/kg),0.46,0.0,2.22,6.98,24.32,-0.55
1972-04-01,1972,4,Chicken **,Other Food,($/kg),0.46,0.0,2.22,6.98,24.32,-0.55
1972-05-01,1972,5,Chicken **,Other Food,($/kg),0.47,2.17,2.17,6.82,27.03,1.56
1972-06-01,1972,6,Chicken **,Other Food,($/kg),0.47,0.0,2.17,6.82,27.03,-0.55
1972-07-01,1972,7,Chicken **,Other Food,($/kg),0.47,0.0,2.17,6.82,27.03,-0.55
1972-08-01,1972,8,Chicken **,Other Food,($/kg),0.48,2.13,2.13,9.09,29.73,1.56
1972-09-01,1972,9,Chicken **,Other Food,($/kg),0.48,0.0,2.13,9.09,29.73,-0.68
1972-10-01,1972,10,Chicken **,Other Food,($/kg),0.48,0.0,2.13,6.67,29.73,-0.68
1972-11-01,1972,11,Chicken **,Other Food,($/kg),0.49,2.08,2.08,8.89,28.95,1.57
1972-12-01,1972,12,Chicken **,Other Food,($/kg),0.5,2.04,4.17,11.11,31.58,1.25
1973-01-01,1973,1,Chicken **,Other Food,($/kg),0.5,0.0,4.17,11.11,31.58,-0.81
1973-02-01,1973,2,Chicken **,Other Food,($/kg),0.51,2.0,4.08,10.87,34.21,1.01
1973-03-01,1973,3,Chicken **,Other Food,($/kg),0.51,0.0,2.0,10.87,34.21,-0.81
1973-04-01,1973,4,Chicken **,Other Food,($/kg),0.52,1.96,4.0,13.04,36.84,1.02
1973-05-01,1973,5,Chicken **,Other Food,($/kg),0.53,1.92,3.92,12.77,39.47,0.83
1973-06-01,1973,6,Chicken **,Other Food,($/kg),0.54,1.89,5.88,14.89,42.11,0.83
1973-07-01,1973,7,Chicken **,Other Food,($/kg),0.55,1.85,5.77,17.02,44.74,0.66
1973-08-01,1973,8,Chicken **,Other Food,($/kg),0.54,-1.82,1.89,12.5,38.46,-3.21
1973-09-01,1973,9,Chicken **,Other Food,($/kg),0.53,-1.85,-1.85,10.42,35.9,-2.2
1973-10-01,1973,10,Chicken **,Other Food,($/kg),0.54,1.89,-1.82,12.5,38.46,0.69
1973-11-01,1973,11,Chicken **,Other Food,($/kg),0.54,0.0,0.0,10.2,38.46,-0.66
1973-12-01,1973,12,Chicken **,Other Food,($/kg),0.55,1.85,3.77,10.0,41.03,0.68
1974-01-01,1974,1,Chicken **,Other Food,($/kg),0.55,0.0,1.85,10.0,41.03,-0.54
1974-02-01,1974,2,Chicken **,Other Food,($/kg),0.55,0.0,1.85,7.84,41.03,-0.54
1974-03-01,1974,3,Chicken **,Other Food,($/kg),0.55,0.0,0.0,7.84,37.5,-0.44
1974-04-01,1974,4,Chicken **,Other Food,($/kg),0.55,0.0,0.0,5.77,37.5,-0.44
1974-05-01,1974,5,Chicken **,Other Food,($/kg),0.55,0.0,0.0,3.77,37.5,-0.34
1974-06-01,1974,6,Chicken **,Other Food,($/kg),0.55,0.0,0.0,1.85,37.5,-0.24
1974-07-01,1974,7,Chicken **,Other Food,($/kg),0.56,1.82,1.82,1.82,40.0,1.34
1974-08-01,1974,8,Chicken **,Other Food,($/kg),0.56,0.0,1.82,3.7,40.0,-0.13
1974-09-01,1974,9,Chicken **,Other Food,($/kg),0.57,1.79,3.64,7.55,42.5,1.38
1974-10-01,1974,10,Chicken **,Other Food,($/kg),0.57,0.0,1.79,5.56,39.02,-0.68
1974-11-01,1974,11,Chicken **,Other Food,($/kg),0.57,0.0,1.79,5.56,39.02,-0.55
1974-12-01,1974,12,Chicken **,Other Food,($/kg),0.57,0.0,0.0,3.64,39.02,-0.55
1975-01-01,1975,1,Chicken **,Other Food,($/kg),0.57,0.0,0.0,3.64,39.02,-0.43
1975-02-01,1975,2,Chicken **,Other Food,($/kg),0.57,0.0,0.0,3.64,39.02,-0.43
1975-03-01,1975,3,Chicken **,Other Food,($/kg),0.57,0.0,0.0,3.64,39.02,-0.43
1975-04-01,1975,4,Chicken **,Other Food,($/kg),0.58,1.75,1.75,5.45,38.1,2.07
1975-05-01,1975,5,Chicken **,Other Food,($/kg),0.58,0.0,1.75,5.45,38.1,-0.55
1975-06-01,1975,6,Chicken **,Other Food,($/kg),0.58,0.0,1.75,5.45,38.1,-0.55
1975-07-01,1975,7,Chicken **,Other Food,($/kg),0.58,0.0,0.0,3.57,38.1,-0.55
1975-08-01,1975,8,Chicken **,Other Food,($/kg),0.59,1.72,1.72,5.36,40.48,2.07
1975-09-01,1975,9,Chicken **,Other Food,($/kg),0.59,0.0,1.72,3.51,40.48,-0.55
1975-10-01,1975,10,Chicken **,Other Food,($/kg),0.59,0.0,1.72,3.51,37.21,-0.43
1975-11-01,1975,11,Chicken **,Other Food,($/kg),0.59,0.0,0.0,3.51,37.21,-0.43
1975-12-01,1975,12,Chicken **,Other Food,($/kg),0.59,0.0,0.0,3.51,37.21,-0.43
1976-01-01,1976,1,Chicken **,Other Food,($/kg),0.59,0.0,0.0,3.51,37.21,-0.43
1976-02-01,1976,2,Chicken **,Other Food,($/kg),0.59,0.0,0.0,3.51,37.21,-0.43
1976-03-01,1976,3,Chicken **,Other Food,($/kg),0.6,1.69,1.69,5.26,39.53,2.08
1976-04-01,1976,4,Chicken **,Other Food,($/kg),0.6,0.0,1.69,3.45,39.53,-0.55
1976-05-01,1976,5,Chicken **,Other Food,($/kg),0.61,1.67,3.39,5.17,38.64,2.08
1976-06-01,1976,6,Chicken **,Other Food,($/kg),0.61,0.0,1.67,5.17,38.64,-0.55
1976-07-01,1976,7,Chicken **,Other Food,($/kg),0.62,1.64,3.33,6.9,40.91,1.59
1976-08-01,1976,8,Chicken **,Other Food,($/kg),0.62,0.0,1.64,5.08,40.91,-0.68
1976-09-01,1976,9,Chicken **,Other Food,($/kg),0.62,0.0,1.64,5.08,40.91,-0.55
1976-10-01,1976,10,Chicken **,Other Food,($/kg),0.62,0.0,0.0,5.08,37.78,-0.55
1976-11-01,1976,11,Chicken **,Other Food,($/kg),0.62,0.0,0.0,5.08,37.78,-0.55
1976-12-01,1976,12,Chicken **,Other Food,($/kg),0.63,1.61,1.61,6.78,40.0,1.59
1977-01-01,1977,1,Chicken **,Other Food,($/kg),0.63,0.0,1.61,6.78,40.0,-0.68
1977-02-01,1977,2,Chicken **,Other Food,($/kg),0.64,1.59,3.23,8.47,39.13,1.27
1977-03-01,1977,3,Chicken **,Other Food,($/kg),0.64,0.0,1.59,6.67,39.13,-0.81
1977-04-01,1977,4,Chicken **,Other Food,($/kg),0.65,1.56,3.17,8.33,41.3,1.27
1977-05-01,1977,5,Chicken **,Other Food,($/kg),0.65,0.0,1.56,6.56,38.3,-0.81
1977-06-01,1977,6,Chicken **,Other Food,($/kg),0.65,0.0,1.56,6.56,38.3,-0.68
1977-07-01,1977,7,Chicken **,Other Food,($/kg),0.65,0.0,0.0,4.84,38.3,-0.68
1977-08-01,1977,8,Chicken **,Other Food,($/kg),0.65,0.0,0.0,4.84,35.42,-0.55
1977-09-01,1977,9,Chicken **,Other Food,($/kg),0.65,0.0,0.0,4.84,35.42,-0.55
1977-10-01,1977,10,Chicken **,Other Food,($/kg),0.66,1.54,1.54,6.45,37.5,1.59
1977-11-01,1977,11,Chicken **,Other Food,($/kg),0.67,1.52,3.08,8.06,36.73,1.28
1977-12-01,1977,12,Chicken **,Other Food,($/kg),0.67,0.0,3.08,6.35,34.0,-0.81
1978-01-01,1978,1,Chicken **,Other Food,($/kg),0.67,0.0,1.52,6.35,34.0,-0.68
1978-02-01,1978,2,Chicken **,Other Food,($/kg),0.68,1.49,1.49,6.25,33.33,1.28
1978-03-01,1978,3,Chicken **,Other Food,($/kg),0.68,0.0,1.49,6.25,33.33,-0.68
1978-04-01,1978,4,Chicken **,Other Food,($/kg),0.69,1.47,2.99,6.15,32.69,1.28
1978-05-01,1978,5,Chicken **,Other Food,($/kg),0.69,0.0,1.47,6.15,30.19,-0.68
1978-06-01,1978,6,Chicken **,Other Food,($/kg),0.69,0.0,1.47,6.15,27.78,-0.68
1978-07-01,1978,7,Chicken **,Other Food,($/kg),0.7,1.45,1.45,7.69,27.27,1.28
1978-08-01,1978,8,Chicken **,Other Food,($/kg),0.7,0.0,1.45,7.69,29.63,-0.81
1978-09-01,1978,9,Chicken **,Other Food,($/kg),0.7,0.0,1.45,7.69,32.08,-0.81
1978-10-01,1978,10,Chicken **,Other Food,($/kg),0.71,1.43,1.43,7.58,31.48,1.05
1978-11-01,1978,11,Chicken **,Other Food,($/kg),0.71,0.0,1.43,5.97,31.48,-0.81
1978-12-01,1978,12,Chicken **,Other Food,($/kg),0.72,1.41,2.86,7.46,30.91,1.28
1979-01-01,1979,1,Chicken **,Other Food,($/kg),0.72,0.0,1.41,7.46,30.91,-0.81
1979-02-01,1979,2,Chicken **,Other Food,($/kg),0.72,0.0,1.41,5.88,30.91,-0.81
1979-03-01,1979,3,Chicken **,Other Food,($/kg),0.73,1.39,1.39,7.35,32.73,1.28
1979-04-01,1979,4,Chicken **,Other Food,($/kg),0.73,0.0,1.39,5.8,32.73,-0.81
1979-05-01,1979,5,Chicken **,Other Food,($/kg),0.73,0.0,1.39,5.8,32.73,-0.68
1979-06-01,1979,6,Chicken **,Other Food,($/kg),0.74,1.37,1.37,7.25,34.55,1.28
1979-07-01,1979,7,Chicken **,Other Food,($/kg),0.74,0.0,1.37,5.71,32.14,-0.81
1979-08-01,1979,8,Chicken **,Other Food,($/kg),0.74,0.0,1.37,5.71,32.14,-0.68
1979-09-01,1979,9,Chicken **,Other Food,($/kg),0.75,1.35,1.35,7.14,31.58,1.28
1979-10-01,1979,10,Chicken **,Other Food,($/kg),0.75,0.0,1.35,5.63,31.58,-0.81
1979-11-01,1979,11,Chicken **,Other Food,($/kg),0.76,1.33,2.7,7.04,33.33,1.29
1979-12-01,1979,12,Chicken **,Other Food,($/kg),0.76,0.0,1.33,5.56,33.33,-0.81
1980-01-01,1980,1,Chicken **,Other Food,($/kg),0.75,-1.32,0.0,4.17,31.58,-2.64
1980-02-01,1980,2,Chicken **,Other Food,($/kg),0.72,-4.0,-5.26,0.0,26.32,-5.18
1980-03-01,1980,3,Chicken **,Other Food,($/kg),0.7,-2.78,-7.89,-4.11,22.81,-1.84
1980-04-01,1980,4,Chicken **,Other Food,($/kg),0.68,-2.86,-9.33,-6.85,17.24,-1.54
1980-05-01,1980,5,Chicken **,Other Food,($/kg),0.68,0.0,-5.56,-6.85,17.24,0.32
1980-06-01,1980,6,Chicken **,Other Food,($/kg),0.69,1.47,-1.43,-6.76,18.97,1.14
1980-07-01,1980,7,Chicken **,Other Food,($/kg),0.76,10.14,11.76,2.7,31.03,5.96
1980-08-01,1980,8,Chicken **,Other Food,($/kg),0.8,5.26,17.65,8.11,35.59,1.39
1980-09-01,1980,9,Chicken **,Other Food,($/kg),0.84,5.0,21.74,12.0,42.37,1.11
1980-10-01,1980,10,Chicken **,Other Food,($/kg),0.85,1.19,11.84,13.33,44.07,0.04
1980-11-01,1980,11,Chicken **,Other Food,($/kg),0.82,-3.53,2.5,7.89,38.98,-1.15
1980-12-01,1980,12,Chicken **,Other Food,($/kg),0.81,-1.22,-3.57,6.58,37.29,-0.45
1981-01-01,1981,1,Chicken **,Other Food,($/kg),0.79,-2.47,-7.06,5.33,33.9,-0.72
1981-02-01,1981,2,Chicken **,Other Food,($/kg),0.81,2.53,-1.22,12.5,37.29,0.46
1981-03-01,1981,3,Chicken **,Other Food,($/kg),0.79,-2.47,-2.47,12.86,31.67,-0.85
1981-04-01,1981,4,Chicken **,Other Food,($/kg),0.77,-2.53,-2.53,13.24,28.33,-0.88
1981-05-01,1981,5,Chicken **,Other Food,($/kg),0.74,-3.9,-8.64,8.82,21.31,-1.23
1981-06-01,1981,6,Chicken **,Other Food,($/kg),0.76,2.7,-3.8,10.14,24.59,0.44
1981-07-01,1981,7,Chicken **,Other Food,($/kg),0.81,6.58,5.19,6.58,30.65,1.3
1981-08-01,1981,8,Chicken **,Other Food,($/kg),0.79,-2.47,6.76,-1.25,27.42,-0.82
1981-09-01,1981,9,Chicken **,Other Food,($/kg),0.77,-2.53,1.32,-8.33,24.19,-0.7
1981-10-01,1981,10,Chicken **,Other Food,($/kg),0.76,-1.3,-6.17,-10.59,22.58,-0.19
1981-11-01,1981,11,Chicken **,Other Food,($/kg),0.75,-1.32,-5.06,-8.54,20.97,-0.14
1981-12-01,1981,12,Chicken **,Other Food,($/kg),0.74,-1.33,-3.9,-8.64,17.46,-0.21
1982-01-01,1982,1,Chicken **,Other Food,($/kg),0.76,2.7,0.0,-3.8,20.63,1.12
1982-02-01,1982,2,Chicken **,Other Food,($/kg),0.77,1.32,2.67,-4.94,20.31,0.51
1982-03-01,1982,3,Chicken **,Other Food,($/kg),0.76,-1.3,2.7,-3.8,18.75,-0.3
1982-04-01,1982,4,Chicken **,Other Food,($/kg),0.76,0.0,0.0,-1.3,16.92,0.09
1982-05-01,1982,5,Chicken **,Other Food,($/kg),0.77,1.32,0.0,4.05,18.46,0.47
1982-06-01,1982,6,Chicken **,Other Food,($/kg),0.78,1.3,2.63,2.63,20.0,0.35
1982-07-01,1982,7,Chicken **,Other Food,($/kg),0.79,1.28,3.95,-2.47,21.54,0.4
1982-08-01,1982,8,Chicken **,Other Food,($/kg),0.76,-3.8,-1.3,-3.8,16.92,-2.08
1982-09-01,1982,9,Chicken **,Other Food,($/kg),0.76,0.0,-2.56,-1.3,16.92,0.16
1982-10-01,1982,10,Chicken **,Other Food,($/kg),0.75,-1.32,-5.06,-1.32,13.64,-0.68
1982-11-01,1982,11,Chicken **,Other Food,($/kg),0.74,-1.33,-2.63,-1.33,10.45,-0.69
1982-12-01,1982,12,Chicken **,Other Food,($/kg),0.72,-2.7,-5.26,-2.7,7.46,-1.45
1983-01-01,1983,1,Chicken **,Other Food,($/kg),0.73,1.39,-2.67,-3.95,8.96,0.83
1983-02-01,1983,2,Chicken **,Other Food,($/kg),0.74,1.37,0.0,-3.9,8.82,0.96
1983-03-01,1983,3,Chicken **,Other Food,($/kg),0.75,1.35,4.17,-1.32,10.29,0.94
1983-04-01,1983,4,Chicken **,Other Food,($/kg),0.72,-4.0,-1.37,-5.26,4.35,-2.16
1983-05-01,1983,5,Chicken **,Other Food,($/kg),0.73,1.39,-1.35,-5.19,5.8,0.85
1983-06-01,1983,6,Chicken **,Other Food,($/kg),0.75,2.74,0.0,-3.85,8.7,1.48
1983-07-01,1983,7,Chicken **,Other Food,($/kg),0.78,4.0,8.33,-1.27,11.43,1.89
1983-08-01,1983,8,Chicken **,Other Food,($/kg),0.79,1.28,8.22,3.95,12.86,0.53
1983-09-01,1983,9,Chicken **,Other Food,($/kg),0.82,3.8,9.33,7.89,17.14,1.5
1983-10-01,1983,10,Chicken **,Other Food,($/kg),0.78,-4.88,0.0,4.0,9.86,-2.22
1983-11-01,1983,11,Chicken **,Other Food,($/kg),0.81,3.85,2.53,9.46,14.08,1.19
1983-12-01,1983,12,Chicken **,Other Food,($/kg),0.86,6.17,4.88,19.44,19.44,1.77
1984-01-01,1984,1,Chicken **,Other Food,($/kg),0.89,3.49,14.1,21.92,23.61,0.61
1984-02-01,1984,2,Chicken **,Other Food,($/kg),0.92,3.37,13.58,24.32,27.78,0.51
1984-03-01,1984,3,Chicken **,Other Food,($/kg),0.91,-1.09,5.81,21.33,24.66,-0.91
1984-04-01,1984,4,Chicken **,Other Food,($/kg),0.9,-1.1,1.12,25.0,23.29,-0.82
1984-05-01,1984,5,Chicken **,Other Food,($/kg),0.87,-3.33,-5.43,19.18,19.18,-1.74
1984-06-01,1984,6,Chicken **,Other Food,($/kg),0.87,0.0,-4.4,16.0,17.57,-0.45
1984-07-01,1984,7,Chicken **,Other Food,($/kg),0.89,2.3,-1.11,14.1,20.27,0.3
1984-08-01,1984,8,Chicken **,Other Food,($/kg),0.85,-4.49,-2.3,7.59,14.86,-1.72
1984-09-01,1984,9,Chicken **,Other Food,($/kg),0.86,1.18,-1.15,4.88,14.67,0.14
1984-10-01,1984,10,Chicken **,Other Food,($/kg),0.84,-2.33,-5.62,7.69,12.0,-0.78
1984-11-01,1984,11,Chicken **,Other Food,($/kg),0.84,0.0,-1.18,3.7,10.53,-0.2
1984-12-01,1984,12,Chicken **,Other Food,($/kg),0.82,-2.38,-4.65,-4.65,7.89,-0.88
1985-01-01,1985,1,Chicken **,Other Food,($/kg),0.84,2.44,0.0,-5.62,12.0,1.09
1985-02-01,1985,2,Chicken **,Other Food,($/kg),0.85,1.19,1.19,-7.61,18.06,0.67
1985-03-01,1985,3,Chicken **,Other Food,($/kg),0.84,-1.18,2.44,-7.69,20.0,-0.24
1985-04-01,1985,4,Chicken **,Other Food,($/kg),0.84,0.0,0.0,-6.67,23.53,0.29
1985-05-01,1985,5,Chicken **,Other Food,($/kg),0.82,-2.38,-3.53,-5.75,20.59,-0.82
1985-06-01,1985,6,Chicken **,Other Food,($/kg),0.84,2.44,0.0,-3.45,21.74,1.37
1985-07-01,1985,7,Chicken **,Other Food,($/kg),0.83,-1.19,-1.19,-6.74,9.21,-0.4
1985-08-01,1985,8,Chicken **,Other Food,($/kg),0.83,0.0,1.22,-2.35,3.75,0.26
1985-09-01,1985,9,Chicken **,Other Food,($/kg),0.84,1.2,0.0,-2.33,0.0,0.79
1985-10-01,1985,10,Chicken **,Other Food,($/kg),0.82,-2.38,-1.2,-2.38,-3.53,-1.25
1985-11-01,1985,11,Chicken **,Other Food,($/kg),0.85,3.66,2.41,1.19,3.66,2.18
1985-12-01,1985,12,Chicken **,Other Food,($/kg),0.87,2.35,3.57,6.1,7.41,1.07
1986-01-01,1986,1,Chicken **,Other Food,($/kg),0.84,-3.45,2.44,0.0,6.33,-1.97
1986-02-01,1986,2,Chicken **,Other Food,($/kg),0.85,1.19,0.0,0.0,4.94,0.53
1986-03-01,1986,3,Chicken **,Other Food,($/kg),0.85,0.0,-2.3,1.19,7.59,-0.01
1986-04-01,1986,4,Chicken **,Other Food,($/kg),0.83,-2.35,-1.19,-1.19,7.79,-1.14
1986-05-01,1986,5,Chicken **,Other Food,($/kg),0.85,2.41,0.0,3.66,14.86,1.08
1986-06-01,1986,6,Chicken **,Other Food,($/kg),0.88,3.53,3.53,4.76,15.79,1.41
1986-07-01,1986,7,Chicken **,Other Food,($/kg),0.98,11.36,18.07,18.07,20.99,4.59
1986-08-01,1986,8,Chicken **,Other Food,($/kg),1.06,8.16,24.71,27.71,34.18,1.72
1986-09-01,1986,9,Chicken **,Other Food,($/kg),1.01,-4.72,14.77,20.24,31.17,-1.59
1986-10-01,1986,10,Chicken **,Other Food,($/kg),1.0,-0.99,2.04,21.95,31.58,-0.56
1986-11-01,1986,11,Chicken **,Other Food,($/kg),0.99,-1.0,-6.6,16.47,32.0,-0.59
1986-12-01,1986,12,Chicken **,Other Food,($/kg),0.97,-2.02,-3.96,11.49,31.08,-0.73
1987-01-01,1987,1,Chicken **,Other Food,($/kg),0.96,-1.03,-4.0,14.29,26.32,-0.43
1987-02-01,1987,2,Chicken **,Other Food,($/kg),0.95,-1.04,-4.04,11.76,23.38,-0.49
1987-03-01,1987,3,Chicken **,Other Food,($/kg),0.92,-3.16,-5.15,8.24,21.05,-0.9
1987-04-01,1987,4,Chicken **,Other Food,($/kg),0.91,-1.09,-5.21,9.64,19.74,-0.39
1987-05-01,1987,5,Chicken **,Other Food,($/kg),0.91,0.0,-4.21,7.06,18.18,-0.18
1987-06-01,1987,6,Chicken **,Other Food,($/kg),0.89,-2.2,-3.26,1.14,14.1,-0.61
1987-07-01,1987,7,Chicken **,Other Food,($/kg),0.88,-1.12,-3.3,-10.2,11.39,-0.28
1987-08-01,1987,8,Chicken **,Other Food,($/kg),0.91,3.41,0.0,-14.15,19.74,1.37
1987-09-01,1987,9,Chicken **,Other Food,($/kg),0.92,1.1,3.37,-8.91,21.05,1.22
1987-10-01,1987,10,Chicken **,Other Food,($/kg),0.91,-1.09,3.41,-9.0,21.33,-0.19
1987-11-01,1987,11,Chicken **,Other Food,($/kg),0.88,-3.3,-3.3,-11.11,18.92,-1.5
1987-12-01,1987,12,Chicken **,Other Food,($/kg),0.86,-2.27,-6.52,-11.34,19.44,-0.71
1988-01-01,1988,1,Chicken **,Other Food,($/kg),0.87,1.16,-4.4,-9.38,19.18,1.16
1988-02-01,1988,2,Chicken **,Other Food,($/kg),0.88,1.15,0.0,-7.37,18.92,1.0
1988-03-01,1988,3,Chicken **,Other Food,($/kg),0.88,0.0,2.33,-4.35,17.33,0.3
1988-04-01,1988,4,Chicken **,Other Food,($/kg),0.89,1.14,2.3,-2.2,23.61,0.8
1988-05-01,1988,5,Chicken **,Other Food,($/kg),0.94,5.62,6.82,3.3,28.77,3.04
1988-06-01,1988,6,Chicken **,Other Food,($/kg),1.01,7.45,14.77,13.48,34.67,2.82
1988-07-01,1988,7,Chicken **,Other Food,($/kg),1.1,8.91,23.6,25.0,41.03,2.5
1988-08-01,1988,8,Chicken **,Other Food,($/kg),1.12,1.82,19.15,23.08,41.77,-0.03
1988-09-01,1988,9,Chicken **,Other Food,($/kg),1.14,1.79,12.87,23.91,39.02,-0.01
1988-10-01,1988,10,Chicken **,Other Food,($/kg),1.09,-4.39,-0.91,19.78,39.74,-1.68
1988-11-01,1988,11,Chicken **,Other Food,($/kg),1.06,-2.75,-5.36,20.45,30.86,-1.07
1988-12-01,1988,12,Chicken **,Other Food,($/kg),1.05,-0.94,-7.89,22.09,22.09,-0.64
1989-01-01,1989,1,Chicken **,Other Food,($/kg),1.07,1.9,-1.83,22.99,20.22,0.04
1989-02-01,1989,2,Chicken **,Other Food,($/kg),1.07,0.0,0.94,21.59,16.3,-0.46
1989-03-01,1989,3,Chicken **,Other Food,($/kg),1.09,1.87,3.81,23.86,19.78,0.04
1989-04-01,1989,4,Chicken **,Other Food,($/kg),1.11,1.83,3.74,24.72,23.33,-0.01
1989-05-01,1989,5,Chicken **,Other Food,($/kg),1.15,3.6,7.48,22.34,32.18,0.43
1989-06-01,1989,6,Chicken **,Other Food,($/kg),1.16,0.87,6.42,14.85,33.33,-0.24
1989-07-01,1989,7,Chicken **,Other Food,($/kg),1.14,-1.72,2.7,3.64,28.09,-0.89
1989-08-01,1989,8,Chicken **,Other Food,($/kg),1.13,-0.88,-1.74,0.89,32.94,-0.51
1989-09-01,1989,9,Chicken **,Other Food,($/kg),1.12,-0.88,-3.45,-1.75,30.23,-0.43
1989-10-01,1989,10,Chicken **,Other Food,($/kg),1.08,-3.57,-5.26,-0.92,28.57,-1.52
1989-11-01,1989,11,Chicken **,Other Food,($/kg),1.05,-2.78,-7.08,-0.94,25.0,-1.28
1989-12-01,1989,12,Chicken **,Other Food,($/kg),1.05,0.0,-6.25,0.0,28.05,0.03
1990-01-01,1990,1,Chicken **,Other Food,($/kg),1.05,0.0,-2.78,-1.87,25.0,-0.01
1990-02-01,1990,2,Chicken **,Other Food,($/kg),1.07,1.9,1.9,0.0,25.88,1.01
1990-03-01,1990,3,Chicken **,Other Food,($/kg),1.11,3.74,5.71,1.83,32.14,1.76
1990-04-01,1990,4,Chicken **,Other Food,($/kg),1.08,-2.7,2.86,-2.7,28.57,-1.24
1990-05-01,1990,5,Chicken **,Other Food,($/kg),1.08,0.0,0.93,-6.09,31.71,0.08
1990-06-01,1990,6,Chicken **,Other Food,($/kg),1.11,2.78,0.0,-4.31,32.14,1.58
1990-07-01,1990,7,Chicken **,Other Food,($/kg),1.1,-0.9,1.85,-3.51,32.53,-0.25
1990-08-01,1990,8,Chicken **,Other Food,($/kg),1.1,0.0,1.85,-2.65,32.53,0.12
1990-09-01,1990,9,Chicken **,Other Food,($/kg),1.09,-0.91,-1.8,-2.68,29.76,-0.32
1990-10-01,1990,10,Chicken **,Other Food,($/kg),1.07,-1.83,-2.73,-0.93,30.49,-0.73
1990-11-01,1990,11,Chicken **,Other Food,($/kg),1.07,0.0,-2.73,1.9,25.88,0.03
1990-12-01,1990,12,Chicken **,Other Food,($/kg),1.05,-1.87,-3.67,0.0,20.69,-1.11
1991-01-01,1991,1,Chicken **,Other Food,($/kg),1.05,0.0,-1.87,0.0,25.0,-0.01
1991-02-01,1991,2,Chicken **,Other Food,($/kg),1.08,2.86,0.93,0.93,27.06,1.47
1991-03-01,1991,3,Chicken **,Other Food,($/kg),1.07,-0.93,1.9,-3.6,25.88,-0.5
1991-04-01,1991,4,Chicken **,Other Food,($/kg),1.06,-0.93,0.95,-1.85,27.71,-0.38
1991-05-01,1991,5,Chicken **,Other Food,($/kg),1.06,0.0,-1.85,-1.85,24.71,0.09
1991-06-01,1991,6,Chicken **,Other Food,($/kg),1.05,-0.94,-1.87,-5.41,19.32,-0.52
1991-07-01,1991,7,Chicken **,Other Food,($/kg),1.07,1.9,0.94,-2.73,9.18,1.91
1991-08-01,1991,8,Chicken **,Other Food,($/kg),1.05,-1.87,-0.94,-4.55,-0.94,-1.18
1991-09-01,1991,9,Chicken **,Other Food,($/kg),1.05,0.0,0.0,-3.67,3.96,0.26
1991-10-01,1991,10,Chicken **,Other Food,($/kg),1.06,0.95,-0.93,-0.93,6.0,0.85
1991-11-01,1991,11,Chicken **,Other Food,($/kg),1.04,-1.89,-0.95,-2.8,5.05,-1.28
1991-12-01,1991,12,Chicken **,Other Food,($/kg),1.04,0.0,-0.95,-0.95,7.22,0.15
1992-01-01,1992,1,Chicken **,Other Food,($/kg),1.05,0.96,-0.94,0.0,9.38,0.72
1992-02-01,1992,2,Chicken **,Other Food,($/kg),1.03,-1.9,-0.96,-4.63,8.42,-1.32
1992-03-01,1992,3,Chicken **,Other Food,($/kg),1.04,0.97,0.0,-2.8,13.04,1.09
1992-04-01,1992,4,Chicken **,Other Food,($/kg),1.04,0.0,-0.95,-1.89,14.29,0.18
1992-05-01,1992,5,Chicken **,Other Food,($/kg),1.04,0.0,0.97,-1.89,14.29,0.12
1992-06-01,1992,6,Chicken **,Other Food,($/kg),1.05,0.96,0.96,0.0,17.98,0.88
1992-07-01,1992,7,Chicken **,Other Food,($/kg),1.06,0.95,1.92,-0.93,20.45,0.74
1992-08-01,1992,8,Chicken **,Other Food,($/kg),1.08,1.89,3.85,2.86,18.68,1.66
1992-09-01,1992,9,Chicken **,Other Food,($/kg),1.08,0.0,2.86,2.86,17.39,-0.21
1992-10-01,1992,10,Chicken **,Other Food,($/kg),1.06,-1.85,0.0,0.0,16.48,-1.81
1992-11-01,1992,11,Chicken **,Other Food,($/kg),1.09,2.83,0.93,4.81,23.86,2.21
1992-12-01,1992,12,Chicken **,Other Food,($/kg),1.09,0.0,0.93,4.81,26.74,-0.29
1993-01-01,1993,1,Chicken **,Other Food,($/kg),1.11,1.83,4.72,5.71,27.59,1.05
1993-02-01,1993,2,Chicken **,Other Food,($/kg),1.13,1.8,3.67,9.71,28.41,0.94
1993-03-01,1993,3,Chicken **,Other Food,($/kg),1.15,1.77,5.5,10.58,30.68,0.79
1993-04-01,1993,4,Chicken **,Other Food,($/kg),1.18,2.61,6.31,13.46,32.58,1.38
1993-05-01,1993,5,Chicken **,Other Food,($/kg),1.24,5.08,9.73,19.23,31.91,3.0
1993-06-01,1993,6,Chicken **,Other Food,($/kg),1.23,-0.81,6.96,17.14,21.78,-1.33
1993-07-01,1993,7,Chicken **,Other Food,($/kg),1.25,1.63,5.93,17.92,13.64,0.15
1993-08-01,1993,8,Chicken **,Other Food,($/kg),1.28,2.4,3.23,18.52,14.29,0.54
1993-09-01,1993,9,Chicken **,Other Food,($/kg),1.27,-0.78,3.25,17.59,11.4,-1.2
1993-10-01,1993,10,Chicken **,Other Food,($/kg),1.23,-3.15,-1.6,16.04,12.84,-2.35
1993-11-01,1993,11,Chicken **,Other Food,($/kg),1.21,-1.63,-5.47,11.01,14.15,-1.35
1993-12-01,1993,12,Chicken **,Other Food,($/kg),1.18,-2.48,-7.09,8.26,12.38,-1.51
1994-01-01,1994,1,Chicken **,Other Food,($/kg),1.16,-1.69,-5.69,4.5,8.41,-0.98
1994-02-01,1994,2,Chicken **,Other Food,($/kg),1.18,1.72,-2.48,4.42,10.28,0.53
1994-03-01,1994,3,Chicken **,Other Food,($/kg),1.22,3.39,3.39,6.09,11.93,1.2
1994-04-01,1994,4,Chicken **,Other Food,($/kg),1.23,0.82,6.03,4.24,10.81,0.11
1994-05-01,1994,5,Chicken **,Other Food,($/kg),1.3,5.69,10.17,4.84,13.04,2.1
1994-06-01,1994,6,Chicken **,Other Food,($/kg),1.31,0.77,7.38,6.5,12.93,0.13
1994-07-01,1994,7,Chicken **,Other Food,($/kg),1.28,-2.29,4.07,2.4,12.28,-1.09
1994-08-01,1994,8,Chicken **,Other Food,($/kg),1.23,-3.91,-5.38,-3.91,8.85,-1.53
1994-09-01,1994,9,Chicken **,Other Food,($/kg),1.24,0.81,-5.34,-2.36,10.71,0.39
1994-10-01,1994,10,Chicken **,Other Food,($/kg),1.2,-3.23,-6.25,-2.44,11.11,-1.07
1994-11-01,1994,11,Chicken **,Other Food,($/kg),1.14,-5.0,-7.32,-5.79,8.57,-1.68
1994-12-01,1994,12,Chicken **,Other Food,($/kg),1.13,-0.88,-8.87,-4.24,7.62,-0.13
1995-01-01,1995,1,Chicken **,Other Food,($/kg),1.13,0.0,-5.83,-2.59,7.62,0.1
1995-02-01,1995,2,Chicken **,Other Food,($/kg),1.13,0.0,-0.88,-4.24,5.61,0.06
1995-03-01,1995,3,Chicken **,Other Food,($/kg),1.14,0.88,0.88,-6.56,2.7,0.4
1995-04-01,1995,4,Chicken **,Other Food,($/kg),1.13,-0.88,0.0,-8.13,4.63,-0.12
1995-05-01,1995,5,Chicken **,Other Food,($/kg),1.15,1.77,1.77,-11.54,6.48,0.87
1995-06-01,1995,6,Chicken **,Other Food,($/kg),1.19,3.48,4.39,-9.16,7.21,2.08
1995-07-01,1995,7,Chicken **,Other Food,($/kg),1.24,4.2,9.73,-3.12,12.73,2.01
1995-08-01,1995,8,Chicken **,Other Food,($/kg),1.31,5.65,13.91,6.5,19.09,2.1
1995-09-01,1995,9,Chicken **,Other Food,($/kg),1.34,2.29,12.61,8.06,22.94,0.57
1995-10-01,1995,10,Chicken **,Other Food,($/kg),1.29,-3.73,4.03,7.5,20.56,-1.45
1995-11-01,1995,11,Chicken **,Other Food,($/kg),1.32,2.33,0.76,15.79,23.36,0.54
1995-12-01,1995,12,Chicken **,Other Food,($/kg),1.29,-2.27,-3.73,14.16,22.86,-1.37
1996-01-01,1996,1,Chicken **,Other Food,($/kg),1.29,0.0,0.0,14.16,22.86,-0.42
1996-02-01,1996,2,Chicken **,Other Food,($/kg),1.25,-3.1,-5.3,10.62,15.74,-1.57
1996-03-01,1996,3,Chicken **,Other Food,($/kg),1.22,-2.4,-5.43,7.02,14.02,-1.11
1996-04-01,1996,4,Chicken **,Other Food,($/kg),1.24,1.64,-3.88,9.73,16.98,0.33
1996-05-01,1996,5,Chicken **,Other Food,($/kg),1.33,7.26,6.4,15.65,25.47,2.09
1996-06-01,1996,6,Chicken **,Other Food,($/kg),1.43,7.52,17.21,20.17,36.19,1.73
1996-07-01,1996,7,Chicken **,Other Food,($/kg),1.46,2.1,17.74,17.74,36.45,0.12
1996-08-01,1996,8,Chicken **,Other Food,($/kg),1.47,0.68,10.53,12.21,40.0,-0.19
1996-09-01,1996,9,Chicken **,Other Food,($/kg),1.47,0.0,2.8,9.7,40.0,-0.28
1996-10-01,1996,10,Chicken **,Other Food,($/kg),1.45,-1.36,-0.68,12.4,36.79,-0.6
1996-11-01,1996,11,Chicken **,Other Food,($/kg),1.45,0.0,-1.36,9.85,39.42,-0.3
1996-12-01,1996,12,Chicken **,Other Food,($/kg),1.44,-0.69,-2.04,11.63,38.46,-0.44
1997-01-01,1997,1,Chicken **,Other Food,($/kg),1.42,-1.39,-2.07,10.08,35.24,-0.71
1997-02-01,1997,2,Chicken **,Other Food,($/kg),1.38,-2.82,-4.83,10.4,33.98,-1.08
1997-03-01,1997,3,Chicken **,Other Food,($/kg),1.36,-1.45,-5.56,11.48,30.77,-0.69
1997-04-01,1997,4,Chicken **,Other Food,($/kg),1.35,-0.74,-4.93,8.87,29.81,-0.51
1997-05-01,1997,5,Chicken **,Other Food,($/kg),1.34,-0.74,-2.9,0.75,28.85,-0.45
1997-06-01,1997,6,Chicken **,Other Food,($/kg),1.34,0.0,-1.47,-6.29,27.62,-0.04
1997-07-01,1997,7,Chicken **,Other Food,($/kg),1.35,0.75,0.0,-7.53,27.36,1.03
1997-08-01,1997,8,Chicken **,Other Food,($/kg),1.38,2.22,2.99,-6.12,27.78,2.82
1997-09-01,1997,9,Chicken **,Other Food,($/kg),1.39,0.72,3.73,-5.44,28.7,0.98
1997-10-01,1997,10,Chicken **,Other Food,($/kg),1.31,-5.76,-2.96,-9.66,23.58,-4.04
1997-11-01,1997,11,Chicken **,Other Food,($/kg),1.27,-3.05,-7.97,-12.41,16.51,-1.11
1997-12-01,1997,12,Chicken **,Other Food,($/kg),1.23,-3.15,-11.51,-14.58,12.84,-0.99
1998-01-01,1998,1,Chicken **,Other Food,($/kg),1.22,-0.81,-6.87,-14.08,9.91,0.22
1998-02-01,1998,2,Chicken **,Other Food,($/kg),1.23,0.82,-3.15,-10.87,8.85,0.95
1998-03-01,1998,3,Chicken **,Other Food,($/kg),1.25,1.63,1.63,-8.09,8.7,1.17
1998-04-01,1998,4,Chicken **,Other Food,($/kg),1.27,1.6,4.1,-5.93,7.63,0.99
1998-05-01,1998,5,Chicken **,Other Food,($/kg),1.3,2.36,5.69,-2.99,4.84,1.19
1998-06-01,1998,6,Chicken **,Other Food,($/kg),1.38,6.15,10.4,2.99,12.2,2.53
1998-07-01,1998,7,Chicken **,Other Food,($/kg),1.48,7.25,16.54,9.63,18.4,2.23
1998-08-01,1998,8,Chicken **,Other Food,($/kg),1.56,5.41,20.0,13.04,21.88,1.23
1998-09-01,1998,9,Chicken **,Other Food,($/kg),1.57,0.64,13.77,12.95,23.62,-0.12
1998-10-01,1998,10,Chicken **,Other Food,($/kg),1.52,-3.18,2.7,16.03,23.58,-1.09
1998-11-01,1998,11,Chicken **,Other Food,($/kg),1.48,-2.63,-5.13,16.54,22.31,-1.1
1998-12-01,1998,12,Chicken **,Other Food,($/kg),1.43,-3.38,-8.92,16.26,21.19,-1.33
1999-01-01,1999,1,Chicken **,Other Food,($/kg),1.39,-2.8,-8.55,13.93,19.83,-1.16
1999-02-01,1999,2,Chicken **,Other Food,($/kg),1.35,-2.88,-8.78,9.76,14.41,-1.09
1999-03-01,1999,3,Chicken **,Other Food,($/kg),1.3,-3.7,-9.09,4.0,6.56,-1.17
1999-04-01,1999,4,Chicken **,Other Food,($/kg),1.27,-2.31,-8.63,0.0,3.25,-0.66
1999-05-01,1999,5,Chicken **,Other Food,($/kg),1.31,3.15,-2.96,0.77,0.77,0.74
1999-06-01,1999,6,Chicken **,Other Food,($/kg),1.34,2.29,3.08,-2.9,2.29,0.51
1999-07-01,1999,7,Chicken **,Other Food,($/kg),1.35,0.75,6.3,-8.78,5.47,0.24
1999-08-01,1999,8,Chicken **,Other Food,($/kg),1.33,-1.48,1.53,-14.74,8.13,-0.25
1999-09-01,1999,9,Chicken **,Other Food,($/kg),1.34,0.75,0.0,-14.65,8.06,0.86
1999-10-01,1999,10,Chicken **,Other Food,($/kg),1.29,-3.73,-4.44,-15.13,7.5,-1.03
1999-11-01,1999,11,Chicken **,Other Food,($/kg),1.29,0.0,-3.01,-12.84,13.16,0.55
1999-12-01,1999,12,Chicken **,Other Food,($/kg),1.29,0.0,-3.73,-9.79,14.16,0.46
2000-01-01,2000,1,Chicken **,Other Food,($/kg),1.28,-0.78,-0.78,-7.91,13.27,0.02
2000-02-01,2000,2,Chicken **,Other Food,($/kg),1.27,-0.78,-1.55,-5.93,12.39,-0.05
2000-03-01,2000,3,Chicken **,Other Food,($/kg),1.26,-0.79,-2.33,-3.08,10.53,-0.14
2000-04-01,2000,4,Chicken **,Other Food,($/kg),1.26,0.0,-1.56,-0.79,11.5,0.13
2000-05-01,2000,5,Chicken **,Other Food,($/kg),1.27,0.79,0.0,-3.05,10.43,0.48
2000-06-01,2000,6,Chicken **,Other Food,($/kg),1.3,2.36,3.17,-2.99,9.24,1.76
2000-07-01,2000,7,Chicken **,Other Food,($/kg),1.32,1.54,4.76,-2.22,6.45,1.19
2000-08-01,2000,8,Chicken **,Other Food,($/kg),1.33,0.76,4.72,0.0,1.53,0.6
2000-09-01,2000,9,Chicken **,Other Food,($/kg),1.36,2.26,4.62,1.49,1.49,1.48
2000-10-01,2000,10,Chicken **,Other Food,($/kg),1.36,0.0,3.03,5.43,5.43,-0.08
2000-11-01,2000,11,Chicken **,Other Food,($/kg),1.36,0.0,2.26,5.43,3.03,-0.4
2000-12-01,2000,12,Chicken **,Other Food,($/kg),1.36,0.0,0.0,5.43,5.43,-0.4
2001-01-01,2001,1,Chicken **,Other Food,($/kg),1.36,0.0,0.0,6.25,5.43,-0.4
2001-02-01,2001,2,Chicken **,Other Food,($/kg),1.36,0.0,0.0,7.09,8.8,-0.48
2001-03-01,2001,3,Chicken **,Other Food,($/kg),1.37,0.74,0.74,8.73,12.3,0.16
2001-04-01,2001,4,Chicken **,Other Food,($/kg),1.37,0.0,0.74,8.73,10.48,-0.78
2001-05-01,2001,5,Chicken **,Other Food,($/kg),1.39,1.46,2.21,9.45,4.51,0.84
2001-06-01,2001,6,Chicken **,Other Food,($/kg),1.4,0.72,2.19,7.69,-2.1,-0.04
2001-07-01,2001,7,Chicken **,Other Food,($/kg),1.42,1.43,3.65,7.58,-2.74,1.04
2001-08-01,2001,8,Chicken **,Other Food,($/kg),1.45,2.11,4.32,9.02,-1.36,1.97
2001-09-01,2001,9,Chicken **,Other Food,($/kg),1.47,1.38,5.0,8.09,0.0,0.75
2001-10-01,2001,10,Chicken **,Other Food,($/kg),1.45,-1.36,2.11,6.62,0.0,-2.62
2001-11-01,2001,11,Chicken **,Other Food,($/kg),1.42,-2.07,-2.07,4.41,-2.07,-2.74
2001-12-01,2001,12,Chicken **,Other Food,($/kg),1.39,-2.11,-5.44,2.21,-3.47,-2.05
2002-01-01,2002,1,Chicken **,Other Food,($/kg),1.39,0.0,-4.14,2.21,-2.11,-0.14
2002-02-01,2002,2,Chicken **,Other Food,($/kg),1.39,0.0,-2.11,2.21,0.72,-0.14
2002-03-01,2002,3,Chicken **,Other Food,($/kg),1.38,-0.72,-0.72,0.73,1.47,-0.65
2002-04-01,2002,4,Chicken **,Other Food,($/kg),1.38,0.0,-0.72,0.73,2.22,-0.05
2002-05-01,2002,5,Chicken **,Other Food,($/kg),1.4,1.45,0.72,0.72,4.48,0.97
2002-06-01,2002,6,Chicken **,Other Food,($/kg),1.41,0.71,2.17,0.71,5.22,0.46
2002-07-01,2002,7,Chicken **,Other Food,($/kg),1.42,0.71,2.9,0.0,5.19,0.45
2002-08-01,2002,8,Chicken **,Other Food,($/kg),1.41,-0.7,0.71,-2.76,2.17,-0.52
2002-09-01,2002,9,Chicken **,Other Food,($/kg),1.41,0.0,0.0,-4.08,1.44,0.19
2002-10-01,2002,10,Chicken **,Other Food,($/kg),1.39,-1.42,-2.11,-4.14,6.11,-0.98
2002-11-01,2002,11,Chicken **,Other Food,($/kg),1.36,-2.16,-3.55,-4.23,7.09,-1.64
2002-12-01,2002,12,Chicken **,Other Food,($/kg),1.36,0.0,-3.55,-2.16,10.57,0.32
2003-01-01,2003,1,Chicken **,Other Food,($/kg),1.37,0.74,-1.44,-1.44,12.3,0.94
2003-02-01,2003,2,Chicken **,Other Food,($/kg),1.39,1.46,2.21,0.0,13.01,1.56
2003-03-01,2003,3,Chicken **,Other Food,($/kg),1.41,1.44,3.68,2.17,12.8,1.3
2003-04-01,2003,4,Chicken **,Other Food,($/kg),1.4,-0.71,2.19,1.45,10.24,-0.78
2003-05-01,2003,5,Chicken **,Other Food,($/kg),1.42,1.43,2.16,1.43,9.23,1.1
2003-06-01,2003,6,Chicken **,Other Food,($/kg),1.45,2.11,2.84,2.84,5.07,1.69
2003-07-01,2003,7,Chicken **,Other Food,($/kg),1.49,2.76,6.43,4.93,0.68,1.93
2003-08-01,2003,8,Chicken **,Other Food,($/kg),1.51,1.34,6.34,7.09,-3.21,0.62
2003-09-01,2003,9,Chicken **,Other Food,($/kg),1.53,1.32,5.52,8.51,-2.55,0.5
2003-10-01,2003,10,Chicken **,Other Food,($/kg),1.51,-1.31,1.34,8.63,-0.66,-1.36
2003-11-01,2003,11,Chicken **,Other Food,($/kg),1.51,0.0,0.0,11.03,2.03,-0.48
2003-12-01,2003,12,Chicken **,Other Food,($/kg),1.52,0.66,-0.65,11.76,6.29,-0.19
2004-01-01,2004,1,Chicken **,Other Food,($/kg),1.53,0.66,1.32,11.68,10.07,-0.24
2004-02-01,2004,2,Chicken **,Other Food,($/kg),1.58,3.27,4.64,13.67,17.04,2.03
2004-03-01,2004,3,Chicken **,Other Food,($/kg),1.61,1.9,5.92,14.18,23.85,0.61
2004-04-01,2004,4,Chicken **,Other Food,($/kg),1.65,2.48,7.84,17.86,29.92,1.01
2004-05-01,2004,5,Chicken **,Other Food,($/kg),1.69,2.42,6.96,19.01,29.01,0.82
2004-06-01,2004,6,Chicken **,Other Food,($/kg),1.76,4.14,9.32,21.38,31.34,2.05
2004-07-01,2004,7,Chicken **,Other Food,($/kg),1.78,1.14,7.88,19.46,31.85,-0.33
2004-08-01,2004,8,Chicken **,Other Food,($/kg),1.77,-0.56,4.73,17.22,33.08,-1.4
2004-09-01,2004,9,Chicken **,Other Food,($/kg),1.72,-2.82,-2.27,12.42,28.36,-2.62
2004-10-01,2004,10,Chicken **,Other Food,($/kg),1.68,-2.33,-5.62,11.26,30.23,-1.67
2004-11-01,2004,11,Chicken **,Other Food,($/kg),1.65,-1.79,-6.78,9.27,27.91,-1.27
2004-12-01,2004,12,Chicken **,Other Food,($/kg),1.62,-1.82,-5.81,6.58,25.58,-1.15
2005-01-01,2005,1,Chicken **,Other Food,($/kg),1.62,0.0,-3.57,5.88,26.56,-0.24
2005-02-01,2005,2,Chicken **,Other Food,($/kg),1.63,0.62,-1.21,3.16,28.35,0.05
2005-03-01,2005,3,Chicken **,Other Food,($/kg),1.63,0.0,0.62,1.24,29.37,-0.13
2005-04-01,2005,4,Chicken **,Other Food,($/kg),1.63,0.0,0.62,-1.21,29.37,-0.06
2005-05-01,2005,5,Chicken **,Other Food,($/kg),1.64,0.61,0.61,-2.96,29.13,0.35
2005-06-01,2005,6,Chicken **,Other Food,($/kg),1.64,0.0,0.61,-6.82,26.15,0.12
2005-07-01,2005,7,Chicken **,Other Food,($/kg),1.65,0.61,1.23,-7.3,25.0,0.92
2005-08-01,2005,8,Chicken **,Other Food,($/kg),1.65,0.0,0.61,-6.78,24.06,0.51
2005-09-01,2005,9,Chicken **,Other Food,($/kg),1.66,0.61,1.22,-3.49,22.06,0.95
2005-10-01,2005,10,Chicken **,Other Food,($/kg),1.64,-1.2,-0.61,-2.38,20.59,-0.86
2005-11-01,2005,11,Chicken **,Other Food,($/kg),1.6,-2.44,-3.03,-3.03,17.65,-2.48
2005-12-01,2005,12,Chicken **,Other Food,($/kg),1.57,-1.88,-5.42,-3.09,15.44,-1.59
2006-01-01,2006,1,Chicken **,Other Food,($/kg),1.54,-1.91,-6.1,-4.94,13.24,-1.61
2006-02-01,2006,2,Chicken **,Other Food,($/kg),1.53,-0.65,-4.38,-6.13,12.5,-0.21
2006-03-01,2006,3,Chicken **,Other Food,($/kg),1.51,-1.31,-3.82,-7.36,10.22,-0.73
2006-04-01,2006,4,Chicken **,Other Food,($/kg),1.49,-1.32,-3.25,-8.59,8.76,-0.64
2006-05-01,2006,5,Chicken **,Other Food,($/kg),1.5,0.67,-1.96,-8.54,7.91,1.3
2006-06-01,2006,6,Chicken **,Other Food,($/kg),1.52,1.33,0.66,-7.32,8.57,1.89
2006-07-01,2006,7,Chicken **,Other Food,($/kg),1.54,1.32,3.36,-6.67,8.45,1.57
2006-08-01,2006,8,Chicken **,Other Food,($/kg),1.55,0.65,3.33,-6.06,6.9,0.93
2006-09-01,2006,9,Chicken **,Other Food,($/kg),1.56,0.65,2.63,-6.02,6.12,0.86
2006-10-01,2006,10,Chicken **,Other Food,($/kg),1.54,-1.28,0.0,-6.1,6.21,-0.57
2006-11-01,2006,11,Chicken **,Other Food,($/kg),1.52,-1.3,-1.94,-5.0,7.04,-0.58
2006-12-01,2006,12,Chicken **,Other Food,($/kg),1.53,0.66,-1.92,-2.55,10.07,0.86
2007-01-01,2007,1,Chicken **,Other Food,($/kg),1.57,2.61,1.95,1.95,12.95,2.37
2007-02-01,2007,2,Chicken **,Other Food,($/kg),1.63,3.82,7.24,6.54,17.27,2.78
2007-03-01,2007,3,Chicken **,Other Food,($/kg),1.68,3.07,9.8,11.26,21.74,1.53
2007-04-01,2007,4,Chicken **,Other Food,($/kg),1.72,2.38,9.55,15.44,24.64,0.87
2007-05-01,2007,5,Chicken **,Other Food,($/kg),1.75,1.74,7.36,16.67,25.0,0.34
2007-06-01,2007,6,Chicken **,Other Food,($/kg),1.78,1.71,5.95,17.11,26.24,0.26
2007-07-01,2007,7,Chicken **,Other Food,($/kg),1.79,0.56,4.07,16.23,26.06,-0.49
2007-08-01,2007,8,Chicken **,Other Food,($/kg),1.79,0.0,2.29,15.48,26.95,-0.8
2007-09-01,2007,9,Chicken **,Other Food,($/kg),1.8,0.56,1.12,15.38,27.66,-0.41
2007-10-01,2007,10,Chicken **,Other Food,($/kg),1.76,-2.22,-1.68,14.29,26.62,-2.11
2007-11-01,2007,11,Chicken **,Other Food,($/kg),1.71,-2.84,-4.47,12.5,25.74,-2.24
2007-12-01,2007,12,Chicken **,Other Food,($/kg),1.69,-1.17,-6.11,10.46,24.26,-1.08
2008-01-01,2008,1,Chicken **,Other Food,($/kg),1.7,0.59,-3.41,8.28,24.09,-0.12
2008-02-01,2008,2,Chicken **,Other Food,($/kg),1.74,2.35,1.75,6.75,25.18,0.82
2008-03-01,2008,3,Chicken **,Other Food,($/kg),1.79,2.87,5.92,6.55,26.95,1.24
2008-04-01,2008,4,Chicken **,Other Food,($/kg),1.81,1.12,6.47,5.23,29.29,0.31
2008-05-01,2008,5,Chicken **,Other Food,($/kg),1.84,1.66,5.75,5.14,29.58,0.69
2008-06-01,2008,6,Chicken **,Other Food,($/kg),1.89,2.72,5.59,6.18,30.34,1.3
2008-07-01,2008,7,Chicken **,Other Food,($/kg),1.95,3.17,7.73,8.94,30.87,1.44
2008-08-01,2008,8,Chicken **,Other Food,($/kg),1.95,0.0,5.98,8.94,29.14,-0.37
2008-09-01,2008,9,Chicken **,Other Food,($/kg),1.95,0.0,3.17,8.33,27.45,-0.37
2008-10-01,2008,10,Chicken **,Other Food,($/kg),1.93,-1.03,-1.03,9.66,27.81,-0.85
2008-11-01,2008,11,Chicken **,Other Food,($/kg),1.92,-0.52,-1.54,12.28,27.15,-0.7
2008-12-01,2008,12,Chicken **,Other Food,($/kg),1.92,0.0,-1.54,13.61,26.32,-0.63
2009-01-01,2009,1,Chicken **,Other Food,($/kg),1.92,0.0,-0.52,12.94,25.49,-0.75
2009-02-01,2009,2,Chicken **,Other Food,($/kg),1.91,-0.52,-0.52,9.77,20.89,-1.05
2009-03-01,2009,3,Chicken **,Other Food,($/kg),1.89,-1.05,-1.56,5.59,17.39,-1.25
2009-04-01,2009,4,Chicken **,Other Food,($/kg),1.88,-0.53,-2.08,3.87,13.94,-0.71
2009-05-01,2009,5,Chicken **,Other Food,($/kg),1.92,2.13,0.52,4.35,13.61,1.28
2009-06-01,2009,6,Chicken **,Other Food,($/kg),1.94,1.04,2.65,2.65,10.23,0.46
2009-07-01,2009,7,Chicken **,Other Food,($/kg),1.95,0.52,3.72,0.0,9.55,0.23
2009-08-01,2009,8,Chicken **,Other Food,($/kg),1.91,-2.05,-0.52,-2.05,7.91,-2.29
2009-09-01,2009,9,Chicken **,Other Food,($/kg),1.87,-2.09,-3.61,-4.1,8.72,-1.79
2009-10-01,2009,10,Chicken **,Other Food,($/kg),1.83,-2.14,-6.15,-5.18,8.93,-1.49
2009-11-01,2009,11,Chicken **,Other Food,($/kg),1.81,-1.09,-5.24,-5.73,9.7,-0.5
2009-12-01,2009,12,Chicken **,Other Food,($/kg),1.81,0.0,-3.21,-5.73,11.73,0.37
2010-01-01,2010,1,Chicken **,Other Food,($/kg),1.83,1.1,0.0,-4.69,12.96,1.2
2010-02-01,2010,2,Chicken **,Other Food,($/kg),1.84,0.55,1.66,-3.66,12.88,0.67
2010-03-01,2010,3,Chicken **,Other Food,($/kg),1.85,0.54,2.21,-2.12,13.5,0.6
2010-04-01,2010,4,Chicken **,Other Food,($/kg),1.88,1.62,2.73,0.0,15.34,1.27
2010-05-01,2010,5,Chicken **,Other Food,($/kg),1.91,1.6,3.8,-0.52,16.46,1.06
2010-06-01,2010,6,Chicken **,Other Food,($/kg),1.92,0.52,3.78,-1.03,17.07,0.39
2010-07-01,2010,7,Chicken **,Other Food,($/kg),1.94,1.04,3.19,-0.51,17.58,0.79
2010-08-01,2010,8,Chicken **,Other Food,($/kg),1.94,0.0,1.57,1.57,17.58,0.02
2010-09-01,2010,9,Chicken **,Other Food,($/kg),1.93,-0.52,0.52,3.21,16.27,-0.51
2010-10-01,2010,10,Chicken **,Other Food,($/kg),1.91,-1.04,-1.55,4.37,16.46,-1.18
2010-11-01,2010,11,Chicken **,Other Food,($/kg),1.88,-1.57,-3.09,3.87,17.5,-2.1
2010-12-01,2010,12,Chicken **,Other Food,($/kg),1.88,0.0,-2.59,3.87,19.75,-0.32
2011-01-01,2011,1,Chicken **,Other Food,($/kg),1.87,-0.53,-2.09,2.19,21.43,-0.86
2011-02-01,2011,2,Chicken **,Other Food,($/kg),1.88,0.53,0.0,2.17,22.88,0.35
2011-03-01,2011,3,Chicken **,Other Food,($/kg),1.9,1.06,1.06,2.7,25.83,0.89
2011-04-01,2011,4,Chicken **,Other Food,($/kg),1.9,0.0,1.6,1.06,27.52,-0.22
2011-05-01,2011,5,Chicken **,Other Food,($/kg),1.91,0.53,1.6,0.0,27.33,0.47
2011-06-01,2011,6,Chicken **,Other Food,($/kg),1.92,0.52,1.05,0.0,26.32,0.65
2011-07-01,2011,7,Chicken **,Other Food,($/kg),1.93,0.52,1.58,-0.52,25.32,0.64
2011-08-01,2011,8,Chicken **,Other Food,($/kg),1.94,0.52,1.57,0.0,25.16,0.74
2011-09-01,2011,9,Chicken **,Other Food,($/kg),1.96,1.03,2.08,1.55,25.64,1.33
2011-10-01,2011,10,Chicken **,Other Food,($/kg),1.96,0.0,1.55,2.62,27.27,-0.16
2011-11-01,2011,11,Chicken **,Other Food,($/kg),1.97,0.51,1.55,4.79,29.61,0.4
2011-12-01,2011,12,Chicken **,Other Food,($/kg),1.98,0.51,1.02,5.32,29.41,0.26
2012-01-01,2012,1,Chicken **,Other Food,($/kg),1.99,0.51,1.53,6.42,26.75,0.16
2012-02-01,2012,2,Chicken **,Other Food,($/kg),2.01,1.01,2.03,6.91,23.31,1.53
2012-03-01,2012,3,Chicken **,Other Food,($/kg),2.05,1.99,3.54,7.89,22.02,4.14
2012-04-01,2012,4,Chicken **,Other Food,($/kg),2.06,0.49,3.52,8.42,19.77,-0.28
2012-05-01,2012,5,Chicken **,Other Food,($/kg),2.07,0.49,2.99,8.38,18.29,-0.39
2012-06-01,2012,6,Chicken **,Other Food,($/kg),2.08,0.48,1.46,8.33,16.85,-0.39
2012-07-01,2012,7,Chicken **,Other Food,($/kg),2.09,0.48,1.46,8.29,16.76,-0.39
2012-08-01,2012,8,Chicken **,Other Food,($/kg),2.09,0.0,0.97,7.73,16.76,-1.35
2012-09-01,2012,9,Chicken **,Other Food,($/kg),2.11,0.96,1.44,7.65,17.22,0.63
2012-10-01,2012,10,Chicken **,Other Food,($/kg),2.11,0.0,0.96,7.65,19.89,-1.18
2012-11-01,2012,11,Chicken **,Other Food,($/kg),2.13,0.95,1.91,8.12,24.56,0.63
2012-12-01,2012,12,Chicken **,Other Food,($/kg),2.15,0.94,1.9,8.59,27.22,0.54
2013-01-01,2013,1,Chicken **,Other Food,($/kg),2.22,3.26,5.21,11.56,30.59,4.8
2013-02-01,2013,2,Chicken **,Other Food,($/kg),2.19,-1.35,2.82,8.96,25.86,-2.5
2013-03-01,2013,3,Chicken **,Other Food,($/kg),2.31,5.48,7.44,12.68,29.05,4.25
2013-04-01,2013,4,Chicken **,Other Food,($/kg),2.29,-0.87,3.15,11.17,26.52,-1.07
2013-05-01,2013,5,Chicken **,Other Food,($/kg),2.38,3.93,8.68,14.98,29.35,1.65
2013-06-01,2013,6,Chicken **,Other Food,($/kg),2.4,0.84,3.9,15.38,26.98,-0.17
2013-07-01,2013,7,Chicken **,Other Food,($/kg),2.22,-7.5,-3.06,6.22,13.85,-4.34
2013-08-01,2013,8,Chicken **,Other Food,($/kg),2.04,-8.11,-14.29,-2.39,4.62,-2.68
2013-09-01,2013,9,Chicken **,Other Food,($/kg),1.98,-2.94,-17.5,-6.16,1.54,-0.69
2013-10-01,2013,10,Chicken **,Other Food,($/kg),1.96,-1.01,-11.71,-7.11,1.55,-0.14
2013-11-01,2013,11,Chicken **,Other Food,($/kg),2.03,3.57,-0.49,-4.69,5.73,0.99
2013-12-01,2013,12,Chicken **,Other Food,($/kg),2.07,1.97,4.55,-3.72,7.81,0.53
2014-01-01,2014,1,Chicken **,Other Food,($/kg),2.11,1.93,7.65,-4.95,9.9,0.5
2014-02-01,2014,2,Chicken **,Other Food,($/kg),2.02,-4.27,-0.49,-7.76,5.76,-0.92
2014-03-01,2014,3,Chicken **,Other Food,($/kg),2.26,11.88,9.18,-2.16,19.58,2.83
2014-04-01,2014,4,Chicken **,Other Food,($/kg),2.38,5.31,12.8,3.93,26.6,0.98
2014-05-01,2014,5,Chicken **,Other Food,($/kg),2.56,7.56,26.73,7.56,33.33,1.25
2014-06-01,2014,6,Chicken **,Other Food,($/kg),2.55,-0.39,12.83,6.25,31.44,-0.19
2014-07-01,2014,7,Chicken **,Other Food,($/kg),2.45,-3.92,2.94,10.36,25.64,-0.77
2014-08-01,2014,8,Chicken **,Other Food,($/kg),2.27,-7.35,-11.33,11.27,18.85,-1.48
2014-09-01,2014,9,Chicken **,Other Food,($/kg),2.36,3.96,-7.45,19.19,26.2,0.53
2014-10-01,2014,10,Chicken **,Other Food,($/kg),2.36,0.0,-3.67,20.41,28.96,-0.3
2014-11-01,2014,11,Chicken **,Other Food,($/kg),2.31,-2.12,1.76,13.79,27.62,-0.71
2014-12-01,2014,12,Chicken **,Other Food,($/kg),2.22,-3.9,-5.93,7.25,22.65,-0.94
2015-01-01,2015,1,Chicken **,Other Food,($/kg),2.22,0.0,-5.93,5.21,21.31,-0.13
2015-02-01,2015,2,Chicken **,Other Food,($/kg),2.03,-8.56,-12.12,0.5,10.33,-1.63
2015-03-01,2015,3,Chicken **,Other Food,($/kg),2.15,5.91,-3.15,-4.87,16.22,0.94
2015-04-01,2015,4,Chicken **,Other Food,($/kg),2.31,7.44,4.05,-2.94,22.87,1.49
2015-05-01,2015,5,Chicken **,Other Food,($/kg),2.35,1.73,15.76,-8.2,23.04,0.34
2015-06-01,2015,6,Chicken **,Other Food,($/kg),2.28,-2.98,6.05,-10.59,18.75,-0.48
2015-07-01,2015,7,Chicken **,Other Food,($/kg),2.07,-9.21,-10.39,-15.51,6.7,-1.69
2015-08-01,2015,8,Chicken **,Other Food,($/kg),1.82,-12.08,-22.55,-19.82,-6.19,-1.97
2015-09-01,2015,9,Chicken **,Other Food,($/kg),1.69,-7.14,-25.88,-28.39,-12.44,-0.9
2015-10-01,2015,10,Chicken **,Other Food,($/kg),1.61,-4.73,-22.22,-31.78,-15.71,-0.36
2015-11-01,2015,11,Chicken **,Other Food,($/kg),1.62,0.62,-10.99,-29.87,-13.83,0.6
2015-12-01,2015,12,Chicken **,Other Food,($/kg),1.74,7.41,2.96,-21.62,-7.45,1.67
2016-01-01,2016,1,Chicken **,Other Food,($/kg),1.85,6.32,14.91,-16.67,-1.07,1.21
2016-02-01,2016,2,Chicken **,Other Food,($/kg),1.77,-4.32,9.26,-12.81,-5.85,-0.43
2016-03-01,2016,3,Chicken **,Other Food,($/kg),1.85,4.52,6.32,-13.95,-2.63,0.8
2016-04-01,2016,4,Chicken **,Other Food,($/kg),1.93,4.32,4.32,-16.45,1.58,0.8
2016-05-01,2016,5,Chicken **,Other Food,($/kg),2.06,6.74,16.38,-12.34,7.85,1.26
2016-06-01,2016,6,Chicken **,Other Food,($/kg),2.15,4.37,16.22,-5.7,11.98,0.78
2016-07-01,2016,7,Chicken **,Other Food,($/kg),1.96,-8.84,1.55,-5.31,1.55,-1.25
2016-08-01,2016,8,Chicken **,Other Food,($/kg),1.74,-11.22,-15.53,-4.4,-10.31,-1.61
2016-09-01,2016,9,Chicken **,Other Food,($/kg),1.7,-2.3,-20.93,0.59,-13.27,-0.32
2016-10-01,2016,10,Chicken **,Other Food,($/kg),1.59,-6.47,-18.88,-1.24,-18.88,-1.05
2016-11-01,2016,11,Chicken **,Other Food,($/kg),1.76,10.69,1.15,8.64,-10.66,1.62
2016-12-01,2016,12,Chicken **,Other Food,($/kg),1.86,5.68,9.41,6.9,-6.06,0.66
2017-01-01,2017,1,Chicken **,Other Food,($/kg),1.94,4.3,22.01,4.86,-2.51,0.5
2017-02-01,2017,2,Chicken **,Other Food,($/kg),1.94,0.0,10.23,9.6,-3.48,-0.09
2017-03-01,2017,3,Chicken **,Other Food,($/kg),2.13,9.79,14.52,15.14,3.9,1.3
2017-04-01,2017,4,Chicken **,Other Food,($/kg),2.16,1.41,11.34,11.92,4.85,-0.0
2017-05-01,2017,5,Chicken **,Other Food,($/kg),2.33,7.87,20.1,13.11,12.56,0.94
2017-06-01,2017,6,Chicken **,Other Food,($/kg),2.43,4.29,14.08,13.02,16.83,0.42
2017-07-01,2017,7,Chicken **,Other Food,($/kg),2.35,-3.29,8.8,19.9,12.44,-0.63
2017-08-01,2017,8,Chicken **,Other Food,($/kg),2.19,-6.81,-6.01,25.86,4.78,-1.28
2017-09-01,2017,9,Chicken **,Other Food,($/kg),2.11,-3.65,-13.17,24.12,0.0,-0.96
2017-10-01,2017,10,Chicken **,Other Food,($/kg),1.98,-6.16,-15.74,24.53,-6.16,-1.34
2017-11-01,2017,11,Chicken **,Other Food,($/kg),1.96,-1.01,-10.5,11.36,-7.98,-0.5
2017-12-01,2017,12,Chicken **,Other Food,($/kg),1.97,0.51,-6.64,5.91,-8.37,-0.1
2018-01-01,2018,1,Chicken **,Other Food,($/kg),2.07,5.08,4.55,6.7,-6.76,0.85
2018-02-01,2018,2,Chicken **,Other Food,($/kg),1.98,-4.35,1.02,2.06,-9.59,-0.95
2018-03-01,2018,3,Chicken **,Other Food,($/kg),2.2,11.11,11.68,3.29,-4.76,1.97
2018-04-01,2018,4,Chicken **,Other Food,($/kg),2.36,7.27,14.01,9.26,3.06,1.2
2018-05-01,2018,5,Chicken **,Other Food,($/kg),2.65,12.29,33.84,13.73,11.34,1.88
2018-06-01,2018,6,Chicken **,Other Food,($/kg),2.72,2.64,23.64,11.93,13.33,0.21
2018-07-01,2018,7,Chicken **,Other Food,($/kg),2.53,-6.99,7.2,7.66,13.96,-1.24
2018-08-01,2018,8,Chicken **,Other Food,($/kg),2.22,-12.25,-16.23,1.37,8.82,-1.91
2018-09-01,2018,9,Chicken **,Other Food,($/kg),2.03,-8.56,-25.37,-3.79,2.53,-1.18
2018-10-01,2018,10,Chicken **,Other Food,($/kg),2.03,0.0,-19.76,2.53,3.57,0.0
2018-11-01,2018,11,Chicken **,Other Food,($/kg),2.03,0.0,-8.56,3.57,0.0,-0.06
2018-12-01,2018,12,Chicken **,Other Food,($/kg),2.09,2.96,2.96,6.09,0.97,0.31
2019-01-01,2019,1,Chicken **,Other Food,($/kg),2.15,2.87,5.91,3.86,1.9,0.27
2019-02-01,2019,2,Chicken **,Other Food,($/kg),2.09,-2.79,2.96,5.56,3.47,-0.44
2019-03-01,2019,3,Chicken **,Other Food,($/kg),2.07,-0.96,-0.96,-5.91,-8.41,-0.22
2019-04-01,2019,4,Chicken **,Other Food,($/kg),2.09,0.97,-2.79,-11.44,-12.18,0.19
2019-05-01,2019,5,Chicken **,Other Food,($/kg),2.09,0.0,0.0,-21.13,-18.36,0.13
2019-06-01,2019,6,Chicken **,Other Food,($/kg),2.07,-0.96,0.0,-23.9,-18.82,0.18
2019-07-01,2019,7,Chicken **,Other Food,($/kg),1.99,-3.86,-4.78,-21.34,-18.78,-0.37
2019-08-01,2019,8,Chicken **,Other Food,($/kg),1.9,-4.52,-9.09,-14.41,-16.3,-0.59
2019-09-01,2019,9,Chicken **,Other Food,($/kg),1.85,-2.63,-10.63,-8.87,-21.61,-0.43
2019-10-01,2019,10,Chicken **,Other Food,($/kg),1.85,0.0,-7.04,-8.87,-21.61,0.31
2019-11-01,2019,11,Chicken **,Other Food,($/kg),1.85,0.0,-2.63,-8.87,-19.91,0.31
2019-12-01,2019,12,Chicken **,Other Food,($/kg),1.98,7.03,7.03,-5.26,-10.81,3.24
2020-01-01,2020,1,Chicken **,Other Food,($/kg),2.07,4.55,11.89,-3.72,-6.76,1.58
2020-02-01,2020,2,Chicken **,Other Food,($/kg),1.88,-9.18,1.62,-10.05,-7.39,-2.68
2020-03-01,2020,3,Chicken **,Other Food,($/kg),1.78,-5.32,-10.1,-14.01,-17.21,-1.08
2020-04-01,2020,4,Chicken **,Other Food,($/kg),1.27,-28.65,-38.65,-39.23,-45.02,-6.28
2020-05-01,2020,5,Chicken **,Other Food,($/kg),1.52,19.69,-19.15,-27.27,-35.32,2.59
2020-06-01,2020,6,Chicken **,Other Food,($/kg),1.57,3.29,-11.8,-24.15,-31.14,0.47
2020-07-01,2020,7,Chicken **,Other Food,($/kg),1.52,-3.18,19.69,-23.62,-26.57,-0.14
2020-08-01,2020,8,Chicken **,Other Food,($/kg),1.5,-1.32,-1.32,-21.05,-17.58,0.02
2020-09-01,2020,9,Chicken **,Other Food,($/kg),1.47,-2.0,-6.37,-20.54,-13.02,-0.06
2020-10-01,2020,10,Chicken **,Other Food,($/kg),1.5,2.04,-1.32,-18.92,-6.83,0.29
2020-11-01,2020,11,Chicken **,Other Food,($/kg),1.7,13.33,13.33,-8.11,4.94,1.27
2020-12-01,2020,12,Chicken **,Other Food,($/kg),1.81,6.47,23.13,-8.59,4.02,0.53
2021-01-01,2021,1,Chicken **,Other Food,($/kg),1.81,0.0,20.67,-12.56,-2.16,0.0
2021-02-01,2021,2,Chicken **,Other Food,($/kg),1.81,0.0,6.47,-3.72,2.26,0.03
2021-03-01,2021,3,Chicken **,Other Food,($/kg),1.89,4.42,4.42,6.18,2.16,0.35
2021-04-01,2021,4,Chicken **,Other Food,($/kg),2.26,19.58,24.86,77.95,17.1,1.6
2021-05-01,2021,5,Chicken **,Other Food,($/kg),2.37,4.87,30.94,55.92,15.05,-0.04
2021-06-01,2021,6,Chicken **,Other Food,($/kg),2.38,0.42,25.93,51.59,10.7,-0.53
2021-07-01,2021,7,Chicken **,Other Food,($/kg),2.38,0.0,5.31,56.58,21.43,-0.55
2021-08-01,2021,8,Chicken **,Other Food,($/kg),2.38,0.0,0.42,58.67,36.78,-0.61
2021-09-01,2021,9,Chicken **,Other Food,($/kg),1.83,-23.11,-23.11,24.49,7.65,-4.24
2021-10-01,2021,10,Chicken **,Other Food,($/kg),1.76,-3.83,-26.05,17.33,10.69,-0.61
2021-11-01,2021,11,Chicken **,Other Food,($/kg),1.55,-11.93,-34.87,-8.82,-11.93,-1.35
2021-12-01,2021,12,Chicken **,Other Food,($/kg),1.47,-5.16,-19.67,-18.78,-20.97,-0.48
2022-01-01,2022,1,Chicken **,Other Food,($/kg),1.36,-7.48,-22.73,-24.86,-29.9,-0.62
2022-02-01,2022,2,Chicken **,Other Food,($/kg),1.45,6.62,-6.45,-19.89,-25.26,0.83
2022-03-01,2022,3,Chicken **,Other Food,($/kg),1.76,21.38,19.73,-6.88,-17.37,2.15
2022-04-01,2022,4,Chicken **,Other Food,($/kg),1.87,6.25,37.5,-17.26,-13.43,0.5
2022-05-01,2022,5,Chicken **,Other Food,($/kg),1.9,1.6,31.03,-19.83,-18.45,0.24
2022-06-01,2022,6,Chicken **,Other Food,($/kg),1.85,-2.63,5.11,-22.27,-23.87,-0.13
2022-07-01,2022,7,Chicken **,Other Food,($/kg),1.72,-7.03,-8.02,-27.73,-26.81,-0.51
2022-08-01,2022,8,Chicken **,Other Food,($/kg),1.84,6.98,-3.16,-22.69,-15.98,0.83
2022-09-01,2022,9,Chicken **,Other Food,($/kg),1.75,-4.89,-5.41,-4.37,-17.06,-0.3
2022-10-01,2022,10,Chicken **,Other Food,($/kg),1.63,-6.86,-5.23,-7.39,-17.68,-0.75
2022-11-01,2022,11,Chicken **,Other Food,($/kg),1.54,-5.52,-16.3,-0.65,-21.43,-0.57
2022-12-01,2022,12,Chicken **,Other Food,($/kg),1.55,0.65,-11.43,5.44,-21.32,0.04
2023-01-01,2023,1,Chicken **,Other Food,($/kg),1.54,-0.65,-5.52,13.24,-25.6,-0.16
2023-02-01,2023,2,Chicken **,Other Food,($/kg),1.53,-0.65,-0.65,5.52,-22.73,-0.24
2023-03-01,2023,3,Chicken **,Other Food,($/kg),1.52,-0.65,-1.94,-13.64,-30.91,-0.17
2023-04-01,2023,4,Chicken **,Other Food,($/kg),1.57,3.29,1.95,-16.04,-33.47,0.95
2023-05-01,2023,5,Chicken **,Other Food,($/kg),1.54,-1.91,0.65,-18.95,-41.89,-0.13
2023-06-01,2023,6,Chicken **,Other Food,($/kg),1.47,-4.55,-3.29,-20.54,-45.96,-0.7
2023-07-01,2023,7,Chicken **,Other Food,($/kg),1.37,-6.8,-12.74,-20.35,-45.85,-1.18
2023-08-01,2023,8,Chicken **,Other Food,($/kg),1.42,3.65,-7.79,-22.83,-36.04,1.3
2023-09-01,2023,9,Chicken **,Other Food,($/kg),1.54,8.45,4.76,-12.0,-24.14,2.89
2023-10-01,2023,10,Chicken **,Other Food,($/kg),1.58,2.6,15.33,-3.07,-22.17,0.77
2023-11-01,2023,11,Chicken **,Other Food,($/kg),1.67,5.7,17.61,8.44,-17.73,1.36
2023-12-01,2023,12,Chicken **,Other Food,($/kg),1.63,-2.4,5.84,5.16,-22.01,-0.74
2024-01-01,2024,1,Chicken **,Other Food,($/kg),1.57,-3.68,-0.63,1.95,-26.98,-0.96
2024-02-01,2024,2,Chicken **,Other Food,($/kg),1.52,-3.18,-8.98,-0.65,-27.27,-0.76
2024-03-01,2024,3,Chicken **,Other Food,($/kg),1.53,0.66,-6.13,0.66,-26.09,0.13
2024-04-01,2024,4,Chicken **,Other Food,($/kg),1.44,-5.88,-8.28,-8.28,-31.1,-1.31
2024-05-01,2024,5,Chicken **,Other Food,($/kg),1.51,4.86,-0.66,-1.95,-27.75,1.14
2024-06-01,2024,6,Chicken **,Other Food,($/kg),1.4,-7.28,-8.5,-4.76,-32.37,-1.44
2024-07-01,2024,7,Chicken **,Other Food,($/kg),1.33,-5.0,-7.64,-2.92,-33.17,-0.89
2024-08-01,2024,8,Chicken **,Other Food,($/kg),1.38,3.76,-8.61,-2.82,-27.37,0.76
2024-09-01,2024,9,Chicken **,Other Food,($/kg),1.45,5.07,3.57,-5.84,-21.62,1.01
2024-10-01,2024,10,Chicken **,Other Food,($/kg),1.48,2.07,11.28,-6.33,-20.0,0.52
2024-11-01,2024,11,Chicken **,Other Food,($/kg),1.52,2.7,10.14,-8.98,-17.84,0.67
2024-12-01,2024,12,Chicken **,Other Food,($/kg),1.42,-6.58,-2.07,-12.88,-28.28,-1.34
2025-01-01,2025,1,Chicken **,Other Food,($/kg),1.54,8.45,4.05,-1.91,-25.6,2.02
2025-02-01,2025,2,Chicken **,Other Food,($/kg),1.63,5.84,7.24,7.24,-13.3,1.1
2025-03-01,2025,3,Chicken **,Other Food,($/kg),1.63,0.0,14.79,6.54,-8.43,-0.13
2025-04-01,2025,4,Chicken **,Other Food,($/kg),1.74,6.75,12.99,20.83,37.01,1.11
2025-05-01,2025,5,Chicken **,Other Food,($/kg),1.78,2.3,9.2,17.88,17.11,0.11
2025-06-01,2025,6,Chicken **,Other Food,($/kg),1.78,0.0,9.2,27.14,13.38,-0.29
2025-07-01,2025,7,Chicken **,Other Food,($/kg),1.78,0.0,2.3,33.83,17.11,-0.47
2025-08-01,2025,8,Chicken **,Other Food,($/kg),1.67,-6.18,-6.18,21.01,11.33,-2.19
2025-09-01,2025,9,Chicken **,Other Food,($/kg),1.74,4.19,-2.25,20.0,18.37,0.53
2025-10-01,2025,10,Chicken **,Other Food,($/kg),1.72,-1.15,-3.37,16.22,14.67,-0.6
2025-11-01,2025,11,Chicken **,Other Food,($/kg),1.77,2.91,5.99,16.45,4.12,0.33
2025-12-01,2025,12,Chicken **,Other Food,($/kg),1.78,0.56,2.3,25.35,-1.66,-0.17
2026-01-01,2026,1,Chicken **,Other Food,($/kg),1.75,-1.69,1.74,13.64,-3.31,-0.92
2026-02-01,2026,2,Chicken **,Other Food,($/kg),1.79,2.29,1.13,9.82,-1.1,0.33
2026-03-01,2026,3,Chicken **,Other Food,($/kg),1.66,-7.26,-6.74,1.84,-12.17,-2.49
2026-04-01,2026,4,Chicken **,Other Food,($/kg),1.75,5.42,0.0,0.57,-22.57,1.3
2026-05-01,2026,5,Chicken **,Other Food,($/kg),1.86,6.29,3.91,4.49,-21.52,1.61
2026-06-01,2026,6,Chicken **,Other Food,($/kg),1.77,-4.84,6.63,-0.56,-25.63,-1.26
2026-07-01,2026,7,Chicken **,Other Food,($/kg),1.73,-2.26,-1.14,-2.81,-27.31,-0.52
2026-08-01,2026,8,Chicken **,Other Food,($/kg),1.69,-2.31,-9.14,1.2,-28.99,-0.48
2026-09-01,2026,9,Chicken **,Other Food,($/kg),1.81,7.1,2.26,4.02,-1.09,1.66
1970-01-01,1970,1,"Coal, Australian",Energy,($/mt),7.8,,,,,
1970-02-01,1970,2,"Coal, Australian",Energy,($/mt),7.8,0.0,,,,
1970-03-01,1970,3,"Coal, Australian",Energy,($/mt),7.8,0.0,,,,
1970-04-01,1970,4,"Coal, Australian",Energy,($/mt),7.8,0.0,0.0,,,
1970-05-01,1970,5,"Coal, Australian",Energy,($/mt),7.8,0.0,0.0,,,
1970-06-01,1970,6,"Coal, Australian",Energy,($/mt),7.8,0.0,0.0,,,
1970-07-01,1970,7,"Coal, Australian",Energy,($/mt),7.8,0.0,0.0,,,
1970-08-01,1970,8,"Coal, Australian",Energy,($/mt),7.8,0.0,0.0,,,0.0
1970-09-01,1970,9,"Coal, Australian",Energy,($/mt),7.8,0.0,0.0,,,0.0
1970-10-01,1970,10,"Coal, Australian",Energy,($/mt),7.8,0.0,0.0,,,0.0
1970-11-01,1970,11,"Coal, Australian",Energy,($/mt),7.8,0.0,0.0,,,0.0
1970-12-01,1970,12,"Coal, Australian",Energy,($/mt),7.8,0.0,0.0,,,0.0
1971-01-01,1971,1,"Coal, Australian",Energy,($/mt),8.7,11.54,11.54,11.54,,0.0
1971-02-01,1971,2,"Coal, Australian",Energy,($/mt),8.7,0.0,11.54,11.54,,-0.29
1971-03-01,1971,3,"Coal, Australian",Energy,($/mt),8.7,0.0,11.54,11.54,,-0.29
1971-04-01,1971,4,"Coal, Australian",Energy,($/mt),8.7,0.0,0.0,11.54,,-0.29
1971-05-01,1971,5,"Coal, Australian",Energy,($/mt),8.7,0.0,0.0,11.54,,-0.29
1971-06-01,1971,6,"Coal, Australian",Energy,($/mt),8.7,0.0,0.0,11.54,,-0.29
1971-07-01,1971,7,"Coal, Australian",Energy,($/mt),8.7,0.0,0.0,11.54,,-0.29
1971-08-01,1971,8,"Coal, Australian",Energy,($/mt),8.7,0.0,0.0,11.54,,-0.29
1971-09-01,1971,9,"Coal, Australian",Energy,($/mt),8.7,0.0,0.0,11.54,,-0.29
1971-10-01,1971,10,"Coal, Australian",Energy,($/mt),8.7,0.0,0.0,11.54,,-0.29
1971-11-01,1971,11,"Coal, Australian",Energy,($/mt),8.7,0.0,0.0,11.54,,-0.29
1971-12-01,1971,12,"Coal, Australian",Energy,($/mt),8.7,0.0,0.0,11.54,,-0.29
1972-01-01,1972,1,"Coal, Australian",Energy,($/mt),9.6,10.34,10.34,10.34,,2.82
1972-02-01,1972,2,"Coal, Australian",Energy,($/mt),9.6,0.0,10.34,10.34,,-0.29
1972-03-01,1972,3,"Coal, Australian",Energy,($/mt),9.6,0.0,10.34,10.34,,-0.29
1972-04-01,1972,4,"Coal, Australian",Energy,($/mt),9.6,0.0,0.0,10.34,,-0.29
1972-05-01,1972,5,"Coal, Australian",Energy,($/mt),9.6,0.0,0.0,10.34,,-0.29
1972-06-01,1972,6,"Coal, Australian",Energy,($/mt),9.6,0.0,0.0,10.34,,-0.29
1972-07-01,1972,7,"Coal, Australian",Energy,($/mt),9.6,0.0,0.0,10.34,,-0.29
1972-08-01,1972,8,"Coal, Australian",Energy,($/mt),9.6,0.0,0.0,10.34,,-0.29
1972-09-01,1972,9,"Coal, Australian",Energy,($/mt),9.6,0.0,0.0,10.34,,-0.29
1972-10-01,1972,10,"Coal, Australian",Energy,($/mt),9.6,0.0,0.0,10.34,,-0.29
1972-11-01,1972,11,"Coal, Australian",Energy,($/mt),9.6,0.0,0.0,10.34,,-0.29
1972-12-01,1972,12,"Coal, Australian",Energy,($/mt),9.6,0.0,0.0,10.34,,-0.29
1973-01-01,1973,1,"Coal, Australian",Energy,($/mt),11.5,19.79,19.79,19.79,,6.34
1973-02-01,1973,2,"Coal, Australian",Energy,($/mt),11.5,0.0,19.79,19.79,,-0.29
1973-03-01,1973,3,"Coal, Australian",Energy,($/mt),11.5,0.0,19.79,19.79,,-0.29
1973-04-01,1973,4,"Coal, Australian",Energy,($/mt),11.5,0.0,0.0,19.79,,-0.29
1973-05-01,1973,5,"Coal, Australian",Energy,($/mt),11.5,0.0,0.0,19.79,,-0.29
1973-06-01,1973,6,"Coal, Australian",Energy,($/mt),11.5,0.0,0.0,19.79,,-0.29
1973-07-01,1973,7,"Coal, Australian",Energy,($/mt),11.5,0.0,0.0,19.79,,-0.29
1973-08-01,1973,8,"Coal, Australian",Energy,($/mt),11.5,0.0,0.0,19.79,,-0.29
1973-09-01,1973,9,"Coal, Australian",Energy,($/mt),11.5,0.0,0.0,19.79,,-0.29
1973-10-01,1973,10,"Coal, Australian",Energy,($/mt),11.5,0.0,0.0,19.79,,-0.29
1973-11-01,1973,11,"Coal, Australian",Energy,($/mt),11.5,0.0,0.0,19.79,,-0.29
1973-12-01,1973,12,"Coal, Australian",Energy,($/mt),11.5,0.0,0.0,19.79,,-0.29
1974-01-01,1974,1,"Coal, Australian",Energy,($/mt),16.9,46.96,46.96,46.96,,7.93
1974-02-01,1974,2,"Coal, Australian",Energy,($/mt),16.9,0.0,46.96,46.96,,-0.29
1974-03-01,1974,3,"Coal, Australian",Energy,($/mt),16.9,0.0,46.96,46.96,,-0.29
1974-04-01,1974,4,"Coal, Australian",Energy,($/mt),16.9,0.0,0.0,46.96,,-0.29
1974-05-01,1974,5,"Coal, Australian",Energy,($/mt),16.9,0.0,0.0,46.96,,-0.29
1974-06-01,1974,6,"Coal, Australian",Energy,($/mt),16.9,0.0,0.0,46.96,,-0.29
1974-07-01,1974,7,"Coal, Australian",Energy,($/mt),16.9,0.0,0.0,46.96,,-0.29
1974-08-01,1974,8,"Coal, Australian",Energy,($/mt),16.9,0.0,0.0,46.96,,-0.29
1974-09-01,1974,9,"Coal, Australian",Energy,($/mt),16.9,0.0,0.0,46.96,,-0.29
1974-10-01,1974,10,"Coal, Australian",Energy,($/mt),16.9,0.0,0.0,46.96,,-0.29
1974-11-01,1974,11,"Coal, Australian",Energy,($/mt),16.9,0.0,0.0,46.96,,-0.29
1974-12-01,1974,12,"Coal, Australian",Energy,($/mt),16.9,0.0,0.0,46.96,,-0.29
1975-01-01,1975,1,"Coal, Australian",Energy,($/mt),26.8,58.58,58.58,58.58,243.59,4.03
1975-02-01,1975,2,"Coal, Australian",Energy,($/mt),26.8,0.0,58.58,58.58,243.59,-0.29
1975-03-01,1975,3,"Coal, Australian",Energy,($/mt),26.8,0.0,58.58,58.58,243.59,-0.29
1975-04-01,1975,4,"Coal, Australian",Energy,($/mt),26.8,0.0,0.0,58.58,243.59,-0.29
1975-05-01,1975,5,"Coal, Australian",Energy,($/mt),26.8,0.0,0.0,58.58,243.59,-0.29
1975-06-01,1975,6,"Coal, Australian",Energy,($/mt),26.8,0.0,0.0,58.58,243.59,-0.29
1975-07-01,1975,7,"Coal, Australian",Energy,($/mt),26.8,0.0,0.0,58.58,243.59,-0.29
1975-08-01,1975,8,"Coal, Australian",Energy,($/mt),26.8,0.0,0.0,58.58,243.59,-0.29
1975-09-01,1975,9,"Coal, Australian",Energy,($/mt),26.8,0.0,0.0,58.58,243.59,-0.29
1975-10-01,1975,10,"Coal, Australian",Energy,($/mt),26.8,0.0,0.0,58.58,243.59,-0.29
1975-11-01,1975,11,"Coal, Australian",Energy,($/mt),26.8,0.0,0.0,58.58,243.59,-0.29
1975-12-01,1975,12,"Coal, Australian",Energy,($/mt),26.8,0.0,0.0,58.58,243.59,-0.29
1976-01-01,1976,1,"Coal, Australian",Energy,($/mt),27.2,1.49,1.49,1.49,212.64,-0.2
1976-02-01,1976,2,"Coal, Australian",Energy,($/mt),27.2,0.0,1.49,1.49,212.64,-0.29
1976-03-01,1976,3,"Coal, Australian",Energy,($/mt),27.2,0.0,1.49,1.49,212.64,-0.29
1976-04-01,1976,4,"Coal, Australian",Energy,($/mt),27.2,0.0,0.0,1.49,212.64,-0.29
1976-05-01,1976,5,"Coal, Australian",Energy,($/mt),27.2,0.0,0.0,1.49,212.64,-0.29
1976-06-01,1976,6,"Coal, Australian",Energy,($/mt),27.2,0.0,0.0,1.49,212.64,-0.29
1976-07-01,1976,7,"Coal, Australian",Energy,($/mt),27.2,0.0,0.0,1.49,212.64,-0.29
1976-08-01,1976,8,"Coal, Australian",Energy,($/mt),27.2,0.0,0.0,1.49,212.64,-0.29
1976-09-01,1976,9,"Coal, Australian",Energy,($/mt),27.2,0.0,0.0,1.49,212.64,-0.29
1976-10-01,1976,10,"Coal, Australian",Energy,($/mt),27.2,0.0,0.0,1.49,212.64,-0.29
1976-11-01,1976,11,"Coal, Australian",Energy,($/mt),27.2,0.0,0.0,1.49,212.64,-0.29
1976-12-01,1976,12,"Coal, Australian",Energy,($/mt),27.2,0.0,0.0,1.49,212.64,-0.29
1977-01-01,1977,1,"Coal, Australian",Energy,($/mt),28.7,5.51,5.51,5.51,198.96,12.51
1977-02-01,1977,2,"Coal, Australian",Energy,($/mt),28.7,0.0,5.51,5.51,198.96,-0.29
1977-03-01,1977,3,"Coal, Australian",Energy,($/mt),28.7,0.0,5.51,5.51,198.96,-0.29
1977-04-01,1977,4,"Coal, Australian",Energy,($/mt),28.7,0.0,0.0,5.51,198.96,-0.29
1977-05-01,1977,5,"Coal, Australian",Energy,($/mt),28.7,0.0,0.0,5.51,198.96,-0.29
1977-06-01,1977,6,"Coal, Australian",Energy,($/mt),28.7,0.0,0.0,5.51,198.96,-0.29
1977-07-01,1977,7,"Coal, Australian",Energy,($/mt),28.7,0.0,0.0,5.51,198.96,-0.29
1977-08-01,1977,8,"Coal, Australian",Energy,($/mt),28.7,0.0,0.0,5.51,198.96,-0.29
1977-09-01,1977,9,"Coal, Australian",Energy,($/mt),28.7,0.0,0.0,5.51,198.96,-0.29
1977-10-01,1977,10,"Coal, Australian",Energy,($/mt),28.7,0.0,0.0,5.51,198.96,-0.29
1977-11-01,1977,11,"Coal, Australian",Energy,($/mt),28.7,0.0,0.0,5.51,198.96,-0.29
1977-12-01,1977,12,"Coal, Australian",Energy,($/mt),28.7,0.0,0.0,5.51,198.96,-0.29
1978-01-01,1978,1,"Coal, Australian",Energy,($/mt),27.9,-2.79,-2.79,-2.79,142.61,-2.04
1978-02-01,1978,2,"Coal, Australian",Energy,($/mt),27.1,-2.87,-5.57,-5.57,135.65,-3.27
1978-03-01,1978,3,"Coal, Australian",Energy,($/mt),27.1,0.0,-5.57,-5.57,135.65,0.43
1978-04-01,1978,4,"Coal, Australian",Energy,($/mt),27.1,0.0,-2.87,-5.57,135.65,0.43
1978-05-01,1978,5,"Coal, Australian",Energy,($/mt),28.6,5.54,5.54,-0.35,148.7,5.46
1978-06-01,1978,6,"Coal, Australian",Energy,($/mt),30.2,5.59,11.44,5.23,162.61,2.72
1978-07-01,1978,7,"Coal, Australian",Energy,($/mt),30.2,0.0,11.44,5.23,162.61,-0.17
1978-08-01,1978,8,"Coal, Australian",Energy,($/mt),30.2,0.0,5.59,5.23,162.61,-0.17
1978-09-01,1978,9,"Coal, Australian",Energy,($/mt),30.2,0.0,0.0,5.23,162.61,-0.17
1978-10-01,1978,10,"Coal, Australian",Energy,($/mt),30.2,0.0,0.0,5.23,162.61,-0.17
1978-11-01,1978,11,"Coal, Australian",Energy,($/mt),30.2,0.0,0.0,5.23,162.61,-0.17
1978-12-01,1978,12,"Coal, Australian",Energy,($/mt),30.2,0.0,0.0,5.23,162.61,-0.17
1979-01-01,1979,1,"Coal, Australian",Energy,($/mt),30.2,0.0,0.0,8.24,78.7,-0.17
1979-02-01,1979,2,"Coal, Australian",Energy,($/mt),30.2,0.0,0.0,11.44,78.7,-0.28
1979-03-01,1979,3,"Coal, Australian",Energy,($/mt),30.2,0.0,0.0,11.44,78.7,-0.43
1979-04-01,1979,4,"Coal, Australian",Energy,($/mt),30.2,0.0,0.0,11.44,78.7,-0.43
1979-05-01,1979,5,"Coal, Australian",Energy,($/mt),30.2,0.0,0.0,5.59,78.7,-0.43
1979-06-01,1979,6,"Coal, Australian",Energy,($/mt),30.2,0.0,0.0,0.0,78.7,-0.29
1979-07-01,1979,7,"Coal, Australian",Energy,($/mt),30.2,0.0,0.0,0.0,78.7,0.0
1979-08-01,1979,8,"Coal, Australian",Energy,($/mt),31.3,3.64,3.64,3.64,85.21,0.0
1979-09-01,1979,9,"Coal, Australian",Energy,($/mt),31.3,0.0,3.64,3.64,85.21,-0.29
1979-10-01,1979,10,"Coal, Australian",Energy,($/mt),32.4,3.51,7.28,7.28,91.72,3.05
1979-11-01,1979,11,"Coal, Australian",Energy,($/mt),32.4,0.0,3.51,7.28,91.72,-0.43
1979-12-01,1979,12,"Coal, Australian",Energy,($/mt),32.4,0.0,3.51,7.28,91.72,-0.43
1980-01-01,1980,1,"Coal, Australian",Energy,($/mt),32.4,0.0,0.0,7.28,20.9,-0.43
1980-02-01,1980,2,"Coal, Australian",Energy,($/mt),32.4,0.0,0.0,7.28,20.9,-0.43
1980-03-01,1980,3,"Coal, Australian",Energy,($/mt),32.4,0.0,0.0,7.28,20.9,-0.43
1980-04-01,1980,4,"Coal, Australian",Energy,($/mt),39.5,21.91,21.91,30.79,47.39,15.3
1980-05-01,1980,5,"Coal, Australian",Energy,($/mt),40.1,1.52,23.77,32.78,49.63,-0.14
1980-06-01,1980,6,"Coal, Australian",Energy,($/mt),40.7,1.5,25.62,34.77,51.87,-0.17
1980-07-01,1980,7,"Coal, Australian",Energy,($/mt),40.7,0.0,3.04,34.77,51.87,-0.43
1980-08-01,1980,8,"Coal, Australian",Energy,($/mt),44.2,8.6,10.22,41.21,64.93,0.95
1980-09-01,1980,9,"Coal, Australian",Energy,($/mt),44.6,0.9,9.58,42.49,66.42,-0.34
1980-10-01,1980,10,"Coal, Australian",Energy,($/mt),44.6,0.0,9.58,37.65,66.42,-0.49
1980-11-01,1980,11,"Coal, Australian",Energy,($/mt),45.0,0.9,1.81,38.89,67.91,-0.3
1980-12-01,1980,12,"Coal, Australian",Energy,($/mt),45.0,0.0,0.9,38.89,67.91,-0.46
1981-01-01,1981,1,"Coal, Australian",Energy,($/mt),45.0,0.0,0.9,38.89,65.44,-0.46
1981-02-01,1981,2,"Coal, Australian",Energy,($/mt),45.0,0.0,0.0,38.89,65.44,-0.46
1981-03-01,1981,3,"Coal, Australian",Energy,($/mt),45.0,0.0,0.0,38.89,65.44,-0.46
1981-04-01,1981,4,"Coal, Australian",Energy,($/mt),56.5,25.56,25.56,43.04,107.72,3.51
1981-05-01,1981,5,"Coal, Australian",Energy,($/mt),56.5,0.0,25.56,40.9,107.72,-0.44
1981-06-01,1981,6,"Coal, Australian",Energy,($/mt),56.5,0.0,25.56,38.82,107.72,-0.42
1981-07-01,1981,7,"Coal, Australian",Energy,($/mt),56.5,0.0,0.0,38.82,107.72,-0.4
1981-08-01,1981,8,"Coal, Australian",Energy,($/mt),56.5,0.0,0.0,27.83,107.72,-0.4
1981-09-01,1981,9,"Coal, Australian",Energy,($/mt),56.5,0.0,0.0,26.68,107.72,-0.31
1981-10-01,1981,10,"Coal, Australian",Energy,($/mt),56.5,0.0,0.0,26.68,107.72,-0.3
1981-11-01,1981,11,"Coal, Australian",Energy,($/mt),56.5,0.0,0.0,25.56,107.72,-0.3
1981-12-01,1981,12,"Coal, Australian",Energy,($/mt),56.5,0.0,0.0,25.56,107.72,-0.29
1982-01-01,1982,1,"Coal, Australian",Energy,($/mt),55.6,-1.59,-1.59,23.56,93.73,-0.5
1982-02-01,1982,2,"Coal, Australian",Energy,($/mt),55.6,0.0,-1.59,23.56,93.73,-0.27
1982-03-01,1982,3,"Coal, Australian",Energy,($/mt),55.6,0.0,-1.59,23.56,93.73,-0.27
1982-04-01,1982,4,"Coal, Australian",Energy,($/mt),55.6,0.0,0.0,-1.59,93.73,-0.27
1982-05-01,1982,5,"Coal, Australian",Energy,($/mt),55.6,0.0,0.0,-1.59,93.73,0.29
1982-06-01,1982,6,"Coal, Australian",Energy,($/mt),55.6,0.0,0.0,-1.59,93.73,0.29
1982-07-01,1982,7,"Coal, Australian",Energy,($/mt),55.6,0.0,0.0,-1.59,93.73,0.29
1982-08-01,1982,8,"Coal, Australian",Energy,($/mt),55.6,0.0,0.0,-1.59,93.73,0.29
1982-09-01,1982,9,"Coal, Australian",Energy,($/mt),55.6,0.0,0.0,-1.59,93.73,0.29
1982-10-01,1982,10,"Coal, Australian",Energy,($/mt),55.6,0.0,0.0,-1.59,93.73,0.29
1982-11-01,1982,11,"Coal, Australian",Energy,($/mt),55.6,0.0,0.0,-1.59,93.73,0.29
1982-12-01,1982,12,"Coal, Australian",Energy,($/mt),45.5,-18.17,-18.17,-19.47,58.54,-39.22
1983-01-01,1983,1,"Coal, Australian",Energy,($/mt),43.0,-5.49,-22.66,-22.66,54.12,-0.74
1983-02-01,1983,2,"Coal, Australian",Energy,($/mt),43.0,0.0,-22.66,-22.66,58.67,0.37
1983-03-01,1983,3,"Coal, Australian",Energy,($/mt),43.0,0.0,-5.49,-22.66,58.67,0.37
1983-04-01,1983,4,"Coal, Australian",Energy,($/mt),43.0,0.0,0.0,-22.66,58.67,0.37
1983-05-01,1983,5,"Coal, Australian",Energy,($/mt),43.0,0.0,0.0,-22.66,50.35,0.37
1983-06-01,1983,6,"Coal, Australian",Energy,($/mt),43.0,0.0,0.0,-22.66,42.38,0.37
1983-07-01,1983,7,"Coal, Australian",Energy,($/mt),34.8,-19.07,-19.07,-37.41,15.23,-3.2
1983-08-01,1983,8,"Coal, Australian",Energy,($/mt),34.8,0.0,-19.07,-37.41,15.23,0.49
1983-09-01,1983,9,"Coal, Australian",Energy,($/mt),34.8,0.0,-19.07,-37.41,15.23,0.49
1983-10-01,1983,10,"Coal, Australian",Energy,($/mt),34.8,0.0,0.0,-37.41,15.23,0.49
1983-11-01,1983,11,"Coal, Australian",Energy,($/mt),32.0,-8.05,-8.05,-42.45,5.96,-0.62
1983-12-01,1983,12,"Coal, Australian",Energy,($/mt),29.3,-8.44,-15.8,-35.6,-2.98,-0.58
1984-01-01,1984,1,"Coal, Australian",Energy,($/mt),29.3,0.0,-15.8,-31.86,-2.98,0.57
1984-02-01,1984,2,"Coal, Australian",Energy,($/mt),29.3,0.0,-8.44,-31.86,-2.98,0.49
1984-03-01,1984,3,"Coal, Australian",Energy,($/mt),29.3,0.0,0.0,-31.86,-2.98,0.49
1984-04-01,1984,4,"Coal, Australian",Energy,($/mt),29.3,0.0,0.0,-31.86,-2.98,0.49
1984-05-01,1984,5,"Coal, Australian",Energy,($/mt),29.3,0.0,0.0,-31.86,-2.98,0.49
1984-06-01,1984,6,"Coal, Australian",Energy,($/mt),31.8,8.53,8.53,-26.05,5.3,1.92
1984-07-01,1984,7,"Coal, Australian",Energy,($/mt),31.8,0.0,8.53,-8.62,5.3,0.33
1984-08-01,1984,8,"Coal, Australian",Energy,($/mt),31.8,0.0,8.53,-8.62,1.6,0.15
1984-09-01,1984,9,"Coal, Australian",Energy,($/mt),31.8,0.0,0.0,-8.62,1.6,0.15
1984-10-01,1984,10,"Coal, Australian",Energy,($/mt),31.8,0.0,0.0,-8.62,-1.85,0.15
1984-11-01,1984,11,"Coal, Australian",Energy,($/mt),32.8,3.14,3.14,2.5,1.23,0.89
1984-12-01,1984,12,"Coal, Australian",Energy,($/mt),33.8,3.05,6.29,15.36,4.32,0.75
1985-01-01,1985,1,"Coal, Australian",Energy,($/mt),33.8,0.0,6.29,15.36,4.32,-0.47
1985-02-01,1985,2,"Coal, Australian",Energy,($/mt),33.8,0.0,3.05,15.36,4.32,-0.47
1985-03-01,1985,3,"Coal, Australian",Energy,($/mt),33.8,0.0,0.0,15.36,4.32,-0.47
1985-04-01,1985,4,"Coal, Australian",Energy,($/mt),33.8,0.0,0.0,15.36,-14.43,-0.47
1985-05-01,1985,5,"Coal, Australian",Energy,($/mt),33.8,0.0,0.0,15.36,-15.71,-0.47
1985-06-01,1985,6,"Coal, Australian",Energy,($/mt),33.8,0.0,0.0,6.29,-16.95,-0.47
1985-07-01,1985,7,"Coal, Australian",Energy,($/mt),33.8,0.0,0.0,6.29,-16.95,-0.43
1985-08-01,1985,8,"Coal, Australian",Energy,($/mt),33.8,0.0,0.0,6.29,-23.53,-0.43
1985-09-01,1985,9,"Coal, Australian",Energy,($/mt),33.8,0.0,0.0,6.29,-24.22,-0.43
1985-10-01,1985,10,"Coal, Australian",Energy,($/mt),33.8,0.0,0.0,6.29,-24.22,-0.43
1985-11-01,1985,11,"Coal, Australian",Energy,($/mt),33.8,0.0,0.0,3.05,-24.89,-0.43
1985-12-01,1985,12,"Coal, Australian",Energy,($/mt),33.8,0.0,0.0,0.0,-24.89,-0.29
1986-01-01,1986,1,"Coal, Australian",Energy,($/mt),33.8,0.0,0.0,0.0,-24.89,0.0
1986-02-01,1986,2,"Coal, Australian",Energy,($/mt),33.8,0.0,0.0,0.0,-24.89,0.0
1986-03-01,1986,3,"Coal, Australian",Energy,($/mt),30.8,-8.88,-8.88,-8.88,-31.56,0.0
1986-04-01,1986,4,"Coal, Australian",Energy,($/mt),30.8,0.0,-8.88,-8.88,-45.49,0.29
1986-05-01,1986,5,"Coal, Australian",Energy,($/mt),30.8,0.0,-8.88,-8.88,-45.49,0.29
1986-06-01,1986,6,"Coal, Australian",Energy,($/mt),30.8,0.0,0.0,-8.88,-45.49,0.29
1986-07-01,1986,7,"Coal, Australian",Energy,($/mt),30.8,0.0,0.0,-8.88,-45.49,0.29
1986-08-01,1986,8,"Coal, Australian",Energy,($/mt),30.8,0.0,0.0,-8.88,-45.49,0.29
1986-09-01,1986,9,"Coal, Australian",Energy,($/mt),30.8,0.0,0.0,-8.88,-45.49,0.29
1986-10-01,1986,10,"Coal, Australian",Energy,($/mt),30.8,0.0,0.0,-8.88,-45.49,0.29
1986-11-01,1986,11,"Coal, Australian",Energy,($/mt),30.8,0.0,0.0,-8.88,-45.49,0.29
1986-12-01,1986,12,"Coal, Australian",Energy,($/mt),29.3,-4.87,-4.87,-13.31,-48.14,-1.61
1987-01-01,1987,1,"Coal, Australian",Energy,($/mt),29.3,0.0,-4.87,-13.31,-47.3,0.41
1987-02-01,1987,2,"Coal, Australian",Energy,($/mt),29.3,0.0,-4.87,-13.31,-47.3,0.41
1987-03-01,1987,3,"Coal, Australian",Energy,($/mt),29.3,0.0,0.0,-4.87,-47.3,0.41
1987-04-01,1987,4,"Coal, Australian",Energy,($/mt),24.8,-15.36,-15.36,-19.48,-55.4,-10.64
1987-05-01,1987,5,"Coal, Australian",Energy,($/mt),24.8,0.0,-15.36,-19.48,-55.4,0.37
1987-06-01,1987,6,"Coal, Australian",Energy,($/mt),24.8,0.0,-15.36,-19.48,-55.4,0.37
1987-07-01,1987,7,"Coal, Australian",Energy,($/mt),27.0,8.87,8.87,-12.34,-51.44,2.33
1987-08-01,1987,8,"Coal, Australian",Energy,($/mt),27.0,0.0,8.87,-12.34,-51.44,0.17
1987-09-01,1987,9,"Coal, Australian",Energy,($/mt),27.0,0.0,8.87,-12.34,-51.44,0.17
1987-10-01,1987,10,"Coal, Australian",Energy,($/mt),27.0,0.0,0.0,-12.34,-51.44,0.17
1987-11-01,1987,11,"Coal, Australian",Energy,($/mt),29.0,7.41,7.41,-5.84,-47.84,1.53
1987-12-01,1987,12,"Coal, Australian",Energy,($/mt),31.0,6.9,14.81,5.8,-31.87,1.21
1988-01-01,1988,1,"Coal, Australian",Energy,($/mt),31.0,0.0,14.81,5.8,-27.91,-0.11
1988-02-01,1988,2,"Coal, Australian",Energy,($/mt),31.0,0.0,6.9,5.8,-27.91,-0.11
1988-03-01,1988,3,"Coal, Australian",Energy,($/mt),33.0,6.45,6.45,12.63,-23.26,0.95
1988-04-01,1988,4,"Coal, Australian",Energy,($/mt),33.0,0.0,6.45,33.06,-23.26,-0.19
1988-05-01,1988,5,"Coal, Australian",Energy,($/mt),33.0,0.0,6.45,33.06,-23.26,-0.67
1988-06-01,1988,6,"Coal, Australian",Energy,($/mt),36.0,9.09,9.09,45.16,-16.28,1.8
1988-07-01,1988,7,"Coal, Australian",Energy,($/mt),36.0,0.0,9.09,33.33,3.45,-0.8
1988-08-01,1988,8,"Coal, Australian",Energy,($/mt),36.0,0.0,9.09,33.33,3.45,-0.67
1988-09-01,1988,9,"Coal, Australian",Energy,($/mt),37.0,2.78,2.78,37.04,6.32,0.08
1988-10-01,1988,10,"Coal, Australian",Energy,($/mt),37.0,0.0,2.78,37.04,6.32,-0.75
1988-11-01,1988,11,"Coal, Australian",Energy,($/mt),37.5,1.35,4.17,29.31,17.19,-0.38
1988-12-01,1988,12,"Coal, Australian",Energy,($/mt),38.0,1.33,2.7,22.58,29.69,-0.26
1989-01-01,1989,1,"Coal, Australian",Energy,($/mt),38.0,0.0,2.7,22.58,29.69,-0.58
1989-02-01,1989,2,"Coal, Australian",Energy,($/mt),38.0,0.0,1.33,22.58,29.69,-0.58
1989-03-01,1989,3,"Coal, Australian",Energy,($/mt),38.0,0.0,0.0,15.15,29.69,-0.58
1989-04-01,1989,4,"Coal, Australian",Energy,($/mt),38.0,0.0,0.0,15.15,29.69,-0.46
1989-05-01,1989,5,"Coal, Australian",Energy,($/mt),38.0,0.0,0.0,15.15,29.69,-0.46
1989-06-01,1989,6,"Coal, Australian",Energy,($/mt),38.0,0.0,0.0,5.56,19.5,-0.46
1989-07-01,1989,7,"Coal, Australian",Energy,($/mt),38.0,0.0,0.0,5.56,19.5,-0.51
1989-08-01,1989,8,"Coal, Australian",Energy,($/mt),38.0,0.0,0.0,5.56,19.5,-0.51
1989-09-01,1989,9,"Coal, Australian",Energy,($/mt),38.0,0.0,0.0,2.7,19.5,-0.51
1989-10-01,1989,10,"Coal, Australian",Energy,($/mt),38.0,0.0,0.0,2.7,19.5,-0.43
1989-11-01,1989,11,"Coal, Australian",Energy,($/mt),38.0,0.0,0.0,1.33,15.85,-0.43
1989-12-01,1989,12,"Coal, Australian",Energy,($/mt),38.0,0.0,0.0,0.0,12.43,-0.29
1990-01-01,1990,1,"Coal, Australian",Energy,($/mt),38.0,0.0,0.0,0.0,12.43,0.0
1990-02-01,1990,2,"Coal, Australian",Energy,($/mt),38.0,0.0,0.0,0.0,12.43,0.0
1990-03-01,1990,3,"Coal, Australian",Energy,($/mt),38.0,0.0,0.0,0.0,12.43,0.0
1990-04-01,1990,4,"Coal, Australian",Energy,($/mt),38.0,0.0,0.0,0.0,12.43,0.0
1990-05-01,1990,5,"Coal, Australian",Energy,($/mt),40.5,6.58,6.58,6.58,19.82,0.0
1990-06-01,1990,6,"Coal, Australian",Energy,($/mt),40.5,0.0,6.58,6.58,19.82,-0.29
1990-07-01,1990,7,"Coal, Australian",Energy,($/mt),40.5,0.0,6.58,6.58,19.82,-0.29
1990-08-01,1990,8,"Coal, Australian",Energy,($/mt),40.5,0.0,0.0,6.58,19.82,-0.29
1990-09-01,1990,9,"Coal, Australian",Energy,($/mt),40.5,0.0,0.0,6.58,19.82,-0.29
1990-10-01,1990,10,"Coal, Australian",Energy,($/mt),40.5,0.0,0.0,6.58,19.82,-0.29
1990-11-01,1990,11,"Coal, Australian",Energy,($/mt),40.5,0.0,0.0,6.58,19.82,-0.29
1990-12-01,1990,12,"Coal, Australian",Energy,($/mt),40.5,0.0,0.0,6.58,19.82,-0.29
1991-01-01,1991,1,"Coal, Australian",Energy,($/mt),40.5,0.0,0.0,6.58,19.82,-0.29
1991-02-01,1991,2,"Coal, Australian",Energy,($/mt),40.5,0.0,0.0,6.58,19.82,-0.29
1991-03-01,1991,3,"Coal, Australian",Energy,($/mt),39.5,-2.47,-2.47,3.95,28.25,-1.59
1991-04-01,1991,4,"Coal, Australian",Energy,($/mt),39.5,0.0,-2.47,3.95,28.25,-0.16
1991-05-01,1991,5,"Coal, Australian",Energy,($/mt),39.5,0.0,-2.47,-2.47,28.25,-0.16
1991-06-01,1991,6,"Coal, Australian",Energy,($/mt),39.5,0.0,0.0,-2.47,28.25,0.29
1991-07-01,1991,7,"Coal, Australian",Energy,($/mt),39.5,0.0,0.0,-2.47,28.25,0.29
1991-08-01,1991,8,"Coal, Australian",Energy,($/mt),39.5,0.0,0.0,-2.47,28.25,0.29
1991-09-01,1991,9,"Coal, Australian",Energy,($/mt),39.5,0.0,0.0,-2.47,28.25,0.29
1991-10-01,1991,10,"Coal, Australian",Energy,($/mt),39.5,0.0,0.0,-2.47,28.25,0.29
1991-11-01,1991,11,"Coal, Australian",Energy,($/mt),39.5,0.0,0.0,-2.47,28.25,0.29
1991-12-01,1991,12,"Coal, Australian",Energy,($/mt),39.5,0.0,0.0,-2.47,34.81,0.29
1992-01-01,1992,1,"Coal, Australian",Energy,($/mt),39.5,0.0,0.0,-2.47,34.81,0.29
1992-02-01,1992,2,"Coal, Australian",Energy,($/mt),39.5,0.0,0.0,-2.47,34.81,0.29
1992-03-01,1992,3,"Coal, Australian",Energy,($/mt),39.5,0.0,0.0,0.0,34.81,0.29
1992-04-01,1992,4,"Coal, Australian",Energy,($/mt),39.5,0.0,0.0,0.0,59.27,0.0
1992-05-01,1992,5,"Coal, Australian",Energy,($/mt),39.5,0.0,0.0,0.0,59.27,0.0
1992-06-01,1992,6,"Coal, Australian",Energy,($/mt),39.5,0.0,0.0,0.0,59.27,0.0
1992-07-01,1992,7,"Coal, Australian",Energy,($/mt),39.5,0.0,0.0,0.0,46.3,0.0
1992-08-01,1992,8,"Coal, Australian",Energy,($/mt),39.5,0.0,0.0,0.0,46.3,0.0
1992-09-01,1992,9,"Coal, Australian",Energy,($/mt),39.5,0.0,0.0,0.0,46.3,0.0
1992-10-01,1992,10,"Coal, Australian",Energy,($/mt),37.3,-5.57,-5.57,-5.57,38.15,0.0
1992-11-01,1992,11,"Coal, Australian",Energy,($/mt),35.0,-6.17,-11.39,-11.39,20.69,-3.55
1992-12-01,1992,12,"Coal, Australian",Energy,($/mt),35.0,0.0,-11.39,-11.39,12.9,0.43
1993-01-01,1993,1,"Coal, Australian",Energy,($/mt),35.0,0.0,-6.17,-11.39,12.9,0.43
1993-02-01,1993,2,"Coal, Australian",Energy,($/mt),31.0,-11.43,-11.43,-21.52,0.0,-4.57
1993-03-01,1993,3,"Coal, Australian",Energy,($/mt),31.0,0.0,-11.43,-21.52,-6.06,0.51
1993-04-01,1993,4,"Coal, Australian",Energy,($/mt),31.0,0.0,-11.43,-21.52,-6.06,0.51
1993-05-01,1993,5,"Coal, Australian",Energy,($/mt),31.0,0.0,0.0,-21.52,-6.06,0.51
1993-06-01,1993,6,"Coal, Australian",Energy,($/mt),31.0,0.0,0.0,-21.52,-13.89,0.51
1993-07-01,1993,7,"Coal, Australian",Energy,($/mt),31.0,0.0,0.0,-21.52,-13.89,0.51
1993-08-01,1993,8,"Coal, Australian",Energy,($/mt),31.0,0.0,0.0,-21.52,-13.89,0.51
1993-09-01,1993,9,"Coal, Australian",Energy,($/mt),31.0,0.0,0.0,-21.52,-16.22,0.51
1993-10-01,1993,10,"Coal, Australian",Energy,($/mt),31.0,0.0,0.0,-16.89,-16.22,0.51
1993-11-01,1993,11,"Coal, Australian",Energy,($/mt),31.0,0.0,0.0,-11.43,-17.33,0.41
1993-12-01,1993,12,"Coal, Australian",Energy,($/mt),31.0,0.0,0.0,-11.43,-18.42,0.29
1994-01-01,1994,1,"Coal, Australian",Energy,($/mt),31.0,0.0,0.0,-11.43,-18.42,0.29
1994-02-01,1994,2,"Coal, Australian",Energy,($/mt),31.0,0.0,0.0,0.0,-18.42,0.29
1994-03-01,1994,3,"Coal, Australian",Energy,($/mt),29.5,-4.84,-4.84,-4.84,-22.37,0.0
1994-04-01,1994,4,"Coal, Australian",Energy,($/mt),29.5,0.0,-4.84,-4.84,-22.37,0.29
1994-05-01,1994,5,"Coal, Australian",Energy,($/mt),31.4,6.44,1.29,1.29,-17.37,4.9
1994-06-01,1994,6,"Coal, Australian",Energy,($/mt),33.6,7.01,13.9,8.39,-11.58,2.83
1994-07-01,1994,7,"Coal, Australian",Energy,($/mt),33.1,-1.49,12.2,6.77,-12.89,-0.7
1994-08-01,1994,8,"Coal, Australian",Energy,($/mt),33.1,0.0,5.41,6.77,-12.89,-0.19
1994-09-01,1994,9,"Coal, Australian",Energy,($/mt),33.1,0.0,-1.49,6.77,-12.89,-0.19
1994-10-01,1994,10,"Coal, Australian",Energy,($/mt),33.1,0.0,0.0,6.77,-12.89,-0.19
1994-11-01,1994,11,"Coal, Australian",Energy,($/mt),33.1,0.0,0.0,6.77,-12.89,-0.19
1994-12-01,1994,12,"Coal, Australian",Energy,($/mt),36.1,9.06,9.06,16.45,-5.0,2.65
1995-01-01,1995,1,"Coal, Australian",Energy,($/mt),37.1,2.77,12.08,19.68,-2.37,0.35
1995-02-01,1995,2,"Coal, Australian",Energy,($/mt),37.6,1.35,13.6,21.29,-1.05,-0.06
1995-03-01,1995,3,"Coal, Australian",Energy,($/mt),38.4,2.13,6.37,30.17,1.05,0.11
1995-04-01,1995,4,"Coal, Australian",Energy,($/mt),37.1,-3.39,0.0,25.76,-2.37,-1.67
1995-05-01,1995,5,"Coal, Australian",Energy,($/mt),38.8,4.58,3.19,23.57,-4.2,0.7
1995-06-01,1995,6,"Coal, Australian",Energy,($/mt),40.8,5.15,6.25,21.43,0.74,0.93
1995-07-01,1995,7,"Coal, Australian",Energy,($/mt),41.1,0.74,10.78,24.17,1.48,-0.28
1995-08-01,1995,8,"Coal, Australian",Energy,($/mt),40.9,-0.49,5.41,23.56,0.99,-0.73
1995-09-01,1995,9,"Coal, Australian",Energy,($/mt),40.9,0.0,0.25,23.56,0.99,-0.56
1995-10-01,1995,10,"Coal, Australian",Energy,($/mt),41.0,0.24,-0.24,23.87,1.23,-0.49
1995-11-01,1995,11,"Coal, Australian",Energy,($/mt),39.6,-3.41,-3.18,19.64,-2.22,-1.63
1995-12-01,1995,12,"Coal, Australian",Energy,($/mt),39.4,-0.51,-3.67,9.14,-2.72,-0.58
1996-01-01,1996,1,"Coal, Australian",Energy,($/mt),39.4,0.0,-3.9,6.2,-2.72,-0.29
1996-02-01,1996,2,"Coal, Australian",Energy,($/mt),39.3,-0.25,-0.76,4.52,-2.96,-0.3
1996-03-01,1996,3,"Coal, Australian",Energy,($/mt),39.0,-0.76,-1.02,1.56,-1.27,-0.45
1996-04-01,1996,4,"Coal, Australian",Energy,($/mt),39.3,0.77,-0.25,5.93,-0.51,0.24
1996-05-01,1996,5,"Coal, Australian",Energy,($/mt),38.2,-2.8,-2.8,-1.55,-3.29,-1.43
1996-06-01,1996,6,"Coal, Australian",Energy,($/mt),38.2,0.0,-2.05,-6.37,-3.29,0.05
1996-07-01,1996,7,"Coal, Australian",Energy,($/mt),38.4,0.52,-2.29,-6.57,-2.78,0.82
1996-08-01,1996,8,"Coal, Australian",Energy,($/mt),38.4,0.0,0.52,-6.11,-2.78,0.44
1996-09-01,1996,9,"Coal, Australian",Energy,($/mt),38.1,-0.78,-0.26,-6.85,-3.54,-0.21
1996-10-01,1996,10,"Coal, Australian",Energy,($/mt),37.6,-1.31,-2.08,-8.29,-4.81,-0.57
1996-11-01,1996,11,"Coal, Australian",Energy,($/mt),35.7,-5.05,-7.03,-9.85,-9.62,-3.44
1996-12-01,1996,12,"Coal, Australian",Energy,($/mt),35.4,-0.84,-7.09,-10.15,-10.38,0.0
1997-01-01,1997,1,"Coal, Australian",Energy,($/mt),35.2,-0.56,-6.38,-10.66,-10.89,0.19
1997-02-01,1997,2,"Coal, Australian",Energy,($/mt),34.6,-1.7,-3.08,-11.96,-12.41,-0.49
1997-03-01,1997,3,"Coal, Australian",Energy,($/mt),34.5,-0.29,-2.54,-11.54,-12.66,0.47
1997-04-01,1997,4,"Coal, Australian",Energy,($/mt),35.4,2.61,0.57,-9.92,-10.38,2.25
1997-05-01,1997,5,"Coal, Australian",Energy,($/mt),35.7,0.85,3.18,-6.54,-9.62,0.91
1997-06-01,1997,6,"Coal, Australian",Energy,($/mt),34.5,-3.36,0.0,-9.69,-12.66,-1.55
1997-07-01,1997,7,"Coal, Australian",Energy,($/mt),35.0,1.45,-1.13,-8.85,-11.39,1.15
1997-08-01,1997,8,"Coal, Australian",Energy,($/mt),36.9,5.43,3.36,-3.91,-6.58,3.02
1997-09-01,1997,9,"Coal, Australian",Energy,($/mt),37.2,0.81,7.83,-2.36,-5.82,0.41
1997-10-01,1997,10,"Coal, Australian",Energy,($/mt),37.2,0.0,6.29,-1.06,-0.27,0.06
1997-11-01,1997,11,"Coal, Australian",Energy,($/mt),33.6,-9.68,-8.94,-5.88,-4.0,-3.56
1997-12-01,1997,12,"Coal, Australian",Energy,($/mt),31.4,-6.55,-15.59,-11.3,-10.29,-1.67
1998-01-01,1998,1,"Coal, Australian",Energy,($/mt),31.4,0.0,-15.59,-10.8,-10.29,0.23
1998-02-01,1998,2,"Coal, Australian",Energy,($/mt),33.4,6.37,-0.6,-3.47,7.74,1.78
1998-03-01,1998,3,"Coal, Australian",Energy,($/mt),31.9,-4.49,1.59,-7.54,2.9,-0.94
1998-04-01,1998,4,"Coal, Australian",Energy,($/mt),31.2,-2.19,-0.64,-11.86,0.65,-0.35
1998-05-01,1998,5,"Coal, Australian",Energy,($/mt),30.3,-2.88,-9.28,-15.13,-2.26,-0.42
1998-06-01,1998,6,"Coal, Australian",Energy,($/mt),30.0,-0.99,-5.96,-13.04,-3.23,0.06
1998-07-01,1998,7,"Coal, Australian",Energy,($/mt),30.0,0.0,-3.85,-14.29,-3.23,0.23
1998-08-01,1998,8,"Coal, Australian",Energy,($/mt),26.2,-12.67,-13.53,-29.0,-15.48,-2.54
1998-09-01,1998,9,"Coal, Australian",Energy,($/mt),27.1,3.44,-9.67,-27.15,-12.58,1.2
1998-10-01,1998,10,"Coal, Australian",Energy,($/mt),27.1,0.0,-9.67,-27.15,-12.58,0.47
1998-11-01,1998,11,"Coal, Australian",Energy,($/mt),26.1,-3.69,-0.38,-22.32,-15.81,-0.23
1998-12-01,1998,12,"Coal, Australian",Energy,($/mt),26.1,0.0,-3.69,-16.88,-15.81,0.41
1999-01-01,1999,1,"Coal, Australian",Energy,($/mt),26.1,0.0,-3.69,-16.88,-15.81,0.31
1999-02-01,1999,2,"Coal, Australian",Energy,($/mt),26.1,0.0,0.0,-21.86,-15.81,0.31
1999-03-01,1999,3,"Coal, Australian",Energy,($/mt),26.1,0.0,0.0,-18.18,-11.53,0.49
1999-04-01,1999,4,"Coal, Australian",Energy,($/mt),26.1,0.0,0.0,-16.35,-11.53,0.4
1999-05-01,1999,5,"Coal, Australian",Energy,($/mt),26.1,0.0,0.0,-13.86,-16.88,0.35
1999-06-01,1999,6,"Coal, Australian",Energy,($/mt),26.1,0.0,0.0,-13.0,-22.32,0.29
1999-07-01,1999,7,"Coal, Australian",Energy,($/mt),26.1,0.0,0.0,-13.0,-21.15,0.27
1999-08-01,1999,8,"Coal, Australian",Energy,($/mt),26.1,0.0,0.0,-0.38,-21.15,0.27
1999-09-01,1999,9,"Coal, Australian",Energy,($/mt),26.1,0.0,0.0,-3.69,-21.15,0.01
1999-10-01,1999,10,"Coal, Australian",Energy,($/mt),25.6,-1.92,-1.92,-5.54,-22.66,-1.51
1999-11-01,1999,11,"Coal, Australian",Energy,($/mt),25.1,-1.95,-3.83,-3.83,-24.17,-1.29
1999-12-01,1999,12,"Coal, Australian",Energy,($/mt),25.1,0.0,-3.83,-3.83,-30.47,0.43
2000-01-01,2000,1,"Coal, Australian",Energy,($/mt),25.1,0.0,-1.95,-3.83,-32.35,0.43
2000-02-01,2000,2,"Coal, Australian",Energy,($/mt),25.1,0.0,0.0,-3.83,-33.24,0.43
2000-03-01,2000,3,"Coal, Australian",Energy,($/mt),25.1,0.0,0.0,-3.83,-34.64,0.43
2000-04-01,2000,4,"Coal, Australian",Energy,($/mt),25.1,0.0,0.0,-3.83,-32.35,0.43
2000-05-01,2000,5,"Coal, Australian",Energy,($/mt),25.6,1.99,1.99,-1.92,-34.02,3.07
2000-06-01,2000,6,"Coal, Australian",Energy,($/mt),25.6,0.0,1.99,-1.92,-37.25,0.16
2000-07-01,2000,7,"Coal, Australian",Energy,($/mt),25.6,0.0,1.99,-1.92,-37.71,0.16
2000-08-01,2000,8,"Coal, Australian",Energy,($/mt),25.6,0.0,0.0,-1.92,-37.41,0.16
2000-09-01,2000,9,"Coal, Australian",Energy,($/mt),27.2,6.25,6.25,4.21,-33.5,6.36
2000-10-01,2000,10,"Coal, Australian",Energy,($/mt),27.2,0.0,6.25,6.25,-33.66,-0.17
2000-11-01,2000,11,"Coal, Australian",Energy,($/mt),27.2,0.0,6.25,8.37,-31.31,-0.26
2000-12-01,2000,12,"Coal, Australian",Energy,($/mt),30.8,13.24,13.24,22.71,-21.83,6.81
2001-01-01,2001,1,"Coal, Australian",Energy,($/mt),32.1,4.22,18.01,27.89,-18.53,0.6
2001-02-01,2001,2,"Coal, Australian",Energy,($/mt),32.1,0.0,18.01,27.89,-18.32,-0.53
2001-03-01,2001,3,"Coal, Australian",Energy,($/mt),32.6,1.56,5.84,29.88,-16.41,-0.14
2001-04-01,2001,4,"Coal, Australian",Energy,($/mt),33.5,2.76,4.36,33.47,-14.76,0.12
2001-05-01,2001,5,"Coal, Australian",Energy,($/mt),33.8,0.9,5.3,32.03,-11.52,-0.41
2001-06-01,2001,6,"Coal, Australian",Energy,($/mt),33.9,0.3,3.99,32.42,-11.26,-0.53
2001-07-01,2001,7,"Coal, Australian",Energy,($/mt),34.0,0.29,1.49,32.81,-11.46,-0.54
2001-08-01,2001,8,"Coal, Australian",Energy,($/mt),33.8,-0.59,0.0,32.03,-11.98,-0.77
2001-09-01,2001,9,"Coal, Australian",Energy,($/mt),32.8,-2.96,-3.24,20.59,-13.91,-1.35
2001-10-01,2001,10,"Coal, Australian",Energy,($/mt),32.4,-1.22,-4.71,19.12,-13.83,-0.71
2001-11-01,2001,11,"Coal, Australian",Energy,($/mt),29.4,-9.26,-13.02,8.09,-17.65,-2.63
2001-12-01,2001,12,"Coal, Australian",Energy,($/mt),27.4,-6.8,-16.46,-11.04,-22.6,-1.47
2002-01-01,2002,1,"Coal, Australian",Energy,($/mt),27.4,0.0,-15.43,-14.64,-22.16,0.23
2002-02-01,2002,2,"Coal, Australian",Energy,($/mt),28.1,2.55,-4.42,-12.46,-18.79,1.09
2002-03-01,2002,3,"Coal, Australian",Energy,($/mt),27.8,-1.07,1.46,-14.72,-19.42,-0.01
2002-04-01,2002,4,"Coal, Australian",Energy,($/mt),27.1,-2.52,-1.09,-19.1,-23.45,-0.35
2002-05-01,2002,5,"Coal, Australian",Energy,($/mt),26.9,-0.74,-4.27,-20.41,-24.65,0.29
2002-06-01,2002,6,"Coal, Australian",Energy,($/mt),24.9,-7.43,-10.43,-26.55,-27.83,-1.72
2002-07-01,2002,7,"Coal, Australian",Energy,($/mt),23.2,-6.83,-14.39,-31.76,-33.71,-1.22
2002-08-01,2002,8,"Coal, Australian",Energy,($/mt),22.3,-3.88,-17.1,-34.02,-39.57,-0.22
2002-09-01,2002,9,"Coal, Australian",Energy,($/mt),22.7,1.79,-8.84,-30.79,-38.98,1.44
2002-10-01,2002,10,"Coal, Australian",Energy,($/mt),24.5,7.93,5.6,-24.38,-34.14,2.82
2002-11-01,2002,11,"Coal, Australian",Energy,($/mt),24.5,0.0,9.87,-16.67,-27.08,0.44
2002-12-01,2002,12,"Coal, Australian",Energy,($/mt),24.5,0.0,7.93,-10.58,-21.97,0.32
2003-01-01,2003,1,"Coal, Australian",Energy,($/mt),24.9,1.63,1.63,-9.12,-20.7,0.6
2003-02-01,2003,2,"Coal, Australian",Energy,($/mt),25.2,1.2,2.86,-10.32,-24.55,0.46
2003-03-01,2003,3,"Coal, Australian",Energy,($/mt),24.4,-3.17,-0.41,-12.23,-23.51,-0.57
2003-04-01,2003,4,"Coal, Australian",Energy,($/mt),23.5,-3.69,-5.62,-13.28,-24.68,-0.64
2003-05-01,2003,5,"Coal, Australian",Energy,($/mt),23.3,-0.85,-7.54,-13.38,-23.1,0.06
2003-06-01,2003,6,"Coal, Australian",Energy,($/mt),24.1,3.43,-1.23,-3.21,-19.67,1.07
2003-07-01,2003,7,"Coal, Australian",Energy,($/mt),24.4,1.24,3.83,5.17,-18.67,0.37
2003-08-01,2003,8,"Coal, Australian",Energy,($/mt),25.3,3.69,8.58,13.45,-3.44,0.97
2003-09-01,2003,9,"Coal, Australian",Energy,($/mt),26.7,5.53,10.79,17.62,-1.48,1.42
2003-10-01,2003,10,"Coal, Australian",Energy,($/mt),27.5,3.0,12.7,12.24,1.48,0.47
2003-11-01,2003,11,"Coal, Australian",Energy,($/mt),29.9,8.73,18.18,22.04,14.56,2.81
2003-12-01,2003,12,"Coal, Australian",Energy,($/mt),34.0,13.71,27.34,38.78,30.27,3.42
2004-01-01,2004,1,"Coal, Australian",Energy,($/mt),37.8,11.18,37.45,51.81,44.83,1.71
2004-02-01,2004,2,"Coal, Australian",Energy,($/mt),41.8,10.58,39.8,65.87,60.15,1.28
2004-03-01,2004,3,"Coal, Australian",Energy,($/mt),48.9,16.99,43.82,100.41,87.36,2.21
2004-04-01,2004,4,"Coal, Australian",Energy,($/mt),53.3,9.0,41.01,126.81,104.21,0.46
2004-05-01,2004,5,"Coal, Australian",Energy,($/mt),56.4,5.82,34.93,142.06,116.09,-0.25
2004-06-01,2004,6,"Coal, Australian",Energy,($/mt),59.6,5.67,21.88,147.3,128.35,-0.43
2004-07-01,2004,7,"Coal, Australian",Energy,($/mt),61.4,3.02,15.2,151.64,135.25,-1.06
2004-08-01,2004,8,"Coal, Australian",Energy,($/mt),59.3,-3.42,5.14,134.39,127.2,-2.59
2004-09-01,2004,9,"Coal, Australian",Energy,($/mt),55.4,-6.58,-7.05,107.49,112.26,-2.59
2004-10-01,2004,10,"Coal, Australian",Energy,($/mt),56.6,2.17,-7.82,105.82,121.09,-0.63
2004-11-01,2004,11,"Coal, Australian",Energy,($/mt),52.8,-6.71,-10.96,76.59,110.36,-1.92
2004-12-01,2004,12,"Coal, Australian",Energy,($/mt),52.3,-0.95,-5.6,53.82,108.37,-0.78
2005-01-01,2005,1,"Coal, Australian",Energy,($/mt),53.0,1.34,-6.36,40.21,111.16,-0.34
2005-02-01,2005,2,"Coal, Australian",Energy,($/mt),49.9,-5.85,-5.49,19.38,98.8,-1.26
2005-03-01,2005,3,"Coal, Australian",Energy,($/mt),50.9,2.0,-2.68,4.09,102.79,0.04
2005-04-01,2005,4,"Coal, Australian",Energy,($/mt),51.3,0.79,-3.21,-3.75,104.38,0.06
2005-05-01,2005,5,"Coal, Australian",Energy,($/mt),51.3,0.0,2.81,-9.04,100.39,0.05
2005-06-01,2005,6,"Coal, Australian",Energy,($/mt),51.0,-0.58,0.2,-14.43,99.22,0.03
2005-07-01,2005,7,"Coal, Australian",Energy,($/mt),50.9,-0.2,-0.78,-17.1,98.83,0.29
2005-08-01,2005,8,"Coal, Australian",Energy,($/mt),49.1,-3.54,-4.29,-17.2,91.8,-0.62
2005-09-01,2005,9,"Coal, Australian",Energy,($/mt),45.3,-7.74,-11.18,-18.23,66.54,-1.89
2005-10-01,2005,10,"Coal, Australian",Energy,($/mt),42.5,-6.18,-16.5,-24.91,56.25,-1.32
2005-11-01,2005,11,"Coal, Australian",Energy,($/mt),38.1,-10.35,-22.4,-27.84,40.07,-2.31
2005-12-01,2005,12,"Coal, Australian",Energy,($/mt),38.2,0.26,-15.67,-26.96,24.03,0.71
2006-01-01,2006,1,"Coal, Australian",Energy,($/mt),43.2,13.09,1.65,-18.49,34.58,3.82
2006-02-01,2006,2,"Coal, Australian",Energy,($/mt),47.7,10.42,25.2,-4.41,48.6,1.98
2006-03-01,2006,3,"Coal, Australian",Energy,($/mt),49.8,4.4,30.37,-2.16,52.76,0.68
2006-04-01,2006,4,"Coal, Australian",Energy,($/mt),52.9,6.22,22.45,3.12,57.91,0.9
2006-05-01,2006,5,"Coal, Australian",Energy,($/mt),52.6,-0.57,10.27,2.53,55.62,-0.15
2006-06-01,2006,6,"Coal, Australian",Energy,($/mt),52.4,-0.38,5.22,2.75,54.57,-0.12
2006-07-01,2006,7,"Coal, Australian",Energy,($/mt),52.8,0.76,-0.19,3.73,55.29,0.04
2006-08-01,2006,8,"Coal, Australian",Energy,($/mt),50.9,-3.6,-3.23,3.67,50.59,-0.58
2006-09-01,2006,9,"Coal, Australian",Energy,($/mt),47.1,-7.47,-10.11,3.97,43.6,-1.13
2006-10-01,2006,10,"Coal, Australian",Energy,($/mt),44.1,-6.37,-16.48,3.76,36.11,-0.98
2006-11-01,2006,11,"Coal, Australian",Energy,($/mt),46.0,4.31,-9.63,20.73,56.46,0.53
2006-12-01,2006,12,"Coal, Australian",Energy,($/mt),49.8,8.26,5.73,30.37,81.75,1.04
2007-01-01,2007,1,"Coal, Australian",Energy,($/mt),51.3,3.01,16.33,18.75,87.23,0.09
2007-02-01,2007,2,"Coal, Australian",Energy,($/mt),52.9,3.12,15.0,10.9,88.26,0.27
2007-03-01,2007,3,"Coal, Australian",Energy,($/mt),55.4,4.73,11.24,11.24,99.28,0.77
2007-04-01,2007,4,"Coal, Australian",Energy,($/mt),56.1,1.26,9.36,6.05,107.01,0.05
2007-05-01,2007,5,"Coal, Australian",Energy,($/mt),56.0,-0.18,5.86,6.46,108.18,-0.17
2007-06-01,2007,6,"Coal, Australian",Energy,($/mt),61.6,10.0,11.19,17.56,147.39,2.03
2007-07-01,2007,7,"Coal, Australian",Energy,($/mt),67.3,9.25,19.96,27.46,190.09,1.46
2007-08-01,2007,8,"Coal, Australian",Energy,($/mt),69.4,3.12,23.93,36.35,211.21,0.16
2007-09-01,2007,9,"Coal, Australian",Energy,($/mt),68.4,-1.44,11.04,45.22,201.32,-0.77
2007-10-01,2007,10,"Coal, Australian",Energy,($/mt),74.8,9.36,11.14,69.61,205.31,1.31
2007-11-01,2007,11,"Coal, Australian",Energy,($/mt),84.6,13.1,21.9,83.91,245.31,2.21
2007-12-01,2007,12,"Coal, Australian",Energy,($/mt),91.0,7.57,33.04,82.73,271.43,0.49
2008-01-01,2008,1,"Coal, Australian",Energy,($/mt),91.8,0.88,22.73,78.95,268.67,-0.96
2008-02-01,2008,2,"Coal, Australian",Energy,($/mt),132.0,43.79,56.03,149.53,423.81,8.28
2008-03-01,2008,3,"Coal, Australian",Energy,($/mt),118.3,-10.38,30.0,113.54,384.84,-1.56
2008-04-01,2008,4,"Coal, Australian",Energy,($/mt),123.0,3.97,33.99,119.25,423.4,-0.24
2008-05-01,2008,5,"Coal, Australian",Energy,($/mt),133.2,8.29,0.91,137.86,471.67,0.07
2008-06-01,2008,6,"Coal, Australian",Energy,($/mt),159.8,19.97,35.08,159.42,563.07,0.92
2008-07-01,2008,7,"Coal, Australian",Energy,($/mt),180.0,12.64,46.34,167.46,637.7,0.28
2008-08-01,2008,8,"Coal, Australian",Energy,($/mt),158.4,-12.0,18.92,128.24,526.09,-1.59
2008-09-01,2008,9,"Coal, Australian",Energy,($/mt),150.0,-5.3,-6.13,119.3,461.8,-0.91
2008-10-01,2008,10,"Coal, Australian",Energy,($/mt),108.0,-28.0,-40.0,44.39,292.73,-2.39
2008-11-01,2008,11,"Coal, Australian",Energy,($/mt),92.3,-14.54,-41.73,9.1,208.7,-1.05
2008-12-01,2008,12,"Coal, Australian",Energy,($/mt),78.7,-14.73,-47.53,-13.52,131.47,-0.91
2009-01-01,2009,1,"Coal, Australian",Energy,($/mt),79.4,0.89,-26.48,-13.51,110.05,0.03
2009-02-01,2009,2,"Coal, Australian",Energy,($/mt),75.4,-5.04,-18.31,-42.88,80.38,-0.28
2009-03-01,2009,3,"Coal, Australian",Energy,($/mt),61.0,-19.1,-22.49,-48.44,24.74,-1.14
2009-04-01,2009,4,"Coal, Australian",Energy,($/mt),63.6,4.26,-19.9,-48.29,19.32,0.62
2009-05-01,2009,5,"Coal, Australian",Energy,($/mt),64.5,1.42,-14.46,-51.58,14.36,0.41
2009-06-01,2009,6,"Coal, Australian",Energy,($/mt),71.4,10.7,17.05,-55.32,19.8,1.14
2009-07-01,2009,7,"Coal, Australian",Energy,($/mt),73.8,3.36,16.04,-59.0,20.2,0.74
2009-08-01,2009,8,"Coal, Australian",Energy,($/mt),72.5,-1.76,12.4,-54.23,22.26,0.42
2009-09-01,2009,9,"Coal, Australian",Energy,($/mt),67.6,-6.76,-5.32,-54.93,22.02,-0.1
2009-10-01,2009,10,"Coal, Australian",Energy,($/mt),71.1,5.18,-3.66,-34.17,25.62,0.97
2009-11-01,2009,11,"Coal, Australian",Energy,($/mt),78.8,10.83,8.69,-14.63,49.24,1.5
2009-12-01,2009,12,"Coal, Australian",Energy,($/mt),83.1,5.46,22.93,5.59,58.89,0.69
2010-01-01,2010,1,"Coal, Australian",Energy,($/mt),97.0,16.73,36.43,22.17,83.02,1.93
2010-02-01,2010,2,"Coal, Australian",Energy,($/mt),94.2,-2.89,19.54,24.93,88.78,-0.53
2010-03-01,2010,3,"Coal, Australian",Energy,($/mt),94.4,0.21,13.6,54.75,85.46,-0.22
2010-04-01,2010,4,"Coal, Australian",Energy,($/mt),100.2,6.14,3.3,57.55,95.32,0.34
2010-05-01,2010,5,"Coal, Australian",Energy,($/mt),100.1,-0.1,6.26,55.19,95.13,-0.63
2010-06-01,2010,6,"Coal, Australian",Energy,($/mt),98.2,-1.9,4.03,37.54,92.55,-0.87
2010-07-01,2010,7,"Coal, Australian",Energy,($/mt),96.0,-2.24,-4.19,30.08,88.61,-0.79
2010-08-01,2010,8,"Coal, Australian",Energy,($/mt),89.8,-6.46,-10.29,23.86,82.89,-1.33
2010-09-01,2010,9,"Coal, Australian",Energy,($/mt),94.9,5.68,-3.36,40.38,109.49,0.52
2010-10-01,2010,10,"Coal, Australian",Energy,($/mt),97.5,2.74,1.56,37.13,129.41,-0.05
2010-11-01,2010,11,"Coal, Australian",Energy,($/mt),107.2,9.95,19.38,36.04,181.36,1.09
2010-12-01,2010,12,"Coal, Australian",Energy,($/mt),118.3,10.35,24.66,42.36,209.69,1.18
2011-01-01,2011,1,"Coal, Australian",Energy,($/mt),132.5,12.0,35.9,36.6,206.71,1.31
2011-02-01,2011,2,"Coal, Australian",Energy,($/mt),128.4,-3.09,19.78,36.31,169.18,-0.98
2011-03-01,2011,3,"Coal, Australian",Energy,($/mt),126.1,-1.79,6.59,33.58,153.21,-0.76
2011-04-01,2011,4,"Coal, Australian",Energy,($/mt),122.5,-2.85,-7.55,22.26,131.57,-0.9
2011-05-01,2011,5,"Coal, Australian",Energy,($/mt),119.1,-2.78,-7.24,18.98,126.43,-0.75
2011-06-01,2011,6,"Coal, Australian",Energy,($/mt),120.1,0.84,-4.76,22.3,129.2,-0.13
2011-07-01,2011,7,"Coal, Australian",Energy,($/mt),120.8,0.58,-1.39,25.83,128.79,-0.21
2011-08-01,2011,8,"Coal, Australian",Energy,($/mt),120.1,-0.58,0.84,33.74,135.95,-0.44
2011-09-01,2011,9,"Coal, Australian",Energy,($/mt),123.1,2.5,2.5,29.72,161.36,-0.02
2011-10-01,2011,10,"Coal, Australian",Energy,($/mt),119.4,-3.01,-1.16,22.46,170.75,-0.97
2011-11-01,2011,11,"Coal, Australian",Energy,($/mt),113.8,-4.69,-5.25,6.16,147.39,-1.15
2011-12-01,2011,12,"Coal, Australian",Energy,($/mt),111.6,-1.93,-9.34,-5.66,124.1,-0.48
2012-01-01,2012,1,"Coal, Australian",Energy,($/mt),116.5,4.39,-2.43,-12.08,127.1,1.09
2012-02-01,2012,2,"Coal, Australian",Energy,($/mt),117.0,0.43,2.81,-8.88,121.17,0.55
2012-03-01,2012,3,"Coal, Australian",Energy,($/mt),107.5,-8.12,-3.67,-14.75,94.04,-2.84
2012-04-01,2012,4,"Coal, Australian",Energy,($/mt),103.6,-3.63,-11.07,-15.43,84.67,-0.7
2012-05-01,2012,5,"Coal, Australian",Energy,($/mt),95.8,-7.53,-18.12,-19.56,71.07,-1.82
2012-06-01,2012,6,"Coal, Australian",Energy,($/mt),87.2,-8.98,-18.88,-27.39,41.56,-1.89
2012-07-01,2012,7,"Coal, Australian",Energy,($/mt),88.2,1.15,-14.86,-26.99,31.05,0.87
2012-08-01,2012,8,"Coal, Australian",Energy,($/mt),91.0,3.17,-5.01,-24.23,31.12,1.32
2012-09-01,2012,9,"Coal, Australian",Energy,($/mt),89.0,-2.2,2.06,-27.7,30.12,-0.0
2012-10-01,2012,10,"Coal, Australian",Energy,($/mt),81.9,-7.98,-7.14,-31.41,9.49,-1.24
2012-11-01,2012,11,"Coal, Australian",Energy,($/mt),85.9,4.88,-5.6,-24.52,1.54,1.71
2012-12-01,2012,12,"Coal, Australian",Energy,($/mt),92.9,8.15,4.38,-16.76,2.09,2.03
2013-01-01,2013,1,"Coal, Australian",Energy,($/mt),92.8,-0.11,13.31,-20.34,1.09,0.21
2013-02-01,2013,2,"Coal, Australian",Energy,($/mt),94.9,2.26,10.48,-18.89,-28.11,0.71
2013-03-01,2013,3,"Coal, Australian",Energy,($/mt),91.0,-4.11,-2.05,-15.35,-23.08,-0.44
2013-04-01,2013,4,"Coal, Australian",Energy,($/mt),87.8,-3.52,-5.39,-15.25,-28.62,-0.42
2013-05-01,2013,5,"Coal, Australian",Energy,($/mt),87.7,-0.11,-7.59,-8.46,-34.16,0.21
2013-06-01,2013,6,"Coal, Australian",Energy,($/mt),82.8,-5.59,-9.01,-5.05,-48.19,-0.98
2013-07-01,2013,7,"Coal, Australian",Energy,($/mt),77.3,-6.64,-11.96,-12.36,-57.06,-1.37
2013-08-01,2013,8,"Coal, Australian",Energy,($/mt),77.0,-0.39,-12.2,-15.38,-51.39,0.12
2013-09-01,2013,9,"Coal, Australian",Energy,($/mt),77.6,0.78,-6.28,-12.81,-48.27,0.43
2013-10-01,2013,10,"Coal, Australian",Energy,($/mt),79.4,2.32,2.72,-3.05,-26.48,0.7
2013-11-01,2013,11,"Coal, Australian",Energy,($/mt),82.3,3.65,6.88,-4.19,-10.83,0.88
2013-12-01,2013,12,"Coal, Australian",Energy,($/mt),84.3,2.43,8.63,-9.26,7.12,0.64
2014-01-01,2014,1,"Coal, Australian",Energy,($/mt),81.6,-3.2,2.77,-12.07,2.77,-0.72
2014-02-01,2014,2,"Coal, Australian",Energy,($/mt),76.3,-6.5,-7.29,-19.6,1.19,-1.58
2014-03-01,2014,3,"Coal, Australian",Energy,($/mt),73.3,-3.93,-13.05,-19.45,20.16,-0.6
2014-04-01,2014,4,"Coal, Australian",Energy,($/mt),72.8,-0.68,-10.78,-17.08,14.47,0.29
2014-05-01,2014,5,"Coal, Australian",Energy,($/mt),73.7,1.24,-3.41,-15.96,14.26,0.76
2014-06-01,2014,6,"Coal, Australian",Energy,($/mt),71.5,-2.99,-2.46,-13.65,0.14,-0.44
2014-07-01,2014,7,"Coal, Australian",Energy,($/mt),68.8,-3.78,-5.49,-11.0,-6.78,-0.75
2014-08-01,2014,8,"Coal, Australian",Energy,($/mt),68.9,0.15,-6.51,-10.52,-4.97,0.34
2014-09-01,2014,9,"Coal, Australian",Energy,($/mt),65.9,-4.35,-7.83,-15.08,-2.51,-1.1
2014-10-01,2014,10,"Coal, Australian",Energy,($/mt),63.7,-3.34,-7.41,-19.77,-10.41,-0.63
2014-11-01,2014,11,"Coal, Australian",Energy,($/mt),62.6,-1.73,-9.14,-23.94,-20.56,0.02
2014-12-01,2014,12,"Coal, Australian",Energy,($/mt),62.4,-0.32,-5.31,-25.98,-24.91,0.74
2015-01-01,2015,1,"Coal, Australian",Energy,($/mt),61.4,-1.6,-3.61,-24.75,-36.7,0.38
2015-02-01,2015,2,"Coal, Australian",Energy,($/mt),69.1,12.54,10.38,-9.44,-26.65,6.7
2015-03-01,2015,3,"Coal, Australian",Energy,($/mt),64.8,-6.22,3.85,-11.6,-31.36,-1.21
2015-04-01,2015,4,"Coal, Australian",Energy,($/mt),56.2,-13.27,-8.47,-22.8,-43.91,-2.61
2015-05-01,2015,5,"Coal, Australian",Energy,($/mt),61.2,8.9,-11.43,-16.96,-38.86,1.84
2015-06-01,2015,6,"Coal, Australian",Energy,($/mt),59.0,-3.59,-8.95,-17.48,-39.92,-0.34
2015-07-01,2015,7,"Coal, Australian",Energy,($/mt),59.9,1.53,6.58,-12.94,-37.6,0.44
2015-08-01,2015,8,"Coal, Australian",Energy,($/mt),59.1,-1.34,-3.43,-14.22,-34.19,-0.06
2015-09-01,2015,9,"Coal, Australian",Energy,($/mt),57.7,-2.37,-2.2,-12.44,-39.2,-0.19
2015-10-01,2015,10,"Coal, Australian",Energy,($/mt),54.3,-5.89,-9.35,-14.76,-44.31,-0.75
2015-11-01,2015,11,"Coal, Australian",Energy,($/mt),52.5,-3.31,-11.17,-16.13,-51.03,-0.33
2015-12-01,2015,12,"Coal, Australian",Energy,($/mt),52.2,-0.57,-9.53,-16.35,-55.87,0.1
2016-01-01,2016,1,"Coal, Australian",Energy,($/mt),49.0,-6.13,-9.76,-20.2,-63.02,-0.72
2016-02-01,2016,2,"Coal, Australian",Energy,($/mt),50.3,2.65,-4.19,-27.21,-60.83,0.62
2016-03-01,2016,3,"Coal, Australian",Energy,($/mt),52.2,3.78,0.0,-19.44,-58.6,1.13
2016-04-01,2016,4,"Coal, Australian",Energy,($/mt),50.7,-2.87,3.47,-9.79,-58.61,-0.22
2016-05-01,2016,5,"Coal, Australian",Energy,($/mt),51.3,1.18,1.99,-16.18,-56.93,0.45
2016-06-01,2016,6,"Coal, Australian",Energy,($/mt),52.9,3.12,1.34,-10.34,-55.95,1.41
2016-07-01,2016,7,"Coal, Australian",Energy,($/mt),61.2,15.69,20.71,2.17,-49.34,4.9
2016-08-01,2016,8,"Coal, Australian",Energy,($/mt),67.4,10.13,31.38,14.04,-43.88,1.68
2016-09-01,2016,9,"Coal, Australian",Energy,($/mt),72.7,7.86,37.43,26.0,-40.94,1.02
2016-10-01,2016,10,"Coal, Australian",Energy,($/mt),94.2,29.57,53.92,73.48,-21.11,4.15
2016-11-01,2016,11,"Coal, Australian",Energy,($/mt),103.4,9.77,53.41,96.95,-9.14,0.48
2016-12-01,2016,12,"Coal, Australian",Energy,($/mt),88.2,-14.7,21.32,68.97,-20.97,-2.19
2017-01-01,2017,1,"Coal, Australian",Energy,($/mt),83.7,-5.1,-11.15,70.82,-28.15,-0.9
2017-02-01,2017,2,"Coal, Australian",Energy,($/mt),80.0,-4.42,-22.63,59.05,-31.62,-0.86
2017-03-01,2017,3,"Coal, Australian",Energy,($/mt),80.9,1.12,-8.28,54.98,-24.74,-0.3
2017-04-01,2017,4,"Coal, Australian",Energy,($/mt),83.7,3.46,0.0,65.09,-19.21,-0.07
2017-05-01,2017,5,"Coal, Australian",Energy,($/mt),74.4,-11.11,-7.0,45.03,-22.34,-1.42
2017-06-01,2017,6,"Coal, Australian",Energy,($/mt),81.1,9.01,0.25,53.31,-7.0,0.43
2017-07-01,2017,7,"Coal, Australian",Energy,($/mt),87.5,7.89,4.54,42.97,-0.79,0.3
2017-08-01,2017,8,"Coal, Australian",Energy,($/mt),98.6,12.69,32.53,46.29,8.35,0.77
2017-09-01,2017,9,"Coal, Australian",Energy,($/mt),97.8,-0.81,20.59,34.53,9.89,-0.39
2017-10-01,2017,10,"Coal, Australian",Energy,($/mt),97.1,-0.72,10.97,3.08,18.56,-0.32
2017-11-01,2017,11,"Coal, Australian",Energy,($/mt),96.6,-0.51,-2.03,-6.58,12.46,-0.13
2017-12-01,2017,12,"Coal, Australian",Energy,($/mt),100.8,4.35,3.07,14.29,8.5,0.58
2018-01-01,2018,1,"Coal, Australian",Energy,($/mt),106.5,5.65,9.68,27.24,14.76,0.65
2018-02-01,2018,2,"Coal, Australian",Energy,($/mt),106.0,-0.47,9.73,32.5,11.7,-0.42
2018-03-01,2018,3,"Coal, Australian",Energy,($/mt),96.7,-8.77,-4.07,19.53,6.26,-1.84
2018-04-01,2018,4,"Coal, Australian",Energy,($/mt),93.7,-3.1,-12.02,11.95,6.72,-0.69
2018-05-01,2018,5,"Coal, Australian",Energy,($/mt),105.3,12.38,-0.66,41.53,20.07,1.58
2018-06-01,2018,6,"Coal, Australian",Energy,($/mt),114.3,8.55,18.2,40.94,38.04,0.82
2018-07-01,2018,7,"Coal, Australian",Energy,($/mt),119.6,4.64,27.64,36.69,54.72,0.24
2018-08-01,2018,8,"Coal, Australian",Energy,($/mt),117.3,-1.92,11.4,18.97,52.34,-0.74
2018-09-01,2018,9,"Coal, Australian",Energy,($/mt),114.2,-2.64,-0.09,16.77,47.16,-0.74
2018-10-01,2018,10,"Coal, Australian",Energy,($/mt),108.7,-4.82,-9.11,11.95,36.9,-1.08
2018-11-01,2018,11,"Coal, Australian",Energy,($/mt),100.7,-7.36,-14.15,4.24,22.36,-1.4
2018-12-01,2018,12,"Coal, Australian",Energy,($/mt),101.4,0.7,-11.21,0.6,20.28,0.02
2019-01-01,2019,1,"Coal, Australian",Energy,($/mt),98.6,-2.76,-9.29,-7.42,20.83,-0.47
2019-02-01,2019,2,"Coal, Australian",Energy,($/mt),95.4,-3.25,-5.26,-10.0,25.03,-0.45
2019-03-01,2019,3,"Coal, Australian",Energy,($/mt),93.1,-2.41,-8.19,-3.72,27.01,-0.27
2019-04-01,2019,4,"Coal, Australian",Energy,($/mt),86.8,-6.77,-11.97,-7.36,19.23,-1.14
2019-05-01,2019,5,"Coal, Australian",Energy,($/mt),82.3,-5.18,-13.73,-21.84,11.67,-0.78
2019-06-01,2019,6,"Coal, Australian",Energy,($/mt),72.5,-11.91,-22.13,-36.57,1.4,-2.16
2019-07-01,2019,7,"Coal, Australian",Energy,($/mt),72.1,-0.55,-16.94,-39.72,4.8,0.74
2019-08-01,2019,8,"Coal, Australian",Energy,($/mt),65.6,-9.02,-20.29,-44.08,-4.79,-1.45
2019-09-01,2019,9,"Coal, Australian",Energy,($/mt),66.0,0.61,-8.97,-42.21,0.15,1.46
2019-10-01,2019,10,"Coal, Australian",Energy,($/mt),69.2,4.85,-4.02,-36.34,8.63,2.37
2019-11-01,2019,11,"Coal, Australian",Energy,($/mt),67.0,-3.18,2.13,-33.47,7.03,0.09
2019-12-01,2019,12,"Coal, Australian",Energy,($/mt),66.2,-1.19,0.3,-34.71,6.09,0.45
2020-01-01,2020,1,"Coal, Australian",Energy,($/mt),69.7,5.29,0.72,-29.31,13.52,1.96
2020-02-01,2020,2,"Coal, Australian",Energy,($/mt),67.6,-3.01,0.9,-29.14,-2.17,-0.06
2020-03-01,2020,3,"Coal, Australian",Energy,($/mt),66.7,-1.33,0.76,-28.36,2.93,0.27
2020-04-01,2020,4,"Coal, Australian",Energy,($/mt),58.6,-12.14,-15.93,-32.49,4.27,-1.86
2020-05-01,2020,5,"Coal, Australian",Energy,($/mt),52.5,-10.41,-22.34,-36.21,-14.22,-1.29
2020-06-01,2020,6,"Coal, Australian",Energy,($/mt),52.2,-0.57,-21.74,-28.0,-11.53,0.48
2020-07-01,2020,7,"Coal, Australian",Energy,($/mt),51.6,-1.15,-11.95,-28.43,-13.86,0.26
2020-08-01,2020,8,"Coal, Australian",Energy,($/mt),50.1,-2.91,-4.57,-23.63,-15.23,-0.05
2020-09-01,2020,9,"Coal, Australian",Energy,($/mt),54.6,8.98,4.6,-17.27,-5.37,2.17
2020-10-01,2020,10,"Coal, Australian",Energy,($/mt),58.4,6.96,13.18,-15.61,7.55,1.39
2020-11-01,2020,11,"Coal, Australian",Energy,($/mt),64.4,10.27,28.54,-3.88,22.67,1.84
2020-12-01,2020,12,"Coal, Australian",Energy,($/mt),83.0,28.88,52.01,25.38,59.0,4.13
2021-01-01,2021,1,"Coal, Australian",Energy,($/mt),86.8,4.58,48.63,24.53,77.14,0.2
2021-02-01,2021,2,"Coal, Australian",Energy,($/mt),86.7,-0.12,34.63,28.25,72.37,-0.23
2021-03-01,2021,3,"Coal, Australian",Energy,($/mt),94.9,9.46,14.34,42.28,81.8,0.64
2021-04-01,2021,4,"Coal, Australian",Energy,($/mt),92.2,-2.85,6.22,57.34,81.85,-0.58
2021-05-01,2021,5,"Coal, Australian",Energy,($/mt),107.0,16.05,23.41,103.81,108.58,1.19
2021-06-01,2021,6,"Coal, Australian",Energy,($/mt),130.0,21.5,36.99,149.04,145.75,1.61
2021-07-01,2021,7,"Coal, Australian",Energy,($/mt),152.0,16.92,64.86,194.57,148.37,0.87
2021-08-01,2021,8,"Coal, Australian",Energy,($/mt),169.6,11.58,58.5,238.52,151.63,0.18
2021-09-01,2021,9,"Coal, Australian",Energy,($/mt),185.7,9.49,42.85,240.11,155.43,-0.17
2021-10-01,2021,10,"Coal, Australian",Energy,($/mt),224.5,20.89,47.7,284.42,138.32,1.11
2021-11-01,2021,11,"Coal, Australian",Energy,($/mt),157.5,-29.84,-7.13,144.57,52.32,-4.57
2021-12-01,2021,12,"Coal, Australian",Energy,($/mt),169.7,7.75,-8.62,104.46,92.4,-0.07
2022-01-01,2022,1,"Coal, Australian",Energy,($/mt),197.0,16.09,-12.25,126.96,135.36,0.64
2022-02-01,2022,2,"Coal, Australian",Energy,($/mt),219.8,11.57,39.56,153.52,174.75,0.25
2022-03-01,2022,3,"Coal, Australian",Energy,($/mt),314.0,42.86,85.03,230.87,288.13,2.43
2022-04-01,2022,4,"Coal, Australian",Energy,($/mt),310.9,-0.99,57.82,237.2,271.45,-0.75
2022-05-01,2022,5,"Coal, Australian",Energy,($/mt),371.9,19.62,69.2,247.57,399.87,0.45
2022-06-01,2022,6,"Coal, Australian",Energy,($/mt),374.1,0.59,19.14,187.77,361.28,-0.69
2022-07-01,2022,7,"Coal, Australian",Energy,($/mt),402.2,7.51,29.37,164.61,359.66,-0.18
2022-08-01,2022,8,"Coal, Australian",Energy,($/mt),407.0,1.19,9.44,139.98,312.78,-0.51
2022-09-01,2022,9,"Coal, Australian",Energy,($/mt),430.8,5.85,15.16,131.99,340.49,-0.18
2022-10-01,2022,10,"Coal, Australian",Energy,($/mt),389.8,-9.52,-3.08,73.63,301.44,-1.06
2022-11-01,2022,11,"Coal, Australian",Energy,($/mt),342.2,-12.21,-15.92,117.27,254.24,-1.05
2022-12-01,2022,12,"Coal, Australian",Energy,($/mt),379.2,10.81,-11.98,123.45,276.19,0.23
2023-01-01,2023,1,"Coal, Australian",Energy,($/mt),318.0,-16.14,-18.42,61.42,198.59,-1.64
2023-02-01,2023,2,"Coal, Australian",Energy,($/mt),207.5,-34.75,-39.36,-5.6,95.75,-2.52
2023-03-01,2023,3,"Coal, Australian",Energy,($/mt),187.2,-9.78,-50.63,-40.38,93.59,-0.57
2023-04-01,2023,4,"Coal, Australian",Energy,($/mt),194.3,3.79,-38.9,-37.5,107.36,0.48
2023-05-01,2023,5,"Coal, Australian",Energy,($/mt),160.5,-17.4,-22.65,-56.84,52.42,-1.01
2023-06-01,2023,6,"Coal, Australian",Energy,($/mt),139.4,-13.15,-25.53,-62.74,21.96,-0.55
2023-07-01,2023,7,"Coal, Australian",Energy,($/mt),140.6,0.86,-27.64,-65.04,17.56,0.59
2023-08-01,2023,8,"Coal, Australian",Energy,($/mt),152.6,8.53,-4.92,-62.51,30.09,1.27
2023-09-01,2023,9,"Coal, Australian",Energy,($/mt),162.5,6.49,16.57,-62.28,42.29,1.01
2023-10-01,2023,10,"Coal, Australian",Energy,($/mt),142.1,-12.55,1.07,-63.55,30.73,-0.43
2023-11-01,2023,11,"Coal, Australian",Energy,($/mt),126.8,-10.77,-16.91,-62.95,25.92,-0.27
2023-12-01,2023,12,"Coal, Australian",Energy,($/mt),141.8,11.83,-12.74,-62.61,39.84,1.41
2024-01-01,2024,1,"Coal, Australian",Energy,($/mt),124.9,-11.92,-12.1,-60.72,26.67,-0.37
2024-02-01,2024,2,"Coal, Australian",Energy,($/mt),124.2,-0.56,-2.05,-40.14,30.19,0.45
2024-03-01,2024,3,"Coal, Australian",Energy,($/mt),131.5,5.88,-7.26,-29.75,41.25,0.96
2024-04-01,2024,4,"Coal, Australian",Energy,($/mt),135.0,2.66,8.09,-30.52,55.53,0.5
2024-05-01,2024,5,"Coal, Australian",Energy,($/mt),142.0,5.19,14.33,-11.53,72.54,0.76
2024-06-01,2024,6,"Coal, Australian",Energy,($/mt),135.1,-4.86,2.74,-3.08,86.34,-0.47
2024-07-01,2024,7,"Coal, Australian",Energy,($/mt),137.6,1.85,1.93,-2.13,90.85,0.21
2024-08-01,2024,8,"Coal, Australian",Energy,($/mt),145.8,5.96,2.68,-4.46,122.26,0.7
2024-09-01,2024,9,"Coal, Australian",Energy,($/mt),139.2,-4.53,3.03,-14.34,110.91,-0.55
2024-10-01,2024,10,"Coal, Australian",Energy,($/mt),146.6,5.32,6.54,3.17,111.85,0.79
2024-11-01,2024,11,"Coal, Australian",Energy,($/mt),142.1,-3.07,-2.54,12.07,112.09,-0.49
2024-12-01,2024,12,"Coal, Australian",Energy,($/mt),129.8,-8.66,-6.75,-8.46,96.07,-1.52
2025-01-01,2025,1,"Coal, Australian",Energy,($/mt),118.6,-8.63,-19.1,-5.04,70.16,-1.33
2025-02-01,2025,2,"Coal, Australian",Energy,($/mt),106.9,-9.87,-24.77,-13.93,58.14,-1.73
2025-03-01,2025,3,"Coal, Australian",Energy,($/mt),104.0,-2.71,-19.88,-20.91,55.92,-0.27
2025-04-01,2025,4,"Coal, Australian",Energy,($/mt),98.6,-5.19,-16.86,-26.96,68.26,-0.59
2025-05-01,2025,5,"Coal, Australian",Energy,($/mt),104.4,5.88,-2.34,-26.48,98.86,1.46
2025-06-01,2025,6,"Coal, Australian",Energy,($/mt),109.0,4.41,4.81,-19.32,108.81,1.17
2025-07-01,2025,7,"Coal, Australian",Energy,($/mt),112.9,3.58,14.5,-17.95,118.8,0.86
2025-08-01,2025,8,"Coal, Australian",Energy,($/mt),112.2,-0.62,7.47,-23.05,123.95,0.14
2025-09-01,2025,9,"Coal, Australian",Energy,($/mt),106.3,-5.26,-2.48,-23.64,94.69,-0.57
2025-10-01,2025,10,"Coal, Australian",Energy,($/mt),107.5,1.13,-4.78,-26.67,84.08,0.56
2025-11-01,2025,11,"Coal, Australian",Energy,($/mt),112.6,4.74,0.36,-20.76,74.84,1.34
2025-12-01,2025,12,"Coal, Australian",Energy,($/mt),107.7,-4.35,1.32,-17.03,29.76,-0.45
2026-01-01,2026,1,"Coal, Australian",Energy,($/mt),109.8,1.95,2.14,-7.42,26.5,0.62
2026-02-01,2026,2,"Coal, Australian",Energy,($/mt),118.4,7.83,5.15,10.76,36.56,1.69
2026-03-01,2026,3,"Coal, Australian",Energy,($/mt),138.6,17.06,28.69,33.27,46.05,3.55
2026-04-01,2026,4,"Coal, Australian",Energy,($/mt),130.9,-5.56,19.22,32.76,41.97,-1.29
2026-05-01,2026,5,"Coal, Australian",Energy,($/mt),136.9,4.58,15.62,31.13,27.94,0.32
2026-06-01,2026,6,"Coal, Australian",Energy,($/mt),138.5,1.17,-0.07,27.06,6.54,-0.2
2026-07-01,2026,7,"Coal, Australian",Energy,($/mt),131.9,-4.77,0.76,16.83,-13.22,-1.11
2026-08-01,2026,8,"Coal, Australian",Energy,($/mt),135.2,2.5,-1.24,20.5,-20.28,0.15
2026-09-01,2026,9,"Coal, Australian",Energy,($/mt),147.1,8.8,6.21,38.38,-20.79,1.08
1984-01-01,1984,1,"Coal, South African **",Energy,($/mt),29.3,,,,,
1984-02-01,1984,2,"Coal, South African **",Energy,($/mt),29.3,0.0,,,,
1984-03-01,1984,3,"Coal, South African **",Energy,($/mt),29.3,0.0,,,,
1984-04-01,1984,4,"Coal, South African **",Energy,($/mt),29.3,0.0,0.0,,,
1984-05-01,1984,5,"Coal, South African **",Energy,($/mt),29.3,0.0,0.0,,,
1984-06-01,1984,6,"Coal, South African **",Energy,($/mt),34.3,17.06,17.06,,,
1984-07-01,1984,7,"Coal, South African **",Energy,($/mt),35.8,4.37,22.18,,,
1984-08-01,1984,8,"Coal, South African **",Energy,($/mt),35.8,0.0,22.18,,,-0.52
1984-09-01,1984,9,"Coal, South African **",Energy,($/mt),35.8,0.0,4.37,,,-0.48
1984-10-01,1984,10,"Coal, South African **",Energy,($/mt),35.8,0.0,0.0,,,-0.45
1984-11-01,1984,11,"Coal, South African **",Energy,($/mt),35.3,-1.4,-1.4,,,-0.66
1984-12-01,1984,12,"Coal, South African **",Energy,($/mt),34.9,-1.13,-2.51,,,-0.57
1985-01-01,1985,1,"Coal, South African **",Energy,($/mt),35.1,0.57,-1.96,19.8,,-0.22
1985-02-01,1985,2,"Coal, South African **",Energy,($/mt),35.1,0.0,-0.57,19.8,,-0.32
1985-03-01,1985,3,"Coal, South African **",Energy,($/mt),35.1,0.0,0.57,19.8,,-0.32
1985-04-01,1985,4,"Coal, South African **",Energy,($/mt),35.1,0.0,0.0,19.8,,-0.32
1985-05-01,1985,5,"Coal, South African **",Energy,($/mt),35.1,0.0,0.0,19.8,,-0.32
1985-06-01,1985,6,"Coal, South African **",Energy,($/mt),35.1,0.0,0.0,2.33,,-0.32
1985-07-01,1985,7,"Coal, South African **",Energy,($/mt),35.1,0.0,0.0,-1.96,,-0.14
1985-08-01,1985,8,"Coal, South African **",Energy,($/mt),35.1,0.0,0.0,-1.96,,0.3
1985-09-01,1985,9,"Coal, South African **",Energy,($/mt),35.1,0.0,0.0,-1.96,,0.3
1985-10-01,1985,10,"Coal, South African **",Energy,($/mt),34.5,-1.71,-1.71,-3.63,,-2.85
1985-11-01,1985,11,"Coal, South African **",Energy,($/mt),34.5,0.0,-1.71,-2.27,,0.44
1985-12-01,1985,12,"Coal, South African **",Energy,($/mt),34.5,0.0,-1.71,-1.15,,0.31
1986-01-01,1986,1,"Coal, South African **",Energy,($/mt),33.8,-2.03,-2.03,-3.7,,-3.62
1986-02-01,1986,2,"Coal, South African **",Energy,($/mt),33.8,0.0,-2.03,-3.7,,0.43
1986-03-01,1986,3,"Coal, South African **",Energy,($/mt),31.6,-6.51,-8.41,-9.97,,-8.48
1986-04-01,1986,4,"Coal, South African **",Energy,($/mt),31.6,0.0,-6.51,-9.97,,0.44
1986-05-01,1986,5,"Coal, South African **",Energy,($/mt),29.5,-6.65,-12.72,-15.95,,-3.01
1986-06-01,1986,6,"Coal, South African **",Energy,($/mt),29.5,0.0,-6.65,-15.95,,0.56
1986-07-01,1986,7,"Coal, South African **",Energy,($/mt),29.5,0.0,-6.65,-15.95,,0.56
1986-08-01,1986,8,"Coal, South African **",Energy,($/mt),29.5,0.0,0.0,-15.95,,0.56
1986-09-01,1986,9,"Coal, South African **",Energy,($/mt),29.5,0.0,0.0,-15.95,,0.56
1986-10-01,1986,10,"Coal, South African **",Energy,($/mt),29.5,0.0,0.0,-14.49,,0.56
1986-11-01,1986,11,"Coal, South African **",Energy,($/mt),29.5,0.0,0.0,-14.49,,0.5
1986-12-01,1986,12,"Coal, South African **",Energy,($/mt),27.3,-7.46,-7.46,-20.87,,-2.43
1987-01-01,1987,1,"Coal, South African **",Energy,($/mt),27.3,0.0,-7.46,-19.23,,0.61
1987-02-01,1987,2,"Coal, South African **",Energy,($/mt),27.3,0.0,-7.46,-19.23,,0.55
1987-03-01,1987,3,"Coal, South African **",Energy,($/mt),27.3,0.0,0.0,-13.61,,0.55
1987-04-01,1987,4,"Coal, South African **",Energy,($/mt),26.2,-4.03,-4.03,-17.09,,-1.04
1987-05-01,1987,5,"Coal, South African **",Energy,($/mt),26.2,0.0,-4.03,-11.19,,0.53
1987-06-01,1987,6,"Coal, South African **",Energy,($/mt),26.2,0.0,-4.03,-11.19,,0.41
1987-07-01,1987,7,"Coal, South African **",Energy,($/mt),26.2,0.0,0.0,-11.19,,0.41
1987-08-01,1987,8,"Coal, South African **",Energy,($/mt),26.2,0.0,0.0,-11.19,,0.41
1987-09-01,1987,9,"Coal, South African **",Energy,($/mt),26.2,0.0,0.0,-11.19,,0.41
1987-10-01,1987,10,"Coal, South African **",Energy,($/mt),26.2,0.0,0.0,-11.19,,0.41
1987-11-01,1987,11,"Coal, South African **",Energy,($/mt),26.3,0.38,0.38,-10.85,,0.57
1987-12-01,1987,12,"Coal, South African **",Energy,($/mt),26.5,0.76,1.15,-2.93,,0.71
1988-01-01,1988,1,"Coal, South African **",Energy,($/mt),26.5,0.0,1.15,-2.93,,0.2
1988-02-01,1988,2,"Coal, South African **",Energy,($/mt),26.0,-1.89,-1.14,-4.76,,-1.35
1988-03-01,1988,3,"Coal, South African **",Energy,($/mt),26.5,1.92,0.0,-2.93,,1.78
1988-04-01,1988,4,"Coal, South African **",Energy,($/mt),27.0,1.89,1.89,3.05,,1.45
1988-05-01,1988,5,"Coal, South African **",Energy,($/mt),27.5,1.85,5.77,4.96,,1.61
1988-06-01,1988,6,"Coal, South African **",Energy,($/mt),27.5,0.0,3.77,4.96,,-0.38
1988-07-01,1988,7,"Coal, South African **",Energy,($/mt),27.5,0.0,1.85,4.96,,-0.38
1988-08-01,1988,8,"Coal, South African **",Energy,($/mt),28.5,3.64,3.64,8.78,,2.97
1988-09-01,1988,9,"Coal, South African **",Energy,($/mt),29.3,2.81,6.55,11.83,,1.48
1988-10-01,1988,10,"Coal, South African **",Energy,($/mt),30.0,2.39,9.09,14.5,,0.95
1988-11-01,1988,11,"Coal, South African **",Energy,($/mt),30.0,0.0,5.26,14.07,,-0.74
1988-12-01,1988,12,"Coal, South African **",Energy,($/mt),31.0,3.33,5.8,16.98,,1.42
1989-01-01,1989,1,"Coal, South African **",Energy,($/mt),31.0,0.0,3.33,16.98,5.8,-0.79
1989-02-01,1989,2,"Coal, South African **",Energy,($/mt),31.0,0.0,3.33,19.23,5.8,-0.79
1989-03-01,1989,3,"Coal, South African **",Energy,($/mt),31.0,0.0,0.0,16.98,5.8,-1.05
1989-04-01,1989,4,"Coal, South African **",Energy,($/mt),31.0,0.0,0.0,14.81,5.8,-0.9
1989-05-01,1989,5,"Coal, South African **",Energy,($/mt),31.0,0.0,0.0,12.73,5.8,-0.78
1989-06-01,1989,6,"Coal, South African **",Energy,($/mt),31.0,0.0,0.0,12.73,-9.62,-0.66
1989-07-01,1989,7,"Coal, South African **",Energy,($/mt),31.0,0.0,0.0,12.73,-13.41,-0.66
1989-08-01,1989,8,"Coal, South African **",Energy,($/mt),31.0,0.0,0.0,8.77,-13.41,-0.66
1989-09-01,1989,9,"Coal, South African **",Energy,($/mt),31.0,0.0,0.0,5.8,-13.41,-0.55
1989-10-01,1989,10,"Coal, South African **",Energy,($/mt),31.0,0.0,0.0,3.33,-13.41,-0.42
1989-11-01,1989,11,"Coal, South African **",Energy,($/mt),31.0,0.0,0.0,3.33,-12.18,-0.29
1989-12-01,1989,12,"Coal, South African **",Energy,($/mt),31.0,0.0,0.0,0.0,-11.17,-0.29
1990-01-01,1990,1,"Coal, South African **",Energy,($/mt),31.0,0.0,0.0,0.0,-11.68,0.0
1990-02-01,1990,2,"Coal, South African **",Energy,($/mt),31.0,0.0,0.0,0.0,-11.68,0.0
1990-03-01,1990,3,"Coal, South African **",Energy,($/mt),31.0,0.0,0.0,0.0,-11.68,0.0
1990-04-01,1990,4,"Coal, South African **",Energy,($/mt),31.0,0.0,0.0,0.0,-11.68,0.0
1990-05-01,1990,5,"Coal, South African **",Energy,($/mt),32.5,4.84,4.84,4.84,-7.41,0.0
1990-06-01,1990,6,"Coal, South African **",Energy,($/mt),34.0,4.62,9.68,9.68,-3.13,3.02
1990-07-01,1990,7,"Coal, South African **",Energy,($/mt),34.0,0.0,9.68,9.68,-3.13,-0.43
1990-08-01,1990,8,"Coal, South African **",Energy,($/mt),34.0,0.0,4.62,9.68,-3.13,-0.43
1990-09-01,1990,9,"Coal, South African **",Energy,($/mt),34.0,0.0,0.0,9.68,-3.13,-0.43
1990-10-01,1990,10,"Coal, South African **",Energy,($/mt),34.0,0.0,0.0,9.68,-1.45,-0.43
1990-11-01,1990,11,"Coal, South African **",Energy,($/mt),34.0,0.0,0.0,9.68,-1.45,-0.43
1990-12-01,1990,12,"Coal, South African **",Energy,($/mt),34.0,0.0,0.0,9.68,-1.45,-0.43
1991-01-01,1991,1,"Coal, South African **",Energy,($/mt),34.0,0.0,0.0,9.68,0.59,-0.43
1991-02-01,1991,2,"Coal, South African **",Energy,($/mt),34.0,0.0,0.0,9.68,0.59,-0.43
1991-03-01,1991,3,"Coal, South African **",Energy,($/mt),31.0,-8.82,-8.82,0.0,-1.9,-5.22
1991-04-01,1991,4,"Coal, South African **",Energy,($/mt),31.0,0.0,-8.82,0.0,-1.9,-0.02
1991-05-01,1991,5,"Coal, South African **",Energy,($/mt),31.0,0.0,-8.82,-4.62,5.08,-0.02
1991-06-01,1991,6,"Coal, South African **",Energy,($/mt),31.0,0.0,0.0,-8.82,5.08,0.12
1991-07-01,1991,7,"Coal, South African **",Energy,($/mt),31.0,0.0,0.0,-8.82,5.08,0.29
1991-08-01,1991,8,"Coal, South African **",Energy,($/mt),31.0,0.0,0.0,-8.82,5.08,0.29
1991-09-01,1991,9,"Coal, South African **",Energy,($/mt),31.0,0.0,0.0,-8.82,5.08,0.29
1991-10-01,1991,10,"Coal, South African **",Energy,($/mt),31.0,0.0,0.0,-8.82,5.08,0.29
1991-11-01,1991,11,"Coal, South African **",Energy,($/mt),31.0,0.0,0.0,-8.82,5.08,0.29
1991-12-01,1991,12,"Coal, South African **",Energy,($/mt),31.0,0.0,0.0,-8.82,13.55,0.29
1992-01-01,1992,1,"Coal, South African **",Energy,($/mt),31.0,0.0,0.0,-8.82,13.55,0.29
1992-02-01,1992,2,"Coal, South African **",Energy,($/mt),31.0,0.0,0.0,-8.82,13.55,0.29
1992-03-01,1992,3,"Coal, South African **",Energy,($/mt),31.0,0.0,0.0,0.0,13.55,0.29
1992-04-01,1992,4,"Coal, South African **",Energy,($/mt),31.0,0.0,0.0,0.0,18.32,0.0
1992-05-01,1992,5,"Coal, South African **",Energy,($/mt),31.0,0.0,0.0,0.0,18.32,0.0
1992-06-01,1992,6,"Coal, South African **",Energy,($/mt),29.0,-6.45,-6.45,-6.45,10.69,0.0
1992-07-01,1992,7,"Coal, South African **",Energy,($/mt),27.0,-6.9,-12.9,-12.9,3.05,-3.41
1992-08-01,1992,8,"Coal, South African **",Energy,($/mt),27.0,0.0,-12.9,-12.9,3.05,0.43
1992-09-01,1992,9,"Coal, South African **",Energy,($/mt),27.0,0.0,-6.9,-12.9,3.05,0.43
1992-10-01,1992,10,"Coal, South African **",Energy,($/mt),27.0,0.0,0.0,-12.9,3.05,0.43
1992-11-01,1992,11,"Coal, South African **",Energy,($/mt),27.0,0.0,0.0,-12.9,2.66,0.43
1992-12-01,1992,12,"Coal, South African **",Energy,($/mt),27.0,0.0,0.0,-12.9,1.89,0.43
1993-01-01,1993,1,"Coal, South African **",Energy,($/mt),27.0,0.0,0.0,-12.9,1.89,0.43
1993-02-01,1993,2,"Coal, South African **",Energy,($/mt),27.0,0.0,0.0,-12.9,3.85,0.43
1993-03-01,1993,3,"Coal, South African **",Energy,($/mt),27.0,0.0,0.0,-12.9,1.89,0.43
1993-04-01,1993,4,"Coal, South African **",Energy,($/mt),27.0,0.0,0.0,-12.9,0.0,0.43
1993-05-01,1993,5,"Coal, South African **",Energy,($/mt),27.0,0.0,0.0,-12.9,-1.82,0.43
1993-06-01,1993,6,"Coal, South African **",Energy,($/mt),27.0,0.0,0.0,-6.9,-1.82,0.43
1993-07-01,1993,7,"Coal, South African **",Energy,($/mt),27.0,0.0,0.0,0.0,-1.82,0.29
1993-08-01,1993,8,"Coal, South African **",Energy,($/mt),27.0,0.0,0.0,0.0,-5.26,0.0
1993-09-01,1993,9,"Coal, South African **",Energy,($/mt),27.0,0.0,0.0,0.0,-7.85,0.0
1993-10-01,1993,10,"Coal, South African **",Energy,($/mt),27.0,0.0,0.0,0.0,-10.0,0.0
1993-11-01,1993,11,"Coal, South African **",Energy,($/mt),27.0,0.0,0.0,0.0,-10.0,0.0
1993-12-01,1993,12,"Coal, South African **",Energy,($/mt),26.5,-1.85,-1.85,-1.85,-14.52,0.0
1994-01-01,1994,1,"Coal, South African **",Energy,($/mt),27.0,1.89,0.0,0.0,-12.9,3.82
1994-02-01,1994,2,"Coal, South African **",Energy,($/mt),27.0,0.0,0.0,0.0,-12.9,-0.0
1994-03-01,1994,3,"Coal, South African **",Energy,($/mt),27.0,0.0,1.89,0.0,-12.9,-0.0
1994-04-01,1994,4,"Coal, South African **",Energy,($/mt),27.0,0.0,0.0,0.0,-12.9,-0.0
1994-05-01,1994,5,"Coal, South African **",Energy,($/mt),27.0,0.0,0.0,0.0,-12.9,-0.0
1994-06-01,1994,6,"Coal, South African **",Energy,($/mt),28.5,5.56,5.56,5.56,-8.06,6.97
1994-07-01,1994,7,"Coal, South African **",Energy,($/mt),28.5,0.0,5.56,5.56,-8.06,-0.26
1994-08-01,1994,8,"Coal, South African **",Energy,($/mt),28.5,0.0,5.56,5.56,-8.06,-0.26
1994-09-01,1994,9,"Coal, South African **",Energy,($/mt),29.0,1.75,1.75,7.41,-6.45,0.72
1994-10-01,1994,10,"Coal, South African **",Energy,($/mt),30.8,6.21,8.07,14.07,-0.65,3.07
1994-11-01,1994,11,"Coal, South African **",Energy,($/mt),30.5,-0.97,7.02,12.96,-1.61,-0.87
1994-12-01,1994,12,"Coal, South African **",Energy,($/mt),32.0,4.92,10.34,20.75,3.23,1.57
1995-01-01,1995,1,"Coal, South African **",Energy,($/mt),34.0,6.25,10.39,25.93,9.68,1.84
1995-02-01,1995,2,"Coal, South African **",Energy,($/mt),34.5,1.47,13.11,27.78,11.29,-0.18
1995-03-01,1995,3,"Coal, South African **",Energy,($/mt),34.8,0.87,8.75,28.89,12.26,-0.44
1995-04-01,1995,4,"Coal, South African **",Energy,($/mt),35.0,0.57,2.94,29.63,12.9,-0.58
1995-05-01,1995,5,"Coal, South African **",Energy,($/mt),35.0,0.0,1.45,29.63,7.69,-0.82
1995-06-01,1995,6,"Coal, South African **",Energy,($/mt),34.9,-0.29,0.29,22.46,2.65,-0.92
1995-07-01,1995,7,"Coal, South African **",Energy,($/mt),36.2,3.72,3.43,27.02,6.47,0.77
1995-08-01,1995,8,"Coal, South African **",Energy,($/mt),35.7,-1.38,2.0,25.26,5.0,-1.33
1995-09-01,1995,9,"Coal, South African **",Energy,($/mt),35.9,0.56,2.87,23.79,5.59,-0.51
1995-10-01,1995,10,"Coal, South African **",Energy,($/mt),35.8,-0.28,-1.1,16.23,5.29,-0.77
1995-11-01,1995,11,"Coal, South African **",Energy,($/mt),36.1,0.84,1.12,18.36,6.18,-0.19
1995-12-01,1995,12,"Coal, South African **",Energy,($/mt),35.0,-3.05,-2.51,9.38,2.94,-1.94
1996-01-01,1996,1,"Coal, South African **",Energy,($/mt),34.8,-0.57,-2.79,2.35,2.35,-0.57
1996-02-01,1996,2,"Coal, South African **",Energy,($/mt),34.3,-1.44,-4.99,-0.58,0.88,-1.01
1996-03-01,1996,3,"Coal, South African **",Energy,($/mt),32.9,-4.08,-6.0,-5.46,6.13,-2.46
1996-04-01,1996,4,"Coal, South African **",Energy,($/mt),33.7,2.43,-3.16,-3.71,8.71,1.45
1996-05-01,1996,5,"Coal, South African **",Energy,($/mt),33.3,-1.19,-2.92,-4.86,7.42,-0.42
1996-06-01,1996,6,"Coal, South African **",Energy,($/mt),32.4,-2.7,-1.52,-7.16,4.52,-1.08
1996-07-01,1996,7,"Coal, South African **",Energy,($/mt),32.1,-0.93,-4.75,-11.33,3.55,-0.15
1996-08-01,1996,8,"Coal, South African **",Energy,($/mt),32.0,-0.31,-3.9,-10.36,3.23,0.37
1996-09-01,1996,9,"Coal, South African **",Energy,($/mt),33.4,4.37,3.09,-6.96,7.74,2.93
1996-10-01,1996,10,"Coal, South African **",Energy,($/mt),34.3,2.69,6.85,-4.19,10.65,1.4
1996-11-01,1996,11,"Coal, South African **",Energy,($/mt),34.1,-0.58,6.56,-5.54,10.0,-0.1
1996-12-01,1996,12,"Coal, South African **",Energy,($/mt),35.0,2.64,4.79,0.0,12.9,1.24
1997-01-01,1997,1,"Coal, South African **",Energy,($/mt),34.6,-1.14,0.87,-0.57,11.61,-0.47
1997-02-01,1997,2,"Coal, South African **",Energy,($/mt),33.8,-2.31,-0.88,-1.46,9.03,-0.91
1997-03-01,1997,3,"Coal, South African **",Energy,($/mt),33.4,-1.18,-4.57,1.52,7.74,-0.43
1997-04-01,1997,4,"Coal, South African **",Energy,($/mt),33.0,-1.2,-4.62,-2.08,6.45,-0.59
1997-05-01,1997,5,"Coal, South African **",Energy,($/mt),32.5,-1.52,-3.85,-2.4,4.84,-0.62
1997-06-01,1997,6,"Coal, South African **",Energy,($/mt),32.3,-0.62,-3.29,-0.31,11.38,-0.2
1997-07-01,1997,7,"Coal, South African **",Energy,($/mt),31.3,-3.1,-5.15,-2.49,15.93,-1.5
1997-08-01,1997,8,"Coal, South African **",Energy,($/mt),31.0,-0.96,-4.62,-3.12,14.81,-0.34
1997-09-01,1997,9,"Coal, South African **",Energy,($/mt),29.9,-3.55,-7.43,-10.48,10.74,-1.47
1997-10-01,1997,10,"Coal, South African **",Energy,($/mt),29.0,-3.01,-7.35,-15.45,7.41,-1.1
1997-11-01,1997,11,"Coal, South African **",Energy,($/mt),27.7,-4.48,-10.65,-18.77,2.59,-1.92
1997-12-01,1997,12,"Coal, South African **",Energy,($/mt),27.8,0.36,-7.02,-20.57,2.96,1.13
1998-01-01,1998,1,"Coal, South African **",Energy,($/mt),27.5,-1.08,-5.17,-20.52,1.85,0.58
1998-02-01,1998,2,"Coal, South African **",Energy,($/mt),26.8,-2.55,-3.25,-20.71,-0.74,-0.47
1998-03-01,1998,3,"Coal, South African **",Energy,($/mt),26.7,-0.37,-3.96,-20.06,-1.11,1.09
1998-04-01,1998,4,"Coal, South African **",Energy,($/mt),27.4,2.62,-0.36,-16.97,1.48,3.04
1998-05-01,1998,5,"Coal, South African **",Energy,($/mt),27.6,0.73,2.99,-15.08,2.22,1.15
1998-06-01,1998,6,"Coal, South African **",Energy,($/mt),27.3,-1.09,2.25,-15.48,1.11,0.12
1998-07-01,1998,7,"Coal, South African **",Energy,($/mt),26.6,-2.56,-2.92,-15.02,-1.48,-0.58
1998-08-01,1998,8,"Coal, South African **",Energy,($/mt),26.3,-1.13,-4.71,-15.16,-2.59,0.1
1998-09-01,1998,9,"Coal, South African **",Energy,($/mt),26.4,0.38,-3.3,-11.71,-2.22,0.86
1998-10-01,1998,10,"Coal, South African **",Energy,($/mt),26.1,-1.14,-1.88,-10.0,-3.33,-0.06
1998-11-01,1998,11,"Coal, South African **",Energy,($/mt),26.7,2.3,1.52,-3.61,-1.11,1.72
1998-12-01,1998,12,"Coal, South African **",Energy,($/mt),26.7,0.0,1.14,-3.96,0.75,0.18
1999-01-01,1999,1,"Coal, South African **",Energy,($/mt),26.5,-0.75,1.53,-3.64,-1.85,-0.26
1999-02-01,1999,2,"Coal, South African **",Energy,($/mt),26.4,-0.38,-1.12,-1.49,-2.22,-0.05
1999-03-01,1999,3,"Coal, South African **",Energy,($/mt),25.1,-4.92,-5.99,-5.99,-7.04,-3.27
1999-04-01,1999,4,"Coal, South African **",Energy,($/mt),25.1,0.0,-5.28,-8.39,-7.04,0.24
1999-05-01,1999,5,"Coal, South African **",Energy,($/mt),25.1,0.0,-4.92,-9.06,-7.04,0.4
1999-06-01,1999,6,"Coal, South African **",Energy,($/mt),25.3,0.8,0.8,-7.33,-11.23,0.9
1999-07-01,1999,7,"Coal, South African **",Energy,($/mt),23.8,-5.93,-5.18,-10.53,-16.49,-2.95
1999-08-01,1999,8,"Coal, South African **",Energy,($/mt),23.1,-2.94,-7.97,-12.17,-18.95,-0.88
1999-09-01,1999,9,"Coal, South African **",Energy,($/mt),22.5,-2.6,-11.07,-14.77,-22.41,-0.65
1999-10-01,1999,10,"Coal, South African **",Energy,($/mt),22.5,0.0,-5.46,-13.79,-26.95,0.54
1999-11-01,1999,11,"Coal, South African **",Energy,($/mt),23.5,4.44,1.73,-11.99,-22.95,2.34
1999-12-01,1999,12,"Coal, South African **",Energy,($/mt),22.6,-3.83,0.44,-15.36,-29.37,-1.02
2000-01-01,2000,1,"Coal, South African **",Energy,($/mt),22.8,0.88,1.33,-13.96,-32.94,0.78
2000-02-01,2000,2,"Coal, South African **",Energy,($/mt),23.6,3.51,0.43,-10.61,-31.59,1.62
2000-03-01,2000,3,"Coal, South African **",Energy,($/mt),24.4,3.39,7.96,-2.79,-29.89,1.33
2000-04-01,2000,4,"Coal, South African **",Energy,($/mt),24.9,2.05,9.21,-0.8,-28.86,0.71
2000-05-01,2000,5,"Coal, South African **",Energy,($/mt),26.1,4.82,10.59,3.98,-25.43,1.5
2000-06-01,2000,6,"Coal, South African **",Energy,($/mt),27.0,3.45,10.66,6.72,-22.64,0.87
2000-07-01,2000,7,"Coal, South African **",Energy,($/mt),27.0,0.0,8.43,13.45,-25.41,-0.17
2000-08-01,2000,8,"Coal, South African **",Energy,($/mt),27.0,0.0,3.45,16.88,-24.37,-0.37
2000-09-01,2000,9,"Coal, South African **",Energy,($/mt),27.0,0.0,0.0,20.0,-24.79,-0.49
2000-10-01,2000,10,"Coal, South African **",Energy,($/mt),28.2,4.44,4.44,25.33,-21.23,1.15
2000-11-01,2000,11,"Coal, South African **",Energy,($/mt),26.2,-7.09,-2.96,11.49,-27.42,-3.49
2000-12-01,2000,12,"Coal, South African **",Energy,($/mt),34.7,32.44,28.52,53.54,-0.86,8.91
2001-01-01,2001,1,"Coal, South African **",Energy,($/mt),35.0,0.86,24.11,53.51,0.57,-0.33
2001-02-01,2001,2,"Coal, South African **",Energy,($/mt),34.4,-1.71,31.3,45.76,0.29,-0.6
2001-03-01,2001,3,"Coal, South African **",Energy,($/mt),35.5,3.2,2.31,45.49,7.9,-0.04
2001-04-01,2001,4,"Coal, South African **",Energy,($/mt),35.5,0.0,1.43,42.57,5.34,-0.37
2001-05-01,2001,5,"Coal, South African **",Energy,($/mt),34.8,-1.97,1.16,33.33,4.5,-0.55
2001-06-01,2001,6,"Coal, South African **",Energy,($/mt),34.8,0.0,-1.97,28.89,7.41,-0.29
2001-07-01,2001,7,"Coal, South African **",Energy,($/mt),34.4,-1.15,-3.1,27.41,7.17,-0.37
2001-08-01,2001,8,"Coal, South African **",Energy,($/mt),34.2,-0.58,-1.72,26.67,6.88,-0.3
2001-09-01,2001,9,"Coal, South African **",Energy,($/mt),33.1,-3.22,-4.89,22.59,-0.9,-0.57
2001-10-01,2001,10,"Coal, South African **",Energy,($/mt),33.0,-0.3,-4.07,17.02,-3.79,-0.24
2001-11-01,2001,11,"Coal, South African **",Energy,($/mt),31.5,-4.55,-7.89,20.23,-7.62,-0.63
2001-12-01,2001,12,"Coal, South African **",Energy,($/mt),30.5,-3.17,-7.85,-12.1,-12.86,-0.52
2002-01-01,2002,1,"Coal, South African **",Energy,($/mt),29.7,-2.62,-10.0,-15.14,-14.16,-0.76
2002-02-01,2002,2,"Coal, South African **",Energy,($/mt),29.0,-2.36,-7.94,-15.7,-14.2,-0.5
2002-03-01,2002,3,"Coal, South African **",Energy,($/mt),28.4,-2.07,-6.89,-20.0,-14.97,-0.33
2002-04-01,2002,4,"Coal, South African **",Energy,($/mt),26.8,-5.63,-9.76,-24.51,-18.79,-2.62
2002-05-01,2002,5,"Coal, South African **",Energy,($/mt),25.8,-3.73,-11.03,-25.86,-20.62,-0.84
2002-06-01,2002,6,"Coal, South African **",Energy,($/mt),24.4,-5.43,-14.08,-29.89,-24.46,-1.71
2002-07-01,2002,7,"Coal, South African **",Energy,($/mt),22.7,-6.97,-15.3,-34.01,-27.48,-2.32
2002-08-01,2002,8,"Coal, South African **",Energy,($/mt),21.3,-6.17,-17.44,-37.72,-31.29,-1.39
2002-09-01,2002,9,"Coal, South African **",Energy,($/mt),23.1,8.45,-5.33,-30.21,-22.74,6.33
2002-10-01,2002,10,"Coal, South African **",Energy,($/mt),27.4,18.61,20.7,-16.97,-5.52,5.3
2002-11-01,2002,11,"Coal, South African **",Energy,($/mt),27.0,-1.46,26.76,-14.29,-2.53,-0.02
2002-12-01,2002,12,"Coal, South African **",Energy,($/mt),26.9,-0.37,16.45,-11.8,-3.24,0.09
2003-01-01,2003,1,"Coal, South African **",Energy,($/mt),27.5,2.23,0.36,-7.41,0.0,0.42
2003-02-01,2003,2,"Coal, South African **",Energy,($/mt),27.0,-1.82,0.0,-6.9,0.75,-0.19
2003-03-01,2003,3,"Coal, South African **",Energy,($/mt),25.8,-4.44,-4.09,-9.15,-3.37,-0.56
2003-04-01,2003,4,"Coal, South African **",Energy,($/mt),23.8,-7.75,-13.45,-11.19,-13.14,-0.97
2003-05-01,2003,5,"Coal, South African **",Energy,($/mt),23.7,-0.42,-12.22,-8.14,-14.13,0.04
2003-06-01,2003,6,"Coal, South African **",Energy,($/mt),26.8,13.08,3.88,9.84,-1.83,1.8
2003-07-01,2003,7,"Coal, South African **",Energy,($/mt),29.5,10.07,23.95,29.96,10.9,1.09
2003-08-01,2003,8,"Coal, South African **",Energy,($/mt),30.2,2.37,27.43,41.78,14.83,-0.02
2003-09-01,2003,9,"Coal, South African **",Energy,($/mt),34.1,12.91,27.24,47.62,29.17,1.25
2003-10-01,2003,10,"Coal, South African **",Energy,($/mt),36.7,7.62,24.41,33.94,40.61,0.5
2003-11-01,2003,11,"Coal, South African **",Energy,($/mt),39.2,6.81,29.8,45.19,46.82,0.61
2003-12-01,2003,12,"Coal, South African **",Energy,($/mt),38.7,-1.28,13.49,43.87,44.94,-0.69
2004-01-01,2004,1,"Coal, South African **",Energy,($/mt),41.3,6.72,12.53,50.18,55.85,0.5
2004-02-01,2004,2,"Coal, South African **",Energy,($/mt),42.3,2.42,7.91,56.67,60.23,-0.18
2004-03-01,2004,3,"Coal, South African **",Energy,($/mt),42.5,0.47,9.82,64.73,69.32,-0.53
2004-04-01,2004,4,"Coal, South African **",Energy,($/mt),47.3,11.29,14.53,98.74,88.45,1.1
2004-05-01,2004,5,"Coal, South African **",Energy,($/mt),52.6,11.21,24.35,121.94,109.56,1.0
2004-06-01,2004,6,"Coal, South African **",Energy,($/mt),62.6,19.01,47.29,133.58,147.43,2.42
2004-07-01,2004,7,"Coal, South African **",Energy,($/mt),68.5,9.42,44.82,132.2,187.82,0.33
2004-08-01,2004,8,"Coal, South African **",Energy,($/mt),63.6,-7.15,20.91,110.6,175.32,-2.5
2004-09-01,2004,9,"Coal, South African **",Energy,($/mt),61.0,-4.09,-2.56,78.89,171.11,-1.51
2004-10-01,2004,10,"Coal, South African **",Energy,($/mt),59.7,-2.13,-12.85,62.67,165.33,-0.99
2004-11-01,2004,11,"Coal, South African **",Energy,($/mt),60.8,1.84,-4.4,55.1,158.72,-0.33
2004-12-01,2004,12,"Coal, South African **",Energy,($/mt),54.3,-10.69,-10.98,40.31,140.27,-1.92
2005-01-01,2005,1,"Coal, South African **",Energy,($/mt),51.4,-5.34,-13.9,24.46,125.44,-0.99
2005-02-01,2005,2,"Coal, South African **",Energy,($/mt),46.6,-9.34,-23.36,10.17,97.46,-1.3
2005-03-01,2005,3,"Coal, South African **",Energy,($/mt),45.3,-2.79,-16.57,6.59,85.66,-0.42
2005-04-01,2005,4,"Coal, South African **",Energy,($/mt),46.3,2.21,-9.92,-2.11,85.94,0.13
2005-05-01,2005,5,"Coal, South African **",Energy,($/mt),45.9,-0.86,-1.5,-12.74,75.86,-0.12
2005-06-01,2005,6,"Coal, South African **",Energy,($/mt),49.1,6.97,8.39,-21.57,81.85,0.94
2005-07-01,2005,7,"Coal, South African **",Energy,($/mt),51.3,4.48,10.8,-25.11,90.0,1.03
2005-08-01,2005,8,"Coal, South African **",Energy,($/mt),49.5,-3.51,7.84,-22.17,83.33,-0.23
2005-09-01,2005,9,"Coal, South African **",Energy,($/mt),46.6,-5.86,-5.09,-23.61,72.59,-0.75
2005-10-01,2005,10,"Coal, South African **",Energy,($/mt),43.3,-7.08,-15.59,-27.47,53.55,-0.93
2005-11-01,2005,11,"Coal, South African **",Energy,($/mt),38.1,-12.01,-23.03,-37.34,45.42,-1.72
2005-12-01,2005,12,"Coal, South African **",Energy,($/mt),41.0,7.61,-12.02,-24.49,18.16,1.88
2006-01-01,2006,1,"Coal, South African **",Energy,($/mt),44.7,9.02,3.23,-13.04,27.71,1.76
2006-02-01,2006,2,"Coal, South African **",Energy,($/mt),49.4,10.51,29.66,6.01,43.6,1.63
2006-03-01,2006,3,"Coal, South African **",Energy,($/mt),54.5,10.32,32.93,20.31,53.52,1.34
2006-04-01,2006,4,"Coal, South African **",Energy,($/mt),54.9,0.73,22.82,18.57,54.65,-0.14
2006-05-01,2006,5,"Coal, South African **",Energy,($/mt),50.4,-8.2,2.02,9.8,44.83,-1.3
2006-06-01,2006,6,"Coal, South African **",Energy,($/mt),52.4,3.97,-3.85,6.72,50.57,0.36
2006-07-01,2006,7,"Coal, South African **",Energy,($/mt),51.7,-1.34,-5.83,0.78,50.29,-0.27
2006-08-01,2006,8,"Coal, South African **",Energy,($/mt),53.6,3.68,6.35,8.28,56.73,0.42
2006-09-01,2006,9,"Coal, South African **",Energy,($/mt),48.8,-8.96,-6.87,4.72,47.43,-1.27
2006-10-01,2006,10,"Coal, South African **",Energy,($/mt),49.2,0.82,-4.84,13.63,49.09,0.02
2006-11-01,2006,11,"Coal, South African **",Energy,($/mt),48.2,-2.03,-10.07,26.51,53.02,-0.44
2006-12-01,2006,12,"Coal, South African **",Energy,($/mt),50.7,5.19,3.89,23.66,66.23,0.45
2007-01-01,2007,1,"Coal, South African **",Energy,($/mt),50.1,-1.18,1.83,12.08,68.69,-0.49
2007-02-01,2007,2,"Coal, South African **",Energy,($/mt),51.6,2.99,7.05,4.45,77.93,0.3
2007-03-01,2007,3,"Coal, South African **",Energy,($/mt),53.5,3.68,5.52,-1.83,88.38,0.59
2007-04-01,2007,4,"Coal, South African **",Energy,($/mt),51.4,-3.93,2.59,-6.38,91.79,-0.84
2007-05-01,2007,5,"Coal, South African **",Energy,($/mt),50.3,-2.14,-2.52,-0.2,94.96,-0.36
2007-06-01,2007,6,"Coal, South African **",Energy,($/mt),56.8,12.92,6.17,8.4,132.79,3.12
2007-07-01,2007,7,"Coal, South African **",Energy,($/mt),58.1,2.29,13.04,12.38,155.95,0.27
2007-08-01,2007,8,"Coal, South African **",Energy,($/mt),60.2,3.61,19.68,12.31,182.63,0.46
2007-09-01,2007,9,"Coal, South African **",Energy,($/mt),62.8,4.32,10.56,28.69,171.86,0.59
2007-10-01,2007,10,"Coal, South African **",Energy,($/mt),73.1,16.4,25.82,48.58,166.79,3.17
2007-11-01,2007,11,"Coal, South African **",Energy,($/mt),89.8,22.85,49.17,86.31,232.59,3.21
2007-12-01,2007,12,"Coal, South African **",Energy,($/mt),94.3,5.01,50.16,86.0,250.56,-0.07
2008-01-01,2008,1,"Coal, South African **",Energy,($/mt),100.6,6.68,37.62,100.8,265.82,0.14
2008-02-01,2008,2,"Coal, South African **",Energy,($/mt),115.0,14.31,28.06,122.87,325.93,1.06
2008-03-01,2008,3,"Coal, South African **",Energy,($/mt),111.0,-3.48,17.71,107.48,330.23,-1.35
2008-04-01,2008,4,"Coal, South African **",Energy,($/mt),108.8,-1.98,8.15,111.67,357.14,-1.01
2008-05-01,2008,5,"Coal, South African **",Energy,($/mt),120.7,10.94,4.96,139.96,409.28,0.51
2008-06-01,2008,6,"Coal, South African **",Energy,($/mt),142.4,17.98,28.29,150.7,431.34,1.3
2008-07-01,2008,7,"Coal, South African **",Energy,($/mt),167.8,17.84,54.23,188.81,468.81,1.17
2008-08-01,2008,8,"Coal, South African **",Energy,($/mt),156.9,-6.5,29.99,160.63,419.54,-1.9
2008-09-01,2008,9,"Coal, South African **",Energy,($/mt),147.8,-5.8,3.79,135.35,333.43,-1.52
2008-10-01,2008,10,"Coal, South African **",Energy,($/mt),109.7,-25.78,-34.62,50.07,198.91,-3.25
2008-11-01,2008,11,"Coal, South African **",Energy,($/mt),89.4,-18.51,-43.02,-0.45,128.06,-1.66
2008-12-01,2008,12,"Coal, South African **",Energy,($/mt),77.3,-13.53,-47.7,-18.03,99.74,-1.04
2009-01-01,2009,1,"Coal, South African **",Energy,($/mt),76.4,-1.16,-30.36,-24.06,84.99,-0.04
2009-02-01,2009,2,"Coal, South African **",Energy,($/mt),69.1,-9.55,-22.71,-39.91,63.36,-0.58
2009-03-01,2009,3,"Coal, South African **",Energy,($/mt),58.6,-15.2,-24.19,-47.21,37.88,-0.88
2009-04-01,2009,4,"Coal, South African **",Energy,($/mt),62.9,7.34,-17.67,-42.19,32.98,0.83
2009-05-01,2009,5,"Coal, South African **",Energy,($/mt),58.0,-7.79,-16.06,-51.95,10.27,-0.3
2009-06-01,2009,6,"Coal, South African **",Energy,($/mt),60.2,3.79,2.73,-57.72,-3.83,0.65
2009-07-01,2009,7,"Coal, South African **",Energy,($/mt),61.1,1.5,-2.86,-63.59,-10.8,0.65
2009-08-01,2009,8,"Coal, South African **",Energy,($/mt),64.3,5.24,10.86,-59.02,1.1,1.33
2009-09-01,2009,9,"Coal, South African **",Energy,($/mt),61.1,-4.98,1.5,-58.66,0.16,0.16
2009-10-01,2009,10,"Coal, South African **",Energy,($/mt),64.4,5.4,5.4,-41.29,7.87,1.15
2009-11-01,2009,11,"Coal, South African **",Energy,($/mt),66.4,3.11,3.27,-25.73,9.21,0.79
2009-12-01,2009,12,"Coal, South African **",Energy,($/mt),73.8,11.14,20.79,-4.53,35.91,1.7
2010-01-01,2010,1,"Coal, South African **",Energy,($/mt),86.9,17.75,34.94,13.74,69.07,2.29
2010-02-01,2010,2,"Coal, South African **",Energy,($/mt),83.4,-4.03,25.6,20.69,78.97,-0.59
2010-03-01,2010,3,"Coal, South African **",Energy,($/mt),83.0,-0.48,12.47,41.64,83.22,-0.27
2010-04-01,2010,4,"Coal, South African **",Energy,($/mt),88.7,6.87,2.07,41.02,91.58,0.52
2010-05-01,2010,5,"Coal, South African **",Energy,($/mt),90.9,2.48,8.99,56.72,98.04,-0.09
2010-06-01,2010,6,"Coal, South African **",Energy,($/mt),92.8,2.09,11.81,54.15,89.0,-0.3
2010-07-01,2010,7,"Coal, South African **",Energy,($/mt),90.6,-2.37,2.14,48.28,76.61,-0.99
2010-08-01,2010,8,"Coal, South African **",Energy,($/mt),87.9,-2.98,-3.3,36.7,77.58,-1.0
2010-09-01,2010,9,"Coal, South African **",Energy,($/mt),85.8,-2.39,-7.54,40.43,84.12,-0.78
2010-10-01,2010,10,"Coal, South African **",Energy,($/mt),91.0,6.06,0.44,41.3,110.16,0.47
2010-11-01,2010,11,"Coal, South African **",Energy,($/mt),103.2,13.41,17.41,55.42,170.87,1.59
2010-12-01,2010,12,"Coal, South African **",Energy,($/mt),115.2,11.63,34.27,56.1,180.98,1.07
2011-01-01,2011,1,"Coal, South African **",Energy,($/mt),122.6,6.42,34.73,41.08,174.27,0.34
2011-02-01,2011,2,"Coal, South African **",Energy,($/mt),117.7,-4.0,14.05,41.13,138.26,-1.21
2011-03-01,2011,3,"Coal, South African **",Energy,($/mt),121.0,2.8,5.03,45.78,122.02,-0.04
2011-04-01,2011,4,"Coal, South African **",Energy,($/mt),124.0,2.48,1.14,39.8,125.87,-0.15
2011-05-01,2011,5,"Coal, South African **",Energy,($/mt),120.5,-2.82,2.38,32.56,139.09,-1.03
2011-06-01,2011,6,"Coal, South African **",Energy,($/mt),119.0,-1.24,-1.65,28.23,127.1,-0.64
2011-07-01,2011,7,"Coal, South African **",Energy,($/mt),116.3,-2.27,-6.21,28.37,124.95,-0.76
2011-08-01,2011,8,"Coal, South African **",Energy,($/mt),118.3,1.72,-1.83,34.58,120.71,-0.09
2011-09-01,2011,9,"Coal, South African **",Energy,($/mt),115.6,-2.28,-2.86,34.73,136.89,-0.86
2011-10-01,2011,10,"Coal, South African **",Energy,($/mt),110.9,-4.07,-4.64,21.87,125.41,-1.17
2011-11-01,2011,11,"Coal, South African **",Energy,($/mt),105.5,-4.87,-10.82,2.23,118.88,-1.13
2011-12-01,2011,12,"Coal, South African **",Energy,($/mt),104.2,-1.23,-9.86,-9.55,105.52,-0.31
2012-01-01,2012,1,"Coal, South African **",Energy,($/mt),106.3,2.02,-4.15,-13.3,112.18,0.82
2012-02-01,2012,2,"Coal, South African **",Energy,($/mt),105.3,-0.94,-0.19,-10.54,104.07,0.08
2012-03-01,2012,3,"Coal, South African **",Energy,($/mt),103.4,-1.8,-0.77,-14.55,93.27,-0.35
2012-04-01,2012,4,"Coal, South African **",Energy,($/mt),101.3,-2.03,-4.7,-18.31,97.08,-0.32
2012-05-01,2012,5,"Coal, South African **",Energy,($/mt),93.8,-7.4,-10.92,-22.16,86.48,-2.87
2012-06-01,2012,6,"Coal, South African **",Energy,($/mt),85.3,-9.06,-17.5,-28.32,50.18,-2.71
2012-07-01,2012,7,"Coal, South African **",Energy,($/mt),87.3,2.34,-13.82,-24.94,50.26,1.54
2012-08-01,2012,8,"Coal, South African **",Energy,($/mt),89.1,2.06,-5.01,-24.68,48.01,1.22
2012-09-01,2012,9,"Coal, South African **",Energy,($/mt),85.8,-3.7,0.59,-25.78,36.62,-0.4
2012-10-01,2012,10,"Coal, South African **",Energy,($/mt),82.8,-3.5,-5.15,-25.34,13.27,-0.3
2012-11-01,2012,11,"Coal, South African **",Energy,($/mt),85.7,3.5,-3.82,-18.77,-4.57,1.61
2012-12-01,2012,12,"Coal, South African **",Energy,($/mt),88.8,3.62,3.5,-14.78,-5.83,1.35
2013-01-01,2013,1,"Coal, South African **",Energy,($/mt),86.1,-3.04,3.99,-19.0,-14.41,-0.43
2013-02-01,2013,2,"Coal, South African **",Energy,($/mt),85.1,-1.16,-0.7,-19.18,-26.0,0.12
2013-03-01,2013,3,"Coal, South African **",Energy,($/mt),82.8,-2.7,-6.76,-19.92,-25.41,-0.25
2013-04-01,2013,4,"Coal, South African **",Energy,($/mt),82.0,-0.97,-4.76,-19.05,-24.63,0.19
2013-05-01,2013,5,"Coal, South African **",Energy,($/mt),81.8,-0.24,-3.88,-12.79,-32.23,0.35
2013-06-01,2013,6,"Coal, South African **",Energy,($/mt),77.3,-5.5,-6.64,-9.38,-45.72,-1.21
2013-07-01,2013,7,"Coal, South African **",Energy,($/mt),72.6,-6.08,-11.46,-16.84,-56.73,-1.73
2013-08-01,2013,8,"Coal, South African **",Energy,($/mt),72.9,0.41,-10.88,-18.18,-53.54,0.58
2013-09-01,2013,9,"Coal, South African **",Energy,($/mt),73.1,0.27,-5.43,-14.8,-50.54,0.61
2013-10-01,2013,10,"Coal, South African **",Energy,($/mt),80.6,10.26,11.02,-2.66,-26.53,3.75
2013-11-01,2013,11,"Coal, South African **",Energy,($/mt),83.8,3.97,14.95,-2.22,-6.26,0.92
2013-12-01,2013,12,"Coal, South African **",Energy,($/mt),84.6,0.95,15.73,-4.73,9.44,0.23
2014-01-01,2014,1,"Coal, South African **",Energy,($/mt),82.9,-2.01,2.85,-3.72,8.51,-0.39
2014-02-01,2014,2,"Coal, South African **",Energy,($/mt),77.6,-6.39,-7.4,-8.81,12.3,-1.44
2014-03-01,2014,3,"Coal, South African **",Energy,($/mt),74.6,-3.87,-11.82,-9.9,27.3,-0.69
2014-04-01,2014,4,"Coal, South African **",Energy,($/mt),75.1,0.67,-9.41,-8.41,19.4,0.31
2014-05-01,2014,5,"Coal, South African **",Energy,($/mt),75.8,0.93,-2.32,-7.33,30.69,0.33
2014-06-01,2014,6,"Coal, South African **",Energy,($/mt),74.1,-2.24,-0.67,-4.14,23.09,-0.36
2014-07-01,2014,7,"Coal, South African **",Energy,($/mt),71.4,-3.64,-4.93,-1.65,16.86,-0.75
2014-08-01,2014,8,"Coal, South African **",Energy,($/mt),71.2,-0.28,-6.07,-2.33,10.73,-0.05
2014-09-01,2014,9,"Coal, South African **",Energy,($/mt),67.9,-4.63,-8.37,-7.11,11.13,-1.06
2014-10-01,2014,10,"Coal, South African **",Energy,($/mt),65.7,-3.24,-7.98,-18.49,2.02,-0.61
2014-11-01,2014,11,"Coal, South African **",Energy,($/mt),65.7,0.0,-7.72,-21.6,-1.05,0.56
2014-12-01,2014,12,"Coal, South African **",Energy,($/mt),66.1,0.61,-2.65,-21.87,-10.43,1.06
2015-01-01,2015,1,"Coal, South African **",Energy,($/mt),59.3,-10.29,-9.74,-28.47,-31.76,-3.45
2015-02-01,2015,2,"Coal, South African **",Energy,($/mt),63.5,7.08,-3.35,-18.17,-23.86,2.89
2015-03-01,2015,3,"Coal, South African **",Energy,($/mt),59.9,-5.67,-9.38,-19.71,-27.83,-0.98
2015-04-01,2015,4,"Coal, South African **",Energy,($/mt),59.0,-1.5,-0.51,-21.44,-33.48,0.05
2015-05-01,2015,5,"Coal, South African **",Energy,($/mt),61.6,4.41,-2.99,-18.73,-32.23,1.49
2015-06-01,2015,6,"Coal, South African **",Energy,($/mt),60.7,-1.46,1.34,-18.08,-34.59,0.03
2015-07-01,2015,7,"Coal, South African **",Energy,($/mt),57.9,-4.61,-1.86,-18.91,-36.09,-0.67
2015-08-01,2015,8,"Coal, South African **",Energy,($/mt),55.0,-5.01,-10.71,-22.75,-37.43,-0.73
2015-09-01,2015,9,"Coal, South African **",Energy,($/mt),51.4,-6.55,-15.32,-24.3,-40.09,-0.96
2015-10-01,2015,10,"Coal, South African **",Energy,($/mt),50.1,-2.53,-13.47,-23.74,-44.95,-0.07
2015-11-01,2015,11,"Coal, South African **",Energy,($/mt),53.3,6.39,-3.09,-18.87,-48.35,1.77
2015-12-01,2015,12,"Coal, South African **",Energy,($/mt),48.8,-8.44,-5.06,-26.17,-57.64,-1.27
2016-01-01,2016,1,"Coal, South African **",Energy,($/mt),49.1,0.61,-2.0,-17.2,-59.95,0.52
2016-02-01,2016,2,"Coal, South African **",Energy,($/mt),50.3,2.44,-5.63,-20.79,-57.26,0.76
2016-03-01,2016,3,"Coal, South African **",Energy,($/mt),52.6,4.57,7.79,-12.19,-56.53,1.4
2016-04-01,2016,4,"Coal, South African **",Energy,($/mt),52.4,-0.38,6.72,-11.19,-57.74,0.13
2016-05-01,2016,5,"Coal, South African **",Energy,($/mt),54.2,3.44,7.75,-12.01,-55.02,0.91
2016-06-01,2016,6,"Coal, South African **",Energy,($/mt),58.6,8.12,11.41,-3.46,-50.76,1.95
2016-07-01,2016,7,"Coal, South African **",Energy,($/mt),62.4,6.48,19.08,7.77,-46.35,1.25
2016-08-01,2016,8,"Coal, South African **",Energy,($/mt),66.3,6.25,22.32,20.55,-43.96,1.01
2016-09-01,2016,9,"Coal, South African **",Energy,($/mt),68.3,3.02,16.55,32.88,-40.92,0.25
2016-10-01,2016,10,"Coal, South African **",Energy,($/mt),83.8,22.69,34.29,67.27,-24.44,4.33
2016-11-01,2016,11,"Coal, South African **",Energy,($/mt),89.2,6.44,34.54,67.35,-15.45,0.26
2016-12-01,2016,12,"Coal, South African **",Energy,($/mt),80.2,-10.09,17.42,64.34,-23.03,-2.04
2017-01-01,2017,1,"Coal, South African **",Energy,($/mt),86.5,7.86,3.22,76.17,-18.63,0.45
2017-02-01,2017,2,"Coal, South African **",Energy,($/mt),83.6,-3.35,-6.28,66.2,-20.61,-1.13
2017-03-01,2017,3,"Coal, South African **",Energy,($/mt),79.1,-5.38,-1.37,50.38,-23.5,-1.28
2017-04-01,2017,4,"Coal, South African **",Energy,($/mt),78.9,-0.25,-8.79,50.57,-22.11,-0.48
2017-05-01,2017,5,"Coal, South African **",Energy,($/mt),74.4,-5.7,-11.0,37.27,-20.68,-1.14
2017-06-01,2017,6,"Coal, South African **",Energy,($/mt),79.2,6.45,0.13,35.15,-7.15,0.39
2017-07-01,2017,7,"Coal, South African **",Energy,($/mt),81.7,3.16,3.55,30.93,-6.41,0.03
2017-08-01,2017,8,"Coal, South African **",Energy,($/mt),87.8,7.47,18.01,32.43,-1.46,0.57
2017-09-01,2017,9,"Coal, South African **",Energy,($/mt),92.3,5.13,16.54,35.14,7.58,0.28
2017-10-01,2017,10,"Coal, South African **",Energy,($/mt),91.4,-0.98,11.87,9.07,10.39,-0.44
2017-11-01,2017,11,"Coal, South African **",Energy,($/mt),91.4,0.0,4.1,2.47,6.65,-0.15
2017-12-01,2017,12,"Coal, South African **",Energy,($/mt),95.5,4.49,3.47,19.08,7.55,0.71
2018-01-01,2018,1,"Coal, South African **",Energy,($/mt),97.5,2.09,6.67,12.72,13.24,0.11
2018-02-01,2018,2,"Coal, South African **",Energy,($/mt),92.7,-4.92,1.42,10.89,8.93,-1.35
2018-03-01,2018,3,"Coal, South African **",Energy,($/mt),89.5,-3.45,-6.28,13.15,8.09,-0.96
2018-04-01,2018,4,"Coal, South African **",Energy,($/mt),92.3,3.13,-5.33,16.98,12.56,0.46
2018-05-01,2018,5,"Coal, South African **",Energy,($/mt),101.9,10.4,9.92,36.96,24.57,2.04
2018-06-01,2018,6,"Coal, South African **",Energy,($/mt),103.9,1.96,16.09,31.19,34.41,-0.17
2018-07-01,2018,7,"Coal, South African **",Energy,($/mt),106.0,2.02,14.84,29.74,46.01,-0.08
2018-08-01,2018,8,"Coal, South African **",Energy,($/mt),98.5,-7.08,-3.34,12.19,35.12,-2.15
2018-09-01,2018,9,"Coal, South African **",Energy,($/mt),102.1,3.65,-1.73,10.62,39.67,0.54
2018-10-01,2018,10,"Coal, South African **",Energy,($/mt),100.3,-1.76,-5.38,9.74,24.44,-0.58
2018-11-01,2018,11,"Coal, South African **",Energy,($/mt),91.6,-8.67,-7.01,0.22,9.31,-2.03
2018-12-01,2018,12,"Coal, South African **",Energy,($/mt),95.4,4.15,-6.56,-0.1,12.77,0.73
2019-01-01,2019,1,"Coal, South African **",Energy,($/mt),91.3,-4.3,-8.97,-6.36,10.13,-0.81
2019-02-01,2019,2,"Coal, South African **",Energy,($/mt),84.2,-7.78,-8.08,-9.17,8.51,-1.33
2019-03-01,2019,3,"Coal, South African **",Energy,($/mt),78.8,-6.41,-17.4,-11.96,5.63,-0.99
2019-04-01,2019,4,"Coal, South African **",Energy,($/mt),72.5,-7.99,-20.59,-21.45,-3.46,-1.18
2019-05-01,2019,5,"Coal, South African **",Energy,($/mt),68.9,-4.97,-18.17,-32.38,-9.1,-0.51
2019-06-01,2019,6,"Coal, South African **",Energy,($/mt),62.9,-8.71,-20.18,-39.46,-15.11,-1.15
2019-07-01,2019,7,"Coal, South African **",Energy,($/mt),65.8,4.61,-9.24,-37.92,-7.84,1.78
2019-08-01,2019,8,"Coal, South African **",Energy,($/mt),60.4,-8.21,-12.34,-38.68,-15.17,-0.86
2019-09-01,2019,9,"Coal, South African **",Energy,($/mt),61.4,1.66,-2.38,-39.86,-9.57,1.05
2019-10-01,2019,10,"Coal, South African **",Energy,($/mt),67.4,9.77,2.43,-32.8,2.59,2.75
2019-11-01,2019,11,"Coal, South African **",Energy,($/mt),73.6,9.2,21.85,-19.65,12.02,1.92
2019-12-01,2019,12,"Coal, South African **",Energy,($/mt),76.0,3.26,23.78,-20.34,14.98,0.69
2020-01-01,2020,1,"Coal, South African **",Energy,($/mt),82.1,8.03,21.81,-10.08,38.45,1.39
2020-02-01,2020,2,"Coal, South African **",Energy,($/mt),80.0,-2.56,8.7,-4.99,25.98,-0.26
2020-03-01,2020,3,"Coal, South African **",Energy,($/mt),67.9,-15.12,-10.66,-13.83,13.36,-2.1
2020-04-01,2020,4,"Coal, South African **",Energy,($/mt),56.6,-16.64,-31.06,-21.93,-4.07,-1.92
2020-05-01,2020,5,"Coal, South African **",Energy,($/mt),57.4,1.41,-28.25,-16.69,-6.82,0.33
2020-06-01,2020,6,"Coal, South African **",Energy,($/mt),56.8,-1.05,-16.35,-9.7,-6.43,0.01
2020-07-01,2020,7,"Coal, South African **",Energy,($/mt),56.6,-0.35,0.0,-13.98,-2.25,0.01
2020-08-01,2020,8,"Coal, South African **",Energy,($/mt),57.4,1.41,0.0,-4.97,4.36,0.26
2020-09-01,2020,9,"Coal, South African **",Energy,($/mt),57.5,0.17,1.23,-6.35,11.87,0.03
2020-10-01,2020,10,"Coal, South African **",Energy,($/mt),61.0,6.09,7.77,-9.5,21.76,0.75
2020-11-01,2020,11,"Coal, South African **",Energy,($/mt),69.4,13.77,20.91,-5.71,30.21,1.78
2020-12-01,2020,12,"Coal, South African **",Energy,($/mt),85.2,22.77,48.17,12.11,74.59,2.65
2021-01-01,2021,1,"Coal, South African **",Energy,($/mt),86.9,2.0,42.46,5.85,76.99,0.05
2021-02-01,2021,2,"Coal, South African **",Energy,($/mt),82.8,-4.72,19.31,3.5,64.61,-0.53
2021-03-01,2021,3,"Coal, South African **",Energy,($/mt),90.7,9.54,6.46,33.58,72.43,0.81
2021-04-01,2021,4,"Coal, South African **",Energy,($/mt),89.1,-1.76,2.53,57.42,70.04,-0.47
2021-05-01,2021,5,"Coal, South African **",Energy,($/mt),99.3,11.45,19.93,73.0,83.21,0.94
2021-06-01,2021,6,"Coal, South African **",Energy,($/mt),112.9,13.7,24.48,98.77,92.66,1.09
2021-07-01,2021,7,"Coal, South African **",Energy,($/mt),122.3,8.33,37.26,116.08,95.99,0.26
2021-08-01,2021,8,"Coal, South African **",Energy,($/mt),137.9,12.76,38.87,140.24,107.99,0.74
2021-09-01,2021,9,"Coal, South African **",Energy,($/mt),146.1,5.95,29.41,154.09,113.91,-0.24
2021-10-01,2021,10,"Coal, South African **",Energy,($/mt),199.7,36.69,63.29,227.38,138.31,3.78
2021-11-01,2021,11,"Coal, South African **",Energy,($/mt),128.0,-35.9,-7.18,84.44,43.5,-4.23
2021-12-01,2021,12,"Coal, South African **",Energy,($/mt),142.5,11.33,-2.46,67.25,77.68,0.26
2022-01-01,2022,1,"Coal, South African **",Energy,($/mt),168.5,18.25,-15.62,93.9,94.8,0.75
2022-02-01,2022,2,"Coal, South African **",Energy,($/mt),196.4,16.56,53.44,137.2,134.93,0.55
2022-03-01,2022,3,"Coal, South African **",Energy,($/mt),294.4,49.9,106.6,224.59,272.19,2.44
2022-04-01,2022,4,"Coal, South African **",Energy,($/mt),302.0,2.58,79.23,238.95,282.76,-0.47
2022-05-01,2022,5,"Coal, South African **",Energy,($/mt),280.0,-7.28,42.57,181.97,276.34,-0.98
2022-06-01,2022,6,"Coal, South African **",Energy,($/mt),291.4,4.07,-1.02,158.1,267.93,-0.33
2022-07-01,2022,7,"Coal, South African **",Energy,($/mt),269.1,-7.65,-10.89,120.03,229.38,-0.85
2022-08-01,2022,8,"Coal, South African **",Energy,($/mt),274.6,2.04,-1.93,99.13,212.76,-0.32
2022-09-01,2022,9,"Coal, South African **",Energy,($/mt),235.0,-14.42,-19.35,60.85,154.6,-1.03
2022-10-01,2022,10,"Coal, South African **",Energy,($/mt),191.2,-18.64,-28.95,-4.26,109.19,-1.1
2022-11-01,2022,11,"Coal, South African **",Energy,($/mt),169.1,-11.56,-38.42,32.11,85.01,-0.61
2022-12-01,2022,12,"Coal, South African **",Energy,($/mt),215.0,27.14,-8.51,50.88,125.13,1.24
2023-01-01,2023,1,"Coal, South African **",Energy,($/mt),172.0,-20.0,-10.04,2.08,76.41,-1.26
2023-02-01,2023,2,"Coal, South African **",Energy,($/mt),144.7,-15.87,-14.43,-26.32,56.09,-0.86
2023-03-01,2023,3,"Coal, South African **",Energy,($/mt),136.8,-5.46,-36.37,-53.53,52.85,-0.23
2023-04-01,2023,4,"Coal, South African **",Energy,($/mt),133.7,-2.27,-22.27,-55.73,44.85,0.24
2023-05-01,2023,5,"Coal, South African **",Energy,($/mt),103.0,-22.96,-28.82,-63.21,1.08,-1.33
2023-06-01,2023,6,"Coal, South African **",Energy,($/mt),98.6,-4.27,-27.92,-66.16,-5.1,0.21
2023-07-01,2023,7,"Coal, South African **",Energy,($/mt),96.8,-1.83,-27.6,-64.03,-8.68,0.45
2023-08-01,2023,8,"Coal, South African **",Energy,($/mt),97.6,0.83,-5.24,-64.46,-0.91,0.6
2023-09-01,2023,9,"Coal, South African **",Energy,($/mt),99.9,2.36,1.32,-57.49,-2.15,0.73
2023-10-01,2023,10,"Coal, South African **",Energy,($/mt),128.4,28.53,32.64,-32.85,28.02,2.55
2023-11-01,2023,11,"Coal, South African **",Energy,($/mt),109.0,-15.11,11.68,-35.54,19.0,-0.8
2023-12-01,2023,12,"Coal, South African **",Energy,($/mt),108.8,-0.18,8.91,-49.4,14.05,0.14
2024-01-01,2024,1,"Coal, South African **",Energy,($/mt),106.8,-1.84,-16.82,-37.91,16.98,0.21
2024-02-01,2024,2,"Coal, South African **",Energy,($/mt),105.2,-1.5,-3.49,-27.3,24.94,0.13
2024-03-01,2024,3,"Coal, South African **",Energy,($/mt),104.8,-0.38,-3.68,-23.39,32.99,0.13
2024-04-01,2024,4,"Coal, South African **",Energy,($/mt),104.9,0.1,-1.78,-21.54,44.69,0.14
2024-05-01,2024,5,"Coal, South African **",Energy,($/mt),105.6,0.67,0.38,2.52,53.27,0.17
2024-06-01,2024,6,"Coal, South African **",Energy,($/mt),105.3,-0.28,0.48,6.8,67.41,-0.09
2024-07-01,2024,7,"Coal, South African **",Energy,($/mt),105.3,0.0,0.38,8.78,60.03,-0.1
2024-08-01,2024,8,"Coal, South African **",Energy,($/mt),106.2,0.85,0.57,8.81,75.83,-0.03
2024-09-01,2024,9,"Coal, South African **",Energy,($/mt),106.1,-0.09,0.76,6.21,72.8,-0.12
2024-10-01,2024,10,"Coal, South African **",Energy,($/mt),106.8,0.66,1.42,-16.82,58.46,-0.02
2024-11-01,2024,11,"Coal, South African **",Energy,($/mt),106.8,0.0,0.56,-2.02,45.11,0.33
2024-12-01,2024,12,"Coal, South African **",Energy,($/mt),105.5,-1.22,-0.57,-3.03,38.82,-1.3
2025-01-01,2025,1,"Coal, South African **",Energy,($/mt),103.3,-2.09,-3.28,-3.28,25.82,-2.12
2025-02-01,2025,2,"Coal, South African **",Energy,($/mt),100.4,-2.81,-5.99,-4.56,25.5,-2.8
2025-03-01,2025,3,"Coal, South African **",Energy,($/mt),98.0,-2.39,-7.11,-6.49,44.33,-1.79
2025-04-01,2025,4,"Coal, South African **",Energy,($/mt),95.6,-2.45,-7.45,-8.87,68.9,-1.51
2025-05-01,2025,5,"Coal, South African **",Energy,($/mt),94.3,-1.36,-6.08,-10.7,64.29,-0.44
2025-06-01,2025,6,"Coal, South African **",Energy,($/mt),93.8,-0.53,-4.29,-10.92,65.14,0.31
2025-07-01,2025,7,"Coal, South African **",Energy,($/mt),93.6,-0.21,-2.09,-11.11,65.37,0.58
2025-08-01,2025,8,"Coal, South African **",Energy,($/mt),93.3,-0.32,-1.06,-12.15,62.54,0.51
2025-09-01,2025,9,"Coal, South African **",Energy,($/mt),92.3,-1.07,-1.6,-13.01,60.52,-0.0
2025-10-01,2025,10,"Coal, South African **",Energy,($/mt),91.6,-0.76,-2.14,-14.23,50.16,0.35
2025-11-01,2025,11,"Coal, South African **",Energy,($/mt),91.6,0.0,-1.82,-14.23,31.99,1.32
2025-12-01,2025,12,"Coal, South African **",Energy,($/mt),90.9,-0.76,-1.52,-13.84,6.69,0.52
2026-01-01,2026,1,"Coal, South African **",Energy,($/mt),90.6,-0.33,-1.09,-12.29,4.26,0.92
2026-02-01,2026,2,"Coal, South African **",Energy,($/mt),91.2,0.66,-0.44,-9.16,10.14,1.81
2026-03-01,2026,3,"Coal, South African **",Energy,($/mt),93.8,2.85,3.19,-4.29,3.42,3.97
2026-04-01,2026,4,"Coal, South African **",Energy,($/mt),94.8,1.07,4.64,-0.84,6.4,1.12
2026-05-01,2026,5,"Coal, South African **",Energy,($/mt),95.6,0.84,4.82,1.38,-3.73,0.79
2026-06-01,2026,6,"Coal, South African **",Energy,($/mt),96.3,0.73,2.67,2.67,-14.7,0.56
2026-07-01,2026,7,"Coal, South African **",Energy,($/mt),96.3,0.0,1.58,2.88,-21.26,-0.21
2026-08-01,2026,8,"Coal, South African **",Energy,($/mt),96.8,0.52,1.26,3.75,-29.8,0.26
2026-09-01,2026,9,"Coal, South African **",Energy,($/mt),98.2,1.45,1.97,6.39,-32.79,1.07
1960-01-01,1960,1,Cocoa,Beverages,($/kg),0.63,,,,,
1960-02-01,1960,2,Cocoa,Beverages,($/kg),0.61,-3.17,,,,
1960-03-01,1960,3,Cocoa,Beverages,($/kg),0.58,-4.92,,,,
1960-04-01,1960,4,Cocoa,Beverages,($/kg),0.6,3.45,-4.76,,,
1960-05-01,1960,5,Cocoa,Beverages,($/kg),0.6,0.0,-1.64,,,
1960-06-01,1960,6,Cocoa,Beverages,($/kg),0.59,-1.67,1.72,,,
1960-07-01,1960,7,Cocoa,Beverages,($/kg),0.6,1.69,0.0,,,
1960-08-01,1960,8,Cocoa,Beverages,($/kg),0.59,-1.67,-1.67,,,-0.29
1960-09-01,1960,9,Cocoa,Beverages,($/kg),0.58,-1.69,-1.69,,,-0.28
1960-10-01,1960,10,Cocoa,Beverages,($/kg),0.59,1.72,-1.67,,,1.02
1960-11-01,1960,11,Cocoa,Beverages,($/kg),0.57,-3.39,-3.39,,,-1.02
1960-12-01,1960,12,Cocoa,Beverages,($/kg),0.52,-8.77,-10.34,,,-2.96
1961-01-01,1961,1,Cocoa,Beverages,($/kg),0.49,-5.77,-16.95,-22.22,,-1.19
1961-02-01,1961,2,Cocoa,Beverages,($/kg),0.49,0.0,-14.04,-19.67,,0.58
1961-03-01,1961,3,Cocoa,Beverages,($/kg),0.46,-6.12,-11.54,-20.69,,-1.25
1961-04-01,1961,4,Cocoa,Beverages,($/kg),0.44,-4.35,-10.2,-26.67,,-0.69
1961-05-01,1961,5,Cocoa,Beverages,($/kg),0.48,9.09,-2.04,-20.0,,3.55
1961-06-01,1961,6,Cocoa,Beverages,($/kg),0.49,2.08,6.52,-16.95,,0.82
1961-07-01,1961,7,Cocoa,Beverages,($/kg),0.48,-2.04,9.09,-20.0,,-0.13
1961-08-01,1961,8,Cocoa,Beverages,($/kg),0.48,0.0,0.0,-18.64,,0.37
1961-09-01,1961,9,Cocoa,Beverages,($/kg),0.47,-2.08,-4.08,-18.97,,-0.1
1961-10-01,1961,10,Cocoa,Beverages,($/kg),0.46,-2.13,-4.17,-22.03,,-0.1
1961-11-01,1961,11,Cocoa,Beverages,($/kg),0.48,4.35,0.0,-15.79,,1.37
1961-12-01,1961,12,Cocoa,Beverages,($/kg),0.54,12.5,14.89,3.85,,2.81
1962-01-01,1962,1,Cocoa,Beverages,($/kg),0.46,-14.81,0.0,-6.12,,-2.66
1962-02-01,1962,2,Cocoa,Beverages,($/kg),0.49,6.52,2.08,0.0,,0.96
1962-03-01,1962,3,Cocoa,Beverages,($/kg),0.44,-10.2,-18.52,-4.35,,-1.42
1962-04-01,1962,4,Cocoa,Beverages,($/kg),0.46,4.55,0.0,4.55,,0.6
1962-05-01,1962,5,Cocoa,Beverages,($/kg),0.47,2.17,-4.08,-2.08,,0.2
1962-06-01,1962,6,Cocoa,Beverages,($/kg),0.47,0.0,6.82,-4.08,,-0.01
1962-07-01,1962,7,Cocoa,Beverages,($/kg),0.46,-2.13,0.0,-4.17,,-0.28
1962-08-01,1962,8,Cocoa,Beverages,($/kg),0.46,0.0,-2.13,-4.17,,0.01
1962-09-01,1962,9,Cocoa,Beverages,($/kg),0.45,-2.17,-4.26,-4.26,,-0.28
1962-10-01,1962,10,Cocoa,Beverages,($/kg),0.44,-2.22,-4.35,-4.35,,-0.29
1962-11-01,1962,11,Cocoa,Beverages,($/kg),0.44,0.0,-4.35,-8.33,,0.02
1962-12-01,1962,12,Cocoa,Beverages,($/kg),0.45,2.27,0.0,-16.67,,0.39
1963-01-01,1963,1,Cocoa,Beverages,($/kg),0.5,11.11,13.64,8.7,,2.09
1963-02-01,1963,2,Cocoa,Beverages,($/kg),0.54,8.0,22.73,10.2,,1.36
1963-03-01,1963,3,Cocoa,Beverages,($/kg),0.53,-1.85,17.78,20.45,,-0.51
1963-04-01,1963,4,Cocoa,Beverages,($/kg),0.56,5.66,12.0,21.74,,0.93
1963-05-01,1963,5,Cocoa,Beverages,($/kg),0.61,8.93,12.96,29.79,,1.64
1963-06-01,1963,6,Cocoa,Beverages,($/kg),0.56,-8.2,5.66,19.15,,-2.17
1963-07-01,1963,7,Cocoa,Beverages,($/kg),0.52,-7.14,-7.14,13.04,,-1.54
1963-08-01,1963,8,Cocoa,Beverages,($/kg),0.52,0.0,-14.75,13.04,,-0.19
1963-09-01,1963,9,Cocoa,Beverages,($/kg),0.55,5.77,-1.79,22.22,,0.74
1963-10-01,1963,10,Cocoa,Beverages,($/kg),0.58,5.45,11.54,31.82,,0.58
1963-11-01,1963,11,Cocoa,Beverages,($/kg),0.57,-1.72,9.62,29.55,,-0.69
1963-12-01,1963,12,Cocoa,Beverages,($/kg),0.57,0.0,3.64,26.67,,-0.38
1964-01-01,1964,1,Cocoa,Beverages,($/kg),0.55,-3.51,-5.17,10.0,,-0.91
1964-02-01,1964,2,Cocoa,Beverages,($/kg),0.51,-7.27,-10.53,-5.56,,-1.43
1964-03-01,1964,3,Cocoa,Beverages,($/kg),0.51,0.0,-10.53,-3.77,,0.06
1964-04-01,1964,4,Cocoa,Beverages,($/kg),0.48,-5.88,-12.73,-14.29,,-1.0
1964-05-01,1964,5,Cocoa,Beverages,($/kg),0.48,0.0,-5.88,-21.31,,0.2
1964-06-01,1964,6,Cocoa,Beverages,($/kg),0.5,4.17,-1.96,-10.71,,1.29
1964-07-01,1964,7,Cocoa,Beverages,($/kg),0.51,2.0,6.25,-1.92,,0.63
1964-08-01,1964,8,Cocoa,Beverages,($/kg),0.5,-1.96,4.17,-3.85,,-0.46
1964-09-01,1964,9,Cocoa,Beverages,($/kg),0.51,2.0,2.0,-7.27,,0.54
1964-10-01,1964,10,Cocoa,Beverages,($/kg),0.51,0.0,0.0,-12.07,,0.15
1964-11-01,1964,11,Cocoa,Beverages,($/kg),0.52,1.96,4.0,-8.77,,0.9
1964-12-01,1964,12,Cocoa,Beverages,($/kg),0.5,-3.85,-1.96,-12.28,,-0.92
1965-01-01,1965,1,Cocoa,Beverages,($/kg),0.47,-6.0,-7.84,-14.55,-25.4,-1.42
1965-02-01,1965,2,Cocoa,Beverages,($/kg),0.42,-10.64,-19.23,-17.65,-31.15,-2.52
1965-03-01,1965,3,Cocoa,Beverages,($/kg),0.35,-16.67,-30.0,-31.37,-39.66,-3.52
1965-04-01,1965,4,Cocoa,Beverages,($/kg),0.35,0.0,-25.53,-27.08,-41.67,0.48
1965-05-01,1965,5,Cocoa,Beverages,($/kg),0.33,-5.71,-21.43,-31.25,-45.0,-0.54
1965-06-01,1965,6,Cocoa,Beverages,($/kg),0.29,-12.12,-17.14,-42.0,-50.85,-1.52
1965-07-01,1965,7,Cocoa,Beverages,($/kg),0.26,-10.34,-25.71,-49.02,-56.67,-0.99
1965-08-01,1965,8,Cocoa,Beverages,($/kg),0.33,26.92,0.0,-34.0,-44.07,5.3
1965-09-01,1965,9,Cocoa,Beverages,($/kg),0.36,9.09,24.14,-29.41,-37.93,1.07
1965-10-01,1965,10,Cocoa,Beverages,($/kg),0.37,2.78,42.31,-27.45,-37.29,0.44
1965-11-01,1965,11,Cocoa,Beverages,($/kg),0.4,8.11,21.21,-23.08,-29.82,0.87
1965-12-01,1965,12,Cocoa,Beverages,($/kg),0.46,15.0,27.78,-8.0,-11.54,1.38
1966-01-01,1966,1,Cocoa,Beverages,($/kg),0.47,2.17,27.03,0.0,-4.08,0.17
1966-02-01,1966,2,Cocoa,Beverages,($/kg),0.47,0.0,17.5,11.9,-4.08,-0.06
1966-03-01,1966,3,Cocoa,Beverages,($/kg),0.49,4.26,6.52,40.0,6.52,0.22
1966-04-01,1966,4,Cocoa,Beverages,($/kg),0.53,8.16,12.77,51.43,20.45,0.45
1966-05-01,1966,5,Cocoa,Beverages,($/kg),0.51,-3.77,8.51,54.55,6.25,-0.72
1966-06-01,1966,6,Cocoa,Beverages,($/kg),0.53,3.92,8.16,82.76,8.16,-0.02
1966-07-01,1966,7,Cocoa,Beverages,($/kg),0.58,9.43,9.43,123.08,20.83,0.42
1966-08-01,1966,8,Cocoa,Beverages,($/kg),0.57,-1.72,11.76,72.73,18.75,-1.12
1966-09-01,1966,9,Cocoa,Beverages,($/kg),0.5,-12.28,-5.66,38.89,6.38,-3.18
1966-10-01,1966,10,Cocoa,Beverages,($/kg),0.51,2.0,-12.07,37.84,10.87,-0.14
1966-11-01,1966,11,Cocoa,Beverages,($/kg),0.5,-1.96,-12.28,25.0,4.17,-0.69
1966-12-01,1966,12,Cocoa,Beverages,($/kg),0.55,10.0,10.0,19.57,1.85,1.13
1967-01-01,1967,1,Cocoa,Beverages,($/kg),0.57,3.64,11.76,21.28,23.91,0.31
1967-02-01,1967,2,Cocoa,Beverages,($/kg),0.61,7.02,22.0,29.79,24.49,0.82
1967-03-01,1967,3,Cocoa,Beverages,($/kg),0.6,-1.64,9.09,22.45,36.36,-0.62
1967-04-01,1967,4,Cocoa,Beverages,($/kg),0.58,-3.33,1.75,9.43,26.09,-0.8
1967-05-01,1967,5,Cocoa,Beverages,($/kg),0.57,-1.72,-6.56,11.76,21.28,-0.42
1967-06-01,1967,6,Cocoa,Beverages,($/kg),0.58,1.75,-3.33,9.43,23.4,0.1
1967-07-01,1967,7,Cocoa,Beverages,($/kg),0.57,-1.72,-1.72,-1.72,23.91,-0.43
1967-08-01,1967,8,Cocoa,Beverages,($/kg),0.59,3.51,3.51,3.51,28.26,0.62
1967-09-01,1967,9,Cocoa,Beverages,($/kg),0.62,5.08,6.9,24.0,37.78,0.82
1967-10-01,1967,10,Cocoa,Beverages,($/kg),0.61,-1.61,7.02,19.61,38.64,-0.84
1967-11-01,1967,11,Cocoa,Beverages,($/kg),0.64,4.92,8.47,28.0,45.45,0.78
1967-12-01,1967,12,Cocoa,Beverages,($/kg),0.65,1.56,4.84,18.18,44.44,-0.14
1968-01-01,1968,1,Cocoa,Beverages,($/kg),0.65,0.0,6.56,14.04,30.0,-0.43
1968-02-01,1968,2,Cocoa,Beverages,($/kg),0.63,-3.08,-1.56,3.28,16.67,-1.26
1968-03-01,1968,3,Cocoa,Beverages,($/kg),0.62,-1.59,-4.62,3.33,16.98,-0.63
1968-04-01,1968,4,Cocoa,Beverages,($/kg),0.63,1.61,-3.08,8.62,12.5,0.43
1968-05-01,1968,5,Cocoa,Beverages,($/kg),0.62,-1.59,-1.59,8.77,1.64,-0.83
1968-06-01,1968,6,Cocoa,Beverages,($/kg),0.61,-1.61,-1.61,5.17,8.93,-0.85
1968-07-01,1968,7,Cocoa,Beverages,($/kg),0.63,3.28,0.0,10.53,21.15,1.0
1968-08-01,1968,8,Cocoa,Beverages,($/kg),0.65,3.17,4.84,10.17,25.0,0.81
1968-09-01,1968,9,Cocoa,Beverages,($/kg),0.77,18.46,26.23,24.19,40.0,6.26
1968-10-01,1968,10,Cocoa,Beverages,($/kg),0.83,7.79,31.75,36.07,43.1,1.01
1968-11-01,1968,11,Cocoa,Beverages,($/kg),0.97,16.87,49.23,51.56,70.18,2.41
1968-12-01,1968,12,Cocoa,Beverages,($/kg),1.02,5.15,32.47,56.92,78.95,0.2
1969-01-01,1969,1,Cocoa,Beverages,($/kg),0.94,-7.84,13.25,44.62,70.91,-1.67
1969-02-01,1969,2,Cocoa,Beverages,($/kg),0.91,-3.19,-6.19,44.44,78.43,-0.84
1969-03-01,1969,3,Cocoa,Beverages,($/kg),0.9,-1.1,-11.76,45.16,76.47,-0.57
1969-04-01,1969,4,Cocoa,Beverages,($/kg),0.88,-2.22,-6.38,39.68,83.33,-0.72
1969-05-01,1969,5,Cocoa,Beverages,($/kg),0.81,-7.95,-10.99,30.65,68.75,-1.38
1969-06-01,1969,6,Cocoa,Beverages,($/kg),0.89,9.88,-1.11,45.9,78.0,0.86
1969-07-01,1969,7,Cocoa,Beverages,($/kg),0.93,4.49,5.68,47.62,82.35,0.11
1969-08-01,1969,8,Cocoa,Beverages,($/kg),0.91,-2.15,12.35,40.0,82.0,-0.67
1969-09-01,1969,9,Cocoa,Beverages,($/kg),0.9,-1.1,1.12,16.88,76.47,-0.49
1969-10-01,1969,10,Cocoa,Beverages,($/kg),0.92,2.22,-1.08,10.84,80.39,0.09
1969-11-01,1969,11,Cocoa,Beverages,($/kg),0.93,1.09,2.2,-4.12,78.85,-0.0
1969-12-01,1969,12,Cocoa,Beverages,($/kg),0.85,-8.6,-5.56,-16.67,70.0,-1.61
1970-01-01,1970,1,Cocoa,Beverages,($/kg),0.68,-20.0,-26.09,-27.66,44.68,-3.44
1970-02-01,1970,2,Cocoa,Beverages,($/kg),0.68,0.0,-26.88,-25.27,61.9,0.32
1970-03-01,1970,3,Cocoa,Beverages,($/kg),0.68,0.0,-20.0,-24.44,94.29,0.28
1970-04-01,1970,4,Cocoa,Beverages,($/kg),0.68,0.0,0.0,-22.73,94.29,0.27
1970-05-01,1970,5,Cocoa,Beverages,($/kg),0.68,0.0,0.0,-16.05,106.06,0.24
1970-06-01,1970,6,Cocoa,Beverages,($/kg),0.68,0.0,0.0,-23.6,134.48,0.16
1970-07-01,1970,7,Cocoa,Beverages,($/kg),0.68,0.0,0.0,-26.88,161.54,0.31
1970-08-01,1970,8,Cocoa,Beverages,($/kg),0.68,0.0,0.0,-25.27,106.06,0.39
1970-09-01,1970,9,Cocoa,Beverages,($/kg),0.68,0.0,0.0,-24.44,88.89,0.35
1970-10-01,1970,10,Cocoa,Beverages,($/kg),0.68,0.0,0.0,-26.09,83.78,0.34
1970-11-01,1970,11,Cocoa,Beverages,($/kg),0.68,0.0,0.0,-26.88,70.0,0.37
1970-12-01,1970,12,Cocoa,Beverages,($/kg),0.68,0.0,0.0,-20.0,47.83,0.39
1971-01-01,1971,1,Cocoa,Beverages,($/kg),0.54,-20.59,-20.59,-20.59,14.89,-3.28
1971-02-01,1971,2,Cocoa,Beverages,($/kg),0.54,0.0,-20.59,-20.59,14.89,0.29
1971-03-01,1971,3,Cocoa,Beverages,($/kg),0.54,0.0,-20.59,-20.59,10.2,0.29
1971-04-01,1971,4,Cocoa,Beverages,($/kg),0.54,0.0,0.0,-20.59,1.89,0.29
1971-05-01,1971,5,Cocoa,Beverages,($/kg),0.54,0.0,0.0,-20.59,5.88,0.29
1971-06-01,1971,6,Cocoa,Beverages,($/kg),0.54,0.0,0.0,-20.59,1.89,0.29
1971-07-01,1971,7,Cocoa,Beverages,($/kg),0.54,0.0,0.0,-20.59,-6.9,0.29
1971-08-01,1971,8,Cocoa,Beverages,($/kg),0.54,0.0,0.0,-20.59,-5.26,0.29
1971-09-01,1971,9,Cocoa,Beverages,($/kg),0.54,0.0,0.0,-20.59,8.0,0.29
1971-10-01,1971,10,Cocoa,Beverages,($/kg),0.54,0.0,0.0,-20.59,5.88,0.29
1971-11-01,1971,11,Cocoa,Beverages,($/kg),0.54,0.0,0.0,-20.59,8.0,0.29
1971-12-01,1971,12,Cocoa,Beverages,($/kg),0.54,0.0,0.0,-20.59,-1.82,0.29
1972-01-01,1972,1,Cocoa,Beverages,($/kg),0.64,18.52,18.52,18.52,12.28,3.4
1972-02-01,1972,2,Cocoa,Beverages,($/kg),0.64,0.0,18.52,18.52,4.92,-0.29
1972-03-01,1972,3,Cocoa,Beverages,($/kg),0.64,0.0,18.52,18.52,6.67,-0.29
1972-04-01,1972,4,Cocoa,Beverages,($/kg),0.64,0.0,0.0,18.52,10.34,-0.29
1972-05-01,1972,5,Cocoa,Beverages,($/kg),0.64,0.0,0.0,18.52,12.28,-0.29
1972-06-01,1972,6,Cocoa,Beverages,($/kg),0.64,0.0,0.0,18.52,10.34,-0.29
1972-07-01,1972,7,Cocoa,Beverages,($/kg),0.64,0.0,0.0,18.52,12.28,-0.29
1972-08-01,1972,8,Cocoa,Beverages,($/kg),0.64,0.0,0.0,18.52,8.47,-0.29
1972-09-01,1972,9,Cocoa,Beverages,($/kg),0.64,0.0,0.0,18.52,3.23,-0.29
1972-10-01,1972,10,Cocoa,Beverages,($/kg),0.64,0.0,0.0,18.52,4.92,-0.29
1972-11-01,1972,11,Cocoa,Beverages,($/kg),0.64,0.0,0.0,18.52,0.0,-0.29
1972-12-01,1972,12,Cocoa,Beverages,($/kg),0.64,0.0,0.0,18.52,-1.54,-0.29
1973-01-01,1973,1,Cocoa,Beverages,($/kg),1.13,76.56,76.56,76.56,73.85,14.03
1973-02-01,1973,2,Cocoa,Beverages,($/kg),1.13,0.0,76.56,76.56,79.37,-0.29
1973-03-01,1973,3,Cocoa,Beverages,($/kg),1.13,0.0,76.56,76.56,82.26,-0.29
1973-04-01,1973,4,Cocoa,Beverages,($/kg),1.13,0.0,0.0,76.56,79.37,-0.29
1973-05-01,1973,5,Cocoa,Beverages,($/kg),1.13,0.0,0.0,76.56,82.26,-0.29
1973-06-01,1973,6,Cocoa,Beverages,($/kg),1.13,0.0,0.0,76.56,85.25,-0.29
1973-07-01,1973,7,Cocoa,Beverages,($/kg),1.13,0.0,0.0,76.56,79.37,-0.29
1973-08-01,1973,8,Cocoa,Beverages,($/kg),1.13,0.0,0.0,76.56,73.85,-0.29
1973-09-01,1973,9,Cocoa,Beverages,($/kg),1.13,0.0,0.0,76.56,46.75,-0.29
1973-10-01,1973,10,Cocoa,Beverages,($/kg),1.13,0.0,0.0,76.56,36.14,-0.29
1973-11-01,1973,11,Cocoa,Beverages,($/kg),1.13,0.0,0.0,76.56,16.49,-0.29
1973-12-01,1973,12,Cocoa,Beverages,($/kg),1.13,0.0,0.0,76.56,10.78,-0.29
1974-01-01,1974,1,Cocoa,Beverages,($/kg),1.56,38.05,38.05,38.05,65.96,1.43
1974-02-01,1974,2,Cocoa,Beverages,($/kg),1.56,0.0,38.05,38.05,71.43,-0.29
1974-03-01,1974,3,Cocoa,Beverages,($/kg),1.56,0.0,38.05,38.05,73.33,-0.29
1974-04-01,1974,4,Cocoa,Beverages,($/kg),1.56,0.0,0.0,38.05,77.27,-0.29
1974-05-01,1974,5,Cocoa,Beverages,($/kg),1.56,0.0,0.0,38.05,92.59,-0.29
1974-06-01,1974,6,Cocoa,Beverages,($/kg),1.56,0.0,0.0,38.05,75.28,-0.29
1974-07-01,1974,7,Cocoa,Beverages,($/kg),1.56,0.0,0.0,38.05,67.74,-0.29
1974-08-01,1974,8,Cocoa,Beverages,($/kg),1.56,0.0,0.0,38.05,71.43,-0.29
1974-09-01,1974,9,Cocoa,Beverages,($/kg),1.56,0.0,0.0,38.05,73.33,-0.29
1974-10-01,1974,10,Cocoa,Beverages,($/kg),1.56,0.0,0.0,38.05,69.57,-0.29
1974-11-01,1974,11,Cocoa,Beverages,($/kg),1.56,0.0,0.0,38.05,67.74,-0.29
1974-12-01,1974,12,Cocoa,Beverages,($/kg),1.56,0.0,0.0,38.05,83.53,-0.29
1975-01-01,1975,1,Cocoa,Beverages,($/kg),1.25,-19.87,-19.87,-19.87,83.82,-2.1
1975-02-01,1975,2,Cocoa,Beverages,($/kg),1.25,0.0,-19.87,-19.87,83.82,0.29
1975-03-01,1975,3,Cocoa,Beverages,($/kg),1.25,0.0,-19.87,-19.87,83.82,0.29
1975-04-01,1975,4,Cocoa,Beverages,($/kg),1.25,0.0,0.0,-19.87,83.82,0.29
1975-05-01,1975,5,Cocoa,Beverages,($/kg),1.25,0.0,0.0,-19.87,83.82,0.29
1975-06-01,1975,6,Cocoa,Beverages,($/kg),1.25,0.0,0.0,-19.87,83.82,0.29
1975-07-01,1975,7,Cocoa,Beverages,($/kg),1.25,0.0,0.0,-19.87,83.82,0.29
1975-08-01,1975,8,Cocoa,Beverages,($/kg),1.25,0.0,0.0,-19.87,83.82,0.29
1975-09-01,1975,9,Cocoa,Beverages,($/kg),1.25,0.0,0.0,-19.87,83.82,0.29
1975-10-01,1975,10,Cocoa,Beverages,($/kg),1.25,0.0,0.0,-19.87,83.82,0.29
1975-11-01,1975,11,Cocoa,Beverages,($/kg),1.25,0.0,0.0,-19.87,83.82,0.29
1975-12-01,1975,12,Cocoa,Beverages,($/kg),1.25,0.0,0.0,-19.87,83.82,0.29
1976-01-01,1976,1,Cocoa,Beverages,($/kg),1.4,12.0,12.0,12.0,159.26,2.38
1976-02-01,1976,2,Cocoa,Beverages,($/kg),1.43,2.14,14.4,14.4,164.81,0.33
1976-03-01,1976,3,Cocoa,Beverages,($/kg),1.42,-0.7,13.6,13.6,162.96,-0.54
1976-04-01,1976,4,Cocoa,Beverages,($/kg),1.64,15.49,17.14,31.2,203.7,4.12
1976-05-01,1976,5,Cocoa,Beverages,($/kg),1.77,7.93,23.78,41.6,227.78,1.02
1976-06-01,1976,6,Cocoa,Beverages,($/kg),1.92,8.47,35.21,53.6,255.56,0.97
1976-07-01,1976,7,Cocoa,Beverages,($/kg),1.96,2.08,19.51,56.8,262.96,-0.3
1976-08-01,1976,8,Cocoa,Beverages,($/kg),2.12,8.16,19.77,69.6,292.59,0.76
1976-09-01,1976,9,Cocoa,Beverages,($/kg),2.39,12.74,24.48,91.2,342.59,1.46
1976-10-01,1976,10,Cocoa,Beverages,($/kg),2.59,8.37,32.14,107.2,379.63,0.46
1976-11-01,1976,11,Cocoa,Beverages,($/kg),2.93,13.13,38.21,134.4,442.59,1.22
1976-12-01,1976,12,Cocoa,Beverages,($/kg),2.98,1.71,24.69,138.4,451.85,-1.06
1977-01-01,1977,1,Cocoa,Beverages,($/kg),3.45,15.77,33.2,146.43,439.06,1.55
1977-02-01,1977,2,Cocoa,Beverages,($/kg),3.82,10.72,30.38,167.13,496.88,0.49
1977-03-01,1977,3,Cocoa,Beverages,($/kg),4.03,5.5,35.23,183.8,529.69,-0.59
1977-04-01,1977,4,Cocoa,Beverages,($/kg),3.59,-10.92,4.06,118.9,460.94,-4.32
1977-05-01,1977,5,Cocoa,Beverages,($/kg),3.78,5.29,-1.05,113.56,490.62,-0.24
1977-06-01,1977,6,Cocoa,Beverages,($/kg),4.25,12.43,5.46,121.35,564.06,0.81
1977-07-01,1977,7,Cocoa,Beverages,($/kg),4.36,2.59,21.45,122.45,581.25,-0.62
1977-08-01,1977,8,Cocoa,Beverages,($/kg),3.97,-8.94,5.03,87.26,520.31,-2.24
1977-09-01,1977,9,Cocoa,Beverages,($/kg),3.85,-3.02,-9.41,61.09,501.56,-1.02
1977-10-01,1977,10,Cocoa,Beverages,($/kg),3.69,-4.16,-15.37,42.47,476.56,-1.0
1977-11-01,1977,11,Cocoa,Beverages,($/kg),3.48,-5.69,-12.34,18.77,443.75,-1.03
1977-12-01,1977,12,Cocoa,Beverages,($/kg),3.19,-8.33,-17.14,7.05,398.44,-1.18
1978-01-01,1978,1,Cocoa,Beverages,($/kg),2.98,-6.58,-19.24,-13.62,163.72,-0.83
1978-02-01,1978,2,Cocoa,Beverages,($/kg),2.83,-5.03,-18.68,-25.92,150.44,-0.52
1978-03-01,1978,3,Cocoa,Beverages,($/kg),3.38,19.43,5.96,-16.13,199.12,3.05
1978-04-01,1978,4,Cocoa,Beverages,($/kg),3.44,1.78,15.44,-4.18,204.42,0.31
1978-05-01,1978,5,Cocoa,Beverages,($/kg),3.14,-8.72,10.95,-16.93,177.88,-0.99
1978-06-01,1978,6,Cocoa,Beverages,($/kg),2.99,-4.78,-11.54,-29.65,164.6,-0.4
1978-07-01,1978,7,Cocoa,Beverages,($/kg),3.16,5.69,-8.14,-27.52,179.65,1.06
1978-08-01,1978,8,Cocoa,Beverages,($/kg),3.36,6.33,7.01,-15.37,197.35,1.07
1978-09-01,1978,9,Cocoa,Beverages,($/kg),3.75,11.61,25.42,-2.6,231.86,1.55
1978-10-01,1978,10,Cocoa,Beverages,($/kg),3.83,2.13,21.2,3.79,238.94,0.22
1978-11-01,1978,11,Cocoa,Beverages,($/kg),4.03,5.22,19.94,15.8,256.64,0.52
1978-12-01,1978,12,Cocoa,Beverages,($/kg),3.95,-1.99,5.33,23.82,249.56,-0.41
1979-01-01,1979,1,Cocoa,Beverages,($/kg),3.66,-7.34,-4.44,22.82,134.62,-1.15
1979-02-01,1979,2,Cocoa,Beverages,($/kg),3.5,-4.37,-13.15,23.67,124.36,-0.77
1979-03-01,1979,3,Cocoa,Beverages,($/kg),3.4,-2.86,-13.92,0.59,117.95,-0.6
1979-04-01,1979,4,Cocoa,Beverages,($/kg),3.25,-4.41,-11.2,-5.52,108.33,-0.75
1979-05-01,1979,5,Cocoa,Beverages,($/kg),3.36,3.38,-4.0,7.01,115.38,0.58
1979-06-01,1979,6,Cocoa,Beverages,($/kg),3.48,3.57,2.35,16.39,123.08,0.49
1979-07-01,1979,7,Cocoa,Beverages,($/kg),3.25,-6.61,0.0,2.85,108.33,-1.44
1979-08-01,1979,8,Cocoa,Beverages,($/kg),3.14,-3.38,-6.55,-6.55,101.28,-0.64
1979-09-01,1979,9,Cocoa,Beverages,($/kg),3.22,2.55,-7.47,-14.13,106.41,0.53
1979-10-01,1979,10,Cocoa,Beverages,($/kg),3.06,-4.97,-5.85,-20.1,96.15,-0.88
1979-11-01,1979,11,Cocoa,Beverages,($/kg),3.02,-1.31,-3.82,-25.06,93.59,0.11
1979-12-01,1979,12,Cocoa,Beverages,($/kg),3.19,5.63,-0.93,-19.24,104.49,2.13
1980-01-01,1980,1,Cocoa,Beverages,($/kg),3.17,-0.63,3.59,-13.39,153.6,0.24
1980-02-01,1980,2,Cocoa,Beverages,($/kg),3.24,2.21,7.28,-7.43,159.2,0.83
1980-03-01,1980,3,Cocoa,Beverages,($/kg),3.09,-4.63,-3.13,-9.12,147.2,-1.02
1980-04-01,1980,4,Cocoa,Beverages,($/kg),2.91,-5.83,-8.2,-10.46,132.8,-1.25
1980-05-01,1980,5,Cocoa,Beverages,($/kg),2.59,-11.0,-20.06,-22.92,107.2,-2.41
1980-06-01,1980,6,Cocoa,Beverages,($/kg),2.5,-3.47,-19.09,-28.16,100.0,-0.29
1980-07-01,1980,7,Cocoa,Beverages,($/kg),2.46,-1.6,-15.46,-24.31,96.8,0.22
1980-08-01,1980,8,Cocoa,Beverages,($/kg),2.31,-6.1,-10.81,-26.43,84.8,-0.88
1980-09-01,1980,9,Cocoa,Beverages,($/kg),2.39,3.46,-4.4,-25.78,91.2,1.3
1980-10-01,1980,10,Cocoa,Beverages,($/kg),2.31,-3.35,-6.1,-24.51,84.8,-0.21
1980-11-01,1980,11,Cocoa,Beverages,($/kg),2.17,-6.06,-6.06,-28.15,73.6,-0.84
1980-12-01,1980,12,Cocoa,Beverages,($/kg),2.11,-2.76,-11.72,-33.86,68.8,-0.03
1981-01-01,1981,1,Cocoa,Beverages,($/kg),2.09,-0.95,-9.52,-34.07,49.29,0.6
1981-02-01,1981,2,Cocoa,Beverages,($/kg),2.04,-2.39,-5.99,-37.04,42.66,0.24
1981-03-01,1981,3,Cocoa,Beverages,($/kg),2.12,3.92,0.47,-31.39,49.3,2.17
1981-04-01,1981,4,Cocoa,Beverages,($/kg),2.11,-0.47,0.96,-27.49,28.66,0.61
1981-05-01,1981,5,Cocoa,Beverages,($/kg),1.93,-8.53,-5.39,-25.48,9.04,-1.46
1981-06-01,1981,6,Cocoa,Beverages,($/kg),1.66,-13.99,-21.7,-33.6,-13.54,-3.17
1981-07-01,1981,7,Cocoa,Beverages,($/kg),2.05,23.49,-2.84,-16.67,4.59,5.37
1981-08-01,1981,8,Cocoa,Beverages,($/kg),2.25,9.76,16.58,-2.6,6.13,1.18
1981-09-01,1981,9,Cocoa,Beverages,($/kg),2.36,4.89,42.17,-1.26,-1.26,0.49
1981-10-01,1981,10,Cocoa,Beverages,($/kg),2.17,-8.05,5.85,-6.06,-16.22,-0.87
1981-11-01,1981,11,Cocoa,Beverages,($/kg),2.06,-5.07,-8.44,-5.07,-29.69,-0.5
1981-12-01,1981,12,Cocoa,Beverages,($/kg),2.11,2.43,-10.59,0.0,-29.19,0.25
1982-01-01,1982,1,Cocoa,Beverages,($/kg),2.19,3.79,0.92,4.78,-36.52,0.34
1982-02-01,1982,2,Cocoa,Beverages,($/kg),2.09,-4.57,1.46,2.45,-45.29,-0.55
1982-03-01,1982,3,Cocoa,Beverages,($/kg),1.95,-6.7,-7.58,-8.02,-51.61,-0.74
1982-04-01,1982,4,Cocoa,Beverages,($/kg),1.74,-10.77,-20.55,-17.54,-51.53,-1.04
1982-05-01,1982,5,Cocoa,Beverages,($/kg),1.72,-1.15,-17.7,-10.88,-54.5,-0.0
1982-06-01,1982,6,Cocoa,Beverages,($/kg),1.55,-9.88,-20.51,-6.63,-63.53,-0.92
1982-07-01,1982,7,Cocoa,Beverages,($/kg),1.56,0.65,-10.34,-23.9,-64.22,0.08
1982-08-01,1982,8,Cocoa,Beverages,($/kg),1.55,-0.64,-9.88,-31.11,-60.96,0.22
1982-09-01,1982,9,Cocoa,Beverages,($/kg),1.69,9.03,9.03,-28.39,-56.1,2.24
1982-10-01,1982,10,Cocoa,Beverages,($/kg),1.63,-3.55,4.49,-24.88,-55.83,-0.16
1982-11-01,1982,11,Cocoa,Beverages,($/kg),1.54,-5.52,-0.65,-25.24,-55.75,-0.58
1982-12-01,1982,12,Cocoa,Beverages,($/kg),1.63,5.84,-3.55,-22.75,-48.9,1.4
1983-01-01,1983,1,Cocoa,Beverages,($/kg),1.78,9.2,9.2,-18.72,-40.27,1.83
1983-02-01,1983,2,Cocoa,Beverages,($/kg),1.94,8.99,25.97,-7.18,-31.45,1.56
1983-03-01,1983,3,Cocoa,Beverages,($/kg),1.87,-3.61,14.72,-4.1,-44.67,-0.44
1983-04-01,1983,4,Cocoa,Beverages,($/kg),1.88,0.53,5.62,8.05,-45.35,0.09
1983-05-01,1983,5,Cocoa,Beverages,($/kg),2.07,10.11,6.7,20.35,-34.08,1.49
1983-06-01,1983,6,Cocoa,Beverages,($/kg),2.3,11.11,22.99,48.39,-23.08,1.39
1983-07-01,1983,7,Cocoa,Beverages,($/kg),2.3,0.0,22.34,47.44,-27.22,-0.57
1983-08-01,1983,8,Cocoa,Beverages,($/kg),2.3,0.0,11.11,48.39,-31.55,-0.56
1983-09-01,1983,9,Cocoa,Beverages,($/kg),2.15,-6.52,-6.52,27.22,-42.67,-1.63
1983-10-01,1983,10,Cocoa,Beverages,($/kg),2.1,-2.33,-8.7,28.83,-45.17,-0.7
1983-11-01,1983,11,Cocoa,Beverages,($/kg),2.22,5.71,-3.48,44.16,-44.91,0.53
1983-12-01,1983,12,Cocoa,Beverages,($/kg),2.54,14.41,18.14,55.83,-35.7,1.87
1984-01-01,1984,1,Cocoa,Beverages,($/kg),2.62,3.15,24.76,47.19,-28.42,-0.12
1984-02-01,1984,2,Cocoa,Beverages,($/kg),2.5,-4.58,12.61,28.87,-28.57,-1.23
1984-03-01,1984,3,Cocoa,Beverages,($/kg),2.53,1.2,-0.39,35.29,-25.59,-0.17
1984-04-01,1984,4,Cocoa,Beverages,($/kg),2.54,0.4,-3.05,35.11,-21.85,-0.36
1984-05-01,1984,5,Cocoa,Beverages,($/kg),2.68,5.51,7.2,29.47,-20.24,0.43
1984-06-01,1984,6,Cocoa,Beverages,($/kg),2.49,-7.09,-1.58,8.26,-28.45,-1.55
1984-07-01,1984,7,Cocoa,Beverages,($/kg),2.21,-11.24,-12.99,-3.91,-32.0,-2.02
1984-08-01,1984,8,Cocoa,Beverages,($/kg),2.21,0.0,-17.54,-3.91,-29.62,0.02
1984-09-01,1984,9,Cocoa,Beverages,($/kg),2.31,4.52,-7.23,7.44,-28.26,0.67
1984-10-01,1984,10,Cocoa,Beverages,($/kg),2.26,-2.16,2.26,7.62,-26.14,-0.44
1984-11-01,1984,11,Cocoa,Beverages,($/kg),2.26,0.0,2.26,1.8,-25.17,-0.12
1984-12-01,1984,12,Cocoa,Beverages,($/kg),2.14,-5.31,-7.36,-15.75,-32.92,-0.86
1985-01-01,1985,1,Cocoa,Beverages,($/kg),2.22,3.74,-1.77,-15.27,-29.97,1.01
1985-02-01,1985,2,Cocoa,Beverages,($/kg),2.27,2.25,0.44,-9.2,-29.94,0.7
1985-03-01,1985,3,Cocoa,Beverages,($/kg),2.23,-1.76,4.21,-11.86,-27.83,-0.22
1985-04-01,1985,4,Cocoa,Beverages,($/kg),2.24,0.45,0.9,-11.81,-23.02,0.28
1985-05-01,1985,5,Cocoa,Beverages,($/kg),2.13,-4.91,-6.17,-20.52,-17.76,-0.8
1985-06-01,1985,6,Cocoa,Beverages,($/kg),2.09,-1.88,-6.28,-16.06,-16.4,-0.02
1985-07-01,1985,7,Cocoa,Beverages,($/kg),2.21,5.74,-1.34,0.0,-10.16,1.63
1985-08-01,1985,8,Cocoa,Beverages,($/kg),2.27,2.71,6.57,2.71,-1.73,0.76
1985-09-01,1985,9,Cocoa,Beverages,($/kg),2.35,3.52,12.44,1.73,-1.67,0.9
1985-10-01,1985,10,Cocoa,Beverages,($/kg),2.36,0.43,6.79,4.42,2.16,0.06
1985-11-01,1985,11,Cocoa,Beverages,($/kg),2.3,-2.54,1.32,1.77,5.99,-0.86
1985-12-01,1985,12,Cocoa,Beverages,($/kg),2.38,3.48,1.28,11.21,12.8,0.93
1986-01-01,1986,1,Cocoa,Beverages,($/kg),2.32,-2.52,-1.69,4.5,11.0,-1.09
1986-02-01,1986,2,Cocoa,Beverages,($/kg),2.23,-3.88,-3.04,-1.76,9.31,-1.35
1986-03-01,1986,3,Cocoa,Beverages,($/kg),2.11,-5.38,-11.34,-5.38,-0.47,-1.58
1986-04-01,1986,4,Cocoa,Beverages,($/kg),1.99,-5.69,-14.22,-11.16,-5.69,-1.44
1986-05-01,1986,5,Cocoa,Beverages,($/kg),1.91,-4.02,-14.35,-10.33,-1.04,-0.79
1986-06-01,1986,6,Cocoa,Beverages,($/kg),1.91,0.0,-9.48,-8.61,15.06,0.22
1986-07-01,1986,7,Cocoa,Beverages,($/kg),2.02,5.76,1.51,-8.6,-1.46,1.66
1986-08-01,1986,8,Cocoa,Beverages,($/kg),2.07,2.48,8.38,-8.81,-8.0,0.81
1986-09-01,1986,9,Cocoa,Beverages,($/kg),2.21,6.76,15.71,-5.96,-6.36,1.94
1986-10-01,1986,10,Cocoa,Beverages,($/kg),2.07,-6.33,2.48,-12.29,-4.61,-1.38
1986-11-01,1986,11,Cocoa,Beverages,($/kg),2.02,-2.42,-2.42,-12.17,-1.94,-0.31
1986-12-01,1986,12,Cocoa,Beverages,($/kg),1.98,-1.98,-10.41,-16.81,-6.16,-0.22
1987-01-01,1987,1,Cocoa,Beverages,($/kg),1.97,-0.51,-4.83,-15.09,-10.05,0.21
1987-02-01,1987,2,Cocoa,Beverages,($/kg),1.96,-0.51,-2.97,-12.11,-6.22,0.17
1987-03-01,1987,3,Cocoa,Beverages,($/kg),2.01,2.55,1.52,-4.74,3.08,0.83
1987-04-01,1987,4,Cocoa,Beverages,($/kg),2.07,2.99,5.08,4.02,18.97,0.8
1987-05-01,1987,5,Cocoa,Beverages,($/kg),2.07,0.0,5.61,8.38,20.35,-0.1
1987-06-01,1987,6,Cocoa,Beverages,($/kg),2.0,-3.38,-0.5,4.71,29.03,-1.14
1987-07-01,1987,7,Cocoa,Beverages,($/kg),2.12,6.0,2.42,4.95,35.9,1.46
1987-08-01,1987,8,Cocoa,Beverages,($/kg),2.02,-4.72,-2.42,-2.42,30.32,-1.35
1987-09-01,1987,9,Cocoa,Beverages,($/kg),1.99,-1.49,-0.5,-9.95,17.75,-0.33
1987-10-01,1987,10,Cocoa,Beverages,($/kg),1.91,-4.02,-9.91,-7.73,17.18,-0.93
1987-11-01,1987,11,Cocoa,Beverages,($/kg),1.93,1.05,-4.46,-4.46,25.32,0.53
1987-12-01,1987,12,Cocoa,Beverages,($/kg),1.9,-1.55,-4.52,-4.04,16.56,-0.39
1988-01-01,1988,1,Cocoa,Beverages,($/kg),1.97,3.68,3.14,0.0,10.67,1.28
1988-02-01,1988,2,Cocoa,Beverages,($/kg),1.8,-8.63,-6.74,-8.16,-7.22,-2.62
1988-03-01,1988,3,Cocoa,Beverages,($/kg),1.69,-6.11,-11.05,-15.92,-9.63,-1.32
1988-04-01,1988,4,Cocoa,Beverages,($/kg),1.65,-2.37,-16.24,-20.29,-12.23,-0.24
1988-05-01,1988,5,Cocoa,Beverages,($/kg),1.71,3.64,-5.0,-17.39,-17.39,1.33
1988-06-01,1988,6,Cocoa,Beverages,($/kg),1.62,-5.26,-4.14,-19.0,-29.57,-0.87
1988-07-01,1988,7,Cocoa,Beverages,($/kg),1.61,-0.62,-2.42,-24.06,-30.0,0.23
1988-08-01,1988,8,Cocoa,Beverages,($/kg),1.45,-9.94,-15.2,-28.22,-36.96,-2.04
1988-09-01,1988,9,Cocoa,Beverages,($/kg),1.24,-14.48,-23.46,-37.69,-42.33,-2.71
1988-10-01,1988,10,Cocoa,Beverages,($/kg),1.3,4.84,-19.25,-31.94,-38.1,1.55
1988-11-01,1988,11,Cocoa,Beverages,($/kg),1.47,13.08,1.38,-23.83,-33.78,2.66
1988-12-01,1988,12,Cocoa,Beverages,($/kg),1.5,2.04,20.97,-21.05,-40.94,0.53
1989-01-01,1989,1,Cocoa,Beverages,($/kg),1.43,-4.67,10.0,-27.41,-45.42,-0.39
1989-02-01,1989,2,Cocoa,Beverages,($/kg),1.48,3.5,0.68,-17.78,-40.8,0.78
1989-03-01,1989,3,Cocoa,Beverages,($/kg),1.41,-4.73,-6.0,-16.57,-44.27,-0.45
1989-04-01,1989,4,Cocoa,Beverages,($/kg),1.29,-8.51,-9.79,-21.82,-49.21,-0.99
1989-05-01,1989,5,Cocoa,Beverages,($/kg),1.21,-6.2,-18.24,-29.24,-54.85,-0.58
1989-06-01,1989,6,Cocoa,Beverages,($/kg),1.25,3.31,-11.35,-22.84,-49.8,0.78
1989-07-01,1989,7,Cocoa,Beverages,($/kg),1.35,8.0,4.65,-16.15,-38.91,1.29
1989-08-01,1989,8,Cocoa,Beverages,($/kg),1.29,-4.44,6.61,-11.03,-41.63,-0.4
1989-09-01,1989,9,Cocoa,Beverages,($/kg),1.14,-11.63,-8.8,-8.06,-50.65,-1.41
1989-10-01,1989,10,Cocoa,Beverages,($/kg),1.06,-7.02,-21.48,-18.46,-53.1,-0.89
1989-11-01,1989,11,Cocoa,Beverages,($/kg),1.01,-4.72,-21.71,-31.29,-55.31,-0.44
1989-12-01,1989,12,Cocoa,Beverages,($/kg),0.97,-3.96,-14.91,-35.33,-54.67,-0.18
1990-01-01,1990,1,Cocoa,Beverages,($/kg),0.99,2.06,-6.6,-30.77,-55.41,0.98
1990-02-01,1990,2,Cocoa,Beverages,($/kg),1.03,4.04,1.98,-30.41,-54.63,1.19
1990-03-01,1990,3,Cocoa,Beverages,($/kg),1.13,9.71,16.49,-19.86,-49.33,2.14
1990-04-01,1990,4,Cocoa,Beverages,($/kg),1.33,17.7,34.34,3.1,-40.62,2.83
1990-05-01,1990,5,Cocoa,Beverages,($/kg),1.44,8.27,39.81,19.01,-32.39,0.91
1990-06-01,1990,6,Cocoa,Beverages,($/kg),1.32,-8.33,16.81,5.6,-36.84,-1.2
1990-07-01,1990,7,Cocoa,Beverages,($/kg),1.35,2.27,1.5,0.0,-38.91,0.17
1990-08-01,1990,8,Cocoa,Beverages,($/kg),1.29,-4.44,-10.42,0.0,-43.17,-0.56
1990-09-01,1990,9,Cocoa,Beverages,($/kg),1.37,6.2,3.79,20.18,-41.7,0.68
1990-10-01,1990,10,Cocoa,Beverages,($/kg),1.31,-4.38,-2.96,23.58,-44.49,-0.79
1990-11-01,1990,11,Cocoa,Beverages,($/kg),1.35,3.05,4.65,33.66,-41.3,0.13
1990-12-01,1990,12,Cocoa,Beverages,($/kg),1.3,-3.7,-5.11,34.02,-45.38,-0.87
1991-01-01,1991,1,Cocoa,Beverages,($/kg),1.24,-4.62,-5.34,25.25,-46.55,-1.0
1991-02-01,1991,2,Cocoa,Beverages,($/kg),1.21,-2.42,-10.37,17.48,-45.74,-0.6
1991-03-01,1991,3,Cocoa,Beverages,($/kg),1.21,0.0,-6.92,7.08,-42.65,-0.21
1991-04-01,1991,4,Cocoa,Beverages,($/kg),1.15,-4.96,-7.26,-13.53,-42.21,-0.8
1991-05-01,1991,5,Cocoa,Beverages,($/kg),1.06,-7.83,-12.4,-26.39,-44.5,-1.33
1991-06-01,1991,6,Cocoa,Beverages,($/kg),1.04,-1.89,-14.05,-21.21,-45.55,0.12
1991-07-01,1991,7,Cocoa,Beverages,($/kg),1.03,-0.96,-10.43,-23.7,-49.01,0.23
1991-08-01,1991,8,Cocoa,Beverages,($/kg),1.14,10.68,7.55,-11.63,-44.93,3.35
1991-09-01,1991,9,Cocoa,Beverages,($/kg),1.27,11.4,22.12,-7.3,-42.53,2.35
1991-10-01,1991,10,Cocoa,Beverages,($/kg),1.3,2.36,26.21,-0.76,-37.2,0.47
1991-11-01,1991,11,Cocoa,Beverages,($/kg),1.31,0.77,14.91,-2.96,-35.15,0.11
1991-12-01,1991,12,Cocoa,Beverages,($/kg),1.37,4.58,7.87,5.38,-30.81,0.79
1992-01-01,1992,1,Cocoa,Beverages,($/kg),1.28,-6.57,-1.54,3.23,-35.03,-1.21
1992-02-01,1992,2,Cocoa,Beverages,($/kg),1.19,-7.03,-9.16,-1.65,-39.29,-1.22
1992-03-01,1992,3,Cocoa,Beverages,($/kg),1.13,-5.04,-17.52,-6.61,-43.78,-0.79
1992-04-01,1992,4,Cocoa,Beverages,($/kg),1.04,-7.96,-18.75,-9.57,-49.76,-1.15
1992-05-01,1992,5,Cocoa,Beverages,($/kg),0.99,-4.81,-16.81,-6.6,-52.17,-0.61
1992-06-01,1992,6,Cocoa,Beverages,($/kg),0.97,-2.02,-14.16,-6.73,-51.5,-0.25
1992-07-01,1992,7,Cocoa,Beverages,($/kg),1.1,13.4,5.77,6.8,-48.11,2.09
1992-08-01,1992,8,Cocoa,Beverages,($/kg),1.18,7.27,19.19,3.51,-41.58,0.84
1992-09-01,1992,9,Cocoa,Beverages,($/kg),1.13,-4.24,16.49,-11.02,-43.22,-0.65
1992-10-01,1992,10,Cocoa,Beverages,($/kg),1.07,-5.31,-2.73,-17.69,-43.98,-0.69
1992-11-01,1992,11,Cocoa,Beverages,($/kg),1.08,0.93,-8.47,-17.56,-44.04,0.35
1992-12-01,1992,12,Cocoa,Beverages,($/kg),1.03,-4.63,-8.85,-24.82,-45.79,-0.49
1993-01-01,1993,1,Cocoa,Beverages,($/kg),1.04,0.97,-2.8,-18.75,-47.21,0.49
1993-02-01,1993,2,Cocoa,Beverages,($/kg),1.0,-3.85,-7.41,-15.97,-44.44,-0.37
1993-03-01,1993,3,Cocoa,Beverages,($/kg),0.98,-2.0,-4.85,-13.27,-42.01,-0.12
1993-04-01,1993,4,Cocoa,Beverages,($/kg),1.01,3.06,-2.88,-2.88,-38.79,0.68
1993-05-01,1993,5,Cocoa,Beverages,($/kg),1.0,-0.99,0.0,1.01,-41.52,-0.16
1993-06-01,1993,6,Cocoa,Beverages,($/kg),0.99,-1.0,1.02,2.06,-38.89,-0.22
1993-07-01,1993,7,Cocoa,Beverages,($/kg),1.06,7.07,4.95,-3.64,-34.16,1.23
1993-08-01,1993,8,Cocoa,Beverages,($/kg),1.1,3.77,10.0,-6.78,-24.14,0.93
1993-09-01,1993,9,Cocoa,Beverages,($/kg),1.27,15.45,28.28,12.39,2.42,4.18
1993-10-01,1993,10,Cocoa,Beverages,($/kg),1.29,1.57,21.7,20.56,-0.77,0.08
1993-11-01,1993,11,Cocoa,Beverages,($/kg),1.32,2.33,20.0,22.22,-10.2,0.12
1993-12-01,1993,12,Cocoa,Beverages,($/kg),1.36,3.03,7.09,32.04,-9.33,0.22
1994-01-01,1994,1,Cocoa,Beverages,($/kg),1.26,-7.35,-2.33,21.15,-11.89,-1.95
1994-02-01,1994,2,Cocoa,Beverages,($/kg),1.23,-2.38,-6.82,23.0,-16.89,-0.72
1994-03-01,1994,3,Cocoa,Beverages,($/kg),1.31,6.5,-3.68,33.67,-7.09,0.82
1994-04-01,1994,4,Cocoa,Beverages,($/kg),1.24,-5.34,-1.59,22.77,-3.88,-1.4
1994-05-01,1994,5,Cocoa,Beverages,($/kg),1.38,11.29,12.2,38.0,14.05,1.54
1994-06-01,1994,6,Cocoa,Beverages,($/kg),1.46,5.8,11.45,47.47,16.8,0.44
1994-07-01,1994,7,Cocoa,Beverages,($/kg),1.55,6.16,25.0,46.23,14.81,0.41
1994-08-01,1994,8,Cocoa,Beverages,($/kg),1.55,0.0,12.32,40.91,20.16,-0.53
1994-09-01,1994,9,Cocoa,Beverages,($/kg),1.49,-3.87,2.05,17.32,30.7,-1.06
1994-10-01,1994,10,Cocoa,Beverages,($/kg),1.45,-2.68,-6.45,12.4,36.79,-0.75
1994-11-01,1994,11,Cocoa,Beverages,($/kg),1.44,-0.69,-7.1,9.09,42.57,-0.32
1994-12-01,1994,12,Cocoa,Beverages,($/kg),1.4,-2.78,-6.04,2.94,44.33,-0.64
1995-01-01,1995,1,Cocoa,Beverages,($/kg),1.47,5.0,1.38,16.67,48.48,0.81
1995-02-01,1995,2,Cocoa,Beverages,($/kg),1.51,2.72,4.86,22.76,46.6,0.25
1995-03-01,1995,3,Cocoa,Beverages,($/kg),1.49,-1.32,6.43,13.74,31.86,-0.61
1995-04-01,1995,4,Cocoa,Beverages,($/kg),1.46,-2.01,-0.68,17.74,9.77,-0.64
1995-05-01,1995,5,Cocoa,Beverages,($/kg),1.45,-0.68,-3.97,5.07,0.69,-0.46
1995-06-01,1995,6,Cocoa,Beverages,($/kg),1.44,-0.69,-3.36,-1.37,9.09,-0.33
1995-07-01,1995,7,Cocoa,Beverages,($/kg),1.36,-5.56,-6.85,-12.26,0.74,-1.75
1995-08-01,1995,8,Cocoa,Beverages,($/kg),1.41,3.68,-2.76,-9.03,9.3,1.68
1995-09-01,1995,9,Cocoa,Beverages,($/kg),1.4,-0.71,-2.78,-6.04,2.19,0.01
1995-10-01,1995,10,Cocoa,Beverages,($/kg),1.39,-0.71,2.21,-4.14,6.11,-0.08
1995-11-01,1995,11,Cocoa,Beverages,($/kg),1.44,3.6,2.13,0.0,6.67,1.36
1995-12-01,1995,12,Cocoa,Beverages,($/kg),1.38,-4.17,-1.43,-1.43,6.15,-1.36
1996-01-01,1996,1,Cocoa,Beverages,($/kg),1.35,-2.17,-2.88,-8.16,8.87,-0.65
1996-02-01,1996,2,Cocoa,Beverages,($/kg),1.37,1.48,-4.86,-9.27,13.22,0.76
1996-03-01,1996,3,Cocoa,Beverages,($/kg),1.34,-2.19,-2.9,-10.07,10.74,-0.52
1996-04-01,1996,4,Cocoa,Beverages,($/kg),1.46,8.96,8.15,0.0,26.96,3.55
1996-05-01,1996,5,Cocoa,Beverages,($/kg),1.52,4.11,10.95,4.83,43.4,1.03
1996-06-01,1996,6,Cocoa,Beverages,($/kg),1.54,1.32,14.93,6.94,48.08,0.21
1996-07-01,1996,7,Cocoa,Beverages,($/kg),1.5,-2.6,2.74,10.29,45.63,-0.8
1996-08-01,1996,8,Cocoa,Beverages,($/kg),1.5,0.0,-1.32,6.38,31.58,-0.24
1996-09-01,1996,9,Cocoa,Beverages,($/kg),1.48,-1.33,-3.9,5.71,16.54,-0.53
1996-10-01,1996,10,Cocoa,Beverages,($/kg),1.48,0.0,-1.33,6.47,13.85,-0.14
1996-11-01,1996,11,Cocoa,Beverages,($/kg),1.47,-0.68,-2.0,2.08,12.21,-0.35
1996-12-01,1996,12,Cocoa,Beverages,($/kg),1.47,0.0,-0.68,6.52,7.3,-0.06
1997-01-01,1997,1,Cocoa,Beverages,($/kg),1.43,-2.72,-3.38,5.93,11.72,-1.02
1997-02-01,1997,2,Cocoa,Beverages,($/kg),1.37,-4.2,-6.8,0.0,15.13,-1.44
1997-03-01,1997,3,Cocoa,Beverages,($/kg),1.52,10.95,3.4,13.43,34.51,3.08
1997-04-01,1997,4,Cocoa,Beverages,($/kg),1.57,3.29,9.79,7.53,50.96,0.46
1997-05-01,1997,5,Cocoa,Beverages,($/kg),1.57,0.0,14.6,3.29,58.59,-0.17
1997-06-01,1997,6,Cocoa,Beverages,($/kg),1.69,7.64,11.18,9.74,74.23,1.89
1997-07-01,1997,7,Cocoa,Beverages,($/kg),1.68,-0.59,7.01,12.0,52.73,-0.33
1997-08-01,1997,8,Cocoa,Beverages,($/kg),1.65,-1.79,5.1,10.0,39.83,-0.65
1997-09-01,1997,9,Cocoa,Beverages,($/kg),1.77,7.27,4.73,19.59,56.64,1.46
1997-10-01,1997,10,Cocoa,Beverages,($/kg),1.74,-1.69,3.57,17.57,62.62,-0.7
1997-11-01,1997,11,Cocoa,Beverages,($/kg),1.7,-2.3,3.03,15.65,57.41,-0.79
1997-12-01,1997,12,Cocoa,Beverages,($/kg),1.74,2.35,-1.69,18.37,68.93,0.21
1998-01-01,1998,1,Cocoa,Beverages,($/kg),1.67,-4.02,-4.02,16.78,60.58,-1.15
1998-02-01,1998,2,Cocoa,Beverages,($/kg),1.64,-1.8,-3.53,19.71,64.0,-0.65
1998-03-01,1998,3,Cocoa,Beverages,($/kg),1.72,4.88,-1.15,13.16,75.51,0.69
1998-04-01,1998,4,Cocoa,Beverages,($/kg),1.72,0.0,2.99,9.55,70.3,-0.28
1998-05-01,1998,5,Cocoa,Beverages,($/kg),1.78,3.49,8.54,13.38,78.0,0.69
1998-06-01,1998,6,Cocoa,Beverages,($/kg),1.72,-3.37,0.0,1.78,73.74,-1.15
1998-07-01,1998,7,Cocoa,Beverages,($/kg),1.72,0.0,0.0,2.38,62.26,-0.06
1998-08-01,1998,8,Cocoa,Beverages,($/kg),1.68,-2.33,-5.62,1.82,52.73,-0.73
1998-09-01,1998,9,Cocoa,Beverages,($/kg),1.69,0.6,-1.74,-4.52,33.07,0.11
1998-10-01,1998,10,Cocoa,Beverages,($/kg),1.65,-2.37,-4.07,-5.17,27.91,-0.73
1998-11-01,1998,11,Cocoa,Beverages,($/kg),1.6,-3.03,-4.76,-5.88,21.21,-0.93
1998-12-01,1998,12,Cocoa,Beverages,($/kg),1.52,-5.0,-10.06,-12.64,11.76,-1.58
1999-01-01,1999,1,Cocoa,Beverages,($/kg),1.46,-3.95,-11.52,-12.57,15.87,-0.96
1999-02-01,1999,2,Cocoa,Beverages,($/kg),1.41,-3.42,-11.88,-14.02,14.63,-0.79
1999-03-01,1999,3,Cocoa,Beverages,($/kg),1.31,-7.09,-13.82,-23.84,0.0,-1.93
1999-04-01,1999,4,Cocoa,Beverages,($/kg),1.18,-9.92,-19.18,-31.4,-4.84,-2.72
1999-05-01,1999,5,Cocoa,Beverages,($/kg),1.07,-9.32,-24.11,-39.89,-22.46,-1.8
1999-06-01,1999,6,Cocoa,Beverages,($/kg),1.16,8.41,-11.45,-32.56,-20.55,3.82
1999-07-01,1999,7,Cocoa,Beverages,($/kg),1.11,-4.31,-5.93,-35.47,-28.39,-0.24
1999-08-01,1999,8,Cocoa,Beverages,($/kg),1.0,-9.91,-6.54,-40.48,-35.48,-1.34
1999-09-01,1999,9,Cocoa,Beverages,($/kg),1.06,6.0,-8.62,-37.28,-28.86,1.98
1999-10-01,1999,10,Cocoa,Beverages,($/kg),1.02,-3.77,-8.11,-38.18,-29.66,-0.02
1999-11-01,1999,11,Cocoa,Beverages,($/kg),0.92,-9.8,-8.0,-42.5,-36.11,-1.05
1999-12-01,1999,12,Cocoa,Beverages,($/kg),0.92,0.0,-13.21,-39.47,-34.29,0.72
2000-01-01,2000,1,Cocoa,Beverages,($/kg),0.92,0.0,-9.8,-36.99,-37.41,0.64
2000-02-01,2000,2,Cocoa,Beverages,($/kg),0.86,-6.52,-6.52,-39.01,-43.05,-0.47
2000-03-01,2000,3,Cocoa,Beverages,($/kg),0.93,8.14,1.09,-29.01,-37.58,1.91
2000-04-01,2000,4,Cocoa,Beverages,($/kg),0.91,-2.15,-1.09,-22.88,-37.67,0.06
2000-05-01,2000,5,Cocoa,Beverages,($/kg),0.92,1.1,6.98,-14.02,-36.55,0.46
2000-06-01,2000,6,Cocoa,Beverages,($/kg),0.95,3.26,2.15,-18.1,-34.03,0.69
2000-07-01,2000,7,Cocoa,Beverages,($/kg),0.97,2.11,6.59,-12.61,-28.68,0.63
2000-08-01,2000,8,Cocoa,Beverages,($/kg),0.89,-8.25,-3.26,-11.0,-36.88,-1.27
2000-09-01,2000,9,Cocoa,Beverages,($/kg),0.88,-1.12,-7.37,-16.98,-37.14,-0.05
2000-10-01,2000,10,Cocoa,Beverages,($/kg),0.88,0.0,-9.28,-13.73,-36.69,0.28
2000-11-01,2000,11,Cocoa,Beverages,($/kg),0.88,0.0,-1.12,-4.35,-38.89,0.22
2000-12-01,2000,12,Cocoa,Beverages,($/kg),0.89,1.14,1.14,-3.26,-35.51,0.34
2001-01-01,2001,1,Cocoa,Beverages,($/kg),1.0,12.36,13.64,8.7,-25.93,2.94
2001-02-01,2001,2,Cocoa,Beverages,($/kg),0.89,-11.0,1.14,3.49,-35.04,-2.12
2001-03-01,2001,3,Cocoa,Beverages,($/kg),1.12,25.84,25.84,20.43,-16.42,4.06
2001-04-01,2001,4,Cocoa,Beverages,($/kg),1.08,-3.57,8.0,18.68,-26.03,-0.58
2001-05-01,2001,5,Cocoa,Beverages,($/kg),1.08,0.0,21.35,17.39,-28.95,-0.19
2001-06-01,2001,6,Cocoa,Beverages,($/kg),0.97,-10.19,-13.39,2.11,-37.01,-1.25
2001-07-01,2001,7,Cocoa,Beverages,($/kg),0.97,0.0,-10.19,0.0,-35.33,-0.06
2001-08-01,2001,8,Cocoa,Beverages,($/kg),1.03,6.19,-4.63,15.73,-31.33,0.57
2001-09-01,2001,9,Cocoa,Beverages,($/kg),1.02,-0.97,5.15,15.91,-31.08,-0.26
2001-10-01,2001,10,Cocoa,Beverages,($/kg),1.08,5.88,11.34,22.73,-27.03,0.43
2001-11-01,2001,11,Cocoa,Beverages,($/kg),1.23,13.89,19.42,39.77,-16.33,1.19
2001-12-01,2001,12,Cocoa,Beverages,($/kg),1.34,8.94,31.37,50.56,-8.84,0.54
2002-01-01,2002,1,Cocoa,Beverages,($/kg),1.39,3.73,28.7,39.0,-2.8,-0.02
2002-02-01,2002,2,Cocoa,Beverages,($/kg),1.49,7.19,21.14,67.42,8.76,0.39
2002-03-01,2002,3,Cocoa,Beverages,($/kg),1.59,6.71,18.66,41.96,4.61,0.21
2002-04-01,2002,4,Cocoa,Beverages,($/kg),1.57,-1.26,12.95,45.37,0.0,-0.69
2002-05-01,2002,5,Cocoa,Beverages,($/kg),1.6,1.91,7.38,48.15,1.91,-0.23
2002-06-01,2002,6,Cocoa,Beverages,($/kg),1.66,3.75,4.4,71.13,-1.78,0.04
2002-07-01,2002,7,Cocoa,Beverages,($/kg),1.87,12.65,19.11,92.78,11.31,1.8
2002-08-01,2002,8,Cocoa,Beverages,($/kg),1.96,4.81,22.5,90.29,18.79,-0.19
2002-09-01,2002,9,Cocoa,Beverages,($/kg),2.16,10.2,30.12,111.76,22.03,0.98
2002-10-01,2002,10,Cocoa,Beverages,($/kg),2.2,1.85,17.65,103.7,26.44,-1.07
2002-11-01,2002,11,Cocoa,Beverages,($/kg),1.81,-17.73,-7.65,47.15,6.47,-5.2
2002-12-01,2002,12,Cocoa,Beverages,($/kg),2.03,12.15,-6.02,51.49,16.67,1.11
2003-01-01,2003,1,Cocoa,Beverages,($/kg),2.18,7.39,-0.91,56.83,30.54,0.44
2003-02-01,2003,2,Cocoa,Beverages,($/kg),2.28,4.59,25.97,53.02,39.02,0.06
2003-03-01,2003,3,Cocoa,Beverages,($/kg),1.95,-14.47,-3.94,22.64,13.37,-2.29
2003-04-01,2003,4,Cocoa,Beverages,($/kg),1.92,-1.54,-11.93,22.29,11.63,-0.39
2003-05-01,2003,5,Cocoa,Beverages,($/kg),1.74,-9.38,-23.68,8.75,-2.25,-1.2
2003-06-01,2003,6,Cocoa,Beverages,($/kg),1.57,-9.77,-19.49,-5.42,-8.72,-1.08
2003-07-01,2003,7,Cocoa,Beverages,($/kg),1.56,-0.64,-18.75,-16.58,-9.3,-0.07
2003-08-01,2003,8,Cocoa,Beverages,($/kg),1.55,-0.64,-10.92,-20.92,-7.74,0.04
2003-09-01,2003,9,Cocoa,Beverages,($/kg),1.64,5.81,4.46,-24.07,-2.96,0.76
2003-10-01,2003,10,Cocoa,Beverages,($/kg),1.48,-9.76,-5.13,-32.73,-10.3,-0.86
2003-11-01,2003,11,Cocoa,Beverages,($/kg),1.51,2.03,-2.58,-16.57,-5.63,0.52
2003-12-01,2003,12,Cocoa,Beverages,($/kg),1.63,7.95,-0.61,-19.7,7.24,1.12
2004-01-01,2004,1,Cocoa,Beverages,($/kg),1.63,0.0,10.14,-25.23,11.64,0.2
2004-02-01,2004,2,Cocoa,Beverages,($/kg),1.57,-3.68,3.97,-31.14,11.35,-0.21
2004-03-01,2004,3,Cocoa,Beverages,($/kg),1.5,-4.46,-7.98,-23.08,14.5,-0.24
2004-04-01,2004,4,Cocoa,Beverages,($/kg),1.44,-4.0,-11.66,-25.0,22.03,-0.34
2004-05-01,2004,5,Cocoa,Beverages,($/kg),1.42,-1.39,-9.55,-18.39,32.71,0.14
2004-06-01,2004,6,Cocoa,Beverages,($/kg),1.4,-1.41,-6.67,-10.83,20.69,0.03
2004-07-01,2004,7,Cocoa,Beverages,($/kg),1.56,11.43,8.33,0.0,40.54,2.62
2004-08-01,2004,8,Cocoa,Beverages,($/kg),1.73,10.9,21.83,11.61,73.0,1.83
2004-09-01,2004,9,Cocoa,Beverages,($/kg),1.55,-10.4,10.71,-5.49,46.23,-1.74
2004-10-01,2004,10,Cocoa,Beverages,($/kg),1.48,-4.52,-5.13,0.0,45.1,-0.59
2004-11-01,2004,11,Cocoa,Beverages,($/kg),1.66,12.16,-4.05,9.93,80.43,1.78
2004-12-01,2004,12,Cocoa,Beverages,($/kg),1.66,0.0,7.1,1.84,80.43,-0.14
2005-01-01,2005,1,Cocoa,Beverages,($/kg),1.55,-6.63,4.73,-4.91,68.48,-0.97
2005-02-01,2005,2,Cocoa,Beverages,($/kg),1.63,5.16,-1.81,3.82,89.53,0.71
2005-03-01,2005,3,Cocoa,Beverages,($/kg),1.76,7.98,6.02,17.33,89.25,0.98
2005-04-01,2005,4,Cocoa,Beverages,($/kg),1.59,-9.66,2.58,10.42,74.73,-1.47
2005-05-01,2005,5,Cocoa,Beverages,($/kg),1.51,-5.03,-7.36,6.34,64.13,-0.75
2005-06-01,2005,6,Cocoa,Beverages,($/kg),1.54,1.99,-12.5,10.0,62.11,0.14
2005-07-01,2005,7,Cocoa,Beverages,($/kg),1.49,-3.25,-6.29,-4.49,53.61,-0.52
2005-08-01,2005,8,Cocoa,Beverages,($/kg),1.48,-0.67,-1.99,-14.45,66.29,-0.07
2005-09-01,2005,9,Cocoa,Beverages,($/kg),1.5,1.35,-2.6,-3.23,70.45,0.35
2005-10-01,2005,10,Cocoa,Beverages,($/kg),1.46,-2.67,-2.01,-1.35,65.91,-0.41
2005-11-01,2005,11,Cocoa,Beverages,($/kg),1.44,-1.37,-2.7,-13.25,63.64,-0.23
2005-12-01,2005,12,Cocoa,Beverages,($/kg),1.51,4.86,0.67,-9.04,69.66,1.21
2006-01-01,2006,1,Cocoa,Beverages,($/kg),1.57,3.97,7.53,1.29,57.0,0.89
2006-02-01,2006,2,Cocoa,Beverages,($/kg),1.55,-1.27,7.64,-4.91,74.16,-0.3
2006-03-01,2006,3,Cocoa,Beverages,($/kg),1.55,0.0,2.65,-11.93,38.39,0.07
2006-04-01,2006,4,Cocoa,Beverages,($/kg),1.55,0.0,-1.27,-2.52,43.52,0.25
2006-05-01,2006,5,Cocoa,Beverages,($/kg),1.6,3.23,3.23,5.96,48.15,1.18
2006-06-01,2006,6,Cocoa,Beverages,($/kg),1.61,0.63,3.87,4.55,65.98,0.04
2006-07-01,2006,7,Cocoa,Beverages,($/kg),1.68,4.35,8.39,12.75,73.2,1.55
2006-08-01,2006,8,Cocoa,Beverages,($/kg),1.62,-3.57,1.25,9.46,57.28,-1.84
2006-09-01,2006,9,Cocoa,Beverages,($/kg),1.57,-3.09,-2.48,4.67,53.92,-1.38
2006-10-01,2006,10,Cocoa,Beverages,($/kg),1.53,-2.55,-8.93,4.79,41.67,-0.99
2006-11-01,2006,11,Cocoa,Beverages,($/kg),1.58,3.27,-2.47,9.72,28.46,0.94
2006-12-01,2006,12,Cocoa,Beverages,($/kg),1.71,8.23,8.92,13.25,27.61,2.43
2007-01-01,2007,1,Cocoa,Beverages,($/kg),1.7,-0.58,11.11,8.28,22.3,-0.47
2007-02-01,2007,2,Cocoa,Beverages,($/kg),1.82,7.06,15.19,17.42,22.15,1.83
2007-03-01,2007,3,Cocoa,Beverages,($/kg),1.92,5.49,12.28,23.87,20.75,1.06
2007-04-01,2007,4,Cocoa,Beverages,($/kg),1.98,3.12,16.47,27.74,26.11,0.31
2007-05-01,2007,5,Cocoa,Beverages,($/kg),2.0,1.01,9.89,25.0,25.0,-0.28
2007-06-01,2007,6,Cocoa,Beverages,($/kg),2.02,1.0,5.21,25.47,21.69,-0.24
2007-07-01,2007,7,Cocoa,Beverages,($/kg),2.16,6.93,9.09,28.57,15.51,1.26
2007-08-01,2007,8,Cocoa,Beverages,($/kg),1.91,-11.57,-4.5,17.9,-2.55,-3.32
2007-09-01,2007,9,Cocoa,Beverages,($/kg),1.93,1.05,-4.46,22.93,-10.65,-0.09
2007-10-01,2007,10,Cocoa,Beverages,($/kg),1.91,-1.04,-11.57,24.84,-13.18,-0.54
2007-11-01,2007,11,Cocoa,Beverages,($/kg),1.97,3.14,3.14,24.68,8.84,0.22
2007-12-01,2007,12,Cocoa,Beverages,($/kg),2.11,7.11,9.33,23.39,3.94,0.97
2008-01-01,2008,1,Cocoa,Beverages,($/kg),2.2,4.27,15.18,29.41,0.92,0.46
2008-02-01,2008,2,Cocoa,Beverages,($/kg),2.5,13.64,26.9,37.36,9.65,2.2
2008-03-01,2008,3,Cocoa,Beverages,($/kg),2.73,9.2,29.38,42.19,40.0,1.06
2008-04-01,2008,4,Cocoa,Beverages,($/kg),2.61,-4.4,18.64,31.82,35.94,-1.21
2008-05-01,2008,5,Cocoa,Beverages,($/kg),2.68,2.68,7.2,34.0,54.02,0.02
2008-06-01,2008,6,Cocoa,Beverages,($/kg),3.0,11.94,9.89,48.51,91.08,1.41
2008-07-01,2008,7,Cocoa,Beverages,($/kg),2.97,-1.0,13.79,37.5,90.38,-0.65
2008-08-01,2008,8,Cocoa,Beverages,($/kg),2.82,-5.05,5.22,47.64,81.94,-1.12
2008-09-01,2008,9,Cocoa,Beverages,($/kg),2.7,-4.26,-10.0,39.9,64.63,-1.27
2008-10-01,2008,10,Cocoa,Beverages,($/kg),2.27,-15.93,-23.57,18.85,53.38,-2.95
2008-11-01,2008,11,Cocoa,Beverages,($/kg),2.05,-9.69,-27.3,4.06,35.76,-1.36
2008-12-01,2008,12,Cocoa,Beverages,($/kg),2.39,16.59,-11.48,13.27,46.63,1.76
2009-01-01,2009,1,Cocoa,Beverages,($/kg),2.63,10.04,15.86,19.55,61.35,0.85
2009-02-01,2009,2,Cocoa,Beverages,($/kg),2.65,0.76,29.27,6.0,68.79,-0.12
2009-03-01,2009,3,Cocoa,Beverages,($/kg),2.51,-5.28,5.02,-8.06,67.33,-0.65
2009-04-01,2009,4,Cocoa,Beverages,($/kg),2.56,1.99,-2.66,-1.92,77.78,0.24
2009-05-01,2009,5,Cocoa,Beverages,($/kg),2.48,-3.12,-6.42,-7.46,74.65,-0.36
2009-06-01,2009,6,Cocoa,Beverages,($/kg),2.7,8.87,7.57,-10.0,92.86,0.98
2009-07-01,2009,7,Cocoa,Beverages,($/kg),2.79,3.33,8.98,-6.06,78.85,0.43
2009-08-01,2009,8,Cocoa,Beverages,($/kg),2.96,6.09,19.35,4.96,71.1,0.69
2009-09-01,2009,9,Cocoa,Beverages,($/kg),3.14,6.08,16.3,16.3,102.58,0.58
2009-10-01,2009,10,Cocoa,Beverages,($/kg),3.37,7.32,20.79,48.46,127.7,0.63
2009-11-01,2009,11,Cocoa,Beverages,($/kg),3.38,0.3,14.19,64.88,103.61,-0.45
2009-12-01,2009,12,Cocoa,Beverages,($/kg),3.5,3.55,11.46,46.44,110.84,-0.14
2010-01-01,2010,1,Cocoa,Beverages,($/kg),3.53,0.86,4.75,34.22,127.74,-0.53
2010-02-01,2010,2,Cocoa,Beverages,($/kg),3.28,-7.08,-2.96,23.77,101.23,-2.29
2010-03-01,2010,3,Cocoa,Beverages,($/kg),3.09,-5.79,-11.71,23.11,75.57,-1.53
2010-04-01,2010,4,Cocoa,Beverages,($/kg),3.22,4.21,-8.78,25.78,102.52,0.46
2010-05-01,2010,5,Cocoa,Beverages,($/kg),3.18,-1.24,-3.05,28.23,110.6,-0.64
2010-06-01,2010,6,Cocoa,Beverages,($/kg),3.23,1.57,4.53,19.63,109.74,-0.13
2010-07-01,2010,7,Cocoa,Beverages,($/kg),3.23,0.0,0.31,15.77,116.78,-0.35
2010-08-01,2010,8,Cocoa,Beverages,($/kg),3.07,-4.95,-3.46,3.72,107.43,-1.39
2010-09-01,2010,9,Cocoa,Beverages,($/kg),2.88,-6.19,-10.84,-8.28,92.0,-1.43
2010-10-01,2010,10,Cocoa,Beverages,($/kg),2.93,1.74,-9.29,-13.06,100.68,0.51
2010-11-01,2010,11,Cocoa,Beverages,($/kg),2.91,-0.68,-5.21,-13.91,102.08,0.1
2010-12-01,2010,12,Cocoa,Beverages,($/kg),3.06,5.15,6.25,-12.57,102.65,1.61
2011-01-01,2011,1,Cocoa,Beverages,($/kg),3.16,3.27,7.85,-10.48,101.27,1.05
2011-02-01,2011,2,Cocoa,Beverages,($/kg),3.47,9.81,19.24,5.79,123.87,2.49
2011-03-01,2011,3,Cocoa,Beverages,($/kg),3.39,-2.31,10.78,9.71,118.71,-0.6
2011-04-01,2011,4,Cocoa,Beverages,($/kg),3.13,-7.67,-0.95,-2.8,101.94,-1.92
2011-05-01,2011,5,Cocoa,Beverages,($/kg),3.07,-1.92,-11.53,-3.46,91.87,-0.36
2011-06-01,2011,6,Cocoa,Beverages,($/kg),3.02,-1.63,-10.91,-6.5,87.58,-0.29
2011-07-01,2011,7,Cocoa,Beverages,($/kg),3.17,4.97,1.28,-1.86,88.69,1.1
2011-08-01,2011,8,Cocoa,Beverages,($/kg),3.06,-3.47,-0.33,-0.33,88.89,-0.66
2011-09-01,2011,9,Cocoa,Beverages,($/kg),2.87,-6.21,-4.97,-0.35,82.8,-1.24
2011-10-01,2011,10,Cocoa,Beverages,($/kg),2.68,-6.62,-15.46,-8.53,75.16,-1.32
2011-11-01,2011,11,Cocoa,Beverages,($/kg),2.53,-5.6,-17.32,-13.06,60.13,-0.93
2011-12-01,2011,12,Cocoa,Beverages,($/kg),2.2,-13.04,-23.34,-28.1,28.65,-2.16
2012-01-01,2012,1,Cocoa,Beverages,($/kg),2.31,5.0,-13.81,-26.9,35.88,1.22
2012-02-01,2012,2,Cocoa,Beverages,($/kg),2.36,2.16,-6.72,-31.99,29.67,0.72
2012-03-01,2012,3,Cocoa,Beverages,($/kg),2.36,0.0,7.27,-30.38,22.92,0.57
2012-04-01,2012,4,Cocoa,Beverages,($/kg),2.27,-3.81,-1.73,-27.48,14.65,-0.18
2012-05-01,2012,5,Cocoa,Beverages,($/kg),2.31,1.76,-2.12,-24.76,15.5,0.83
2012-06-01,2012,6,Cocoa,Beverages,($/kg),2.26,-2.16,-4.24,-25.17,11.88,0.01
2012-07-01,2012,7,Cocoa,Beverages,($/kg),2.35,3.98,3.52,-25.87,8.8,1.17
2012-08-01,2012,8,Cocoa,Beverages,($/kg),2.51,6.81,8.66,-17.97,31.41,1.76
2012-09-01,2012,9,Cocoa,Beverages,($/kg),2.62,4.38,15.93,-8.71,35.75,1.01
2012-10-01,2012,10,Cocoa,Beverages,($/kg),2.46,-6.11,4.68,-8.21,28.8,-0.94
2012-11-01,2012,11,Cocoa,Beverages,($/kg),2.48,0.81,-1.2,-1.98,25.89,0.24
2012-12-01,2012,12,Cocoa,Beverages,($/kg),2.41,-2.82,-8.02,9.55,14.22,-0.5
2013-01-01,2013,1,Cocoa,Beverages,($/kg),2.28,-5.39,-7.32,-1.3,3.64,-1.58
2013-02-01,2013,2,Cocoa,Beverages,($/kg),2.2,-3.51,-11.29,-6.78,-12.0,-0.85
2013-03-01,2013,3,Cocoa,Beverages,($/kg),2.15,-2.27,-10.79,-8.9,-21.25,-0.43
2013-04-01,2013,4,Cocoa,Beverages,($/kg),2.29,6.51,0.44,0.88,-12.26,1.73
2013-05-01,2013,5,Cocoa,Beverages,($/kg),2.34,2.18,6.36,1.3,-12.69,0.45
2013-06-01,2013,6,Cocoa,Beverages,($/kg),2.28,-2.56,6.05,0.88,-24.0,-0.61
2013-07-01,2013,7,Cocoa,Beverages,($/kg),2.31,1.32,0.87,-1.7,-22.22,0.25
2013-08-01,2013,8,Cocoa,Beverages,($/kg),2.48,7.36,5.98,-1.2,-12.06,1.68
2013-09-01,2013,9,Cocoa,Beverages,($/kg),2.62,5.65,14.91,0.0,-2.96,1.26
2013-10-01,2013,10,Cocoa,Beverages,($/kg),2.73,4.2,18.18,10.98,20.26,0.89
2013-11-01,2013,11,Cocoa,Beverages,($/kg),2.76,1.1,11.29,11.29,34.63,0.03
2013-12-01,2013,12,Cocoa,Beverages,($/kg),2.82,2.17,7.63,17.01,17.99,0.28
2014-01-01,2014,1,Cocoa,Beverages,($/kg),2.82,0.0,3.3,23.68,7.22,-0.34
2014-02-01,2014,2,Cocoa,Beverages,($/kg),2.99,6.03,8.33,35.91,12.83,1.17
2014-03-01,2014,3,Cocoa,Beverages,($/kg),3.04,1.67,7.8,41.4,21.12,-0.29
2014-04-01,2014,4,Cocoa,Beverages,($/kg),3.05,0.33,8.16,33.19,19.14,-0.88
2014-05-01,2014,5,Cocoa,Beverages,($/kg),3.03,-0.66,1.34,29.49,22.18,-1.09
2014-06-01,2014,6,Cocoa,Beverages,($/kg),3.17,4.62,4.28,39.04,17.41,0.8
2014-07-01,2014,7,Cocoa,Beverages,($/kg),3.2,0.95,4.92,38.53,14.7,-0.71
2014-08-01,2014,8,Cocoa,Beverages,($/kg),3.27,2.19,7.92,31.85,10.47,-0.22
2014-09-01,2014,9,Cocoa,Beverages,($/kg),3.21,-1.83,1.26,22.52,2.23,-1.86
2014-10-01,2014,10,Cocoa,Beverages,($/kg),3.1,-3.43,-3.12,13.55,-8.01,-2.25
2014-11-01,2014,11,Cocoa,Beverages,($/kg),2.91,-6.13,-11.01,5.43,-13.91,-2.8
2014-12-01,2014,12,Cocoa,Beverages,($/kg),2.95,1.37,-8.1,4.61,-15.71,0.27
2015-01-01,2015,1,Cocoa,Beverages,($/kg),2.92,-1.02,-5.81,3.55,-17.28,-0.44
2015-02-01,2015,2,Cocoa,Beverages,($/kg),2.96,1.37,1.72,-1.0,-9.76,0.31
2015-03-01,2015,3,Cocoa,Beverages,($/kg),2.88,-2.7,-2.37,-5.26,-6.8,-0.94
2015-04-01,2015,4,Cocoa,Beverages,($/kg),2.87,-0.35,-1.71,-5.9,-10.87,0.02
2015-05-01,2015,5,Cocoa,Beverages,($/kg),3.1,8.01,4.73,2.31,-2.52,2.97
2015-06-01,2015,6,Cocoa,Beverages,($/kg),3.24,4.52,12.5,2.21,0.31,1.13
2015-07-01,2015,7,Cocoa,Beverages,($/kg),3.33,2.78,16.03,4.06,3.1,0.68
2015-08-01,2015,8,Cocoa,Beverages,($/kg),3.15,-5.41,1.61,-3.67,2.61,-1.52
2015-09-01,2015,9,Cocoa,Beverages,($/kg),3.28,4.13,1.23,2.18,13.89,1.06
2015-10-01,2015,10,Cocoa,Beverages,($/kg),3.2,-2.44,-3.9,3.23,9.22,-0.63
2015-11-01,2015,11,Cocoa,Beverages,($/kg),3.36,5.0,6.67,15.46,15.46,1.11
2015-12-01,2015,12,Cocoa,Beverages,($/kg),3.35,-0.3,2.13,13.56,9.48,-0.41
2016-01-01,2016,1,Cocoa,Beverages,($/kg),2.95,-11.94,-7.81,1.03,-6.65,-3.38
2016-02-01,2016,2,Cocoa,Beverages,($/kg),2.92,-1.02,-13.1,-1.35,-15.85,-0.23
2016-03-01,2016,3,Cocoa,Beverages,($/kg),3.07,5.14,-8.36,6.6,-9.44,0.95
2016-04-01,2016,4,Cocoa,Beverages,($/kg),3.08,0.33,4.41,7.32,-1.6,-0.06
2016-05-01,2016,5,Cocoa,Beverages,($/kg),3.1,0.65,6.16,0.0,0.98,-0.02
2016-06-01,2016,6,Cocoa,Beverages,($/kg),3.12,0.65,1.63,-3.7,3.31,0.1
2016-07-01,2016,7,Cocoa,Beverages,($/kg),3.05,-2.24,-0.97,-8.41,-3.79,-0.42
2016-08-01,2016,8,Cocoa,Beverages,($/kg),3.03,-0.66,-2.26,-3.81,-0.98,-0.01
2016-09-01,2016,9,Cocoa,Beverages,($/kg),2.88,-4.95,-7.69,-12.2,0.35,-1.05
2016-10-01,2016,10,Cocoa,Beverages,($/kg),2.71,-5.9,-11.15,-15.31,1.12,-1.1
2016-11-01,2016,11,Cocoa,Beverages,($/kg),2.48,-8.49,-18.15,-26.19,-1.98,-1.54
2016-12-01,2016,12,Cocoa,Beverages,($/kg),2.3,-7.26,-20.14,-31.34,4.55,-1.04
2017-01-01,2017,1,Cocoa,Beverages,($/kg),2.19,-4.78,-19.19,-25.76,-5.19,-0.38
2017-02-01,2017,2,Cocoa,Beverages,($/kg),2.03,-7.31,-18.15,-30.48,-13.98,-1.24
2017-03-01,2017,3,Cocoa,Beverages,($/kg),2.06,1.48,-10.43,-32.9,-12.71,1.05
2017-04-01,2017,4,Cocoa,Beverages,($/kg),1.96,-4.85,-10.5,-36.36,-13.66,-0.45
2017-05-01,2017,5,Cocoa,Beverages,($/kg),1.98,1.02,-2.46,-36.13,-14.29,1.34
2017-06-01,2017,6,Cocoa,Beverages,($/kg),2.0,1.01,-2.91,-35.9,-11.5,1.31
2017-07-01,2017,7,Cocoa,Beverages,($/kg),1.99,-0.5,1.53,-34.75,-15.32,0.86
2017-08-01,2017,8,Cocoa,Beverages,($/kg),1.99,0.0,0.51,-34.32,-20.72,0.94
2017-09-01,2017,9,Cocoa,Beverages,($/kg),2.0,0.5,0.0,-30.56,-23.66,1.05
2017-10-01,2017,10,Cocoa,Beverages,($/kg),2.1,5.0,5.53,-22.51,-14.63,2.07
2017-11-01,2017,11,Cocoa,Beverages,($/kg),2.13,1.43,7.04,-14.11,-14.11,0.8
2017-12-01,2017,12,Cocoa,Beverages,($/kg),1.92,-9.86,-4.0,-16.52,-20.33,-2.22
2018-01-01,2018,1,Cocoa,Beverages,($/kg),1.95,1.56,-7.14,-10.96,-14.47,0.69
2018-02-01,2018,2,Cocoa,Beverages,($/kg),2.12,8.72,-0.47,4.43,-3.64,2.25
2018-03-01,2018,3,Cocoa,Beverages,($/kg),2.5,17.92,30.21,21.36,16.28,3.83
2018-04-01,2018,4,Cocoa,Beverages,($/kg),2.62,4.8,34.36,33.67,14.41,0.44
2018-05-01,2018,5,Cocoa,Beverages,($/kg),2.66,1.53,25.47,34.34,13.68,-0.17
2018-06-01,2018,6,Cocoa,Beverages,($/kg),2.41,-9.4,-3.6,20.5,5.7,-1.86
2018-07-01,2018,7,Cocoa,Beverages,($/kg),2.36,-2.07,-9.92,18.59,2.16,-0.53
2018-08-01,2018,8,Cocoa,Beverages,($/kg),2.17,-8.05,-18.42,9.05,-12.5,-1.31
2018-09-01,2018,9,Cocoa,Beverages,($/kg),2.19,0.92,-9.13,9.5,-16.41,-0.01
2018-10-01,2018,10,Cocoa,Beverages,($/kg),2.13,-2.74,-9.75,1.43,-21.98,-0.48
2018-11-01,2018,11,Cocoa,Beverages,($/kg),2.19,2.82,0.92,2.82,-20.65,0.31
2018-12-01,2018,12,Cocoa,Beverages,($/kg),2.21,0.91,0.91,15.1,-21.63,0.05
2019-01-01,2019,1,Cocoa,Beverages,($/kg),2.26,2.26,6.1,15.9,-19.86,0.12
2019-02-01,2019,2,Cocoa,Beverages,($/kg),2.26,0.0,3.2,6.6,-24.41,-0.2
2019-03-01,2019,3,Cocoa,Beverages,($/kg),2.2,-2.65,-0.45,-12.0,-27.63,-0.49
2019-04-01,2019,4,Cocoa,Beverages,($/kg),2.33,5.91,3.1,-11.07,-23.61,1.61
2019-05-01,2019,5,Cocoa,Beverages,($/kg),2.32,-0.43,2.65,-12.78,-23.43,0.1
2019-06-01,2019,6,Cocoa,Beverages,($/kg),2.41,3.88,9.55,0.0,-23.97,1.13
2019-07-01,2019,7,Cocoa,Beverages,($/kg),2.42,0.41,3.86,2.54,-24.38,0.1
2019-08-01,2019,8,Cocoa,Beverages,($/kg),2.19,-9.5,-5.6,0.92,-33.03,-2.71
2019-09-01,2019,9,Cocoa,Beverages,($/kg),2.31,5.48,-4.15,5.48,-28.04,1.36
2019-10-01,2019,10,Cocoa,Beverages,($/kg),2.44,5.63,0.83,14.55,-21.29,1.21
2019-11-01,2019,11,Cocoa,Beverages,($/kg),2.52,3.28,15.07,15.07,-13.4,0.48
2019-12-01,2019,12,Cocoa,Beverages,($/kg),2.44,-3.17,5.63,10.41,-17.29,-1.02
2020-01-01,2020,1,Cocoa,Beverages,($/kg),2.6,6.56,6.56,15.04,-10.96,1.25
2020-02-01,2020,2,Cocoa,Beverages,($/kg),2.72,4.62,7.94,20.35,-8.11,0.69
2020-03-01,2020,3,Cocoa,Beverages,($/kg),2.34,-13.97,-4.1,6.36,-18.75,-3.21
2020-04-01,2020,4,Cocoa,Beverages,($/kg),2.27,-2.99,-12.69,-2.58,-20.91,-0.56
2020-05-01,2020,5,Cocoa,Beverages,($/kg),2.32,2.2,-14.71,0.0,-25.16,0.34
2020-06-01,2020,6,Cocoa,Beverages,($/kg),2.23,-3.88,-4.7,-7.47,-31.17,-0.63
2020-07-01,2020,7,Cocoa,Beverages,($/kg),2.1,-5.83,-7.49,-13.22,-36.94,-0.83
2020-08-01,2020,8,Cocoa,Beverages,($/kg),2.35,11.9,1.29,7.31,-25.4,1.94
2020-09-01,2020,9,Cocoa,Beverages,($/kg),2.46,4.68,10.31,6.49,-25.0,0.55
2020-10-01,2020,10,Cocoa,Beverages,($/kg),2.29,-6.91,9.05,-6.15,-28.44,-1.1
2020-11-01,2020,11,Cocoa,Beverages,($/kg),2.36,3.06,0.43,-6.35,-29.76,0.47
2020-12-01,2020,12,Cocoa,Beverages,($/kg),2.41,2.12,-2.03,-1.23,-28.06,0.34
2021-01-01,2021,1,Cocoa,Beverages,($/kg),2.39,-0.83,4.37,-8.08,-18.98,-0.14
2021-02-01,2021,2,Cocoa,Beverages,($/kg),2.41,0.84,2.12,-11.4,-17.47,0.2
2021-03-01,2021,3,Cocoa,Beverages,($/kg),2.46,2.07,2.07,5.13,-19.87,0.44
2021-04-01,2021,4,Cocoa,Beverages,($/kg),2.37,-3.66,-0.84,4.41,-23.05,-0.82
2021-05-01,2021,5,Cocoa,Beverages,($/kg),2.41,1.69,0.0,3.88,-22.26,0.23
2021-06-01,2021,6,Cocoa,Beverages,($/kg),2.37,-1.66,-3.66,6.28,-24.04,-0.41
2021-07-01,2021,7,Cocoa,Beverages,($/kg),2.33,-1.69,-1.69,10.95,-23.61,-0.46
2021-08-01,2021,8,Cocoa,Beverages,($/kg),2.48,6.44,2.9,5.53,-18.15,1.17
2021-09-01,2021,9,Cocoa,Beverages,($/kg),2.56,3.23,8.02,4.07,-11.11,0.74
2021-10-01,2021,10,Cocoa,Beverages,($/kg),2.57,0.39,10.3,12.23,-5.17,-0.0
2021-11-01,2021,11,Cocoa,Beverages,($/kg),2.39,-7.0,-3.63,1.27,-3.63,-2.94
2021-12-01,2021,12,Cocoa,Beverages,($/kg),2.38,-0.42,-7.03,-1.24,3.48,-0.17
2022-01-01,2022,1,Cocoa,Beverages,($/kg),2.47,3.78,-3.89,3.35,12.79,1.12
2022-02-01,2022,2,Cocoa,Beverages,($/kg),2.55,3.24,6.69,5.81,25.62,0.81
2022-03-01,2022,3,Cocoa,Beverages,($/kg),2.46,-3.53,3.36,0.0,19.42,-1.11
2022-04-01,2022,4,Cocoa,Beverages,($/kg),2.46,0.0,-0.4,3.8,25.51,-0.02
2022-05-01,2022,5,Cocoa,Beverages,($/kg),2.37,-3.66,-7.06,-1.66,19.7,-1.11
2022-06-01,2022,6,Cocoa,Beverages,($/kg),2.32,-2.11,-5.69,-2.11,16.0,-0.54
2022-07-01,2022,7,Cocoa,Beverages,($/kg),2.24,-3.45,-8.94,-3.86,12.56,-0.88
2022-08-01,2022,8,Cocoa,Beverages,($/kg),2.32,3.57,-2.11,-6.45,16.58,0.98
2022-09-01,2022,9,Cocoa,Beverages,($/kg),2.3,-0.86,-0.86,-10.16,15.0,-0.1
2022-10-01,2022,10,Cocoa,Beverages,($/kg),2.31,0.43,3.12,-10.12,10.0,0.38
2022-11-01,2022,11,Cocoa,Beverages,($/kg),2.41,4.33,3.88,0.84,13.15,1.55
2022-12-01,2022,12,Cocoa,Beverages,($/kg),2.51,4.15,9.13,5.46,30.73,1.34
2023-01-01,2023,1,Cocoa,Beverages,($/kg),2.62,4.38,13.42,6.07,34.36,1.21
2023-02-01,2023,2,Cocoa,Beverages,($/kg),2.65,1.15,9.96,3.92,25.0,0.18
2023-03-01,2023,3,Cocoa,Beverages,($/kg),2.75,3.77,9.56,11.79,10.0,1.07
2023-04-01,2023,4,Cocoa,Beverages,($/kg),2.88,4.73,9.92,17.07,9.92,1.23
2023-05-01,2023,5,Cocoa,Beverages,($/kg),2.96,2.78,11.7,24.89,11.28,0.44
2023-06-01,2023,6,Cocoa,Beverages,($/kg),3.17,7.09,15.27,36.64,31.54,1.84
2023-07-01,2023,7,Cocoa,Beverages,($/kg),3.39,6.94,17.71,51.34,43.64,1.48
2023-08-01,2023,8,Cocoa,Beverages,($/kg),3.46,2.06,16.89,49.14,59.45,-0.62
2023-09-01,2023,9,Cocoa,Beverages,($/kg),3.61,4.34,13.88,56.96,64.84,0.38
2023-10-01,2023,10,Cocoa,Beverages,($/kg),3.63,0.55,7.08,57.14,70.42,-1.63
2023-11-01,2023,11,Cocoa,Beverages,($/kg),4.03,11.02,16.47,67.22,84.02,3.57
2023-12-01,2023,12,Cocoa,Beverages,($/kg),4.21,4.47,16.62,67.73,90.5,0.02
2024-01-01,2024,1,Cocoa,Beverages,($/kg),4.4,4.51,21.21,67.94,94.69,0.03
2024-02-01,2024,2,Cocoa,Beverages,($/kg),5.56,26.36,37.97,109.81,146.02,7.6
2024-03-01,2024,3,Cocoa,Beverages,($/kg),7.09,27.52,68.41,157.82,222.27,3.09
2024-04-01,2024,4,Cocoa,Beverages,($/kg),9.74,37.38,121.36,238.19,318.03,3.2
2024-05-01,2024,5,Cocoa,Beverages,($/kg),7.54,-22.59,35.61,154.73,225.0,-2.79
2024-06-01,2024,6,Cocoa,Beverages,($/kg),8.27,9.68,16.64,160.88,243.15,0.04
2024-07-01,2024,7,Cocoa,Beverages,($/kg),7.09,-14.27,-27.21,109.14,192.98,-1.53
2024-08-01,2024,8,Cocoa,Beverages,($/kg),6.88,-2.96,-8.75,98.84,214.16,-0.62
2024-09-01,2024,9,Cocoa,Beverages,($/kg),6.52,-5.23,-21.16,80.61,182.25,-0.72
2024-10-01,2024,10,Cocoa,Beverages,($/kg),6.66,2.15,-6.06,83.47,172.95,-0.24
2024-11-01,2024,11,Cocoa,Beverages,($/kg),7.89,18.47,14.68,95.78,213.1,0.69
2024-12-01,2024,12,Cocoa,Beverages,($/kg),10.32,30.8,58.28,145.13,322.95,1.33
2025-01-01,2025,1,Cocoa,Beverages,($/kg),10.75,4.17,61.41,144.32,313.46,-0.27
2025-02-01,2025,2,Cocoa,Beverages,($/kg),9.86,-8.28,24.97,77.34,262.5,-0.92
2025-03-01,2025,3,Cocoa,Beverages,($/kg),8.08,-18.05,-21.71,13.96,245.3,-1.3
2025-04-01,2025,4,Cocoa,Beverages,($/kg),8.15,0.87,-24.19,-16.32,259.03,-0.09
2025-05-01,2025,5,Cocoa,Beverages,($/kg),8.99,10.31,-8.82,19.23,287.5,0.71
2025-06-01,2025,6,Cocoa,Beverages,($/kg),8.4,-6.56,3.96,1.57,276.68,-0.64
2025-07-01,2025,7,Cocoa,Beverages,($/kg),7.37,-12.26,-9.57,3.95,250.95,-0.96
2025-08-01,2025,8,Cocoa,Beverages,($/kg),7.6,3.12,-15.46,10.47,223.4,0.15
2025-09-01,2025,9,Cocoa,Beverages,($/kg),7.03,-7.5,-16.31,7.82,185.77,-0.67
2025-10-01,2025,10,Cocoa,Beverages,($/kg),5.95,-15.36,-19.27,-10.66,159.83,-1.23
2025-11-01,2025,11,Cocoa,Beverages,($/kg),5.61,-5.71,-26.18,-28.9,137.71,-0.39
2025-12-01,2025,12,Cocoa,Beverages,($/kg),5.78,3.03,-17.78,-43.99,139.83,0.38
2026-01-01,2026,1,Cocoa,Beverages,($/kg),4.97,-14.01,-16.47,-53.77,107.95,-1.11
2026-02-01,2026,2,Cocoa,Beverages,($/kg),3.59,-27.77,-36.01,-63.59,48.96,-2.53
2026-03-01,2026,3,Cocoa,Beverages,($/kg),3.24,-9.75,-43.94,-59.9,31.71,-0.21
2026-04-01,2026,4,Cocoa,Beverages,($/kg),3.4,4.94,-31.59,-58.28,43.46,1.15
2026-05-01,2026,5,Cocoa,Beverages,($/kg),4.16,22.35,15.88,-53.73,72.61,2.73
2026-06-01,2026,6,Cocoa,Beverages,($/kg),4.4,5.77,35.8,-47.62,85.65,0.89
2026-07-01,2026,7,Cocoa,Beverages,($/kg),5.61,27.5,65.0,-23.88,140.77,2.44
2026-08-01,2026,8,Cocoa,Beverages,($/kg),5.95,6.06,43.03,-21.71,139.92,0.46
2026-09-01,2026,9,Cocoa,Beverages,($/kg),5.92,-0.5,34.55,-15.79,131.25,0.02
1960-01-01,1960,1,Coconut oil,Oils & Meals,($/mt),390.0,,,,,
1960-02-01,1960,2,Coconut oil,Oils & Meals,($/mt),379.0,-2.82,,,,
1960-03-01,1960,3,Coconut oil,Oils & Meals,($/mt),361.0,-4.75,,,,
1960-04-01,1960,4,Coconut oil,Oils & Meals,($/mt),338.0,-6.37,-13.33,,,
1960-05-01,1960,5,Coconut oil,Oils & Meals,($/mt),321.0,-5.03,-15.3,,,
1960-06-01,1960,6,Coconut oil,Oils & Meals,($/mt),287.0,-10.59,-20.5,,,
1960-07-01,1960,7,Coconut oil,Oils & Meals,($/mt),298.0,3.83,-11.83,,,
1960-08-01,1960,8,Coconut oil,Oils & Meals,($/mt),292.0,-2.01,-9.03,,,0.48
1960-09-01,1960,9,Coconut oil,Oils & Meals,($/mt),276.0,-5.48,-3.83,,,-0.34
1960-10-01,1960,10,Coconut oil,Oils & Meals,($/mt),280.0,1.45,-6.04,,,1.36
1960-11-01,1960,11,Coconut oil,Oils & Meals,($/mt),274.0,-2.14,-6.16,,,0.32
1960-12-01,1960,12,Coconut oil,Oils & Meals,($/mt),252.0,-8.03,-8.7,,,-1.14
1961-01-01,1961,1,Coconut oil,Oils & Meals,($/mt),269.0,6.75,-3.93,-31.03,,2.57
1961-02-01,1961,2,Coconut oil,Oils & Meals,($/mt),281.0,4.46,2.55,-25.86,,1.49
1961-03-01,1961,3,Coconut oil,Oils & Meals,($/mt),276.0,-1.78,9.52,-23.55,,0.1
1961-04-01,1961,4,Coconut oil,Oils & Meals,($/mt),269.0,-2.54,0.0,-20.41,,-0.09
1961-05-01,1961,5,Coconut oil,Oils & Meals,($/mt),258.0,-4.09,-8.19,-19.63,,-0.45
1961-06-01,1961,6,Coconut oil,Oils & Meals,($/mt),243.0,-5.81,-11.96,-15.33,,-0.81
1961-07-01,1961,7,Coconut oil,Oils & Meals,($/mt),245.0,0.82,-8.92,-17.79,,0.46
1961-08-01,1961,8,Coconut oil,Oils & Meals,($/mt),248.0,1.22,-3.88,-15.07,,0.64
1961-09-01,1961,9,Coconut oil,Oils & Meals,($/mt),243.0,-2.02,0.0,-11.96,,-0.17
1961-10-01,1961,10,Coconut oil,Oils & Meals,($/mt),236.0,-2.88,-3.67,-15.71,,-0.46
1961-11-01,1961,11,Coconut oil,Oils & Meals,($/mt),236.0,0.0,-4.84,-13.87,,0.32
1961-12-01,1961,12,Coconut oil,Oils & Meals,($/mt),237.0,0.42,-2.47,-5.95,,0.38
1962-01-01,1962,1,Coconut oil,Oils & Meals,($/mt),247.0,4.22,4.66,-8.18,,1.32
1962-02-01,1962,2,Coconut oil,Oils & Meals,($/mt),249.0,0.81,5.51,-11.39,,0.47
1962-03-01,1962,3,Coconut oil,Oils & Meals,($/mt),251.0,0.8,5.91,-9.06,,0.65
1962-04-01,1962,4,Coconut oil,Oils & Meals,($/mt),261.0,3.98,5.67,-2.97,,1.71
1962-05-01,1962,5,Coconut oil,Oils & Meals,($/mt),253.0,-3.07,1.61,-1.94,,-0.95
1962-06-01,1962,6,Coconut oil,Oils & Meals,($/mt),240.0,-5.14,-4.38,-1.23,,-1.73
1962-07-01,1962,7,Coconut oil,Oils & Meals,($/mt),240.0,0.0,-8.05,-2.04,,0.02
1962-08-01,1962,8,Coconut oil,Oils & Meals,($/mt),245.0,2.08,-3.16,-1.21,,0.8
1962-09-01,1962,9,Coconut oil,Oils & Meals,($/mt),247.0,0.82,2.92,1.65,,0.31
1962-10-01,1962,10,Coconut oil,Oils & Meals,($/mt),254.0,2.83,5.83,7.63,,0.96
1962-11-01,1962,11,Coconut oil,Oils & Meals,($/mt),257.0,1.18,4.9,8.9,,0.2
1962-12-01,1962,12,Coconut oil,Oils & Meals,($/mt),272.0,5.84,10.12,14.77,,1.9
1963-01-01,1963,1,Coconut oil,Oils & Meals,($/mt),279.0,2.57,9.84,12.96,,0.45
1963-02-01,1963,2,Coconut oil,Oils & Meals,($/mt),273.0,-2.15,6.23,9.64,,-1.09
1963-03-01,1963,3,Coconut oil,Oils & Meals,($/mt),273.0,0.0,0.37,8.76,,-0.26
1963-04-01,1963,4,Coconut oil,Oils & Meals,($/mt),278.0,1.83,-0.36,6.51,,0.35
1963-05-01,1963,5,Coconut oil,Oils & Meals,($/mt),280.0,0.72,2.56,10.67,,0.05
1963-06-01,1963,6,Coconut oil,Oils & Meals,($/mt),283.0,1.07,3.66,17.92,,0.07
1963-07-01,1963,7,Coconut oil,Oils & Meals,($/mt),286.0,1.06,2.88,19.17,,-0.18
1963-08-01,1963,8,Coconut oil,Oils & Meals,($/mt),292.0,2.1,4.29,19.18,,0.32
1963-09-01,1963,9,Coconut oil,Oils & Meals,($/mt),298.0,2.05,5.3,20.65,,0.3
1963-10-01,1963,10,Coconut oil,Oils & Meals,($/mt),304.0,2.01,6.29,19.69,,0.22
1963-11-01,1963,11,Coconut oil,Oils & Meals,($/mt),303.0,-0.33,3.77,17.9,,-1.0
1963-12-01,1963,12,Coconut oil,Oils & Meals,($/mt),289.0,-4.62,-3.02,6.25,,-3.13
1964-01-01,1964,1,Coconut oil,Oils & Meals,($/mt),287.0,-0.69,-5.59,2.87,,-0.58
1964-02-01,1964,2,Coconut oil,Oils & Meals,($/mt),271.0,-5.57,-10.56,-0.73,,-2.9
1964-03-01,1964,3,Coconut oil,Oils & Meals,($/mt),281.0,3.69,-2.77,2.93,,1.46
1964-04-01,1964,4,Coconut oil,Oils & Meals,($/mt),280.0,-0.36,-2.44,0.72,,-0.23
1964-05-01,1964,5,Coconut oil,Oils & Meals,($/mt),283.0,1.07,4.43,1.07,,0.36
1964-06-01,1964,6,Coconut oil,Oils & Meals,($/mt),295.0,4.24,4.98,4.24,,1.5
1964-07-01,1964,7,Coconut oil,Oils & Meals,($/mt),304.0,3.05,8.57,6.29,,0.89
1964-08-01,1964,8,Coconut oil,Oils & Meals,($/mt),303.0,-0.33,7.07,3.77,,-0.29
1964-09-01,1964,9,Coconut oil,Oils & Meals,($/mt),303.0,0.0,2.71,1.68,,-0.12
1964-10-01,1964,10,Coconut oil,Oils & Meals,($/mt),311.0,2.64,2.3,2.3,,0.82
1964-11-01,1964,11,Coconut oil,Oils & Meals,($/mt),314.0,0.96,3.63,3.63,,0.24
1964-12-01,1964,12,Coconut oil,Oils & Meals,($/mt),326.0,3.82,7.59,12.8,,1.14
1965-01-01,1965,1,Coconut oil,Oils & Meals,($/mt),338.0,3.68,8.68,17.77,-13.33,0.96
1965-02-01,1965,2,Coconut oil,Oils & Meals,($/mt),357.0,5.62,13.69,31.73,-5.8,1.51
1965-03-01,1965,3,Coconut oil,Oils & Meals,($/mt),357.0,0.0,9.51,27.05,-1.11,-1.17
1965-04-01,1965,4,Coconut oil,Oils & Meals,($/mt),357.0,0.0,5.62,27.5,5.62,-0.99
1965-05-01,1965,5,Coconut oil,Oils & Meals,($/mt),357.0,0.0,0.0,26.15,11.21,-1.02
1965-06-01,1965,6,Coconut oil,Oils & Meals,($/mt),421.0,17.93,17.93,42.71,46.69,7.61
1965-07-01,1965,7,Coconut oil,Oils & Meals,($/mt),373.0,-11.4,4.48,22.7,25.17,-2.87
1965-08-01,1965,8,Coconut oil,Oils & Meals,($/mt),335.0,-10.19,-6.16,10.56,14.73,-1.84
1965-09-01,1965,9,Coconut oil,Oils & Meals,($/mt),312.0,-6.87,-25.89,2.97,13.04,-1.07
1965-10-01,1965,10,Coconut oil,Oils & Meals,($/mt),331.0,6.09,-11.26,6.43,18.21,0.72
1965-11-01,1965,11,Coconut oil,Oils & Meals,($/mt),335.0,1.21,0.0,6.69,22.26,0.05
1965-12-01,1965,12,Coconut oil,Oils & Meals,($/mt),331.0,-1.19,6.09,1.53,31.35,-0.25
1966-01-01,1966,1,Coconut oil,Oils & Meals,($/mt),356.0,7.55,7.55,5.33,32.34,0.91
1966-02-01,1966,2,Coconut oil,Oils & Meals,($/mt),349.0,-1.97,4.18,-2.24,24.2,-0.33
1966-03-01,1966,3,Coconut oil,Oils & Meals,($/mt),338.0,-3.15,2.11,-5.32,22.46,-0.41
1966-04-01,1966,4,Coconut oil,Oils & Meals,($/mt),331.0,-2.07,-7.02,-7.28,23.05,-0.24
1966-05-01,1966,5,Coconut oil,Oils & Meals,($/mt),331.0,0.0,-5.16,-7.28,28.29,0.04
1966-06-01,1966,6,Coconut oil,Oils & Meals,($/mt),332.0,0.3,-1.78,-21.14,36.63,0.08
1966-07-01,1966,7,Coconut oil,Oils & Meals,($/mt),330.0,-0.6,-0.3,-11.53,34.69,0.21
1966-08-01,1966,8,Coconut oil,Oils & Meals,($/mt),319.0,-3.33,-3.63,-4.78,28.63,-0.5
1966-09-01,1966,9,Coconut oil,Oils & Meals,($/mt),317.0,-0.63,-4.52,1.6,30.45,-0.07
1966-10-01,1966,10,Coconut oil,Oils & Meals,($/mt),303.0,-4.42,-8.18,-8.46,28.39,-1.36
1966-11-01,1966,11,Coconut oil,Oils & Meals,($/mt),278.0,-8.25,-12.85,-17.01,17.8,-2.46
1966-12-01,1966,12,Coconut oil,Oils & Meals,($/mt),300.0,7.91,-5.36,-9.37,26.58,2.55
1967-01-01,1967,1,Coconut oil,Oils & Meals,($/mt),310.0,3.33,2.31,-12.92,25.51,0.88
1967-02-01,1967,2,Coconut oil,Oils & Meals,($/mt),317.0,2.26,14.03,-9.17,27.31,0.83
1967-03-01,1967,3,Coconut oil,Oils & Meals,($/mt),314.0,-0.95,4.67,-7.1,25.1,-0.05
1967-04-01,1967,4,Coconut oil,Oils & Meals,($/mt),305.0,-2.87,-1.61,-7.85,16.86,-0.58
1967-05-01,1967,5,Coconut oil,Oils & Meals,($/mt),284.0,-6.89,-10.41,-14.2,12.25,-1.54
1967-06-01,1967,6,Coconut oil,Oils & Meals,($/mt),320.0,12.68,1.91,-3.61,33.33,3.11
1967-07-01,1967,7,Coconut oil,Oils & Meals,($/mt),318.0,-0.62,4.26,-3.64,32.5,-0.08
1967-08-01,1967,8,Coconut oil,Oils & Meals,($/mt),310.0,-2.52,9.15,-2.82,26.53,-0.4
1967-09-01,1967,9,Coconut oil,Oils & Meals,($/mt),325.0,4.84,1.56,2.52,31.58,0.83
1967-10-01,1967,10,Coconut oil,Oils & Meals,($/mt),351.0,8.0,10.38,15.84,38.19,1.25
1967-11-01,1967,11,Coconut oil,Oils & Meals,($/mt),376.0,7.12,21.29,35.25,46.3,0.91
1967-12-01,1967,12,Coconut oil,Oils & Meals,($/mt),387.0,2.93,19.08,29.0,42.28,0.04
1968-01-01,1968,1,Coconut oil,Oils & Meals,($/mt),398.0,2.84,13.39,28.39,42.65,0.1
1968-02-01,1968,2,Coconut oil,Oils & Meals,($/mt),412.0,3.52,9.57,29.97,50.92,0.24
1968-03-01,1968,3,Coconut oil,Oils & Meals,($/mt),423.0,2.67,9.3,34.71,54.95,0.06
1968-04-01,1968,4,Coconut oil,Oils & Meals,($/mt),436.0,3.07,9.55,42.95,56.83,0.08
1968-05-01,1968,5,Coconut oil,Oils & Meals,($/mt),440.0,0.92,6.8,54.93,57.14,-0.44
1968-06-01,1968,6,Coconut oil,Oils & Meals,($/mt),407.0,-7.5,-3.78,27.19,43.82,-2.79
1968-07-01,1968,7,Coconut oil,Oils & Meals,($/mt),378.0,-7.13,-13.3,18.87,32.17,-2.2
1968-08-01,1968,8,Coconut oil,Oils & Meals,($/mt),386.0,2.12,-12.27,24.52,32.19,0.11
1968-09-01,1968,9,Coconut oil,Oils & Meals,($/mt),376.0,-2.59,-7.62,15.69,26.17,-0.95
1968-10-01,1968,10,Coconut oil,Oils & Meals,($/mt),374.0,-0.53,-1.06,6.55,23.03,-0.38
1968-11-01,1968,11,Coconut oil,Oils & Meals,($/mt),376.0,0.53,-2.59,0.0,24.09,-0.02
1968-12-01,1968,12,Coconut oil,Oils & Meals,($/mt),387.0,2.93,2.93,0.0,33.91,0.74
1969-01-01,1969,1,Coconut oil,Oils & Meals,($/mt),399.0,3.1,6.68,0.25,39.02,0.78
1969-02-01,1969,2,Coconut oil,Oils & Meals,($/mt),396.0,-0.75,5.32,-3.88,46.13,-0.22
1969-03-01,1969,3,Coconut oil,Oils & Meals,($/mt),388.0,-2.02,0.26,-8.27,38.08,-0.47
1969-04-01,1969,4,Coconut oil,Oils & Meals,($/mt),376.0,-3.09,-5.76,-13.76,34.29,-0.67
1969-05-01,1969,5,Coconut oil,Oils & Meals,($/mt),353.0,-6.12,-10.86,-19.77,24.73,-1.41
1969-06-01,1969,6,Coconut oil,Oils & Meals,($/mt),339.0,-3.97,-12.63,-16.71,14.92,-0.6
1969-07-01,1969,7,Coconut oil,Oils & Meals,($/mt),327.0,-3.54,-13.03,-13.49,7.57,-0.62
1969-08-01,1969,8,Coconut oil,Oils & Meals,($/mt),331.0,1.22,-6.23,-14.25,9.24,0.82
1969-09-01,1969,9,Coconut oil,Oils & Meals,($/mt),333.0,0.6,-1.77,-11.44,9.9,0.65
1969-10-01,1969,10,Coconut oil,Oils & Meals,($/mt),337.0,1.2,3.06,-9.89,8.36,0.76
1969-11-01,1969,11,Coconut oil,Oils & Meals,($/mt),357.0,5.93,7.85,-5.05,13.69,2.32
1969-12-01,1969,12,Coconut oil,Oils & Meals,($/mt),399.0,11.76,19.82,3.1,22.39,3.47
1970-01-01,1970,1,Coconut oil,Oils & Meals,($/mt),406.0,1.75,20.47,1.75,20.12,0.28
1970-02-01,1970,2,Coconut oil,Oils & Meals,($/mt),406.0,0.0,13.73,2.53,13.73,-0.05
1970-03-01,1970,3,Coconut oil,Oils & Meals,($/mt),406.0,0.0,1.75,4.64,13.73,-0.06
1970-04-01,1970,4,Coconut oil,Oils & Meals,($/mt),406.0,0.0,0.0,7.98,13.73,-0.1
1970-05-01,1970,5,Coconut oil,Oils & Meals,($/mt),399.0,-1.72,-1.72,13.03,11.76,-0.53
1970-06-01,1970,6,Coconut oil,Oils & Meals,($/mt),390.0,-2.26,-3.94,15.04,-7.36,-0.79
1970-07-01,1970,7,Coconut oil,Oils & Meals,($/mt),390.0,0.0,-3.94,19.27,4.56,-0.31
1970-08-01,1970,8,Coconut oil,Oils & Meals,($/mt),378.0,-3.08,-5.26,14.2,12.84,-1.21
1970-09-01,1970,9,Coconut oil,Oils & Meals,($/mt),381.0,0.79,-2.31,14.41,22.12,-0.1
1970-10-01,1970,10,Coconut oil,Oils & Meals,($/mt),398.0,4.46,2.05,18.1,20.24,0.81
1970-11-01,1970,11,Coconut oil,Oils & Meals,($/mt),402.0,1.01,6.35,12.61,20.0,-0.11
1970-12-01,1970,12,Coconut oil,Oils & Meals,($/mt),404.0,0.5,6.04,1.25,22.05,-0.14
1971-01-01,1971,1,Coconut oil,Oils & Meals,($/mt),410.0,1.49,3.02,0.99,15.17,0.7
1971-02-01,1971,2,Coconut oil,Oils & Meals,($/mt),393.0,-4.15,-2.24,-3.2,12.61,-2.19
1971-03-01,1971,3,Coconut oil,Oils & Meals,($/mt),402.0,2.29,-0.5,-0.99,18.93,1.1
1971-04-01,1971,4,Coconut oil,Oils & Meals,($/mt),389.0,-3.23,-5.12,-4.19,17.52,-1.32
1971-05-01,1971,5,Coconut oil,Oils & Meals,($/mt),359.0,-7.71,-8.65,-10.03,8.46,-2.86
1971-06-01,1971,6,Coconut oil,Oils & Meals,($/mt),354.0,-1.39,-11.94,-9.23,6.63,-0.17
1971-07-01,1971,7,Coconut oil,Oils & Meals,($/mt),351.0,-0.85,-9.77,-10.0,6.36,-0.03
1971-08-01,1971,8,Coconut oil,Oils & Meals,($/mt),355.0,1.14,-1.11,-6.08,11.29,0.59
1971-09-01,1971,9,Coconut oil,Oils & Meals,($/mt),357.0,0.56,0.85,-6.3,12.62,0.32
1971-10-01,1971,10,Coconut oil,Oils & Meals,($/mt),358.0,0.28,1.99,-10.05,18.15,0.24
1971-11-01,1971,11,Coconut oil,Oils & Meals,($/mt),358.0,0.0,0.85,-10.95,28.78,0.29
1971-12-01,1971,12,Coconut oil,Oils & Meals,($/mt),300.0,-16.2,-15.97,-25.74,0.0,-5.37
1972-01-01,1972,1,Coconut oil,Oils & Meals,($/mt),300.0,0.0,-16.2,-26.83,-3.23,0.45
1972-02-01,1972,2,Coconut oil,Oils & Meals,($/mt),250.0,-16.67,-30.17,-36.39,-21.14,-2.78
1972-03-01,1972,3,Coconut oil,Oils & Meals,($/mt),210.0,-16.0,-30.0,-47.76,-33.12,-1.91
1972-04-01,1972,4,Coconut oil,Oils & Meals,($/mt),200.0,-4.76,-33.33,-48.59,-34.43,0.03
1972-05-01,1972,5,Coconut oil,Oils & Meals,($/mt),220.0,10.0,-12.0,-38.72,-22.54,2.11
1972-06-01,1972,6,Coconut oil,Oils & Meals,($/mt),248.0,12.73,18.1,-29.94,-22.5,1.97
1972-07-01,1972,7,Coconut oil,Oils & Meals,($/mt),222.0,-10.48,11.0,-36.75,-30.19,-0.84
1972-08-01,1972,8,Coconut oil,Oils & Meals,($/mt),217.0,-2.25,-1.36,-38.87,-30.0,0.1
1972-09-01,1972,9,Coconut oil,Oils & Meals,($/mt),226.0,4.15,-8.87,-36.69,-30.46,0.79
1972-10-01,1972,10,Coconut oil,Oils & Meals,($/mt),232.0,2.65,4.5,-35.2,-33.9,0.6
1972-11-01,1972,11,Coconut oil,Oils & Meals,($/mt),235.0,1.29,8.29,-34.36,-37.5,0.43
1972-12-01,1972,12,Coconut oil,Oils & Meals,($/mt),248.0,5.53,9.73,-17.33,-35.92,0.84
1973-01-01,1973,1,Coconut oil,Oils & Meals,($/mt),231.0,-6.85,-0.43,-23.0,-41.96,-0.61
1973-02-01,1973,2,Coconut oil,Oils & Meals,($/mt),299.0,29.44,27.23,19.6,-27.43,3.27
1973-03-01,1973,3,Coconut oil,Oils & Meals,($/mt),315.0,5.35,27.02,50.0,-25.53,0.27
1973-04-01,1973,4,Coconut oil,Oils & Meals,($/mt),360.0,14.29,55.84,80.0,-17.43,0.99
1973-05-01,1973,5,Coconut oil,Oils & Meals,($/mt),416.0,15.56,39.13,89.09,-5.45,0.96
1973-06-01,1973,6,Coconut oil,Oils & Meals,($/mt),457.0,9.86,45.08,84.27,12.29,0.36
1973-07-01,1973,7,Coconut oil,Oils & Meals,($/mt),552.0,20.79,53.33,148.65,46.03,1.41
1973-08-01,1973,8,Coconut oil,Oils & Meals,($/mt),573.0,3.8,37.74,164.06,48.45,-0.44
1973-09-01,1973,9,Coconut oil,Oils & Meals,($/mt),550.0,-4.01,20.35,143.36,46.28,-1.31
1973-10-01,1973,10,Coconut oil,Oils & Meals,($/mt),617.0,12.18,11.78,165.95,64.97,0.39
1973-11-01,1973,11,Coconut oil,Oils & Meals,($/mt),718.0,16.37,25.31,205.53,90.96,0.72
1973-12-01,1973,12,Coconut oil,Oils & Meals,($/mt),1068.0,48.75,94.18,330.65,175.97,3.77
1974-01-01,1974,1,Coconut oil,Oils & Meals,($/mt),1191.0,11.52,93.03,415.58,198.5,-0.15
1974-02-01,1974,2,Coconut oil,Oils & Meals,($/mt),1160.0,-2.6,61.56,287.96,192.93,-1.33
1974-03-01,1974,3,Coconut oil,Oils & Meals,($/mt),1266.0,9.14,18.54,301.9,226.29,-0.26
1974-04-01,1974,4,Coconut oil,Oils & Meals,($/mt),1150.0,-9.16,-3.44,219.44,205.85,-1.64
1974-05-01,1974,5,Coconut oil,Oils & Meals,($/mt),996.0,-13.39,-14.14,139.42,182.15,-1.64
1974-06-01,1974,6,Coconut oil,Oils & Meals,($/mt),1039.0,4.32,-17.93,127.35,206.49,-0.26
1974-07-01,1974,7,Coconut oil,Oils & Meals,($/mt),1007.0,-3.08,-12.43,82.43,207.95,-0.68
1974-08-01,1974,8,Coconut oil,Oils & Meals,($/mt),1053.0,4.57,5.72,83.77,218.13,-0.1
1974-09-01,1974,9,Coconut oil,Oils & Meals,($/mt),826.0,-21.56,-20.5,50.18,148.05,-1.72
1974-10-01,1974,10,Coconut oil,Oils & Meals,($/mt),875.0,5.93,-13.11,41.82,159.64,0.07
1974-11-01,1974,11,Coconut oil,Oils & Meals,($/mt),748.0,-14.51,-28.96,4.18,109.52,-1.06
1974-12-01,1974,12,Coconut oil,Oils & Meals,($/mt),660.0,-11.76,-20.1,-38.2,65.41,-0.74
1975-01-01,1975,1,Coconut oil,Oils & Meals,($/mt),548.0,-16.97,-37.37,-53.99,34.98,-1.28
1975-02-01,1975,2,Coconut oil,Oils & Meals,($/mt),467.0,-14.78,-37.57,-59.74,15.02,-0.89
1975-03-01,1975,3,Coconut oil,Oils & Meals,($/mt),450.0,-3.64,-31.82,-64.45,10.84,0.3
1975-04-01,1975,4,Coconut oil,Oils & Meals,($/mt),428.0,-4.89,-21.9,-62.78,5.42,0.32
1975-05-01,1975,5,Coconut oil,Oils & Meals,($/mt),355.0,-17.06,-23.98,-64.36,-11.03,-1.03
1975-06-01,1975,6,Coconut oil,Oils & Meals,($/mt),333.0,-6.2,-26.0,-67.95,-14.62,0.17
1975-07-01,1975,7,Coconut oil,Oils & Meals,($/mt),372.0,11.71,-13.08,-63.06,-4.62,2.32
1975-08-01,1975,8,Coconut oil,Oils & Meals,($/mt),388.0,4.3,9.3,-63.15,2.65,1.12
1975-09-01,1975,9,Coconut oil,Oils & Meals,($/mt),368.0,-5.15,10.51,-55.45,-3.41,0.22
1975-10-01,1975,10,Coconut oil,Oils & Meals,($/mt),347.0,-5.71,-6.72,-60.34,-12.81,0.04
1975-11-01,1975,11,Coconut oil,Oils & Meals,($/mt),327.0,-5.76,-15.72,-56.28,-18.66,0.15
1975-12-01,1975,12,Coconut oil,Oils & Meals,($/mt),339.0,3.67,-7.88,-48.64,-16.09,1.19
1976-01-01,1976,1,Coconut oil,Oils & Meals,($/mt),332.0,-2.06,-4.32,-39.42,-19.02,0.34
1976-02-01,1976,2,Coconut oil,Oils & Meals,($/mt),336.0,1.2,2.75,-28.05,-14.5,0.64
1976-03-01,1976,3,Coconut oil,Oils & Meals,($/mt),349.0,3.87,2.95,-22.44,-13.18,0.89
1976-04-01,1976,4,Coconut oil,Oils & Meals,($/mt),347.0,-0.57,4.52,-18.93,-10.8,0.17
1976-05-01,1976,5,Coconut oil,Oils & Meals,($/mt),355.0,2.31,5.65,0.0,-1.11,0.52
1976-06-01,1976,6,Coconut oil,Oils & Meals,($/mt),380.0,7.04,8.88,14.11,7.34,1.27
1976-07-01,1976,7,Coconut oil,Oils & Meals,($/mt),455.0,19.74,31.12,22.31,29.63,3.44
1976-08-01,1976,8,Coconut oil,Oils & Meals,($/mt),451.0,-0.88,27.04,16.24,27.04,-0.4
1976-09-01,1976,9,Coconut oil,Oils & Meals,($/mt),484.0,7.32,27.37,31.52,35.57,0.83
1976-10-01,1976,10,Coconut oil,Oils & Meals,($/mt),481.0,-0.62,5.71,38.62,34.36,-0.45
1976-11-01,1976,11,Coconut oil,Oils & Meals,($/mt),499.0,3.74,10.64,52.6,39.39,0.12
1976-12-01,1976,12,Coconut oil,Oils & Meals,($/mt),553.0,10.82,14.26,63.13,84.33,1.21
1977-01-01,1977,1,Coconut oil,Oils & Meals,($/mt),546.0,-1.27,13.51,64.46,82.0,-0.9
1977-02-01,1977,2,Coconut oil,Oils & Meals,($/mt),576.0,5.49,15.43,71.43,130.4,0.18
1977-03-01,1977,3,Coconut oil,Oils & Meals,($/mt),735.0,27.6,32.91,110.6,250.0,3.76
1977-04-01,1977,4,Coconut oil,Oils & Meals,($/mt),793.0,7.89,45.24,128.53,296.5,0.13
1977-05-01,1977,5,Coconut oil,Oils & Meals,($/mt),718.0,-9.46,24.65,102.25,226.36,-1.95
1977-06-01,1977,6,Coconut oil,Oils & Meals,($/mt),620.0,-13.65,-15.65,63.16,150.0,-2.04
1977-07-01,1977,7,Coconut oil,Oils & Meals,($/mt),513.0,-17.26,-35.31,12.75,131.08,-1.92
1977-08-01,1977,8,Coconut oil,Oils & Meals,($/mt),451.0,-12.09,-37.19,0.0,107.83,-1.14
1977-09-01,1977,9,Coconut oil,Oils & Meals,($/mt),463.0,2.66,-25.32,-4.34,104.87,0.15
1977-10-01,1977,10,Coconut oil,Oils & Meals,($/mt),479.0,3.46,-6.63,-0.42,106.47,0.25
1977-11-01,1977,11,Coconut oil,Oils & Meals,($/mt),505.0,5.43,11.97,1.2,114.89,0.38
1977-12-01,1977,12,Coconut oil,Oils & Meals,($/mt),539.0,6.73,16.41,-2.53,117.34,0.47
1978-01-01,1978,1,Coconut oil,Oils & Meals,($/mt),541.0,0.37,12.94,-0.92,134.2,-0.01
1978-02-01,1978,2,Coconut oil,Oils & Meals,($/mt),561.0,3.7,11.09,-2.6,87.63,0.25
1978-03-01,1978,3,Coconut oil,Oils & Meals,($/mt),650.0,15.86,20.59,-11.56,106.35,1.26
1978-04-01,1978,4,Coconut oil,Oils & Meals,($/mt),600.0,-7.69,10.91,-24.34,66.67,-0.7
1978-05-01,1978,5,Coconut oil,Oils & Meals,($/mt),596.0,-0.67,6.24,-16.99,43.27,0.12
1978-06-01,1978,6,Coconut oil,Oils & Meals,($/mt),646.0,8.39,-0.62,4.19,41.36,0.98
1978-07-01,1978,7,Coconut oil,Oils & Meals,($/mt),644.0,-0.31,7.33,25.54,16.67,-0.11
1978-08-01,1978,8,Coconut oil,Oils & Meals,($/mt),657.0,2.02,10.23,45.68,14.66,-0.02
1978-09-01,1978,9,Coconut oil,Oils & Meals,($/mt),778.0,18.42,20.43,68.03,41.45,2.64
1978-10-01,1978,10,Coconut oil,Oils & Meals,($/mt),805.0,3.47,25.0,68.06,30.47,-0.16
1978-11-01,1978,11,Coconut oil,Oils & Meals,($/mt),835.0,3.73,27.09,65.35,16.3,-0.13
1978-12-01,1978,12,Coconut oil,Oils & Meals,($/mt),886.0,6.11,13.88,64.38,-17.04,0.22
1979-01-01,1979,1,Coconut oil,Oils & Meals,($/mt),966.0,9.03,20.0,78.56,-18.89,0.64
1979-02-01,1979,2,Coconut oil,Oils & Meals,($/mt),981.0,1.55,17.49,74.87,-15.43,-0.51
1979-03-01,1979,3,Coconut oil,Oils & Meals,($/mt),986.0,0.51,11.29,51.69,-22.12,-0.62
1979-04-01,1979,4,Coconut oil,Oils & Meals,($/mt),1062.0,7.71,9.94,77.0,-7.65,0.62
1979-05-01,1979,5,Coconut oil,Oils & Meals,($/mt),1056.0,-0.56,7.65,77.18,6.02,-1.03
1979-06-01,1979,6,Coconut oil,Oils & Meals,($/mt),1062.0,0.57,7.71,64.4,2.21,-0.82
1979-07-01,1979,7,Coconut oil,Oils & Meals,($/mt),1095.0,3.11,3.11,70.03,8.74,-0.23
1979-08-01,1979,8,Coconut oil,Oils & Meals,($/mt),1002.0,-8.49,-5.11,52.51,-4.84,-2.5
1979-09-01,1979,9,Coconut oil,Oils & Meals,($/mt),905.0,-9.68,-14.78,16.32,9.56,-2.08
1979-10-01,1979,10,Coconut oil,Oils & Meals,($/mt),907.0,0.22,-17.17,12.67,3.66,-0.21
1979-11-01,1979,11,Coconut oil,Oils & Meals,($/mt),907.0,0.0,-9.48,8.62,21.26,-0.2
1979-12-01,1979,12,Coconut oil,Oils & Meals,($/mt),885.0,-2.43,-2.21,-0.11,34.09,-0.58
1980-01-01,1980,1,Coconut oil,Oils & Meals,($/mt),885.0,0.0,-2.43,-8.39,61.5,-0.02
1980-02-01,1980,2,Coconut oil,Oils & Meals,($/mt),840.0,-5.08,-7.39,-14.37,79.87,-0.96
1980-03-01,1980,3,Coconut oil,Oils & Meals,($/mt),760.0,-9.52,-14.12,-22.92,68.89,-1.75
1980-04-01,1980,4,Coconut oil,Oils & Meals,($/mt),660.0,-13.16,-25.42,-37.85,54.21,-2.1
1980-05-01,1980,5,Coconut oil,Oils & Meals,($/mt),618.0,-6.36,-26.43,-41.48,74.08,-0.5
1980-06-01,1980,6,Coconut oil,Oils & Meals,($/mt),630.0,1.94,-17.11,-40.68,89.19,1.19
1980-07-01,1980,7,Coconut oil,Oils & Meals,($/mt),648.0,2.86,-1.82,-40.82,74.19,1.31
1980-08-01,1980,8,Coconut oil,Oils & Meals,($/mt),620.0,-4.32,0.32,-38.12,59.79,-0.03
1980-09-01,1980,9,Coconut oil,Oils & Meals,($/mt),590.0,-4.84,-6.35,-34.81,60.33,-0.2
1980-10-01,1980,10,Coconut oil,Oils & Meals,($/mt),580.0,-1.69,-10.49,-36.05,67.15,0.35
1980-11-01,1980,11,Coconut oil,Oils & Meals,($/mt),650.0,12.07,4.84,-28.34,98.78,3.33
1980-12-01,1980,12,Coconut oil,Oils & Meals,($/mt),605.0,-6.92,2.54,-31.64,78.47,-0.68
1981-01-01,1981,1,Coconut oil,Oils & Meals,($/mt),613.0,1.32,5.69,-30.73,84.64,0.64
1981-02-01,1981,2,Coconut oil,Oils & Meals,($/mt),603.0,-1.63,-7.23,-28.21,79.46,0.18
1981-03-01,1981,3,Coconut oil,Oils & Meals,($/mt),574.0,-4.81,-5.12,-24.47,64.47,-0.35
1981-04-01,1981,4,Coconut oil,Oils & Meals,($/mt),552.0,-3.83,-9.95,-16.36,59.08,-0.27
1981-05-01,1981,5,Coconut oil,Oils & Meals,($/mt),563.0,1.99,-6.63,-8.9,58.59,0.63
1981-06-01,1981,6,Coconut oil,Oils & Meals,($/mt),570.0,1.24,-0.7,-9.52,50.0,0.37
1981-07-01,1981,7,Coconut oil,Oils & Meals,($/mt),585.0,2.63,5.98,-9.72,28.57,0.65
1981-08-01,1981,8,Coconut oil,Oils & Meals,($/mt),565.0,-3.42,0.36,-8.87,25.28,-0.53
1981-09-01,1981,9,Coconut oil,Oils & Meals,($/mt),535.0,-5.31,-6.14,-9.32,10.54,-0.92
1981-10-01,1981,10,Coconut oil,Oils & Meals,($/mt),564.0,5.42,-3.59,-2.76,17.26,1.2
1981-11-01,1981,11,Coconut oil,Oils & Meals,($/mt),570.0,1.06,0.88,-12.31,14.23,0.22
1981-12-01,1981,12,Coconut oil,Oils & Meals,($/mt),545.0,-4.39,1.87,-9.92,-1.45,-0.88
1982-01-01,1982,1,Coconut oil,Oils & Meals,($/mt),536.0,-1.65,-4.96,-12.56,-1.83,-0.24
1982-02-01,1982,2,Coconut oil,Oils & Meals,($/mt),526.0,-1.87,-7.72,-12.77,-8.68,-0.23
1982-03-01,1982,3,Coconut oil,Oils & Meals,($/mt),480.0,-8.75,-11.93,-16.38,-34.69,-2.21
1982-04-01,1982,4,Coconut oil,Oils & Meals,($/mt),502.0,4.58,-6.34,-9.06,-36.7,1.5
1982-05-01,1982,5,Coconut oil,Oils & Meals,($/mt),493.0,-1.79,-6.27,-12.43,-31.34,-0.26
1982-06-01,1982,6,Coconut oil,Oils & Meals,($/mt),497.0,0.81,3.54,-12.81,-19.84,0.44
1982-07-01,1982,7,Coconut oil,Oils & Meals,($/mt),465.0,-6.44,-7.37,-20.51,-9.36,-1.29
1982-08-01,1982,8,Coconut oil,Oils & Meals,($/mt),412.0,-11.4,-16.43,-27.08,-8.65,-2.25
1982-09-01,1982,9,Coconut oil,Oils & Meals,($/mt),411.0,-0.24,-17.3,-23.18,-11.23,0.44
1982-10-01,1982,10,Coconut oil,Oils & Meals,($/mt),406.0,-1.22,-12.69,-28.01,-15.24,0.17
1982-11-01,1982,11,Coconut oil,Oils & Meals,($/mt),416.0,2.46,0.97,-27.02,-17.62,1.14
1982-12-01,1982,12,Coconut oil,Oils & Meals,($/mt),429.0,3.12,4.38,-21.28,-20.41,1.22
1983-01-01,1983,1,Coconut oil,Oils & Meals,($/mt),435.0,1.4,7.14,-18.84,-19.59,0.68
1983-02-01,1983,2,Coconut oil,Oils & Meals,($/mt),451.0,3.68,8.41,-14.26,-19.61,1.08
1983-03-01,1983,3,Coconut oil,Oils & Meals,($/mt),482.0,6.87,12.35,0.42,-25.85,1.56
1983-04-01,1983,4,Coconut oil,Oils & Meals,($/mt),576.0,19.5,32.41,14.74,-4.0,3.86
1983-05-01,1983,5,Coconut oil,Oils & Meals,($/mt),622.0,7.99,37.92,26.17,4.36,0.88
1983-06-01,1983,6,Coconut oil,Oils & Meals,($/mt),694.0,11.58,43.98,39.64,7.43,1.23
1983-07-01,1983,7,Coconut oil,Oils & Meals,($/mt),846.0,21.9,46.88,81.94,31.37,2.33
1983-08-01,1983,8,Coconut oil,Oils & Meals,($/mt),985.0,16.43,58.36,139.08,49.92,1.21
1983-09-01,1983,9,Coconut oil,Oils & Meals,($/mt),954.0,-3.15,37.46,132.12,22.62,-1.39
1983-10-01,1983,10,Coconut oil,Oils & Meals,($/mt),860.0,-9.85,1.65,111.82,6.83,-2.13
1983-11-01,1983,11,Coconut oil,Oils & Meals,($/mt),884.0,2.79,-10.25,112.5,5.87,-0.43
1983-12-01,1983,12,Coconut oil,Oils & Meals,($/mt),969.0,9.62,1.57,125.87,9.37,0.3
1984-01-01,1984,1,Coconut oil,Oils & Meals,($/mt),1069.0,10.32,24.3,145.75,10.66,0.32
1984-02-01,1984,2,Coconut oil,Oils & Meals,($/mt),1158.0,8.33,31.0,156.76,18.04,0.02
1984-03-01,1984,3,Coconut oil,Oils & Meals,($/mt),1123.0,-3.02,15.89,132.99,13.89,-1.29
1984-04-01,1984,4,Coconut oil,Oils & Meals,($/mt),1150.0,2.4,7.58,99.65,8.29,-0.55
1984-05-01,1984,5,Coconut oil,Oils & Meals,($/mt),1314.0,14.26,13.47,111.25,24.43,0.9
1984-06-01,1984,6,Coconut oil,Oils & Meals,($/mt),1431.0,8.9,27.43,106.2,34.75,0.23
1984-07-01,1984,7,Coconut oil,Oils & Meals,($/mt),1273.0,-11.04,10.7,50.47,16.26,-1.94
1984-08-01,1984,8,Coconut oil,Oils & Meals,($/mt),1079.0,-15.24,-17.88,9.54,7.68,-2.11
1984-09-01,1984,9,Coconut oil,Oils & Meals,($/mt),1170.0,8.43,-18.24,22.64,29.28,0.75
1984-10-01,1984,10,Coconut oil,Oils & Meals,($/mt),1175.0,0.43,-7.7,36.63,29.55,-0.18
1984-11-01,1984,11,Coconut oil,Oils & Meals,($/mt),993.0,-15.49,-7.97,12.33,9.48,-2.06
1984-12-01,1984,12,Coconut oil,Oils & Meals,($/mt),920.0,-7.35,-21.37,-5.06,3.95,-0.85
1985-01-01,1985,1,Coconut oil,Oils & Meals,($/mt),856.0,-6.96,-27.15,-19.93,-3.28,-0.68
1985-02-01,1985,2,Coconut oil,Oils & Meals,($/mt),756.0,-11.68,-23.87,-34.72,-10.0,-1.03
1985-03-01,1985,3,Coconut oil,Oils & Meals,($/mt),843.0,11.51,-8.37,-24.93,10.92,1.46
1985-04-01,1985,4,Coconut oil,Oils & Meals,($/mt),769.0,-8.78,-10.16,-33.13,16.52,-0.64
1985-05-01,1985,5,Coconut oil,Oils & Meals,($/mt),662.0,-13.91,-12.43,-49.62,7.12,-1.02
1985-06-01,1985,6,Coconut oil,Oils & Meals,($/mt),575.0,-13.14,-31.79,-59.82,-8.73,-0.81
1985-07-01,1985,7,Coconut oil,Oils & Meals,($/mt),520.0,-9.57,-32.38,-59.15,-19.75,-0.29
1985-08-01,1985,8,Coconut oil,Oils & Meals,($/mt),456.0,-12.31,-31.12,-57.74,-26.45,-0.61
1985-09-01,1985,9,Coconut oil,Oils & Meals,($/mt),427.0,-6.36,-25.74,-63.5,-27.63,0.02
1985-10-01,1985,10,Coconut oil,Oils & Meals,($/mt),430.0,0.7,-17.31,-63.4,-25.86,1.14
1985-11-01,1985,11,Coconut oil,Oils & Meals,($/mt),393.0,-8.6,-13.82,-60.42,-39.54,-0.11
1985-12-01,1985,12,Coconut oil,Oils & Meals,($/mt),395.0,0.51,-7.49,-57.07,-34.71,1.09
1986-01-01,1986,1,Coconut oil,Oils & Meals,($/mt),380.0,-3.8,-11.63,-55.61,-38.01,0.37
1986-02-01,1986,2,Coconut oil,Oils & Meals,($/mt),318.0,-16.32,-19.08,-57.94,-47.26,-1.35
1986-03-01,1986,3,Coconut oil,Oils & Meals,($/mt),293.0,-7.86,-25.82,-65.24,-48.95,-0.15
1986-04-01,1986,4,Coconut oil,Oils & Meals,($/mt),266.0,-9.22,-30.0,-65.41,-51.81,-0.17
1986-05-01,1986,5,Coconut oil,Oils & Meals,($/mt),233.0,-12.41,-26.73,-64.8,-58.61,-0.76
1986-06-01,1986,6,Coconut oil,Oils & Meals,($/mt),254.0,9.01,-13.31,-55.83,-55.44,3.26
1986-07-01,1986,7,Coconut oil,Oils & Meals,($/mt),229.0,-9.84,-13.91,-55.96,-60.85,-0.5
1986-08-01,1986,8,Coconut oil,Oils & Meals,($/mt),211.0,-7.86,-9.44,-53.73,-62.65,-0.21
1986-09-01,1986,9,Coconut oil,Oils & Meals,($/mt),240.0,13.74,-5.51,-43.79,-55.14,2.92
1986-10-01,1986,10,Coconut oil,Oils & Meals,($/mt),341.0,42.08,48.91,-20.7,-39.54,5.25
1986-11-01,1986,11,Coconut oil,Oils & Meals,($/mt),388.0,13.78,83.89,-1.27,-31.93,0.91
1986-12-01,1986,12,Coconut oil,Oils & Meals,($/mt),405.0,4.38,68.75,2.53,-25.69,0.21
1987-01-01,1987,1,Coconut oil,Oils & Meals,($/mt),425.0,4.94,24.63,11.84,-20.71,0.22
1987-02-01,1987,2,Coconut oil,Oils & Meals,($/mt),403.0,-5.18,3.87,26.73,-23.38,-0.44
1987-03-01,1987,3,Coconut oil,Oils & Meals,($/mt),344.0,-14.64,-15.06,17.41,-28.33,-1.13
1987-04-01,1987,4,Coconut oil,Oils & Meals,($/mt),389.0,13.08,-8.47,46.24,-22.51,0.66
1987-05-01,1987,5,Coconut oil,Oils & Meals,($/mt),405.0,4.11,0.5,73.82,-17.85,-0.01
1987-06-01,1987,6,Coconut oil,Oils & Meals,($/mt),451.0,11.36,31.1,77.56,-9.26,0.38
1987-07-01,1987,7,Coconut oil,Oils & Meals,($/mt),443.0,-1.77,13.88,93.45,-4.73,-0.5
1987-08-01,1987,8,Coconut oil,Oils & Meals,($/mt),479.0,8.13,18.27,127.01,16.26,0.11
1987-09-01,1987,9,Coconut oil,Oils & Meals,($/mt),480.0,0.21,6.43,100.0,16.79,-0.55
1987-10-01,1987,10,Coconut oil,Oils & Meals,($/mt),482.0,0.42,8.8,41.35,18.72,-0.46
1987-11-01,1987,11,Coconut oil,Oils & Meals,($/mt),477.0,-1.04,-0.42,22.94,14.66,-0.52
1987-12-01,1987,12,Coconut oil,Oils & Meals,($/mt),529.0,10.9,10.21,30.62,23.31,1.18
1988-01-01,1988,1,Coconut oil,Oils & Meals,($/mt),566.0,6.99,17.43,33.18,30.11,0.56
1988-02-01,1988,2,Coconut oil,Oils & Meals,($/mt),530.0,-6.36,11.11,31.51,17.52,-1.13
1988-03-01,1988,3,Coconut oil,Oils & Meals,($/mt),516.0,-2.64,-2.46,50.0,7.05,-0.65
1988-04-01,1988,4,Coconut oil,Oils & Meals,($/mt),509.0,-1.36,-10.07,30.85,-11.63,-0.78
1988-05-01,1988,5,Coconut oil,Oils & Meals,($/mt),533.0,4.72,0.57,31.6,-14.31,0.4
1988-06-01,1988,6,Coconut oil,Oils & Meals,($/mt),614.0,15.2,18.99,36.14,-11.53,2.21
1988-07-01,1988,7,Coconut oil,Oils & Meals,($/mt),666.0,8.47,30.84,50.34,-21.28,0.89
1988-08-01,1988,8,Coconut oil,Oils & Meals,($/mt),576.0,-13.51,8.07,20.25,-41.52,-2.68
1988-09-01,1988,9,Coconut oil,Oils & Meals,($/mt),567.0,-1.56,-7.65,18.12,-40.57,-0.43
1988-10-01,1988,10,Coconut oil,Oils & Meals,($/mt),564.0,-0.53,-15.32,17.01,-34.42,-0.28
1988-11-01,1988,11,Coconut oil,Oils & Meals,($/mt),570.0,1.06,-1.04,19.5,-35.52,-0.07
1988-12-01,1988,12,Coconut oil,Oils & Meals,($/mt),567.0,-0.53,0.0,7.18,-41.49,-0.29
1989-01-01,1989,1,Coconut oil,Oils & Meals,($/mt),537.0,-5.29,-4.79,-5.12,-49.77,-0.83
1989-02-01,1989,2,Coconut oil,Oils & Meals,($/mt),538.0,0.19,-5.61,1.51,-53.54,0.05
1989-03-01,1989,3,Coconut oil,Oils & Meals,($/mt),545.0,1.3,-3.88,5.62,-51.47,0.13
1989-04-01,1989,4,Coconut oil,Oils & Meals,($/mt),549.0,0.73,2.23,7.86,-52.26,0.01
1989-05-01,1989,5,Coconut oil,Oils & Meals,($/mt),589.0,7.29,9.48,10.51,-55.18,0.92
1989-06-01,1989,6,Coconut oil,Oils & Meals,($/mt),559.0,-5.09,2.57,-8.96,-60.94,-0.86
1989-07-01,1989,7,Coconut oil,Oils & Meals,($/mt),540.0,-3.4,-1.64,-18.92,-57.58,-0.48
1989-08-01,1989,8,Coconut oil,Oils & Meals,($/mt),481.0,-10.93,-18.34,-16.49,-55.42,-1.86
1989-09-01,1989,9,Coconut oil,Oils & Meals,($/mt),503.0,4.57,-10.02,-11.29,-57.01,1.33
1989-10-01,1989,10,Coconut oil,Oils & Meals,($/mt),480.0,-4.57,-11.11,-14.89,-59.15,-0.77
1989-11-01,1989,11,Coconut oil,Oils & Meals,($/mt),456.0,-5.0,-5.2,-20.0,-54.08,-0.77
1989-12-01,1989,12,Coconut oil,Oils & Meals,($/mt),425.0,-6.8,-15.51,-25.04,-53.8,-1.02
1990-01-01,1990,1,Coconut oil,Oils & Meals,($/mt),433.0,1.88,-9.79,-19.37,-49.42,0.8
1990-02-01,1990,2,Coconut oil,Oils & Meals,($/mt),393.0,-9.24,-13.82,-26.95,-48.02,-1.46
1990-03-01,1990,3,Coconut oil,Oils & Meals,($/mt),372.0,-5.34,-12.47,-31.74,-55.87,-0.52
1990-04-01,1990,4,Coconut oil,Oils & Meals,($/mt),343.0,-7.8,-20.79,-37.52,-55.4,-0.87
1990-05-01,1990,5,Coconut oil,Oils & Meals,($/mt),353.0,2.92,-10.18,-40.07,-46.68,1.2
1990-06-01,1990,6,Coconut oil,Oils & Meals,($/mt),317.0,-10.2,-14.78,-43.29,-44.87,-1.27
1990-07-01,1990,7,Coconut oil,Oils & Meals,($/mt),297.0,-6.31,-13.41,-45.0,-42.88,-0.35
1990-08-01,1990,8,Coconut oil,Oils & Meals,($/mt),294.0,-1.01,-16.71,-38.88,-35.53,0.72
1990-09-01,1990,9,Coconut oil,Oils & Meals,($/mt),284.0,-3.4,-10.41,-43.54,-33.49,0.1
1990-10-01,1990,10,Coconut oil,Oils & Meals,($/mt),284.0,0.0,-4.38,-40.83,-33.95,1.12
1990-11-01,1990,11,Coconut oil,Oils & Meals,($/mt),343.0,20.77,16.67,-24.78,-12.72,5.8
1990-12-01,1990,12,Coconut oil,Oils & Meals,($/mt),325.0,-5.25,14.44,-23.53,-17.72,-0.38
1991-01-01,1991,1,Coconut oil,Oils & Meals,($/mt),340.0,4.62,19.72,-21.48,-10.53,0.79
1991-02-01,1991,2,Coconut oil,Oils & Meals,($/mt),330.0,-2.94,-3.79,-16.03,3.77,-0.15
1991-03-01,1991,3,Coconut oil,Oils & Meals,($/mt),343.0,3.94,5.54,-7.8,17.06,0.63
1991-04-01,1991,4,Coconut oil,Oils & Meals,($/mt),323.0,-5.83,-5.0,-5.83,21.43,-0.67
1991-05-01,1991,5,Coconut oil,Oils & Meals,($/mt),335.0,3.72,1.52,-5.1,43.78,0.49
1991-06-01,1991,6,Coconut oil,Oils & Meals,($/mt),369.0,10.15,7.58,16.4,45.28,1.28
1991-07-01,1991,7,Coconut oil,Oils & Meals,($/mt),465.0,26.02,43.96,56.57,103.06,3.11
1991-08-01,1991,8,Coconut oil,Oils & Meals,($/mt),459.0,-1.29,37.01,56.12,117.54,-0.54
1991-09-01,1991,9,Coconut oil,Oils & Meals,($/mt),455.0,-0.87,23.31,60.21,89.58,-0.5
1991-10-01,1991,10,Coconut oil,Oils & Meals,($/mt),546.0,20.0,17.42,92.25,60.12,1.56
1991-11-01,1991,11,Coconut oil,Oils & Meals,($/mt),595.0,8.97,29.63,73.47,53.35,0.27
1991-12-01,1991,12,Coconut oil,Oils & Meals,($/mt),636.0,6.89,39.78,95.69,57.04,0.18
1992-01-01,1992,1,Coconut oil,Oils & Meals,($/mt),738.0,16.04,35.16,117.06,73.65,1.07
1992-02-01,1992,2,Coconut oil,Oils & Meals,($/mt),702.0,-4.88,17.98,112.73,74.19,-1.23
1992-03-01,1992,3,Coconut oil,Oils & Meals,($/mt),644.0,-8.26,1.26,87.76,87.21,-1.53
1992-04-01,1992,4,Coconut oil,Oils & Meals,($/mt),647.0,0.47,-12.33,100.31,66.32,-0.5
1992-05-01,1992,5,Coconut oil,Oils & Meals,($/mt),638.0,-1.39,-9.12,90.45,57.53,-0.75
1992-06-01,1992,6,Coconut oil,Oils & Meals,($/mt),589.0,-7.68,-8.54,59.62,30.6,-1.29
1992-07-01,1992,7,Coconut oil,Oils & Meals,($/mt),528.0,-10.36,-18.39,13.55,19.19,-1.33
1992-08-01,1992,8,Coconut oil,Oils & Meals,($/mt),494.0,-6.44,-22.57,7.63,3.13,-0.82
1992-09-01,1992,9,Coconut oil,Oils & Meals,($/mt),501.0,1.42,-14.94,10.11,4.37,0.04
1992-10-01,1992,10,Coconut oil,Oils & Meals,($/mt),493.0,-1.6,-6.63,-9.71,2.28,-0.29
1992-11-01,1992,11,Coconut oil,Oils & Meals,($/mt),496.0,0.61,0.4,-16.64,3.98,0.15
1992-12-01,1992,12,Coconut oil,Oils & Meals,($/mt),461.0,-7.06,-7.98,-27.52,-12.85,-0.79
1993-01-01,1993,1,Coconut oil,Oils & Meals,($/mt),444.0,-3.69,-9.94,-39.84,-21.55,-0.18
1993-02-01,1993,2,Coconut oil,Oils & Meals,($/mt),439.0,-1.13,-11.49,-37.46,-17.17,0.75
1993-03-01,1993,3,Coconut oil,Oils & Meals,($/mt),427.0,-2.73,-7.38,-33.7,-17.25,0.25
1993-04-01,1993,4,Coconut oil,Oils & Meals,($/mt),402.0,-5.85,-9.46,-37.87,-21.02,-0.68
1993-05-01,1993,5,Coconut oil,Oils & Meals,($/mt),418.0,3.98,-4.78,-34.48,-21.58,2.15
1993-06-01,1993,6,Coconut oil,Oils & Meals,($/mt),436.0,4.31,2.11,-25.98,-28.99,1.81
1993-07-01,1993,7,Coconut oil,Oils & Meals,($/mt),460.0,5.5,14.43,-12.88,-30.93,1.74
1993-08-01,1993,8,Coconut oil,Oils & Meals,($/mt),455.0,-1.09,8.85,-7.89,-21.01,-0.01
1993-09-01,1993,9,Coconut oil,Oils & Meals,($/mt),424.0,-6.81,-2.75,-15.37,-25.22,-1.57
1993-10-01,1993,10,Coconut oil,Oils & Meals,($/mt),419.0,-1.18,-8.91,-15.01,-25.71,0.03
1993-11-01,1993,11,Coconut oil,Oils & Meals,($/mt),464.0,10.74,1.98,-6.45,-18.6,2.81
1993-12-01,1993,12,Coconut oil,Oils & Meals,($/mt),615.0,32.54,45.05,33.41,8.47,5.99
1994-01-01,1994,1,Coconut oil,Oils & Meals,($/mt),595.0,-3.25,42.0,34.01,10.8,-0.58
1994-02-01,1994,2,Coconut oil,Oils & Meals,($/mt),573.0,-3.7,23.49,30.52,6.51,-0.62
1994-03-01,1994,3,Coconut oil,Oils & Meals,($/mt),539.0,-5.93,-12.36,26.23,-1.1,-0.81
1994-04-01,1994,4,Coconut oil,Oils & Meals,($/mt),560.0,3.9,-5.88,39.3,2.0,0.13
1994-05-01,1994,5,Coconut oil,Oils & Meals,($/mt),599.0,6.96,4.54,43.3,1.7,0.35
1994-06-01,1994,6,Coconut oil,Oils & Meals,($/mt),608.0,1.5,12.8,39.45,8.77,-0.19
1994-07-01,1994,7,Coconut oil,Oils & Meals,($/mt),579.0,-4.77,3.39,25.87,7.22,-0.75
1994-08-01,1994,8,Coconut oil,Oils & Meals,($/mt),596.0,2.94,-0.5,30.99,23.91,0.05
1994-09-01,1994,9,Coconut oil,Oils & Meals,($/mt),622.0,4.36,2.3,46.7,23.66,0.15
1994-10-01,1994,10,Coconut oil,Oils & Meals,($/mt),621.0,-0.16,7.25,48.21,29.37,-0.37
1994-11-01,1994,11,Coconut oil,Oils & Meals,($/mt),706.0,13.69,18.46,52.16,54.82,0.96
1994-12-01,1994,12,Coconut oil,Oils & Meals,($/mt),692.0,-1.98,11.25,12.52,62.82,-0.57
1995-01-01,1995,1,Coconut oil,Oils & Meals,($/mt),622.0,-10.12,0.16,4.54,43.65,-1.99
1995-02-01,1995,2,Coconut oil,Oils & Meals,($/mt),636.0,2.25,-9.92,10.99,61.83,0.26
1995-03-01,1995,3,Coconut oil,Oils & Meals,($/mt),632.0,-0.63,-8.67,17.25,69.89,-0.27
1995-04-01,1995,4,Coconut oil,Oils & Meals,($/mt),619.0,-2.06,-0.48,10.54,80.47,-0.6
1995-05-01,1995,5,Coconut oil,Oils & Meals,($/mt),616.0,-0.48,-3.14,2.84,74.5,-0.25
1995-06-01,1995,6,Coconut oil,Oils & Meals,($/mt),668.0,8.44,5.7,9.87,110.73,1.42
1995-07-01,1995,7,Coconut oil,Oils & Meals,($/mt),693.0,3.74,11.95,19.69,133.33,0.45
1995-08-01,1995,8,Coconut oil,Oils & Meals,($/mt),686.0,-1.01,11.36,15.1,133.33,-0.45
1995-09-01,1995,9,Coconut oil,Oils & Meals,($/mt),677.0,-1.31,1.35,8.84,138.38,-0.45
1995-10-01,1995,10,Coconut oil,Oils & Meals,($/mt),718.0,6.06,3.61,15.62,152.82,0.88
1995-11-01,1995,11,Coconut oil,Oils & Meals,($/mt),750.0,4.46,9.33,6.23,118.66,0.51
1995-12-01,1995,12,Coconut oil,Oils & Meals,($/mt),718.0,-4.27,6.06,3.76,120.92,-1.01
1996-01-01,1996,1,Coconut oil,Oils & Meals,($/mt),711.0,-0.97,-0.97,14.31,109.12,-0.28
1996-02-01,1996,2,Coconut oil,Oils & Meals,($/mt),738.0,3.8,-1.6,16.04,123.64,0.69
1996-03-01,1996,3,Coconut oil,Oils & Meals,($/mt),723.0,-2.03,0.7,14.4,110.79,-0.87
1996-04-01,1996,4,Coconut oil,Oils & Meals,($/mt),756.0,4.56,6.33,22.13,134.06,0.86
1996-05-01,1996,5,Coconut oil,Oils & Meals,($/mt),778.0,2.91,5.42,26.3,132.24,0.3
1996-06-01,1996,6,Coconut oil,Oils & Meals,($/mt),816.0,4.88,12.86,22.16,121.14,0.74
1996-07-01,1996,7,Coconut oil,Oils & Meals,($/mt),775.0,-5.02,2.51,11.83,66.67,-1.98
1996-08-01,1996,8,Coconut oil,Oils & Meals,($/mt),742.0,-4.26,-4.63,8.16,61.66,-1.37
1996-09-01,1996,9,Coconut oil,Oils & Meals,($/mt),721.0,-2.83,-11.64,6.5,58.46,-0.87
1996-10-01,1996,10,Coconut oil,Oils & Meals,($/mt),722.0,0.14,-6.84,0.56,32.23,-0.11
1996-11-01,1996,11,Coconut oil,Oils & Meals,($/mt),760.0,5.26,2.43,1.33,27.73,1.34
1996-12-01,1996,12,Coconut oil,Oils & Meals,($/mt),777.0,2.24,7.77,8.22,22.17,0.52
1997-01-01,1997,1,Coconut oil,Oils & Meals,($/mt),768.0,-1.16,6.37,8.02,4.07,-0.51
1997-02-01,1997,2,Coconut oil,Oils & Meals,($/mt),768.0,0.0,1.05,4.07,9.4,-0.19
1997-03-01,1997,3,Coconut oil,Oils & Meals,($/mt),737.0,-4.04,-5.15,1.94,14.44,-1.24
1997-04-01,1997,4,Coconut oil,Oils & Meals,($/mt),710.0,-3.66,-7.55,-6.08,9.74,-1.04
1997-05-01,1997,5,Coconut oil,Oils & Meals,($/mt),654.0,-7.89,-14.84,-15.94,2.51,-2.05
1997-06-01,1997,6,Coconut oil,Oils & Meals,($/mt),637.0,-2.6,-13.57,-21.94,8.15,-0.31
1997-07-01,1997,7,Coconut oil,Oils & Meals,($/mt),597.0,-6.28,-15.92,-22.97,13.07,-1.22
1997-08-01,1997,8,Coconut oil,Oils & Meals,($/mt),567.0,-5.03,-13.3,-23.58,14.78,-0.81
1997-09-01,1997,9,Coconut oil,Oils & Meals,($/mt),615.0,8.47,-3.45,-14.7,22.75,2.88
1997-10-01,1997,10,Coconut oil,Oils & Meals,($/mt),627.0,1.95,5.03,-13.16,27.18,0.66
1997-11-01,1997,11,Coconut oil,Oils & Meals,($/mt),616.0,-1.75,8.64,-18.95,24.19,-0.14
1997-12-01,1997,12,Coconut oil,Oils & Meals,($/mt),586.0,-4.87,-4.72,-24.58,27.11,-0.73
1998-01-01,1998,1,Coconut oil,Oils & Meals,($/mt),558.0,-4.78,-11.0,-27.34,25.68,-0.59
1998-02-01,1998,2,Coconut oil,Oils & Meals,($/mt),559.0,0.18,-9.25,-27.21,27.33,0.62
1998-03-01,1998,3,Coconut oil,Oils & Meals,($/mt),578.0,3.4,-1.37,-21.57,35.36,1.35
1998-04-01,1998,4,Coconut oil,Oils & Meals,($/mt),618.0,6.92,10.75,-12.96,53.73,1.89
1998-05-01,1998,5,Coconut oil,Oils & Meals,($/mt),723.0,16.99,29.34,10.55,72.97,3.42
1998-06-01,1998,6,Coconut oil,Oils & Meals,($/mt),652.0,-9.82,12.8,2.35,49.54,-1.56
1998-07-01,1998,7,Coconut oil,Oils & Meals,($/mt),667.0,2.3,7.93,11.73,45.0,0.24
1998-08-01,1998,8,Coconut oil,Oils & Meals,($/mt),667.0,0.0,-7.75,17.64,46.59,-0.16
1998-09-01,1998,9,Coconut oil,Oils & Meals,($/mt),652.0,-2.25,0.0,6.02,53.77,-0.54
1998-10-01,1998,10,Coconut oil,Oils & Meals,($/mt),695.0,6.6,4.2,10.85,65.87,0.87
1998-11-01,1998,11,Coconut oil,Oils & Meals,($/mt),752.0,8.2,12.74,22.08,62.07,1.02
1998-12-01,1998,12,Coconut oil,Oils & Meals,($/mt),774.0,2.93,18.71,32.08,25.85,0.14
1999-01-01,1999,1,Coconut oil,Oils & Meals,($/mt),763.0,-1.42,9.78,36.74,28.24,-0.58
1999-02-01,1999,2,Coconut oil,Oils & Meals,($/mt),745.0,-2.36,-0.93,33.27,30.02,-0.79
1999-03-01,1999,3,Coconut oil,Oils & Meals,($/mt),700.0,-6.04,-9.56,21.11,29.87,-1.29
1999-04-01,1999,4,Coconut oil,Oils & Meals,($/mt),827.0,18.14,8.39,33.82,47.68,2.27
1999-05-01,1999,5,Coconut oil,Oils & Meals,($/mt),874.0,5.68,17.32,20.89,45.91,0.34
1999-06-01,1999,6,Coconut oil,Oils & Meals,($/mt),796.0,-8.92,13.71,22.09,30.92,-1.47
1999-07-01,1999,7,Coconut oil,Oils & Meals,($/mt),656.0,-17.59,-20.68,-1.65,13.3,-2.7
1999-08-01,1999,8,Coconut oil,Oils & Meals,($/mt),684.0,4.27,-21.74,2.55,14.77,0.44
1999-09-01,1999,9,Coconut oil,Oils & Meals,($/mt),704.0,2.92,-11.56,7.98,13.18,0.25
1999-10-01,1999,10,Coconut oil,Oils & Meals,($/mt),690.0,-1.99,5.18,-0.72,11.11,-0.33
1999-11-01,1999,11,Coconut oil,Oils & Meals,($/mt),703.0,1.88,2.78,-6.52,-0.42,0.17
1999-12-01,1999,12,Coconut oil,Oils & Meals,($/mt),703.0,0.0,-0.14,-9.17,1.59,0.02
2000-01-01,2000,1,Coconut oil,Oils & Meals,($/mt),654.0,-6.97,-5.22,-14.29,5.14,-0.75
2000-02-01,2000,2,Coconut oil,Oils & Meals,($/mt),591.0,-9.63,-15.93,-20.67,-7.08,-0.98
2000-03-01,2000,3,Coconut oil,Oils & Meals,($/mt),552.0,-6.6,-21.48,-21.14,-12.66,-0.55
2000-04-01,2000,4,Coconut oil,Oils & Meals,($/mt),550.0,-0.36,-15.9,-33.49,-11.15,0.13
2000-05-01,2000,5,Coconut oil,Oils & Meals,($/mt),481.0,-12.55,-18.61,-44.97,-21.92,-1.37
2000-06-01,2000,6,Coconut oil,Oils & Meals,($/mt),437.0,-9.15,-20.83,-45.1,-34.58,-0.66
2000-07-01,2000,7,Coconut oil,Oils & Meals,($/mt),400.0,-8.47,-27.27,-39.02,-42.28,-0.56
2000-08-01,2000,8,Coconut oil,Oils & Meals,($/mt),371.0,-7.25,-22.87,-45.76,-45.92,-0.6
2000-09-01,2000,9,Coconut oil,Oils & Meals,($/mt),332.0,-10.51,-24.03,-52.84,-50.96,-1.11
2000-10-01,2000,10,Coconut oil,Oils & Meals,($/mt),340.0,2.41,-15.0,-50.72,-52.65,1.79
2000-11-01,2000,11,Coconut oil,Oils & Meals,($/mt),367.0,7.94,-1.08,-47.8,-51.07,2.62
2000-12-01,2000,12,Coconut oil,Oils & Meals,($/mt),329.0,-10.35,-0.9,-53.2,-54.18,-0.85
2001-01-01,2001,1,Coconut oil,Oils & Meals,($/mt),319.0,-3.04,-6.18,-51.22,-55.13,0.48
2001-02-01,2001,2,Coconut oil,Oils & Meals,($/mt),285.0,-10.66,-22.34,-51.78,-61.38,-0.82
2001-03-01,2001,3,Coconut oil,Oils & Meals,($/mt),289.0,1.4,-12.16,-47.64,-60.03,1.14
2001-04-01,2001,4,Coconut oil,Oils & Meals,($/mt),293.0,1.38,-8.15,-46.73,-61.24,0.98
2001-05-01,2001,5,Coconut oil,Oils & Meals,($/mt),295.0,0.68,3.51,-38.67,-62.08,0.84
2001-06-01,2001,6,Coconut oil,Oils & Meals,($/mt),317.0,7.46,9.69,-27.46,-61.15,1.76
2001-07-01,2001,7,Coconut oil,Oils & Meals,($/mt),358.0,12.93,22.18,-10.5,-53.81,2.23
2001-08-01,2001,8,Coconut oil,Oils & Meals,($/mt),363.0,1.4,23.05,-2.16,-51.08,0.26
2001-09-01,2001,9,Coconut oil,Oils & Meals,($/mt),322.0,-11.29,1.58,-3.01,-55.34,-1.49
2001-10-01,2001,10,Coconut oil,Oils & Meals,($/mt),307.0,-4.66,-14.25,-9.71,-57.48,-0.61
2001-11-01,2001,11,Coconut oil,Oils & Meals,($/mt),330.0,7.49,-9.09,-10.08,-56.58,1.03
2001-12-01,2001,12,Coconut oil,Oils & Meals,($/mt),339.0,2.73,5.28,3.04,-56.37,0.43
2002-01-01,2002,1,Coconut oil,Oils & Meals,($/mt),362.0,6.78,17.92,13.48,-52.86,0.88
2002-02-01,2002,2,Coconut oil,Oils & Meals,($/mt),376.0,3.87,13.94,31.93,-51.04,0.35
2002-03-01,2002,3,Coconut oil,Oils & Meals,($/mt),366.0,-2.66,7.96,26.64,-50.34,-0.83
2002-04-01,2002,4,Coconut oil,Oils & Meals,($/mt),411.0,12.3,13.54,40.27,-42.11,1.58
2002-05-01,2002,5,Coconut oil,Oils & Meals,($/mt),420.0,2.19,11.7,42.37,-35.78,-0.13
2002-06-01,2002,6,Coconut oil,Oils & Meals,($/mt),446.0,6.19,21.86,40.69,-29.98,0.43
2002-07-01,2002,7,Coconut oil,Oils & Meals,($/mt),445.0,-0.22,8.27,24.3,-25.46,-0.48
2002-08-01,2002,8,Coconut oil,Oils & Meals,($/mt),443.0,-0.45,5.48,22.04,-21.87,-0.39
2002-09-01,2002,9,Coconut oil,Oils & Meals,($/mt),410.0,-7.45,-8.07,27.33,-33.33,-1.48
2002-10-01,2002,10,Coconut oil,Oils & Meals,($/mt),434.0,5.85,-2.47,41.37,-30.78,0.66
2002-11-01,2002,11,Coconut oil,Oils & Meals,($/mt),457.0,5.3,3.16,38.48,-25.81,0.43
2002-12-01,2002,12,Coconut oil,Oils & Meals,($/mt),482.0,5.47,17.56,42.18,-17.75,0.51
2003-01-01,2003,1,Coconut oil,Oils & Meals,($/mt),494.0,2.49,13.82,36.46,-11.47,-0.12
2003-02-01,2003,2,Coconut oil,Oils & Meals,($/mt),477.0,-3.44,4.38,26.86,-14.67,-1.22
2003-03-01,2003,3,Coconut oil,Oils & Meals,($/mt),441.0,-7.55,-8.51,20.49,-23.7,-1.81
2003-04-01,2003,4,Coconut oil,Oils & Meals,($/mt),421.0,-4.54,-14.78,2.43,-31.88,-1.06
2003-05-01,2003,5,Coconut oil,Oils & Meals,($/mt),440.0,4.51,-7.76,4.76,-39.14,0.82
2003-06-01,2003,6,Coconut oil,Oils & Meals,($/mt),459.0,4.32,4.08,2.91,-29.6,0.73
2003-07-01,2003,7,Coconut oil,Oils & Meals,($/mt),439.0,-4.36,4.28,-1.35,-34.18,-0.93
2003-08-01,2003,8,Coconut oil,Oils & Meals,($/mt),421.0,-4.1,-4.32,-4.97,-36.88,-0.79
2003-09-01,2003,9,Coconut oil,Oils & Meals,($/mt),431.0,2.38,-6.1,5.12,-33.9,0.5
2003-10-01,2003,10,Coconut oil,Oils & Meals,($/mt),487.0,12.99,10.93,12.21,-29.93,2.54
2003-11-01,2003,11,Coconut oil,Oils & Meals,($/mt),515.0,5.75,22.33,12.69,-31.52,0.78
2003-12-01,2003,12,Coconut oil,Oils & Meals,($/mt),583.0,13.2,35.27,20.95,-24.68,2.02
2004-01-01,2004,1,Coconut oil,Oils & Meals,($/mt),584.0,0.17,19.92,18.22,-23.46,-0.24
2004-02-01,2004,2,Coconut oil,Oils & Meals,($/mt),642.0,9.93,24.66,34.59,-13.83,1.22
2004-03-01,2004,3,Coconut oil,Oils & Meals,($/mt),685.0,6.7,17.5,55.33,-2.14,0.56
2004-04-01,2004,4,Coconut oil,Oils & Meals,($/mt),736.0,7.45,26.03,74.82,-11.0,0.56
2004-05-01,2004,5,Coconut oil,Oils & Meals,($/mt),716.0,-2.72,11.53,62.73,-18.08,-1.32
2004-06-01,2004,6,Coconut oil,Oils & Meals,($/mt),658.0,-8.1,-3.94,43.36,-17.34,-2.01
2004-07-01,2004,7,Coconut oil,Oils & Meals,($/mt),669.0,1.67,-9.1,52.39,1.98,-0.22
2004-08-01,2004,8,Coconut oil,Oils & Meals,($/mt),627.0,-6.28,-12.43,48.93,-8.33,-1.49
2004-09-01,2004,9,Coconut oil,Oils & Meals,($/mt),657.0,4.78,-0.15,52.44,-6.68,0.17
2004-10-01,2004,10,Coconut oil,Oils & Meals,($/mt),642.0,-2.28,-4.04,31.83,-6.96,-0.87
2004-11-01,2004,11,Coconut oil,Oils & Meals,($/mt),659.0,2.65,5.1,27.96,-6.26,0.02
2004-12-01,2004,12,Coconut oil,Oils & Meals,($/mt),654.0,-0.76,-0.46,12.18,-6.97,-0.47
2005-01-01,2005,1,Coconut oil,Oils & Meals,($/mt),646.0,-1.22,0.62,10.62,-1.22,-0.42
2005-02-01,2005,2,Coconut oil,Oils & Meals,($/mt),646.0,0.0,-1.97,0.62,9.31,-0.18
2005-03-01,2005,3,Coconut oil,Oils & Meals,($/mt),710.0,9.91,8.56,3.65,28.62,2.04
2005-04-01,2005,4,Coconut oil,Oils & Meals,($/mt),679.0,-4.37,5.11,-7.74,23.45,-0.91
2005-05-01,2005,5,Coconut oil,Oils & Meals,($/mt),647.0,-4.71,0.15,-9.64,34.51,-0.84
2005-06-01,2005,6,Coconut oil,Oils & Meals,($/mt),639.0,-1.24,-10.0,-2.89,46.22,-0.1
2005-07-01,2005,7,Coconut oil,Oils & Meals,($/mt),606.0,-5.16,-10.75,-9.42,51.5,-1.12
2005-08-01,2005,8,Coconut oil,Oils & Meals,($/mt),550.0,-9.24,-14.99,-12.28,48.25,-1.83
2005-09-01,2005,9,Coconut oil,Oils & Meals,($/mt),559.0,1.64,-12.52,-14.92,68.37,0.52
2005-10-01,2005,10,Coconut oil,Oils & Meals,($/mt),587.0,5.01,-3.14,-8.57,72.65,1.3
2005-11-01,2005,11,Coconut oil,Oils & Meals,($/mt),582.0,-0.85,5.82,-11.68,58.58,-0.04
2005-12-01,2005,12,Coconut oil,Oils & Meals,($/mt),553.0,-4.98,-1.07,-15.44,68.09,-0.82
2006-01-01,2006,1,Coconut oil,Oils & Meals,($/mt),569.0,2.89,-3.07,-11.92,78.37,0.81
2006-02-01,2006,2,Coconut oil,Oils & Meals,($/mt),591.0,3.87,1.55,-8.51,107.37,0.91
2006-03-01,2006,3,Coconut oil,Oils & Meals,($/mt),575.0,-2.71,3.98,-19.01,98.96,-0.39
2006-04-01,2006,4,Coconut oil,Oils & Meals,($/mt),578.0,0.52,1.58,-14.87,97.27,0.5
2006-05-01,2006,5,Coconut oil,Oils & Meals,($/mt),583.0,0.87,-1.35,-9.89,97.63,0.49
2006-06-01,2006,6,Coconut oil,Oils & Meals,($/mt),575.0,-1.37,0.0,-10.02,81.39,-0.14
2006-07-01,2006,7,Coconut oil,Oils & Meals,($/mt),583.0,1.39,0.87,-3.8,62.85,0.52
2006-08-01,2006,8,Coconut oil,Oils & Meals,($/mt),606.0,3.95,3.95,10.18,66.94,1.06
2006-09-01,2006,9,Coconut oil,Oils & Meals,($/mt),609.0,0.5,5.91,8.94,89.13,-0.12
2006-10-01,2006,10,Coconut oil,Oils & Meals,($/mt),626.0,2.79,7.38,6.64,103.91,0.69
2006-11-01,2006,11,Coconut oil,Oils & Meals,($/mt),656.0,4.79,8.25,12.71,98.79,1.56
2006-12-01,2006,12,Coconut oil,Oils & Meals,($/mt),732.0,11.59,20.2,32.37,115.93,3.61
2007-01-01,2007,1,Coconut oil,Oils & Meals,($/mt),731.0,-0.14,16.77,28.47,101.93,-0.7
2007-02-01,2007,2,Coconut oil,Oils & Meals,($/mt),763.0,4.38,16.31,29.1,102.93,0.6
2007-03-01,2007,3,Coconut oil,Oils & Meals,($/mt),769.0,0.79,5.05,33.74,110.11,-0.38
2007-04-01,2007,4,Coconut oil,Oils & Meals,($/mt),828.0,7.67,13.27,43.25,101.46,1.5
2007-05-01,2007,5,Coconut oil,Oils & Meals,($/mt),894.0,7.97,17.17,53.34,112.86,1.32
2007-06-01,2007,6,Coconut oil,Oils & Meals,($/mt),979.0,9.51,27.31,70.26,119.51,1.51
2007-07-01,2007,7,Coconut oil,Oils & Meals,($/mt),929.0,-5.11,12.2,59.35,108.76,-2.53
2007-08-01,2007,8,Coconut oil,Oils & Meals,($/mt),910.0,-2.05,1.79,50.17,105.42,-1.3
2007-09-01,2007,9,Coconut oil,Oils & Meals,($/mt),930.0,2.2,-5.01,52.71,126.83,-0.27
2007-10-01,2007,10,Coconut oil,Oils & Meals,($/mt),1010.0,8.6,8.72,61.34,132.72,0.99
2007-11-01,2007,11,Coconut oil,Oils & Meals,($/mt),1131.0,11.98,24.29,72.41,147.48,1.52
2007-12-01,2007,12,Coconut oil,Oils & Meals,($/mt),1153.0,1.95,23.98,57.51,139.21,-0.51
2008-01-01,2008,1,Coconut oil,Oils & Meals,($/mt),1285.0,11.45,27.23,75.79,160.12,1.43
2008-02-01,2008,2,Coconut oil,Oils & Meals,($/mt),1382.0,7.55,22.19,81.13,189.73,0.48
2008-03-01,2008,3,Coconut oil,Oils & Meals,($/mt),1471.0,6.44,27.58,91.29,233.56,0.22
2008-04-01,2008,4,Coconut oil,Oils & Meals,($/mt),1443.0,-1.9,12.3,74.28,242.76,-1.42
2008-05-01,2008,5,Coconut oil,Oils & Meals,($/mt),1502.0,4.09,8.68,68.01,241.36,-0.14
2008-06-01,2008,6,Coconut oil,Oils & Meals,($/mt),1551.0,3.26,5.44,58.43,237.91,-0.23
2008-07-01,2008,7,Coconut oil,Oils & Meals,($/mt),1436.0,-7.41,-0.49,54.57,227.11,-2.12
2008-08-01,2008,8,Coconut oil,Oils & Meals,($/mt),1193.0,-16.92,-20.57,31.1,183.37,-3.59
2008-09-01,2008,9,Coconut oil,Oils & Meals,($/mt),1110.0,-6.96,-28.43,19.35,157.54,-1.16
2008-10-01,2008,10,Coconut oil,Oils & Meals,($/mt),856.0,-22.88,-40.39,-15.25,75.77,-2.85
2008-11-01,2008,11,Coconut oil,Oils & Meals,($/mt),719.0,-16.0,-39.73,-36.43,39.61,-1.39
2008-12-01,2008,12,Coconut oil,Oils & Meals,($/mt),740.0,2.92,-33.33,-35.82,26.93,0.55
2009-01-01,2009,1,Coconut oil,Oils & Meals,($/mt),734.0,-0.81,-14.25,-42.88,25.68,0.2
2009-02-01,2009,2,Coconut oil,Oils & Meals,($/mt),673.0,-8.31,-6.4,-51.3,4.83,-0.42
2009-03-01,2009,3,Coconut oil,Oils & Meals,($/mt),625.0,-7.13,-15.54,-57.51,-8.76,-0.19
2009-04-01,2009,4,Coconut oil,Oils & Meals,($/mt),747.0,19.52,1.77,-48.23,1.49,3.01
2009-05-01,2009,5,Coconut oil,Oils & Meals,($/mt),843.0,12.85,25.26,-43.87,17.74,1.54
2009-06-01,2009,6,Coconut oil,Oils & Meals,($/mt),747.0,-11.39,19.52,-51.84,13.53,-0.6
2009-07-01,2009,7,Coconut oil,Oils & Meals,($/mt),685.0,-8.3,-8.3,-52.3,2.39,-0.25
2009-08-01,2009,8,Coconut oil,Oils & Meals,($/mt),747.0,9.05,-11.39,-37.38,19.14,1.17
2009-09-01,2009,9,Coconut oil,Oils & Meals,($/mt),701.0,-6.16,-6.16,-36.85,6.7,-0.25
2009-10-01,2009,10,Coconut oil,Oils & Meals,($/mt),706.0,0.71,3.07,-17.52,9.97,0.31
2009-11-01,2009,11,Coconut oil,Oils & Meals,($/mt),729.0,3.26,-2.41,1.39,10.62,0.41
2009-12-01,2009,12,Coconut oil,Oils & Meals,($/mt),768.0,5.35,9.56,3.78,17.43,0.51
2010-01-01,2010,1,Coconut oil,Oils & Meals,($/mt),784.0,2.08,11.05,6.81,21.36,0.14
2010-02-01,2010,2,Coconut oil,Oils & Meals,($/mt),798.0,1.79,9.47,18.57,23.53,0.09
2010-03-01,2010,3,Coconut oil,Oils & Meals,($/mt),921.0,15.41,19.92,47.36,29.72,1.49
2010-04-01,2010,4,Coconut oil,Oils & Meals,($/mt),940.0,2.06,19.9,25.84,38.44,-0.17
2010-05-01,2010,5,Coconut oil,Oils & Meals,($/mt),932.0,-0.85,16.79,10.56,44.05,-0.38
2010-06-01,2010,6,Coconut oil,Oils & Meals,($/mt),993.0,6.55,7.82,32.93,55.4,0.74
2010-07-01,2010,7,Coconut oil,Oils & Meals,($/mt),1031.0,3.83,9.68,50.51,70.13,0.2
2010-08-01,2010,8,Coconut oil,Oils & Meals,($/mt),1170.0,13.48,25.54,56.63,112.73,1.86
2010-09-01,2010,9,Coconut oil,Oils & Meals,($/mt),1275.0,8.97,28.4,81.88,128.09,0.85
2010-10-01,2010,10,Coconut oil,Oils & Meals,($/mt),1412.0,10.75,36.95,100.0,140.55,1.09
2010-11-01,2010,11,Coconut oil,Oils & Meals,($/mt),1512.0,7.08,29.23,107.41,159.79,0.2
2010-12-01,2010,12,Coconut oil,Oils & Meals,($/mt),1715.0,13.43,34.51,123.31,210.13,1.41
2011-01-01,2011,1,Coconut oil,Oils & Meals,($/mt),2038.0,18.83,44.33,159.95,258.17,2.19
2011-02-01,2011,2,Coconut oil,Oils & Meals,($/mt),2256.0,10.7,49.21,182.71,281.73,0.37
2011-03-01,2011,3,Coconut oil,Oils & Meals,($/mt),1925.0,-14.67,12.24,109.01,234.78,-4.14
2011-04-01,2011,4,Coconut oil,Oils & Meals,($/mt),2089.0,8.52,2.5,122.23,261.42,0.21
2011-05-01,2011,5,Coconut oil,Oils & Meals,($/mt),2097.0,0.38,-7.05,125.0,259.69,-0.8
2011-06-01,2011,6,Coconut oil,Oils & Meals,($/mt),1803.0,-14.02,-6.34,81.57,213.57,-2.53
2011-07-01,2011,7,Coconut oil,Oils & Meals,($/mt),1662.0,-7.82,-20.44,61.2,185.08,-1.29
2011-08-01,2011,8,Coconut oil,Oils & Meals,($/mt),1454.0,-12.52,-30.66,24.27,139.93,-1.54
2011-09-01,2011,9,Coconut oil,Oils & Meals,($/mt),1305.0,-10.25,-27.62,2.35,114.29,-1.08
2011-10-01,2011,10,Coconut oil,Oils & Meals,($/mt),1208.0,-7.43,-27.32,-14.45,92.97,-0.69
2011-11-01,2011,11,Coconut oil,Oils & Meals,($/mt),1479.0,22.43,1.72,-2.18,125.46,1.94
2011-12-01,2011,12,Coconut oil,Oils & Meals,($/mt),1445.0,-2.3,10.73,-15.74,97.4,-0.22
2012-01-01,2012,1,Coconut oil,Oils & Meals,($/mt),1451.0,0.42,20.12,-28.8,98.5,0.08
2012-02-01,2012,2,Coconut oil,Oils & Meals,($/mt),1411.0,-2.76,-4.6,-37.46,84.93,-0.05
2012-03-01,2012,3,Coconut oil,Oils & Meals,($/mt),1338.0,-5.17,-7.4,-30.49,73.99,-0.17
2012-04-01,2012,4,Coconut oil,Oils & Meals,($/mt),1348.0,0.75,-7.1,-35.47,62.8,0.33
2012-05-01,2012,5,Coconut oil,Oils & Meals,($/mt),1155.0,-14.32,-18.14,-44.92,29.19,-1.17
2012-06-01,2012,6,Coconut oil,Oils & Meals,($/mt),1058.0,-8.4,-20.93,-41.32,8.07,-0.4
2012-07-01,2012,7,Coconut oil,Oils & Meals,($/mt),1070.0,1.13,-20.62,-35.62,15.18,0.53
2012-08-01,2012,8,Coconut oil,Oils & Meals,($/mt),1001.0,-6.45,-13.33,-31.16,10.0,-0.34
2012-09-01,2012,9,Coconut oil,Oils & Meals,($/mt),967.0,-3.4,-8.6,-25.9,3.98,-0.08
2012-10-01,2012,10,Coconut oil,Oils & Meals,($/mt),898.0,-7.14,-16.07,-25.66,-11.09,-0.56
2012-11-01,2012,11,Coconut oil,Oils & Meals,($/mt),848.0,-5.57,-15.28,-42.66,-25.02,-0.39
2012-12-01,2012,12,Coconut oil,Oils & Meals,($/mt),785.0,-7.43,-18.82,-45.67,-31.92,-0.68
2013-01-01,2013,1,Coconut oil,Oils & Meals,($/mt),829.0,5.61,-7.68,-42.87,-35.49,2.35
2013-02-01,2013,2,Coconut oil,Oils & Meals,($/mt),853.0,2.9,0.59,-39.55,-38.28,1.41
2013-03-01,2013,3,Coconut oil,Oils & Meals,($/mt),819.0,-3.99,4.33,-38.79,-44.32,-0.01
2013-04-01,2013,4,Coconut oil,Oils & Meals,($/mt),791.0,-3.42,-4.58,-41.32,-45.18,0.08
2013-05-01,2013,5,Coconut oil,Oils & Meals,($/mt),823.0,4.05,-3.52,-28.74,-45.21,1.52
2013-06-01,2013,6,Coconut oil,Oils & Meals,($/mt),891.0,8.26,8.79,-15.78,-42.55,2.25
2013-07-01,2013,7,Coconut oil,Oils & Meals,($/mt),860.0,-3.48,8.72,-19.63,-40.11,-0.4
2013-08-01,2013,8,Coconut oil,Oils & Meals,($/mt),893.0,3.84,8.51,-10.79,-25.15,1.02
2013-09-01,2013,9,Coconut oil,Oils & Meals,($/mt),985.0,10.3,10.55,1.86,-11.26,2.06
2013-10-01,2013,10,Coconut oil,Oils & Meals,($/mt),986.0,0.1,14.65,9.8,15.19,-0.04
2013-11-01,2013,11,Coconut oil,Oils & Meals,($/mt),1275.0,29.31,42.78,50.35,77.33,4.96
2013-12-01,2013,12,Coconut oil,Oils & Meals,($/mt),1270.0,-0.39,28.93,61.78,71.62,-0.44
2014-01-01,2014,1,Coconut oil,Oils & Meals,($/mt),1269.0,-0.08,28.7,53.08,72.89,-0.5
2014-02-01,2014,2,Coconut oil,Oils & Meals,($/mt),1364.0,7.49,6.98,59.91,102.67,0.39
2014-03-01,2014,3,Coconut oil,Oils & Meals,($/mt),1389.0,1.83,9.37,69.6,122.24,-0.27
2014-04-01,2014,4,Coconut oil,Oils & Meals,($/mt),1356.0,-2.38,6.86,71.43,81.53,-0.81
2014-05-01,2014,5,Coconut oil,Oils & Meals,($/mt),1413.0,4.2,3.59,71.69,67.62,-0.08
2014-06-01,2014,6,Coconut oil,Oils & Meals,($/mt),1393.0,-1.42,0.29,56.34,86.48,-0.72
2014-07-01,2014,7,Coconut oil,Oils & Meals,($/mt),1255.0,-9.91,-7.45,45.93,83.21,-1.57
2014-08-01,2014,8,Coconut oil,Oils & Meals,($/mt),1188.0,-5.34,-15.92,33.03,59.04,-0.93
2014-09-01,2014,9,Coconut oil,Oils & Meals,($/mt),1193.0,0.42,-14.36,21.12,70.19,-0.24
2014-10-01,2014,10,Coconut oil,Oils & Meals,($/mt),1149.0,-3.69,-8.45,16.53,62.75,-0.59
2014-11-01,2014,11,Coconut oil,Oils & Meals,($/mt),1192.0,3.74,0.34,-6.51,63.51,0.21
2014-12-01,2014,12,Coconut oil,Oils & Meals,($/mt),1212.0,1.68,1.59,-4.57,57.81,0.46
2015-01-01,2015,1,Coconut oil,Oils & Meals,($/mt),1146.0,-5.45,-0.26,-9.69,46.17,-1.1
2015-02-01,2015,2,Coconut oil,Oils & Meals,($/mt),1161.0,1.31,-2.6,-14.88,45.49,0.42
2015-03-01,2015,3,Coconut oil,Oils & Meals,($/mt),1091.0,-6.03,-9.98,-21.45,18.46,-1.13
2015-04-01,2015,4,Coconut oil,Oils & Meals,($/mt),1078.0,-1.19,-5.93,-20.5,14.68,0.16
2015-05-01,2015,5,Coconut oil,Oils & Meals,($/mt),1132.0,5.01,-2.5,-19.89,21.46,1.57
2015-06-01,2015,6,Coconut oil,Oils & Meals,($/mt),1124.0,-0.71,3.02,-19.31,13.19,0.23
2015-07-01,2015,7,Coconut oil,Oils & Meals,($/mt),1103.0,-1.87,2.32,-12.11,6.98,-0.04
2015-08-01,2015,8,Coconut oil,Oils & Meals,($/mt),1032.0,-6.44,-8.83,-13.13,-11.79,-1.49
2015-09-01,2015,9,Coconut oil,Oils & Meals,($/mt),1052.0,1.94,-6.41,-11.82,-17.49,0.81
2015-10-01,2015,10,Coconut oil,Oils & Meals,($/mt),1104.0,4.94,0.09,-3.92,-21.81,1.54
2015-11-01,2015,11,Coconut oil,Oils & Meals,($/mt),1071.0,-2.99,3.78,-10.15,-29.17,-0.67
2015-12-01,2015,12,Coconut oil,Oils & Meals,($/mt),1150.0,7.38,9.32,-5.12,-32.94,2.07
2016-01-01,2016,1,Coconut oil,Oils & Meals,($/mt),1152.0,0.17,4.35,0.52,-43.47,0.11
2016-02-01,2016,2,Coconut oil,Oils & Meals,($/mt),1219.0,5.82,13.82,5.0,-45.97,1.33
2016-03-01,2016,3,Coconut oil,Oils & Meals,($/mt),1440.0,18.13,25.22,31.99,-25.19,3.85
2016-04-01,2016,4,Coconut oil,Oils & Meals,($/mt),1581.0,9.79,37.24,46.66,-24.32,1.14
2016-05-01,2016,5,Coconut oil,Oils & Meals,($/mt),1440.0,-8.92,18.13,27.21,-31.33,-1.87
2016-06-01,2016,6,Coconut oil,Oils & Meals,($/mt),1548.0,7.5,7.5,37.72,-14.14,0.7
2016-07-01,2016,7,Coconut oil,Oils & Meals,($/mt),1515.0,-2.13,-4.17,37.35,-8.84,-0.67
2016-08-01,2016,8,Coconut oil,Oils & Meals,($/mt),1575.0,3.96,9.38,52.62,8.32,0.14
2016-09-01,2016,9,Coconut oil,Oils & Meals,($/mt),1557.0,-1.14,0.58,48.0,19.31,-0.71
2016-10-01,2016,10,Coconut oil,Oils & Meals,($/mt),1474.0,-5.33,-2.71,33.51,22.02,-1.25
2016-11-01,2016,11,Coconut oil,Oils & Meals,($/mt),1553.0,5.36,-1.4,45.0,5.0,0.36
2016-12-01,2016,12,Coconut oil,Oils & Meals,($/mt),1727.0,11.2,10.92,50.17,19.52,1.07
2017-01-01,2017,1,Coconut oil,Oils & Meals,($/mt),1819.0,5.33,23.41,57.9,25.36,0.21
2017-02-01,2017,2,Coconut oil,Oils & Meals,($/mt),1688.0,-7.2,8.69,38.47,19.63,-1.51
2017-03-01,2017,3,Coconut oil,Oils & Meals,($/mt),1542.0,-8.65,-10.71,7.08,15.25,-1.43
2017-04-01,2017,4,Coconut oil,Oils & Meals,($/mt),1590.0,3.11,-12.59,0.57,17.95,0.32
2017-05-01,2017,5,Coconut oil,Oils & Meals,($/mt),1719.0,8.11,1.84,19.38,48.83,1.16
2017-06-01,2017,6,Coconut oil,Oils & Meals,($/mt),1870.0,8.78,21.27,20.8,76.75,1.1
2017-07-01,2017,7,Coconut oil,Oils & Meals,($/mt),1644.0,-12.09,3.4,8.51,53.64,-2.11
2017-08-01,2017,8,Coconut oil,Oils & Meals,($/mt),1845.0,12.23,7.33,17.14,84.32,1.47
2017-09-01,2017,9,Coconut oil,Oils & Meals,($/mt),1601.0,-13.22,-14.39,2.83,65.56,-1.79
2017-10-01,2017,10,Coconut oil,Oils & Meals,($/mt),1485.0,-7.25,-9.67,0.75,65.37,-0.85
2017-11-01,2017,11,Coconut oil,Oils & Meals,($/mt),1554.0,4.65,-15.77,0.06,83.25,0.44
2017-12-01,2017,12,Coconut oil,Oils & Meals,($/mt),1451.0,-6.63,-9.37,-15.98,84.84,-0.75
2018-01-01,2018,1,Coconut oil,Oils & Meals,($/mt),1394.0,-3.93,-6.13,-23.36,68.15,-0.32
2018-02-01,2018,2,Coconut oil,Oils & Meals,($/mt),1244.0,-10.76,-19.95,-26.3,45.84,-1.02
2018-03-01,2018,3,Coconut oil,Oils & Meals,($/mt),1119.0,-10.05,-22.88,-27.43,36.63,-0.88
2018-04-01,2018,4,Coconut oil,Oils & Meals,($/mt),1131.0,1.07,-18.87,-28.87,42.98,0.37
2018-05-01,2018,5,Coconut oil,Oils & Meals,($/mt),1028.0,-9.11,-17.36,-40.2,24.91,-0.74
2018-06-01,2018,6,Coconut oil,Oils & Meals,($/mt),931.0,-9.44,-16.8,-50.21,4.49,-0.65
2018-07-01,2018,7,Coconut oil,Oils & Meals,($/mt),916.0,-1.61,-19.01,-44.28,6.51,0.49
2018-08-01,2018,8,Coconut oil,Oils & Meals,($/mt),915.0,-0.11,-10.99,-50.41,2.46,0.59
2018-09-01,2018,9,Coconut oil,Oils & Meals,($/mt),897.0,-1.97,-3.65,-43.97,-8.93,0.65
2018-10-01,2018,10,Coconut oil,Oils & Meals,($/mt),830.0,-7.47,-9.39,-44.11,-15.82,-0.57
2018-11-01,2018,11,Coconut oil,Oils & Meals,($/mt),759.0,-8.55,-17.05,-51.16,-40.47,-0.78
2018-12-01,2018,12,Coconut oil,Oils & Meals,($/mt),796.0,4.87,-11.26,-45.14,-37.32,2.53
2019-01-01,2019,1,Coconut oil,Oils & Meals,($/mt),773.0,-2.89,-6.87,-44.55,-39.09,0.36
2019-02-01,2019,2,Coconut oil,Oils & Meals,($/mt),710.0,-8.15,-6.46,-42.93,-47.95,-0.67
2019-03-01,2019,3,Coconut oil,Oils & Meals,($/mt),679.0,-4.37,-14.7,-39.32,-51.12,0.02
2019-04-01,2019,4,Coconut oil,Oils & Meals,($/mt),669.0,-1.47,-13.45,-40.85,-50.66,0.54
2019-05-01,2019,5,Coconut oil,Oils & Meals,($/mt),661.0,-1.2,-6.9,-35.7,-53.22,0.67
2019-06-01,2019,6,Coconut oil,Oils & Meals,($/mt),636.0,-3.78,-6.33,-31.69,-54.34,-0.06
2019-07-01,2019,7,Coconut oil,Oils & Meals,($/mt),657.0,3.3,-1.79,-28.28,-47.65,1.67
2019-08-01,2019,8,Coconut oil,Oils & Meals,($/mt),719.0,9.44,8.77,-21.42,-39.48,2.87
2019-09-01,2019,9,Coconut oil,Oils & Meals,($/mt),724.0,0.7,13.84,-19.29,-39.31,0.47
2019-10-01,2019,10,Coconut oil,Oils & Meals,($/mt),720.0,-0.55,9.59,-13.25,-37.34,0.2
2019-11-01,2019,11,Coconut oil,Oils & Meals,($/mt),849.0,17.92,18.08,11.86,-28.78,3.66
2019-12-01,2019,12,Coconut oil,Oils & Meals,($/mt),1031.0,21.44,42.4,29.52,-14.93,2.89
2020-01-01,2020,1,Coconut oil,Oils & Meals,($/mt),1004.0,-2.62,39.44,29.88,-12.39,-0.56
2020-02-01,2020,2,Coconut oil,Oils & Meals,($/mt),844.0,-15.94,-0.59,18.87,-27.3,-2.03
2020-03-01,2020,3,Coconut oil,Oils & Meals,($/mt),838.0,-0.71,-18.72,23.42,-23.19,-0.26
2020-04-01,2020,4,Coconut oil,Oils & Meals,($/mt),835.0,-0.36,-16.83,24.81,-22.54,-0.26
2020-05-01,2020,5,Coconut oil,Oils & Meals,($/mt),832.0,-0.36,-1.42,25.87,-26.5,-0.27
2020-06-01,2020,6,Coconut oil,Oils & Meals,($/mt),916.0,10.1,9.31,44.03,-18.51,0.78
2020-07-01,2020,7,Coconut oil,Oils & Meals,($/mt),888.0,-3.06,6.35,35.16,-19.49,-0.66
2020-08-01,2020,8,Coconut oil,Oils & Meals,($/mt),981.0,10.47,17.91,36.44,-4.94,0.74
2020-09-01,2020,9,Coconut oil,Oils & Meals,($/mt),1034.0,5.4,12.88,42.82,-1.71,0.23
2020-10-01,2020,10,Coconut oil,Oils & Meals,($/mt),1118.0,8.12,25.9,55.28,1.27,0.45
2020-11-01,2020,11,Coconut oil,Oils & Meals,($/mt),1369.0,22.45,39.55,61.25,27.82,1.79
2020-12-01,2020,12,Coconut oil,Oils & Meals,($/mt),1465.0,7.01,41.68,42.1,27.39,0.22
2021-01-01,2021,1,Coconut oil,Oils & Meals,($/mt),1463.0,-0.14,30.86,45.72,27.0,-0.37
2021-02-01,2021,2,Coconut oil,Oils & Meals,($/mt),1445.0,-1.23,5.55,71.21,18.54,-0.51
2021-03-01,2021,3,Coconut oil,Oils & Meals,($/mt),1541.0,6.64,5.19,83.89,7.01,0.25
2021-04-01,2021,4,Coconut oil,Oils & Meals,($/mt),1660.0,7.72,13.47,98.8,5.0,0.32
2021-05-01,2021,5,Coconut oil,Oils & Meals,($/mt),1715.0,3.31,18.69,106.13,19.1,-0.4
2021-06-01,2021,6,Coconut oil,Oils & Meals,($/mt),1671.0,-2.57,8.44,82.42,7.95,-1.34
2021-07-01,2021,7,Coconut oil,Oils & Meals,($/mt),1584.0,-5.21,-4.58,78.38,4.55,-1.5
2021-08-01,2021,8,Coconut oil,Oils & Meals,($/mt),1494.0,-5.68,-12.89,52.29,-5.14,-1.48
2021-09-01,2021,9,Coconut oil,Oils & Meals,($/mt),1485.0,-0.6,-11.13,43.62,-4.62,-0.57
2021-10-01,2021,10,Coconut oil,Oils & Meals,($/mt),1923.0,29.49,21.4,72.0,30.46,3.35
2021-11-01,2021,11,Coconut oil,Oils & Meals,($/mt),1961.0,1.98,31.26,43.24,26.27,-0.29
2021-12-01,2021,12,Coconut oil,Oils & Meals,($/mt),1696.0,-13.51,14.21,15.77,-1.8,-1.8
2022-01-01,2022,1,Coconut oil,Oils & Meals,($/mt),2016.0,18.87,4.84,37.8,10.83,1.64
2022-02-01,2022,2,Coconut oil,Oils & Meals,($/mt),2148.0,6.55,9.54,48.65,27.25,0.28
2022-03-01,2022,3,Coconut oil,Oils & Meals,($/mt),2230.0,3.82,31.49,44.71,44.62,-0.01
2022-04-01,2022,4,Coconut oil,Oils & Meals,($/mt),2095.0,-6.05,3.92,26.2,31.76,-0.85
2022-05-01,2022,5,Coconut oil,Oils & Meals,($/mt),1813.0,-13.46,-15.6,5.71,5.47,-1.37
2022-06-01,2022,6,Coconut oil,Oils & Meals,($/mt),1701.0,-6.18,-23.72,1.8,-9.04,-0.58
2022-07-01,2022,7,Coconut oil,Oils & Meals,($/mt),1541.0,-9.41,-26.44,-2.71,-6.27,-0.81
2022-08-01,2022,8,Coconut oil,Oils & Meals,($/mt),1385.0,-10.12,-23.61,-7.3,-24.93,-0.82
2022-09-01,2022,9,Coconut oil,Oils & Meals,($/mt),1248.0,-9.89,-26.63,-15.96,-22.05,-0.76
2022-10-01,2022,10,Coconut oil,Oils & Meals,($/mt),1108.0,-11.22,-28.1,-42.38,-25.39,-0.78
2022-11-01,2022,11,Coconut oil,Oils & Meals,($/mt),1173.0,5.87,-15.31,-40.18,-24.52,1.0
2022-12-01,2022,12,Coconut oil,Oils & Meals,($/mt),1158.0,-1.28,-7.21,-31.72,-20.19,0.24
2023-01-01,2023,1,Coconut oil,Oils & Meals,($/mt),1079.0,-6.82,-2.62,-46.48,-22.6,-0.42
2023-02-01,2023,2,Coconut oil,Oils & Meals,($/mt),1087.0,0.74,-7.33,-49.39,-12.62,0.81
2023-03-01,2023,3,Coconut oil,Oils & Meals,($/mt),1115.0,2.58,-3.71,-50.0,-0.36,1.27
2023-04-01,2023,4,Coconut oil,Oils & Meals,($/mt),1074.0,-3.68,-0.46,-48.74,-5.04,0.29
2023-05-01,2023,5,Coconut oil,Oils & Meals,($/mt),1048.0,-2.42,-3.59,-42.2,1.95,0.46
2023-06-01,2023,6,Coconut oil,Oils & Meals,($/mt),1013.0,-3.34,-9.15,-40.45,8.81,0.18
2023-07-01,2023,7,Coconut oil,Oils & Meals,($/mt),1047.0,3.36,-2.51,-32.06,14.3,1.35
2023-08-01,2023,8,Coconut oil,Oils & Meals,($/mt),1099.0,4.97,4.87,-20.65,20.11,1.42
2023-09-01,2023,9,Coconut oil,Oils & Meals,($/mt),1072.0,-2.46,5.82,-14.1,19.51,-0.12
2023-10-01,2023,10,Coconut oil,Oils & Meals,($/mt),1046.0,-2.43,-0.1,-5.6,26.02,-0.26
2023-11-01,2023,11,Coconut oil,Oils & Meals,($/mt),1115.0,6.6,1.46,-4.94,46.9,1.8
2023-12-01,2023,12,Coconut oil,Oils & Meals,($/mt),1109.0,-0.54,3.45,-4.23,39.32,-0.05
2024-01-01,2024,1,Coconut oil,Oils & Meals,($/mt),1131.0,1.98,8.13,4.82,46.31,0.57
2024-02-01,2024,2,Coconut oil,Oils & Meals,($/mt),1172.0,3.63,5.11,7.82,65.07,0.92
2024-03-01,2024,3,Coconut oil,Oils & Meals,($/mt),1288.0,9.9,16.14,15.52,89.69,2.58
2024-04-01,2024,4,Coconut oil,Oils & Meals,($/mt),1425.0,10.64,25.99,32.68,113.0,2.1
2024-05-01,2024,5,Coconut oil,Oils & Meals,($/mt),1402.0,-1.61,19.62,33.78,112.1,-0.84
2024-06-01,2024,6,Coconut oil,Oils & Meals,($/mt),1398.0,-0.29,8.54,38.01,119.81,-0.59
2024-07-01,2024,7,Coconut oil,Oils & Meals,($/mt),1474.0,5.44,3.44,40.78,124.35,0.58
2024-08-01,2024,8,Coconut oil,Oils & Meals,($/mt),1619.0,9.84,15.48,47.32,125.17,1.49
2024-09-01,2024,9,Coconut oil,Oils & Meals,($/mt),1736.0,7.23,24.18,61.94,139.78,0.77
2024-10-01,2024,10,Coconut oil,Oils & Meals,($/mt),1728.0,-0.46,17.23,65.2,140.0,-0.98
2024-11-01,2024,11,Coconut oil,Oils & Meals,($/mt),1879.0,8.74,16.06,68.52,121.32,0.97
2024-12-01,2024,12,Coconut oil,Oils & Meals,($/mt),1973.0,5.0,13.65,77.91,91.37,0.1
2025-01-01,2025,1,Coconut oil,Oils & Meals,($/mt),1978.0,0.25,14.47,74.89,97.01,-1.08
2025-02-01,2025,2,Coconut oil,Oils & Meals,($/mt),1990.0,0.61,5.91,69.8,135.78,-0.94
2025-03-01,2025,3,Coconut oil,Oils & Meals,($/mt),2356.0,18.39,19.41,82.92,181.15,2.95
2025-04-01,2025,4,Coconut oil,Oils & Meals,($/mt),2483.0,5.39,25.53,74.25,197.37,0.01
2025-05-01,2025,5,Coconut oil,Oils & Meals,($/mt),2767.0,11.44,39.05,97.36,232.57,1.14
2025-06-01,2025,6,Coconut oil,Oils & Meals,($/mt),2699.0,-2.46,14.56,93.06,194.65,-1.49
2025-07-01,2025,7,Coconut oil,Oils & Meals,($/mt),2841.0,5.26,14.42,92.74,219.93,-0.09
2025-08-01,2025,8,Coconut oil,Oils & Meals,($/mt),2742.0,-3.48,-0.9,69.36,179.51,-1.57
2025-09-01,2025,9,Coconut oil,Oils & Meals,($/mt),2597.0,-5.29,-3.78,49.6,151.16,-1.58
2025-10-01,2025,10,Coconut oil,Oils & Meals,($/mt),2547.0,-1.93,-10.35,47.4,127.82,-0.81
2025-11-01,2025,11,Coconut oil,Oils & Meals,($/mt),2440.0,-4.2,-11.01,29.86,78.23,-1.11
2025-12-01,2025,12,Coconut oil,Oils & Meals,($/mt),2323.0,-4.8,-10.55,17.74,58.57,-1.02
2026-01-01,2026,1,Coconut oil,Oils & Meals,($/mt),2197.0,-5.42,-13.74,11.07,50.17,-0.96
2026-02-01,2026,2,Coconut oil,Oils & Meals,($/mt),2259.0,2.82,-7.42,13.52,56.33,0.22
2026-03-01,2026,3,Coconut oil,Oils & Meals,($/mt),2349.0,3.98,1.12,-0.3,52.43,0.35
2026-04-01,2026,4,Coconut oil,Oils & Meals,($/mt),2332.0,-0.72,6.14,-6.08,40.48,-0.15
2026-05-01,2026,5,Coconut oil,Oils & Meals,($/mt),2172.0,-6.86,-3.85,-21.5,26.65,-1.24
2026-06-01,2026,6,Coconut oil,Oils & Meals,($/mt),1979.0,-8.89,-15.75,-26.68,18.43,-1.75
2026-07-01,2026,7,Coconut oil,Oils & Meals,($/mt),1924.0,-2.78,-17.5,-32.28,21.46,-0.07
2026-08-01,2026,8,Coconut oil,Oils & Meals,($/mt),1981.0,2.96,-8.79,-27.75,32.6,1.63
2026-09-01,2026,9,Coconut oil,Oils & Meals,($/mt),2083.0,5.15,5.26,-19.79,40.27,1.87
1960-01-01,1960,1,"Coffee, Arabica",Beverages,($/kg),0.94,,,,,
1960-02-01,1960,2,"Coffee, Arabica",Beverages,($/kg),0.95,1.06,,,,
1960-03-01,1960,3,"Coffee, Arabica",Beverages,($/kg),0.93,-2.11,,,,
1960-04-01,1960,4,"Coffee, Arabica",Beverages,($/kg),0.93,0.0,-1.06,,,
1960-05-01,1960,5,"Coffee, Arabica",Beverages,($/kg),0.92,-1.08,-3.16,,,
1960-06-01,1960,6,"Coffee, Arabica",Beverages,($/kg),0.91,-1.09,-2.15,,,
1960-07-01,1960,7,"Coffee, Arabica",Beverages,($/kg),0.92,1.1,-1.08,,,
1960-08-01,1960,8,"Coffee, Arabica",Beverages,($/kg),0.93,1.09,1.09,,,1.11
1960-09-01,1960,9,"Coffee, Arabica",Beverages,($/kg),0.92,-1.08,1.1,,,-0.72
1960-10-01,1960,10,"Coffee, Arabica",Beverages,($/kg),0.92,0.0,0.0,,,0.21
1960-11-01,1960,11,"Coffee, Arabica",Beverages,($/kg),0.91,-1.09,-2.15,,,-0.73
1960-12-01,1960,12,"Coffee, Arabica",Beverages,($/kg),0.9,-1.1,-2.17,,,-0.69
1961-01-01,1961,1,"Coffee, Arabica",Beverages,($/kg),0.91,1.11,-1.09,-3.19,,1.36
1961-02-01,1961,2,"Coffee, Arabica",Beverages,($/kg),0.92,1.1,1.1,-3.16,,1.2
1961-03-01,1961,3,"Coffee, Arabica",Beverages,($/kg),0.91,-1.09,1.11,-2.15,,-0.72
1961-04-01,1961,4,"Coffee, Arabica",Beverages,($/kg),0.9,-1.1,-1.1,-3.23,,-0.9
1961-05-01,1961,5,"Coffee, Arabica",Beverages,($/kg),0.89,-1.11,-3.26,-3.26,,-0.8
1961-06-01,1961,6,"Coffee, Arabica",Beverages,($/kg),0.89,0.0,-2.2,-2.2,,0.26
1961-07-01,1961,7,"Coffee, Arabica",Beverages,($/kg),0.89,0.0,-1.11,-3.26,,0.18
1961-08-01,1961,8,"Coffee, Arabica",Beverages,($/kg),0.89,0.0,0.0,-4.3,,0.29
1961-09-01,1961,9,"Coffee, Arabica",Beverages,($/kg),0.89,0.0,0.0,-3.26,,0.42
1961-10-01,1961,10,"Coffee, Arabica",Beverages,($/kg),0.89,0.0,0.0,-3.26,,0.33
1961-11-01,1961,11,"Coffee, Arabica",Beverages,($/kg),0.88,-1.12,-1.12,-3.3,,-1.03
1961-12-01,1961,12,"Coffee, Arabica",Beverages,($/kg),0.88,0.0,-1.12,-2.22,,0.33
1962-01-01,1962,1,"Coffee, Arabica",Beverages,($/kg),0.88,0.0,-1.12,-3.3,,0.23
1962-02-01,1962,2,"Coffee, Arabica",Beverages,($/kg),0.88,0.0,0.0,-4.35,,0.4
1962-03-01,1962,3,"Coffee, Arabica",Beverages,($/kg),0.86,-2.27,-2.27,-5.49,,-3.5
1962-04-01,1962,4,"Coffee, Arabica",Beverages,($/kg),0.85,-1.16,-3.41,-5.56,,-0.92
1962-05-01,1962,5,"Coffee, Arabica",Beverages,($/kg),0.83,-2.35,-5.68,-6.74,,-2.48
1962-06-01,1962,6,"Coffee, Arabica",Beverages,($/kg),0.8,-3.61,-6.98,-10.11,,-3.3
1962-07-01,1962,7,"Coffee, Arabica",Beverages,($/kg),0.81,1.25,-4.71,-8.99,,1.7
1962-08-01,1962,8,"Coffee, Arabica",Beverages,($/kg),0.82,1.23,-1.2,-7.87,,1.46
1962-09-01,1962,9,"Coffee, Arabica",Beverages,($/kg),0.83,1.22,3.75,-6.74,,1.28
1962-10-01,1962,10,"Coffee, Arabica",Beverages,($/kg),0.81,-2.41,0.0,-8.99,,-1.17
1962-11-01,1962,11,"Coffee, Arabica",Beverages,($/kg),0.81,0.0,-1.22,-7.95,,0.47
1962-12-01,1962,12,"Coffee, Arabica",Beverages,($/kg),0.82,1.23,-1.2,-6.82,,1.16
1963-01-01,1963,1,"Coffee, Arabica",Beverages,($/kg),0.83,1.22,2.47,-5.68,,1.03
1963-02-01,1963,2,"Coffee, Arabica",Beverages,($/kg),0.8,-3.61,-1.23,-9.09,,-1.74
1963-03-01,1963,3,"Coffee, Arabica",Beverages,($/kg),0.81,1.25,-1.22,-5.81,,1.01
1963-04-01,1963,4,"Coffee, Arabica",Beverages,($/kg),0.81,0.0,-2.41,-4.71,,0.24
1963-05-01,1963,5,"Coffee, Arabica",Beverages,($/kg),0.8,-1.23,0.0,-3.61,,-0.42
1963-06-01,1963,6,"Coffee, Arabica",Beverages,($/kg),0.8,0.0,-1.23,0.0,,0.15
1963-07-01,1963,7,"Coffee, Arabica",Beverages,($/kg),0.81,1.25,0.0,0.0,,0.76
1963-08-01,1963,8,"Coffee, Arabica",Beverages,($/kg),0.8,-1.23,0.0,-2.44,,-0.76
1963-09-01,1963,9,"Coffee, Arabica",Beverages,($/kg),0.8,0.0,0.0,-3.61,,0.12
1963-10-01,1963,10,"Coffee, Arabica",Beverages,($/kg),0.8,0.0,-1.23,-1.23,,0.19
1963-11-01,1963,11,"Coffee, Arabica",Beverages,($/kg),0.81,1.25,1.25,0.0,,0.95
1963-12-01,1963,12,"Coffee, Arabica",Beverages,($/kg),0.8,-1.23,0.0,-2.44,,-0.85
1964-01-01,1964,1,"Coffee, Arabica",Beverages,($/kg),0.93,16.25,16.25,12.05,,11.29
1964-02-01,1964,2,"Coffee, Arabica",Beverages,($/kg),0.94,1.08,16.05,17.5,,0.0
1964-03-01,1964,3,"Coffee, Arabica",Beverages,($/kg),1.04,10.64,30.0,28.4,,1.93
1964-04-01,1964,4,"Coffee, Arabica",Beverages,($/kg),1.0,-3.85,7.53,23.46,,-1.12
1964-05-01,1964,5,"Coffee, Arabica",Beverages,($/kg),1.02,2.0,8.51,27.5,,0.02
1964-06-01,1964,6,"Coffee, Arabica",Beverages,($/kg),1.01,-0.98,-2.88,26.25,,-0.56
1964-07-01,1964,7,"Coffee, Arabica",Beverages,($/kg),1.02,0.99,2.0,25.93,,-0.2
1964-08-01,1964,8,"Coffee, Arabica",Beverages,($/kg),1.05,2.94,2.94,31.25,,0.15
1964-09-01,1964,9,"Coffee, Arabica",Beverages,($/kg),1.04,-0.95,2.97,30.0,,-0.61
1964-10-01,1964,10,"Coffee, Arabica",Beverages,($/kg),1.04,0.0,1.96,30.0,,-0.42
1964-11-01,1964,11,"Coffee, Arabica",Beverages,($/kg),1.03,-0.96,-1.9,27.16,,-0.59
1964-12-01,1964,12,"Coffee, Arabica",Beverages,($/kg),1.01,-1.94,-2.88,26.25,,-0.72
1965-01-01,1965,1,"Coffee, Arabica",Beverages,($/kg),1.01,0.0,-2.88,8.6,7.45,-0.37
1965-02-01,1965,2,"Coffee, Arabica",Beverages,($/kg),1.04,2.97,0.97,10.64,9.47,0.62
1965-03-01,1965,3,"Coffee, Arabica",Beverages,($/kg),0.99,-4.81,-1.98,-4.81,6.45,-1.56
1965-04-01,1965,4,"Coffee, Arabica",Beverages,($/kg),0.97,-2.02,-3.96,-3.0,4.3,-0.67
1965-05-01,1965,5,"Coffee, Arabica",Beverages,($/kg),0.96,-1.03,-7.69,-5.88,4.35,-0.36
1965-06-01,1965,6,"Coffee, Arabica",Beverages,($/kg),0.98,2.08,-1.01,-2.97,7.69,1.2
1965-07-01,1965,7,"Coffee, Arabica",Beverages,($/kg),0.98,0.0,1.03,-3.92,6.52,0.1
1965-08-01,1965,8,"Coffee, Arabica",Beverages,($/kg),1.0,2.04,4.17,-4.76,7.53,1.06
1965-09-01,1965,9,"Coffee, Arabica",Beverages,($/kg),1.0,0.0,2.04,-3.85,8.7,0.18
1965-10-01,1965,10,"Coffee, Arabica",Beverages,($/kg),1.01,1.0,3.06,-2.88,9.78,0.62
1965-11-01,1965,11,"Coffee, Arabica",Beverages,($/kg),1.03,1.98,3.0,0.0,13.19,1.03
1965-12-01,1965,12,"Coffee, Arabica",Beverages,($/kg),1.03,0.0,3.0,1.98,14.44,-0.01
1966-01-01,1966,1,"Coffee, Arabica",Beverages,($/kg),1.01,-1.94,0.0,0.0,10.99,-1.0
1966-02-01,1966,2,"Coffee, Arabica",Beverages,($/kg),0.97,-3.96,-5.83,-6.73,5.43,-1.79
1966-03-01,1966,3,"Coffee, Arabica",Beverages,($/kg),0.95,-2.06,-7.77,-4.04,4.4,-0.66
1966-04-01,1966,4,"Coffee, Arabica",Beverages,($/kg),0.95,0.0,-5.94,-2.06,5.56,0.17
1966-05-01,1966,5,"Coffee, Arabica",Beverages,($/kg),0.95,0.0,-2.06,-1.04,6.74,0.08
1966-06-01,1966,6,"Coffee, Arabica",Beverages,($/kg),0.92,-3.16,-3.16,-6.12,3.37,-1.68
1966-07-01,1966,7,"Coffee, Arabica",Beverages,($/kg),0.92,0.0,-3.16,-6.12,3.37,0.27
1966-08-01,1966,8,"Coffee, Arabica",Beverages,($/kg),0.92,0.0,-3.16,-8.0,3.37,0.27
1966-09-01,1966,9,"Coffee, Arabica",Beverages,($/kg),0.9,-2.17,-2.17,-10.0,1.12,-0.86
1966-10-01,1966,10,"Coffee, Arabica",Beverages,($/kg),0.89,-1.11,-3.26,-11.88,0.0,-0.14
1966-11-01,1966,11,"Coffee, Arabica",Beverages,($/kg),0.89,0.0,-3.26,-13.59,1.14,0.62
1966-12-01,1966,12,"Coffee, Arabica",Beverages,($/kg),0.87,-2.25,-3.33,-15.53,-1.14,-0.73
1967-01-01,1967,1,"Coffee, Arabica",Beverages,($/kg),0.85,-2.3,-4.49,-15.84,-3.41,-0.65
1967-02-01,1967,2,"Coffee, Arabica",Beverages,($/kg),0.84,-1.18,-5.62,-13.4,-4.55,0.17
1967-03-01,1967,3,"Coffee, Arabica",Beverages,($/kg),0.82,-2.38,-5.75,-13.68,-4.65,-1.02
1967-04-01,1967,4,"Coffee, Arabica",Beverages,($/kg),0.85,3.66,0.0,-10.53,0.0,4.08
1967-05-01,1967,5,"Coffee, Arabica",Beverages,($/kg),0.89,4.71,5.95,-6.32,7.23,3.07
1967-06-01,1967,6,"Coffee, Arabica",Beverages,($/kg),0.91,2.25,10.98,-1.09,13.75,1.13
1967-07-01,1967,7,"Coffee, Arabica",Beverages,($/kg),0.9,-1.1,5.88,-2.17,11.11,-0.43
1967-08-01,1967,8,"Coffee, Arabica",Beverages,($/kg),0.88,-2.22,-1.12,-4.35,7.32,-0.85
1967-09-01,1967,9,"Coffee, Arabica",Beverages,($/kg),0.86,-2.27,-5.49,-4.44,3.61,-0.77
1967-10-01,1967,10,"Coffee, Arabica",Beverages,($/kg),0.85,-1.16,-5.56,-4.49,4.94,-0.32
1967-11-01,1967,11,"Coffee, Arabica",Beverages,($/kg),0.87,2.35,-1.14,-2.25,7.41,1.08
1967-12-01,1967,12,"Coffee, Arabica",Beverages,($/kg),0.85,-2.3,-1.16,-2.3,3.66,-0.82
1968-01-01,1968,1,"Coffee, Arabica",Beverages,($/kg),0.87,2.35,2.35,2.35,4.82,0.96
1968-02-01,1968,2,"Coffee, Arabica",Beverages,($/kg),0.87,0.0,0.0,3.57,8.75,-0.09
1968-03-01,1968,3,"Coffee, Arabica",Beverages,($/kg),0.88,1.15,3.53,7.32,8.64,0.32
1968-04-01,1968,4,"Coffee, Arabica",Beverages,($/kg),0.89,1.14,2.3,4.71,9.88,0.21
1968-05-01,1968,5,"Coffee, Arabica",Beverages,($/kg),0.88,-1.12,1.15,-1.12,10.0,-0.67
1968-06-01,1968,6,"Coffee, Arabica",Beverages,($/kg),0.89,1.14,1.14,-2.2,11.25,0.65
1968-07-01,1968,7,"Coffee, Arabica",Beverages,($/kg),0.88,-1.12,-1.12,-2.22,8.64,-0.54
1968-08-01,1968,8,"Coffee, Arabica",Beverages,($/kg),0.87,-1.14,-1.14,-1.14,8.75,-0.55
1968-09-01,1968,9,"Coffee, Arabica",Beverages,($/kg),0.85,-2.3,-4.49,-1.16,6.25,-1.33
1968-10-01,1968,10,"Coffee, Arabica",Beverages,($/kg),0.85,0.0,-3.41,0.0,6.25,0.05
1968-11-01,1968,11,"Coffee, Arabica",Beverages,($/kg),0.85,0.0,-2.3,-2.3,4.94,-0.01
1968-12-01,1968,12,"Coffee, Arabica",Beverages,($/kg),0.83,-2.35,-2.35,-2.35,3.75,-1.49
1969-01-01,1969,1,"Coffee, Arabica",Beverages,($/kg),0.83,0.0,-2.35,-4.6,-10.75,0.13
1969-02-01,1969,2,"Coffee, Arabica",Beverages,($/kg),0.84,1.2,-1.18,-3.45,-10.64,1.29
1969-03-01,1969,3,"Coffee, Arabica",Beverages,($/kg),0.83,-1.19,0.0,-5.68,-20.19,-0.69
1969-04-01,1969,4,"Coffee, Arabica",Beverages,($/kg),0.81,-2.41,-2.41,-8.99,-19.0,-1.54
1969-05-01,1969,5,"Coffee, Arabica",Beverages,($/kg),0.81,0.0,-3.57,-7.95,-20.59,0.62
1969-06-01,1969,6,"Coffee, Arabica",Beverages,($/kg),0.8,-1.23,-3.61,-10.11,-20.79,-0.44
1969-07-01,1969,7,"Coffee, Arabica",Beverages,($/kg),0.78,-2.5,-3.7,-11.36,-23.53,-1.42
1969-08-01,1969,8,"Coffee, Arabica",Beverages,($/kg),0.81,3.85,0.0,-6.9,-22.86,3.92
1969-09-01,1969,9,"Coffee, Arabica",Beverages,($/kg),0.9,11.11,12.5,5.88,-13.46,6.28
1969-10-01,1969,10,"Coffee, Arabica",Beverages,($/kg),1.04,15.56,33.33,22.35,0.0,3.98
1969-11-01,1969,11,"Coffee, Arabica",Beverages,($/kg),1.02,-1.92,25.93,20.0,-0.97,-0.66
1969-12-01,1969,12,"Coffee, Arabica",Beverages,($/kg),1.05,2.94,16.67,26.51,3.96,0.22
1970-01-01,1970,1,"Coffee, Arabica",Beverages,($/kg),1.14,8.57,9.62,37.35,12.87,1.14
1970-02-01,1970,2,"Coffee, Arabica",Beverages,($/kg),1.15,0.88,12.75,36.9,10.58,-0.33
1970-03-01,1970,3,"Coffee, Arabica",Beverages,($/kg),1.17,1.74,11.43,40.96,18.18,-0.18
1970-04-01,1970,4,"Coffee, Arabica",Beverages,($/kg),1.2,2.56,5.26,48.15,23.71,-0.08
1970-05-01,1970,5,"Coffee, Arabica",Beverages,($/kg),1.22,1.67,6.09,50.62,27.08,-0.32
1970-06-01,1970,6,"Coffee, Arabica",Beverages,($/kg),1.21,-0.82,3.42,51.25,23.47,-0.81
1970-07-01,1970,7,"Coffee, Arabica",Beverages,($/kg),1.21,0.0,0.83,55.13,23.47,-0.67
1970-08-01,1970,8,"Coffee, Arabica",Beverages,($/kg),1.18,-2.48,-3.28,45.68,18.0,-1.21
1970-09-01,1970,9,"Coffee, Arabica",Beverages,($/kg),1.16,-1.69,-4.13,28.89,16.0,-0.9
1970-10-01,1970,10,"Coffee, Arabica",Beverages,($/kg),1.12,-3.45,-7.44,7.69,10.89,-1.11
1970-11-01,1970,11,"Coffee, Arabica",Beverages,($/kg),1.03,-8.04,-12.71,0.98,0.0,-2.69
1970-12-01,1970,12,"Coffee, Arabica",Beverages,($/kg),0.98,-4.85,-15.52,-6.67,-4.85,-1.23
1971-01-01,1971,1,"Coffee, Arabica",Beverages,($/kg),1.0,2.04,-10.71,-12.28,-0.99,0.6
1971-02-01,1971,2,"Coffee, Arabica",Beverages,($/kg),0.98,-2.0,-4.85,-14.78,1.03,-0.3
1971-03-01,1971,3,"Coffee, Arabica",Beverages,($/kg),1.01,3.06,3.06,-13.68,6.32,1.37
1971-04-01,1971,4,"Coffee, Arabica",Beverages,($/kg),0.99,-1.98,-1.0,-17.5,4.21,-0.25
1971-05-01,1971,5,"Coffee, Arabica",Beverages,($/kg),1.02,3.03,4.08,-16.39,7.37,1.48
1971-06-01,1971,6,"Coffee, Arabica",Beverages,($/kg),1.0,-1.96,-0.99,-17.36,8.7,-0.16
1971-07-01,1971,7,"Coffee, Arabica",Beverages,($/kg),0.99,-1.0,0.0,-18.18,7.61,0.16
1971-08-01,1971,8,"Coffee, Arabica",Beverages,($/kg),1.01,2.02,-0.98,-14.41,9.78,1.13
1971-09-01,1971,9,"Coffee, Arabica",Beverages,($/kg),0.96,-4.95,-4.0,-17.24,6.67,-1.11
1971-10-01,1971,10,"Coffee, Arabica",Beverages,($/kg),0.94,-2.08,-5.05,-16.07,5.62,-0.16
1971-11-01,1971,11,"Coffee, Arabica",Beverages,($/kg),0.97,3.19,-3.96,-5.83,8.99,1.32
1971-12-01,1971,12,"Coffee, Arabica",Beverages,($/kg),1.02,5.15,6.25,4.08,17.24,1.86
1972-01-01,1972,1,"Coffee, Arabica",Beverages,($/kg),0.99,-2.94,5.32,-1.0,16.47,-1.08
1972-02-01,1972,2,"Coffee, Arabica",Beverages,($/kg),1.0,1.01,3.09,2.04,19.05,0.33
1972-03-01,1972,3,"Coffee, Arabica",Beverages,($/kg),1.02,2.0,0.0,0.99,24.39,0.58
1972-04-01,1972,4,"Coffee, Arabica",Beverages,($/kg),1.01,-0.98,2.02,2.02,18.82,-0.36
1972-05-01,1972,5,"Coffee, Arabica",Beverages,($/kg),1.04,2.97,4.0,1.96,16.85,0.93
1972-06-01,1972,6,"Coffee, Arabica",Beverages,($/kg),1.07,2.88,4.9,7.0,17.58,0.9
1972-07-01,1972,7,"Coffee, Arabica",Beverages,($/kg),1.24,15.89,22.77,25.25,37.78,5.12
1972-08-01,1972,8,"Coffee, Arabica",Beverages,($/kg),1.2,-3.23,15.38,18.81,36.36,-0.99
1972-09-01,1972,9,"Coffee, Arabica",Beverages,($/kg),1.17,-2.5,9.35,21.88,36.05,-0.74
1972-10-01,1972,10,"Coffee, Arabica",Beverages,($/kg),1.18,0.85,-4.84,25.53,38.82,-0.18
1972-11-01,1972,11,"Coffee, Arabica",Beverages,($/kg),1.19,0.85,-0.83,22.68,36.78,-0.23
1972-12-01,1972,12,"Coffee, Arabica",Beverages,($/kg),1.22,2.52,4.27,19.61,43.53,0.13
1973-01-01,1973,1,"Coffee, Arabica",Beverages,($/kg),1.28,4.92,8.47,29.29,47.13,0.66
1973-02-01,1973,2,"Coffee, Arabica",Beverages,($/kg),1.45,13.28,21.85,45.0,66.67,2.25
1973-03-01,1973,3,"Coffee, Arabica",Beverages,($/kg),1.42,-2.07,16.39,39.22,61.36,-0.92
1973-04-01,1973,4,"Coffee, Arabica",Beverages,($/kg),1.29,-9.15,0.78,27.72,44.94,-2.02
1973-05-01,1973,5,"Coffee, Arabica",Beverages,($/kg),1.42,10.08,-2.07,36.54,61.36,1.13
1973-06-01,1973,6,"Coffee, Arabica",Beverages,($/kg),1.41,-0.7,-0.7,31.78,58.43,-0.49
1973-07-01,1973,7,"Coffee, Arabica",Beverages,($/kg),1.36,-3.55,5.43,9.68,54.55,-0.83
1973-08-01,1973,8,"Coffee, Arabica",Beverages,($/kg),1.33,-2.21,-6.34,10.83,52.87,-0.51
1973-09-01,1973,9,"Coffee, Arabica",Beverages,($/kg),1.33,0.0,-5.67,13.68,56.47,-0.17
1973-10-01,1973,10,"Coffee, Arabica",Beverages,($/kg),1.38,3.76,1.47,16.95,62.35,0.42
1973-11-01,1973,11,"Coffee, Arabica",Beverages,($/kg),1.39,0.72,4.51,16.81,63.53,-0.12
1973-12-01,1973,12,"Coffee, Arabica",Beverages,($/kg),1.42,2.16,6.77,16.39,71.08,0.11
1974-01-01,1974,1,"Coffee, Arabica",Beverages,($/kg),1.53,7.75,10.87,19.53,84.34,1.04
1974-02-01,1974,2,"Coffee, Arabica",Beverages,($/kg),1.65,7.84,18.71,13.79,96.43,0.99
1974-03-01,1974,3,"Coffee, Arabica",Beverages,($/kg),1.58,-4.24,11.27,11.27,90.36,-1.0
1974-04-01,1974,4,"Coffee, Arabica",Beverages,($/kg),1.55,-1.9,1.31,20.16,91.36,-0.52
1974-05-01,1974,5,"Coffee, Arabica",Beverages,($/kg),1.57,1.29,-4.85,10.56,93.83,-0.07
1974-06-01,1974,6,"Coffee, Arabica",Beverages,($/kg),1.59,1.27,0.63,12.77,98.75,0.09
1974-07-01,1974,7,"Coffee, Arabica",Beverages,($/kg),1.52,-4.4,-1.94,11.76,94.87,-1.4
1974-08-01,1974,8,"Coffee, Arabica",Beverages,($/kg),1.38,-9.21,-12.1,3.76,70.37,-2.54
1974-09-01,1974,9,"Coffee, Arabica",Beverages,($/kg),1.2,-13.04,-24.53,-9.77,33.33,-2.73
1974-10-01,1974,10,"Coffee, Arabica",Beverages,($/kg),1.25,4.17,-17.76,-9.42,20.19,0.77
1974-11-01,1974,11,"Coffee, Arabica",Beverages,($/kg),1.31,4.8,-5.07,-5.76,28.43,0.86
1974-12-01,1974,12,"Coffee, Arabica",Beverages,($/kg),1.3,-0.76,8.33,-8.45,23.81,-0.07
1975-01-01,1975,1,"Coffee, Arabica",Beverages,($/kg),1.23,-5.38,-1.6,-19.61,7.89,-0.75
1975-02-01,1975,2,"Coffee, Arabica",Beverages,($/kg),1.18,-4.07,-9.92,-28.48,2.61,-0.4
1975-03-01,1975,3,"Coffee, Arabica",Beverages,($/kg),1.1,-6.78,-15.38,-30.38,-5.98,-0.79
1975-04-01,1975,4,"Coffee, Arabica",Beverages,($/kg),1.05,-4.55,-14.63,-32.26,-12.5,-0.32
1975-05-01,1975,5,"Coffee, Arabica",Beverages,($/kg),1.12,6.67,-5.08,-28.66,-8.2,1.81
1975-06-01,1975,6,"Coffee, Arabica",Beverages,($/kg),1.23,9.82,11.82,-22.64,1.65,2.08
1975-07-01,1975,7,"Coffee, Arabica",Beverages,($/kg),1.45,17.89,38.1,-4.61,19.83,2.86
1975-08-01,1975,8,"Coffee, Arabica",Beverages,($/kg),1.84,26.9,64.29,33.33,55.93,3.03
1975-09-01,1975,9,"Coffee, Arabica",Beverages,($/kg),1.78,-3.26,44.72,48.33,53.45,-0.55
1975-10-01,1975,10,"Coffee, Arabica",Beverages,($/kg),1.77,-0.56,22.07,41.6,58.04,-0.42
1975-11-01,1975,11,"Coffee, Arabica",Beverages,($/kg),1.71,-3.39,-7.07,30.53,66.02,-0.65
1975-12-01,1975,12,"Coffee, Arabica",Beverages,($/kg),1.84,7.6,3.37,41.54,87.76,0.46
1976-01-01,1976,1,"Coffee, Arabica",Beverages,($/kg),2.05,11.41,15.82,66.67,105.0,0.75
1976-02-01,1976,2,"Coffee, Arabica",Beverages,($/kg),2.19,6.83,28.07,85.59,123.47,0.19
1976-03-01,1976,3,"Coffee, Arabica",Beverages,($/kg),2.2,0.46,19.57,100.0,117.82,-0.52
1976-04-01,1976,4,"Coffee, Arabica",Beverages,($/kg),2.7,22.73,31.71,157.14,172.73,1.74
1976-05-01,1976,5,"Coffee, Arabica",Beverages,($/kg),2.99,10.74,36.53,166.96,193.14,0.22
1976-06-01,1976,6,"Coffee, Arabica",Beverages,($/kg),3.3,10.37,50.0,168.29,230.0,0.15
1976-07-01,1976,7,"Coffee, Arabica",Beverages,($/kg),3.03,-8.18,12.22,108.97,206.06,-1.74
1976-08-01,1976,8,"Coffee, Arabica",Beverages,($/kg),3.38,11.55,13.04,83.7,234.65,0.45
1976-09-01,1976,9,"Coffee, Arabica",Beverages,($/kg),3.51,3.85,6.36,97.19,265.62,-0.19
1976-10-01,1976,10,"Coffee, Arabica",Beverages,($/kg),3.82,8.83,26.07,115.82,306.38,0.33
1976-11-01,1976,11,"Coffee, Arabica",Beverages,($/kg),4.03,5.5,19.23,135.67,315.46,-0.17
1976-12-01,1976,12,"Coffee, Arabica",Beverages,($/kg),4.57,13.4,30.2,148.37,348.04,0.78
1977-01-01,1977,1,"Coffee, Arabica",Beverages,($/kg),4.83,5.69,26.44,135.61,387.88,-0.32
1977-02-01,1977,2,"Coffee, Arabica",Beverages,($/kg),5.41,12.01,34.24,147.03,441.0,0.58
1977-03-01,1977,3,"Coffee, Arabica",Beverages,($/kg),6.71,24.03,46.83,205.0,557.84,2.1
1977-04-01,1977,4,"Coffee, Arabica",Beverages,($/kg),7.0,4.32,44.93,159.26,593.07,-0.68
1977-05-01,1977,5,"Coffee, Arabica",Beverages,($/kg),6.29,-10.14,16.27,110.37,504.81,-2.47
1977-06-01,1977,6,"Coffee, Arabica",Beverages,($/kg),5.78,-8.11,-13.86,75.15,440.19,-1.61
1977-07-01,1977,7,"Coffee, Arabica",Beverages,($/kg),4.85,-16.09,-30.71,60.07,291.13,-2.12
1977-08-01,1977,8,"Coffee, Arabica",Beverages,($/kg),4.4,-9.28,-30.05,30.18,266.67,-1.23
1977-09-01,1977,9,"Coffee, Arabica",Beverages,($/kg),4.18,-5.0,-27.68,19.09,257.26,-0.67
1977-10-01,1977,10,"Coffee, Arabica",Beverages,($/kg),3.77,-9.81,-22.27,-1.31,219.49,-1.0
1977-11-01,1977,11,"Coffee, Arabica",Beverages,($/kg),4.35,15.38,-1.14,7.94,265.55,1.23
1977-12-01,1977,12,"Coffee, Arabica",Beverages,($/kg),4.47,2.76,6.94,-2.19,266.39,0.11
1978-01-01,1978,1,"Coffee, Arabica",Beverages,($/kg),4.55,1.79,20.69,-5.8,255.47,0.11
1978-02-01,1978,2,"Coffee, Arabica",Beverages,($/kg),4.36,-4.18,0.23,-19.41,200.69,-0.36
1978-03-01,1978,3,"Coffee, Arabica",Beverages,($/kg),3.86,-11.47,-13.65,-42.47,171.83,-0.89
1978-04-01,1978,4,"Coffee, Arabica",Beverages,($/kg),3.94,2.07,-13.41,-43.71,205.43,0.71
1978-05-01,1978,5,"Coffee, Arabica",Beverages,($/kg),3.74,-5.08,-14.22,-40.54,163.38,-0.09
1978-06-01,1978,6,"Coffee, Arabica",Beverages,($/kg),3.71,-0.8,-3.89,-35.81,163.12,0.37
1978-07-01,1978,7,"Coffee, Arabica",Beverages,($/kg),2.95,-20.49,-25.13,-39.18,116.91,-2.06
1978-08-01,1978,8,"Coffee, Arabica",Beverages,($/kg),3.05,3.39,-18.45,-30.68,129.32,0.78
1978-09-01,1978,9,"Coffee, Arabica",Beverages,($/kg),3.42,12.13,-7.82,-18.18,157.14,1.63
1978-10-01,1978,10,"Coffee, Arabica",Beverages,($/kg),3.4,-0.58,15.25,-9.81,146.38,0.06
1978-11-01,1978,11,"Coffee, Arabica",Beverages,($/kg),3.22,-5.29,5.57,-25.98,131.65,-0.51
1978-12-01,1978,12,"Coffee, Arabica",Beverages,($/kg),2.89,-10.25,-15.5,-35.35,103.52,-0.99
1979-01-01,1979,1,"Coffee, Arabica",Beverages,($/kg),2.83,-2.08,-16.76,-37.8,84.97,0.14
1979-02-01,1979,2,"Coffee, Arabica",Beverages,($/kg),2.71,-4.24,-15.84,-37.84,64.24,-0.08
1979-03-01,1979,3,"Coffee, Arabica",Beverages,($/kg),2.87,5.9,-0.69,-25.65,81.65,1.15
1979-04-01,1979,4,"Coffee, Arabica",Beverages,($/kg),3.06,6.62,8.13,-22.34,97.42,1.06
1979-05-01,1979,5,"Coffee, Arabica",Beverages,($/kg),3.3,7.84,21.77,-11.76,110.19,1.12
1979-06-01,1979,6,"Coffee, Arabica",Beverages,($/kg),4.26,29.09,48.43,14.82,167.92,3.35
1979-07-01,1979,7,"Coffee, Arabica",Beverages,($/kg),4.49,5.4,46.73,52.2,195.39,0.29
1979-08-01,1979,8,"Coffee, Arabica",Beverages,($/kg),4.35,-3.12,31.82,42.62,215.22,-0.7
1979-09-01,1979,9,"Coffee, Arabica",Beverages,($/kg),4.57,5.06,7.28,33.63,280.83,0.15
1979-10-01,1979,10,"Coffee, Arabica",Beverages,($/kg),4.62,1.09,2.9,35.88,269.6,-0.18
1979-11-01,1979,11,"Coffee, Arabica",Beverages,($/kg),4.56,-1.3,4.83,41.61,248.09,-0.43
1979-12-01,1979,12,"Coffee, Arabica",Beverages,($/kg),4.28,-6.14,-6.35,48.1,229.23,-0.97
1980-01-01,1980,1,"Coffee, Arabica",Beverages,($/kg),3.81,-10.98,-17.53,34.63,209.76,-1.58
1980-02-01,1980,2,"Coffee, Arabica",Beverages,($/kg),3.71,-2.62,-18.64,36.9,214.41,-0.55
1980-03-01,1980,3,"Coffee, Arabica",Beverages,($/kg),4.12,11.05,-3.74,43.55,274.55,0.8
1980-04-01,1980,4,"Coffee, Arabica",Beverages,($/kg),4.05,-1.7,6.3,32.35,285.71,-0.51
1980-05-01,1980,5,"Coffee, Arabica",Beverages,($/kg),4.23,4.44,14.02,28.18,277.68,0.16
1980-06-01,1980,6,"Coffee, Arabica",Beverages,($/kg),4.05,-4.26,-1.7,-4.93,229.27,-0.66
1980-07-01,1980,7,"Coffee, Arabica",Beverages,($/kg),3.52,-13.09,-13.09,-21.6,142.76,-2.14
1980-08-01,1980,8,"Coffee, Arabica",Beverages,($/kg),3.1,-11.93,-26.71,-28.74,68.48,-1.51
1980-09-01,1980,9,"Coffee, Arabica",Beverages,($/kg),2.86,-7.74,-29.38,-37.42,60.67,-0.71
1980-10-01,1980,10,"Coffee, Arabica",Beverages,($/kg),2.84,-0.7,-19.32,-38.53,60.45,0.41
1980-11-01,1980,11,"Coffee, Arabica",Beverages,($/kg),2.6,-8.45,-16.13,-42.98,52.05,-0.67
1980-12-01,1980,12,"Coffee, Arabica",Beverages,($/kg),2.72,4.62,-4.9,-36.45,47.83,1.27
1981-01-01,1981,1,"Coffee, Arabica",Beverages,($/kg),2.89,6.25,1.76,-24.15,40.98,1.3
1981-02-01,1981,2,"Coffee, Arabica",Beverages,($/kg),2.85,-1.38,9.62,-23.18,30.14,0.08
1981-03-01,1981,3,"Coffee, Arabica",Beverages,($/kg),2.86,0.35,5.15,-30.58,30.0,0.3
1981-04-01,1981,4,"Coffee, Arabica",Beverages,($/kg),2.89,1.05,0.0,-28.64,7.04,0.6
1981-05-01,1981,5,"Coffee, Arabica",Beverages,($/kg),2.83,-2.08,-0.7,-33.1,-5.35,0.08
1981-06-01,1981,6,"Coffee, Arabica",Beverages,($/kg),2.51,-11.31,-12.24,-38.02,-23.94,-1.33
1981-07-01,1981,7,"Coffee, Arabica",Beverages,($/kg),2.67,6.37,-7.61,-24.15,-11.88,1.53
1981-08-01,1981,8,"Coffee, Arabica",Beverages,($/kg),2.78,4.12,-1.77,-10.32,-17.75,0.96
1981-09-01,1981,9,"Coffee, Arabica",Beverages,($/kg),2.8,0.72,11.55,-2.1,-20.23,0.25
1981-10-01,1981,10,"Coffee, Arabica",Beverages,($/kg),3.02,7.86,13.11,6.34,-20.94,1.45
1981-11-01,1981,11,"Coffee, Arabica",Beverages,($/kg),3.18,5.3,14.39,22.31,-21.09,0.78
1981-12-01,1981,12,"Coffee, Arabica",Beverages,($/kg),3.13,-1.57,11.79,15.07,-31.51,-0.65
1982-01-01,1982,1,"Coffee, Arabica",Beverages,($/kg),3.18,1.6,5.3,10.03,-34.16,0.06
1982-02-01,1982,2,"Coffee, Arabica",Beverages,($/kg),3.4,6.92,6.92,19.3,-37.15,1.19
1982-03-01,1982,3,"Coffee, Arabica",Beverages,($/kg),3.22,-5.29,2.88,12.59,-52.01,-1.32
1982-04-01,1982,4,"Coffee, Arabica",Beverages,($/kg),3.12,-3.11,-1.89,7.96,-55.43,-0.76
1982-05-01,1982,5,"Coffee, Arabica",Beverages,($/kg),3.03,-2.88,-10.88,7.07,-51.83,-0.64
1982-06-01,1982,6,"Coffee, Arabica",Beverages,($/kg),3.1,2.31,-3.73,23.51,-46.37,0.27
1982-07-01,1982,7,"Coffee, Arabica",Beverages,($/kg),2.94,-5.16,-5.77,10.11,-39.38,-1.61
1982-08-01,1982,8,"Coffee, Arabica",Beverages,($/kg),2.93,-0.34,-3.3,5.4,-33.41,-0.27
1982-09-01,1982,9,"Coffee, Arabica",Beverages,($/kg),3.0,2.39,-3.23,7.14,-28.23,0.42
1982-10-01,1982,10,"Coffee, Arabica",Beverages,($/kg),3.1,3.33,5.44,2.65,-17.77,0.59
1982-11-01,1982,11,"Coffee, Arabica",Beverages,($/kg),3.05,-1.61,4.1,-4.09,-29.89,-0.48
1982-12-01,1982,12,"Coffee, Arabica",Beverages,($/kg),2.97,-2.62,-1.0,-5.11,-33.56,-0.63
1983-01-01,1983,1,"Coffee, Arabica",Beverages,($/kg),2.87,-3.37,-7.42,-9.75,-36.92,-0.8
1983-02-01,1983,2,"Coffee, Arabica",Beverages,($/kg),2.8,-2.44,-8.2,-17.65,-35.78,-0.44
1983-03-01,1983,3,"Coffee, Arabica",Beverages,($/kg),2.76,-1.43,-7.07,-14.29,-28.5,0.05
1983-04-01,1983,4,"Coffee, Arabica",Beverages,($/kg),2.75,-0.36,-4.18,-11.86,-30.2,0.33
1983-05-01,1983,5,"Coffee, Arabica",Beverages,($/kg),2.83,2.91,1.07,-6.6,-24.33,1.52
1983-06-01,1983,6,"Coffee, Arabica",Beverages,($/kg),2.81,-0.71,1.81,-9.35,-24.26,-0.06
1983-07-01,1983,7,"Coffee, Arabica",Beverages,($/kg),2.83,0.71,2.91,-3.74,-4.07,0.58
1983-08-01,1983,8,"Coffee, Arabica",Beverages,($/kg),2.86,1.06,1.06,-2.39,-6.23,0.61
1983-09-01,1983,9,"Coffee, Arabica",Beverages,($/kg),2.92,2.1,3.91,-2.67,-14.62,1.01
1983-10-01,1983,10,"Coffee, Arabica",Beverages,($/kg),3.1,6.16,9.54,0.0,-8.82,2.86
1983-11-01,1983,11,"Coffee, Arabica",Beverages,($/kg),3.19,2.9,11.54,4.59,-0.93,1.05
1983-12-01,1983,12,"Coffee, Arabica",Beverages,($/kg),3.23,1.25,10.62,8.75,11.76,0.3
1984-01-01,1984,1,"Coffee, Arabica",Beverages,($/kg),3.17,-1.86,2.26,10.45,12.01,-0.99
1984-02-01,1984,2,"Coffee, Arabica",Beverages,($/kg),3.22,1.58,0.94,15.0,18.82,0.29
1984-03-01,1984,3,"Coffee, Arabica",Beverages,($/kg),3.27,1.55,1.24,18.48,13.94,0.16
1984-04-01,1984,4,"Coffee, Arabica",Beverages,($/kg),3.31,1.22,4.42,20.36,8.17,-0.11
1984-05-01,1984,5,"Coffee, Arabica",Beverages,($/kg),3.31,0.0,2.8,16.96,0.3,-0.8
1984-06-01,1984,6,"Coffee, Arabica",Beverages,($/kg),3.25,-1.81,-0.61,15.66,-23.71,-1.59
1984-07-01,1984,7,"Coffee, Arabica",Beverages,($/kg),3.18,-2.15,-3.93,12.37,-29.18,-1.61
1984-08-01,1984,8,"Coffee, Arabica",Beverages,($/kg),3.21,0.94,-3.02,12.24,-26.21,-0.02
1984-09-01,1984,9,"Coffee, Arabica",Beverages,($/kg),3.14,-2.18,-3.38,7.53,-31.29,-1.37
1984-10-01,1984,10,"Coffee, Arabica",Beverages,($/kg),3.02,-3.82,-5.03,-2.58,-34.63,-1.81
1984-11-01,1984,11,"Coffee, Arabica",Beverages,($/kg),3.09,2.32,-3.74,-3.13,-32.24,1.21
1984-12-01,1984,12,"Coffee, Arabica",Beverages,($/kg),3.1,0.32,-1.27,-4.02,-27.57,0.28
1985-01-01,1985,1,"Coffee, Arabica",Beverages,($/kg),3.21,3.55,6.29,1.26,-15.75,1.98
1985-02-01,1985,2,"Coffee, Arabica",Beverages,($/kg),3.18,-0.93,2.91,-1.24,-14.29,-0.49
1985-03-01,1985,3,"Coffee, Arabica",Beverages,($/kg),3.26,2.52,5.16,-0.31,-20.87,1.21
1985-04-01,1985,4,"Coffee, Arabica",Beverages,($/kg),3.12,-4.29,-2.8,-5.74,-22.96,-1.92
1985-05-01,1985,5,"Coffee, Arabica",Beverages,($/kg),3.15,0.96,-0.94,-4.83,-25.53,0.57
1985-06-01,1985,6,"Coffee, Arabica",Beverages,($/kg),3.13,-0.63,-3.99,-3.69,-22.72,-0.1
1985-07-01,1985,7,"Coffee, Arabica",Beverages,($/kg),2.98,-4.79,-4.49,-6.29,-15.34,-1.8
1985-08-01,1985,8,"Coffee, Arabica",Beverages,($/kg),2.94,-1.34,-6.67,-8.41,-5.16,-0.3
1985-09-01,1985,9,"Coffee, Arabica",Beverages,($/kg),2.94,0.0,-6.07,-6.37,2.8,0.25
1985-10-01,1985,10,"Coffee, Arabica",Beverages,($/kg),3.1,5.44,4.03,2.65,9.15,2.19
1985-11-01,1985,11,"Coffee, Arabica",Beverages,($/kg),3.43,10.65,16.67,11.0,31.92,3.47
1985-12-01,1985,12,"Coffee, Arabica",Beverages,($/kg),4.34,26.53,47.62,40.0,59.56,6.05
1986-01-01,1986,1,"Coffee, Arabica",Beverages,($/kg),5.24,20.74,69.03,63.24,81.31,2.07
1986-02-01,1986,2,"Coffee, Arabica",Beverages,($/kg),5.03,-4.01,46.65,58.18,76.49,-0.87
1986-03-01,1986,3,"Coffee, Arabica",Beverages,($/kg),5.28,4.97,21.66,61.96,84.62,0.07
1986-04-01,1986,4,"Coffee, Arabica",Beverages,($/kg),4.98,-5.68,-4.96,59.62,72.32,-1.01
1986-05-01,1986,5,"Coffee, Arabica",Beverages,($/kg),4.66,-6.43,-7.36,47.94,64.66,-1.06
1986-06-01,1986,6,"Coffee, Arabica",Beverages,($/kg),3.9,-16.31,-26.14,24.6,55.38,-1.89
1986-07-01,1986,7,"Coffee, Arabica",Beverages,($/kg),3.8,-2.56,-23.69,27.52,42.32,-0.42
1986-08-01,1986,8,"Coffee, Arabica",Beverages,($/kg),3.83,0.79,-17.81,30.27,37.77,-0.16
1986-09-01,1986,9,"Coffee, Arabica",Beverages,($/kg),4.4,14.88,12.82,49.66,57.14,1.01
1986-10-01,1986,10,"Coffee, Arabica",Beverages,($/kg),3.92,-10.91,3.16,26.45,29.8,-1.21
1986-11-01,1986,11,"Coffee, Arabica",Beverages,($/kg),3.45,-11.99,-9.92,0.58,8.49,-1.12
1986-12-01,1986,12,"Coffee, Arabica",Beverages,($/kg),3.0,-13.04,-31.82,-30.88,-4.15,-1.03
1987-01-01,1987,1,"Coffee, Arabica",Beverages,($/kg),2.72,-9.33,-30.61,-48.09,-14.47,-0.61
1987-02-01,1987,2,"Coffee, Arabica",Beverages,($/kg),2.66,-2.21,-22.9,-47.12,-21.76,0.32
1987-03-01,1987,3,"Coffee, Arabica",Beverages,($/kg),2.29,-13.91,-23.67,-56.63,-28.88,-1.04
1987-04-01,1987,4,"Coffee, Arabica",Beverages,($/kg),2.37,3.49,-12.87,-52.41,-24.04,1.16
1987-05-01,1987,5,"Coffee, Arabica",Beverages,($/kg),2.59,9.28,-2.63,-44.42,-14.52,1.66
1987-06-01,1987,6,"Coffee, Arabica",Beverages,($/kg),2.32,-10.42,1.31,-40.51,-25.16,-0.61
1987-07-01,1987,7,"Coffee, Arabica",Beverages,($/kg),2.2,-5.17,-7.17,-42.11,-25.17,-0.14
1987-08-01,1987,8,"Coffee, Arabica",Beverages,($/kg),2.25,2.27,-13.13,-41.25,-23.21,0.67
1987-09-01,1987,9,"Coffee, Arabica",Beverages,($/kg),2.44,8.44,5.17,-44.55,-18.67,1.3
1987-10-01,1987,10,"Coffee, Arabica",Beverages,($/kg),2.63,7.79,19.55,-32.91,-15.16,1.44
1987-11-01,1987,11,"Coffee, Arabica",Beverages,($/kg),2.79,6.08,24.0,-19.13,-8.52,1.01
1987-12-01,1987,12,"Coffee, Arabica",Beverages,($/kg),2.8,0.36,14.75,-6.67,-5.72,0.2
1988-01-01,1988,1,"Coffee, Arabica",Beverages,($/kg),2.82,0.71,7.22,3.68,-1.74,0.12
1988-02-01,1988,2,"Coffee, Arabica",Beverages,($/kg),3.05,8.16,9.32,14.66,8.93,1.03
1988-03-01,1988,3,"Coffee, Arabica",Beverages,($/kg),3.01,-1.31,7.5,31.44,9.06,-0.36
1988-04-01,1988,4,"Coffee, Arabica",Beverages,($/kg),3.01,0.0,6.74,27.0,9.45,-0.41
1988-05-01,1988,5,"Coffee, Arabica",Beverages,($/kg),3.06,1.66,0.33,18.15,8.13,-0.09
1988-06-01,1988,6,"Coffee, Arabica",Beverages,($/kg),3.17,3.59,5.32,36.64,12.81,0.36
1988-07-01,1988,7,"Coffee, Arabica",Beverages,($/kg),3.13,-1.26,3.99,42.27,10.6,-0.94
1988-08-01,1988,8,"Coffee, Arabica",Beverages,($/kg),2.92,-6.71,-4.58,29.78,2.1,-2.65
1988-09-01,1988,9,"Coffee, Arabica",Beverages,($/kg),3.04,4.11,-4.1,24.59,4.11,0.39
1988-10-01,1988,10,"Coffee, Arabica",Beverages,($/kg),2.95,-2.96,-5.75,12.17,-4.84,-1.14
1988-11-01,1988,11,"Coffee, Arabica",Beverages,($/kg),2.98,1.02,2.05,6.81,-6.58,-0.0
1988-12-01,1988,12,"Coffee, Arabica",Beverages,($/kg),3.25,9.06,6.91,16.07,0.62,2.26
1989-01-01,1989,1,"Coffee, Arabica",Beverages,($/kg),3.36,3.38,13.9,19.15,5.99,0.46
1989-02-01,1989,2,"Coffee, Arabica",Beverages,($/kg),3.09,-8.04,3.69,1.31,-4.04,-2.14
1989-03-01,1989,3,"Coffee, Arabica",Beverages,($/kg),3.1,0.32,-4.62,2.99,-5.2,0.02
1989-04-01,1989,4,"Coffee, Arabica",Beverages,($/kg),3.17,2.26,-5.65,5.32,-4.23,0.4
1989-05-01,1989,5,"Coffee, Arabica",Beverages,($/kg),3.1,-2.21,0.32,1.31,-6.34,-0.58
1989-06-01,1989,6,"Coffee, Arabica",Beverages,($/kg),2.76,-10.97,-10.97,-12.93,-15.08,-2.33
1989-07-01,1989,7,"Coffee, Arabica",Beverages,($/kg),1.94,-29.71,-38.8,-38.02,-38.99,-5.09
1989-08-01,1989,8,"Coffee, Arabica",Beverages,($/kg),1.73,-10.82,-44.19,-40.75,-46.11,-0.74
1989-09-01,1989,9,"Coffee, Arabica",Beverages,($/kg),1.73,0.0,-37.32,-43.09,-44.9,0.36
1989-10-01,1989,10,"Coffee, Arabica",Beverages,($/kg),1.51,-12.72,-22.16,-48.81,-50.0,-0.87
1989-11-01,1989,11,"Coffee, Arabica",Beverages,($/kg),1.56,3.31,-9.83,-47.65,-49.51,0.79
1989-12-01,1989,12,"Coffee, Arabica",Beverages,($/kg),1.6,2.56,-7.51,-50.77,-48.39,0.69
1990-01-01,1990,1,"Coffee, Arabica",Beverages,($/kg),1.68,5.0,11.26,-50.0,-47.66,1.04
1990-02-01,1990,2,"Coffee, Arabica",Beverages,($/kg),1.85,10.12,18.59,-40.13,-41.82,1.53
1990-03-01,1990,3,"Coffee, Arabica",Beverages,($/kg),2.09,12.97,30.62,-32.58,-35.89,1.53
1990-04-01,1990,4,"Coffee, Arabica",Beverages,($/kg),2.09,0.0,24.4,-34.07,-33.01,0.21
1990-05-01,1990,5,"Coffee, Arabica",Beverages,($/kg),2.05,-1.91,10.81,-33.87,-34.92,0.07
1990-06-01,1990,6,"Coffee, Arabica",Beverages,($/kg),1.97,-3.9,-5.74,-28.62,-37.06,-0.1
1990-07-01,1990,7,"Coffee, Arabica",Beverages,($/kg),1.91,-3.05,-8.61,-1.55,-35.91,-0.08
1990-08-01,1990,8,"Coffee, Arabica",Beverages,($/kg),2.08,8.9,1.46,20.23,-29.25,1.17
1990-09-01,1990,9,"Coffee, Arabica",Beverages,($/kg),2.1,0.96,6.6,21.39,-28.57,-0.12
1990-10-01,1990,10,"Coffee, Arabica",Beverages,($/kg),2.02,-3.81,5.76,33.77,-34.84,-0.81
1990-11-01,1990,11,"Coffee, Arabica",Beverages,($/kg),1.87,-7.43,-10.1,19.87,-45.48,-1.76
1990-12-01,1990,12,"Coffee, Arabica",Beverages,($/kg),1.97,5.35,-6.19,23.12,-54.61,0.57
1991-01-01,1991,1,"Coffee, Arabica",Beverages,($/kg),1.89,-4.06,-6.44,12.5,-63.93,-0.93
1991-02-01,1991,2,"Coffee, Arabica",Beverages,($/kg),1.97,4.23,5.35,6.49,-60.83,0.46
1991-03-01,1991,3,"Coffee, Arabica",Beverages,($/kg),2.06,4.57,4.57,-1.44,-60.98,0.64
1991-04-01,1991,4,"Coffee, Arabica",Beverages,($/kg),2.03,-1.46,7.41,-2.87,-59.24,-0.3
1991-05-01,1991,5,"Coffee, Arabica",Beverages,($/kg),1.94,-4.43,-1.52,-5.37,-58.37,-0.88
1991-06-01,1991,6,"Coffee, Arabica",Beverages,($/kg),1.89,-2.58,-8.25,-4.06,-51.54,-0.44
1991-07-01,1991,7,"Coffee, Arabica",Beverages,($/kg),1.84,-2.65,-9.36,-3.66,-51.58,-0.49
1991-08-01,1991,8,"Coffee, Arabica",Beverages,($/kg),1.8,-2.17,-7.22,-13.46,-53.0,-0.4
1991-09-01,1991,9,"Coffee, Arabica",Beverages,($/kg),1.92,6.67,1.59,-8.57,-56.36,1.93
1991-10-01,1991,10,"Coffee, Arabica",Beverages,($/kg),1.76,-8.33,-4.35,-12.87,-55.1,-1.67
1991-11-01,1991,11,"Coffee, Arabica",Beverages,($/kg),1.72,-2.27,-4.44,-8.02,-50.14,-0.25
1991-12-01,1991,12,"Coffee, Arabica",Beverages,($/kg),1.66,-3.49,-13.54,-15.74,-44.67,-0.62
1992-01-01,1992,1,"Coffee, Arabica",Beverages,($/kg),1.62,-2.41,-7.95,-14.29,-40.44,-0.25
1992-02-01,1992,2,"Coffee, Arabica",Beverages,($/kg),1.51,-6.79,-12.21,-23.35,-43.23,-1.32
1992-03-01,1992,3,"Coffee, Arabica",Beverages,($/kg),1.55,2.65,-6.63,-24.76,-32.31,1.14
1992-04-01,1992,4,"Coffee, Arabica",Beverages,($/kg),1.45,-6.45,-10.49,-28.57,-38.82,-1.07
1992-05-01,1992,5,"Coffee, Arabica",Beverages,($/kg),1.34,-7.59,-11.26,-30.93,-48.26,-1.2
1992-06-01,1992,6,"Coffee, Arabica",Beverages,($/kg),1.3,-2.99,-16.13,-31.22,-43.97,-0.01
1992-07-01,1992,7,"Coffee, Arabica",Beverages,($/kg),1.28,-1.54,-11.72,-30.43,-41.82,0.34
1992-08-01,1992,8,"Coffee, Arabica",Beverages,($/kg),1.17,-8.59,-12.69,-35.0,-48.0,-1.32
1992-09-01,1992,9,"Coffee, Arabica",Beverages,($/kg),1.17,0.0,-10.0,-39.06,-52.05,0.74
1992-10-01,1992,10,"Coffee, Arabica",Beverages,($/kg),1.36,16.24,6.25,-22.73,-48.29,5.68
1992-11-01,1992,11,"Coffee, Arabica",Beverages,($/kg),1.48,8.82,26.5,-13.95,-46.95,1.63
1992-12-01,1992,12,"Coffee, Arabica",Beverages,($/kg),1.7,14.86,45.3,2.41,-39.29,2.18
1993-01-01,1993,1,"Coffee, Arabica",Beverages,($/kg),1.53,-10.0,12.5,-5.56,-45.74,-1.23
1993-02-01,1993,2,"Coffee, Arabica",Beverages,($/kg),1.49,-2.61,0.68,-1.32,-51.15,-0.28
1993-03-01,1993,3,"Coffee, Arabica",Beverages,($/kg),1.4,-6.04,-17.65,-9.68,-53.49,-0.71
1993-04-01,1993,4,"Coffee, Arabica",Beverages,($/kg),1.28,-8.57,-16.34,-11.72,-57.48,-0.9
1993-05-01,1993,5,"Coffee, Arabica",Beverages,($/kg),1.37,7.03,-8.05,2.24,-55.23,0.84
1993-06-01,1993,6,"Coffee, Arabica",Beverages,($/kg),1.38,0.73,-1.43,6.15,-56.47,0.02
1993-07-01,1993,7,"Coffee, Arabica",Beverages,($/kg),1.58,14.49,23.44,23.44,-49.52,1.51
1993-08-01,1993,8,"Coffee, Arabica",Beverages,($/kg),1.7,7.59,24.09,45.3,-41.78,0.55
1993-09-01,1993,9,"Coffee, Arabica",Beverages,($/kg),1.78,4.71,28.99,52.14,-41.45,0.13
1993-10-01,1993,10,"Coffee, Arabica",Beverages,($/kg),1.69,-5.06,6.96,24.26,-42.71,-0.98
1993-11-01,1993,11,"Coffee, Arabica",Beverages,($/kg),1.73,2.37,1.76,16.89,-41.95,0.02
1993-12-01,1993,12,"Coffee, Arabica",Beverages,($/kg),1.79,3.47,0.56,5.29,-44.92,0.22
1994-01-01,1994,1,"Coffee, Arabica",Beverages,($/kg),1.74,-2.79,2.96,13.73,-48.21,-0.47
1994-02-01,1994,2,"Coffee, Arabica",Beverages,($/kg),1.85,6.32,6.94,24.16,-40.13,0.76
1994-03-01,1994,3,"Coffee, Arabica",Beverages,($/kg),1.92,3.78,7.26,37.14,-38.06,0.26
1994-04-01,1994,4,"Coffee, Arabica",Beverages,($/kg),2.0,4.17,14.94,56.25,-36.91,0.21
1994-05-01,1994,5,"Coffee, Arabica",Beverages,($/kg),2.69,34.5,45.41,96.35,-13.23,6.07
1994-06-01,1994,6,"Coffee, Arabica",Beverages,($/kg),3.16,17.47,64.58,128.99,14.49,1.11
1994-07-01,1994,7,"Coffee, Arabica",Beverages,($/kg),4.83,52.85,141.5,205.7,148.97,4.3
1994-08-01,1994,8,"Coffee, Arabica",Beverages,($/kg),4.42,-8.49,64.31,160.0,155.49,-1.15
1994-09-01,1994,9,"Coffee, Arabica",Beverages,($/kg),4.89,10.63,54.75,174.72,182.66,0.07
1994-10-01,1994,10,"Coffee, Arabica",Beverages,($/kg),4.45,-9.0,-7.87,163.31,194.7,-1.08
1994-11-01,1994,11,"Coffee, Arabica",Beverages,($/kg),4.03,-9.44,-8.82,132.95,158.33,-1.06
1994-12-01,1994,12,"Coffee, Arabica",Beverages,($/kg),3.72,-7.69,-23.93,107.82,132.5,-0.87
1995-01-01,1995,1,"Coffee, Arabica",Beverages,($/kg),3.81,2.42,-14.38,118.97,126.79,-0.27
1995-02-01,1995,2,"Coffee, Arabica",Beverages,($/kg),3.74,-1.84,-7.2,102.16,102.16,-0.52
1995-03-01,1995,3,"Coffee, Arabica",Beverages,($/kg),3.96,5.88,6.45,106.25,89.47,-0.08
1995-04-01,1995,4,"Coffee, Arabica",Beverages,($/kg),3.84,-3.03,0.79,92.0,83.73,-0.55
1995-05-01,1995,5,"Coffee, Arabica",Beverages,($/kg),3.77,-1.82,0.8,40.15,83.9,-0.45
1995-06-01,1995,6,"Coffee, Arabica",Beverages,($/kg),3.41,-9.55,-13.89,7.91,73.1,-0.77
1995-07-01,1995,7,"Coffee, Arabica",Beverages,($/kg),3.21,-5.87,-16.41,-33.54,68.06,-0.44
1995-08-01,1995,8,"Coffee, Arabica",Beverages,($/kg),3.38,5.3,-10.34,-23.53,62.5,1.28
1995-09-01,1995,9,"Coffee, Arabica",Beverages,($/kg),2.96,-12.43,-13.2,-39.47,40.95,-1.54
1995-10-01,1995,10,"Coffee, Arabica",Beverages,($/kg),2.81,-5.07,-12.46,-36.85,39.11,-0.19
1995-11-01,1995,11,"Coffee, Arabica",Beverages,($/kg),2.76,-1.78,-18.34,-31.51,47.59,0.31
1995-12-01,1995,12,"Coffee, Arabica",Beverages,($/kg),2.34,-15.22,-20.95,-37.1,18.78,-2.18
1996-01-01,1996,1,"Coffee, Arabica",Beverages,($/kg),2.44,4.27,-13.17,-35.96,29.1,1.2
1996-02-01,1996,2,"Coffee, Arabica",Beverages,($/kg),2.74,12.3,-0.72,-26.74,39.09,2.34
1996-03-01,1996,3,"Coffee, Arabica",Beverages,($/kg),2.66,-2.92,13.68,-32.83,29.13,-0.08
1996-04-01,1996,4,"Coffee, Arabica",Beverages,($/kg),2.72,2.26,11.48,-29.17,33.99,0.68
1996-05-01,1996,5,"Coffee, Arabica",Beverages,($/kg),2.85,4.78,4.01,-24.4,46.91,0.93
1996-06-01,1996,6,"Coffee, Arabica",Beverages,($/kg),2.77,-2.81,4.14,-18.77,46.56,-0.1
1996-07-01,1996,7,"Coffee, Arabica",Beverages,($/kg),2.7,-2.53,-0.74,-15.89,46.74,-0.14
1996-08-01,1996,8,"Coffee, Arabica",Beverages,($/kg),2.78,2.96,-2.46,-17.75,54.44,0.54
1996-09-01,1996,9,"Coffee, Arabica",Beverages,($/kg),2.62,-5.76,-5.42,-11.49,36.46,-0.59
1996-10-01,1996,10,"Coffee, Arabica",Beverages,($/kg),2.74,4.58,1.48,-2.49,55.68,0.79
1996-11-01,1996,11,"Coffee, Arabica",Beverages,($/kg),2.74,0.0,-1.44,-0.72,59.3,-0.0
1996-12-01,1996,12,"Coffee, Arabica",Beverages,($/kg),2.58,-5.84,-1.53,10.26,55.42,-0.88
1997-01-01,1997,1,"Coffee, Arabica",Beverages,($/kg),2.93,13.57,6.93,20.08,80.86,2.39
1997-02-01,1997,2,"Coffee, Arabica",Beverages,($/kg),3.71,26.62,35.4,35.4,145.7,3.9
1997-03-01,1997,3,"Coffee, Arabica",Beverages,($/kg),4.29,15.63,66.28,61.28,176.77,1.38
1997-04-01,1997,4,"Coffee, Arabica",Beverages,($/kg),4.56,6.29,55.63,67.65,214.48,0.19
1997-05-01,1997,5,"Coffee, Arabica",Beverages,($/kg),5.89,29.17,58.76,106.67,339.55,2.51
1997-06-01,1997,6,"Coffee, Arabica",Beverages,($/kg),4.89,-16.98,13.99,76.53,276.15,-1.99
1997-07-01,1997,7,"Coffee, Arabica",Beverages,($/kg),4.2,-14.11,-7.89,55.56,228.12,-1.45
1997-08-01,1997,8,"Coffee, Arabica",Beverages,($/kg),4.21,0.24,-28.52,51.44,259.83,-0.3
1997-09-01,1997,9,"Coffee, Arabica",Beverages,($/kg),4.19,-0.48,-14.31,59.92,258.12,-0.34
1997-10-01,1997,10,"Coffee, Arabica",Beverages,($/kg),3.7,-11.69,-11.9,35.04,172.06,-1.15
1997-11-01,1997,11,"Coffee, Arabica",Beverages,($/kg),3.53,-4.59,-16.15,28.83,138.51,-0.54
1997-12-01,1997,12,"Coffee, Arabica",Beverages,($/kg),3.91,10.76,-6.68,51.55,130.0,0.5
1998-01-01,1998,1,"Coffee, Arabica",Beverages,($/kg),3.92,0.26,5.95,33.79,156.21,-0.28
1998-02-01,1998,2,"Coffee, Arabica",Beverages,($/kg),3.93,0.26,11.33,5.93,163.76,-0.21
1998-03-01,1998,3,"Coffee, Arabica",Beverages,($/kg),3.48,-11.45,-11.0,-18.88,148.57,-0.97
1998-04-01,1998,4,"Coffee, Arabica",Beverages,($/kg),3.31,-4.89,-15.56,-27.41,158.59,-0.3
1998-05-01,1998,5,"Coffee, Arabica",Beverages,($/kg),3.04,-8.16,-22.65,-48.39,121.9,-0.5
1998-06-01,1998,6,"Coffee, Arabica",Beverages,($/kg),2.75,-9.54,-20.98,-43.76,99.28,-0.57
1998-07-01,1998,7,"Coffee, Arabica",Beverages,($/kg),2.59,-5.82,-21.75,-38.33,63.92,-0.19
1998-08-01,1998,8,"Coffee, Arabica",Beverages,($/kg),2.72,5.02,-10.53,-35.39,60.0,1.37
1998-09-01,1998,9,"Coffee, Arabica",Beverages,($/kg),2.47,-9.19,-10.18,-41.05,38.76,-0.86
1998-10-01,1998,10,"Coffee, Arabica",Beverages,($/kg),2.42,-2.02,-6.56,-34.59,43.2,0.3
1998-11-01,1998,11,"Coffee, Arabica",Beverages,($/kg),2.57,6.2,-5.51,-27.2,48.55,1.45
1998-12-01,1998,12,"Coffee, Arabica",Beverages,($/kg),2.59,0.78,4.86,-33.76,44.69,0.45
1999-01-01,1999,1,"Coffee, Arabica",Beverages,($/kg),2.49,-3.86,2.89,-36.48,43.1,-0.11
1999-02-01,1999,2,"Coffee, Arabica",Beverages,($/kg),2.33,-6.43,-9.34,-40.71,25.95,-0.5
1999-03-01,1999,3,"Coffee, Arabica",Beverages,($/kg),2.32,-0.43,-10.42,-33.33,20.83,0.65
1999-04-01,1999,4,"Coffee, Arabica",Beverages,($/kg),2.25,-3.02,-9.64,-32.02,12.5,0.03
1999-05-01,1999,5,"Coffee, Arabica",Beverages,($/kg),2.45,8.89,5.15,-19.41,-8.92,2.29
1999-06-01,1999,6,"Coffee, Arabica",Beverages,($/kg),2.36,-3.67,1.72,-14.18,-25.32,-0.34
1999-07-01,1999,7,"Coffee, Arabica",Beverages,($/kg),2.09,-11.44,-7.11,-19.31,-56.73,-1.88
1999-08-01,1999,8,"Coffee, Arabica",Beverages,($/kg),2.01,-3.83,-17.96,-26.1,-54.52,-0.36
1999-09-01,1999,9,"Coffee, Arabica",Beverages,($/kg),1.86,-7.46,-21.19,-24.7,-61.96,-0.89
1999-10-01,1999,10,"Coffee, Arabica",Beverages,($/kg),2.08,11.83,-0.48,-14.05,-53.26,2.5
1999-11-01,1999,11,"Coffee, Arabica",Beverages,($/kg),2.5,20.19,24.38,-2.72,-37.97,3.07
1999-12-01,1999,12,"Coffee, Arabica",Beverages,($/kg),2.74,9.6,47.31,5.79,-26.34,1.04
2000-01-01,2000,1,"Coffee, Arabica",Beverages,($/kg),2.45,-10.58,17.79,-1.61,-35.7,-1.21
2000-02-01,2000,2,"Coffee, Arabica",Beverages,($/kg),2.28,-6.94,-8.8,-2.15,-39.04,-0.73
2000-03-01,2000,3,"Coffee, Arabica",Beverages,($/kg),2.22,-2.63,-18.98,-4.31,-43.94,-0.29
2000-04-01,2000,4,"Coffee, Arabica",Beverages,($/kg),2.09,-5.86,-14.69,-7.11,-45.57,-0.59
2000-05-01,2000,5,"Coffee, Arabica",Beverages,($/kg),2.08,-0.48,-8.77,-15.1,-44.83,-0.03
2000-06-01,2000,6,"Coffee, Arabica",Beverages,($/kg),1.91,-8.17,-13.96,-19.07,-43.99,-0.74
2000-07-01,2000,7,"Coffee, Arabica",Beverages,($/kg),1.93,1.05,-7.66,-7.66,-39.88,0.24
2000-08-01,2000,8,"Coffee, Arabica",Beverages,($/kg),1.7,-11.92,-18.27,-15.42,-49.7,-1.23
2000-09-01,2000,9,"Coffee, Arabica",Beverages,($/kg),1.67,-1.76,-12.57,-10.22,-43.58,-0.08
2000-10-01,2000,10,"Coffee, Arabica",Beverages,($/kg),1.69,1.2,-12.44,-18.75,-39.86,0.17
2000-11-01,2000,11,"Coffee, Arabica",Beverages,($/kg),1.58,-6.51,-7.06,-36.8,-42.75,-0.57
2000-12-01,2000,12,"Coffee, Arabica",Beverages,($/kg),1.46,-7.59,-12.57,-46.72,-37.61,-0.67
2001-01-01,2001,1,"Coffee, Arabica",Beverages,($/kg),1.45,-0.68,-14.2,-40.82,-40.57,0.98
2001-02-01,2001,2,"Coffee, Arabica",Beverages,($/kg),1.48,2.07,-6.33,-35.09,-45.99,1.49
2001-03-01,2001,3,"Coffee, Arabica",Beverages,($/kg),1.47,-0.68,0.68,-33.78,-44.74,0.62
2001-04-01,2001,4,"Coffee, Arabica",Beverages,($/kg),1.46,-0.68,0.69,-30.14,-46.32,0.57
2001-05-01,2001,5,"Coffee, Arabica",Beverages,($/kg),1.53,4.79,3.38,-26.44,-46.32,1.7
2001-06-01,2001,6,"Coffee, Arabica",Beverages,($/kg),1.41,-7.84,-4.08,-26.18,-49.1,-1.09
2001-07-01,2001,7,"Coffee, Arabica",Beverages,($/kg),1.29,-8.51,-11.64,-33.16,-52.22,-1.24
2001-08-01,2001,8,"Coffee, Arabica",Beverages,($/kg),1.32,2.33,-13.73,-22.35,-52.52,1.08
2001-09-01,2001,9,"Coffee, Arabica",Beverages,($/kg),1.28,-3.03,-9.22,-23.35,-51.15,-0.23
2001-10-01,2001,10,"Coffee, Arabica",Beverages,($/kg),1.24,-3.12,-3.88,-26.63,-54.74,-0.23
2001-11-01,2001,11,"Coffee, Arabica",Beverages,($/kg),1.3,4.84,-1.52,-17.72,-52.55,1.65
2001-12-01,2001,12,"Coffee, Arabica",Beverages,($/kg),1.25,-3.85,-2.34,-14.38,-51.55,-0.5
2002-01-01,2002,1,"Coffee, Arabica",Beverages,($/kg),1.28,2.4,3.23,-11.72,-56.31,0.83
2002-02-01,2002,2,"Coffee, Arabica",Beverages,($/kg),1.3,1.56,0.0,-12.16,-64.96,0.56
2002-03-01,2002,3,"Coffee, Arabica",Beverages,($/kg),1.42,9.23,13.6,-3.4,-66.9,2.3
2002-04-01,2002,4,"Coffee, Arabica",Beverages,($/kg),1.44,1.41,12.5,-1.37,-68.42,0.29
2002-05-01,2002,5,"Coffee, Arabica",Beverages,($/kg),1.35,-6.25,3.85,-11.76,-77.08,-1.17
2002-06-01,2002,6,"Coffee, Arabica",Beverages,($/kg),1.29,-4.44,-9.15,-8.51,-73.62,-0.66
2002-07-01,2002,7,"Coffee, Arabica",Beverages,($/kg),1.25,-3.1,-13.19,-3.1,-70.24,-0.49
2002-08-01,2002,8,"Coffee, Arabica",Beverages,($/kg),1.2,-4.0,-11.11,-9.09,-71.5,-0.85
2002-09-01,2002,9,"Coffee, Arabica",Beverages,($/kg),1.34,11.67,3.88,4.69,-68.02,2.7
2002-10-01,2002,10,"Coffee, Arabica",Beverages,($/kg),1.45,8.21,16.0,16.94,-60.81,1.34
2002-11-01,2002,11,"Coffee, Arabica",Beverages,($/kg),1.54,6.21,28.33,18.46,-56.37,0.79
2002-12-01,2002,12,"Coffee, Arabica",Beverages,($/kg),1.41,-8.44,5.22,12.8,-63.94,-1.65
2003-01-01,2003,1,"Coffee, Arabica",Beverages,($/kg),1.45,2.84,0.0,13.28,-63.01,0.25
2003-02-01,2003,2,"Coffee, Arabica",Beverages,($/kg),1.46,0.69,-5.19,12.31,-62.85,-0.08
2003-03-01,2003,3,"Coffee, Arabica",Beverages,($/kg),1.36,-6.85,-3.55,-4.23,-60.92,-1.22
2003-04-01,2003,4,"Coffee, Arabica",Beverages,($/kg),1.43,5.15,-1.38,-0.69,-56.8,0.83
2003-05-01,2003,5,"Coffee, Arabica",Beverages,($/kg),1.46,2.1,0.0,8.15,-51.97,0.3
2003-06-01,2003,6,"Coffee, Arabica",Beverages,($/kg),1.35,-7.53,-0.74,4.65,-50.91,-1.33
2003-07-01,2003,7,"Coffee, Arabica",Beverages,($/kg),1.39,2.96,-2.8,11.2,-46.33,0.36
2003-08-01,2003,8,"Coffee, Arabica",Beverages,($/kg),1.41,1.44,-3.42,17.5,-48.16,0.05
2003-09-01,2003,9,"Coffee, Arabica",Beverages,($/kg),1.46,3.55,8.15,8.96,-40.89,0.32
2003-10-01,2003,10,"Coffee, Arabica",Beverages,($/kg),1.42,-2.74,2.16,-2.07,-41.32,-0.65
2003-11-01,2003,11,"Coffee, Arabica",Beverages,($/kg),1.37,-3.52,-2.84,-11.04,-46.69,-0.68
2003-12-01,2003,12,"Coffee, Arabica",Beverages,($/kg),1.43,4.38,-2.05,1.42,-44.79,1.1
2004-01-01,2004,1,"Coffee, Arabica",Beverages,($/kg),1.6,11.89,12.68,10.34,-35.74,2.71
2004-02-01,2004,2,"Coffee, Arabica",Beverages,($/kg),1.68,5.0,22.63,15.07,-27.9,0.74
2004-03-01,2004,3,"Coffee, Arabica",Beverages,($/kg),1.72,2.38,20.28,26.47,-25.86,0.19
2004-04-01,2004,4,"Coffee, Arabica",Beverages,($/kg),1.66,-3.49,3.75,16.08,-26.22,-1.13
2004-05-01,2004,5,"Coffee, Arabica",Beverages,($/kg),1.7,2.41,1.19,16.44,-30.61,0.2
2004-06-01,2004,6,"Coffee, Arabica",Beverages,($/kg),1.81,6.47,5.23,34.07,-23.31,1.0
2004-07-01,2004,7,"Coffee, Arabica",Beverages,($/kg),1.65,-8.84,-0.6,18.71,-21.05,-2.57
2004-08-01,2004,8,"Coffee, Arabica",Beverages,($/kg),1.62,-1.82,-4.71,14.89,-19.4,-0.62
2004-09-01,2004,9,"Coffee, Arabica",Beverages,($/kg),1.77,9.26,-2.21,21.23,-4.84,1.42
2004-10-01,2004,10,"Coffee, Arabica",Beverages,($/kg),1.78,0.56,7.88,25.35,-14.42,-0.2
2004-11-01,2004,11,"Coffee, Arabica",Beverages,($/kg),1.99,11.8,22.84,45.26,-20.4,1.66
2004-12-01,2004,12,"Coffee, Arabica",Beverages,($/kg),2.3,15.58,29.94,60.84,-16.06,1.97
2005-01-01,2005,1,"Coffee, Arabica",Beverages,($/kg),2.36,2.61,32.58,47.5,-3.67,-0.23
2005-02-01,2005,2,"Coffee, Arabica",Beverages,($/kg),2.66,12.71,33.67,58.33,16.67,1.37
2005-03-01,2005,3,"Coffee, Arabica",Beverages,($/kg),2.98,12.03,29.57,73.26,34.23,1.09
2005-04-01,2005,4,"Coffee, Arabica",Beverages,($/kg),2.86,-4.03,21.19,72.29,36.84,-1.19
2005-05-01,2005,5,"Coffee, Arabica",Beverages,($/kg),2.83,-1.05,6.39,66.47,36.06,-0.78
2005-06-01,2005,6,"Coffee, Arabica",Beverages,($/kg),2.67,-5.65,-10.4,47.51,39.79,-1.32
2005-07-01,2005,7,"Coffee, Arabica",Beverages,($/kg),2.42,-9.36,-15.38,46.67,25.39,-1.56
2005-08-01,2005,8,"Coffee, Arabica",Beverages,($/kg),2.39,-1.24,-15.55,47.53,40.59,-0.57
2005-09-01,2005,9,"Coffee, Arabica",Beverages,($/kg),2.19,-8.37,-17.98,23.73,31.14,-1.44
2005-10-01,2005,10,"Coffee, Arabica",Beverages,($/kg),2.32,5.94,-4.13,30.34,37.28,0.43
2005-11-01,2005,11,"Coffee, Arabica",Beverages,($/kg),2.38,2.59,-0.42,19.6,50.63,0.0
2005-12-01,2005,12,"Coffee, Arabica",Beverages,($/kg),2.33,-2.1,6.39,1.3,59.59,-0.47
2006-01-01,2006,1,"Coffee, Arabica",Beverages,($/kg),2.74,17.6,18.1,16.1,88.97,2.4
2006-02-01,2006,2,"Coffee, Arabica",Beverages,($/kg),2.63,-4.01,10.5,-1.13,77.7,-0.64
2006-03-01,2006,3,"Coffee, Arabica",Beverages,($/kg),2.51,-4.56,7.73,-15.77,70.75,-0.59
2006-04-01,2006,4,"Coffee, Arabica",Beverages,($/kg),2.54,1.2,-7.3,-11.19,73.97,0.33
2006-05-01,2006,5,"Coffee, Arabica",Beverages,($/kg),2.41,-5.12,-8.37,-14.84,57.52,-0.6
2006-06-01,2006,6,"Coffee, Arabica",Beverages,($/kg),2.27,-5.81,-9.56,-14.98,60.99,-0.64
2006-07-01,2006,7,"Coffee, Arabica",Beverages,($/kg),2.31,1.76,-9.06,-4.55,79.07,0.39
2006-08-01,2006,8,"Coffee, Arabica",Beverages,($/kg),2.46,6.49,2.07,2.93,86.36,0.96
2006-09-01,2006,9,"Coffee, Arabica",Beverages,($/kg),2.42,-1.63,6.61,10.5,89.06,-0.29
2006-10-01,2006,10,"Coffee, Arabica",Beverages,($/kg),2.44,0.83,5.63,5.17,96.77,-0.03
2006-11-01,2006,11,"Coffee, Arabica",Beverages,($/kg),2.7,10.66,9.76,13.45,107.69,1.55
2006-12-01,2006,12,"Coffee, Arabica",Beverages,($/kg),2.83,4.81,16.94,21.46,126.4,0.5
2007-01-01,2007,1,"Coffee, Arabica",Beverages,($/kg),2.75,-2.83,12.7,0.36,114.84,-0.66
2007-02-01,2007,2,"Coffee, Arabica",Beverages,($/kg),2.69,-2.18,-0.37,2.28,106.92,-0.45
2007-03-01,2007,3,"Coffee, Arabica",Beverages,($/kg),2.58,-4.09,-8.83,2.79,81.69,-0.87
2007-04-01,2007,4,"Coffee, Arabica",Beverages,($/kg),2.53,-1.94,-8.0,-0.39,75.69,-0.46
2007-05-01,2007,5,"Coffee, Arabica",Beverages,($/kg),2.5,-1.19,-7.06,3.73,85.19,-0.25
2007-06-01,2007,6,"Coffee, Arabica",Beverages,($/kg),2.63,5.2,1.94,15.86,103.88,1.0
2007-07-01,2007,7,"Coffee, Arabica",Beverages,($/kg),2.59,-1.52,2.37,12.12,107.2,-0.63
2007-08-01,2007,8,"Coffee, Arabica",Beverages,($/kg),2.72,5.02,8.8,10.57,126.67,0.86
2007-09-01,2007,9,"Coffee, Arabica",Beverages,($/kg),2.82,3.68,7.22,16.53,110.45,0.62
2007-10-01,2007,10,"Coffee, Arabica",Beverages,($/kg),2.96,4.96,14.29,21.31,104.14,0.81
2007-11-01,2007,11,"Coffee, Arabica",Beverages,($/kg),2.89,-2.36,6.25,7.04,87.66,-0.89
2007-12-01,2007,12,"Coffee, Arabica",Beverages,($/kg),3.03,4.84,7.45,7.07,114.89,1.14
2008-01-01,2008,1,"Coffee, Arabica",Beverages,($/kg),3.08,1.65,4.05,12.0,112.41,0.27
2008-02-01,2008,2,"Coffee, Arabica",Beverages,($/kg),3.47,12.66,20.07,29.0,137.67,3.28
2008-03-01,2008,3,"Coffee, Arabica",Beverages,($/kg),3.3,-4.9,8.91,27.91,142.65,-1.51
2008-04-01,2008,4,"Coffee, Arabica",Beverages,($/kg),3.1,-6.06,0.65,22.53,116.78,-1.7
2008-05-01,2008,5,"Coffee, Arabica",Beverages,($/kg),3.13,0.97,-9.8,25.2,114.38,-0.16
2008-06-01,2008,6,"Coffee, Arabica",Beverages,($/kg),3.22,2.88,-2.42,22.43,138.52,0.17
2008-07-01,2008,7,"Coffee, Arabica",Beverages,($/kg),3.25,0.93,4.84,25.48,133.81,-0.17
2008-08-01,2008,8,"Coffee, Arabica",Beverages,($/kg),3.23,-0.62,3.19,18.75,129.08,-0.53
2008-09-01,2008,9,"Coffee, Arabica",Beverages,($/kg),3.16,-2.17,-1.86,12.06,116.44,-0.75
2008-10-01,2008,10,"Coffee, Arabica",Beverages,($/kg),2.72,-13.92,-16.31,-8.11,91.55,-2.98
2008-11-01,2008,11,"Coffee, Arabica",Beverages,($/kg),2.69,-1.1,-16.72,-6.92,96.35,-0.09
2008-12-01,2008,12,"Coffee, Arabica",Beverages,($/kg),2.62,-2.6,-17.09,-13.53,83.22,-0.34
2009-01-01,2009,1,"Coffee, Arabica",Beverages,($/kg),2.83,8.02,4.04,-8.12,76.88,1.45
2009-02-01,2009,2,"Coffee, Arabica",Beverages,($/kg),2.85,0.71,5.95,-17.87,69.64,0.18
2009-03-01,2009,3,"Coffee, Arabica",Beverages,($/kg),2.83,-0.7,8.02,-14.24,64.53,0.15
2009-04-01,2009,4,"Coffee, Arabica",Beverages,($/kg),2.97,4.95,4.95,-4.19,78.92,1.16
2009-05-01,2009,5,"Coffee, Arabica",Beverages,($/kg),3.33,12.12,16.84,6.39,95.88,2.34
2009-06-01,2009,6,"Coffee, Arabica",Beverages,($/kg),3.3,-0.9,16.61,2.48,82.32,-0.25
2009-07-01,2009,7,"Coffee, Arabica",Beverages,($/kg),3.11,-5.76,4.71,-4.31,88.48,-0.97
2009-08-01,2009,8,"Coffee, Arabica",Beverages,($/kg),3.3,6.11,-0.9,2.17,103.7,0.95
2009-09-01,2009,9,"Coffee, Arabica",Beverages,($/kg),3.27,-0.91,-0.91,3.48,84.75,-0.19
2009-10-01,2009,10,"Coffee, Arabica",Beverages,($/kg),3.41,4.28,9.65,25.37,91.57,0.56
2009-11-01,2009,11,"Coffee, Arabica",Beverages,($/kg),3.36,-1.47,1.82,24.91,68.84,-0.68
2009-12-01,2009,12,"Coffee, Arabica",Beverages,($/kg),3.49,3.87,6.73,33.21,51.74,0.37
2010-01-01,2010,1,"Coffee, Arabica",Beverages,($/kg),3.5,0.29,2.64,23.67,48.31,-0.45
2010-02-01,2010,2,"Coffee, Arabica",Beverages,($/kg),3.48,-0.57,3.57,22.11,30.83,-0.53
2010-03-01,2010,3,"Coffee, Arabica",Beverages,($/kg),3.63,4.31,4.01,28.27,21.81,0.54
2010-04-01,2010,4,"Coffee, Arabica",Beverages,($/kg),3.73,2.75,6.57,25.59,30.42,0.12
2010-05-01,2010,5,"Coffee, Arabica",Beverages,($/kg),3.82,2.41,9.77,14.71,34.98,0.09
2010-06-01,2010,6,"Coffee, Arabica",Beverages,($/kg),4.21,10.21,15.98,27.58,57.68,2.7
2010-07-01,2010,7,"Coffee, Arabica",Beverages,($/kg),4.48,6.41,20.11,44.05,85.12,1.03
2010-08-01,2010,8,"Coffee, Arabica",Beverages,($/kg),4.66,4.02,21.99,41.21,94.98,0.25
2010-09-01,2010,9,"Coffee, Arabica",Beverages,($/kg),4.91,5.36,16.63,50.15,124.2,0.71
2010-10-01,2010,10,"Coffee, Arabica",Beverages,($/kg),4.8,-2.24,7.14,40.76,106.9,-1.8
2010-11-01,2010,11,"Coffee, Arabica",Beverages,($/kg),5.15,7.29,10.52,53.27,116.39,1.22
2010-12-01,2010,12,"Coffee, Arabica",Beverages,($/kg),5.47,6.21,11.41,56.73,134.76,0.73
2011-01-01,2011,1,"Coffee, Arabica",Beverages,($/kg),5.82,6.4,21.25,66.29,112.41,0.71
2011-02-01,2011,2,"Coffee, Arabica",Beverages,($/kg),6.35,9.11,23.3,82.47,141.44,1.37
2011-03-01,2011,3,"Coffee, Arabica",Beverages,($/kg),6.44,1.42,17.73,77.41,156.57,-1.14
2011-04-01,2011,4,"Coffee, Arabica",Beverages,($/kg),6.62,2.8,13.75,77.48,160.63,-0.62
2011-05-01,2011,5,"Coffee, Arabica",Beverages,($/kg),6.42,-3.02,1.1,68.06,166.39,-2.3
2011-06-01,2011,6,"Coffee, Arabica",Beverages,($/kg),6.06,-5.61,-5.9,43.94,166.96,-2.45
2011-07-01,2011,7,"Coffee, Arabica",Beverages,($/kg),5.91,-2.48,-10.73,31.92,155.84,-1.22
2011-08-01,2011,8,"Coffee, Arabica",Beverages,($/kg),5.96,0.85,-7.17,27.9,142.28,-0.33
2011-09-01,2011,9,"Coffee, Arabica",Beverages,($/kg),6.06,1.68,0.0,23.42,150.41,-0.1
2011-10-01,2011,10,"Coffee, Arabica",Beverages,($/kg),5.46,-9.9,-7.61,13.75,123.77,-2.53
2011-11-01,2011,11,"Coffee, Arabica",Beverages,($/kg),5.4,-1.1,-9.4,4.85,100.0,-0.41
2011-12-01,2011,12,"Coffee, Arabica",Beverages,($/kg),5.22,-3.33,-13.86,-4.57,84.45,-0.72
2012-01-01,2012,1,"Coffee, Arabica",Beverages,($/kg),5.23,0.19,-4.21,-10.14,90.18,0.09
2012-02-01,2012,2,"Coffee, Arabica",Beverages,($/kg),4.94,-5.54,-8.52,-22.2,83.64,-1.01
2012-03-01,2012,3,"Coffee, Arabica",Beverages,($/kg),4.44,-10.12,-14.94,-31.06,72.09,-2.18
2012-04-01,2012,4,"Coffee, Arabica",Beverages,($/kg),4.22,-4.95,-19.31,-36.25,66.8,-0.47
2012-05-01,2012,5,"Coffee, Arabica",Beverages,($/kg),4.07,-3.55,-17.61,-36.6,62.8,0.01
2012-06-01,2012,6,"Coffee, Arabica",Beverages,($/kg),3.72,-8.6,-16.22,-38.61,41.44,-1.29
2012-07-01,2012,7,"Coffee, Arabica",Beverages,($/kg),4.2,12.9,-0.47,-28.93,62.16,4.14
2012-08-01,2012,8,"Coffee, Arabica",Beverages,($/kg),3.85,-8.33,-5.41,-35.4,41.54,-0.9
2012-09-01,2012,9,"Coffee, Arabica",Beverages,($/kg),3.95,2.6,6.18,-34.82,40.07,0.93
2012-10-01,2012,10,"Coffee, Arabica",Beverages,($/kg),3.82,-3.29,-9.05,-30.04,29.05,0.0
2012-11-01,2012,11,"Coffee, Arabica",Beverages,($/kg),3.53,-7.59,-8.31,-34.63,22.15,-0.78
2012-12-01,2012,12,"Coffee, Arabica",Beverages,($/kg),3.37,-4.53,-14.68,-35.44,11.22,-0.2
2013-01-01,2013,1,"Coffee, Arabica",Beverages,($/kg),3.47,2.97,-9.16,-33.65,12.66,1.01
2013-02-01,2013,2,"Coffee, Arabica",Beverages,($/kg),3.3,-4.9,-6.52,-33.2,-4.9,-0.27
2013-03-01,2013,3,"Coffee, Arabica",Beverages,($/kg),3.3,0.0,-2.08,-25.68,0.0,0.48
2013-04-01,2013,4,"Coffee, Arabica",Beverages,($/kg),3.3,0.0,-4.9,-21.8,6.45,0.37
2013-05-01,2013,5,"Coffee, Arabica",Beverages,($/kg),3.24,-1.82,-1.82,-20.39,3.51,0.01
2013-06-01,2013,6,"Coffee, Arabica",Beverages,($/kg),3.05,-5.86,-7.58,-18.01,-5.28,-0.68
2013-07-01,2013,7,"Coffee, Arabica",Beverages,($/kg),3.05,0.0,-7.58,-27.38,-6.15,0.25
2013-08-01,2013,8,"Coffee, Arabica",Beverages,($/kg),2.98,-2.3,-8.02,-22.6,-7.74,0.07
2013-09-01,2013,9,"Coffee, Arabica",Beverages,($/kg),2.92,-2.01,-4.26,-26.08,-7.59,0.01
2013-10-01,2013,10,"Coffee, Arabica",Beverages,($/kg),2.84,-2.74,-6.89,-25.65,4.41,-0.1
2013-11-01,2013,11,"Coffee, Arabica",Beverages,($/kg),2.69,-5.28,-9.73,-23.8,0.0,-0.97
2013-12-01,2013,12,"Coffee, Arabica",Beverages,($/kg),2.78,3.35,-4.79,-17.51,6.11,2.09
2014-01-01,2014,1,"Coffee, Arabica",Beverages,($/kg),2.93,5.4,3.17,-15.56,3.53,2.33
2014-02-01,2014,2,"Coffee, Arabica",Beverages,($/kg),3.83,30.72,42.38,16.06,34.39,9.51
2014-03-01,2014,3,"Coffee, Arabica",Beverages,($/kg),4.72,23.24,69.78,43.03,66.78,2.23
2014-04-01,2014,4,"Coffee, Arabica",Beverages,($/kg),4.93,4.45,68.26,49.39,65.99,0.08
2014-05-01,2014,5,"Coffee, Arabica",Beverages,($/kg),4.72,-4.26,23.24,45.68,41.74,-0.72
2014-06-01,2014,6,"Coffee, Arabica",Beverages,($/kg),4.36,-7.63,-7.63,42.95,32.12,-0.98
2014-07-01,2014,7,"Coffee, Arabica",Beverages,($/kg),4.34,-0.46,-11.97,42.3,39.55,-0.34
2014-08-01,2014,8,"Coffee, Arabica",Beverages,($/kg),4.7,8.29,-0.42,57.72,42.42,0.41
2014-09-01,2014,9,"Coffee, Arabica",Beverages,($/kg),4.64,-1.28,6.42,58.9,41.9,-0.49
2014-10-01,2014,10,"Coffee, Arabica",Beverages,($/kg),4.97,7.11,14.52,75.0,45.75,0.23
2014-11-01,2014,11,"Coffee, Arabica",Beverages,($/kg),4.62,-7.04,-1.7,71.75,37.5,-1.08
2014-12-01,2014,12,"Coffee, Arabica",Beverages,($/kg),4.34,-6.06,-6.47,56.12,24.36,-0.97
2015-01-01,2015,1,"Coffee, Arabica",Beverages,($/kg),4.19,-3.46,-15.69,43.0,19.71,-0.65
2015-02-01,2015,2,"Coffee, Arabica",Beverages,($/kg),3.94,-5.97,-14.72,2.87,13.22,-0.79
2015-03-01,2015,3,"Coffee, Arabica",Beverages,($/kg),3.54,-10.15,-18.43,-25.0,-2.48,-1.19
2015-04-01,2015,4,"Coffee, Arabica",Beverages,($/kg),3.62,2.26,-13.6,-26.57,-2.95,0.74
2015-05-01,2015,5,"Coffee, Arabica",Beverages,($/kg),3.49,-3.59,-11.42,-26.06,-8.64,-0.21
2015-06-01,2015,6,"Coffee, Arabica",Beverages,($/kg),3.52,0.86,-0.56,-19.27,-16.39,0.55
2015-07-01,2015,7,"Coffee, Arabica",Beverages,($/kg),3.41,-3.12,-5.8,-21.43,-23.88,-0.27
2015-08-01,2015,8,"Coffee, Arabica",Beverages,($/kg),3.46,1.47,-0.86,-26.38,-25.75,0.59
2015-09-01,2015,9,"Coffee, Arabica",Beverages,($/kg),3.22,-6.94,-8.52,-30.6,-34.42,-0.95
2015-10-01,2015,10,"Coffee, Arabica",Beverages,($/kg),3.38,4.97,-0.88,-31.99,-29.58,1.6
2015-11-01,2015,11,"Coffee, Arabica",Beverages,($/kg),3.26,-3.55,-5.78,-29.44,-36.7,-0.11
2015-12-01,2015,12,"Coffee, Arabica",Beverages,($/kg),3.28,0.61,1.86,-24.42,-40.04,0.77
2016-01-01,2016,1,"Coffee, Arabica",Beverages,($/kg),3.2,-2.44,-5.33,-23.63,-45.02,-0.05
2016-02-01,2016,2,"Coffee, Arabica",Beverages,($/kg),3.26,1.87,0.0,-17.26,-48.66,0.93
2016-03-01,2016,3,"Coffee, Arabica",Beverages,($/kg),3.47,6.44,5.79,-1.98,-46.12,1.85
2016-04-01,2016,4,"Coffee, Arabica",Beverages,($/kg),3.4,-2.02,6.25,-6.08,-48.64,-0.49
2016-05-01,2016,5,"Coffee, Arabica",Beverages,($/kg),3.42,0.59,4.91,-2.01,-46.73,0.27
2016-06-01,2016,6,"Coffee, Arabica",Beverages,($/kg),3.65,6.73,5.19,3.69,-39.77,1.83
2016-07-01,2016,7,"Coffee, Arabica",Beverages,($/kg),3.79,3.84,11.47,11.14,-35.87,0.82
2016-08-01,2016,8,"Coffee, Arabica",Beverages,($/kg),3.69,-2.64,7.89,6.65,-38.09,-0.86
2016-09-01,2016,9,"Coffee, Arabica",Beverages,($/kg),3.89,5.42,6.58,20.81,-35.81,1.12
2016-10-01,2016,10,"Coffee, Arabica",Beverages,($/kg),3.95,1.54,4.22,16.86,-27.66,-0.03
2016-11-01,2016,11,"Coffee, Arabica",Beverages,($/kg),4.06,2.78,10.03,24.54,-24.81,0.39
2016-12-01,2016,12,"Coffee, Arabica",Beverages,($/kg),3.57,-12.07,-8.23,8.84,-31.61,-4.24
2017-01-01,2017,1,"Coffee, Arabica",Beverages,($/kg),3.72,4.2,-5.82,16.25,-28.87,0.65
2017-02-01,2017,2,"Coffee, Arabica",Beverages,($/kg),3.67,-1.34,-9.61,12.58,-25.71,-0.53
2017-03-01,2017,3,"Coffee, Arabica",Beverages,($/kg),3.53,-3.81,-1.12,1.73,-20.5,-0.94
2017-04-01,2017,4,"Coffee, Arabica",Beverages,($/kg),3.43,-2.83,-7.8,0.88,-18.72,-0.6
2017-05-01,2017,5,"Coffee, Arabica",Beverages,($/kg),3.31,-3.5,-9.81,-3.22,-18.67,-0.72
2017-06-01,2017,6,"Coffee, Arabica",Beverages,($/kg),3.16,-4.53,-10.48,-13.42,-15.05,-0.83
2017-07-01,2017,7,"Coffee, Arabica",Beverages,($/kg),3.3,4.43,-3.79,-12.93,-21.43,1.12
2017-08-01,2017,8,"Coffee, Arabica",Beverages,($/kg),3.3,0.0,-0.3,-10.57,-14.29,0.21
2017-09-01,2017,9,"Coffee, Arabica",Beverages,($/kg),3.23,-2.12,2.22,-16.97,-18.23,-0.26
2017-10-01,2017,10,"Coffee, Arabica",Beverages,($/kg),3.1,-4.02,-6.06,-21.52,-18.85,-0.57
2017-11-01,2017,11,"Coffee, Arabica",Beverages,($/kg),3.11,0.32,-5.76,-23.4,-11.9,0.49
2017-12-01,2017,12,"Coffee, Arabica",Beverages,($/kg),3.03,-2.57,-6.19,-15.13,-10.09,-0.11
2018-01-01,2018,1,"Coffee, Arabica",Beverages,($/kg),3.06,0.99,-1.29,-17.74,-11.82,0.76
2018-02-01,2018,2,"Coffee, Arabica",Beverages,($/kg),3.0,-1.96,-3.54,-18.26,-9.09,-0.14
2018-03-01,2018,3,"Coffee, Arabica",Beverages,($/kg),2.98,-0.67,-1.65,-15.58,-9.7,0.37
2018-04-01,2018,4,"Coffee, Arabica",Beverages,($/kg),2.96,-0.67,-3.27,-13.7,-10.3,0.28
2018-05-01,2018,5,"Coffee, Arabica",Beverages,($/kg),2.99,1.01,-0.33,-9.67,-7.72,0.88
2018-06-01,2018,6,"Coffee, Arabica",Beverages,($/kg),2.95,-1.34,-1.01,-6.65,-3.28,-0.21
2018-07-01,2018,7,"Coffee, Arabica",Beverages,($/kg),2.88,-2.37,-2.7,-12.73,-5.57,-0.84
2018-08-01,2018,8,"Coffee, Arabica",Beverages,($/kg),2.76,-4.17,-7.69,-16.36,-7.38,-1.96
2018-09-01,2018,9,"Coffee, Arabica",Beverages,($/kg),2.67,-3.26,-9.49,-17.34,-8.56,-1.03
2018-10-01,2018,10,"Coffee, Arabica",Beverages,($/kg),3.03,13.48,5.21,-2.26,6.69,8.32
2018-11-01,2018,11,"Coffee, Arabica",Beverages,($/kg),3.02,-0.33,9.42,-2.89,12.27,-0.05
2018-12-01,2018,12,"Coffee, Arabica",Beverages,($/kg),2.8,-7.28,4.87,-7.59,0.72,-1.56
2019-01-01,2019,1,"Coffee, Arabica",Beverages,($/kg),2.83,1.07,-6.6,-7.52,-3.41,0.32
2019-02-01,2019,2,"Coffee, Arabica",Beverages,($/kg),2.83,0.0,-6.29,-5.67,-26.11,0.11
2019-03-01,2019,3,"Coffee, Arabica",Beverages,($/kg),2.73,-3.53,-2.5,-8.39,-42.16,-0.64
2019-04-01,2019,4,"Coffee, Arabica",Beverages,($/kg),2.67,-2.2,-5.65,-9.8,-45.84,-0.31
2019-05-01,2019,5,"Coffee, Arabica",Beverages,($/kg),2.66,-0.37,-6.01,-11.04,-43.64,0.07
2019-06-01,2019,6,"Coffee, Arabica",Beverages,($/kg),2.86,7.52,4.76,-3.05,-34.4,1.66
2019-07-01,2019,7,"Coffee, Arabica",Beverages,($/kg),2.99,4.55,11.99,3.82,-31.11,0.83
2019-08-01,2019,8,"Coffee, Arabica",Beverages,($/kg),2.78,-7.02,4.51,0.72,-40.85,-1.31
2019-09-01,2019,9,"Coffee, Arabica",Beverages,($/kg),2.84,2.16,-0.7,6.37,-38.79,0.33
2019-10-01,2019,10,"Coffee, Arabica",Beverages,($/kg),2.8,-1.41,-6.35,-7.59,-43.66,-0.35
2019-11-01,2019,11,"Coffee, Arabica",Beverages,($/kg),3.11,11.07,11.87,2.98,-32.68,2.72
2019-12-01,2019,12,"Coffee, Arabica",Beverages,($/kg),3.46,11.25,21.83,23.57,-20.28,2.0
2020-01-01,2020,1,"Coffee, Arabica",Beverages,($/kg),3.13,-9.54,11.79,10.6,-25.3,-2.01
2020-02-01,2020,2,"Coffee, Arabica",Beverages,($/kg),2.99,-4.47,-3.86,5.65,-24.11,-0.84
2020-03-01,2020,3,"Coffee, Arabica",Beverages,($/kg),3.27,9.36,-5.49,19.78,-7.63,1.28
2020-04-01,2020,4,"Coffee, Arabica",Beverages,($/kg),3.41,4.28,8.95,27.72,-5.8,0.36
2020-05-01,2020,5,"Coffee, Arabica",Beverages,($/kg),3.3,-3.23,10.37,24.06,-5.44,-0.79
2020-06-01,2020,6,"Coffee, Arabica",Beverages,($/kg),3.12,-5.45,-4.59,9.09,-11.36,-1.05
2020-07-01,2020,7,"Coffee, Arabica",Beverages,($/kg),3.24,3.85,-4.99,8.36,-4.99,0.4
2020-08-01,2020,8,"Coffee, Arabica",Beverages,($/kg),3.6,11.11,9.09,29.5,4.05,1.42
2020-09-01,2020,9,"Coffee, Arabica",Beverages,($/kg),3.67,1.94,17.63,29.23,13.98,-0.06
2020-10-01,2020,10,"Coffee, Arabica",Beverages,($/kg),3.35,-8.72,3.4,19.64,-0.89,-1.53
2020-11-01,2020,11,"Coffee, Arabica",Beverages,($/kg),3.32,-0.9,-7.78,6.75,1.84,-0.34
2020-12-01,2020,12,"Coffee, Arabica",Beverages,($/kg),3.48,4.82,-5.18,0.58,6.1,0.55
2021-01-01,2021,1,"Coffee, Arabica",Beverages,($/kg),3.54,1.72,5.67,13.1,10.62,0.22
2021-02-01,2021,2,"Coffee, Arabica",Beverages,($/kg),3.67,3.67,10.54,22.74,12.58,0.41
2021-03-01,2021,3,"Coffee, Arabica",Beverages,($/kg),3.68,0.27,5.75,12.54,6.05,-0.28
2021-04-01,2021,4,"Coffee, Arabica",Beverages,($/kg),3.72,1.09,5.08,9.09,9.41,-0.01
2021-05-01,2021,5,"Coffee, Arabica",Beverages,($/kg),4.11,10.48,11.99,24.55,20.18,1.87
2021-06-01,2021,6,"Coffee, Arabica",Beverages,($/kg),4.24,3.16,15.22,35.9,16.16,0.21
2021-07-01,2021,7,"Coffee, Arabica",Beverages,($/kg),4.5,6.13,20.97,38.89,18.73,0.66
2021-08-01,2021,8,"Coffee, Arabica",Beverages,($/kg),4.77,6.0,16.06,32.5,29.27,0.59
2021-09-01,2021,9,"Coffee, Arabica",Beverages,($/kg),4.97,4.19,17.22,35.42,27.76,0.37
2021-10-01,2021,10,"Coffee, Arabica",Beverages,($/kg),5.31,6.84,18.0,58.51,34.43,0.89
2021-11-01,2021,11,"Coffee, Arabica",Beverages,($/kg),5.71,7.53,19.71,71.99,40.64,1.12
2021-12-01,2021,12,"Coffee, Arabica",Beverages,($/kg),5.91,3.5,18.91,69.83,65.55,-0.39
2022-01-01,2022,1,"Coffee, Arabica",Beverages,($/kg),5.98,1.18,12.62,68.93,60.75,-1.14
2022-02-01,2022,2,"Coffee, Arabica",Beverages,($/kg),6.17,3.18,8.06,68.12,68.12,-0.44
2022-03-01,2022,3,"Coffee, Arabica",Beverages,($/kg),5.7,-7.62,-3.55,54.89,61.47,-4.0
2022-04-01,2022,4,"Coffee, Arabica",Beverages,($/kg),5.85,2.63,-2.17,57.26,70.55,-0.26
2022-05-01,2022,5,"Coffee, Arabica",Beverages,($/kg),5.74,-1.88,-6.97,39.66,73.41,-1.31
2022-06-01,2022,6,"Coffee, Arabica",Beverages,($/kg),6.03,5.05,5.79,42.22,90.82,0.51
2022-07-01,2022,7,"Coffee, Arabica",Beverages,($/kg),5.64,-6.47,-3.59,25.33,70.91,-2.24
2022-08-01,2022,8,"Coffee, Arabica",Beverages,($/kg),5.92,4.96,3.14,24.11,79.39,0.6
2022-09-01,2022,9,"Coffee, Arabica",Beverages,($/kg),5.9,-0.34,-2.16,18.71,82.66,-0.46
2022-10-01,2022,10,"Coffee, Arabica",Beverages,($/kg),5.29,-10.34,-6.21,-0.38,70.65,-2.45
2022-11-01,2022,11,"Coffee, Arabica",Beverages,($/kg),4.72,-10.78,-20.27,-17.34,51.77,-1.94
2022-12-01,2022,12,"Coffee, Arabica",Beverages,($/kg),4.63,-1.91,-21.53,-21.66,52.81,-0.08
2023-01-01,2023,1,"Coffee, Arabica",Beverages,($/kg),4.56,-1.51,-13.8,-23.75,49.02,0.06
2023-02-01,2023,2,"Coffee, Arabica",Beverages,($/kg),5.06,10.96,7.2,-17.99,68.67,2.32
2023-03-01,2023,3,"Coffee, Arabica",Beverages,($/kg),4.9,-3.16,5.83,-14.04,64.43,-0.26
2023-04-01,2023,4,"Coffee, Arabica",Beverages,($/kg),5.06,3.27,10.96,-13.5,70.95,0.68
2023-05-01,2023,5,"Coffee, Arabica",Beverages,($/kg),4.85,-4.15,-4.15,-15.51,62.21,-0.49
2023-06-01,2023,6,"Coffee, Arabica",Beverages,($/kg),4.57,-5.77,-6.73,-24.21,54.92,-0.71
2023-07-01,2023,7,"Coffee, Arabica",Beverages,($/kg),4.27,-6.56,-15.61,-24.29,48.26,-0.71
2023-08-01,2023,8,"Coffee, Arabica",Beverages,($/kg),4.12,-3.51,-15.05,-30.41,49.28,-0.22
2023-09-01,2023,9,"Coffee, Arabica",Beverages,($/kg),4.05,-1.7,-11.38,-31.36,51.69,0.19
2023-10-01,2023,10,"Coffee, Arabica",Beverages,($/kg),4.05,0.0,-5.15,-23.44,33.66,0.5
2023-11-01,2023,11,"Coffee, Arabica",Beverages,($/kg),4.35,7.41,5.58,-7.84,44.04,1.76
2023-12-01,2023,12,"Coffee, Arabica",Beverages,($/kg),4.65,6.9,14.81,0.43,66.07,1.41
2024-01-01,2024,1,"Coffee, Arabica",Beverages,($/kg),4.47,-3.87,10.37,-1.97,57.95,-0.71
2024-02-01,2024,2,"Coffee, Arabica",Beverages,($/kg),4.6,2.91,5.75,-9.09,62.54,0.51
2024-03-01,2024,3,"Coffee, Arabica",Beverages,($/kg),4.61,0.22,-0.86,-5.92,68.86,0.19
2024-04-01,2024,4,"Coffee, Arabica",Beverages,($/kg),5.27,14.32,17.9,4.15,97.38,3.13
2024-05-01,2024,5,"Coffee, Arabica",Beverages,($/kg),5.08,-3.61,10.43,4.74,90.98,-0.65
2024-06-01,2024,6,"Coffee, Arabica",Beverages,($/kg),5.48,7.87,18.87,19.91,91.61,1.17
2024-07-01,2024,7,"Coffee, Arabica",Beverages,($/kg),5.67,3.47,7.59,32.79,89.63,0.28
2024-08-01,2024,8,"Coffee, Arabica",Beverages,($/kg),5.76,1.59,13.39,39.81,107.19,-0.17
2024-09-01,2024,9,"Coffee, Arabica",Beverages,($/kg),6.12,6.25,11.68,51.11,115.49,0.61
2024-10-01,2024,10,"Coffee, Arabica",Beverages,($/kg),6.1,-0.33,7.58,50.62,117.86,-0.75
2024-11-01,2024,11,"Coffee, Arabica",Beverages,($/kg),6.72,10.16,16.67,54.48,116.08,1.25
2024-12-01,2024,12,"Coffee, Arabica",Beverages,($/kg),7.57,12.65,23.69,62.8,118.79,1.6
2025-01-01,2025,1,"Coffee, Arabica",Beverages,($/kg),7.81,3.17,28.03,74.72,149.52,-0.19
2025-02-01,2025,2,"Coffee, Arabica",Beverages,($/kg),9.05,15.88,34.67,96.74,202.68,2.01
2025-03-01,2025,3,"Coffee, Arabica",Beverages,($/kg),8.92,-1.44,17.83,93.49,172.78,-1.18
2025-04-01,2025,4,"Coffee, Arabica",Beverages,($/kg),8.64,-3.14,10.63,63.95,153.37,-1.4
2025-05-01,2025,5,"Coffee, Arabica",Beverages,($/kg),8.77,1.5,-3.09,72.64,165.76,-0.46
2025-06-01,2025,6,"Coffee, Arabica",Beverages,($/kg),8.01,-8.67,-10.2,46.17,156.73,-2.3
2025-07-01,2025,7,"Coffee, Arabica",Beverages,($/kg),7.18,-10.36,-16.9,26.63,121.6,-1.99
2025-08-01,2025,8,"Coffee, Arabica",Beverages,($/kg),8.08,12.53,-7.87,40.28,124.44,1.28
2025-09-01,2025,9,"Coffee, Arabica",Beverages,($/kg),8.83,9.28,10.24,44.28,140.6,0.72
2025-10-01,2025,10,"Coffee, Arabica",Beverages,($/kg),8.9,0.79,23.96,45.9,165.67,-0.31
2025-11-01,2025,11,"Coffee, Arabica",Beverages,($/kg),9.05,1.69,12.0,34.67,172.59,-0.21
2025-12-01,2025,12,"Coffee, Arabica",Beverages,($/kg),8.4,-7.18,-4.87,10.96,141.38,-1.2
2026-01-01,2026,1,"Coffee, Arabica",Beverages,($/kg),8.02,-4.52,-9.89,2.69,126.55,-0.69
2026-02-01,2026,2,"Coffee, Arabica",Beverages,($/kg),7.08,-11.72,-21.77,-21.77,92.92,-1.47
2026-03-01,2026,3,"Coffee, Arabica",Beverages,($/kg),7.37,4.1,-12.26,-17.38,100.27,0.78
2026-04-01,2026,4,"Coffee, Arabica",Beverages,($/kg),7.3,-0.95,-8.98,-15.51,96.24,0.05
2026-05-01,2026,5,"Coffee, Arabica",Beverages,($/kg),6.95,-4.79,-1.84,-20.75,69.1,-0.48
2026-06-01,2026,6,"Coffee, Arabica",Beverages,($/kg),6.79,-2.3,-7.87,-15.23,60.14,-0.08
2026-07-01,2026,7,"Coffee, Arabica",Beverages,($/kg),7.91,16.49,8.36,10.17,75.78,2.4
2026-08-01,2026,8,"Coffee, Arabica",Beverages,($/kg),7.97,0.76,14.68,-1.36,67.09,-0.04
2026-09-01,2026,9,"Coffee, Arabica",Beverages,($/kg),7.26,-8.91,6.92,-17.78,46.08,-1.21
1960-01-01,1960,1,"Coffee, Robusta",Beverages,($/kg),0.7,,,,,
1960-02-01,1960,2,"Coffee, Robusta",Beverages,($/kg),0.69,-1.43,,,,
1960-03-01,1960,3,"Coffee, Robusta",Beverages,($/kg),0.69,0.0,,,,
1960-04-01,1960,4,"Coffee, Robusta",Beverages,($/kg),0.68,-1.45,-2.86,,,
1960-05-01,1960,5,"Coffee, Robusta",Beverages,($/kg),0.69,1.47,0.0,,,
1960-06-01,1960,6,"Coffee, Robusta",Beverages,($/kg),0.7,1.45,1.45,,,
1960-07-01,1960,7,"Coffee, Robusta",Beverages,($/kg),0.69,-1.43,1.47,,,
1960-08-01,1960,8,"Coffee, Robusta",Beverages,($/kg),0.7,1.45,1.45,,,1.18
1960-09-01,1960,9,"Coffee, Robusta",Beverages,($/kg),0.7,0.0,0.0,,,-0.01
1960-10-01,1960,10,"Coffee, Robusta",Beverages,($/kg),0.71,1.43,2.9,,,1.06
1960-11-01,1960,11,"Coffee, Robusta",Beverages,($/kg),0.71,0.0,1.43,,,-0.12
1960-12-01,1960,12,"Coffee, Robusta",Beverages,($/kg),0.7,-1.41,0.0,,,-1.23
1961-01-01,1961,1,"Coffee, Robusta",Beverages,($/kg),0.68,-2.86,-4.23,-2.86,,-2.23
1961-02-01,1961,2,"Coffee, Robusta",Beverages,($/kg),0.68,0.0,-4.23,-1.45,,0.16
1961-03-01,1961,3,"Coffee, Robusta",Beverages,($/kg),0.67,-1.47,-4.29,-2.9,,-0.95
1961-04-01,1961,4,"Coffee, Robusta",Beverages,($/kg),0.66,-1.49,-2.94,-2.94,,-0.85
1961-05-01,1961,5,"Coffee, Robusta",Beverages,($/kg),0.66,0.0,-2.94,-4.35,,0.16
1961-06-01,1961,6,"Coffee, Robusta",Beverages,($/kg),0.67,1.52,0.0,-4.29,,1.35
1961-07-01,1961,7,"Coffee, Robusta",Beverages,($/kg),0.67,0.0,1.52,-2.9,,0.25
1961-08-01,1961,8,"Coffee, Robusta",Beverages,($/kg),0.67,0.0,1.52,-4.29,,0.17
1961-09-01,1961,9,"Coffee, Robusta",Beverages,($/kg),0.67,0.0,0.0,-4.29,,0.28
1961-10-01,1961,10,"Coffee, Robusta",Beverages,($/kg),0.67,0.0,0.0,-5.63,,0.28
1961-11-01,1961,11,"Coffee, Robusta",Beverages,($/kg),0.67,0.0,0.0,-5.63,,0.42
1961-12-01,1961,12,"Coffee, Robusta",Beverages,($/kg),0.67,0.0,0.0,-4.29,,0.42
1962-01-01,1962,1,"Coffee, Robusta",Beverages,($/kg),0.67,0.0,0.0,-1.47,,0.33
1962-02-01,1962,2,"Coffee, Robusta",Beverages,($/kg),0.67,0.0,0.0,-1.47,,0.16
1962-03-01,1962,3,"Coffee, Robusta",Beverages,($/kg),0.67,0.0,0.0,0.0,,0.16
1962-04-01,1962,4,"Coffee, Robusta",Beverages,($/kg),0.67,0.0,0.0,1.52,,-0.0
1962-05-01,1962,5,"Coffee, Robusta",Beverages,($/kg),0.67,0.0,0.0,1.52,,-0.29
1962-06-01,1962,6,"Coffee, Robusta",Beverages,($/kg),0.67,0.0,0.0,0.0,,-0.29
1962-07-01,1962,7,"Coffee, Robusta",Beverages,($/kg),0.68,1.49,1.49,1.49,,0.0
1962-08-01,1962,8,"Coffee, Robusta",Beverages,($/kg),0.68,0.0,1.49,1.49,,-0.29
1962-09-01,1962,9,"Coffee, Robusta",Beverages,($/kg),0.69,1.47,2.99,2.99,,3.12
1962-10-01,1962,10,"Coffee, Robusta",Beverages,($/kg),0.69,0.0,1.47,2.99,,-0.43
1962-11-01,1962,11,"Coffee, Robusta",Beverages,($/kg),0.69,0.0,1.47,2.99,,-0.43
1962-12-01,1962,12,"Coffee, Robusta",Beverages,($/kg),0.72,4.35,4.35,7.46,,7.11
1963-01-01,1963,1,"Coffee, Robusta",Beverages,($/kg),0.65,-9.72,-5.8,-2.99,,-7.89
1963-02-01,1963,2,"Coffee, Robusta",Beverages,($/kg),0.61,-6.15,-11.59,-8.96,,-1.82
1963-03-01,1963,3,"Coffee, Robusta",Beverages,($/kg),0.62,1.64,-13.89,-7.46,,0.64
1963-04-01,1963,4,"Coffee, Robusta",Beverages,($/kg),0.62,0.0,-4.62,-7.46,,0.15
1963-05-01,1963,5,"Coffee, Robusta",Beverages,($/kg),0.61,-1.61,0.0,-8.96,,-0.28
1963-06-01,1963,6,"Coffee, Robusta",Beverages,($/kg),0.61,0.0,-1.61,-8.96,,0.19
1963-07-01,1963,7,"Coffee, Robusta",Beverages,($/kg),0.62,1.64,0.0,-8.82,,0.63
1963-08-01,1963,8,"Coffee, Robusta",Beverages,($/kg),0.61,-1.61,0.0,-10.29,,-0.24
1963-09-01,1963,9,"Coffee, Robusta",Beverages,($/kg),0.62,1.64,1.64,-10.14,,0.66
1963-10-01,1963,10,"Coffee, Robusta",Beverages,($/kg),0.63,1.61,1.61,-8.7,,0.64
1963-11-01,1963,11,"Coffee, Robusta",Beverages,($/kg),0.63,0.0,3.28,-8.7,,0.18
1963-12-01,1963,12,"Coffee, Robusta",Beverages,($/kg),0.65,3.17,4.84,-9.72,,1.01
1964-01-01,1964,1,"Coffee, Robusta",Beverages,($/kg),0.7,7.69,11.11,7.69,,2.29
1964-02-01,1964,2,"Coffee, Robusta",Beverages,($/kg),0.72,2.86,14.29,18.03,,0.67
1964-03-01,1964,3,"Coffee, Robusta",Beverages,($/kg),0.78,8.33,20.0,25.81,,2.76
1964-04-01,1964,4,"Coffee, Robusta",Beverages,($/kg),0.82,5.13,17.14,32.26,,0.98
1964-05-01,1964,5,"Coffee, Robusta",Beverages,($/kg),0.83,1.22,15.28,36.07,,-0.36
1964-06-01,1964,6,"Coffee, Robusta",Beverages,($/kg),0.85,2.41,8.97,39.34,,-0.08
1964-07-01,1964,7,"Coffee, Robusta",Beverages,($/kg),0.82,-3.53,0.0,32.26,,-2.18
1964-08-01,1964,8,"Coffee, Robusta",Beverages,($/kg),0.82,0.0,-1.2,34.43,,-0.7
1964-09-01,1964,9,"Coffee, Robusta",Beverages,($/kg),0.79,-3.66,-7.06,27.42,,-1.87
1964-10-01,1964,10,"Coffee, Robusta",Beverages,($/kg),0.77,-2.53,-6.1,22.22,,-1.23
1964-11-01,1964,11,"Coffee, Robusta",Beverages,($/kg),0.79,2.6,-3.66,25.4,,0.21
1964-12-01,1964,12,"Coffee, Robusta",Beverages,($/kg),0.76,-3.8,-3.8,16.92,,-1.46
1965-01-01,1965,1,"Coffee, Robusta",Beverages,($/kg),0.63,-17.11,-18.18,-10.0,-10.0,-4.33
1965-02-01,1965,2,"Coffee, Robusta",Beverages,($/kg),0.64,1.59,-18.99,-11.11,-7.25,0.35
1965-03-01,1965,3,"Coffee, Robusta",Beverages,($/kg),0.58,-9.38,-23.68,-25.64,-15.94,-1.35
1965-04-01,1965,4,"Coffee, Robusta",Beverages,($/kg),0.55,-5.17,-12.7,-32.93,-19.12,-0.48
1965-05-01,1965,5,"Coffee, Robusta",Beverages,($/kg),0.49,-10.91,-23.44,-40.96,-28.99,-1.37
1965-06-01,1965,6,"Coffee, Robusta",Beverages,($/kg),0.61,24.49,5.17,-28.24,-12.86,4.84
1965-07-01,1965,7,"Coffee, Robusta",Beverages,($/kg),0.72,18.03,30.91,-12.2,4.35,2.01
1965-08-01,1965,8,"Coffee, Robusta",Beverages,($/kg),0.79,9.72,61.22,-3.66,12.86,0.88
1965-09-01,1965,9,"Coffee, Robusta",Beverages,($/kg),0.78,-1.27,27.87,-1.27,11.43,-0.13
1965-10-01,1965,10,"Coffee, Robusta",Beverages,($/kg),0.81,3.85,12.5,5.19,14.08,0.28
1965-11-01,1965,11,"Coffee, Robusta",Beverages,($/kg),0.76,-6.17,-3.8,-3.8,7.04,-0.6
1965-12-01,1965,12,"Coffee, Robusta",Beverages,($/kg),0.79,3.95,1.28,3.95,12.86,0.3
1966-01-01,1966,1,"Coffee, Robusta",Beverages,($/kg),0.8,1.27,-1.23,26.98,17.65,0.02
1966-02-01,1966,2,"Coffee, Robusta",Beverages,($/kg),0.76,-5.0,0.0,18.75,11.76,-0.7
1966-03-01,1966,3,"Coffee, Robusta",Beverages,($/kg),0.74,-2.63,-6.33,27.59,10.45,-0.42
1966-04-01,1966,4,"Coffee, Robusta",Beverages,($/kg),0.76,2.7,-5.0,38.18,15.15,0.02
1966-05-01,1966,5,"Coffee, Robusta",Beverages,($/kg),0.77,1.32,1.32,57.14,16.67,-0.18
1966-06-01,1966,6,"Coffee, Robusta",Beverages,($/kg),0.74,-3.9,0.0,21.31,10.45,-0.88
1966-07-01,1966,7,"Coffee, Robusta",Beverages,($/kg),0.73,-1.35,-3.95,1.39,8.96,-0.47
1966-08-01,1966,8,"Coffee, Robusta",Beverages,($/kg),0.72,-1.37,-6.49,-8.86,7.46,-0.35
1966-09-01,1966,9,"Coffee, Robusta",Beverages,($/kg),0.7,-2.78,-5.41,-10.26,4.48,-0.61
1966-10-01,1966,10,"Coffee, Robusta",Beverages,($/kg),0.72,2.86,-1.37,-11.11,7.46,1.08
1966-11-01,1966,11,"Coffee, Robusta",Beverages,($/kg),0.72,0.0,0.0,-5.26,7.46,0.28
1966-12-01,1966,12,"Coffee, Robusta",Beverages,($/kg),0.72,0.0,2.86,-8.86,7.46,0.14
1967-01-01,1967,1,"Coffee, Robusta",Beverages,($/kg),0.71,-1.39,-1.39,-11.25,5.97,-0.26
1967-02-01,1967,2,"Coffee, Robusta",Beverages,($/kg),0.73,2.82,1.39,-3.95,8.96,1.54
1967-03-01,1967,3,"Coffee, Robusta",Beverages,($/kg),0.73,0.0,1.39,-1.35,8.96,0.13
1967-04-01,1967,4,"Coffee, Robusta",Beverages,($/kg),0.75,2.74,5.63,-1.32,11.94,1.28
1967-05-01,1967,5,"Coffee, Robusta",Beverages,($/kg),0.77,2.67,5.48,0.0,14.93,1.25
1967-06-01,1967,6,"Coffee, Robusta",Beverages,($/kg),0.78,1.3,6.85,5.41,16.42,0.55
1967-07-01,1967,7,"Coffee, Robusta",Beverages,($/kg),0.74,-5.13,-1.33,1.37,8.82,-2.82
1967-08-01,1967,8,"Coffee, Robusta",Beverages,($/kg),0.72,-2.7,-6.49,0.0,5.88,-1.13
1967-09-01,1967,9,"Coffee, Robusta",Beverages,($/kg),0.72,0.0,-7.69,2.86,4.35,-0.01
1967-10-01,1967,10,"Coffee, Robusta",Beverages,($/kg),0.73,1.39,-1.35,1.39,5.8,0.46
1967-11-01,1967,11,"Coffee, Robusta",Beverages,($/kg),0.75,2.74,4.17,4.17,8.7,1.1
1967-12-01,1967,12,"Coffee, Robusta",Beverages,($/kg),0.75,0.0,4.17,4.17,4.17,-0.15
1968-01-01,1968,1,"Coffee, Robusta",Beverages,($/kg),0.76,1.33,4.11,7.04,16.92,0.39
1968-02-01,1968,2,"Coffee, Robusta",Beverages,($/kg),0.76,0.0,1.33,4.11,24.59,-0.25
1968-03-01,1968,3,"Coffee, Robusta",Beverages,($/kg),0.75,-1.32,0.0,2.74,20.97,-0.72
1968-04-01,1968,4,"Coffee, Robusta",Beverages,($/kg),0.75,0.0,-1.32,0.0,20.97,-0.11
1968-05-01,1968,5,"Coffee, Robusta",Beverages,($/kg),0.76,1.33,0.0,-1.3,24.59,0.58
1968-06-01,1968,6,"Coffee, Robusta",Beverages,($/kg),0.76,0.0,1.33,-2.56,24.59,0.04
1968-07-01,1968,7,"Coffee, Robusta",Beverages,($/kg),0.75,-1.32,0.0,1.35,20.97,-0.54
1968-08-01,1968,8,"Coffee, Robusta",Beverages,($/kg),0.75,0.0,-1.32,4.17,22.95,-0.08
1968-09-01,1968,9,"Coffee, Robusta",Beverages,($/kg),0.75,0.0,-1.32,4.17,20.97,-0.3
1968-10-01,1968,10,"Coffee, Robusta",Beverages,($/kg),0.74,-1.33,-1.33,1.37,17.46,-1.44
1968-11-01,1968,11,"Coffee, Robusta",Beverages,($/kg),0.72,-2.7,-4.0,-4.0,14.29,-2.33
1968-12-01,1968,12,"Coffee, Robusta",Beverages,($/kg),0.71,-1.39,-5.33,-5.33,9.23,-0.91
1969-01-01,1969,1,"Coffee, Robusta",Beverages,($/kg),0.71,0.0,-4.05,-6.58,1.43,0.38
1969-02-01,1969,2,"Coffee, Robusta",Beverages,($/kg),0.71,0.0,-1.39,-6.58,-1.39,0.53
1969-03-01,1969,3,"Coffee, Robusta",Beverages,($/kg),0.69,-2.82,-2.82,-8.0,-11.54,-2.12
1969-04-01,1969,4,"Coffee, Robusta",Beverages,($/kg),0.66,-4.35,-7.04,-12.0,-19.51,-2.96
1969-05-01,1969,5,"Coffee, Robusta",Beverages,($/kg),0.65,-1.52,-8.45,-14.47,-21.69,-0.29
1969-06-01,1969,6,"Coffee, Robusta",Beverages,($/kg),0.68,4.62,-1.45,-10.53,-20.0,4.17
1969-07-01,1969,7,"Coffee, Robusta",Beverages,($/kg),0.69,1.47,4.55,-8.0,-15.85,1.08
1969-08-01,1969,8,"Coffee, Robusta",Beverages,($/kg),0.72,4.35,10.77,-4.0,-12.2,2.18
1969-09-01,1969,9,"Coffee, Robusta",Beverages,($/kg),0.76,5.56,11.76,1.33,-3.8,2.15
1969-10-01,1969,10,"Coffee, Robusta",Beverages,($/kg),0.85,11.84,23.19,14.86,10.39,3.64
1969-11-01,1969,11,"Coffee, Robusta",Beverages,($/kg),0.82,-3.53,13.89,13.89,3.8,-1.04
1969-12-01,1969,12,"Coffee, Robusta",Beverages,($/kg),0.83,1.22,9.21,16.9,9.21,0.01
1970-01-01,1970,1,"Coffee, Robusta",Beverages,($/kg),0.86,3.61,1.18,21.13,36.51,0.48
1970-02-01,1970,2,"Coffee, Robusta",Beverages,($/kg),0.85,-1.16,3.66,19.72,32.81,-0.62
1970-03-01,1970,3,"Coffee, Robusta",Beverages,($/kg),0.87,2.35,4.82,26.09,50.0,0.16
1970-04-01,1970,4,"Coffee, Robusta",Beverages,($/kg),0.91,4.6,5.81,37.88,65.45,0.57
1970-05-01,1970,5,"Coffee, Robusta",Beverages,($/kg),0.94,3.3,10.59,44.62,91.84,0.13
1970-06-01,1970,6,"Coffee, Robusta",Beverages,($/kg),0.93,-1.06,6.9,36.76,52.46,-1.12
1970-07-01,1970,7,"Coffee, Robusta",Beverages,($/kg),0.94,1.08,3.3,36.23,30.56,-0.42
1970-08-01,1970,8,"Coffee, Robusta",Beverages,($/kg),0.94,0.0,0.0,30.56,18.99,-0.68
1970-09-01,1970,9,"Coffee, Robusta",Beverages,($/kg),0.94,0.0,1.08,23.68,20.51,-0.58
1970-10-01,1970,10,"Coffee, Robusta",Beverages,($/kg),0.94,0.0,0.0,10.59,16.05,-0.48
1970-11-01,1970,11,"Coffee, Robusta",Beverages,($/kg),0.92,-2.13,-2.13,12.2,21.05,-1.29
1970-12-01,1970,12,"Coffee, Robusta",Beverages,($/kg),0.92,0.0,-2.13,10.84,16.46,-0.47
1971-01-01,1971,1,"Coffee, Robusta",Beverages,($/kg),0.93,1.09,-1.06,8.14,16.25,0.1
1971-02-01,1971,2,"Coffee, Robusta",Beverages,($/kg),0.93,0.0,1.09,9.41,22.37,-0.35
1971-03-01,1971,3,"Coffee, Robusta",Beverages,($/kg),0.94,1.08,2.17,8.05,27.03,0.16
1971-04-01,1971,4,"Coffee, Robusta",Beverages,($/kg),0.94,0.0,1.08,3.3,23.68,-0.37
1971-05-01,1971,5,"Coffee, Robusta",Beverages,($/kg),0.94,0.0,1.08,0.0,22.08,-0.21
1971-06-01,1971,6,"Coffee, Robusta",Beverages,($/kg),0.93,-1.06,-1.06,0.0,25.68,-1.17
1971-07-01,1971,7,"Coffee, Robusta",Beverages,($/kg),0.93,0.0,-1.06,-1.06,27.4,-0.0
1971-08-01,1971,8,"Coffee, Robusta",Beverages,($/kg),0.93,0.0,-1.06,-1.06,29.17,0.1
1971-09-01,1971,9,"Coffee, Robusta",Beverages,($/kg),0.92,-1.08,-1.08,-2.13,31.43,-1.17
1971-10-01,1971,10,"Coffee, Robusta",Beverages,($/kg),0.92,0.0,-1.08,-2.13,27.78,0.2
1971-11-01,1971,11,"Coffee, Robusta",Beverages,($/kg),0.93,1.09,0.0,1.09,29.17,1.41
1971-12-01,1971,12,"Coffee, Robusta",Beverages,($/kg),0.94,1.08,2.17,2.17,30.56,1.36
1972-01-01,1972,1,"Coffee, Robusta",Beverages,($/kg),0.93,-1.06,1.09,0.0,30.99,-1.61
1972-02-01,1972,2,"Coffee, Robusta",Beverages,($/kg),0.93,0.0,0.0,0.0,27.4,-0.0
1972-03-01,1972,3,"Coffee, Robusta",Beverages,($/kg),0.95,2.15,1.06,1.06,30.14,2.71
1972-04-01,1972,4,"Coffee, Robusta",Beverages,($/kg),0.96,1.05,3.23,2.13,28.0,0.99
1972-05-01,1972,5,"Coffee, Robusta",Beverages,($/kg),0.96,0.0,3.23,2.13,24.68,-0.18
1972-06-01,1972,6,"Coffee, Robusta",Beverages,($/kg),0.96,0.0,1.05,3.23,23.08,-0.18
1972-07-01,1972,7,"Coffee, Robusta",Beverages,($/kg),1.04,8.33,8.33,11.83,40.54,8.68
1972-08-01,1972,8,"Coffee, Robusta",Beverages,($/kg),1.04,0.0,8.33,11.83,44.44,-0.39
1972-09-01,1972,9,"Coffee, Robusta",Beverages,($/kg),1.03,-0.96,7.29,11.96,43.06,-0.77
1972-10-01,1972,10,"Coffee, Robusta",Beverages,($/kg),1.04,0.97,0.0,13.04,42.47,-0.0
1972-11-01,1972,11,"Coffee, Robusta",Beverages,($/kg),1.04,0.0,0.0,11.83,38.67,-0.43
1972-12-01,1972,12,"Coffee, Robusta",Beverages,($/kg),1.05,0.96,1.94,11.7,40.0,-0.0
1973-01-01,1973,1,"Coffee, Robusta",Beverages,($/kg),1.05,0.0,0.96,12.9,38.16,-0.38
1973-02-01,1973,2,"Coffee, Robusta",Beverages,($/kg),1.09,3.81,4.81,17.2,43.42,1.14
1973-03-01,1973,3,"Coffee, Robusta",Beverages,($/kg),1.11,1.83,5.71,16.84,48.0,0.19
1973-04-01,1973,4,"Coffee, Robusta",Beverages,($/kg),1.08,-2.7,2.86,12.5,44.0,-1.6
1973-05-01,1973,5,"Coffee, Robusta",Beverages,($/kg),1.07,-0.93,-1.83,11.46,40.79,-0.7
1973-06-01,1973,6,"Coffee, Robusta",Beverages,($/kg),1.08,0.93,-2.7,12.5,42.11,-0.0
1973-07-01,1973,7,"Coffee, Robusta",Beverages,($/kg),1.06,-1.85,-1.85,1.92,41.33,-1.02
1973-08-01,1973,8,"Coffee, Robusta",Beverages,($/kg),1.04,-1.89,-2.8,0.0,38.67,-1.19
1973-09-01,1973,9,"Coffee, Robusta",Beverages,($/kg),1.1,5.77,1.85,6.8,46.67,3.15
1973-10-01,1973,10,"Coffee, Robusta",Beverages,($/kg),1.15,4.55,8.49,10.58,55.41,1.63
1973-11-01,1973,11,"Coffee, Robusta",Beverages,($/kg),1.17,1.74,12.5,12.5,62.5,0.32
1973-12-01,1973,12,"Coffee, Robusta",Beverages,($/kg),1.19,1.71,8.18,13.33,67.61,0.26
1974-01-01,1974,1,"Coffee, Robusta",Beverages,($/kg),1.23,3.36,6.96,17.14,73.24,0.85
1974-02-01,1974,2,"Coffee, Robusta",Beverages,($/kg),1.33,8.13,13.68,22.02,87.32,2.47
1974-03-01,1974,3,"Coffee, Robusta",Beverages,($/kg),1.38,3.76,15.97,24.32,100.0,0.61
1974-04-01,1974,4,"Coffee, Robusta",Beverages,($/kg),1.41,2.17,14.63,30.56,113.64,0.09
1974-05-01,1974,5,"Coffee, Robusta",Beverages,($/kg),1.42,0.71,6.77,32.71,118.46,-0.52
1974-06-01,1974,6,"Coffee, Robusta",Beverages,($/kg),1.36,-4.23,-1.45,25.93,100.0,-2.28
1974-07-01,1974,7,"Coffee, Robusta",Beverages,($/kg),1.3,-4.41,-7.8,22.64,88.41,-1.84
1974-08-01,1974,8,"Coffee, Robusta",Beverages,($/kg),1.23,-5.38,-13.38,18.27,70.83,-1.88
1974-09-01,1974,9,"Coffee, Robusta",Beverages,($/kg),1.19,-3.25,-12.5,8.18,56.58,-1.12
1974-10-01,1974,10,"Coffee, Robusta",Beverages,($/kg),1.21,1.68,-6.92,5.22,42.35,0.22
1974-11-01,1974,11,"Coffee, Robusta",Beverages,($/kg),1.23,1.65,0.0,5.13,50.0,0.29
1974-12-01,1974,12,"Coffee, Robusta",Beverages,($/kg),1.22,-0.81,2.52,2.52,46.99,-0.32
1975-01-01,1975,1,"Coffee, Robusta",Beverages,($/kg),1.2,-1.64,-0.83,-2.44,39.53,-0.48
1975-02-01,1975,2,"Coffee, Robusta",Beverages,($/kg),1.15,-4.17,-6.5,-13.53,35.29,-1.02
1975-03-01,1975,3,"Coffee, Robusta",Beverages,($/kg),1.09,-5.22,-10.66,-21.01,25.29,-1.3
1975-04-01,1975,4,"Coffee, Robusta",Beverages,($/kg),1.08,-0.92,-10.0,-23.4,18.68,0.34
1975-05-01,1975,5,"Coffee, Robusta",Beverages,($/kg),1.05,-2.78,-8.7,-26.06,11.7,-0.23
1975-06-01,1975,6,"Coffee, Robusta",Beverages,($/kg),1.09,3.81,0.0,-19.85,17.2,2.55
1975-07-01,1975,7,"Coffee, Robusta",Beverages,($/kg),1.29,18.35,19.44,-0.77,37.23,6.77
1975-08-01,1975,8,"Coffee, Robusta",Beverages,($/kg),1.7,31.78,61.9,38.21,80.85,4.94
1975-09-01,1975,9,"Coffee, Robusta",Beverages,($/kg),1.68,-1.18,54.13,41.18,78.72,-0.4
1975-10-01,1975,10,"Coffee, Robusta",Beverages,($/kg),1.61,-4.17,24.81,33.06,71.28,-0.7
1975-11-01,1975,11,"Coffee, Robusta",Beverages,($/kg),1.57,-2.48,-7.65,27.64,70.65,-0.49
1975-12-01,1975,12,"Coffee, Robusta",Beverages,($/kg),1.63,3.82,-2.98,33.61,77.17,0.11
1976-01-01,1976,1,"Coffee, Robusta",Beverages,($/kg),1.74,6.75,8.07,45.0,87.1,0.34
1976-02-01,1976,2,"Coffee, Robusta",Beverages,($/kg),1.82,4.6,15.92,58.26,95.7,0.09
1976-03-01,1976,3,"Coffee, Robusta",Beverages,($/kg),1.82,0.0,11.66,66.97,93.62,-0.41
1976-04-01,1976,4,"Coffee, Robusta",Beverages,($/kg),2.38,30.77,36.78,120.37,153.19,2.49
1976-05-01,1976,5,"Coffee, Robusta",Beverages,($/kg),2.68,12.61,47.25,155.24,185.11,0.41
1976-06-01,1976,6,"Coffee, Robusta",Beverages,($/kg),2.87,7.09,57.69,163.3,208.6,-0.13
1976-07-01,1976,7,"Coffee, Robusta",Beverages,($/kg),2.78,-3.14,16.81,115.5,198.92,-0.99
1976-08-01,1976,8,"Coffee, Robusta",Beverages,($/kg),2.92,5.04,8.96,71.76,213.98,-0.18
1976-09-01,1976,9,"Coffee, Robusta",Beverages,($/kg),3.02,3.42,5.23,79.76,228.26,-0.16
1976-10-01,1976,10,"Coffee, Robusta",Beverages,($/kg),3.35,10.93,20.5,108.07,264.13,0.6
1976-11-01,1976,11,"Coffee, Robusta",Beverages,($/kg),3.89,16.12,33.22,147.77,318.28,1.06
1976-12-01,1976,12,"Coffee, Robusta",Beverages,($/kg),4.5,15.68,49.01,176.07,378.72,0.85
1977-01-01,1977,1,"Coffee, Robusta",Beverages,($/kg),4.77,6.0,42.39,174.14,412.9,-0.35
1977-02-01,1977,2,"Coffee, Robusta",Beverages,($/kg),5.43,13.84,39.59,198.35,483.87,0.53
1977-03-01,1977,3,"Coffee, Robusta",Beverages,($/kg),6.75,24.31,50.0,270.88,610.53,1.61
1977-04-01,1977,4,"Coffee, Robusta",Beverages,($/kg),6.88,1.93,44.23,189.08,616.67,-1.07
1977-05-01,1977,5,"Coffee, Robusta",Beverages,($/kg),5.94,-13.66,9.39,121.64,518.75,-3.07
1977-06-01,1977,6,"Coffee, Robusta",Beverages,($/kg),4.94,-16.84,-26.81,72.13,414.58,-2.42
1977-07-01,1977,7,"Coffee, Robusta",Beverages,($/kg),4.33,-12.35,-37.06,55.76,316.35,-1.45
1977-08-01,1977,8,"Coffee, Robusta",Beverages,($/kg),4.48,3.46,-24.58,53.42,330.77,-0.08
1977-09-01,1977,9,"Coffee, Robusta",Beverages,($/kg),4.44,-0.89,-10.12,47.02,331.07,-0.41
1977-10-01,1977,10,"Coffee, Robusta",Beverages,($/kg),3.83,-13.74,-11.55,14.33,268.27,-1.36
1977-11-01,1977,11,"Coffee, Robusta",Beverages,($/kg),3.68,-3.92,-17.86,-5.4,253.85,-0.43
1977-12-01,1977,12,"Coffee, Robusta",Beverages,($/kg),3.72,1.09,-16.22,-17.33,254.29,0.06
1978-01-01,1978,1,"Coffee, Robusta",Beverages,($/kg),3.9,4.84,1.83,-18.24,271.43,0.47
1978-02-01,1978,2,"Coffee, Robusta",Beverages,($/kg),3.85,-1.28,4.62,-29.1,253.21,-0.02
1978-03-01,1978,3,"Coffee, Robusta",Beverages,($/kg),3.48,-9.61,-6.45,-48.44,213.51,-0.65
1978-04-01,1978,4,"Coffee, Robusta",Beverages,($/kg),3.19,-8.33,-18.21,-53.63,195.37,-0.42
1978-05-01,1978,5,"Coffee, Robusta",Beverages,($/kg),3.0,-5.96,-22.08,-49.49,180.37,-0.0
1978-06-01,1978,6,"Coffee, Robusta",Beverages,($/kg),3.33,11.0,-4.31,-32.59,208.33,2.33
1978-07-01,1978,7,"Coffee, Robusta",Beverages,($/kg),2.79,-16.22,-12.54,-35.57,163.21,-1.78
1978-08-01,1978,8,"Coffee, Robusta",Beverages,($/kg),2.83,1.43,-5.67,-36.83,172.12,0.6
1978-09-01,1978,9,"Coffee, Robusta",Beverages,($/kg),3.24,14.49,-2.7,-27.03,194.55,2.3
1978-10-01,1978,10,"Coffee, Robusta",Beverages,($/kg),3.31,2.16,18.64,-13.58,187.83,0.46
1978-11-01,1978,11,"Coffee, Robusta",Beverages,($/kg),3.18,-3.93,12.37,-13.59,171.79,-0.35
1978-12-01,1978,12,"Coffee, Robusta",Beverages,($/kg),2.91,-8.49,-10.19,-21.77,144.54,-0.88
1979-01-01,1979,1,"Coffee, Robusta",Beverages,($/kg),2.94,1.03,-11.18,-24.62,139.02,0.3
1979-02-01,1979,2,"Coffee, Robusta",Beverages,($/kg),2.92,-0.68,-8.18,-24.16,119.55,0.15
1979-03-01,1979,3,"Coffee, Robusta",Beverages,($/kg),2.98,2.05,2.41,-14.37,115.94,0.45
1979-04-01,1979,4,"Coffee, Robusta",Beverages,($/kg),3.13,5.03,6.46,-1.88,121.99,0.71
1979-05-01,1979,5,"Coffee, Robusta",Beverages,($/kg),3.26,4.15,11.64,8.67,129.58,0.48
1979-06-01,1979,6,"Coffee, Robusta",Beverages,($/kg),4.16,27.61,39.6,24.92,205.88,3.28
1979-07-01,1979,7,"Coffee, Robusta",Beverages,($/kg),4.32,3.85,38.02,54.84,232.31,0.13
1979-08-01,1979,8,"Coffee, Robusta",Beverages,($/kg),4.01,-7.18,23.01,41.7,226.02,-1.22
1979-09-01,1979,9,"Coffee, Robusta",Beverages,($/kg),4.23,5.49,1.68,30.56,255.46,0.22
1979-10-01,1979,10,"Coffee, Robusta",Beverages,($/kg),4.06,-4.02,-6.02,22.66,235.54,-0.72
1979-11-01,1979,11,"Coffee, Robusta",Beverages,($/kg),3.91,-3.69,-2.49,22.96,217.89,-0.62
1979-12-01,1979,12,"Coffee, Robusta",Beverages,($/kg),3.9,-0.26,-7.8,34.02,219.67,-0.25
1980-01-01,1980,1,"Coffee, Robusta",Beverages,($/kg),3.57,-8.46,-12.07,21.43,197.5,-1.28
1980-02-01,1980,2,"Coffee, Robusta",Beverages,($/kg),3.55,-0.56,-9.21,21.58,208.7,-0.27
1980-03-01,1980,3,"Coffee, Robusta",Beverages,($/kg),3.72,4.79,-4.62,24.83,241.28,0.3
1980-04-01,1980,4,"Coffee, Robusta",Beverages,($/kg),3.65,-1.88,2.24,16.61,237.96,-0.44
1980-05-01,1980,5,"Coffee, Robusta",Beverages,($/kg),3.88,6.3,9.3,19.02,269.52,0.49
1980-06-01,1980,6,"Coffee, Robusta",Beverages,($/kg),3.76,-3.09,1.08,-9.62,244.95,-0.52
1980-07-01,1980,7,"Coffee, Robusta",Beverages,($/kg),3.28,-12.77,-10.14,-24.07,154.26,-2.44
1980-08-01,1980,8,"Coffee, Robusta",Beverages,($/kg),2.95,-10.06,-23.97,-26.43,73.53,-1.37
1980-09-01,1980,9,"Coffee, Robusta",Beverages,($/kg),2.76,-6.44,-26.6,-34.75,64.29,-0.67
1980-10-01,1980,10,"Coffee, Robusta",Beverages,($/kg),2.72,-1.45,-17.07,-33.0,68.94,0.34
1980-11-01,1980,11,"Coffee, Robusta",Beverages,($/kg),2.52,-7.35,-14.58,-35.55,60.51,-0.75
1980-12-01,1980,12,"Coffee, Robusta",Beverages,($/kg),2.55,1.19,-7.61,-34.62,56.44,0.8
1981-01-01,1981,1,"Coffee, Robusta",Beverages,($/kg),2.63,3.14,-3.31,-26.33,51.15,1.1
1981-02-01,1981,2,"Coffee, Robusta",Beverages,($/kg),2.49,-5.32,-1.19,-29.86,36.81,-0.5
1981-03-01,1981,3,"Coffee, Robusta",Beverages,($/kg),2.47,-0.8,-3.14,-33.6,35.71,0.33
1981-04-01,1981,4,"Coffee, Robusta",Beverages,($/kg),2.45,-0.81,-6.84,-32.88,2.94,0.44
1981-05-01,1981,5,"Coffee, Robusta",Beverages,($/kg),2.35,-4.08,-5.62,-39.43,-12.31,-0.17
1981-06-01,1981,6,"Coffee, Robusta",Beverages,($/kg),1.86,-20.85,-24.7,-50.53,-35.19,-3.62
1981-07-01,1981,7,"Coffee, Robusta",Beverages,($/kg),1.94,4.3,-20.82,-40.85,-30.22,1.46
1981-08-01,1981,8,"Coffee, Robusta",Beverages,($/kg),1.98,2.06,-15.74,-32.88,-32.19,0.89
1981-09-01,1981,9,"Coffee, Robusta",Beverages,($/kg),1.97,-0.51,5.91,-28.62,-34.77,0.37
1981-10-01,1981,10,"Coffee, Robusta",Beverages,($/kg),2.17,10.15,11.86,-20.22,-35.22,1.89
1981-11-01,1981,11,"Coffee, Robusta",Beverages,($/kg),2.31,6.45,16.67,-8.33,-40.62,1.05
1981-12-01,1981,12,"Coffee, Robusta",Beverages,($/kg),2.27,-1.73,15.23,-10.98,-49.56,-0.17
1982-01-01,1982,1,"Coffee, Robusta",Beverages,($/kg),2.31,1.76,6.45,-12.17,-51.57,0.31
1982-02-01,1982,2,"Coffee, Robusta",Beverages,($/kg),2.52,9.09,9.09,1.2,-53.59,1.29
1982-03-01,1982,3,"Coffee, Robusta",Beverages,($/kg),2.47,-1.98,8.81,0.0,-63.41,-0.3
1982-04-01,1982,4,"Coffee, Robusta",Beverages,($/kg),2.35,-4.86,1.73,-4.08,-65.84,-0.64
1982-05-01,1982,5,"Coffee, Robusta",Beverages,($/kg),2.28,-2.98,-9.52,-2.98,-61.62,-0.36
1982-06-01,1982,6,"Coffee, Robusta",Beverages,($/kg),2.24,-1.75,-9.31,20.43,-54.66,-0.23
1982-07-01,1982,7,"Coffee, Robusta",Beverages,($/kg),2.17,-3.13,-7.66,11.86,-49.88,-0.98
1982-08-01,1982,8,"Coffee, Robusta",Beverages,($/kg),2.25,3.69,-1.32,13.64,-49.78,0.53
1982-09-01,1982,9,"Coffee, Robusta",Beverages,($/kg),2.41,7.11,7.59,22.34,-45.72,1.18
1982-10-01,1982,10,"Coffee, Robusta",Beverages,($/kg),2.59,7.47,19.35,19.35,-32.38,1.07
1982-11-01,1982,11,"Coffee, Robusta",Beverages,($/kg),2.69,3.86,19.56,16.45,-26.9,0.46
1982-12-01,1982,12,"Coffee, Robusta",Beverages,($/kg),2.82,4.83,17.01,24.23,-24.19,0.72
1983-01-01,1983,1,"Coffee, Robusta",Beverages,($/kg),2.75,-2.48,6.18,19.05,-29.49,-0.93
1983-02-01,1983,2,"Coffee, Robusta",Beverages,($/kg),2.68,-2.55,-0.37,6.35,-30.39,-0.84
1983-03-01,1983,3,"Coffee, Robusta",Beverages,($/kg),2.67,-0.37,-5.32,8.1,-23.28,-0.22
1983-04-01,1983,4,"Coffee, Robusta",Beverages,($/kg),2.67,0.0,-2.91,13.62,-16.3,-0.17
1983-05-01,1983,5,"Coffee, Robusta",Beverages,($/kg),2.72,1.87,1.49,19.3,-9.33,0.18
1983-06-01,1983,6,"Coffee, Robusta",Beverages,($/kg),2.65,-2.57,-0.75,18.3,-20.42,-1.08
1983-07-01,1983,7,"Coffee, Robusta",Beverages,($/kg),2.65,0.0,-0.75,22.12,-5.02,-0.38
1983-08-01,1983,8,"Coffee, Robusta",Beverages,($/kg),2.65,0.0,-2.57,17.78,-6.36,-0.48
1983-09-01,1983,9,"Coffee, Robusta",Beverages,($/kg),2.69,1.51,1.51,11.62,-16.98,0.02
1983-10-01,1983,10,"Coffee, Robusta",Beverages,($/kg),2.87,6.69,8.3,10.81,-13.29,1.83
1983-11-01,1983,11,"Coffee, Robusta",Beverages,($/kg),2.85,-0.7,7.55,5.95,-10.38,-0.53
1983-12-01,1983,12,"Coffee, Robusta",Beverages,($/kg),2.93,2.81,8.92,3.9,0.69,0.8
1984-01-01,1984,1,"Coffee, Robusta",Beverages,($/kg),2.93,0.0,2.09,6.55,-0.34,-0.13
1984-02-01,1984,2,"Coffee, Robusta",Beverages,($/kg),3.0,2.39,5.26,11.94,2.74,0.73
1984-03-01,1984,3,"Coffee, Robusta",Beverages,($/kg),3.04,1.33,3.75,13.86,2.01,0.16
1984-04-01,1984,4,"Coffee, Robusta",Beverages,($/kg),3.03,-0.33,3.41,13.48,-3.19,-0.63
1984-05-01,1984,5,"Coffee, Robusta",Beverages,($/kg),3.23,6.6,7.67,18.75,-0.92,2.38
1984-06-01,1984,6,"Coffee, Robusta",Beverages,($/kg),3.17,-1.86,4.28,19.62,-23.8,-1.19
1984-07-01,1984,7,"Coffee, Robusta",Beverages,($/kg),3.04,-4.1,0.33,14.72,-29.63,-2.07
1984-08-01,1984,8,"Coffee, Robusta",Beverages,($/kg),3.1,1.97,-4.02,16.98,-22.69,0.25
1984-09-01,1984,9,"Coffee, Robusta",Beverages,($/kg),3.12,0.65,-1.58,15.99,-26.24,-0.23
1984-10-01,1984,10,"Coffee, Robusta",Beverages,($/kg),2.98,-4.49,-1.97,3.83,-26.6,-1.83
1984-11-01,1984,11,"Coffee, Robusta",Beverages,($/kg),3.0,0.67,-3.23,5.26,-23.27,0.1
1984-12-01,1984,12,"Coffee, Robusta",Beverages,($/kg),2.8,-6.67,-10.26,-4.44,-28.21,-2.35
1985-01-01,1985,1,"Coffee, Robusta",Beverages,($/kg),2.77,-1.07,-7.05,-5.46,-22.41,-0.21
1985-02-01,1985,2,"Coffee, Robusta",Beverages,($/kg),2.7,-2.53,-10.0,-10.0,-23.94,-0.59
1985-03-01,1985,3,"Coffee, Robusta",Beverages,($/kg),2.71,0.37,-3.21,-10.86,-27.15,0.34
1985-04-01,1985,4,"Coffee, Robusta",Beverages,($/kg),2.7,-0.37,-2.53,-10.89,-26.03,0.15
1985-05-01,1985,5,"Coffee, Robusta",Beverages,($/kg),2.67,-1.11,-1.11,-17.34,-31.19,-0.06
1985-06-01,1985,6,"Coffee, Robusta",Beverages,($/kg),2.65,-0.75,-2.21,-16.4,-29.52,0.32
1985-07-01,1985,7,"Coffee, Robusta",Beverages,($/kg),2.34,-11.7,-13.33,-23.03,-28.66,-4.05
1985-08-01,1985,8,"Coffee, Robusta",Beverages,($/kg),2.35,0.43,-11.99,-24.19,-20.34,0.65
1985-09-01,1985,9,"Coffee, Robusta",Beverages,($/kg),2.29,-2.55,-13.58,-26.6,-17.03,-0.09
1985-10-01,1985,10,"Coffee, Robusta",Beverages,($/kg),2.45,6.99,4.7,-17.79,-9.93,2.61
1985-11-01,1985,11,"Coffee, Robusta",Beverages,($/kg),2.78,13.47,18.3,-7.33,10.32,3.36
1985-12-01,1985,12,"Coffee, Robusta",Beverages,($/kg),3.37,21.22,47.16,20.36,32.16,3.49
1986-01-01,1986,1,"Coffee, Robusta",Beverages,($/kg),3.75,11.28,53.06,35.38,42.59,1.11
1986-02-01,1986,2,"Coffee, Robusta",Beverages,($/kg),3.57,-4.8,28.42,32.22,43.37,-0.87
1986-03-01,1986,3,"Coffee, Robusta",Beverages,($/kg),3.72,4.2,10.39,37.27,50.61,0.17
1986-04-01,1986,4,"Coffee, Robusta",Beverages,($/kg),3.47,-6.72,-7.47,28.52,41.63,-1.09
1986-05-01,1986,5,"Coffee, Robusta",Beverages,($/kg),3.14,-9.51,-12.04,17.6,33.62,-1.28
1986-06-01,1986,6,"Coffee, Robusta",Beverages,($/kg),2.76,-12.1,-25.81,4.15,48.39,-1.4
1986-07-01,1986,7,"Coffee, Robusta",Beverages,($/kg),2.78,0.72,-19.88,18.8,43.3,-0.01
1986-08-01,1986,8,"Coffee, Robusta",Beverages,($/kg),2.98,7.19,-5.1,26.81,50.51,0.53
1986-09-01,1986,9,"Coffee, Robusta",Beverages,($/kg),3.61,21.14,30.8,57.64,83.25,1.85
1986-10-01,1986,10,"Coffee, Robusta",Beverages,($/kg),3.28,-9.14,17.99,33.88,51.15,-1.2
1986-11-01,1986,11,"Coffee, Robusta",Beverages,($/kg),3.13,-4.57,5.03,12.59,35.5,-0.64
1986-12-01,1986,12,"Coffee, Robusta",Beverages,($/kg),2.75,-12.14,-23.82,-18.4,21.15,-1.18
1987-01-01,1987,1,"Coffee, Robusta",Beverages,($/kg),2.5,-9.09,-23.78,-33.33,8.23,-0.76
1987-02-01,1987,2,"Coffee, Robusta",Beverages,($/kg),2.43,-2.8,-22.36,-31.93,-3.57,0.01
1987-03-01,1987,3,"Coffee, Robusta",Beverages,($/kg),2.16,-11.11,-21.45,-41.94,-12.55,-0.86
1987-04-01,1987,4,"Coffee, Robusta",Beverages,($/kg),2.23,3.24,-10.8,-35.73,-5.11,0.74
1987-05-01,1987,5,"Coffee, Robusta",Beverages,($/kg),2.33,4.48,-4.12,-25.8,2.19,0.77
1987-06-01,1987,6,"Coffee, Robusta",Beverages,($/kg),2.16,-7.3,0.0,-21.74,-3.57,-0.53
1987-07-01,1987,7,"Coffee, Robusta",Beverages,($/kg),2.04,-5.56,-8.52,-26.62,-5.99,-0.41
1987-08-01,1987,8,"Coffee, Robusta",Beverages,($/kg),2.08,1.96,-10.73,-30.2,-7.56,0.42
1987-09-01,1987,9,"Coffee, Robusta",Beverages,($/kg),2.19,5.29,1.39,-39.34,-9.13,0.85
1987-10-01,1987,10,"Coffee, Robusta",Beverages,($/kg),2.28,4.11,11.76,-30.49,-11.97,1.28
1987-11-01,1987,11,"Coffee, Robusta",Beverages,($/kg),2.31,1.32,11.06,-26.2,-14.13,0.64
1987-12-01,1987,12,"Coffee, Robusta",Beverages,($/kg),2.27,-1.73,3.65,-17.45,-19.5,0.09
1988-01-01,1988,1,"Coffee, Robusta",Beverages,($/kg),2.25,-0.88,-1.32,-10.0,-18.18,0.1
1988-02-01,1988,2,"Coffee, Robusta",Beverages,($/kg),2.27,0.89,-1.73,-6.58,-15.3,0.32
1988-03-01,1988,3,"Coffee, Robusta",Beverages,($/kg),2.18,-3.96,-3.96,0.93,-18.35,-0.69
1988-04-01,1988,4,"Coffee, Robusta",Beverages,($/kg),2.12,-2.75,-5.78,-4.93,-20.6,-0.71
1988-05-01,1988,5,"Coffee, Robusta",Beverages,($/kg),2.07,-2.36,-8.81,-11.16,-23.9,-0.5
1988-06-01,1988,6,"Coffee, Robusta",Beverages,($/kg),2.06,-0.48,-5.5,-4.63,-22.26,0.11
1988-07-01,1988,7,"Coffee, Robusta",Beverages,($/kg),1.88,-8.74,-11.32,-7.84,-29.06,-2.61
1988-08-01,1988,8,"Coffee, Robusta",Beverages,($/kg),1.8,-4.26,-13.04,-13.46,-32.08,-0.97
1988-09-01,1988,9,"Coffee, Robusta",Beverages,($/kg),1.98,10.0,-3.88,-9.59,-26.39,2.92
1988-10-01,1988,10,"Coffee, Robusta",Beverages,($/kg),2.07,4.55,10.11,-9.21,-27.87,1.13
1988-11-01,1988,11,"Coffee, Robusta",Beverages,($/kg),2.04,-1.45,13.33,-11.69,-28.42,-0.16
1988-12-01,1988,12,"Coffee, Robusta",Beverages,($/kg),2.22,8.82,12.12,-2.2,-24.23,2.09
1989-01-01,1989,1,"Coffee, Robusta",Beverages,($/kg),2.23,0.45,7.73,-0.89,-23.89,0.09
1989-02-01,1989,2,"Coffee, Robusta",Beverages,($/kg),2.12,-4.93,3.92,-6.61,-29.33,-0.92
1989-03-01,1989,3,"Coffee, Robusta",Beverages,($/kg),2.08,-1.89,-6.31,-4.59,-31.58,-0.26
1989-04-01,1989,4,"Coffee, Robusta",Beverages,($/kg),2.01,-3.37,-9.87,-5.19,-33.66,-0.56
1989-05-01,1989,5,"Coffee, Robusta",Beverages,($/kg),2.01,0.0,-5.19,-2.9,-37.77,0.05
1989-06-01,1989,6,"Coffee, Robusta",Beverages,($/kg),1.85,-7.96,-11.06,-10.19,-41.64,-1.42
1989-07-01,1989,7,"Coffee, Robusta",Beverages,($/kg),1.44,-22.16,-28.36,-23.4,-52.63,-3.59
1989-08-01,1989,8,"Coffee, Robusta",Beverages,($/kg),1.31,-9.03,-34.83,-27.22,-57.74,-0.86
1989-09-01,1989,9,"Coffee, Robusta",Beverages,($/kg),1.32,0.76,-28.65,-33.33,-57.69,0.35
1989-10-01,1989,10,"Coffee, Robusta",Beverages,($/kg),1.18,-10.61,-18.06,-43.0,-60.4,-0.97
1989-11-01,1989,11,"Coffee, Robusta",Beverages,($/kg),1.17,-0.85,-10.69,-42.65,-61.0,0.45
1989-12-01,1989,12,"Coffee, Robusta",Beverages,($/kg),1.13,-3.42,-14.39,-49.1,-59.64,0.11
1990-01-01,1990,1,"Coffee, Robusta",Beverages,($/kg),1.09,-3.54,-7.63,-51.12,-60.65,0.26
1990-02-01,1990,2,"Coffee, Robusta",Beverages,($/kg),1.1,0.92,-5.98,-48.11,-59.26,1.03
1990-03-01,1990,3,"Coffee, Robusta",Beverages,($/kg),1.23,11.82,8.85,-40.87,-54.61,2.56
1990-04-01,1990,4,"Coffee, Robusta",Beverages,($/kg),1.23,0.0,12.84,-38.81,-54.44,0.48
1990-05-01,1990,5,"Coffee, Robusta",Beverages,($/kg),1.18,-4.07,7.27,-41.29,-55.81,-0.05
1990-06-01,1990,6,"Coffee, Robusta",Beverages,($/kg),1.12,-5.08,-8.94,-39.46,-57.74,-0.13
1990-07-01,1990,7,"Coffee, Robusta",Beverages,($/kg),1.1,-1.79,-10.57,-23.61,-52.99,0.24
1990-08-01,1990,8,"Coffee, Robusta",Beverages,($/kg),1.19,8.18,0.85,-9.16,-49.36,1.81
1990-09-01,1990,9,"Coffee, Robusta",Beverages,($/kg),1.23,3.36,9.82,-6.82,-46.29,0.68
1990-10-01,1990,10,"Coffee, Robusta",Beverages,($/kg),1.24,0.81,12.73,5.08,-49.39,0.2
1990-11-01,1990,11,"Coffee, Robusta",Beverages,($/kg),1.22,-1.61,2.52,4.27,-56.12,-0.42
1990-12-01,1990,12,"Coffee, Robusta",Beverages,($/kg),1.24,1.64,0.81,9.73,-63.2,0.23
1991-01-01,1991,1,"Coffee, Robusta",Beverages,($/kg),1.16,-6.45,-6.45,6.42,-69.07,-1.47
1991-02-01,1991,2,"Coffee, Robusta",Beverages,($/kg),1.14,-1.72,-6.56,3.64,-68.07,-0.45
1991-03-01,1991,3,"Coffee, Robusta",Beverages,($/kg),1.13,-0.88,-8.87,-8.13,-69.62,-0.24
1991-04-01,1991,4,"Coffee, Robusta",Beverages,($/kg),1.12,-0.88,-3.45,-8.94,-67.72,-0.06
1991-05-01,1991,5,"Coffee, Robusta",Beverages,($/kg),1.04,-7.14,-8.77,-11.86,-66.88,-1.64
1991-06-01,1991,6,"Coffee, Robusta",Beverages,($/kg),1.0,-3.85,-11.5,-10.71,-63.77,-0.68
1991-07-01,1991,7,"Coffee, Robusta",Beverages,($/kg),1.0,0.0,-10.71,-9.09,-64.03,0.21
1991-08-01,1991,8,"Coffee, Robusta",Beverages,($/kg),0.99,-1.0,-4.81,-16.81,-66.78,-0.07
1991-09-01,1991,9,"Coffee, Robusta",Beverages,($/kg),1.03,4.04,3.0,-16.26,-71.47,1.79
1991-10-01,1991,10,"Coffee, Robusta",Beverages,($/kg),1.01,-1.94,1.0,-18.55,-69.21,-0.16
1991-11-01,1991,11,"Coffee, Robusta",Beverages,($/kg),1.11,9.9,12.12,-9.02,-64.54,3.73
1991-12-01,1991,12,"Coffee, Robusta",Beverages,($/kg),1.12,0.9,8.74,-9.68,-59.27,0.35
1992-01-01,1992,1,"Coffee, Robusta",Beverages,($/kg),1.08,-3.57,6.93,-6.9,-56.8,-0.62
1992-02-01,1992,2,"Coffee, Robusta",Beverages,($/kg),0.94,-12.96,-15.32,-17.54,-61.32,-2.92
1992-03-01,1992,3,"Coffee, Robusta",Beverages,($/kg),0.94,0.0,-16.07,-16.81,-56.48,0.26
1992-04-01,1992,4,"Coffee, Robusta",Beverages,($/kg),0.91,-3.19,-15.74,-18.75,-59.19,-0.32
1992-05-01,1992,5,"Coffee, Robusta",Beverages,($/kg),0.83,-8.79,-11.7,-20.19,-64.38,-1.29
1992-06-01,1992,6,"Coffee, Robusta",Beverages,($/kg),0.82,-1.2,-12.77,-18.0,-62.04,0.09
1992-07-01,1992,7,"Coffee, Robusta",Beverages,($/kg),0.86,4.88,-5.49,-14.0,-57.84,1.11
1992-08-01,1992,8,"Coffee, Robusta",Beverages,($/kg),0.86,0.0,3.61,-13.13,-58.65,0.18
1992-09-01,1992,9,"Coffee, Robusta",Beverages,($/kg),0.9,4.65,9.76,-12.62,-58.9,0.94
1992-10-01,1992,10,"Coffee, Robusta",Beverages,($/kg),0.97,7.78,12.79,-3.96,-57.46,1.43
1992-11-01,1992,11,"Coffee, Robusta",Beverages,($/kg),1.05,8.25,22.09,-5.41,-54.55,1.28
1992-12-01,1992,12,"Coffee, Robusta",Beverages,($/kg),1.12,6.67,24.44,0.0,-50.66,1.09
1993-01-01,1993,1,"Coffee, Robusta",Beverages,($/kg),1.03,-8.04,6.19,-4.63,-54.22,-1.24
1993-02-01,1993,2,"Coffee, Robusta",Beverages,($/kg),1.04,0.97,-0.95,10.64,-54.19,0.16
1993-03-01,1993,3,"Coffee, Robusta",Beverages,($/kg),1.01,-2.88,-9.82,7.45,-53.67,-0.68
1993-04-01,1993,4,"Coffee, Robusta",Beverages,($/kg),0.99,-1.98,-3.88,8.79,-53.3,-0.47
1993-05-01,1993,5,"Coffee, Robusta",Beverages,($/kg),1.02,3.03,-1.92,22.89,-50.72,0.38
1993-06-01,1993,6,"Coffee, Robusta",Beverages,($/kg),1.03,0.98,1.98,25.61,-50.0,-0.18
1993-07-01,1993,7,"Coffee, Robusta",Beverages,($/kg),1.09,5.83,10.1,26.74,-42.02,0.79
1993-08-01,1993,8,"Coffee, Robusta",Beverages,($/kg),1.29,18.35,26.47,50.0,-28.33,3.32
1993-09-01,1993,9,"Coffee, Robusta",Beverages,($/kg),1.38,6.98,33.98,53.33,-30.3,0.5
1993-10-01,1993,10,"Coffee, Robusta",Beverages,($/kg),1.3,-5.8,19.27,34.02,-37.2,-1.42
1993-11-01,1993,11,"Coffee, Robusta",Beverages,($/kg),1.36,4.62,5.43,29.52,-33.33,0.27
1993-12-01,1993,12,"Coffee, Robusta",Beverages,($/kg),1.36,0.0,-1.45,21.43,-38.74,-0.34
1994-01-01,1994,1,"Coffee, Robusta",Beverages,($/kg),1.31,-3.68,0.77,27.18,-41.26,-0.8
1994-02-01,1994,2,"Coffee, Robusta",Beverages,($/kg),1.34,2.29,-1.47,28.85,-36.79,0.01
1994-03-01,1994,3,"Coffee, Robusta",Beverages,($/kg),1.43,6.72,5.15,41.58,-31.25,0.69
1994-04-01,1994,4,"Coffee, Robusta",Beverages,($/kg),1.58,10.49,20.61,59.6,-21.39,1.17
1994-05-01,1994,5,"Coffee, Robusta",Beverages,($/kg),2.09,32.28,55.97,104.9,3.98,4.39
1994-06-01,1994,6,"Coffee, Robusta",Beverages,($/kg),2.48,18.66,73.43,140.78,34.05,1.17
1994-07-01,1994,7,"Coffee, Robusta",Beverages,($/kg),3.62,45.97,129.11,232.11,151.39,3.54
1994-08-01,1994,8,"Coffee, Robusta",Beverages,($/kg),3.59,-0.83,71.77,178.29,174.05,-0.8
1994-09-01,1994,9,"Coffee, Robusta",Beverages,($/kg),4.03,12.26,62.5,192.03,205.3,0.16
1994-10-01,1994,10,"Coffee, Robusta",Beverages,($/kg),3.74,-7.2,3.31,187.69,216.95,-1.13
1994-11-01,1994,11,"Coffee, Robusta",Beverages,($/kg),3.38,-9.63,-5.85,148.53,188.89,-1.27
1994-12-01,1994,12,"Coffee, Robusta",Beverages,($/kg),2.86,-15.38,-29.03,110.29,153.1,-1.47
1995-01-01,1995,1,"Coffee, Robusta",Beverages,($/kg),2.9,1.4,-22.46,121.37,166.06,-0.35
1995-02-01,1995,2,"Coffee, Robusta",Beverages,($/kg),2.97,2.41,-12.13,121.64,170.0,-0.32
1995-03-01,1995,3,"Coffee, Robusta",Beverages,($/kg),3.22,8.42,12.59,125.17,161.79,0.02
1995-04-01,1995,4,"Coffee, Robusta",Beverages,($/kg),3.19,-0.93,10.0,101.9,159.35,-0.52
1995-05-01,1995,5,"Coffee, Robusta",Beverages,($/kg),3.11,-2.51,4.71,48.8,163.56,-0.55
1995-06-01,1995,6,"Coffee, Robusta",Beverages,($/kg),2.84,-8.68,-11.8,14.52,153.57,-0.81
1995-07-01,1995,7,"Coffee, Robusta",Beverages,($/kg),2.64,-7.04,-17.24,-27.07,140.0,-0.58
1995-08-01,1995,8,"Coffee, Robusta",Beverages,($/kg),2.87,8.71,-7.72,-20.06,141.18,1.4
1995-09-01,1995,9,"Coffee, Robusta",Beverages,($/kg),2.54,-11.5,-10.56,-36.97,106.5,-1.18
1995-10-01,1995,10,"Coffee, Robusta",Beverages,($/kg),2.49,-1.97,-5.68,-33.42,100.81,0.2
1995-11-01,1995,11,"Coffee, Robusta",Beverages,($/kg),2.44,-2.01,-14.98,-27.81,100.0,0.14
1995-12-01,1995,12,"Coffee, Robusta",Beverages,($/kg),2.05,-15.98,-19.29,-28.32,65.32,-1.85
1996-01-01,1996,1,"Coffee, Robusta",Beverages,($/kg),1.98,-3.41,-20.48,-31.72,70.69,-0.13
1996-02-01,1996,2,"Coffee, Robusta",Beverages,($/kg),2.14,8.08,-12.3,-27.95,87.72,1.49
1996-03-01,1996,3,"Coffee, Robusta",Beverages,($/kg),2.0,-6.54,-2.44,-37.89,76.99,-0.53
1996-04-01,1996,4,"Coffee, Robusta",Beverages,($/kg),2.0,0.0,1.01,-37.3,78.57,0.51
1996-05-01,1996,5,"Coffee, Robusta",Beverages,($/kg),2.01,0.5,-6.07,-35.37,93.27,0.57
1996-06-01,1996,6,"Coffee, Robusta",Beverages,($/kg),1.9,-5.47,-5.0,-33.1,90.0,-0.3
1996-07-01,1996,7,"Coffee, Robusta",Beverages,($/kg),1.71,-10.0,-14.5,-35.23,71.0,-0.97
1996-08-01,1996,8,"Coffee, Robusta",Beverages,($/kg),1.75,2.34,-12.94,-39.02,76.77,0.77
1996-09-01,1996,9,"Coffee, Robusta",Beverages,($/kg),1.64,-6.29,-13.68,-35.43,59.22,-0.37
1996-10-01,1996,10,"Coffee, Robusta",Beverages,($/kg),1.61,-1.83,-5.85,-35.34,59.41,0.25
1996-11-01,1996,11,"Coffee, Robusta",Beverages,($/kg),1.55,-3.73,-11.43,-36.48,39.64,-0.06
1996-12-01,1996,12,"Coffee, Robusta",Beverages,($/kg),1.39,-10.32,-15.24,-32.2,24.11,-1.1
1997-01-01,1997,1,"Coffee, Robusta",Beverages,($/kg),1.48,6.47,-8.07,-25.25,37.04,1.81
1997-02-01,1997,2,"Coffee, Robusta",Beverages,($/kg),1.66,12.16,7.1,-22.43,76.6,2.42
1997-03-01,1997,3,"Coffee, Robusta",Beverages,($/kg),1.77,6.63,27.34,-11.5,88.3,1.28
1997-04-01,1997,4,"Coffee, Robusta",Beverages,($/kg),1.71,-3.39,15.54,-14.5,87.91,-0.38
1997-05-01,1997,5,"Coffee, Robusta",Beverages,($/kg),2.06,20.47,24.1,2.49,148.19,3.1
1997-06-01,1997,6,"Coffee, Robusta",Beverages,($/kg),1.96,-4.85,10.73,3.16,139.02,-0.58
1997-07-01,1997,7,"Coffee, Robusta",Beverages,($/kg),1.76,-10.2,2.92,2.92,104.65,-1.17
1997-08-01,1997,8,"Coffee, Robusta",Beverages,($/kg),1.64,-6.82,-20.39,-6.29,90.7,-0.8
1997-09-01,1997,9,"Coffee, Robusta",Beverages,($/kg),1.66,1.22,-15.31,1.22,84.44,0.14
1997-10-01,1997,10,"Coffee, Robusta",Beverages,($/kg),1.64,-1.2,-6.82,1.86,69.07,-0.18
1997-11-01,1997,11,"Coffee, Robusta",Beverages,($/kg),1.68,2.44,2.44,8.39,60.0,0.2
1997-12-01,1997,12,"Coffee, Robusta",Beverages,($/kg),1.82,8.33,9.64,30.94,62.5,0.79
1998-01-01,1998,1,"Coffee, Robusta",Beverages,($/kg),1.84,1.1,12.2,24.32,78.64,-0.17
1998-02-01,1998,2,"Coffee, Robusta",Beverages,($/kg),1.84,0.0,9.52,10.84,76.92,-0.25
1998-03-01,1998,3,"Coffee, Robusta",Beverages,($/kg),1.81,-1.63,-0.55,2.26,79.21,-0.34
1998-04-01,1998,4,"Coffee, Robusta",Beverages,($/kg),1.96,8.29,6.52,14.62,97.98,0.99
1998-05-01,1998,5,"Coffee, Robusta",Beverages,($/kg),2.0,2.04,8.7,-2.91,96.08,0.08
1998-06-01,1998,6,"Coffee, Robusta",Beverages,($/kg),1.82,-9.0,0.55,-7.14,76.7,-1.63
1998-07-01,1998,7,"Coffee, Robusta",Beverages,($/kg),1.7,-6.59,-13.27,-3.41,55.96,-1.04
1998-08-01,1998,8,"Coffee, Robusta",Beverages,($/kg),1.75,2.94,-12.5,6.71,35.66,0.57
1998-09-01,1998,9,"Coffee, Robusta",Beverages,($/kg),1.76,0.57,-3.3,6.02,27.54,-0.02
1998-10-01,1998,10,"Coffee, Robusta",Beverages,($/kg),1.77,0.57,4.12,7.93,36.15,-0.01
1998-11-01,1998,11,"Coffee, Robusta",Beverages,($/kg),1.77,0.0,1.14,5.36,30.15,-0.15
1998-12-01,1998,12,"Coffee, Robusta",Beverages,($/kg),1.85,4.52,5.11,1.65,36.03,0.79
1999-01-01,1999,1,"Coffee, Robusta",Beverages,($/kg),1.81,-2.16,2.26,-1.63,38.17,-0.52
1999-02-01,1999,2,"Coffee, Robusta",Beverages,($/kg),1.75,-3.31,-1.13,-4.89,30.6,-0.71
1999-03-01,1999,3,"Coffee, Robusta",Beverages,($/kg),1.62,-7.43,-12.43,-10.5,13.29,-1.51
1999-04-01,1999,4,"Coffee, Robusta",Beverages,($/kg),1.53,-5.56,-15.47,-21.94,-3.16,-0.93
1999-05-01,1999,5,"Coffee, Robusta",Beverages,($/kg),1.5,-1.96,-14.29,-25.0,-28.23,-0.0
1999-06-01,1999,6,"Coffee, Robusta",Beverages,($/kg),1.45,-3.33,-10.49,-20.33,-41.53,-0.25
1999-07-01,1999,7,"Coffee, Robusta",Beverages,($/kg),1.36,-6.21,-11.11,-20.0,-62.43,-1.19
1999-08-01,1999,8,"Coffee, Robusta",Beverages,($/kg),1.39,2.21,-7.33,-20.57,-61.28,1.09
1999-09-01,1999,9,"Coffee, Robusta",Beverages,($/kg),1.31,-5.76,-9.66,-25.57,-67.49,-1.1
1999-10-01,1999,10,"Coffee, Robusta",Beverages,($/kg),1.29,-1.53,-5.15,-27.12,-65.51,0.23
1999-11-01,1999,11,"Coffee, Robusta",Beverages,($/kg),1.39,7.75,0.0,-21.47,-58.88,2.9
1999-12-01,1999,12,"Coffee, Robusta",Beverages,($/kg),1.47,5.76,12.21,-20.54,-48.6,1.66
2000-01-01,2000,1,"Coffee, Robusta",Beverages,($/kg),1.17,-20.41,-9.3,-35.36,-59.66,-3.9
2000-02-01,2000,2,"Coffee, Robusta",Beverages,($/kg),1.08,-7.69,-22.3,-38.29,-63.64,-0.61
2000-03-01,2000,3,"Coffee, Robusta",Beverages,($/kg),1.02,-5.56,-30.61,-37.04,-68.32,-0.26
2000-04-01,2000,4,"Coffee, Robusta",Beverages,($/kg),0.98,-3.92,-16.24,-35.95,-69.28,-0.06
2000-05-01,2000,5,"Coffee, Robusta",Beverages,($/kg),0.98,0.0,-9.26,-34.67,-68.49,0.47
2000-06-01,2000,6,"Coffee, Robusta",Beverages,($/kg),0.94,-4.08,-7.84,-35.17,-66.9,-0.12
2000-07-01,2000,7,"Coffee, Robusta",Beverages,($/kg),0.9,-4.26,-8.16,-33.82,-65.91,-0.13
2000-08-01,2000,8,"Coffee, Robusta",Beverages,($/kg),0.84,-6.67,-14.29,-39.57,-70.73,-0.49
2000-09-01,2000,9,"Coffee, Robusta",Beverages,($/kg),0.86,2.38,-8.51,-34.35,-66.14,0.88
2000-10-01,2000,10,"Coffee, Robusta",Beverages,($/kg),0.8,-6.98,-11.11,-37.98,-67.87,-0.52
2000-11-01,2000,11,"Coffee, Robusta",Beverages,($/kg),0.72,-10.0,-14.29,-48.2,-70.49,-0.87
2000-12-01,2000,12,"Coffee, Robusta",Beverages,($/kg),0.67,-6.94,-22.09,-54.42,-67.32,-0.28
2001-01-01,2001,1,"Coffee, Robusta",Beverages,($/kg),0.71,5.97,-11.25,-39.32,-64.14,2.17
2001-02-01,2001,2,"Coffee, Robusta",Beverages,($/kg),0.7,-1.41,-2.78,-35.19,-67.29,0.56
2001-03-01,2001,3,"Coffee, Robusta",Beverages,($/kg),0.67,-4.29,0.0,-34.31,-66.5,-0.18
2001-04-01,2001,4,"Coffee, Robusta",Beverages,($/kg),0.63,-5.97,-11.27,-35.71,-68.5,-0.59
2001-05-01,2001,5,"Coffee, Robusta",Beverages,($/kg),0.65,3.17,-7.14,-33.67,-67.66,1.48
2001-06-01,2001,6,"Coffee, Robusta",Beverages,($/kg),0.64,-1.54,-4.48,-31.91,-66.32,0.36
2001-07-01,2001,7,"Coffee, Robusta",Beverages,($/kg),0.6,-6.25,-4.76,-33.33,-64.91,-0.66
2001-08-01,2001,8,"Coffee, Robusta",Beverages,($/kg),0.57,-5.0,-12.31,-32.14,-67.43,-0.36
2001-09-01,2001,9,"Coffee, Robusta",Beverages,($/kg),0.54,-5.26,-15.62,-37.21,-67.07,-0.45
2001-10-01,2001,10,"Coffee, Robusta",Beverages,($/kg),0.51,-5.56,-15.0,-36.25,-68.32,-0.41
2001-11-01,2001,11,"Coffee, Robusta",Beverages,($/kg),0.52,1.96,-8.77,-27.78,-66.45,1.24
2001-12-01,2001,12,"Coffee, Robusta",Beverages,($/kg),0.54,3.85,0.0,-19.4,-61.15,1.52
2002-01-01,2002,1,"Coffee, Robusta",Beverages,($/kg),0.5,-7.41,-1.96,-29.58,-66.22,-1.3
2002-02-01,2002,2,"Coffee, Robusta",Beverages,($/kg),0.54,8.0,3.85,-22.86,-67.47,2.75
2002-03-01,2002,3,"Coffee, Robusta",Beverages,($/kg),0.64,18.52,18.52,-4.48,-63.84,4.09
2002-04-01,2002,4,"Coffee, Robusta",Beverages,($/kg),0.65,1.56,30.0,3.17,-61.99,0.22
2002-05-01,2002,5,"Coffee, Robusta",Beverages,($/kg),0.62,-4.62,14.81,-4.62,-69.9,-0.68
2002-06-01,2002,6,"Coffee, Robusta",Beverages,($/kg),0.63,1.61,-1.56,-1.56,-67.86,0.23
2002-07-01,2002,7,"Coffee, Robusta",Beverages,($/kg),0.63,0.0,-3.08,5.0,-64.2,-0.02
2002-08-01,2002,8,"Coffee, Robusta",Beverages,($/kg),0.61,-3.17,-1.61,7.02,-62.8,-0.52
2002-09-01,2002,9,"Coffee, Robusta",Beverages,($/kg),0.71,16.39,12.7,31.48,-57.23,2.17
2002-10-01,2002,10,"Coffee, Robusta",Beverages,($/kg),0.73,2.82,15.87,43.14,-55.49,0.03
2002-11-01,2002,11,"Coffee, Robusta",Beverages,($/kg),0.84,15.07,37.7,61.54,-50.0,1.52
2002-12-01,2002,12,"Coffee, Robusta",Beverages,($/kg),0.84,0.0,18.31,55.56,-53.85,-0.52
2003-01-01,2003,1,"Coffee, Robusta",Beverages,($/kg),0.91,8.33,24.66,82.0,-50.54,0.5
2003-02-01,2003,2,"Coffee, Robusta",Beverages,($/kg),0.9,-1.1,7.14,66.67,-51.09,-0.83
2003-03-01,2003,3,"Coffee, Robusta",Beverages,($/kg),0.82,-8.89,-2.38,28.12,-54.7,-1.7
2003-04-01,2003,4,"Coffee, Robusta",Beverages,($/kg),0.82,0.0,-9.89,26.15,-58.16,-0.31
2003-05-01,2003,5,"Coffee, Robusta",Beverages,($/kg),0.83,1.22,-7.78,33.87,-58.5,-0.13
2003-06-01,2003,6,"Coffee, Robusta",Beverages,($/kg),0.75,-9.64,-8.54,19.05,-58.79,-1.7
2003-07-01,2003,7,"Coffee, Robusta",Beverages,($/kg),0.78,4.0,-4.88,23.81,-54.12,0.28
2003-08-01,2003,8,"Coffee, Robusta",Beverages,($/kg),0.8,2.56,-3.61,31.15,-54.29,0.06
2003-09-01,2003,9,"Coffee, Robusta",Beverages,($/kg),0.82,2.5,9.33,15.49,-53.41,-0.01
2003-10-01,2003,10,"Coffee, Robusta",Beverages,($/kg),0.79,-3.66,1.28,8.22,-55.37,-0.76
2003-11-01,2003,11,"Coffee, Robusta",Beverages,($/kg),0.75,-5.06,-6.25,-10.71,-57.63,-0.88
2003-12-01,2003,12,"Coffee, Robusta",Beverages,($/kg),0.79,5.33,-3.66,-5.95,-57.3,1.17
2004-01-01,2004,1,"Coffee, Robusta",Beverages,($/kg),0.88,11.39,11.39,-3.3,-51.38,2.12
2004-02-01,2004,2,"Coffee, Robusta",Beverages,($/kg),0.82,-6.82,9.33,-8.89,-53.14,-1.11
2004-03-01,2004,3,"Coffee, Robusta",Beverages,($/kg),0.81,-1.22,2.53,-1.22,-50.0,-0.1
2004-04-01,2004,4,"Coffee, Robusta",Beverages,($/kg),0.8,-1.23,-9.09,-2.44,-47.71,-0.22
2004-05-01,2004,5,"Coffee, Robusta",Beverages,($/kg),0.81,1.25,-1.22,-2.41,-46.0,0.22
2004-06-01,2004,6,"Coffee, Robusta",Beverages,($/kg),0.88,8.64,8.64,17.33,-39.31,1.5
2004-07-01,2004,7,"Coffee, Robusta",Beverages,($/kg),0.79,-10.23,-1.25,1.28,-41.91,-2.15
2004-08-01,2004,8,"Coffee, Robusta",Beverages,($/kg),0.75,-5.06,-7.41,-6.25,-46.04,-0.85
2004-09-01,2004,9,"Coffee, Robusta",Beverages,($/kg),0.75,0.0,-14.77,-8.54,-42.75,0.05
2004-10-01,2004,10,"Coffee, Robusta",Beverages,($/kg),0.7,-6.67,-11.39,-11.39,-45.74,-0.96
2004-11-01,2004,11,"Coffee, Robusta",Beverages,($/kg),0.72,2.86,-4.0,-4.0,-48.2,0.56
2004-12-01,2004,12,"Coffee, Robusta",Beverages,($/kg),0.81,12.5,8.0,2.53,-44.9,1.94
2005-01-01,2005,1,"Coffee, Robusta",Beverages,($/kg),0.81,0.0,15.71,-7.95,-30.77,-0.06
2005-02-01,2005,2,"Coffee, Robusta",Beverages,($/kg),0.91,12.35,26.39,10.98,-15.74,1.98
2005-03-01,2005,3,"Coffee, Robusta",Beverages,($/kg),1.09,19.78,34.57,34.57,6.86,2.63
2005-04-01,2005,4,"Coffee, Robusta",Beverages,($/kg),1.12,2.75,38.27,40.0,14.29,-0.01
2005-05-01,2005,5,"Coffee, Robusta",Beverages,($/kg),1.24,10.71,36.26,53.09,26.53,0.86
2005-06-01,2005,6,"Coffee, Robusta",Beverages,($/kg),1.32,6.45,21.1,50.0,40.43,0.28
2005-07-01,2005,7,"Coffee, Robusta",Beverages,($/kg),1.28,-3.03,14.29,62.03,42.22,-0.76
2005-08-01,2005,8,"Coffee, Robusta",Beverages,($/kg),1.15,-10.16,-7.26,53.33,36.9,-1.8
2005-09-01,2005,9,"Coffee, Robusta",Beverages,($/kg),1.03,-10.43,-21.97,37.33,19.77,-1.65
2005-10-01,2005,10,"Coffee, Robusta",Beverages,($/kg),1.05,1.94,-17.97,50.0,31.25,-0.12
2005-11-01,2005,11,"Coffee, Robusta",Beverages,($/kg),1.13,7.62,-1.74,56.94,56.94,0.42
2005-12-01,2005,12,"Coffee, Robusta",Beverages,($/kg),1.24,9.73,20.39,53.09,85.07,0.6
2006-01-01,2006,1,"Coffee, Robusta",Beverages,($/kg),1.4,12.9,33.33,72.84,97.18,0.99
2006-02-01,2006,2,"Coffee, Robusta",Beverages,($/kg),1.39,-0.71,23.01,52.75,98.57,-0.62
2006-03-01,2006,3,"Coffee, Robusta",Beverages,($/kg),1.31,-5.76,5.65,20.18,95.52,-1.07
2006-04-01,2006,4,"Coffee, Robusta",Beverages,($/kg),1.33,1.53,-5.0,18.75,111.11,-0.04
2006-05-01,2006,5,"Coffee, Robusta",Beverages,($/kg),1.32,-0.75,-5.04,6.45,103.08,-0.31
2006-06-01,2006,6,"Coffee, Robusta",Beverages,($/kg),1.33,0.76,1.53,0.76,107.81,-0.0
2006-07-01,2006,7,"Coffee, Robusta",Beverages,($/kg),1.42,6.77,6.77,10.94,136.67,0.89
2006-08-01,2006,8,"Coffee, Robusta",Beverages,($/kg),1.62,14.08,22.73,40.87,184.21,1.75
2006-09-01,2006,9,"Coffee, Robusta",Beverages,($/kg),1.7,4.94,27.82,65.05,214.81,0.24
2006-10-01,2006,10,"Coffee, Robusta",Beverages,($/kg),1.66,-2.35,16.9,58.1,225.49,-1.13
2006-11-01,2006,11,"Coffee, Robusta",Beverages,($/kg),1.69,1.81,4.32,49.56,225.0,-0.36
2006-12-01,2006,12,"Coffee, Robusta",Beverages,($/kg),1.69,0.0,-0.59,36.29,212.96,-0.58
2007-01-01,2007,1,"Coffee, Robusta",Beverages,($/kg),1.74,2.96,4.82,24.29,248.0,0.03
2007-02-01,2007,2,"Coffee, Robusta",Beverages,($/kg),1.74,0.0,2.96,25.18,222.22,-0.39
2007-03-01,2007,3,"Coffee, Robusta",Beverages,($/kg),1.7,-2.3,0.59,29.77,165.62,-0.86
2007-04-01,2007,4,"Coffee, Robusta",Beverages,($/kg),1.75,2.94,0.57,31.58,169.23,0.14
2007-05-01,2007,5,"Coffee, Robusta",Beverages,($/kg),1.85,5.71,6.32,40.15,198.39,0.72
2007-06-01,2007,6,"Coffee, Robusta",Beverages,($/kg),2.04,10.27,20.0,53.38,223.81,1.6
2007-07-01,2007,7,"Coffee, Robusta",Beverages,($/kg),2.04,0.0,16.57,43.66,223.81,-0.75
2007-08-01,2007,8,"Coffee, Robusta",Beverages,($/kg),1.93,-5.39,4.32,19.14,216.39,-1.72
2007-09-01,2007,9,"Coffee, Robusta",Beverages,($/kg),2.05,6.22,0.49,20.59,188.73,1.11
2007-10-01,2007,10,"Coffee, Robusta",Beverages,($/kg),2.01,-1.95,-1.47,21.08,175.34,-0.84
2007-11-01,2007,11,"Coffee, Robusta",Beverages,($/kg),2.04,1.49,5.7,20.71,142.86,-0.05
2007-12-01,2007,12,"Coffee, Robusta",Beverages,($/kg),2.01,-1.47,-1.95,18.93,139.29,-0.73
2008-01-01,2008,1,"Coffee, Robusta",Beverages,($/kg),2.19,8.96,8.96,25.86,140.66,1.7
2008-02-01,2008,2,"Coffee, Robusta",Beverages,($/kg),2.55,16.44,25.0,46.55,183.33,2.97
2008-03-01,2008,3,"Coffee, Robusta",Beverages,($/kg),2.69,5.49,33.83,58.24,228.05,0.33
2008-04-01,2008,4,"Coffee, Robusta",Beverages,($/kg),2.45,-8.92,11.87,40.0,198.78,-2.14
2008-05-01,2008,5,"Coffee, Robusta",Beverages,($/kg),2.4,-2.04,-5.88,29.73,189.16,-0.72
2008-06-01,2008,6,"Coffee, Robusta",Beverages,($/kg),2.45,2.08,-8.92,20.1,226.67,-0.05
2008-07-01,2008,7,"Coffee, Robusta",Beverages,($/kg),2.54,3.67,3.67,24.51,225.64,0.28
2008-08-01,2008,8,"Coffee, Robusta",Beverages,($/kg),2.48,-2.36,3.33,28.5,210.0,-0.65
2008-09-01,2008,9,"Coffee, Robusta",Beverages,($/kg),2.32,-6.45,-5.31,13.17,182.93,-1.34
2008-10-01,2008,10,"Coffee, Robusta",Beverages,($/kg),1.96,-15.52,-22.83,-2.49,148.1,-2.44
2008-11-01,2008,11,"Coffee, Robusta",Beverages,($/kg),2.0,2.04,-19.35,-1.96,166.67,0.23
2008-12-01,2008,12,"Coffee, Robusta",Beverages,($/kg),1.82,-9.0,-21.55,-9.45,130.38,-1.09
2009-01-01,2009,1,"Coffee, Robusta",Beverages,($/kg),1.82,0.0,-7.14,-16.89,106.82,0.05
2009-02-01,2009,2,"Coffee, Robusta",Beverages,($/kg),1.77,-2.75,-11.5,-30.59,115.85,-0.18
2009-03-01,2009,3,"Coffee, Robusta",Beverages,($/kg),1.68,-5.08,-7.69,-37.55,107.41,-0.37
2009-04-01,2009,4,"Coffee, Robusta",Beverages,($/kg),1.67,-0.6,-8.24,-31.84,108.75,0.55
2009-05-01,2009,5,"Coffee, Robusta",Beverages,($/kg),1.67,0.0,-5.65,-30.42,106.17,0.56
2009-06-01,2009,6,"Coffee, Robusta",Beverages,($/kg),1.63,-2.4,-2.98,-33.47,85.23,0.08
2009-07-01,2009,7,"Coffee, Robusta",Beverages,($/kg),1.58,-3.07,-5.39,-37.8,100.0,0.03
2009-08-01,2009,8,"Coffee, Robusta",Beverages,($/kg),1.6,1.27,-4.19,-35.48,113.33,1.05
2009-09-01,2009,9,"Coffee, Robusta",Beverages,($/kg),1.63,1.87,0.0,-29.74,117.33,1.07
2009-10-01,2009,10,"Coffee, Robusta",Beverages,($/kg),1.62,-0.61,2.53,-17.35,131.43,0.42
2009-11-01,2009,11,"Coffee, Robusta",Beverages,($/kg),1.53,-5.56,-4.38,-23.5,112.5,-1.26
2009-12-01,2009,12,"Coffee, Robusta",Beverages,($/kg),1.54,0.65,-5.52,-15.38,90.12,0.89
2010-01-01,2010,1,"Coffee, Robusta",Beverages,($/kg),1.54,0.0,-4.94,-15.38,90.12,0.56
2010-02-01,2010,2,"Coffee, Robusta",Beverages,($/kg),1.5,-2.6,-1.96,-15.25,64.84,-0.52
2010-03-01,2010,3,"Coffee, Robusta",Beverages,($/kg),1.48,-1.33,-3.9,-11.9,35.78,0.0
2010-04-01,2010,4,"Coffee, Robusta",Beverages,($/kg),1.58,6.76,2.6,-5.39,41.07,3.72
2010-05-01,2010,5,"Coffee, Robusta",Beverages,($/kg),1.56,-1.27,4.0,-6.59,25.81,-0.28
2010-06-01,2010,6,"Coffee, Robusta",Beverages,($/kg),1.7,8.97,14.86,4.29,28.79,3.08
2010-07-01,2010,7,"Coffee, Robusta",Beverages,($/kg),1.88,10.59,18.99,18.99,46.87,2.51
2010-08-01,2010,8,"Coffee, Robusta",Beverages,($/kg),1.82,-3.19,16.67,13.75,58.26,-0.99
2010-09-01,2010,9,"Coffee, Robusta",Beverages,($/kg),1.79,-1.65,5.29,9.82,73.79,-0.57
2010-10-01,2010,10,"Coffee, Robusta",Beverages,($/kg),1.88,5.03,0.0,16.05,79.05,0.81
2010-11-01,2010,11,"Coffee, Robusta",Beverages,($/kg),2.03,7.98,11.54,32.68,79.65,1.28
2010-12-01,2010,12,"Coffee, Robusta",Beverages,($/kg),2.07,1.97,15.64,34.42,66.94,-0.1
2011-01-01,2011,1,"Coffee, Robusta",Beverages,($/kg),2.23,7.73,18.62,44.81,59.29,1.03
2011-02-01,2011,2,"Coffee, Robusta",Beverages,($/kg),2.41,8.07,18.72,60.67,73.38,0.94
2011-03-01,2011,3,"Coffee, Robusta",Beverages,($/kg),2.6,7.88,25.6,75.68,98.47,0.76
2011-04-01,2011,4,"Coffee, Robusta",Beverages,($/kg),2.59,-0.38,16.14,63.92,94.74,-1.12
2011-05-01,2011,5,"Coffee, Robusta",Beverages,($/kg),2.69,3.86,11.62,72.44,103.79,-0.09
2011-06-01,2011,6,"Coffee, Robusta",Beverages,($/kg),2.6,-3.35,0.0,52.94,95.49,-1.76
2011-07-01,2011,7,"Coffee, Robusta",Beverages,($/kg),2.49,-4.23,-3.86,32.45,75.35,-1.62
2011-08-01,2011,8,"Coffee, Robusta",Beverages,($/kg),2.47,-0.8,-8.18,35.71,52.47,-0.67
2011-09-01,2011,9,"Coffee, Robusta",Beverages,($/kg),2.34,-5.26,-10.0,30.73,37.65,-1.69
2011-10-01,2011,10,"Coffee, Robusta",Beverages,($/kg),2.16,-7.69,-13.25,14.89,30.12,-1.98
2011-11-01,2011,11,"Coffee, Robusta",Beverages,($/kg),2.14,-0.93,-13.36,5.42,26.63,-0.39
2011-12-01,2011,12,"Coffee, Robusta",Beverages,($/kg),2.17,1.4,-7.26,4.83,28.4,0.15
2012-01-01,2012,1,"Coffee, Robusta",Beverages,($/kg),2.13,-1.84,-1.39,-4.48,22.41,-0.44
2012-02-01,2012,2,"Coffee, Robusta",Beverages,($/kg),2.25,5.63,5.14,-6.64,29.31,1.2
2012-03-01,2012,3,"Coffee, Robusta",Beverages,($/kg),2.28,1.33,5.07,-12.31,34.12,0.4
2012-04-01,2012,4,"Coffee, Robusta",Beverages,($/kg),2.24,-1.75,5.16,-13.51,28.0,-0.19
2012-05-01,2012,5,"Coffee, Robusta",Beverages,($/kg),2.36,5.36,4.89,-12.27,27.57,1.71
2012-06-01,2012,6,"Coffee, Robusta",Beverages,($/kg),2.33,-1.27,2.19,-10.38,14.22,-0.07
2012-07-01,2012,7,"Coffee, Robusta",Beverages,($/kg),2.36,1.29,5.36,-5.22,15.69,0.54
2012-08-01,2012,8,"Coffee, Robusta",Beverages,($/kg),2.35,-0.42,-0.42,-4.86,21.76,-0.01
2012-09-01,2012,9,"Coffee, Robusta",Beverages,($/kg),2.31,-1.7,-0.86,-1.28,12.68,-0.35
2012-10-01,2012,10,"Coffee, Robusta",Beverages,($/kg),2.3,-0.43,-2.54,6.48,14.43,-0.11
2012-11-01,2012,11,"Coffee, Robusta",Beverages,($/kg),2.15,-6.52,-8.51,0.47,5.39,-2.72
2012-12-01,2012,12,"Coffee, Robusta",Beverages,($/kg),2.13,-0.93,-7.79,-1.84,5.97,-0.31
2013-01-01,2013,1,"Coffee, Robusta",Beverages,($/kg),2.2,3.29,-4.35,3.29,0.46,1.03
2013-02-01,2013,2,"Coffee, Robusta",Beverages,($/kg),2.29,4.09,6.51,1.78,-10.2,1.12
2013-03-01,2013,3,"Coffee, Robusta",Beverages,($/kg),2.34,2.18,9.86,2.63,-13.01,0.63
2013-04-01,2013,4,"Coffee, Robusta",Beverages,($/kg),2.24,-4.27,1.82,0.0,-8.57,-1.41
2013-05-01,2013,5,"Coffee, Robusta",Beverages,($/kg),2.19,-2.23,-4.37,-7.2,-8.75,-0.67
2013-06-01,2013,6,"Coffee, Robusta",Beverages,($/kg),2.0,-8.68,-14.53,-14.16,-18.37,-2.67
2013-07-01,2013,7,"Coffee, Robusta",Beverages,($/kg),2.1,5.0,-6.25,-11.02,-17.32,1.61
2013-08-01,2013,8,"Coffee, Robusta",Beverages,($/kg),2.07,-1.43,-5.48,-11.91,-16.53,-0.13
2013-09-01,2013,9,"Coffee, Robusta",Beverages,($/kg),1.94,-6.28,-3.0,-16.02,-16.38,-1.27
2013-10-01,2013,10,"Coffee, Robusta",Beverages,($/kg),1.85,-4.64,-11.9,-19.57,-5.61,-0.74
2013-11-01,2013,11,"Coffee, Robusta",Beverages,($/kg),1.76,-4.86,-14.98,-18.14,-12.0,-0.7
2013-12-01,2013,12,"Coffee, Robusta",Beverages,($/kg),1.94,10.23,0.0,-8.92,6.59,2.67
2014-01-01,2014,1,"Coffee, Robusta",Beverages,($/kg),1.93,-0.52,4.32,-12.27,6.04,0.02
2014-02-01,2014,2,"Coffee, Robusta",Beverages,($/kg),2.11,9.33,19.89,-7.86,19.21,1.89
2014-03-01,2014,3,"Coffee, Robusta",Beverages,($/kg),2.32,9.95,19.59,-0.85,38.1,1.73
2014-04-01,2014,4,"Coffee, Robusta",Beverages,($/kg),2.33,0.43,20.73,4.02,39.52,0.04
2014-05-01,2014,5,"Coffee, Robusta",Beverages,($/kg),2.27,-2.58,7.58,3.65,35.93,-0.47
2014-06-01,2014,6,"Coffee, Robusta",Beverages,($/kg),2.18,-3.96,-6.03,9.0,33.74,-0.67
2014-07-01,2014,7,"Coffee, Robusta",Beverages,($/kg),2.24,2.75,-3.86,6.67,41.77,0.3
2014-08-01,2014,8,"Coffee, Robusta",Beverages,($/kg),2.21,-1.34,-2.64,6.76,38.12,-0.34
2014-09-01,2014,9,"Coffee, Robusta",Beverages,($/kg),2.22,0.45,1.83,14.43,36.2,-0.04
2014-10-01,2014,10,"Coffee, Robusta",Beverages,($/kg),2.31,4.05,3.12,24.86,42.59,0.49
2014-11-01,2014,11,"Coffee, Robusta",Beverages,($/kg),2.27,-1.73,2.71,28.98,48.37,-0.7
2014-12-01,2014,12,"Coffee, Robusta",Beverages,($/kg),2.2,-3.08,-0.9,13.4,42.86,-1.06
2015-01-01,2015,1,"Coffee, Robusta",Beverages,($/kg),2.16,-1.82,-6.49,11.92,40.26,-0.65
2015-02-01,2015,2,"Coffee, Robusta",Beverages,($/kg),2.17,0.46,-4.41,2.84,44.67,-0.12
2015-03-01,2015,3,"Coffee, Robusta",Beverages,($/kg),2.03,-6.45,-7.73,-12.5,37.16,-1.76
2015-04-01,2015,4,"Coffee, Robusta",Beverages,($/kg),2.03,0.0,-6.02,-12.88,28.48,0.37
2015-05-01,2015,5,"Coffee, Robusta",Beverages,($/kg),1.93,-4.93,-11.06,-14.98,23.72,-1.33
2015-06-01,2015,6,"Coffee, Robusta",Beverages,($/kg),1.99,3.11,-1.97,-8.72,17.06,1.44
2015-07-01,2015,7,"Coffee, Robusta",Beverages,($/kg),1.92,-3.52,-5.42,-14.29,2.13,-0.88
2015-08-01,2015,8,"Coffee, Robusta",Beverages,($/kg),1.89,-1.56,-2.07,-14.48,3.85,-0.11
2015-09-01,2015,9,"Coffee, Robusta",Beverages,($/kg),1.8,-4.76,-9.55,-18.92,0.56,-1.14
2015-10-01,2015,10,"Coffee, Robusta",Beverages,($/kg),1.82,1.11,-5.21,-21.21,-3.19,0.88
2015-11-01,2015,11,"Coffee, Robusta",Beverages,($/kg),1.8,-1.1,-4.76,-20.7,-11.33,0.3
2015-12-01,2015,12,"Coffee, Robusta",Beverages,($/kg),1.75,-2.78,-2.78,-20.45,-15.46,-0.32
2016-01-01,2016,1,"Coffee, Robusta",Beverages,($/kg),1.65,-5.71,-9.34,-23.61,-26.01,-1.38
2016-02-01,2016,2,"Coffee, Robusta",Beverages,($/kg),1.63,-1.21,-9.44,-24.88,-32.37,0.32
2016-03-01,2016,3,"Coffee, Robusta",Beverages,($/kg),1.67,2.45,-4.57,-17.73,-35.77,1.64
2016-04-01,2016,4,"Coffee, Robusta",Beverages,($/kg),1.77,5.99,7.27,-12.81,-31.66,2.62
2016-05-01,2016,5,"Coffee, Robusta",Beverages,($/kg),1.85,4.52,13.5,-4.15,-31.23,1.55
2016-06-01,2016,6,"Coffee, Robusta",Beverages,($/kg),1.89,2.16,13.17,-5.03,-27.31,0.66
2016-07-01,2016,7,"Coffee, Robusta",Beverages,($/kg),2.0,5.82,12.99,4.17,-19.68,1.69
2016-08-01,2016,8,"Coffee, Robusta",Beverages,($/kg),2.02,1.0,9.19,6.88,-18.22,0.15
2016-09-01,2016,9,"Coffee, Robusta",Beverages,($/kg),2.14,5.94,13.23,18.89,-8.55,1.38
2016-10-01,2016,10,"Coffee, Robusta",Beverages,($/kg),2.29,7.01,14.5,25.82,6.02,1.47
2016-11-01,2016,11,"Coffee, Robusta",Beverages,($/kg),2.29,0.0,13.37,27.22,7.01,-0.49
2016-12-01,2016,12,"Coffee, Robusta",Beverages,($/kg),2.25,-1.75,5.14,28.57,3.69,-0.96
2017-01-01,2017,1,"Coffee, Robusta",Beverages,($/kg),2.39,6.22,4.37,44.85,12.21,1.04
2017-02-01,2017,2,"Coffee, Robusta",Beverages,($/kg),2.35,-1.67,2.62,44.17,4.44,-1.55
2017-03-01,2017,3,"Coffee, Robusta",Beverages,($/kg),2.35,0.0,4.44,40.72,3.07,-0.98
2017-04-01,2017,4,"Coffee, Robusta",Beverages,($/kg),2.28,-2.98,-4.6,28.81,1.79,-1.78
2017-05-01,2017,5,"Coffee, Robusta",Beverages,($/kg),2.17,-4.82,-7.66,17.3,-8.05,-1.96
2017-06-01,2017,6,"Coffee, Robusta",Beverages,($/kg),2.25,3.69,-4.26,19.05,-3.43,0.57
2017-07-01,2017,7,"Coffee, Robusta",Beverages,($/kg),2.31,2.67,1.32,15.5,-2.12,0.28
2017-08-01,2017,8,"Coffee, Robusta",Beverages,($/kg),2.3,-0.43,5.99,13.86,-2.13,-0.44
2017-09-01,2017,9,"Coffee, Robusta",Beverages,($/kg),2.19,-4.78,-2.67,2.34,-5.19,-1.53
2017-10-01,2017,10,"Coffee, Robusta",Beverages,($/kg),2.17,-0.91,-6.06,-5.24,-5.65,-0.3
2017-11-01,2017,11,"Coffee, Robusta",Beverages,($/kg),2.01,-7.37,-12.61,-12.23,-6.51,-2.12
2017-12-01,2017,12,"Coffee, Robusta",Beverages,($/kg),1.93,-3.98,-11.87,-14.22,-9.39,-0.77
2018-01-01,2018,1,"Coffee, Robusta",Beverages,($/kg),1.95,1.04,-10.14,-18.41,-11.36,0.57
2018-02-01,2018,2,"Coffee, Robusta",Beverages,($/kg),1.97,1.03,-1.99,-16.17,-13.97,0.81
2018-03-01,2018,3,"Coffee, Robusta",Beverages,($/kg),1.94,-1.52,0.52,-17.45,-17.09,-0.03
2018-04-01,2018,4,"Coffee, Robusta",Beverages,($/kg),1.95,0.52,0.0,-14.47,-12.95,0.61
2018-05-01,2018,5,"Coffee, Robusta",Beverages,($/kg),1.96,0.51,-0.51,-9.68,-10.5,0.52
2018-06-01,2018,6,"Coffee, Robusta",Beverages,($/kg),1.9,-3.06,-2.06,-15.56,-5.0,-0.71
2018-07-01,2018,7,"Coffee, Robusta",Beverages,($/kg),1.86,-2.11,-4.62,-19.48,-11.43,-0.26
2018-08-01,2018,8,"Coffee, Robusta",Beverages,($/kg),1.78,-4.3,-9.18,-22.61,-14.01,-0.97
2018-09-01,2018,9,"Coffee, Robusta",Beverages,($/kg),1.69,-5.06,-11.05,-22.83,-12.89,-1.11
2018-10-01,2018,10,"Coffee, Robusta",Beverages,($/kg),1.88,11.24,1.08,-13.36,1.62,4.92
2018-11-01,2018,11,"Coffee, Robusta",Beverages,($/kg),1.84,-2.13,3.37,-8.46,4.55,-0.22
2018-12-01,2018,12,"Coffee, Robusta",Beverages,($/kg),1.71,-7.07,1.18,-11.4,-11.86,-1.49
2019-01-01,2019,1,"Coffee, Robusta",Beverages,($/kg),1.72,0.58,-8.51,-11.79,-10.88,0.32
2019-02-01,2019,2,"Coffee, Robusta",Beverages,($/kg),1.73,0.58,-5.98,-12.18,-18.01,0.33
2019-03-01,2019,3,"Coffee, Robusta",Beverages,($/kg),1.7,-1.73,-0.58,-12.37,-26.72,-0.16
2019-04-01,2019,4,"Coffee, Robusta",Beverages,($/kg),1.62,-4.71,-5.81,-16.92,-30.47,-0.81
2019-05-01,2019,5,"Coffee, Robusta",Beverages,($/kg),1.57,-3.09,-9.25,-19.9,-30.84,-0.35
2019-06-01,2019,6,"Coffee, Robusta",Beverages,($/kg),1.63,3.82,-4.12,-14.21,-25.23,1.2
2019-07-01,2019,7,"Coffee, Robusta",Beverages,($/kg),1.63,0.0,0.62,-12.37,-27.23,0.24
2019-08-01,2019,8,"Coffee, Robusta",Beverages,($/kg),1.56,-4.29,-0.64,-12.36,-29.41,-0.68
2019-09-01,2019,9,"Coffee, Robusta",Beverages,($/kg),1.56,0.0,-4.29,-7.69,-29.73,0.2
2019-10-01,2019,10,"Coffee, Robusta",Beverages,($/kg),1.51,-3.21,-7.36,-19.68,-34.63,-0.56
2019-11-01,2019,11,"Coffee, Robusta",Beverages,($/kg),1.62,7.28,3.85,-11.96,-28.63,3.07
2019-12-01,2019,12,"Coffee, Robusta",Beverages,($/kg),1.61,-0.62,3.21,-5.85,-26.82,0.09
2020-01-01,2020,1,"Coffee, Robusta",Beverages,($/kg),1.56,-3.11,3.31,-9.3,-27.78,-0.77
2020-02-01,2020,2,"Coffee, Robusta",Beverages,($/kg),1.5,-3.85,-7.41,-13.29,-30.88,-0.88
2020-03-01,2020,3,"Coffee, Robusta",Beverages,($/kg),1.49,-0.67,-7.45,-12.35,-26.6,0.13
2020-04-01,2020,4,"Coffee, Robusta",Beverages,($/kg),1.41,-5.37,-9.62,-12.96,-30.54,-1.21
2020-05-01,2020,5,"Coffee, Robusta",Beverages,($/kg),1.42,0.71,-5.33,-9.55,-26.42,0.49
2020-06-01,2020,6,"Coffee, Robusta",Beverages,($/kg),1.42,0.0,-4.7,-12.88,-28.64,0.21
2020-07-01,2020,7,"Coffee, Robusta",Beverages,($/kg),1.49,4.93,5.67,-8.59,-22.4,1.81
2020-08-01,2020,8,"Coffee, Robusta",Beverages,($/kg),1.6,7.38,12.68,2.56,-15.34,2.15
2020-09-01,2020,9,"Coffee, Robusta",Beverages,($/kg),1.6,0.0,12.68,2.56,-11.11,-0.07
2020-10-01,2020,10,"Coffee, Robusta",Beverages,($/kg),1.51,-5.63,1.34,0.0,-17.03,-1.4
2020-11-01,2020,11,"Coffee, Robusta",Beverages,($/kg),1.6,5.96,0.0,-1.23,-11.11,1.32
2020-12-01,2020,12,"Coffee, Robusta",Beverages,($/kg),1.59,-0.62,-0.62,-1.24,-9.14,-0.14
2021-01-01,2021,1,"Coffee, Robusta",Beverages,($/kg),1.56,-1.89,3.31,0.0,-5.45,-0.44
2021-02-01,2021,2,"Coffee, Robusta",Beverages,($/kg),1.62,3.85,1.25,8.0,-0.61,0.9
2021-03-01,2021,3,"Coffee, Robusta",Beverages,($/kg),1.63,0.62,2.52,9.4,-2.4,-0.03
2021-04-01,2021,4,"Coffee, Robusta",Beverages,($/kg),1.64,0.61,5.13,16.31,-7.34,-0.05
2021-05-01,2021,5,"Coffee, Robusta",Beverages,($/kg),1.76,7.32,8.64,23.94,-4.86,1.65
2021-06-01,2021,6,"Coffee, Robusta",Beverages,($/kg),1.87,6.25,14.72,31.69,-1.06,1.09
2021-07-01,2021,7,"Coffee, Robusta",Beverages,($/kg),2.08,11.23,26.83,39.6,4.0,2.13
2021-08-01,2021,8,"Coffee, Robusta",Beverages,($/kg),2.1,0.96,19.32,31.25,3.96,-0.41
2021-09-01,2021,9,"Coffee, Robusta",Beverages,($/kg),2.31,10.0,23.53,44.37,7.94,1.64
2021-10-01,2021,10,"Coffee, Robusta",Beverages,($/kg),2.32,0.43,11.54,53.64,1.31,-0.55
2021-11-01,2021,11,"Coffee, Robusta",Beverages,($/kg),2.41,3.88,14.76,50.63,5.24,0.04
2021-12-01,2021,12,"Coffee, Robusta",Beverages,($/kg),2.48,2.9,7.36,55.97,10.22,-0.15
2022-01-01,2022,1,"Coffee, Robusta",Beverages,($/kg),2.43,-2.02,4.74,55.77,1.67,-1.43
2022-02-01,2022,2,"Coffee, Robusta",Beverages,($/kg),2.41,-0.82,0.0,48.77,2.55,-1.13
2022-03-01,2022,3,"Coffee, Robusta",Beverages,($/kg),2.29,-4.98,-7.66,40.49,-2.55,-1.95
2022-04-01,2022,4,"Coffee, Robusta",Beverages,($/kg),2.29,0.0,-5.76,39.63,0.44,-0.61
2022-05-01,2022,5,"Coffee, Robusta",Beverages,($/kg),2.27,-0.87,-5.81,28.98,4.61,-0.77
2022-06-01,2022,6,"Coffee, Robusta",Beverages,($/kg),2.29,0.88,0.0,22.46,1.78,-0.28
2022-07-01,2022,7,"Coffee, Robusta",Beverages,($/kg),2.21,-3.49,-3.49,6.25,-4.33,-1.13
2022-08-01,2022,8,"Coffee, Robusta",Beverages,($/kg),2.42,9.5,6.61,15.24,5.22,2.31
2022-09-01,2022,9,"Coffee, Robusta",Beverages,($/kg),2.46,1.65,7.42,6.49,12.33,0.08
2022-10-01,2022,10,"Coffee, Robusta",Beverages,($/kg),2.27,-7.72,2.71,-2.16,4.61,-2.21
2022-11-01,2022,11,"Coffee, Robusta",Beverages,($/kg),2.04,-10.13,-15.7,-15.35,1.49,-2.25
2022-12-01,2022,12,"Coffee, Robusta",Beverages,($/kg),2.05,0.49,-16.67,-17.34,6.22,0.34
2023-01-01,2023,1,"Coffee, Robusta",Beverages,($/kg),2.12,3.41,-6.61,-12.76,8.72,0.98
2023-02-01,2023,2,"Coffee, Robusta",Beverages,($/kg),2.29,8.02,12.25,-4.98,16.24,1.75
2023-03-01,2023,3,"Coffee, Robusta",Beverages,($/kg),2.35,2.62,14.63,2.62,21.13,0.5
2023-04-01,2023,4,"Coffee, Robusta",Beverages,($/kg),2.55,8.51,20.28,11.35,30.77,1.44
2023-05-01,2023,5,"Coffee, Robusta",Beverages,($/kg),2.7,5.88,17.9,18.94,37.76,0.79
2023-06-01,2023,6,"Coffee, Robusta",Beverages,($/kg),2.91,7.78,23.83,27.07,53.16,0.99
2023-07-01,2023,7,"Coffee, Robusta",Beverages,($/kg),2.81,-3.44,10.2,27.15,51.08,-0.87
2023-08-01,2023,8,"Coffee, Robusta",Beverages,($/kg),2.75,-2.14,1.85,13.64,54.49,-0.67
2023-09-01,2023,9,"Coffee, Robusta",Beverages,($/kg),2.73,-0.73,-6.19,10.98,61.54,-0.32
2023-10-01,2023,10,"Coffee, Robusta",Beverages,($/kg),2.62,-4.03,-6.76,15.42,39.36,-0.82
2023-11-01,2023,11,"Coffee, Robusta",Beverages,($/kg),2.7,3.05,-1.82,32.35,46.74,0.3
2023-12-01,2023,12,"Coffee, Robusta",Beverages,($/kg),2.99,10.74,9.52,45.85,74.85,1.85
2024-01-01,2024,1,"Coffee, Robusta",Beverages,($/kg),3.26,9.03,24.43,53.77,89.53,1.14
2024-02-01,2024,2,"Coffee, Robusta",Beverages,($/kg),3.38,3.68,25.19,47.6,95.38,-0.02
2024-03-01,2024,3,"Coffee, Robusta",Beverages,($/kg),3.66,8.28,22.41,55.74,115.29,0.95
2024-04-01,2024,4,"Coffee, Robusta",Beverages,($/kg),4.23,15.57,29.75,65.88,161.11,2.21
2024-05-01,2024,5,"Coffee, Robusta",Beverages,($/kg),4.04,-4.49,19.53,49.63,157.32,-1.45
2024-06-01,2024,6,"Coffee, Robusta",Beverages,($/kg),4.5,11.39,22.95,54.64,176.07,1.17
2024-07-01,2024,7,"Coffee, Robusta",Beverages,($/kg),4.73,5.11,11.82,68.33,190.18,0.17
2024-08-01,2024,8,"Coffee, Robusta",Beverages,($/kg),4.73,0.0,17.08,72.0,203.21,-0.71
2024-09-01,2024,9,"Coffee, Robusta",Beverages,($/kg),5.33,12.68,18.44,95.24,241.67,1.24
2024-10-01,2024,10,"Coffee, Robusta",Beverages,($/kg),4.89,-8.26,3.38,86.64,223.84,-2.18
2024-11-01,2024,11,"Coffee, Robusta",Beverages,($/kg),4.98,1.84,5.29,84.44,207.41,-0.52
2024-12-01,2024,12,"Coffee, Robusta",Beverages,($/kg),5.22,4.82,-2.06,74.58,224.22,-0.09
2025-01-01,2025,1,"Coffee, Robusta",Beverages,($/kg),5.41,3.64,10.63,65.95,246.79,-0.19
2025-02-01,2025,2,"Coffee, Robusta",Beverages,($/kg),5.81,7.39,16.67,71.89,287.33,0.42
2025-03-01,2025,3,"Coffee, Robusta",Beverages,($/kg),5.69,-2.07,9.0,55.46,281.88,-0.99
2025-04-01,2025,4,"Coffee, Robusta",Beverages,($/kg),5.43,-4.57,0.37,28.37,285.11,-1.2
2025-05-01,2025,5,"Coffee, Robusta",Beverages,($/kg),5.24,-3.5,-9.81,29.7,269.01,-0.89
2025-06-01,2025,6,"Coffee, Robusta",Beverages,($/kg),4.33,-17.37,-23.9,-3.78,204.93,-3.09
2025-07-01,2025,7,"Coffee, Robusta",Beverages,($/kg),3.69,-14.78,-32.04,-21.99,147.65,-1.87
2025-08-01,2025,8,"Coffee, Robusta",Beverages,($/kg),4.39,18.97,-16.22,-7.19,174.37,2.35
2025-09-01,2025,9,"Coffee, Robusta",Beverages,($/kg),4.66,6.15,7.62,-12.57,191.25,0.59
2025-10-01,2025,10,"Coffee, Robusta",Beverages,($/kg),4.74,1.72,28.46,-3.07,213.91,0.23
2025-11-01,2025,11,"Coffee, Robusta",Beverages,($/kg),4.74,0.0,7.97,-4.82,196.25,-0.02
2025-12-01,2025,12,"Coffee, Robusta",Beverages,($/kg),4.2,-11.39,-9.87,-19.54,164.15,-1.17
2026-01-01,2026,1,"Coffee, Robusta",Beverages,($/kg),4.24,0.95,-10.55,-21.63,171.79,0.22
2026-02-01,2026,2,"Coffee, Robusta",Beverages,($/kg),3.96,-6.6,-16.46,-31.84,144.44,-0.5
2026-03-01,2026,3,"Coffee, Robusta",Beverages,($/kg),3.9,-1.52,-7.14,-31.46,139.26,0.12
2026-04-01,2026,4,"Coffee, Robusta",Beverages,($/kg),3.63,-6.92,-14.39,-33.15,121.34,-0.44
2026-05-01,2026,5,"Coffee, Robusta",Beverages,($/kg),3.67,1.1,-7.32,-29.96,108.52,0.4
2026-06-01,2026,6,"Coffee, Robusta",Beverages,($/kg),3.73,1.63,-4.36,-13.86,99.47,0.42
2026-07-01,2026,7,"Coffee, Robusta",Beverages,($/kg),4.07,9.12,12.12,10.3,95.67,1.15
2026-08-01,2026,8,"Coffee, Robusta",Beverages,($/kg),3.98,-2.21,8.45,-9.34,89.52,-0.42
2026-09-01,2026,9,"Coffee, Robusta",Beverages,($/kg),3.69,-7.29,-1.07,-20.82,59.74,-1.17
1960-01-01,1960,1,Copper,Metals,($/mt),715.0,,,,,
1960-02-01,1960,2,Copper,Metals,($/mt),728.0,1.82,,,,
1960-03-01,1960,3,Copper,Metals,($/mt),685.0,-5.91,,,,
1960-04-01,1960,4,Copper,Metals,($/mt),723.0,5.55,1.12,,,
1960-05-01,1960,5,Copper,Metals,($/mt),685.0,-5.26,-5.91,,,
1960-06-01,1960,6,Copper,Metals,($/mt),692.0,1.02,1.02,,,
1960-07-01,1960,7,Copper,Metals,($/mt),702.0,1.45,-2.9,,,
1960-08-01,1960,8,Copper,Metals,($/mt),676.0,-3.7,-1.31,,,-0.78
1960-09-01,1960,9,Copper,Metals,($/mt),647.0,-4.29,-6.5,,,-0.83
1960-10-01,1960,10,Copper,Metals,($/mt),613.0,-5.26,-12.68,,,-0.98
1960-11-01,1960,11,Copper,Metals,($/mt),642.0,4.73,-5.03,,,1.54
1960-12-01,1960,12,Copper,Metals,($/mt),637.0,-0.78,-1.55,,,0.05
1961-01-01,1961,1,Copper,Metals,($/mt),607.0,-4.71,-0.98,-15.1,,-0.9
1961-02-01,1961,2,Copper,Metals,($/mt),617.0,1.65,-3.89,-15.25,,0.71
1961-03-01,1961,3,Copper,Metals,($/mt),621.0,0.65,-2.51,-9.34,,0.47
1961-04-01,1961,4,Copper,Metals,($/mt),632.0,1.77,4.12,-12.59,,0.65
1961-05-01,1961,5,Copper,Metals,($/mt),668.0,5.7,8.27,-2.48,,1.98
1961-06-01,1961,6,Copper,Metals,($/mt),652.0,-2.4,4.99,-5.78,,-0.62
1961-07-01,1961,7,Copper,Metals,($/mt),633.0,-2.91,0.16,-9.83,,-0.67
1961-08-01,1961,8,Copper,Metals,($/mt),636.0,0.47,-4.79,-5.92,,0.34
1961-09-01,1961,9,Copper,Metals,($/mt),633.0,-0.47,-2.91,-2.16,,-0.01
1961-10-01,1961,10,Copper,Metals,($/mt),630.0,-0.47,-0.47,2.77,,-0.1
1961-11-01,1961,11,Copper,Metals,($/mt),632.0,0.32,-0.63,-1.56,,0.02
1961-12-01,1961,12,Copper,Metals,($/mt),635.0,0.47,0.32,-0.31,,0.22
1962-01-01,1962,1,Copper,Metals,($/mt),635.0,0.0,0.79,4.61,,-0.0
1962-02-01,1962,2,Copper,Metals,($/mt),648.0,2.05,2.53,5.02,,0.76
1962-03-01,1962,3,Copper,Metals,($/mt),648.0,0.0,2.05,4.35,,-0.2
1962-04-01,1962,4,Copper,Metals,($/mt),646.0,-0.31,1.73,2.22,,-0.31
1962-05-01,1962,5,Copper,Metals,($/mt),646.0,0.0,-0.31,-3.29,,-0.09
1962-06-01,1962,6,Copper,Metals,($/mt),646.0,0.0,-0.31,-0.92,,0.21
1962-07-01,1962,7,Copper,Metals,($/mt),646.0,0.0,0.0,2.05,,0.06
1962-08-01,1962,8,Copper,Metals,($/mt),646.0,0.0,0.0,1.57,,-0.26
1962-09-01,1962,9,Copper,Metals,($/mt),646.0,0.0,0.0,2.05,,-0.2
1962-10-01,1962,10,Copper,Metals,($/mt),646.0,0.0,0.0,2.54,,-0.27
1962-11-01,1962,11,Copper,Metals,($/mt),646.0,0.0,0.0,2.22,,-0.35
1962-12-01,1962,12,Copper,Metals,($/mt),646.0,0.0,0.0,1.73,,-0.3
1963-01-01,1963,1,Copper,Metals,($/mt),646.0,0.0,0.0,1.73,,-0.24
1963-02-01,1963,2,Copper,Metals,($/mt),646.0,0.0,0.0,-0.31,,-0.24
1963-03-01,1963,3,Copper,Metals,($/mt),646.0,0.0,0.0,-0.31,,0.29
1963-04-01,1963,4,Copper,Metals,($/mt),646.0,0.0,0.0,0.0,,0.29
1963-05-01,1963,5,Copper,Metals,($/mt),646.0,0.0,0.0,0.0,,0.0
1963-06-01,1963,6,Copper,Metals,($/mt),646.0,0.0,0.0,0.0,,0.0
1963-07-01,1963,7,Copper,Metals,($/mt),646.0,0.0,0.0,0.0,,0.0
1963-08-01,1963,8,Copper,Metals,($/mt),646.0,0.0,0.0,0.0,,0.0
1963-09-01,1963,9,Copper,Metals,($/mt),646.0,0.0,0.0,0.0,,0.0
1963-10-01,1963,10,Copper,Metals,($/mt),646.0,0.0,0.0,0.0,,0.0
1963-11-01,1963,11,Copper,Metals,($/mt),646.0,0.0,0.0,0.0,,0.0
1963-12-01,1963,12,Copper,Metals,($/mt),650.0,0.62,0.62,0.62,,0.0
1964-01-01,1964,1,Copper,Metals,($/mt),656.0,0.92,1.55,1.55,,4.88
1964-02-01,1964,2,Copper,Metals,($/mt),694.0,5.79,7.43,7.43,,18.45
1964-03-01,1964,3,Copper,Metals,($/mt),745.0,7.35,14.62,15.33,,4.06
1964-04-01,1964,4,Copper,Metals,($/mt),862.0,15.7,31.4,33.44,,5.71
1964-05-01,1964,5,Copper,Metals,($/mt),828.0,-3.94,19.31,28.17,,-1.34
1964-06-01,1964,6,Copper,Metals,($/mt),808.0,-2.42,8.46,25.08,,-0.9
1964-07-01,1964,7,Copper,Metals,($/mt),855.0,5.82,-0.81,32.35,,0.72
1964-08-01,1964,8,Copper,Metals,($/mt),999.0,16.84,20.65,54.64,,2.68
1964-09-01,1964,9,Copper,Metals,($/mt),1162.0,16.32,43.81,79.88,,1.86
1964-10-01,1964,10,Copper,Metals,($/mt),1358.0,16.87,58.83,110.22,,1.56
1964-11-01,1964,11,Copper,Metals,($/mt),1400.0,3.09,40.14,116.72,,-0.45
1964-12-01,1964,12,Copper,Metals,($/mt),1269.0,-9.36,9.21,95.23,,-2.1
1965-01-01,1965,1,Copper,Metals,($/mt),1001.0,-21.12,-26.29,52.59,40.0,-3.04
1965-02-01,1965,2,Copper,Metals,($/mt),1180.0,17.88,-15.71,70.03,62.09,1.15
1965-03-01,1965,3,Copper,Metals,($/mt),1237.0,4.83,-2.52,66.04,80.58,-0.03
1965-04-01,1965,4,Copper,Metals,($/mt),1348.0,8.97,34.67,56.38,86.45,0.31
1965-05-01,1965,5,Copper,Metals,($/mt),1379.0,2.3,16.86,66.55,101.31,-0.18
1965-06-01,1965,6,Copper,Metals,($/mt),1309.0,-5.08,5.82,62.0,89.16,-0.85
1965-07-01,1965,7,Copper,Metals,($/mt),1134.0,-13.37,-15.88,32.63,61.54,-1.51
1965-08-01,1965,8,Copper,Metals,($/mt),1210.0,6.7,-12.26,21.12,78.99,0.27
1965-09-01,1965,9,Copper,Metals,($/mt),1328.0,9.75,1.45,14.29,105.26,0.6
1965-10-01,1965,10,Copper,Metals,($/mt),1402.0,5.57,23.63,3.24,128.71,0.32
1965-11-01,1965,11,Copper,Metals,($/mt),1469.0,4.78,21.4,4.93,128.82,0.36
1965-12-01,1965,12,Copper,Metals,($/mt),1518.0,3.34,14.31,19.62,138.3,0.21
1966-01-01,1966,1,Copper,Metals,($/mt),1679.0,10.61,19.76,67.73,176.61,0.81
1966-02-01,1966,2,Copper,Metals,($/mt),1874.0,11.61,27.57,58.81,203.73,0.88
1966-03-01,1966,3,Copper,Metals,($/mt),1875.0,0.05,23.52,51.58,201.93,-0.58
1966-04-01,1966,4,Copper,Metals,($/mt),1907.0,1.71,13.58,41.47,201.74,-0.29
1966-05-01,1966,5,Copper,Metals,($/mt),1664.0,-12.74,-11.21,20.67,149.1,-2.26
1966-06-01,1966,6,Copper,Metals,($/mt),1696.0,1.92,-9.55,29.56,160.12,0.0
1966-07-01,1966,7,Copper,Metals,($/mt),1568.0,-7.55,-17.78,38.27,147.71,-1.24
1966-08-01,1966,8,Copper,Metals,($/mt),1195.0,-23.79,-28.19,-1.24,87.89,-3.71
1966-09-01,1966,9,Copper,Metals,($/mt),1128.0,-5.61,-33.49,-15.06,78.2,-0.58
1966-10-01,1966,10,Copper,Metals,($/mt),1275.0,13.03,-18.69,-9.06,102.38,1.37
1966-11-01,1966,11,Copper,Metals,($/mt),1302.0,2.12,8.95,-11.37,106.01,0.22
1966-12-01,1966,12,Copper,Metals,($/mt),1215.0,-6.68,7.71,-19.96,91.34,-0.58
1967-01-01,1967,1,Copper,Metals,($/mt),1244.0,2.39,-2.43,-25.91,95.91,0.34
1967-02-01,1967,2,Copper,Metals,($/mt),1220.0,-1.93,-6.3,-34.9,88.27,0.0
1967-03-01,1967,3,Copper,Metals,($/mt),1098.0,-10.0,-9.63,-41.44,69.44,-0.75
1967-04-01,1967,4,Copper,Metals,($/mt),995.0,-9.38,-20.02,-47.82,54.02,-0.58
1967-05-01,1967,5,Copper,Metals,($/mt),1036.0,4.12,-15.08,-37.74,60.37,0.96
1967-06-01,1967,6,Copper,Metals,($/mt),1015.0,-2.03,-7.56,-40.15,57.12,0.15
1967-07-01,1967,7,Copper,Metals,($/mt),997.0,-1.77,0.2,-36.42,54.33,0.22
1967-08-01,1967,8,Copper,Metals,($/mt),1045.0,4.81,0.87,-12.55,61.76,0.89
1967-09-01,1967,9,Copper,Metals,($/mt),1060.0,1.44,4.43,-6.03,64.09,0.35
1967-10-01,1967,10,Copper,Metals,($/mt),1138.0,7.36,14.14,-10.75,76.16,1.18
1967-11-01,1967,11,Copper,Metals,($/mt),1444.0,26.89,38.18,10.91,123.53,4.96
1967-12-01,1967,12,Copper,Metals,($/mt),1324.0,-8.31,24.91,8.97,104.95,-0.98
1968-01-01,1968,1,Copper,Metals,($/mt),1409.0,6.42,23.81,13.26,118.11,0.53
1968-02-01,1968,2,Copper,Metals,($/mt),1720.0,22.07,19.11,40.98,166.25,2.06
1968-03-01,1968,3,Copper,Metals,($/mt),1701.0,-1.1,28.47,54.92,163.31,-0.4
1968-04-01,1968,4,Copper,Metals,($/mt),1255.0,-26.22,-10.93,26.13,94.27,-2.8
1968-05-01,1968,5,Copper,Metals,($/mt),1097.0,-12.59,-36.22,5.89,69.81,-1.14
1968-06-01,1968,6,Copper,Metals,($/mt),1137.0,3.65,-33.16,12.02,76.01,0.16
1968-07-01,1968,7,Copper,Metals,($/mt),1054.0,-7.3,-16.02,5.72,63.16,-0.65
1968-08-01,1968,8,Copper,Metals,($/mt),1056.0,0.19,-3.74,1.05,63.47,-0.09
1968-09-01,1968,9,Copper,Metals,($/mt),1110.0,5.11,-2.37,4.72,71.83,0.28
1968-10-01,1968,10,Copper,Metals,($/mt),1080.0,-2.7,2.47,-5.1,67.18,-0.28
1968-11-01,1968,11,Copper,Metals,($/mt),1100.0,1.85,4.17,-23.82,70.28,0.09
1968-12-01,1968,12,Copper,Metals,($/mt),1185.0,7.73,6.76,-10.5,82.31,0.79
1969-01-01,1969,1,Copper,Metals,($/mt),1256.0,5.99,16.3,-10.86,91.46,0.53
1969-02-01,1969,2,Copper,Metals,($/mt),1285.0,2.31,16.82,-25.29,85.16,0.22
1969-03-01,1969,3,Copper,Metals,($/mt),1278.0,-0.54,7.85,-24.87,71.54,0.14
1969-04-01,1969,4,Copper,Metals,($/mt),1388.0,8.61,10.51,10.6,61.02,1.1
1969-05-01,1969,5,Copper,Metals,($/mt),1392.0,0.29,8.33,26.89,68.12,-0.12
1969-06-01,1969,6,Copper,Metals,($/mt),1483.0,6.54,16.04,30.43,83.54,0.98
1969-07-01,1969,7,Copper,Metals,($/mt),1454.0,-1.96,4.76,37.95,70.06,-0.91
1969-08-01,1969,8,Copper,Metals,($/mt),1607.0,10.52,15.45,52.18,60.86,1.99
1969-09-01,1969,9,Copper,Metals,($/mt),1579.0,-1.74,6.47,42.25,35.89,-1.23
1969-10-01,1969,10,Copper,Metals,($/mt),1554.0,-1.58,6.88,43.89,14.43,-1.01
1969-11-01,1969,11,Copper,Metals,($/mt),1631.0,4.95,1.49,48.27,16.5,0.4
1969-12-01,1969,12,Copper,Metals,($/mt),1700.0,4.23,7.66,43.46,33.96,0.18
1970-01-01,1970,1,Copper,Metals,($/mt),1626.0,-4.35,4.63,29.46,62.44,-1.74
1970-02-01,1970,2,Copper,Metals,($/mt),1657.0,1.91,1.59,28.95,40.42,-0.08
1970-03-01,1970,3,Copper,Metals,($/mt),1754.0,5.85,3.18,37.25,41.79,0.77
1970-04-01,1970,4,Copper,Metals,($/mt),1742.0,-0.68,7.13,25.5,29.23,-0.73
1970-05-01,1970,5,Copper,Metals,($/mt),1598.0,-8.27,-3.56,14.8,15.88,-2.32
1970-06-01,1970,6,Copper,Metals,($/mt),1458.0,-8.76,-16.88,-1.69,11.38,-1.89
1970-07-01,1970,7,Copper,Metals,($/mt),1367.0,-6.24,-21.53,-5.98,20.55,-1.09
1970-08-01,1970,8,Copper,Metals,($/mt),1267.0,-7.32,-20.71,-21.16,4.71,-1.16
1970-09-01,1970,9,Copper,Metals,($/mt),1247.0,-1.58,-14.47,-21.03,-6.1,0.05
1970-10-01,1970,10,Copper,Metals,($/mt),1142.0,-8.42,-16.46,-26.51,-18.54,-1.26
1970-11-01,1970,11,Copper,Metals,($/mt),1085.0,-4.99,-14.36,-33.48,-26.14,-0.47
1970-12-01,1970,12,Copper,Metals,($/mt),1046.0,-3.59,-16.12,-38.47,-31.09,-0.07
1971-01-01,1971,1,Copper,Metals,($/mt),1010.0,-3.44,-11.56,-37.88,-39.85,0.09
1971-02-01,1971,2,Copper,Metals,($/mt),1020.0,0.99,-5.99,-38.44,-45.57,1.06
1971-03-01,1971,3,Copper,Metals,($/mt),1144.0,12.16,9.37,-34.78,-38.99,3.61
1971-04-01,1971,4,Copper,Metals,($/mt),1252.0,9.44,23.96,-28.13,-34.35,2.19
1971-05-01,1971,5,Copper,Metals,($/mt),1114.0,-11.02,9.22,-30.29,-33.05,-1.24
1971-06-01,1971,6,Copper,Metals,($/mt),1074.0,-3.59,-6.12,-26.34,-36.67,-0.12
1971-07-01,1971,7,Copper,Metals,($/mt),1115.0,3.82,-10.94,-18.43,-28.89,0.89
1971-08-01,1971,8,Copper,Metals,($/mt),1098.0,-1.52,-1.44,-13.34,-8.12,-0.01
1971-09-01,1971,9,Copper,Metals,($/mt),1056.0,-3.83,-1.68,-15.32,-6.38,-0.42
1971-10-01,1971,10,Copper,Metals,($/mt),1041.0,-1.42,-6.64,-8.84,-18.35,-0.04
1971-11-01,1971,11,Copper,Metals,($/mt),1014.0,-2.59,-7.65,-6.54,-22.12,-0.31
1971-12-01,1971,12,Copper,Metals,($/mt),1038.0,2.37,-1.7,-0.76,-14.57,0.44
1972-01-01,1972,1,Copper,Metals,($/mt),1078.0,3.85,3.55,6.73,-13.34,0.6
1972-02-01,1972,2,Copper,Metals,($/mt),1112.0,3.15,9.66,9.02,-8.85,0.39
1972-03-01,1972,3,Copper,Metals,($/mt),1108.0,-0.36,6.74,-3.15,0.91,-0.2
1972-04-01,1972,4,Copper,Metals,($/mt),1133.0,2.26,5.1,-9.5,13.87,0.46
1972-05-01,1972,5,Copper,Metals,($/mt),1106.0,-2.38,-0.54,-0.72,6.76,-0.38
1972-06-01,1972,6,Copper,Metals,($/mt),1063.0,-3.89,-4.06,-1.02,4.73,-1.32
1972-07-01,1972,7,Copper,Metals,($/mt),1035.0,-2.63,-8.65,-7.17,3.81,-0.87
1972-08-01,1972,8,Copper,Metals,($/mt),1047.0,1.16,-5.33,-4.64,0.19,0.63
1972-09-01,1972,9,Copper,Metals,($/mt),1061.0,1.34,-0.19,0.47,0.09,0.6
1972-10-01,1972,10,Copper,Metals,($/mt),918.0,-13.48,-11.3,-11.82,-19.33,-5.18
1972-11-01,1972,11,Copper,Metals,($/mt),1007.0,9.69,-3.82,-0.69,-30.26,2.25
1972-12-01,1972,12,Copper,Metals,($/mt),1024.0,1.69,-3.49,-1.35,-22.66,0.29
1973-01-01,1973,1,Copper,Metals,($/mt),1119.0,9.28,21.9,3.8,-20.58,1.66
1973-02-01,1973,2,Copper,Metals,($/mt),1244.0,11.17,23.54,11.87,-27.67,1.75
1973-03-01,1973,3,Copper,Metals,($/mt),1510.0,21.38,47.46,36.28,-11.23,2.97
1973-04-01,1973,4,Copper,Metals,($/mt),1588.0,5.17,41.91,40.16,26.53,0.25
1973-05-01,1973,5,Copper,Metals,($/mt),1552.0,-2.27,24.76,40.33,41.48,-0.61
1973-06-01,1973,6,Copper,Metals,($/mt),1749.0,12.69,15.83,64.53,53.83,1.06
1973-07-01,1973,7,Copper,Metals,($/mt),2021.0,15.55,27.27,95.27,91.75,1.21
1973-08-01,1973,8,Copper,Metals,($/mt),2123.0,5.05,36.79,102.77,101.04,-0.12
1973-09-01,1973,9,Copper,Metals,($/mt),1936.0,-8.81,10.69,82.47,74.41,-1.68
1973-10-01,1973,10,Copper,Metals,($/mt),2065.0,6.66,2.18,124.95,91.2,0.11
1973-11-01,1973,11,Copper,Metals,($/mt),2273.0,10.07,7.07,125.72,106.64,0.35
1973-12-01,1973,12,Copper,Metals,($/mt),2244.0,-1.28,15.91,119.14,89.37,-1.06
1974-01-01,1974,1,Copper,Metals,($/mt),2032.0,-9.45,-1.6,81.59,61.78,-1.99
1974-02-01,1974,2,Copper,Metals,($/mt),2292.0,12.8,0.84,84.24,78.37,0.77
1974-03-01,1974,3,Copper,Metals,($/mt),2743.0,19.68,22.24,81.66,114.63,1.46
1974-04-01,1974,4,Copper,Metals,($/mt),3032.0,10.54,49.21,90.93,118.44,0.54
1974-05-01,1974,5,Copper,Metals,($/mt),2876.0,-5.15,25.48,85.31,106.61,-1.17
1974-06-01,1974,6,Copper,Metals,($/mt),2440.0,-15.16,-11.05,39.51,64.53,-2.14
1974-07-01,1974,7,Copper,Metals,($/mt),1919.0,-21.35,-36.71,-5.05,31.98,-2.22
1974-08-01,1974,8,Copper,Metals,($/mt),1803.0,-6.04,-37.31,-15.07,12.2,-0.51
1974-09-01,1974,9,Copper,Metals,($/mt),1461.0,-18.97,-40.12,-24.54,-7.47,-1.47
1974-10-01,1974,10,Copper,Metals,($/mt),1399.0,-4.24,-27.1,-32.25,-9.97,-0.21
1974-11-01,1974,11,Copper,Metals,($/mt),1417.0,1.29,-21.41,-37.66,-13.12,0.28
1974-12-01,1974,12,Copper,Metals,($/mt),1289.0,-9.03,-11.77,-42.56,-24.18,-0.47
1975-01-01,1975,1,Copper,Metals,($/mt),1211.0,-6.05,-13.44,-40.4,-25.52,-0.18
1975-02-01,1975,2,Copper,Metals,($/mt),1267.0,4.62,-10.59,-44.72,-23.54,0.64
1975-03-01,1975,3,Copper,Metals,($/mt),1344.0,6.08,4.27,-51.0,-23.38,0.86
1975-04-01,1975,4,Copper,Metals,($/mt),1329.0,-1.12,9.74,-56.17,-23.71,0.42
1975-05-01,1975,5,Copper,Metals,($/mt),1254.0,-5.64,-1.03,-56.4,-21.53,0.07
1975-06-01,1975,6,Copper,Metals,($/mt),1193.0,-4.86,-11.24,-51.11,-18.18,0.17
1975-07-01,1975,7,Copper,Metals,($/mt),1222.0,2.43,-8.05,-36.32,-10.61,0.95
1975-08-01,1975,8,Copper,Metals,($/mt),1277.0,4.5,1.83,-29.17,0.79,1.17
1975-09-01,1975,9,Copper,Metals,($/mt),1210.0,-5.25,1.42,-17.18,-2.97,-0.37
1975-10-01,1975,10,Copper,Metals,($/mt),1179.0,-2.56,-3.52,-15.73,3.24,-0.22
1975-11-01,1975,11,Copper,Metals,($/mt),1180.0,0.08,-7.6,-16.73,8.76,0.28
1975-12-01,1975,12,Copper,Metals,($/mt),1151.0,-2.46,-4.88,-10.71,10.04,-0.21
1976-01-01,1976,1,Copper,Metals,($/mt),1193.0,3.65,1.19,-1.49,18.12,1.03
1976-02-01,1976,2,Copper,Metals,($/mt),1219.0,2.18,3.31,-3.79,19.51,0.53
1976-03-01,1976,3,Copper,Metals,($/mt),1329.0,9.02,15.46,-1.12,16.17,2.31
1976-04-01,1976,4,Copper,Metals,($/mt),1510.0,13.62,26.57,13.62,20.61,3.03
1976-05-01,1976,5,Copper,Metals,($/mt),1512.0,0.13,24.04,20.57,35.73,-0.18
1976-06-01,1976,6,Copper,Metals,($/mt),1550.0,2.51,16.63,29.92,44.32,0.14
1976-07-01,1976,7,Copper,Metals,($/mt),1647.0,6.26,9.07,34.78,47.71,0.76
1976-08-01,1976,8,Copper,Metals,($/mt),1539.0,-6.56,1.79,20.52,40.16,-1.74
1976-09-01,1976,9,Copper,Metals,($/mt),1459.0,-5.2,-5.87,20.58,38.16,-1.18
1976-10-01,1976,10,Copper,Metals,($/mt),1285.0,-11.93,-21.98,8.99,23.44,-2.33
1976-11-01,1976,11,Copper,Metals,($/mt),1279.0,-0.47,-16.89,8.39,26.13,-0.2
1976-12-01,1976,12,Copper,Metals,($/mt),1287.0,0.63,-11.79,11.82,23.99,-0.04
1977-01-01,1977,1,Copper,Metals,($/mt),1396.0,8.47,8.64,17.02,29.5,1.06
1977-02-01,1977,2,Copper,Metals,($/mt),1426.0,2.15,11.49,16.98,28.24,0.08
1977-03-01,1977,3,Copper,Metals,($/mt),1515.0,6.24,17.72,14.0,36.73,0.65
1977-04-01,1977,4,Copper,Metals,($/mt),1429.0,-5.68,2.36,-5.36,26.13,-1.0
1977-05-01,1977,5,Copper,Metals,($/mt),1371.0,-4.06,-3.86,-9.33,23.96,-0.62
1977-06-01,1977,6,Copper,Metals,($/mt),1312.0,-4.3,-13.4,-15.35,23.42,-0.6
1977-07-01,1977,7,Copper,Metals,($/mt),1248.0,-4.88,-12.67,-24.23,20.58,-0.6
1977-08-01,1977,8,Copper,Metals,($/mt),1160.0,-7.05,-15.39,-24.63,10.79,-0.85
1977-09-01,1977,9,Copper,Metals,($/mt),1195.0,3.02,-8.92,-18.09,12.63,0.9
1977-10-01,1977,10,Copper,Metals,($/mt),1210.0,1.26,-3.04,-5.84,31.81,0.47
1977-11-01,1977,11,Copper,Metals,($/mt),1182.0,-2.31,1.9,-7.58,17.38,-0.39
1977-12-01,1977,12,Copper,Metals,($/mt),1261.0,6.68,5.52,-2.02,23.14,1.46
1978-01-01,1978,1,Copper,Metals,($/mt),1261.0,0.0,4.21,-9.67,12.69,0.01
1978-02-01,1978,2,Copper,Metals,($/mt),1217.0,-3.49,2.96,-14.66,-2.17,-0.59
1978-03-01,1978,3,Copper,Metals,($/mt),1254.0,3.04,-0.56,-17.23,-16.95,0.92
1978-04-01,1978,4,Copper,Metals,($/mt),1285.0,2.47,1.9,-10.08,-19.08,0.94
1978-05-01,1978,5,Copper,Metals,($/mt),1303.0,1.4,7.07,-4.96,-16.04,0.53
1978-06-01,1978,6,Copper,Metals,($/mt),1333.0,2.3,6.3,1.6,-23.79,0.65
1978-07-01,1978,7,Copper,Metals,($/mt),1337.0,0.3,4.05,7.13,-33.84,0.02
1978-08-01,1978,8,Copper,Metals,($/mt),1426.0,6.66,9.44,22.93,-32.83,1.69
1978-09-01,1978,9,Copper,Metals,($/mt),1442.0,1.12,8.18,20.67,-25.52,-0.22
1978-10-01,1978,10,Copper,Metals,($/mt),1506.0,4.44,12.64,24.46,-27.07,0.93
1978-11-01,1978,11,Copper,Metals,($/mt),1481.0,-1.66,3.86,25.3,-34.84,-1.13
1978-12-01,1978,12,Copper,Metals,($/mt),1533.0,3.51,6.31,21.57,-31.68,0.52
1979-01-01,1979,1,Copper,Metals,($/mt),1659.0,8.22,10.16,31.56,-18.36,2.4
1979-02-01,1979,2,Copper,Metals,($/mt),1944.0,17.18,31.26,59.74,-15.18,4.56
1979-03-01,1979,3,Copper,Metals,($/mt),2050.0,5.45,33.72,63.48,-25.26,0.28
1979-04-01,1979,4,Copper,Metals,($/mt),2100.0,2.44,26.58,63.42,-30.74,-0.37
1979-05-01,1979,5,Copper,Metals,($/mt),1926.0,-8.29,-0.93,47.81,-33.03,-2.55
1979-06-01,1979,6,Copper,Metals,($/mt),1878.0,-2.49,-8.39,40.89,-23.03,-0.98
1979-07-01,1979,7,Copper,Metals,($/mt),1814.0,-3.41,-13.62,35.68,-5.47,-1.02
1979-08-01,1979,8,Copper,Metals,($/mt),1976.0,8.93,2.6,38.57,9.6,0.94
1979-09-01,1979,9,Copper,Metals,($/mt),2096.0,6.07,11.61,45.35,43.46,0.46
1979-10-01,1979,10,Copper,Metals,($/mt),2076.0,-0.95,14.44,37.85,48.39,-0.64
1979-11-01,1979,11,Copper,Metals,($/mt),2090.0,0.67,5.77,41.12,47.49,-0.33
1979-12-01,1979,12,Copper,Metals,($/mt),2214.0,5.93,5.63,44.42,71.76,0.42
1980-01-01,1980,1,Copper,Metals,($/mt),2601.0,17.48,25.29,56.78,114.78,2.09
1980-02-01,1980,2,Copper,Metals,($/mt),2918.0,12.19,39.62,50.1,130.31,1.03
1980-03-01,1980,3,Copper,Metals,($/mt),2306.0,-20.97,4.16,12.49,71.58,-3.43
1980-04-01,1980,4,Copper,Metals,($/mt),2070.0,-10.23,-20.42,-1.43,55.76,-1.16
1980-05-01,1980,5,Copper,Metals,($/mt),2037.0,-1.59,-30.19,5.76,62.44,-0.19
1980-06-01,1980,6,Copper,Metals,($/mt),2006.0,-1.52,-13.01,6.82,68.15,-0.24
1980-07-01,1980,7,Copper,Metals,($/mt),2176.0,8.47,5.12,19.96,78.07,0.72
1980-08-01,1980,8,Copper,Metals,($/mt),2082.0,-4.32,2.21,5.36,63.04,-0.61
1980-09-01,1980,9,Copper,Metals,($/mt),2060.0,-1.06,2.69,-1.72,70.25,-0.19
1980-10-01,1980,10,Copper,Metals,($/mt),2040.0,-0.97,-6.25,-1.73,73.03,-0.13
1980-11-01,1980,11,Copper,Metals,($/mt),2010.0,-1.47,-3.46,-3.83,70.34,-0.18
1980-12-01,1980,12,Copper,Metals,($/mt),1879.0,-6.52,-8.79,-15.13,63.25,-0.66
1981-01-01,1981,1,Copper,Metals,($/mt),1869.0,-0.53,-8.38,-28.14,56.66,0.03
1981-02-01,1981,2,Copper,Metals,($/mt),1801.0,-3.64,-10.4,-38.28,47.74,-0.15
1981-03-01,1981,3,Copper,Metals,($/mt),1818.0,0.94,-3.25,-21.16,36.79,0.66
1981-04-01,1981,4,Copper,Metals,($/mt),1821.0,0.17,-2.57,-12.03,20.6,0.46
1981-05-01,1981,5,Copper,Metals,($/mt),1742.0,-4.34,-3.28,-14.48,15.21,-0.92
1981-06-01,1981,6,Copper,Metals,($/mt),1700.0,-2.41,-6.49,-15.25,9.68,-0.31
1981-07-01,1981,7,Copper,Metals,($/mt),1682.0,-1.06,-7.63,-22.7,2.13,0.07
1981-08-01,1981,8,Copper,Metals,($/mt),1787.0,6.24,2.58,-14.17,16.11,3.81
1981-09-01,1981,9,Copper,Metals,($/mt),1710.0,-4.31,0.59,-16.99,17.2,-0.99
1981-10-01,1981,10,Copper,Metals,($/mt),1666.0,-2.57,-0.95,-18.33,29.65,-0.33
1981-11-01,1981,11,Copper,Metals,($/mt),1651.0,-0.9,-7.61,-17.86,29.09,0.22
1981-12-01,1981,12,Copper,Metals,($/mt),1655.0,0.24,-3.22,-11.92,28.59,0.56
1982-01-01,1982,1,Copper,Metals,($/mt),1611.0,-2.66,-3.3,-13.8,15.4,-0.57
1982-02-01,1982,2,Copper,Metals,($/mt),1598.0,-0.81,-3.21,-11.27,12.06,0.13
1982-03-01,1982,3,Copper,Metals,($/mt),1510.0,-5.51,-8.76,-16.94,-0.33,-1.6
1982-04-01,1982,4,Copper,Metals,($/mt),1522.0,0.79,-5.52,-16.42,6.51,0.75
1982-05-01,1982,5,Copper,Metals,($/mt),1528.0,0.39,-4.38,-12.28,11.45,0.6
1982-06-01,1982,6,Copper,Metals,($/mt),1300.0,-14.92,-13.91,-23.53,-0.91,-4.66
1982-07-01,1982,7,Copper,Metals,($/mt),1441.0,10.85,-5.32,-14.33,15.46,2.59
1982-08-01,1982,8,Copper,Metals,($/mt),1452.0,0.76,-4.97,-18.75,25.17,0.3
1982-09-01,1982,9,Copper,Metals,($/mt),1427.0,-1.72,9.77,-16.55,19.41,-0.03
1982-10-01,1982,10,Copper,Metals,($/mt),1461.0,2.38,1.39,-12.3,20.74,0.64
1982-11-01,1982,11,Copper,Metals,($/mt),1444.0,-1.16,-0.55,-12.54,22.17,-0.04
1982-12-01,1982,12,Copper,Metals,($/mt),1473.0,2.01,3.22,-11.0,16.81,0.5
1983-01-01,1983,1,Copper,Metals,($/mt),1572.0,6.72,7.6,-2.42,24.66,1.27
1983-02-01,1983,2,Copper,Metals,($/mt),1647.0,4.77,14.06,3.07,35.33,0.76
1983-03-01,1983,3,Copper,Metals,($/mt),1598.0,-2.98,8.49,5.83,27.43,-0.53
1983-04-01,1983,4,Copper,Metals,($/mt),1675.0,4.82,6.55,10.05,30.35,0.67
1983-05-01,1983,5,Copper,Metals,($/mt),1766.0,5.43,7.23,15.58,35.53,0.7
1983-06-01,1983,6,Copper,Metals,($/mt),1701.0,-3.68,6.45,30.85,27.61,-0.79
1983-07-01,1983,7,Copper,Metals,($/mt),1704.0,0.18,1.73,18.25,27.45,-0.5
1983-08-01,1983,8,Copper,Metals,($/mt),1640.0,-3.76,-7.13,12.95,15.01,-1.51
1983-09-01,1983,9,Copper,Metals,($/mt),1561.0,-4.82,-8.23,9.39,8.25,-1.56
1983-10-01,1983,10,Copper,Metals,($/mt),1435.0,-8.07,-15.79,-1.78,-4.71,-2.18
1983-11-01,1983,11,Copper,Metals,($/mt),1389.0,-3.21,-15.3,-3.81,-6.21,-0.66
1983-12-01,1983,12,Copper,Metals,($/mt),1415.0,1.87,-9.35,-3.94,-7.7,0.43
1984-01-01,1984,1,Copper,Metals,($/mt),1376.0,-2.76,-4.11,-12.47,-17.06,-0.52
1984-02-01,1984,2,Copper,Metals,($/mt),1430.0,3.92,2.95,-13.18,-26.44,1.13
1984-03-01,1984,3,Copper,Metals,($/mt),1501.0,4.97,6.08,-6.07,-26.78,1.42
1984-04-01,1984,4,Copper,Metals,($/mt),1533.0,2.13,11.41,-8.48,-27.0,0.56
1984-05-01,1984,5,Copper,Metals,($/mt),1421.0,-7.31,-0.63,-19.54,-26.22,-1.54
1984-06-01,1984,6,Copper,Metals,($/mt),1367.0,-3.8,-8.93,-19.64,-27.21,-0.49
1984-07-01,1984,7,Copper,Metals,($/mt),1331.0,-2.63,-13.18,-21.89,-26.63,-0.21
1984-08-01,1984,8,Copper,Metals,($/mt),1338.0,0.53,-5.84,-18.41,-32.29,0.59
1984-09-01,1984,9,Copper,Metals,($/mt),1294.0,-3.29,-5.34,-17.1,-38.26,-0.4
1984-10-01,1984,10,Copper,Metals,($/mt),1273.0,-1.62,-4.36,-11.29,-38.68,-0.04
1984-11-01,1984,11,Copper,Metals,($/mt),1345.0,5.66,0.52,-3.17,-35.65,1.82
1984-12-01,1984,12,Copper,Metals,($/mt),1321.0,-1.78,2.09,-6.64,-40.33,-0.4
1985-01-01,1985,1,Copper,Metals,($/mt),1359.0,2.88,6.76,-1.24,-47.75,0.85
1985-02-01,1985,2,Copper,Metals,($/mt),1389.0,2.21,3.27,-2.87,-52.4,0.56
1985-03-01,1985,3,Copper,Metals,($/mt),1390.0,0.07,5.22,-7.4,-39.72,0.06
1985-04-01,1985,4,Copper,Metals,($/mt),1502.0,8.06,10.52,-2.02,-27.44,2.44
1985-05-01,1985,5,Copper,Metals,($/mt),1531.0,1.93,10.22,7.74,-24.84,0.47
1985-06-01,1985,6,Copper,Metals,($/mt),1432.0,-6.47,3.02,4.75,-28.61,-1.96
1985-07-01,1985,7,Copper,Metals,($/mt),1475.0,3.0,-1.8,10.82,-32.22,0.63
1985-08-01,1985,8,Copper,Metals,($/mt),1420.0,-3.73,-7.25,6.13,-31.8,-1.18
1985-09-01,1985,9,Copper,Metals,($/mt),1366.0,-3.8,-4.61,5.56,-33.69,-1.05
1985-10-01,1985,10,Copper,Metals,($/mt),1385.0,1.39,-6.1,8.8,-32.11,0.2
1985-11-01,1985,11,Copper,Metals,($/mt),1370.0,-1.08,-3.52,1.86,-31.84,-0.45
1985-12-01,1985,12,Copper,Metals,($/mt),1391.0,1.53,1.83,5.3,-25.97,0.34
1986-01-01,1986,1,Copper,Metals,($/mt),1418.0,1.94,2.38,4.34,-24.13,0.37
1986-02-01,1986,2,Copper,Metals,($/mt),1406.0,-0.85,2.63,1.22,-21.93,-0.33
1986-03-01,1986,3,Copper,Metals,($/mt),1445.0,2.77,3.88,3.96,-20.52,0.69
1986-04-01,1986,4,Copper,Metals,($/mt),1435.0,-0.69,1.2,-4.46,-21.2,-0.28
1986-05-01,1986,5,Copper,Metals,($/mt),1419.0,-1.11,0.92,-7.32,-18.54,-0.26
1986-06-01,1986,6,Copper,Metals,($/mt),1413.0,-0.42,-2.21,-1.33,-16.88,0.06
1986-07-01,1986,7,Copper,Metals,($/mt),1344.0,-4.88,-6.34,-8.88,-20.1,-2.11
1986-08-01,1986,8,Copper,Metals,($/mt),1303.0,-3.05,-8.17,-8.24,-27.08,-0.95
1986-09-01,1986,9,Copper,Metals,($/mt),1347.0,3.38,-4.67,-1.39,-21.23,1.72
1986-10-01,1986,10,Copper,Metals,($/mt),1317.0,-2.23,-2.01,-4.91,-20.95,-0.89
1986-11-01,1986,11,Copper,Metals,($/mt),1303.0,-1.06,0.0,-4.89,-21.08,-0.28
1986-12-01,1986,12,Copper,Metals,($/mt),1336.0,2.53,-0.82,-3.95,-19.27,1.2
1987-01-01,1987,1,Copper,Metals,($/mt),1346.0,0.75,2.2,-5.08,-16.45,0.42
1987-02-01,1987,2,Copper,Metals,($/mt),1380.0,2.53,5.91,-1.85,-13.64,1.2
1987-03-01,1987,3,Copper,Metals,($/mt),1466.0,6.23,9.73,1.45,-2.91,2.46
1987-04-01,1987,4,Copper,Metals,($/mt),1484.0,1.23,10.25,3.41,-2.5,0.35
1987-05-01,1987,5,Copper,Metals,($/mt),1520.0,2.43,10.14,7.12,-0.52,0.68
1987-06-01,1987,6,Copper,Metals,($/mt),1572.0,3.42,7.23,11.25,20.92,0.9
1987-07-01,1987,7,Copper,Metals,($/mt),1695.0,7.82,14.22,26.12,17.63,2.16
1987-08-01,1987,8,Copper,Metals,($/mt),1756.0,3.6,15.53,34.77,20.94,0.5
1987-09-01,1987,9,Copper,Metals,($/mt),1811.0,3.13,15.2,34.45,26.91,0.21
1987-10-01,1987,10,Copper,Metals,($/mt),1967.0,8.61,16.05,49.35,34.63,2.2
1987-11-01,1987,11,Copper,Metals,($/mt),2524.0,28.32,43.74,93.71,74.79,8.75
1987-12-01,1987,12,Copper,Metals,($/mt),2869.0,13.67,58.42,114.75,94.77,1.04
1988-01-01,1988,1,Copper,Metals,($/mt),2663.0,-7.18,35.38,97.85,69.4,-1.81
1988-02-01,1988,2,Copper,Metals,($/mt),2330.0,-12.5,-7.69,68.84,41.47,-2.18
1988-03-01,1988,3,Copper,Metals,($/mt),2359.0,1.24,-17.78,60.91,47.62,-0.36
1988-04-01,1988,4,Copper,Metals,($/mt),2286.0,-3.09,-14.16,54.04,36.48,-0.75
1988-05-01,1988,5,Copper,Metals,($/mt),2448.0,7.09,5.06,61.05,38.62,0.29
1988-06-01,1988,6,Copper,Metals,($/mt),2540.0,3.76,7.67,61.58,49.32,-0.07
1988-07-01,1988,7,Copper,Metals,($/mt),2214.0,-12.83,-3.15,30.62,29.93,-1.68
1988-08-01,1988,8,Copper,Metals,($/mt),2201.0,-0.59,-10.09,25.34,34.21,-0.3
1988-09-01,1988,9,Copper,Metals,($/mt),2436.0,10.68,-4.09,34.51,56.05,0.72
1988-10-01,1988,10,Copper,Metals,($/mt),2940.0,20.69,32.79,49.47,104.88,1.5
1988-11-01,1988,11,Copper,Metals,($/mt),3305.0,12.41,50.16,30.94,137.94,0.65
1988-12-01,1988,12,Copper,Metals,($/mt),3499.0,5.87,43.64,21.96,147.28,0.29
1989-01-01,1989,1,Copper,Metals,($/mt),3394.0,-3.0,15.44,27.45,146.66,-0.51
1989-02-01,1989,2,Copper,Metals,($/mt),3097.0,-8.75,-6.29,32.92,116.57,-1.14
1989-03-01,1989,3,Copper,Metals,($/mt),3264.0,5.39,-6.72,38.36,117.46,0.28
1989-04-01,1989,4,Copper,Metals,($/mt),3118.0,-4.47,-8.13,36.4,103.39,-0.81
1989-05-01,1989,5,Copper,Metals,($/mt),2739.0,-12.16,-11.56,11.89,92.75,-1.6
1989-06-01,1989,6,Copper,Metals,($/mt),2546.0,-7.05,-22.0,0.24,86.25,-0.82
1989-07-01,1989,7,Copper,Metals,($/mt),2505.0,-1.61,-19.66,13.14,88.2,-0.2
1989-08-01,1989,8,Copper,Metals,($/mt),2762.0,10.26,0.84,25.49,106.43,0.91
1989-09-01,1989,9,Copper,Metals,($/mt),2884.0,4.42,13.28,18.39,122.87,0.21
1989-10-01,1989,10,Copper,Metals,($/mt),2861.0,-0.8,14.21,-2.69,124.74,-0.27
1989-11-01,1989,11,Copper,Metals,($/mt),2591.0,-9.44,-6.19,-21.6,92.64,-1.23
1989-12-01,1989,12,Copper,Metals,($/mt),2419.0,-6.64,-16.12,-30.87,83.12,-0.69
1990-01-01,1990,1,Copper,Metals,($/mt),2367.0,-2.15,-17.27,-30.26,74.17,0.1
1990-02-01,1990,2,Copper,Metals,($/mt),2360.0,-0.3,-8.92,-23.8,69.91,0.36
1990-03-01,1990,3,Copper,Metals,($/mt),2626.0,11.27,8.56,-19.55,88.92,2.05
1990-04-01,1990,4,Copper,Metals,($/mt),2686.0,2.28,13.48,-13.86,78.83,0.53
1990-05-01,1990,5,Copper,Metals,($/mt),2742.0,2.08,16.19,0.11,79.1,0.42
1990-06-01,1990,6,Copper,Metals,($/mt),2585.0,-5.73,-1.56,1.53,80.52,-0.92
1990-07-01,1990,7,Copper,Metals,($/mt),2769.0,7.12,3.09,10.54,87.73,1.08
1990-08-01,1990,8,Copper,Metals,($/mt),2957.0,6.79,7.84,7.06,108.24,0.88
1990-09-01,1990,9,Copper,Metals,($/mt),3031.0,2.5,17.25,5.1,121.89,0.29
1990-10-01,1990,10,Copper,Metals,($/mt),2744.0,-9.47,-0.9,-4.09,98.12,-1.65
1990-11-01,1990,11,Copper,Metals,($/mt),2586.0,-5.76,-12.55,-0.19,88.76,-0.83
1990-12-01,1990,12,Copper,Metals,($/mt),2485.0,-3.91,-18.01,2.73,78.65,-0.64
1991-01-01,1991,1,Copper,Metals,($/mt),2449.0,-1.45,-10.75,3.46,72.71,-0.3
1991-02-01,1991,2,Copper,Metals,($/mt),2449.0,0.0,-5.3,3.77,74.18,-0.07
1991-03-01,1991,3,Copper,Metals,($/mt),2410.0,-1.59,-3.02,-8.23,66.78,-0.34
1991-04-01,1991,4,Copper,Metals,($/mt),2472.0,2.57,0.94,-7.97,72.26,0.62
1991-05-01,1991,5,Copper,Metals,($/mt),2306.0,-6.72,-5.84,-15.9,62.51,-1.21
1991-06-01,1991,6,Copper,Metals,($/mt),2219.0,-3.77,-7.93,-14.16,57.04,-0.47
1991-07-01,1991,7,Copper,Metals,($/mt),2236.0,0.77,-9.55,-19.25,66.37,0.37
1991-08-01,1991,8,Copper,Metals,($/mt),2233.0,-0.13,-3.17,-24.48,71.37,0.34
1991-09-01,1991,9,Copper,Metals,($/mt),2325.0,4.12,4.78,-23.29,72.61,1.7
1991-10-01,1991,10,Copper,Metals,($/mt),2364.0,1.68,5.72,-13.85,79.5,0.96
1991-11-01,1991,11,Copper,Metals,($/mt),2380.0,0.68,6.58,-7.97,82.66,0.56
1991-12-01,1991,12,Copper,Metals,($/mt),2223.0,-6.6,-4.39,-10.54,66.39,-1.96
1992-01-01,1992,1,Copper,Metals,($/mt),2139.0,-3.78,-9.52,-12.66,58.92,-0.86
1992-02-01,1992,2,Copper,Metals,($/mt),2206.0,3.13,-7.31,-9.92,59.86,1.2
1992-03-01,1992,3,Copper,Metals,($/mt),2227.0,0.95,0.18,-7.59,51.91,0.48
1992-04-01,1992,4,Copper,Metals,($/mt),2215.0,-0.54,3.55,-10.4,49.26,0.01
1992-05-01,1992,5,Copper,Metals,($/mt),2217.0,0.09,0.5,-3.86,45.86,0.26
1992-06-01,1992,6,Copper,Metals,($/mt),2299.0,3.7,3.23,3.61,46.25,1.3
1992-07-01,1992,7,Copper,Metals,($/mt),2520.0,9.61,13.77,12.7,48.67,3.05
1992-08-01,1992,8,Copper,Metals,($/mt),2522.0,0.08,13.76,12.94,43.62,-0.25
1992-09-01,1992,9,Copper,Metals,($/mt),2414.0,-4.28,5.0,3.83,33.3,-1.33
1992-10-01,1992,10,Copper,Metals,($/mt),2249.0,-6.84,-10.75,-4.86,14.34,-1.72
1992-11-01,1992,11,Copper,Metals,($/mt),2158.0,-4.05,-14.43,-9.33,-14.5,-0.8
1992-12-01,1992,12,Copper,Metals,($/mt),2207.0,2.27,-8.57,-0.72,-23.07,0.62
1993-01-01,1993,1,Copper,Metals,($/mt),2257.0,2.27,0.36,5.52,-15.25,0.5
1993-02-01,1993,2,Copper,Metals,($/mt),2213.0,-1.95,2.55,0.32,-5.02,-0.57
1993-03-01,1993,3,Copper,Metals,($/mt),2153.0,-2.71,-2.45,-3.32,-8.73,-0.66
1993-04-01,1993,4,Copper,Metals,($/mt),1950.0,-9.43,-13.6,-11.96,-14.7,-2.12
1993-05-01,1993,5,Copper,Metals,($/mt),1795.0,-7.95,-18.89,-19.03,-26.67,-1.37
1993-06-01,1993,6,Copper,Metals,($/mt),1853.0,3.23,-13.93,-19.4,-27.05,0.88
1993-07-01,1993,7,Copper,Metals,($/mt),1927.0,3.99,-1.18,-23.53,-12.96,1.04
1993-08-01,1993,8,Copper,Metals,($/mt),1947.0,1.04,8.47,-22.8,-11.54,0.69
1993-09-01,1993,9,Copper,Metals,($/mt),1862.0,-4.37,0.49,-22.87,-23.56,-0.51
1993-10-01,1993,10,Copper,Metals,($/mt),1646.0,-11.6,-14.58,-26.81,-44.01,-2.08
1993-11-01,1993,11,Copper,Metals,($/mt),1630.0,-0.97,-16.28,-24.47,-50.68,0.28
1993-12-01,1993,12,Copper,Metals,($/mt),1724.0,5.77,-7.41,-21.88,-50.73,1.53
1994-01-01,1994,1,Copper,Metals,($/mt),1805.0,4.7,9.66,-20.03,-46.82,1.18
1994-02-01,1994,2,Copper,Metals,($/mt),1866.0,3.38,14.48,-15.68,-39.75,0.88
1994-03-01,1994,3,Copper,Metals,($/mt),1915.0,2.63,11.08,-11.05,-41.33,0.65
1994-04-01,1994,4,Copper,Metals,($/mt),1882.0,-1.72,4.27,-3.49,-39.64,-0.15
1994-05-01,1994,5,Copper,Metals,($/mt),2151.0,14.29,15.27,19.83,-21.47,2.67
1994-06-01,1994,6,Copper,Metals,($/mt),2364.0,9.9,23.45,27.58,-7.15,1.31
1994-07-01,1994,7,Copper,Metals,($/mt),2458.0,3.98,30.61,27.56,-1.88,0.26
1994-08-01,1994,8,Copper,Metals,($/mt),2406.0,-2.12,11.85,23.57,-12.89,-0.65
1994-09-01,1994,9,Copper,Metals,($/mt),2506.0,4.16,6.01,34.59,-13.11,0.32
1994-10-01,1994,10,Copper,Metals,($/mt),2548.0,1.68,3.66,54.8,-10.94,-0.16
1994-11-01,1994,11,Copper,Metals,($/mt),2802.0,9.97,16.46,71.9,8.14,1.3
1994-12-01,1994,12,Copper,Metals,($/mt),2985.0,6.53,19.11,73.14,23.4,0.38
1995-01-01,1995,1,Copper,Metals,($/mt),3009.0,0.8,18.09,66.7,27.12,-0.83
1995-02-01,1995,2,Copper,Metals,($/mt),2878.0,-4.35,2.71,54.23,21.95,-1.78
1995-03-01,1995,3,Copper,Metals,($/mt),2924.0,1.6,-2.04,52.69,11.35,-0.4
1995-04-01,1995,4,Copper,Metals,($/mt),2904.0,-0.68,-3.49,54.3,8.12,-0.79
1995-05-01,1995,5,Copper,Metals,($/mt),2773.0,-4.51,-3.65,28.92,1.13,-1.51
1995-06-01,1995,6,Copper,Metals,($/mt),2995.0,8.01,2.43,26.69,15.86,1.18
1995-07-01,1995,7,Copper,Metals,($/mt),3076.0,2.7,5.92,25.14,11.09,0.13
1995-08-01,1995,8,Copper,Metals,($/mt),3037.0,-1.27,9.52,26.23,2.71,-0.7
1995-09-01,1995,9,Copper,Metals,($/mt),2916.0,-3.98,-2.64,16.36,-3.79,-1.33
1995-10-01,1995,10,Copper,Metals,($/mt),2814.0,-3.5,-8.52,10.44,2.55,-1.01
1995-11-01,1995,11,Copper,Metals,($/mt),2977.0,5.79,-1.98,6.25,15.12,0.97
1995-12-01,1995,12,Copper,Metals,($/mt),2926.0,-1.71,0.34,-1.98,17.75,-0.52
1996-01-01,1996,1,Copper,Metals,($/mt),2616.0,-10.59,-7.04,-13.06,6.82,-2.59
1996-02-01,1996,2,Copper,Metals,($/mt),2538.0,-2.98,-14.75,-11.81,3.63,-0.39
1996-03-01,1996,3,Copper,Metals,($/mt),2561.0,0.91,-12.47,-12.41,6.27,0.37
1996-04-01,1996,4,Copper,Metals,($/mt),2596.0,1.37,-0.76,-10.61,5.02,0.48
1996-05-01,1996,5,Copper,Metals,($/mt),2658.0,2.39,4.73,-4.15,15.26,0.64
1996-06-01,1996,6,Copper,Metals,($/mt),2173.0,-18.25,-15.15,-27.45,-2.07,-3.66
1996-07-01,1996,7,Copper,Metals,($/mt),1986.0,-8.61,-23.5,-35.44,-11.18,-0.95
1996-08-01,1996,8,Copper,Metals,($/mt),2009.0,1.16,-24.42,-33.85,-10.03,0.7
1996-09-01,1996,9,Copper,Metals,($/mt),1941.0,-3.38,-10.68,-33.44,-16.52,-0.03
1996-10-01,1996,10,Copper,Metals,($/mt),1961.0,1.03,-1.26,-30.31,-17.05,0.63
1996-11-01,1996,11,Copper,Metals,($/mt),2231.0,13.77,11.05,-25.06,-6.26,2.46
1996-12-01,1996,12,Copper,Metals,($/mt),2268.0,1.66,16.85,-22.49,2.02,0.47
1997-01-01,1997,1,Copper,Metals,($/mt),2435.0,7.36,24.17,-6.92,13.84,1.14
1997-02-01,1997,2,Copper,Metals,($/mt),2406.0,-1.19,7.84,-5.2,9.07,-0.11
1997-03-01,1997,3,Copper,Metals,($/mt),2421.0,0.62,6.75,-5.47,8.71,0.1
1997-04-01,1997,4,Copper,Metals,($/mt),2391.0,-1.24,-1.81,-7.9,7.95,-0.14
1997-05-01,1997,5,Copper,Metals,($/mt),2514.0,5.14,4.49,-5.42,13.4,0.71
1997-06-01,1997,6,Copper,Metals,($/mt),2613.0,3.94,7.93,20.25,13.66,0.51
1997-07-01,1997,7,Copper,Metals,($/mt),2450.0,-6.24,2.47,23.36,-2.78,-1.41
1997-08-01,1997,8,Copper,Metals,($/mt),2251.0,-8.12,-10.46,12.05,-10.75,-1.91
1997-09-01,1997,9,Copper,Metals,($/mt),2107.0,-6.4,-19.36,8.55,-12.72,-1.25
1997-10-01,1997,10,Copper,Metals,($/mt),2052.0,-2.61,-16.24,4.64,-8.76,-0.56
1997-11-01,1997,11,Copper,Metals,($/mt),1917.0,-6.58,-14.84,-14.07,-11.17,-1.13
1997-12-01,1997,12,Copper,Metals,($/mt),1762.0,-8.09,-16.37,-22.31,-20.16,-1.37
1998-01-01,1998,1,Copper,Metals,($/mt),1688.0,-4.2,-17.74,-30.68,-25.21,-0.42
1998-02-01,1998,2,Copper,Metals,($/mt),1665.0,-1.36,-13.15,-30.8,-24.76,0.34
1998-03-01,1998,3,Copper,Metals,($/mt),1748.0,4.98,-0.79,-27.8,-18.81,1.76
1998-04-01,1998,4,Copper,Metals,($/mt),1801.0,3.03,6.69,-24.68,-7.64,1.13
1998-05-01,1998,5,Copper,Metals,($/mt),1733.0,-3.78,4.08,-31.07,-3.45,-0.3
1998-06-01,1998,6,Copper,Metals,($/mt),1661.0,-4.15,-4.98,-36.43,-10.36,-0.26
1998-07-01,1998,7,Copper,Metals,($/mt),1651.0,-0.6,-8.33,-32.61,-14.32,0.73
1998-08-01,1998,8,Copper,Metals,($/mt),1621.0,-1.82,-6.46,-27.99,-16.74,0.32
1998-09-01,1998,9,Copper,Metals,($/mt),1648.0,1.67,-0.78,-21.78,-11.49,1.12
1998-10-01,1998,10,Copper,Metals,($/mt),1586.0,-3.76,-3.94,-22.71,-3.65,-0.47
1998-11-01,1998,11,Copper,Metals,($/mt),1574.0,-0.76,-2.9,-17.89,-3.44,0.34
1998-12-01,1998,12,Copper,Metals,($/mt),1474.0,-6.35,-10.56,-16.35,-14.5,-1.33
1999-01-01,1999,1,Copper,Metals,($/mt),1431.0,-2.92,-9.77,-15.23,-20.72,-0.45
1999-02-01,1999,2,Copper,Metals,($/mt),1411.0,-1.4,-10.36,-15.26,-24.38,-0.02
1999-03-01,1999,3,Copper,Metals,($/mt),1378.0,-2.34,-6.51,-21.17,-28.04,-0.31
1999-04-01,1999,4,Copper,Metals,($/mt),1466.0,6.39,2.45,-18.6,-22.1,3.22
1999-05-01,1999,5,Copper,Metals,($/mt),1511.0,3.07,7.09,-12.81,-29.75,1.45
1999-06-01,1999,6,Copper,Metals,($/mt),1422.0,-5.89,3.19,-14.39,-39.85,-1.39
1999-07-01,1999,7,Copper,Metals,($/mt),1640.0,15.33,11.87,-0.67,-33.28,4.57
1999-08-01,1999,8,Copper,Metals,($/mt),1648.0,0.49,9.07,1.67,-31.5,0.06
1999-09-01,1999,9,Copper,Metals,($/mt),1750.0,6.19,23.07,6.19,-30.17,0.99
1999-10-01,1999,10,Copper,Metals,($/mt),1724.0,-1.49,5.12,8.7,-32.34,-0.35
1999-11-01,1999,11,Copper,Metals,($/mt),1728.0,0.23,4.85,9.78,-38.33,-0.1
1999-12-01,1999,12,Copper,Metals,($/mt),1765.0,2.14,0.86,19.74,-40.87,0.2
2000-01-01,2000,1,Copper,Metals,($/mt),1844.0,4.48,6.96,28.86,-38.72,0.5
2000-02-01,2000,2,Copper,Metals,($/mt),1801.0,-2.33,4.22,27.64,-37.42,-0.84
2000-03-01,2000,3,Copper,Metals,($/mt),1739.0,-3.44,-1.47,26.2,-40.53,-1.01
2000-04-01,2000,4,Copper,Metals,($/mt),1679.0,-3.45,-8.95,14.53,-42.18,-0.98
2000-05-01,2000,5,Copper,Metals,($/mt),1786.0,6.37,-0.83,18.2,-35.59,0.9
2000-06-01,2000,6,Copper,Metals,($/mt),1753.0,-1.85,0.81,23.28,-41.47,-0.58
2000-07-01,2000,7,Copper,Metals,($/mt),1799.0,2.62,7.15,9.7,-41.51,0.13
2000-08-01,2000,8,Copper,Metals,($/mt),1856.0,3.17,3.92,12.62,-38.89,0.66
2000-09-01,2000,9,Copper,Metals,($/mt),1960.0,5.6,11.81,12.0,-32.78,1.27
2000-10-01,2000,10,Copper,Metals,($/mt),1899.0,-3.11,5.56,10.15,-32.52,-1.17
2000-11-01,2000,11,Copper,Metals,($/mt),1795.0,-5.48,-3.29,3.88,-39.7,-1.74
2000-12-01,2000,12,Copper,Metals,($/mt),1851.0,3.12,-5.56,4.87,-36.74,0.67
2001-01-01,2001,1,Copper,Metals,($/mt),1788.0,-3.4,-5.85,-3.04,-31.65,-0.94
2001-02-01,2001,2,Copper,Metals,($/mt),1766.0,-1.23,-1.62,-1.94,-30.42,-0.26
2001-03-01,2001,3,Copper,Metals,($/mt),1739.0,-1.53,-6.05,0.0,-32.1,-0.36
2001-04-01,2001,4,Copper,Metals,($/mt),1664.0,-4.31,-6.94,-0.89,-35.9,-1.12
2001-05-01,2001,5,Copper,Metals,($/mt),1682.0,1.08,-4.76,-5.82,-36.72,0.27
2001-06-01,2001,6,Copper,Metals,($/mt),1608.0,-4.4,-7.53,-8.27,-26.0,-1.13
2001-07-01,2001,7,Copper,Metals,($/mt),1525.0,-5.16,-8.35,-15.23,-23.21,-1.23
2001-08-01,2001,8,Copper,Metals,($/mt),1464.0,-4.0,-12.96,-21.12,-27.13,-0.73
2001-09-01,2001,9,Copper,Metals,($/mt),1426.0,-2.6,-11.32,-27.24,-26.53,-0.2
2001-10-01,2001,10,Copper,Metals,($/mt),1377.0,-3.44,-9.7,-27.49,-29.78,-0.33
2001-11-01,2001,11,Copper,Metals,($/mt),1428.0,3.7,-2.46,-20.45,-35.99,2.44
2001-12-01,2001,12,Copper,Metals,($/mt),1472.0,3.08,3.23,-20.48,-35.1,1.65
2002-01-01,2002,1,Copper,Metals,($/mt),1504.0,2.17,9.22,-15.88,-38.23,1.35
2002-02-01,2002,2,Copper,Metals,($/mt),1562.0,3.86,9.38,-11.55,-35.08,1.66
2002-03-01,2002,3,Copper,Metals,($/mt),1605.0,2.75,9.04,-7.71,-33.71,1.06
2002-04-01,2002,4,Copper,Metals,($/mt),1590.0,-0.93,5.72,-4.45,-33.5,-0.09
2002-05-01,2002,5,Copper,Metals,($/mt),1596.0,0.38,2.18,-5.11,-36.52,0.2
2002-06-01,2002,6,Copper,Metals,($/mt),1648.0,3.26,2.68,2.49,-36.93,1.06
2002-07-01,2002,7,Copper,Metals,($/mt),1589.0,-3.58,-0.06,4.2,-35.14,-1.15
2002-08-01,2002,8,Copper,Metals,($/mt),1480.0,-6.86,-7.27,1.09,-34.25,-2.32
2002-09-01,2002,9,Copper,Metals,($/mt),1479.0,-0.07,-10.25,3.72,-29.81,-0.06
2002-10-01,2002,10,Copper,Metals,($/mt),1484.0,0.34,-6.61,7.77,-27.68,-0.01
2002-11-01,2002,11,Copper,Metals,($/mt),1582.0,6.6,6.89,10.78,-17.48,1.82
2002-12-01,2002,12,Copper,Metals,($/mt),1596.0,0.88,7.91,8.42,-9.42,-0.01
2003-01-01,2003,1,Copper,Metals,($/mt),1648.0,3.26,11.05,9.57,-2.37,0.72
2003-02-01,2003,2,Copper,Metals,($/mt),1684.0,2.18,6.45,7.81,1.14,0.38
2003-03-01,2003,3,Copper,Metals,($/mt),1659.0,-1.48,3.95,3.36,-5.09,-0.62
2003-04-01,2003,4,Copper,Metals,($/mt),1587.0,-4.34,-3.7,-0.19,-11.88,-1.35
2003-05-01,2003,5,Copper,Metals,($/mt),1648.0,3.84,-2.14,3.26,-4.9,1.02
2003-06-01,2003,6,Copper,Metals,($/mt),1687.0,2.37,1.69,2.37,1.57,0.52
2003-07-01,2003,7,Copper,Metals,($/mt),1710.0,1.36,7.75,7.61,3.57,0.29
2003-08-01,2003,8,Copper,Metals,($/mt),1760.0,2.92,6.8,18.92,8.57,0.62
2003-09-01,2003,9,Copper,Metals,($/mt),1790.0,1.7,6.11,21.03,8.62,0.08
2003-10-01,2003,10,Copper,Metals,($/mt),1921.0,7.32,12.34,29.45,21.12,2.08
2003-11-01,2003,11,Copper,Metals,($/mt),2055.0,6.98,16.76,29.9,30.56,1.51
2003-12-01,2003,12,Copper,Metals,($/mt),2201.0,7.1,22.96,37.91,49.32,1.52
2004-01-01,2004,1,Copper,Metals,($/mt),2424.0,10.13,26.18,47.09,69.39,2.13
2004-02-01,2004,2,Copper,Metals,($/mt),2760.0,13.86,34.31,63.9,95.61,2.59
2004-03-01,2004,3,Copper,Metals,($/mt),3009.0,9.02,36.71,81.37,118.36,0.93
2004-04-01,2004,4,Copper,Metals,($/mt),2949.0,-1.99,21.66,85.82,101.16,-1.48
2004-05-01,2004,5,Copper,Metals,($/mt),2734.0,-7.29,-0.94,65.9,80.94,-2.84
2004-06-01,2004,6,Copper,Metals,($/mt),2687.0,-1.72,-10.7,59.28,88.96,-1.07
2004-07-01,2004,7,Copper,Metals,($/mt),2808.0,4.5,-4.78,64.21,71.22,0.06
2004-08-01,2004,8,Copper,Metals,($/mt),2846.0,1.35,4.1,61.7,72.69,-0.51
2004-09-01,2004,9,Copper,Metals,($/mt),2895.0,1.72,7.74,61.73,65.43,-0.42
2004-10-01,2004,10,Copper,Metals,($/mt),3012.0,4.04,7.26,56.79,74.71,-0.03
2004-11-01,2004,11,Copper,Metals,($/mt),3123.0,3.69,9.73,51.97,80.73,-0.05
2004-12-01,2004,12,Copper,Metals,($/mt),3145.0,0.7,8.64,42.89,78.19,-0.51
2005-01-01,2005,1,Copper,Metals,($/mt),3170.0,0.79,5.25,30.78,71.91,-0.41
2005-02-01,2005,2,Copper,Metals,($/mt),3254.0,2.65,4.19,17.9,80.68,0.05
2005-03-01,2005,3,Copper,Metals,($/mt),3379.0,3.84,7.44,12.3,94.31,0.59
2005-04-01,2005,4,Copper,Metals,($/mt),3394.0,0.44,7.07,15.09,102.14,-0.17
2005-05-01,2005,5,Copper,Metals,($/mt),3249.0,-4.27,-0.15,18.84,81.91,-1.69
2005-06-01,2005,6,Copper,Metals,($/mt),3524.0,8.46,4.29,31.15,101.03,2.71
2005-07-01,2005,7,Copper,Metals,($/mt),3614.0,2.55,6.48,28.7,100.89,0.07
2005-08-01,2005,8,Copper,Metals,($/mt),3798.0,5.09,16.9,33.45,104.63,0.98
2005-09-01,2005,9,Copper,Metals,($/mt),3858.0,1.58,9.48,33.26,96.84,-0.29
2005-10-01,2005,10,Copper,Metals,($/mt),4060.0,5.24,12.34,34.79,113.8,0.9
2005-11-01,2005,11,Copper,Metals,($/mt),4269.0,5.15,12.4,36.7,137.83,0.82
2005-12-01,2005,12,Copper,Metals,($/mt),4577.0,7.21,18.64,45.53,147.27,1.4
2006-01-01,2006,1,Copper,Metals,($/mt),4734.0,3.43,16.6,49.34,164.77,0.06
2006-02-01,2006,2,Copper,Metals,($/mt),4982.0,5.24,16.7,53.1,182.11,0.54
2006-03-01,2006,3,Copper,Metals,($/mt),5103.0,2.43,11.49,51.02,193.44,-0.37
2006-04-01,2006,4,Copper,Metals,($/mt),6388.0,25.18,34.94,88.21,283.89,6.41
2006-05-01,2006,5,Copper,Metals,($/mt),8046.0,25.95,61.5,147.65,378.36,2.92
2006-06-01,2006,6,Copper,Metals,($/mt),7198.0,-10.54,41.05,104.26,347.64,-2.23
2006-07-01,2006,7,Copper,Metals,($/mt),7712.0,7.14,20.73,113.39,405.7,0.06
2006-08-01,2006,8,Copper,Metals,($/mt),7696.0,-0.21,-4.35,102.63,425.68,-0.72
2006-09-01,2006,9,Copper,Metals,($/mt),7602.0,-1.22,5.61,97.05,433.1,-0.76
2006-10-01,2006,10,Copper,Metals,($/mt),7500.0,-1.34,-2.75,84.73,444.66,-0.74
2006-11-01,2006,11,Copper,Metals,($/mt),7029.0,-6.28,-8.67,64.65,392.23,-1.14
2006-12-01,2006,12,Copper,Metals,($/mt),6675.0,-5.04,-12.19,45.84,353.46,-0.89
2007-01-01,2007,1,Copper,Metals,($/mt),5670.0,-15.06,-24.4,19.77,276.99,-1.66
2007-02-01,2007,2,Copper,Metals,($/mt),5676.0,0.11,-19.25,13.93,263.38,-0.17
2007-03-01,2007,3,Copper,Metals,($/mt),6452.0,13.67,-3.34,26.44,301.99,0.95
2007-04-01,2007,4,Copper,Metals,($/mt),7766.0,20.37,36.97,21.57,388.43,1.36
2007-05-01,2007,5,Copper,Metals,($/mt),7681.0,-1.09,35.32,-4.54,381.27,-0.28
2007-06-01,2007,6,Copper,Metals,($/mt),7474.0,-2.69,15.84,3.83,353.52,-0.28
2007-07-01,2007,7,Copper,Metals,($/mt),7973.0,6.68,2.67,3.38,401.76,0.64
2007-08-01,2007,8,Copper,Metals,($/mt),7514.0,-5.76,-2.17,-2.36,407.7,-0.69
2007-09-01,2007,9,Copper,Metals,($/mt),7649.0,1.8,2.34,0.62,417.17,0.17
2007-10-01,2007,10,Copper,Metals,($/mt),8008.0,4.69,0.44,6.77,439.62,0.45
2007-11-01,2007,11,Copper,Metals,($/mt),6967.0,-13.0,-7.28,-0.88,340.39,-1.47
2007-12-01,2007,12,Copper,Metals,($/mt),6588.0,-5.44,-13.87,-1.3,312.78,-0.57
2008-01-01,2008,1,Copper,Metals,($/mt),7061.0,7.18,-11.83,24.53,328.46,0.67
2008-02-01,2008,2,Copper,Metals,($/mt),7888.0,11.71,13.22,38.97,368.41,1.05
2008-03-01,2008,3,Copper,Metals,($/mt),8439.0,6.99,28.1,30.8,408.68,0.4
2008-04-01,2008,4,Copper,Metals,($/mt),8685.0,2.92,23.0,11.83,447.26,0.03
2008-05-01,2008,5,Copper,Metals,($/mt),8383.0,-3.48,6.28,9.14,408.68,-0.66
2008-06-01,2008,6,Copper,Metals,($/mt),8261.0,-1.46,-2.11,10.53,389.69,-0.34
2008-07-01,2008,7,Copper,Metals,($/mt),8414.0,1.85,-3.12,5.53,392.05,0.11
2008-08-01,2008,8,Copper,Metals,($/mt),7635.0,-9.26,-8.92,1.61,333.81,-1.45
2008-09-01,2008,9,Copper,Metals,($/mt),6991.0,-8.43,-15.37,-8.6,290.56,-1.22
2008-10-01,2008,10,Copper,Metals,($/mt),4926.0,-29.54,-41.45,-38.49,156.43,-3.81
2008-11-01,2008,11,Copper,Metals,($/mt),3717.0,-24.54,-51.32,-46.65,80.88,-1.91
2008-12-01,2008,12,Copper,Metals,($/mt),3072.0,-17.35,-56.06,-53.37,39.57,-1.05
2009-01-01,2009,1,Copper,Metals,($/mt),3221.0,4.85,-34.61,-54.38,32.88,0.78
2009-02-01,2009,2,Copper,Metals,($/mt),3315.0,2.92,-10.82,-57.97,20.11,0.65
2009-03-01,2009,3,Copper,Metals,($/mt),3750.0,13.12,22.07,-55.56,24.63,1.61
2009-04-01,2009,4,Copper,Metals,($/mt),4407.0,17.52,36.82,-49.26,49.44,1.83
2009-05-01,2009,5,Copper,Metals,($/mt),4569.0,3.68,37.83,-45.5,67.12,0.57
2009-06-01,2009,6,Copper,Metals,($/mt),5014.0,9.74,33.71,-39.31,86.6,0.95
2009-07-01,2009,7,Copper,Metals,($/mt),5216.0,4.03,18.36,-38.01,85.75,0.47
2009-08-01,2009,8,Copper,Metals,($/mt),6165.0,18.19,34.93,-19.25,116.62,1.4
2009-09-01,2009,9,Copper,Metals,($/mt),6196.0,0.5,23.57,-11.37,114.02,0.06
2009-10-01,2009,10,Copper,Metals,($/mt),6288.0,1.48,20.55,27.65,108.76,0.08
2009-11-01,2009,11,Copper,Metals,($/mt),6676.0,6.17,8.29,79.61,113.77,0.26
2009-12-01,2009,12,Copper,Metals,($/mt),6982.0,4.58,12.69,127.28,122.0,-0.09
2010-01-01,2010,1,Copper,Metals,($/mt),7386.0,5.79,17.46,129.31,133.0,-0.24
2010-02-01,2010,2,Copper,Metals,($/mt),6848.0,-7.28,2.58,106.58,110.45,-2.43
2010-03-01,2010,3,Copper,Metals,($/mt),7463.0,8.98,6.89,99.01,120.86,0.35
2010-04-01,2010,4,Copper,Metals,($/mt),7745.0,3.78,4.86,75.74,128.2,-0.33
2010-05-01,2010,5,Copper,Metals,($/mt),6838.0,-11.71,-0.15,49.66,110.46,-2.76
2010-06-01,2010,6,Copper,Metals,($/mt),6499.0,-4.96,-12.92,29.62,84.42,-1.12
2010-07-01,2010,7,Copper,Metals,($/mt),6735.0,3.63,-13.04,29.12,86.36,0.15
2010-08-01,2010,8,Copper,Metals,($/mt),7284.0,8.15,6.52,18.15,91.79,0.73
2010-09-01,2010,9,Copper,Metals,($/mt),7709.0,5.83,18.62,24.42,99.82,0.66
2010-10-01,2010,10,Copper,Metals,($/mt),8292.0,7.56,23.12,31.87,104.24,0.85
2010-11-01,2010,11,Copper,Metals,($/mt),8470.0,2.15,16.28,26.87,98.41,-0.06
2010-12-01,2010,12,Copper,Metals,($/mt),9147.0,7.99,18.65,31.01,99.85,0.87
2011-01-01,2011,1,Copper,Metals,($/mt),9556.0,4.47,15.24,29.38,101.86,0.29
2011-02-01,2011,2,Copper,Metals,($/mt),9868.0,3.26,16.51,44.1,98.07,0.13
2011-03-01,2011,3,Copper,Metals,($/mt),9503.0,-3.7,3.89,27.33,86.22,-1.16
2011-04-01,2011,4,Copper,Metals,($/mt),9493.0,-0.11,-0.66,22.57,48.61,-0.38
2011-05-01,2011,5,Copper,Metals,($/mt),8960.0,-5.61,-9.2,31.03,11.36,-1.24
2011-06-01,2011,6,Copper,Metals,($/mt),9067.0,1.19,-4.59,39.51,25.97,-0.24
2011-07-01,2011,7,Copper,Metals,($/mt),9650.0,6.43,1.65,43.28,25.13,0.8
2011-08-01,2011,8,Copper,Metals,($/mt),9001.0,-6.73,0.46,23.57,16.96,-2.17
2011-09-01,2011,9,Copper,Metals,($/mt),8300.0,-7.79,-8.46,7.67,9.18,-1.92
2011-10-01,2011,10,Copper,Metals,($/mt),7394.0,-10.92,-23.38,-10.83,-1.41,-2.09
2011-11-01,2011,11,Copper,Metals,($/mt),7581.0,2.53,-15.78,-10.5,7.85,0.55
2011-12-01,2011,12,Copper,Metals,($/mt),7565.0,-0.21,-8.86,-17.3,13.33,0.09
2012-01-01,2012,1,Copper,Metals,($/mt),8040.0,6.28,8.74,-15.86,41.8,1.42
2012-02-01,2012,2,Copper,Metals,($/mt),8441.0,4.99,11.34,-14.46,48.71,1.11
2012-03-01,2012,3,Copper,Metals,($/mt),8471.0,0.36,11.98,-10.86,31.29,0.26
2012-04-01,2012,4,Copper,Metals,($/mt),8289.0,-2.15,3.1,-12.68,6.73,-0.24
2012-05-01,2012,5,Copper,Metals,($/mt),7956.0,-4.02,-5.75,-11.21,3.58,-0.53
2012-06-01,2012,6,Copper,Metals,($/mt),7423.0,-6.7,-12.37,-18.13,-0.68,-1.04
2012-07-01,2012,7,Copper,Metals,($/mt),7584.0,2.17,-8.51,-21.41,-4.88,0.63
2012-08-01,2012,8,Copper,Metals,($/mt),7516.0,-0.9,-5.53,-16.5,0.03,0.18
2012-09-01,2012,9,Copper,Metals,($/mt),8088.0,7.61,8.96,-2.55,5.74,1.72
2012-10-01,2012,10,Copper,Metals,($/mt),8062.0,-0.32,6.3,9.03,0.67,-0.04
2012-11-01,2012,11,Copper,Metals,($/mt),7711.0,-4.35,2.59,1.71,10.68,-1.23
2012-12-01,2012,12,Copper,Metals,($/mt),7966.0,3.31,-1.51,5.3,20.92,0.7
2013-01-01,2013,1,Copper,Metals,($/mt),8047.0,1.02,-0.19,0.09,13.96,0.11
2013-02-01,2013,2,Copper,Metals,($/mt),8061.0,0.17,4.54,-4.5,2.19,0.02
2013-03-01,2013,3,Copper,Metals,($/mt),7646.0,-5.15,-4.02,-9.74,-9.4,-1.27
2013-04-01,2013,4,Copper,Metals,($/mt),7234.0,-5.39,-10.1,-12.73,-16.71,-1.14
2013-05-01,2013,5,Copper,Metals,($/mt),7249.0,0.21,-10.07,-8.89,-13.53,0.3
2013-06-01,2013,6,Copper,Metals,($/mt),7000.0,-3.43,-8.45,-5.7,-15.26,-0.66
2013-07-01,2013,7,Copper,Metals,($/mt),6907.0,-1.33,-4.52,-8.93,-17.91,-0.24
2013-08-01,2013,8,Copper,Metals,($/mt),7193.0,4.14,-0.77,-4.3,-5.79,1.3
2013-09-01,2013,9,Copper,Metals,($/mt),7159.0,-0.47,2.27,-11.49,2.4,-0.05
2013-10-01,2013,10,Copper,Metals,($/mt),7203.0,0.61,4.29,-10.65,46.22,0.51
2013-11-01,2013,11,Copper,Metals,($/mt),7071.0,-1.83,-1.7,-8.3,90.23,-0.3
2013-12-01,2013,12,Copper,Metals,($/mt),7215.0,2.04,0.78,-9.43,134.86,0.92
2014-01-01,2014,1,Copper,Metals,($/mt),7291.0,1.05,1.22,-9.39,126.36,0.65
2014-02-01,2014,2,Copper,Metals,($/mt),7149.0,-1.95,1.1,-11.31,115.66,-0.41
2014-03-01,2014,3,Copper,Metals,($/mt),6650.0,-6.98,-7.83,-13.03,77.33,-2.13
2014-04-01,2014,4,Copper,Metals,($/mt),6674.0,0.36,-8.46,-7.74,51.44,0.47
2014-05-01,2014,5,Copper,Metals,($/mt),6891.0,3.25,-3.61,-4.94,50.82,1.37
2014-06-01,2014,6,Copper,Metals,($/mt),6821.0,-1.02,2.57,-2.56,36.04,-0.21
2014-07-01,2014,7,Copper,Metals,($/mt),7113.0,4.28,6.58,2.98,36.37,1.54
2014-08-01,2014,8,Copper,Metals,($/mt),7002.0,-1.56,1.61,-2.66,13.58,-0.59
2014-09-01,2014,9,Copper,Metals,($/mt),6872.0,-1.86,0.75,-4.01,10.91,-0.57
2014-10-01,2014,10,Copper,Metals,($/mt),6737.0,-1.96,-5.29,-6.47,7.14,-0.56
2014-11-01,2014,11,Copper,Metals,($/mt),6713.0,-0.36,-4.13,-5.06,0.55,0.05
2014-12-01,2014,12,Copper,Metals,($/mt),6446.0,-3.98,-6.2,-10.66,-7.68,-1.21
2015-01-01,2015,1,Copper,Metals,($/mt),5831.0,-9.54,-13.45,-20.02,-21.05,-2.87
2015-02-01,2015,2,Copper,Metals,($/mt),5729.0,-1.75,-14.66,-19.86,-16.34,0.01
2015-03-01,2015,3,Copper,Metals,($/mt),5940.0,3.68,-7.85,-10.68,-20.41,1.42
2015-04-01,2015,4,Copper,Metals,($/mt),6042.0,1.72,3.62,-9.47,-21.99,0.69
2015-05-01,2015,5,Copper,Metals,($/mt),6295.0,4.19,9.88,-8.65,-7.94,1.3
2015-06-01,2015,6,Copper,Metals,($/mt),5833.0,-7.34,-1.8,-14.48,-10.25,-1.71
2015-07-01,2015,7,Copper,Metals,($/mt),5457.0,-6.45,-9.68,-23.28,-18.98,-1.2
2015-08-01,2015,8,Copper,Metals,($/mt),5127.0,-6.05,-18.55,-26.78,-29.61,-0.93
2015-09-01,2015,9,Copper,Metals,($/mt),5217.0,1.76,-10.56,-24.08,-32.33,0.97
2015-10-01,2015,10,Copper,Metals,($/mt),5216.0,-0.02,-4.42,-22.58,-37.1,0.47
2015-11-01,2015,11,Copper,Metals,($/mt),4800.0,-7.98,-6.38,-28.5,-43.33,-1.3
2015-12-01,2015,12,Copper,Metals,($/mt),4639.0,-3.35,-11.08,-28.03,-49.28,-0.15
2016-01-01,2016,1,Copper,Metals,($/mt),4472.0,-3.6,-14.26,-23.31,-53.2,-0.21
2016-02-01,2016,2,Copper,Metals,($/mt),4599.0,2.84,-4.19,-19.72,-53.39,1.14
2016-03-01,2016,3,Copper,Metals,($/mt),4954.0,7.72,6.79,-16.6,-47.87,2.07
2016-04-01,2016,4,Copper,Metals,($/mt),4873.0,-1.64,8.97,-19.35,-48.67,-0.05
2016-05-01,2016,5,Copper,Metals,($/mt),4695.0,-3.65,2.09,-25.42,-47.6,-0.4
2016-06-01,2016,6,Copper,Metals,($/mt),4642.0,-1.13,-6.3,-20.42,-48.8,0.25
2016-07-01,2016,7,Copper,Metals,($/mt),4865.0,4.8,-0.16,-10.85,-49.59,1.49
2016-08-01,2016,8,Copper,Metals,($/mt),4752.0,-2.32,1.21,-7.31,-47.21,-0.32
2016-09-01,2016,9,Copper,Metals,($/mt),4722.0,-0.63,1.72,-9.49,-43.11,-0.02
2016-10-01,2016,10,Copper,Metals,($/mt),4731.0,0.19,-2.75,-9.3,-36.02,0.22
2016-11-01,2016,11,Copper,Metals,($/mt),5451.0,15.22,14.71,13.56,-28.1,3.78
2016-12-01,2016,12,Copper,Metals,($/mt),5660.0,3.83,19.86,22.01,-25.18,0.46
2017-01-01,2017,1,Copper,Metals,($/mt),5755.0,1.68,21.64,28.69,-28.42,-0.02
2017-02-01,2017,2,Copper,Metals,($/mt),5941.0,3.23,8.99,29.18,-29.62,0.19
2017-03-01,2017,3,Copper,Metals,($/mt),5825.0,-1.95,2.92,17.58,-31.24,-0.81
2017-04-01,2017,4,Copper,Metals,($/mt),5684.0,-2.42,-1.23,16.64,-31.43,-0.77
2017-05-01,2017,5,Copper,Metals,($/mt),5600.0,-1.48,-5.74,19.28,-29.61,-0.56
2017-06-01,2017,6,Copper,Metals,($/mt),5720.0,2.14,-1.8,23.22,-22.94,0.11
2017-07-01,2017,7,Copper,Metals,($/mt),5985.0,4.63,5.3,23.02,-21.08,0.57
2017-08-01,2017,8,Copper,Metals,($/mt),6486.0,8.37,15.82,36.49,-13.7,1.34
2017-09-01,2017,9,Copper,Metals,($/mt),6577.0,1.4,14.98,39.28,-18.68,-0.26
2017-10-01,2017,10,Copper,Metals,($/mt),6808.0,3.51,13.75,43.9,-15.55,0.12
2017-11-01,2017,11,Copper,Metals,($/mt),6827.0,0.28,5.26,25.24,-11.46,-0.6
2017-12-01,2017,12,Copper,Metals,($/mt),6834.0,0.1,3.91,20.74,-14.21,-0.59
2018-01-01,2018,1,Copper,Metals,($/mt),7066.0,3.39,3.79,22.78,-12.19,0.58
2018-02-01,2018,2,Copper,Metals,($/mt),7007.0,-0.83,2.64,17.94,-13.08,-0.84
2018-03-01,2018,3,Copper,Metals,($/mt),6799.0,-2.97,-0.51,16.72,-11.08,-1.39
2018-04-01,2018,4,Copper,Metals,($/mt),6852.0,0.78,-3.03,20.55,-5.28,-0.17
2018-05-01,2018,5,Copper,Metals,($/mt),6825.0,-0.39,-2.6,21.88,-5.85,-0.65
2018-06-01,2018,6,Copper,Metals,($/mt),6966.0,2.07,2.46,21.78,-0.49,0.12
2018-07-01,2018,7,Copper,Metals,($/mt),6251.0,-10.26,-8.77,4.44,-9.5,-4.02
2018-08-01,2018,8,Copper,Metals,($/mt),6051.0,-3.2,-11.34,-6.71,-15.88,-0.83
2018-09-01,2018,9,Copper,Metals,($/mt),6051.0,0.0,-13.14,-8.0,-15.48,0.14
2018-10-01,2018,10,Copper,Metals,($/mt),6220.0,2.79,-0.5,-8.64,-13.65,0.93
2018-11-01,2018,11,Copper,Metals,($/mt),6196.0,-0.39,2.4,-9.24,-12.37,0.08
2018-12-01,2018,12,Copper,Metals,($/mt),6075.0,-1.95,0.4,-11.11,-15.8,-0.34
2019-01-01,2019,1,Copper,Metals,($/mt),5939.0,-2.24,-4.52,-15.95,-18.54,-0.37
2019-02-01,2019,2,Copper,Metals,($/mt),6300.0,6.08,1.68,-10.09,-11.88,2.22
2019-03-01,2019,3,Copper,Metals,($/mt),6439.0,2.21,5.99,-5.29,-3.17,0.75
2019-04-01,2019,4,Copper,Metals,($/mt),6438.0,-0.02,8.4,-6.04,-3.54,0.09
2019-05-01,2019,5,Copper,Metals,($/mt),6018.0,-6.52,-4.48,-11.82,-12.67,-1.52
2019-06-01,2019,6,Copper,Metals,($/mt),5882.0,-2.26,-8.65,-15.56,-13.77,-0.3
2019-07-01,2019,7,Copper,Metals,($/mt),5941.0,1.0,-7.72,-4.96,-16.48,0.54
2019-08-01,2019,8,Copper,Metals,($/mt),5709.0,-3.91,-5.13,-5.65,-18.47,-1.09
2019-09-01,2019,9,Copper,Metals,($/mt),5759.0,0.88,-2.09,-4.83,-16.2,0.4
2019-10-01,2019,10,Copper,Metals,($/mt),5757.0,-0.03,-3.1,-7.44,-14.55,0.1
2019-11-01,2019,11,Copper,Metals,($/mt),5860.0,1.79,2.64,-5.42,-12.71,0.75
2019-12-01,2019,12,Copper,Metals,($/mt),6077.0,3.7,5.52,0.03,-5.72,1.27
2020-01-01,2020,1,Copper,Metals,($/mt),6031.0,-0.76,4.76,1.55,3.43,-0.24
2020-02-01,2020,2,Copper,Metals,($/mt),5688.0,-5.69,-2.94,-9.71,-0.72,-1.75
2020-03-01,2020,3,Copper,Metals,($/mt),5183.0,-8.88,-14.71,-19.51,-12.74,-2.53
2020-04-01,2020,4,Copper,Metals,($/mt),5058.0,-2.41,-16.13,-21.44,-16.29,-0.18
2020-05-01,2020,5,Copper,Metals,($/mt),5240.0,3.6,-7.88,-12.93,-16.76,1.47
2020-06-01,2020,6,Copper,Metals,($/mt),5755.0,9.83,11.04,-2.16,-1.34,2.9
2020-07-01,2020,7,Copper,Metals,($/mt),6372.0,10.72,25.98,7.25,16.77,2.22
2020-08-01,2020,8,Copper,Metals,($/mt),6499.0,1.99,24.03,13.84,26.76,0.22
2020-09-01,2020,9,Copper,Metals,($/mt),6705.0,3.17,16.51,16.43,28.52,0.35
2020-10-01,2020,10,Copper,Metals,($/mt),6714.0,0.13,5.37,16.62,28.72,-0.23
2020-11-01,2020,11,Copper,Metals,($/mt),7069.0,5.29,8.77,20.63,47.27,0.68
2020-12-01,2020,12,Copper,Metals,($/mt),7772.0,9.94,15.91,27.89,67.54,1.43
2021-01-01,2021,1,Copper,Metals,($/mt),7972.0,2.57,18.74,32.18,78.26,0.05
2021-02-01,2021,2,Copper,Metals,($/mt),8471.0,6.26,19.83,48.93,84.19,0.61
2021-03-01,2021,3,Copper,Metals,($/mt),8988.0,6.1,15.65,73.41,81.43,0.46
2021-04-01,2021,4,Copper,Metals,($/mt),9325.0,3.75,16.97,84.36,91.36,-0.25
2021-05-01,2021,5,Copper,Metals,($/mt),10162.0,8.98,19.96,93.93,116.44,1.08
2021-06-01,2021,6,Copper,Metals,($/mt),9632.0,-5.22,7.17,67.37,107.5,-3.11
2021-07-01,2021,7,Copper,Metals,($/mt),9451.0,-1.88,1.35,48.32,94.27,-1.42
2021-08-01,2021,8,Copper,Metals,($/mt),9370.0,-0.86,-7.79,44.18,97.18,-0.98
2021-09-01,2021,9,Copper,Metals,($/mt),9325.0,-0.48,-3.19,39.08,97.48,-0.81
2021-10-01,2021,10,Copper,Metals,($/mt),9829.0,5.4,4.0,46.4,107.76,0.54
2021-11-01,2021,11,Copper,Metals,($/mt),9729.0,-1.02,3.83,37.63,78.48,-0.94
2021-12-01,2021,12,Copper,Metals,($/mt),9551.0,-1.83,2.42,22.89,68.75,-0.98
2022-01-01,2022,1,Copper,Metals,($/mt),9782.0,2.42,-0.48,22.7,69.97,0.14
2022-02-01,2022,2,Copper,Metals,($/mt),9943.0,1.65,2.2,17.38,67.36,-0.04
2022-03-01,2022,3,Copper,Metals,($/mt),10231.0,2.9,7.12,13.83,75.64,0.36
2022-04-01,2022,4,Copper,Metals,($/mt),10161.0,-0.68,3.87,8.97,78.76,-0.48
2022-05-01,2022,5,Copper,Metals,($/mt),9377.0,-7.72,-5.69,-7.72,67.45,-2.26
2022-06-01,2022,6,Copper,Metals,($/mt),9024.0,-3.76,-11.8,-6.31,57.76,-0.89
2022-07-01,2022,7,Copper,Metals,($/mt),7545.0,-16.39,-25.75,-20.17,26.07,-4.69
2022-08-01,2022,8,Copper,Metals,($/mt),7982.0,5.79,-14.88,-14.81,23.07,1.31
2022-09-01,2022,9,Copper,Metals,($/mt),7746.0,-2.96,-14.16,-16.93,17.77,-0.3
2022-10-01,2022,10,Copper,Metals,($/mt),7651.0,-1.23,1.4,-22.16,12.38,0.02
2022-11-01,2022,11,Copper,Metals,($/mt),8050.0,5.22,0.85,-17.26,17.91,1.24
2022-12-01,2022,12,Copper,Metals,($/mt),8375.0,4.04,8.12,-12.31,22.55,0.89
2023-01-01,2023,1,Copper,Metals,($/mt),9038.0,7.92,18.13,-7.61,27.91,1.4
2023-02-01,2023,2,Copper,Metals,($/mt),8937.0,-1.12,11.02,-10.12,27.54,-0.1
2023-03-01,2023,3,Copper,Metals,($/mt),8856.0,-0.91,5.74,-13.44,30.25,-0.04
2023-04-01,2023,4,Copper,Metals,($/mt),8809.0,-0.53,-2.53,-13.31,28.56,0.07
2023-05-01,2023,5,Copper,Metals,($/mt),8217.0,-6.72,-8.06,-12.37,20.4,-0.87
2023-06-01,2023,6,Copper,Metals,($/mt),8397.0,2.19,-5.18,-6.95,20.54,0.47
2023-07-01,2023,7,Copper,Metals,($/mt),8477.0,0.95,-3.77,12.35,35.61,0.21
2023-08-01,2023,8,Copper,Metals,($/mt),8349.0,-1.51,1.61,4.6,37.98,-0.62
2023-09-01,2023,9,Copper,Metals,($/mt),8277.0,-0.86,-1.43,6.86,36.79,-0.33
2023-10-01,2023,10,Copper,Metals,($/mt),7937.0,-4.11,-6.37,3.74,27.6,-1.24
2023-11-01,2023,11,Copper,Metals,($/mt),8190.0,3.19,-1.9,1.74,32.18,0.7
2023-12-01,2023,12,Copper,Metals,($/mt),8400.0,2.56,1.49,0.3,38.27,0.61
2024-01-01,2024,1,Copper,Metals,($/mt),8339.0,-0.73,5.06,-7.73,40.41,-0.22
2024-02-01,2024,2,Copper,Metals,($/mt),8305.0,-0.41,1.4,-7.07,31.83,0.08
2024-03-01,2024,3,Copper,Metals,($/mt),8689.0,4.62,3.44,-1.89,34.94,1.87
2024-04-01,2024,4,Copper,Metals,($/mt),9464.0,8.92,13.49,7.44,47.0,2.86
2024-05-01,2024,5,Copper,Metals,($/mt),10139.0,7.13,22.08,23.39,68.48,1.58
2024-06-01,2024,6,Copper,Metals,($/mt),9648.0,-4.84,11.04,14.9,64.03,-1.78
2024-07-01,2024,7,Copper,Metals,($/mt),9385.0,-2.73,-0.83,10.71,57.97,-0.94
2024-08-01,2024,8,Copper,Metals,($/mt),8972.0,-4.4,-11.51,7.46,57.16,-1.22
2024-09-01,2024,9,Copper,Metals,($/mt),9237.0,2.95,-4.26,11.6,60.39,0.49
2024-10-01,2024,10,Copper,Metals,($/mt),9534.0,3.22,1.59,20.12,65.61,0.48
2024-11-01,2024,11,Copper,Metals,($/mt),9076.0,-4.8,1.16,10.82,54.88,-1.48
2024-12-01,2024,12,Copper,Metals,($/mt),8916.0,-1.76,-3.48,6.14,46.72,-0.58
2025-01-01,2025,1,Copper,Metals,($/mt),8991.0,0.84,-5.7,7.82,49.08,0.05
2025-02-01,2025,2,Copper,Metals,($/mt),9331.0,3.78,2.81,12.35,64.05,0.65
2025-03-01,2025,3,Copper,Metals,($/mt),9740.0,4.38,9.24,12.1,87.92,0.7
2025-04-01,2025,4,Copper,Metals,($/mt),9177.0,-5.78,2.07,-3.03,81.44,-1.44
2025-05-01,2025,5,Copper,Metals,($/mt),9533.0,3.88,2.16,-5.98,81.93,0.92
2025-06-01,2025,6,Copper,Metals,($/mt),9835.0,3.17,0.98,1.94,70.89,0.9
2025-07-01,2025,7,Copper,Metals,($/mt),9771.0,-0.65,6.47,4.11,53.34,-0.23
2025-08-01,2025,8,Copper,Metals,($/mt),9670.0,-1.03,1.44,7.78,48.79,-0.38
2025-09-01,2025,9,Copper,Metals,($/mt),9984.0,3.25,1.51,8.09,48.9,0.74
2025-10-01,2025,10,Copper,Metals,($/mt),10740.0,7.57,9.92,12.65,59.96,1.96
2025-11-01,2025,11,Copper,Metals,($/mt),10812.0,0.67,11.81,19.13,52.95,-0.1
2025-12-01,2025,12,Copper,Metals,($/mt),11785.0,9.0,18.04,32.18,51.63,2.11
2026-01-01,2026,1,Copper,Metals,($/mt),13012.0,10.41,21.15,44.72,63.22,2.01
2026-02-01,2026,2,Copper,Metals,($/mt),12951.0,-0.47,19.78,38.8,52.89,-0.81
2026-03-01,2026,3,Copper,Metals,($/mt),12529.0,-3.26,6.31,28.63,39.4,-1.32
2026-04-01,2026,4,Copper,Metals,($/mt),12951.0,3.37,-0.47,41.12,38.88,0.23
2026-05-01,2026,5,Copper,Metals,($/mt),13543.0,4.57,4.57,42.06,33.27,0.37
2026-06-01,2026,6,Copper,Metals,($/mt),13552.0,0.07,8.17,37.79,40.7,-0.7
2026-07-01,2026,7,Copper,Metals,($/mt),13543.0,-0.07,4.57,38.6,43.3,-0.66
2026-08-01,2026,8,Copper,Metals,($/mt),14326.0,5.78,5.78,48.15,52.89,0.68
2026-09-01,2026,9,Copper,Metals,($/mt),14474.0,1.03,6.8,44.97,55.22,-0.56
1960-01-01,1960,1,"Cotton, A Index",Raw Materials,($/kg),0.65,,,,,
1960-02-01,1960,2,"Cotton, A Index",Raw Materials,($/kg),0.65,0.0,,,,
1960-03-01,1960,3,"Cotton, A Index",Raw Materials,($/kg),0.65,0.0,,,,
1960-04-01,1960,4,"Cotton, A Index",Raw Materials,($/kg),0.64,-1.54,-1.54,,,
1960-05-01,1960,5,"Cotton, A Index",Raw Materials,($/kg),0.65,1.56,0.0,,,
1960-06-01,1960,6,"Cotton, A Index",Raw Materials,($/kg),0.66,1.54,1.54,,,
1960-07-01,1960,7,"Cotton, A Index",Raw Materials,($/kg),0.66,0.0,3.12,,,
1960-08-01,1960,8,"Cotton, A Index",Raw Materials,($/kg),0.65,-1.52,0.0,,,-1.53
1960-09-01,1960,9,"Cotton, A Index",Raw Materials,($/kg),0.66,1.54,0.0,,,1.22
1960-10-01,1960,10,"Cotton, A Index",Raw Materials,($/kg),0.67,1.52,1.52,,,1.03
1960-11-01,1960,11,"Cotton, A Index",Raw Materials,($/kg),0.67,0.0,3.08,,,-0.27
1960-12-01,1960,12,"Cotton, A Index",Raw Materials,($/kg),0.66,-1.49,0.0,,,-1.49
1961-01-01,1961,1,"Cotton, A Index",Raw Materials,($/kg),0.66,0.0,-1.49,1.54,,-0.12
1961-02-01,1961,2,"Cotton, A Index",Raw Materials,($/kg),0.68,3.03,1.49,4.62,,2.39
1961-03-01,1961,3,"Cotton, A Index",Raw Materials,($/kg),0.67,-1.47,1.52,3.08,,-1.26
1961-04-01,1961,4,"Cotton, A Index",Raw Materials,($/kg),0.67,0.0,1.52,4.69,,-0.17
1961-05-01,1961,5,"Cotton, A Index",Raw Materials,($/kg),0.68,1.49,0.0,4.62,,0.75
1961-06-01,1961,6,"Cotton, A Index",Raw Materials,($/kg),0.68,0.0,1.49,3.03,,-0.27
1961-07-01,1961,7,"Cotton, A Index",Raw Materials,($/kg),0.68,0.0,1.49,3.03,,-0.18
1961-08-01,1961,8,"Cotton, A Index",Raw Materials,($/kg),0.67,-1.47,-1.47,3.08,,-1.22
1961-09-01,1961,9,"Cotton, A Index",Raw Materials,($/kg),0.67,0.0,-1.47,1.52,,-0.19
1961-10-01,1961,10,"Cotton, A Index",Raw Materials,($/kg),0.68,1.49,0.0,1.49,,1.01
1961-11-01,1961,11,"Cotton, A Index",Raw Materials,($/kg),0.66,-2.94,-1.49,-1.49,,-2.28
1961-12-01,1961,12,"Cotton, A Index",Raw Materials,($/kg),0.66,0.0,-1.49,0.0,,0.07
1962-01-01,1962,1,"Cotton, A Index",Raw Materials,($/kg),0.66,0.0,-2.94,0.0,,-0.01
1962-02-01,1962,2,"Cotton, A Index",Raw Materials,($/kg),0.66,0.0,0.0,-2.94,,-0.01
1962-03-01,1962,3,"Cotton, A Index",Raw Materials,($/kg),0.66,0.0,0.0,-1.49,,0.2
1962-04-01,1962,4,"Cotton, A Index",Raw Materials,($/kg),0.66,0.0,0.0,-1.49,,0.1
1962-05-01,1962,5,"Cotton, A Index",Raw Materials,($/kg),0.66,0.0,0.0,-2.94,,0.1
1962-06-01,1962,6,"Cotton, A Index",Raw Materials,($/kg),0.66,0.0,0.0,-2.94,,0.23
1962-07-01,1962,7,"Cotton, A Index",Raw Materials,($/kg),0.65,-1.52,-1.52,-4.41,,-1.2
1962-08-01,1962,8,"Cotton, A Index",Raw Materials,($/kg),0.64,-1.54,-3.03,-4.48,,-1.05
1962-09-01,1962,9,"Cotton, A Index",Raw Materials,($/kg),0.63,-1.56,-4.55,-5.97,,-1.06
1962-10-01,1962,10,"Cotton, A Index",Raw Materials,($/kg),0.63,0.0,-3.08,-7.35,,0.43
1962-11-01,1962,11,"Cotton, A Index",Raw Materials,($/kg),0.63,0.0,-1.56,-4.55,,0.63
1962-12-01,1962,12,"Cotton, A Index",Raw Materials,($/kg),0.65,3.17,3.17,-1.52,,5.11
1963-01-01,1963,1,"Cotton, A Index",Raw Materials,($/kg),0.66,1.54,4.76,0.0,,1.33
1963-02-01,1963,2,"Cotton, A Index",Raw Materials,($/kg),0.65,-1.52,3.17,-1.52,,-1.14
1963-03-01,1963,3,"Cotton, A Index",Raw Materials,($/kg),0.65,0.0,0.0,-1.52,,0.08
1963-04-01,1963,4,"Cotton, A Index",Raw Materials,($/kg),0.64,-1.54,-3.03,-3.03,,-1.01
1963-05-01,1963,5,"Cotton, A Index",Raw Materials,($/kg),0.64,0.0,-1.54,-3.03,,0.17
1963-06-01,1963,6,"Cotton, A Index",Raw Materials,($/kg),0.64,0.0,-1.54,-3.03,,0.17
1963-07-01,1963,7,"Cotton, A Index",Raw Materials,($/kg),0.64,0.0,0.0,-1.54,,0.17
1963-08-01,1963,8,"Cotton, A Index",Raw Materials,($/kg),0.64,0.0,0.0,0.0,,0.09
1963-09-01,1963,9,"Cotton, A Index",Raw Materials,($/kg),0.65,1.56,1.56,3.17,,1.17
1963-10-01,1963,10,"Cotton, A Index",Raw Materials,($/kg),0.65,0.0,1.56,3.17,,-0.21
1963-11-01,1963,11,"Cotton, A Index",Raw Materials,($/kg),0.64,-1.54,0.0,1.59,,-1.39
1963-12-01,1963,12,"Cotton, A Index",Raw Materials,($/kg),0.64,0.0,-1.54,-1.54,,-0.1
1964-01-01,1964,1,"Cotton, A Index",Raw Materials,($/kg),0.66,3.12,1.54,0.0,,3.16
1964-02-01,1964,2,"Cotton, A Index",Raw Materials,($/kg),0.66,0.0,3.12,1.54,,-0.01
1964-03-01,1964,3,"Cotton, A Index",Raw Materials,($/kg),0.65,-1.52,1.56,0.0,,-1.34
1964-04-01,1964,4,"Cotton, A Index",Raw Materials,($/kg),0.65,0.0,-1.52,1.56,,-0.01
1964-05-01,1964,5,"Cotton, A Index",Raw Materials,($/kg),0.66,1.54,0.0,3.12,,1.14
1964-06-01,1964,6,"Cotton, A Index",Raw Materials,($/kg),0.66,0.0,1.54,3.12,,-0.2
1964-07-01,1964,7,"Cotton, A Index",Raw Materials,($/kg),0.65,-1.52,0.0,1.56,,-1.38
1964-08-01,1964,8,"Cotton, A Index",Raw Materials,($/kg),0.64,-1.54,-3.03,0.0,,-1.2
1964-09-01,1964,9,"Cotton, A Index",Raw Materials,($/kg),0.65,1.56,-1.52,0.0,,1.05
1964-10-01,1964,10,"Cotton, A Index",Raw Materials,($/kg),0.65,0.0,0.0,0.0,,-0.01
1964-11-01,1964,11,"Cotton, A Index",Raw Materials,($/kg),0.64,-1.54,0.0,0.0,,-1.05
1964-12-01,1964,12,"Cotton, A Index",Raw Materials,($/kg),0.64,0.0,-1.54,0.0,,-0.01
1965-01-01,1965,1,"Cotton, A Index",Raw Materials,($/kg),0.64,0.0,-1.54,-3.03,-1.54,-0.01
1965-02-01,1965,2,"Cotton, A Index",Raw Materials,($/kg),0.67,4.69,4.69,1.52,3.08,4.48
1965-03-01,1965,3,"Cotton, A Index",Raw Materials,($/kg),0.65,-2.99,1.56,0.0,0.0,-1.73
1965-04-01,1965,4,"Cotton, A Index",Raw Materials,($/kg),0.65,0.0,1.56,0.0,1.56,-0.01
1965-05-01,1965,5,"Cotton, A Index",Raw Materials,($/kg),0.65,0.0,-2.99,-1.52,0.0,-0.01
1965-06-01,1965,6,"Cotton, A Index",Raw Materials,($/kg),0.63,-3.08,-3.08,-4.55,-4.55,-1.55
1965-07-01,1965,7,"Cotton, A Index",Raw Materials,($/kg),0.63,0.0,-3.08,-3.08,-4.55,0.18
1965-08-01,1965,8,"Cotton, A Index",Raw Materials,($/kg),0.63,0.0,-3.08,-1.56,-3.08,0.12
1965-09-01,1965,9,"Cotton, A Index",Raw Materials,($/kg),0.63,0.0,0.0,-3.08,-4.55,0.06
1965-10-01,1965,10,"Cotton, A Index",Raw Materials,($/kg),0.62,-1.59,-1.59,-4.62,-7.46,-0.69
1965-11-01,1965,11,"Cotton, A Index",Raw Materials,($/kg),0.62,0.0,-1.59,-3.12,-7.46,0.19
1965-12-01,1965,12,"Cotton, A Index",Raw Materials,($/kg),0.62,0.0,-1.59,-3.12,-6.06,0.13
1966-01-01,1966,1,"Cotton, A Index",Raw Materials,($/kg),0.62,0.0,0.0,-3.12,-6.06,0.13
1966-02-01,1966,2,"Cotton, A Index",Raw Materials,($/kg),0.62,0.0,0.0,-7.46,-8.82,0.13
1966-03-01,1966,3,"Cotton, A Index",Raw Materials,($/kg),0.64,3.23,3.23,-1.54,-4.48,3.2
1966-04-01,1966,4,"Cotton, A Index",Raw Materials,($/kg),0.62,-3.12,0.0,-4.62,-7.46,-2.11
1966-05-01,1966,5,"Cotton, A Index",Raw Materials,($/kg),0.62,0.0,0.0,-4.62,-8.82,0.23
1966-06-01,1966,6,"Cotton, A Index",Raw Materials,($/kg),0.62,0.0,-3.12,-1.59,-8.82,0.23
1966-07-01,1966,7,"Cotton, A Index",Raw Materials,($/kg),0.62,0.0,0.0,-1.59,-8.82,0.09
1966-08-01,1966,8,"Cotton, A Index",Raw Materials,($/kg),0.62,0.0,0.0,-1.59,-7.46,0.09
1966-09-01,1966,9,"Cotton, A Index",Raw Materials,($/kg),0.61,-1.61,-1.61,-3.17,-8.96,-1.04
1966-10-01,1966,10,"Cotton, A Index",Raw Materials,($/kg),0.63,3.28,1.61,1.61,-7.35,2.37
1966-11-01,1966,11,"Cotton, A Index",Raw Materials,($/kg),0.63,0.0,1.61,1.61,-4.55,-0.08
1966-12-01,1966,12,"Cotton, A Index",Raw Materials,($/kg),0.63,0.0,3.28,1.61,-4.55,-0.08
1967-01-01,1967,1,"Cotton, A Index",Raw Materials,($/kg),0.64,1.59,1.59,3.23,-3.03,0.83
1967-02-01,1967,2,"Cotton, A Index",Raw Materials,($/kg),0.66,3.12,4.76,6.45,0.0,1.59
1967-03-01,1967,3,"Cotton, A Index",Raw Materials,($/kg),0.66,0.0,4.76,3.12,0.0,-0.28
1967-04-01,1967,4,"Cotton, A Index",Raw Materials,($/kg),0.66,0.0,3.12,6.45,0.0,-0.15
1967-05-01,1967,5,"Cotton, A Index",Raw Materials,($/kg),0.66,0.0,0.0,6.45,0.0,-0.37
1967-06-01,1967,6,"Cotton, A Index",Raw Materials,($/kg),0.67,1.52,1.52,8.06,1.52,0.69
1967-07-01,1967,7,"Cotton, A Index",Raw Materials,($/kg),0.67,0.0,1.52,8.06,3.08,-0.46
1967-08-01,1967,8,"Cotton, A Index",Raw Materials,($/kg),0.68,1.49,3.03,9.68,6.25,0.58
1967-09-01,1967,9,"Cotton, A Index",Raw Materials,($/kg),0.69,1.47,2.99,13.11,9.52,0.48
1967-10-01,1967,10,"Cotton, A Index",Raw Materials,($/kg),0.7,1.45,4.48,11.11,11.11,0.33
1967-11-01,1967,11,"Cotton, A Index",Raw Materials,($/kg),0.71,1.43,4.41,12.7,12.7,0.53
1967-12-01,1967,12,"Cotton, A Index",Raw Materials,($/kg),0.72,1.41,4.35,14.29,10.77,0.4
1968-01-01,1968,1,"Cotton, A Index",Raw Materials,($/kg),0.72,0.0,2.86,12.5,9.09,-1.18
1968-02-01,1968,2,"Cotton, A Index",Raw Materials,($/kg),0.71,-1.39,0.0,7.58,9.23,-2.4
1968-03-01,1968,3,"Cotton, A Index",Raw Materials,($/kg),0.71,0.0,-1.39,7.58,9.23,-0.64
1968-04-01,1968,4,"Cotton, A Index",Raw Materials,($/kg),0.71,0.0,-1.39,7.58,10.94,-0.64
1968-05-01,1968,5,"Cotton, A Index",Raw Materials,($/kg),0.71,0.0,0.0,7.58,10.94,-0.64
1968-06-01,1968,6,"Cotton, A Index",Raw Materials,($/kg),0.7,-1.41,-1.41,4.48,9.38,-2.1
1968-07-01,1968,7,"Cotton, A Index",Raw Materials,($/kg),0.69,-1.43,-2.82,2.99,7.81,-1.67
1968-08-01,1968,8,"Cotton, A Index",Raw Materials,($/kg),0.68,-1.45,-4.23,0.0,6.25,-1.42
1968-09-01,1968,9,"Cotton, A Index",Raw Materials,($/kg),0.66,-2.94,-5.71,-4.35,1.54,-2.42
1968-10-01,1968,10,"Cotton, A Index",Raw Materials,($/kg),0.66,0.0,-4.35,-5.71,1.54,0.26
1968-11-01,1968,11,"Cotton, A Index",Raw Materials,($/kg),0.63,-4.55,-7.35,-11.27,-1.56,-3.18
1968-12-01,1968,12,"Cotton, A Index",Raw Materials,($/kg),0.62,-1.59,-6.06,-13.89,-3.12,-0.38
1969-01-01,1969,1,"Cotton, A Index",Raw Materials,($/kg),0.63,1.61,-4.55,-12.5,-4.55,2.02
1969-02-01,1969,2,"Cotton, A Index",Raw Materials,($/kg),0.63,0.0,0.0,-11.27,-4.55,0.68
1969-03-01,1969,3,"Cotton, A Index",Raw Materials,($/kg),0.63,0.0,1.61,-11.27,-3.08,0.6
1969-04-01,1969,4,"Cotton, A Index",Raw Materials,($/kg),0.63,0.0,0.0,-11.27,-3.08,0.6
1969-05-01,1969,5,"Cotton, A Index",Raw Materials,($/kg),0.63,0.0,0.0,-11.27,-4.55,0.6
1969-06-01,1969,6,"Cotton, A Index",Raw Materials,($/kg),0.62,-1.59,-1.59,-11.43,-6.06,-0.37
1969-07-01,1969,7,"Cotton, A Index",Raw Materials,($/kg),0.61,-1.61,-3.17,-11.59,-6.15,-0.38
1969-08-01,1969,8,"Cotton, A Index",Raw Materials,($/kg),0.6,-1.64,-4.76,-11.76,-6.25,-0.39
1969-09-01,1969,9,"Cotton, A Index",Raw Materials,($/kg),0.61,1.67,-1.61,-7.58,-6.15,1.64
1969-10-01,1969,10,"Cotton, A Index",Raw Materials,($/kg),0.63,3.28,3.28,-4.55,-3.08,2.32
1969-11-01,1969,11,"Cotton, A Index",Raw Materials,($/kg),0.65,3.17,8.33,3.17,1.56,1.74
1969-12-01,1969,12,"Cotton, A Index",Raw Materials,($/kg),0.66,1.54,8.2,6.45,3.12,0.7
1970-01-01,1970,1,"Cotton, A Index",Raw Materials,($/kg),0.64,-3.03,1.59,1.59,0.0,-2.06
1970-02-01,1970,2,"Cotton, A Index",Raw Materials,($/kg),0.65,1.56,0.0,3.17,-2.99,0.72
1970-03-01,1970,3,"Cotton, A Index",Raw Materials,($/kg),0.66,1.54,0.0,4.76,1.54,0.63
1970-04-01,1970,4,"Cotton, A Index",Raw Materials,($/kg),0.66,0.0,3.12,4.76,1.54,-0.2
1970-05-01,1970,5,"Cotton, A Index",Raw Materials,($/kg),0.66,0.0,1.54,4.76,1.54,-0.2
1970-06-01,1970,6,"Cotton, A Index",Raw Materials,($/kg),0.67,1.52,1.52,8.06,6.35,0.54
1970-07-01,1970,7,"Cotton, A Index",Raw Materials,($/kg),0.67,0.0,1.52,9.84,6.35,-0.34
1970-08-01,1970,8,"Cotton, A Index",Raw Materials,($/kg),0.68,1.49,3.03,13.33,7.94,0.38
1970-09-01,1970,9,"Cotton, A Index",Raw Materials,($/kg),0.69,1.47,2.99,13.11,9.52,0.24
1970-10-01,1970,10,"Cotton, A Index",Raw Materials,($/kg),0.7,1.45,4.48,11.11,12.9,0.24
1970-11-01,1970,11,"Cotton, A Index",Raw Materials,($/kg),0.71,1.43,4.41,9.23,14.52,0.35
1970-12-01,1970,12,"Cotton, A Index",Raw Materials,($/kg),0.72,1.41,4.35,9.09,16.13,0.48
1971-01-01,1971,1,"Cotton, A Index",Raw Materials,($/kg),0.73,1.39,4.29,14.06,17.74,0.48
1971-02-01,1971,2,"Cotton, A Index",Raw Materials,($/kg),0.74,1.37,4.23,13.85,19.35,0.4
1971-03-01,1971,3,"Cotton, A Index",Raw Materials,($/kg),0.73,-1.35,1.39,10.61,14.06,-3.71
1971-04-01,1971,4,"Cotton, A Index",Raw Materials,($/kg),0.73,0.0,0.0,10.61,17.74,-0.9
1971-05-01,1971,5,"Cotton, A Index",Raw Materials,($/kg),0.75,2.74,1.35,13.64,20.97,2.0
1971-06-01,1971,6,"Cotton, A Index",Raw Materials,($/kg),0.79,5.33,8.22,17.91,27.42,4.07
1971-07-01,1971,7,"Cotton, A Index",Raw Materials,($/kg),0.8,1.27,9.59,19.4,29.03,-0.08
1971-08-01,1971,8,"Cotton, A Index",Raw Materials,($/kg),0.83,3.75,10.67,22.06,33.87,1.44
1971-09-01,1971,9,"Cotton, A Index",Raw Materials,($/kg),0.83,0.0,5.06,20.29,36.07,-1.0
1971-10-01,1971,10,"Cotton, A Index",Raw Materials,($/kg),0.82,-1.2,2.5,17.14,30.16,-1.58
1971-11-01,1971,11,"Cotton, A Index",Raw Materials,($/kg),0.82,0.0,-1.2,15.49,30.16,-0.7
1971-12-01,1971,12,"Cotton, A Index",Raw Materials,($/kg),0.85,3.66,2.41,18.06,34.92,1.24
1972-01-01,1972,1,"Cotton, A Index",Raw Materials,($/kg),0.89,4.71,8.54,21.92,39.06,1.57
1972-02-01,1972,2,"Cotton, A Index",Raw Materials,($/kg),0.9,1.12,9.76,21.62,36.36,-0.25
1972-03-01,1972,3,"Cotton, A Index",Raw Materials,($/kg),0.87,-3.33,2.35,19.18,31.82,-2.17
1972-04-01,1972,4,"Cotton, A Index",Raw Materials,($/kg),0.87,0.0,-2.25,19.18,31.82,-0.58
1972-05-01,1972,5,"Cotton, A Index",Raw Materials,($/kg),0.86,-1.15,-4.44,14.67,30.3,-1.02
1972-06-01,1972,6,"Cotton, A Index",Raw Materials,($/kg),0.83,-3.49,-4.6,5.06,23.88,-1.75
1972-07-01,1972,7,"Cotton, A Index",Raw Materials,($/kg),0.78,-6.02,-10.34,-2.5,16.42,-2.46
1972-08-01,1972,8,"Cotton, A Index",Raw Materials,($/kg),0.74,-5.13,-13.95,-10.84,8.82,-1.55
1972-09-01,1972,9,"Cotton, A Index",Raw Materials,($/kg),0.73,-1.35,-12.05,-12.05,5.8,-0.14
1972-10-01,1972,10,"Cotton, A Index",Raw Materials,($/kg),0.78,6.85,0.0,-4.88,11.43,2.43
1972-11-01,1972,11,"Cotton, A Index",Raw Materials,($/kg),0.81,3.85,9.46,-1.22,14.08,1.06
1972-12-01,1972,12,"Cotton, A Index",Raw Materials,($/kg),0.86,6.17,17.81,1.18,19.44,1.5
1973-01-01,1973,1,"Cotton, A Index",Raw Materials,($/kg),0.89,3.49,14.1,0.0,23.61,0.75
1973-02-01,1973,2,"Cotton, A Index",Raw Materials,($/kg),0.91,2.25,12.35,1.11,28.17,0.5
1973-03-01,1973,3,"Cotton, A Index",Raw Materials,($/kg),0.96,5.49,11.63,10.34,35.21,1.23
1973-04-01,1973,4,"Cotton, A Index",Raw Materials,($/kg),1.03,7.29,15.73,18.39,45.07,1.44
1973-05-01,1973,5,"Cotton, A Index",Raw Materials,($/kg),1.15,11.65,26.37,33.72,61.97,2.12
1973-06-01,1973,6,"Cotton, A Index",Raw Materials,($/kg),1.22,6.09,27.08,46.99,74.29,0.64
1973-07-01,1973,7,"Cotton, A Index",Raw Materials,($/kg),1.46,19.67,41.75,87.18,111.59,3.12
1973-08-01,1973,8,"Cotton, A Index",Raw Materials,($/kg),1.67,14.38,45.22,125.68,145.59,1.43
1973-09-01,1973,9,"Cotton, A Index",Raw Materials,($/kg),1.91,14.37,56.56,161.64,189.39,1.27
1973-10-01,1973,10,"Cotton, A Index",Raw Materials,($/kg),1.93,1.05,32.19,147.44,192.42,-1.39
1973-11-01,1973,11,"Cotton, A Index",Raw Materials,($/kg),1.75,-9.33,4.79,116.05,177.78,-3.01
1973-12-01,1973,12,"Cotton, A Index",Raw Materials,($/kg),1.82,4.0,-4.71,111.63,193.55,-0.38
1974-01-01,1974,1,"Cotton, A Index",Raw Materials,($/kg),1.99,9.34,3.11,123.6,215.87,0.35
1974-02-01,1974,2,"Cotton, A Index",Raw Materials,($/kg),1.84,-7.54,5.14,102.2,192.06,-1.94
1974-03-01,1974,3,"Cotton, A Index",Raw Materials,($/kg),1.69,-8.15,-7.14,76.04,168.25,-1.69
1974-04-01,1974,4,"Cotton, A Index",Raw Materials,($/kg),1.61,-4.73,-19.1,56.31,155.56,-1.04
1974-05-01,1974,5,"Cotton, A Index",Raw Materials,($/kg),1.47,-8.7,-20.11,27.83,133.33,-1.3
1974-06-01,1974,6,"Cotton, A Index",Raw Materials,($/kg),1.4,-4.76,-17.16,14.75,125.81,-0.71
1974-07-01,1974,7,"Cotton, A Index",Raw Materials,($/kg),1.32,-5.71,-18.01,-9.59,116.39,-0.7
1974-08-01,1974,8,"Cotton, A Index",Raw Materials,($/kg),1.33,0.76,-9.52,-20.36,121.67,0.14
1974-09-01,1974,9,"Cotton, A Index",Raw Materials,($/kg),1.32,-0.75,-5.71,-30.89,116.39,0.11
1974-10-01,1974,10,"Cotton, A Index",Raw Materials,($/kg),1.26,-4.55,-4.55,-34.72,100.0,-0.29
1974-11-01,1974,11,"Cotton, A Index",Raw Materials,($/kg),1.17,-7.14,-12.03,-33.14,80.0,-0.67
1974-12-01,1974,12,"Cotton, A Index",Raw Materials,($/kg),1.09,-6.84,-17.42,-40.11,65.15,-0.67
1975-01-01,1975,1,"Cotton, A Index",Raw Materials,($/kg),1.05,-3.67,-16.67,-47.24,64.06,0.08
1975-02-01,1975,2,"Cotton, A Index",Raw Materials,($/kg),1.06,0.95,-9.4,-42.39,63.08,2.11
1975-03-01,1975,3,"Cotton, A Index",Raw Materials,($/kg),1.09,2.83,0.0,-35.5,65.15,2.23
1975-04-01,1975,4,"Cotton, A Index",Raw Materials,($/kg),1.16,6.42,10.48,-27.95,75.76,2.73
1975-05-01,1975,5,"Cotton, A Index",Raw Materials,($/kg),1.22,5.17,15.09,-17.01,84.85,1.69
1975-06-01,1975,6,"Cotton, A Index",Raw Materials,($/kg),1.23,0.82,12.84,-12.14,83.58,0.48
1975-07-01,1975,7,"Cotton, A Index",Raw Materials,($/kg),1.25,1.63,7.76,-5.3,86.57,0.57
1975-08-01,1975,8,"Cotton, A Index",Raw Materials,($/kg),1.31,4.8,7.38,-1.5,92.65,1.18
1975-09-01,1975,9,"Cotton, A Index",Raw Materials,($/kg),1.33,1.53,8.13,0.76,92.75,0.34
1975-10-01,1975,10,"Cotton, A Index",Raw Materials,($/kg),1.32,-0.75,5.6,4.76,88.57,-0.2
1975-11-01,1975,11,"Cotton, A Index",Raw Materials,($/kg),1.3,-1.52,-0.76,11.11,83.1,-0.45
1975-12-01,1975,12,"Cotton, A Index",Raw Materials,($/kg),1.35,3.85,1.5,23.85,87.5,0.76
1976-01-01,1976,1,"Cotton, A Index",Raw Materials,($/kg),1.47,8.89,11.36,40.0,101.37,2.38
1976-02-01,1976,2,"Cotton, A Index",Raw Materials,($/kg),1.52,3.4,16.92,43.4,105.41,0.17
1976-03-01,1976,3,"Cotton, A Index",Raw Materials,($/kg),1.54,1.32,14.07,41.28,110.96,-0.59
1976-04-01,1976,4,"Cotton, A Index",Raw Materials,($/kg),1.56,1.3,6.12,34.48,113.7,-0.55
1976-05-01,1976,5,"Cotton, A Index",Raw Materials,($/kg),1.61,3.21,5.92,31.97,114.67,0.23
1976-06-01,1976,6,"Cotton, A Index",Raw Materials,($/kg),1.8,11.8,16.88,46.34,127.85,3.43
1976-07-01,1976,7,"Cotton, A Index",Raw Materials,($/kg),2.0,11.11,28.21,60.0,150.0,2.05
1976-08-01,1976,8,"Cotton, A Index",Raw Materials,($/kg),1.92,-4.0,19.25,46.56,131.33,-1.85
1976-09-01,1976,9,"Cotton, A Index",Raw Materials,($/kg),1.88,-2.08,4.44,41.35,126.51,-1.1
1976-10-01,1976,10,"Cotton, A Index",Raw Materials,($/kg),1.92,2.13,-4.0,45.45,134.15,-0.18
1976-11-01,1976,11,"Cotton, A Index",Raw Materials,($/kg),1.91,-0.52,-0.52,46.92,132.93,-0.75
1976-12-01,1976,12,"Cotton, A Index",Raw Materials,($/kg),1.84,-3.66,-2.13,36.3,116.47,-1.42
1977-01-01,1977,1,"Cotton, A Index",Raw Materials,($/kg),1.75,-4.89,-8.85,19.05,96.63,-1.43
1977-02-01,1977,2,"Cotton, A Index",Raw Materials,($/kg),1.86,6.29,-2.62,22.37,106.67,0.87
1977-03-01,1977,3,"Cotton, A Index",Raw Materials,($/kg),1.92,3.23,4.35,24.68,120.69,0.25
1977-04-01,1977,4,"Cotton, A Index",Raw Materials,($/kg),1.89,-1.56,8.0,21.15,117.24,-0.64
1977-05-01,1977,5,"Cotton, A Index",Raw Materials,($/kg),1.78,-5.82,-4.3,10.56,106.98,-1.34
1977-06-01,1977,6,"Cotton, A Index",Raw Materials,($/kg),1.61,-9.55,-16.15,-10.56,93.98,-1.75
1977-07-01,1977,7,"Cotton, A Index",Raw Materials,($/kg),1.57,-2.48,-16.93,-21.5,101.28,-0.3
1977-08-01,1977,8,"Cotton, A Index",Raw Materials,($/kg),1.51,-3.82,-15.17,-21.35,104.05,-0.45
1977-09-01,1977,9,"Cotton, A Index",Raw Materials,($/kg),1.43,-5.3,-11.18,-23.94,95.89,-0.79
1977-10-01,1977,10,"Cotton, A Index",Raw Materials,($/kg),1.39,-2.8,-11.46,-27.6,78.21,-0.14
1977-11-01,1977,11,"Cotton, A Index",Raw Materials,($/kg),1.41,1.44,-6.62,-26.18,74.07,0.96
1977-12-01,1977,12,"Cotton, A Index",Raw Materials,($/kg),1.42,0.71,-0.7,-22.83,65.12,0.73
1978-01-01,1978,1,"Cotton, A Index",Raw Materials,($/kg),1.46,2.82,5.04,-16.57,64.04,1.11
1978-02-01,1978,2,"Cotton, A Index",Raw Materials,($/kg),1.53,4.79,8.51,-17.74,68.13,1.38
1978-03-01,1978,3,"Cotton, A Index",Raw Materials,($/kg),1.58,3.27,11.27,-17.71,64.58,1.12
1978-04-01,1978,4,"Cotton, A Index",Raw Materials,($/kg),1.6,1.27,9.59,-15.34,55.34,0.65
1978-05-01,1978,5,"Cotton, A Index",Raw Materials,($/kg),1.63,1.87,6.54,-8.43,41.74,0.73
1978-06-01,1978,6,"Cotton, A Index",Raw Materials,($/kg),1.6,-1.84,1.27,-0.62,31.15,-0.29
1978-07-01,1978,7,"Cotton, A Index",Raw Materials,($/kg),1.55,-3.12,-3.12,-1.27,6.16,-0.99
1978-08-01,1978,8,"Cotton, A Index",Raw Materials,($/kg),1.59,2.58,-2.45,5.3,-4.79,0.82
1978-09-01,1978,9,"Cotton, A Index",Raw Materials,($/kg),1.63,2.52,1.87,13.99,-14.66,0.67
1978-10-01,1978,10,"Cotton, A Index",Raw Materials,($/kg),1.67,2.45,7.74,20.14,-13.47,0.53
1978-11-01,1978,11,"Cotton, A Index",Raw Materials,($/kg),1.73,3.59,8.81,22.7,-1.14,0.93
1978-12-01,1978,12,"Cotton, A Index",Raw Materials,($/kg),1.71,-1.16,4.91,20.42,-6.04,-1.29
1979-01-01,1979,1,"Cotton, A Index",Raw Materials,($/kg),1.68,-1.75,0.6,15.07,-15.58,-1.4
1979-02-01,1979,2,"Cotton, A Index",Raw Materials,($/kg),1.67,-0.6,-3.47,9.15,-9.24,-0.71
1979-03-01,1979,3,"Cotton, A Index",Raw Materials,($/kg),1.69,1.2,-1.17,6.96,0.0,0.19
1979-04-01,1979,4,"Cotton, A Index",Raw Materials,($/kg),1.64,-2.96,-2.38,2.5,1.86,-1.62
1979-05-01,1979,5,"Cotton, A Index",Raw Materials,($/kg),1.68,2.44,0.6,3.07,14.29,0.92
1979-06-01,1979,6,"Cotton, A Index",Raw Materials,($/kg),1.7,1.19,0.59,6.25,21.43,0.37
1979-07-01,1979,7,"Cotton, A Index",Raw Materials,($/kg),1.7,0.0,3.66,9.68,28.79,-0.23
1979-08-01,1979,8,"Cotton, A Index",Raw Materials,($/kg),1.71,0.59,1.79,7.55,28.57,-0.1
1979-09-01,1979,9,"Cotton, A Index",Raw Materials,($/kg),1.72,0.58,1.18,5.52,30.3,-0.02
1979-10-01,1979,10,"Cotton, A Index",Raw Materials,($/kg),1.72,0.0,1.18,2.99,36.51,-0.25
1979-11-01,1979,11,"Cotton, A Index",Raw Materials,($/kg),1.77,2.91,3.51,2.31,51.28,1.48
1979-12-01,1979,12,"Cotton, A Index",Raw Materials,($/kg),1.82,2.82,5.81,6.43,66.97,1.56
1980-01-01,1980,1,"Cotton, A Index",Raw Materials,($/kg),1.93,6.04,12.21,14.88,83.81,3.1
1980-02-01,1980,2,"Cotton, A Index",Raw Materials,($/kg),2.1,8.81,18.64,25.75,98.11,3.42
1980-03-01,1980,3,"Cotton, A Index",Raw Materials,($/kg),2.03,-3.33,11.54,20.12,86.24,-1.74
1980-04-01,1980,4,"Cotton, A Index",Raw Materials,($/kg),2.0,-1.48,3.63,21.95,72.41,-0.9
1980-05-01,1980,5,"Cotton, A Index",Raw Materials,($/kg),1.96,-2.0,-6.67,16.67,60.66,-1.14
1980-06-01,1980,6,"Cotton, A Index",Raw Materials,($/kg),1.89,-3.57,-6.9,11.18,53.66,-1.44
1980-07-01,1980,7,"Cotton, A Index",Raw Materials,($/kg),1.98,4.76,-1.0,16.47,58.4,1.03
1980-08-01,1980,8,"Cotton, A Index",Raw Materials,($/kg),2.12,7.07,8.16,23.98,61.83,1.49
1980-09-01,1980,9,"Cotton, A Index",Raw Materials,($/kg),2.2,3.77,16.4,27.91,65.41,0.45
1980-10-01,1980,10,"Cotton, A Index",Raw Materials,($/kg),2.17,-1.36,9.6,26.16,64.39,-0.84
1980-11-01,1980,11,"Cotton, A Index",Raw Materials,($/kg),2.16,-0.46,1.89,22.03,66.15,-0.59
1980-12-01,1980,12,"Cotton, A Index",Raw Materials,($/kg),2.2,1.85,0.0,20.88,62.96,0.02
1981-01-01,1981,1,"Cotton, A Index",Raw Materials,($/kg),2.18,-0.91,0.46,12.95,48.3,-0.6
1981-02-01,1981,2,"Cotton, A Index",Raw Materials,($/kg),2.12,-2.75,-1.85,0.95,39.47,-0.93
1981-03-01,1981,3,"Cotton, A Index",Raw Materials,($/kg),2.04,-3.77,-7.27,0.49,32.47,-1.13
1981-04-01,1981,4,"Cotton, A Index",Raw Materials,($/kg),1.98,-2.94,-9.17,-1.0,26.92,-0.87
1981-05-01,1981,5,"Cotton, A Index",Raw Materials,($/kg),1.95,-1.52,-8.02,-0.51,21.12,-0.42
1981-06-01,1981,6,"Cotton, A Index",Raw Materials,($/kg),1.93,-1.03,-5.39,2.12,7.22,-0.29
1981-07-01,1981,7,"Cotton, A Index",Raw Materials,($/kg),1.89,-2.07,-4.55,-4.55,-5.5,-0.68
1981-08-01,1981,8,"Cotton, A Index",Raw Materials,($/kg),1.77,-6.35,-9.23,-16.51,-7.81,-1.92
1981-09-01,1981,9,"Cotton, A Index",Raw Materials,($/kg),1.7,-3.95,-11.92,-22.73,-9.57,-0.97
1981-10-01,1981,10,"Cotton, A Index",Raw Materials,($/kg),1.67,-1.76,-11.64,-23.04,-13.02,0.16
1981-11-01,1981,11,"Cotton, A Index",Raw Materials,($/kg),1.65,-1.2,-6.78,-23.61,-13.61,0.46
1981-12-01,1981,12,"Cotton, A Index",Raw Materials,($/kg),1.58,-4.24,-7.06,-28.18,-14.13,-1.01
1982-01-01,1982,1,"Cotton, A Index",Raw Materials,($/kg),1.55,-1.9,-7.19,-28.9,-11.43,0.49
1982-02-01,1982,2,"Cotton, A Index",Raw Materials,($/kg),1.54,-0.65,-6.67,-27.36,-17.2,1.38
1982-03-01,1982,3,"Cotton, A Index",Raw Materials,($/kg),1.55,0.65,-1.9,-24.02,-19.27,1.94
1982-04-01,1982,4,"Cotton, A Index",Raw Materials,($/kg),1.58,1.94,1.94,-20.2,-16.4,2.23
1982-05-01,1982,5,"Cotton, A Index",Raw Materials,($/kg),1.69,6.96,9.74,-13.33,-5.06,3.98
1982-06-01,1982,6,"Cotton, A Index",Raw Materials,($/kg),1.67,-1.18,7.74,-13.47,3.73,-0.01
1982-07-01,1982,7,"Cotton, A Index",Raw Materials,($/kg),1.73,3.59,9.49,-8.47,10.19,1.41
1982-08-01,1982,8,"Cotton, A Index",Raw Materials,($/kg),1.66,-4.05,-1.78,-6.21,9.93,-0.93
1982-09-01,1982,9,"Cotton, A Index",Raw Materials,($/kg),1.6,-3.61,-4.19,-5.88,11.89,-0.94
1982-10-01,1982,10,"Cotton, A Index",Raw Materials,($/kg),1.55,-3.12,-10.4,-7.19,11.51,-0.81
1982-11-01,1982,11,"Cotton, A Index",Raw Materials,($/kg),1.52,-1.94,-8.43,-7.88,7.8,-0.4
1982-12-01,1982,12,"Cotton, A Index",Raw Materials,($/kg),1.54,1.32,-3.75,-2.53,8.45,0.57
1983-01-01,1983,1,"Cotton, A Index",Raw Materials,($/kg),1.58,2.6,1.94,1.94,8.22,0.85
1983-02-01,1983,2,"Cotton, A Index",Raw Materials,($/kg),1.64,3.8,7.89,6.49,7.19,1.09
1983-03-01,1983,3,"Cotton, A Index",Raw Materials,($/kg),1.74,6.1,12.99,12.26,10.13,1.61
1983-04-01,1983,4,"Cotton, A Index",Raw Materials,($/kg),1.77,1.72,12.03,12.03,10.62,0.18
1983-05-01,1983,5,"Cotton, A Index",Raw Materials,($/kg),1.81,2.26,10.37,7.1,11.04,0.33
1983-06-01,1983,6,"Cotton, A Index",Raw Materials,($/kg),1.9,4.97,9.2,13.77,18.75,1.31
1983-07-01,1983,7,"Cotton, A Index",Raw Materials,($/kg),1.95,2.63,10.17,12.72,25.81,0.43
1983-08-01,1983,8,"Cotton, A Index",Raw Materials,($/kg),2.0,2.56,10.5,20.48,25.79,0.44
1983-09-01,1983,9,"Cotton, A Index",Raw Materials,($/kg),1.98,-1.0,4.21,23.75,21.47,-0.86
1983-10-01,1983,10,"Cotton, A Index",Raw Materials,($/kg),1.94,-2.02,-0.51,25.16,16.17,-1.42
1983-11-01,1983,11,"Cotton, A Index",Raw Materials,($/kg),1.97,1.55,-1.5,29.61,13.87,-0.15
1983-12-01,1983,12,"Cotton, A Index",Raw Materials,($/kg),1.97,0.0,-0.51,27.92,15.2,-0.98
1984-01-01,1984,1,"Cotton, A Index",Raw Materials,($/kg),1.93,-2.03,-0.52,22.15,14.88,-1.78
1984-02-01,1984,2,"Cotton, A Index",Raw Materials,($/kg),1.93,0.0,-2.03,17.68,15.57,-0.66
1984-03-01,1984,3,"Cotton, A Index",Raw Materials,($/kg),1.95,1.04,-1.02,12.07,15.38,-0.14
1984-04-01,1984,4,"Cotton, A Index",Raw Materials,($/kg),1.96,0.51,1.55,10.73,19.51,-0.22
1984-05-01,1984,5,"Cotton, A Index",Raw Materials,($/kg),1.97,0.51,2.07,8.84,17.26,-0.18
1984-06-01,1984,6,"Cotton, A Index",Raw Materials,($/kg),1.85,-6.09,-5.13,-2.63,8.82,-3.37
1984-07-01,1984,7,"Cotton, A Index",Raw Materials,($/kg),1.74,-5.95,-11.22,-10.77,2.35,-2.4
1984-08-01,1984,8,"Cotton, A Index",Raw Materials,($/kg),1.66,-4.6,-15.74,-17.0,-2.92,-1.35
1984-09-01,1984,9,"Cotton, A Index",Raw Materials,($/kg),1.61,-3.01,-12.97,-18.69,-6.4,-0.56
1984-10-01,1984,10,"Cotton, A Index",Raw Materials,($/kg),1.62,0.62,-6.9,-16.49,-5.81,0.84
1984-11-01,1984,11,"Cotton, A Index",Raw Materials,($/kg),1.6,-1.23,-3.61,-18.78,-9.6,0.08
1984-12-01,1984,12,"Cotton, A Index",Raw Materials,($/kg),1.59,-0.62,-1.24,-19.29,-12.64,0.4
1985-01-01,1985,1,"Cotton, A Index",Raw Materials,($/kg),1.57,-1.26,-3.09,-18.65,-18.65,0.18
1985-02-01,1985,2,"Cotton, A Index",Raw Materials,($/kg),1.51,-3.82,-5.63,-21.76,-28.1,-0.83
1985-03-01,1985,3,"Cotton, A Index",Raw Materials,($/kg),1.48,-1.99,-6.92,-24.1,-27.09,0.0
1985-04-01,1985,4,"Cotton, A Index",Raw Materials,($/kg),1.46,-1.35,-7.01,-25.51,-27.0,0.37
1985-05-01,1985,5,"Cotton, A Index",Raw Materials,($/kg),1.43,-2.05,-5.3,-27.41,-27.04,0.15
1985-06-01,1985,6,"Cotton, A Index",Raw Materials,($/kg),1.39,-2.8,-6.08,-24.86,-26.46,-0.09
1985-07-01,1985,7,"Cotton, A Index",Raw Materials,($/kg),1.34,-3.6,-8.22,-22.99,-32.32,-0.69
1985-08-01,1985,8,"Cotton, A Index",Raw Materials,($/kg),1.26,-5.97,-11.89,-24.1,-40.57,-2.57
1985-09-01,1985,9,"Cotton, A Index",Raw Materials,($/kg),1.18,-6.35,-15.11,-26.71,-46.36,-2.37
1985-10-01,1985,10,"Cotton, A Index",Raw Materials,($/kg),1.08,-8.47,-19.4,-33.33,-50.23,-2.84
1985-11-01,1985,11,"Cotton, A Index",Raw Materials,($/kg),1.06,-1.85,-15.87,-33.75,-50.93,0.59
1985-12-01,1985,12,"Cotton, A Index",Raw Materials,($/kg),1.06,0.0,-10.17,-33.33,-51.82,1.38
1986-01-01,1986,1,"Cotton, A Index",Raw Materials,($/kg),1.14,7.55,5.56,-27.39,-47.71,4.36
1986-02-01,1986,2,"Cotton, A Index",Raw Materials,($/kg),1.2,5.26,13.21,-20.53,-43.4,1.96
1986-03-01,1986,3,"Cotton, A Index",Raw Materials,($/kg),1.15,-4.17,8.49,-22.3,-43.63,-0.52
1986-04-01,1986,4,"Cotton, A Index",Raw Materials,($/kg),1.07,-6.96,-6.14,-26.71,-45.96,-1.08
1986-05-01,1986,5,"Cotton, A Index",Raw Materials,($/kg),1.0,-6.54,-16.67,-30.07,-48.72,-0.85
1986-06-01,1986,6,"Cotton, A Index",Raw Materials,($/kg),0.9,-10.0,-21.74,-35.25,-53.37,-1.45
1986-07-01,1986,7,"Cotton, A Index",Raw Materials,($/kg),0.83,-7.78,-22.43,-38.06,-56.08,-0.81
1986-08-01,1986,8,"Cotton, A Index",Raw Materials,($/kg),0.82,-1.2,-18.0,-34.92,-53.67,0.47
1986-09-01,1986,9,"Cotton, A Index",Raw Materials,($/kg),0.96,17.07,6.67,-18.64,-43.53,3.71
1986-10-01,1986,10,"Cotton, A Index",Raw Materials,($/kg),1.13,17.71,36.14,4.63,-32.34,2.4
1986-11-01,1986,11,"Cotton, A Index",Raw Materials,($/kg),1.16,2.65,41.46,9.43,-29.7,0.2
1986-12-01,1986,12,"Cotton, A Index",Raw Materials,($/kg),1.3,12.07,35.42,22.64,-17.72,1.18
1987-01-01,1987,1,"Cotton, A Index",Raw Materials,($/kg),1.45,11.54,28.32,27.19,-6.45,0.96
1987-02-01,1987,2,"Cotton, A Index",Raw Materials,($/kg),1.45,0.0,25.0,20.83,-5.84,-0.25
1987-03-01,1987,3,"Cotton, A Index",Raw Materials,($/kg),1.39,-4.14,6.92,20.87,-10.32,-0.61
1987-04-01,1987,4,"Cotton, A Index",Raw Materials,($/kg),1.46,5.04,0.69,36.45,-7.59,0.3
1987-05-01,1987,5,"Cotton, A Index",Raw Materials,($/kg),1.69,15.75,16.55,69.0,0.0,1.32
1987-06-01,1987,6,"Cotton, A Index",Raw Materials,($/kg),1.75,3.55,25.9,94.44,4.79,-0.14
1987-07-01,1987,7,"Cotton, A Index",Raw Materials,($/kg),1.84,5.14,26.03,121.69,6.36,-0.1
1987-08-01,1987,8,"Cotton, A Index",Raw Materials,($/kg),1.91,3.8,13.02,132.93,15.06,-0.44
1987-09-01,1987,9,"Cotton, A Index",Raw Materials,($/kg),1.84,-3.66,5.14,91.67,15.0,-1.57
1987-10-01,1987,10,"Cotton, A Index",Raw Materials,($/kg),1.68,-8.7,-8.7,48.67,8.39,-2.04
1987-11-01,1987,11,"Cotton, A Index",Raw Materials,($/kg),1.67,-0.6,-12.57,43.97,9.87,-0.58
1987-12-01,1987,12,"Cotton, A Index",Raw Materials,($/kg),1.66,-0.6,-9.78,27.69,7.79,-0.54
1988-01-01,1988,1,"Cotton, A Index",Raw Materials,($/kg),1.59,-4.22,-5.36,9.66,0.63,-0.96
1988-02-01,1988,2,"Cotton, A Index",Raw Materials,($/kg),1.49,-6.29,-10.78,2.76,-9.15,-1.14
1988-03-01,1988,3,"Cotton, A Index",Raw Materials,($/kg),1.46,-2.01,-12.05,5.04,-16.09,-0.37
1988-04-01,1988,4,"Cotton, A Index",Raw Materials,($/kg),1.45,-0.68,-8.81,-0.68,-18.08,-0.2
1988-05-01,1988,5,"Cotton, A Index",Raw Materials,($/kg),1.45,0.0,-2.68,-14.2,-19.89,-0.02
1988-06-01,1988,6,"Cotton, A Index",Raw Materials,($/kg),1.52,4.83,4.11,-13.14,-20.0,1.45
1988-07-01,1988,7,"Cotton, A Index",Raw Materials,($/kg),1.4,-7.89,-3.45,-23.91,-28.21,-1.59
1988-08-01,1988,8,"Cotton, A Index",Raw Materials,($/kg),1.27,-9.29,-12.41,-33.51,-36.5,-1.69
1988-09-01,1988,9,"Cotton, A Index",Raw Materials,($/kg),1.25,-1.57,-17.76,-32.07,-36.87,0.4
1988-10-01,1988,10,"Cotton, A Index",Raw Materials,($/kg),1.27,1.6,-9.29,-24.4,-34.54,1.1
1988-11-01,1988,11,"Cotton, A Index",Raw Materials,($/kg),1.29,1.57,1.57,-22.75,-34.52,0.94
1988-12-01,1988,12,"Cotton, A Index",Raw Materials,($/kg),1.35,4.65,8.0,-18.67,-31.47,1.61
1989-01-01,1989,1,"Cotton, A Index",Raw Materials,($/kg),1.39,2.96,9.45,-12.58,-27.98,1.0
1989-02-01,1989,2,"Cotton, A Index",Raw Materials,($/kg),1.39,0.0,7.75,-6.71,-27.98,0.22
1989-03-01,1989,3,"Cotton, A Index",Raw Materials,($/kg),1.46,5.04,8.15,0.0,-25.13,1.26
1989-04-01,1989,4,"Cotton, A Index",Raw Materials,($/kg),1.63,11.64,17.27,12.41,-16.84,2.49
1989-05-01,1989,5,"Cotton, A Index",Raw Materials,($/kg),1.71,4.91,23.02,17.93,-13.2,0.66
1989-06-01,1989,6,"Cotton, A Index",Raw Materials,($/kg),1.74,1.75,19.18,14.47,-5.95,0.04
1989-07-01,1989,7,"Cotton, A Index",Raw Materials,($/kg),1.83,5.17,12.27,30.71,5.17,0.69
1989-08-01,1989,8,"Cotton, A Index",Raw Materials,($/kg),1.83,0.0,7.02,44.09,10.24,-0.48
1989-09-01,1989,9,"Cotton, A Index",Raw Materials,($/kg),1.8,-1.64,3.45,44.0,11.8,-1.37
1989-10-01,1989,10,"Cotton, A Index",Raw Materials,($/kg),1.81,0.56,-1.09,42.52,11.73,-0.74
1989-11-01,1989,11,"Cotton, A Index",Raw Materials,($/kg),1.81,0.0,-1.09,40.31,13.12,-0.86
1989-12-01,1989,12,"Cotton, A Index",Raw Materials,($/kg),1.71,-5.52,-5.0,26.67,7.55,-2.32
1990-01-01,1990,1,"Cotton, A Index",Raw Materials,($/kg),1.66,-2.92,-8.29,19.42,5.73,-1.16
1990-02-01,1990,2,"Cotton, A Index",Raw Materials,($/kg),1.68,1.2,-7.18,20.86,11.26,-0.08
1990-03-01,1990,3,"Cotton, A Index",Raw Materials,($/kg),1.74,3.57,1.75,19.18,17.57,0.42
1990-04-01,1990,4,"Cotton, A Index",Raw Materials,($/kg),1.83,5.17,10.24,12.27,25.34,0.81
1990-05-01,1990,5,"Cotton, A Index",Raw Materials,($/kg),1.89,3.28,12.5,10.53,32.17,0.67
1990-06-01,1990,6,"Cotton, A Index",Raw Materials,($/kg),1.99,5.29,14.37,14.37,43.17,1.37
1990-07-01,1990,7,"Cotton, A Index",Raw Materials,($/kg),2.01,1.01,9.84,9.84,50.0,-0.05
1990-08-01,1990,8,"Cotton, A Index",Raw Materials,($/kg),1.79,-10.95,-5.29,-2.19,42.06,-3.65
1990-09-01,1990,9,"Cotton, A Index",Raw Materials,($/kg),1.79,0.0,-10.05,-0.56,51.69,0.02
1990-10-01,1990,10,"Cotton, A Index",Raw Materials,($/kg),1.79,0.0,-10.95,-1.1,65.74,-0.01
1990-11-01,1990,11,"Cotton, A Index",Raw Materials,($/kg),1.82,1.68,1.68,0.55,71.7,0.36
1990-12-01,1990,12,"Cotton, A Index",Raw Materials,($/kg),1.85,1.65,3.35,8.19,74.53,0.32
1991-01-01,1991,1,"Cotton, A Index",Raw Materials,($/kg),1.85,0.0,3.35,11.45,62.28,-0.17
1991-02-01,1991,2,"Cotton, A Index",Raw Materials,($/kg),1.87,1.08,2.75,11.31,55.83,0.02
1991-03-01,1991,3,"Cotton, A Index",Raw Materials,($/kg),1.86,-0.53,0.54,6.9,61.74,-0.36
1991-04-01,1991,4,"Cotton, A Index",Raw Materials,($/kg),1.83,-1.61,-1.08,0.0,71.03,-0.54
1991-05-01,1991,5,"Cotton, A Index",Raw Materials,($/kg),1.82,-0.55,-2.67,-3.7,82.0,-0.16
1991-06-01,1991,6,"Cotton, A Index",Raw Materials,($/kg),1.78,-2.2,-4.3,-10.55,97.78,-0.52
1991-07-01,1991,7,"Cotton, A Index",Raw Materials,($/kg),1.7,-4.49,-7.1,-15.42,104.82,-1.07
1991-08-01,1991,8,"Cotton, A Index",Raw Materials,($/kg),1.62,-4.71,-10.99,-9.5,97.56,-0.97
1991-09-01,1991,9,"Cotton, A Index",Raw Materials,($/kg),1.55,-4.32,-12.92,-13.41,61.46,-1.66
1991-10-01,1991,10,"Cotton, A Index",Raw Materials,($/kg),1.5,-3.23,-11.76,-16.2,32.74,-0.89
1991-11-01,1991,11,"Cotton, A Index",Raw Materials,($/kg),1.4,-6.67,-13.58,-23.08,20.69,-2.21
1991-12-01,1991,12,"Cotton, A Index",Raw Materials,($/kg),1.36,-2.86,-12.26,-26.49,4.62,-0.28
1992-01-01,1992,1,"Cotton, A Index",Raw Materials,($/kg),1.31,-3.68,-12.67,-29.19,-9.66,-0.51
1992-02-01,1992,2,"Cotton, A Index",Raw Materials,($/kg),1.24,-5.34,-11.43,-33.69,-14.48,-1.17
1992-03-01,1992,3,"Cotton, A Index",Raw Materials,($/kg),1.22,-1.61,-10.29,-34.41,-12.23,0.92
1992-04-01,1992,4,"Cotton, A Index",Raw Materials,($/kg),1.28,4.92,-2.29,-30.05,-12.33,4.71
1992-05-01,1992,5,"Cotton, A Index",Raw Materials,($/kg),1.34,4.69,8.06,-26.37,-20.71,2.55
1992-06-01,1992,6,"Cotton, A Index",Raw Materials,($/kg),1.41,5.22,15.57,-20.79,-19.43,2.1
1992-07-01,1992,7,"Cotton, A Index",Raw Materials,($/kg),1.44,2.13,12.5,-15.29,-21.74,0.93
1992-08-01,1992,8,"Cotton, A Index",Raw Materials,($/kg),1.32,-8.33,-1.49,-18.52,-30.89,-1.63
1992-09-01,1992,9,"Cotton, A Index",Raw Materials,($/kg),1.25,-5.3,-11.35,-19.35,-32.07,-0.79
1992-10-01,1992,10,"Cotton, A Index",Raw Materials,($/kg),1.17,-6.4,-18.75,-22.0,-30.36,-0.99
1992-11-01,1992,11,"Cotton, A Index",Raw Materials,($/kg),1.16,-0.85,-12.12,-17.14,-30.54,0.22
1992-12-01,1992,12,"Cotton, A Index",Raw Materials,($/kg),1.2,3.45,-4.0,-11.76,-27.71,1.04
1993-01-01,1993,1,"Cotton, A Index",Raw Materials,($/kg),1.26,5.0,7.69,-3.82,-20.75,1.21
1993-02-01,1993,2,"Cotton, A Index",Raw Materials,($/kg),1.33,5.56,14.66,7.26,-10.74,1.13
1993-03-01,1993,3,"Cotton, A Index",Raw Materials,($/kg),1.36,2.26,13.33,11.48,-6.85,0.31
1993-04-01,1993,4,"Cotton, A Index",Raw Materials,($/kg),1.35,-0.74,7.14,5.47,-6.9,-0.35
1993-05-01,1993,5,"Cotton, A Index",Raw Materials,($/kg),1.33,-1.48,0.0,-0.75,-8.28,-0.42
1993-06-01,1993,6,"Cotton, A Index",Raw Materials,($/kg),1.3,-2.26,-4.41,-7.8,-14.47,-0.49
1993-07-01,1993,7,"Cotton, A Index",Raw Materials,($/kg),1.27,-2.31,-5.93,-11.81,-9.29,-0.39
1993-08-01,1993,8,"Cotton, A Index",Raw Materials,($/kg),1.22,-3.94,-8.27,-7.58,-3.94,-0.68
1993-09-01,1993,9,"Cotton, A Index",Raw Materials,($/kg),1.22,0.0,-6.15,-2.4,-2.4,0.15
1993-10-01,1993,10,"Cotton, A Index",Raw Materials,($/kg),1.21,-0.82,-4.72,3.42,-4.72,-0.19
1993-11-01,1993,11,"Cotton, A Index",Raw Materials,($/kg),1.21,0.0,-0.82,4.31,-6.2,-0.11
1993-12-01,1993,12,"Cotton, A Index",Raw Materials,($/kg),1.31,8.26,7.38,9.17,-2.96,2.61
1994-01-01,1994,1,"Cotton, A Index",Raw Materials,($/kg),1.53,16.79,26.45,21.43,10.07,4.32
1994-02-01,1994,2,"Cotton, A Index",Raw Materials,($/kg),1.78,16.34,47.11,33.83,28.06,2.49
1994-03-01,1994,3,"Cotton, A Index",Raw Materials,($/kg),1.8,1.12,37.4,32.35,23.29,-0.22
1994-04-01,1994,4,"Cotton, A Index",Raw Materials,($/kg),1.85,2.78,20.92,37.04,13.5,0.03
1994-05-01,1994,5,"Cotton, A Index",Raw Materials,($/kg),1.9,2.7,6.74,42.86,11.11,-0.02
1994-06-01,1994,6,"Cotton, A Index",Raw Materials,($/kg),1.89,-0.53,5.0,45.38,8.62,-0.54
1994-07-01,1994,7,"Cotton, A Index",Raw Materials,($/kg),1.8,-4.76,-2.7,41.73,-1.64,-1.18
1994-08-01,1994,8,"Cotton, A Index",Raw Materials,($/kg),1.69,-6.11,-11.05,38.52,-7.65,-1.31
1994-09-01,1994,9,"Cotton, A Index",Raw Materials,($/kg),1.66,-1.78,-12.17,36.07,-7.78,-0.65
1994-10-01,1994,10,"Cotton, A Index",Raw Materials,($/kg),1.63,-1.81,-9.44,34.71,-9.94,-0.63
1994-11-01,1994,11,"Cotton, A Index",Raw Materials,($/kg),1.71,4.91,1.18,41.32,-5.52,0.29
1994-12-01,1994,12,"Cotton, A Index",Raw Materials,($/kg),1.92,12.28,15.66,46.56,12.28,1.23
1995-01-01,1995,1,"Cotton, A Index",Raw Materials,($/kg),2.11,9.9,29.45,37.91,27.11,0.83
1995-02-01,1995,2,"Cotton, A Index",Raw Materials,($/kg),2.23,5.69,30.41,25.28,32.74,0.4
1995-03-01,1995,3,"Cotton, A Index",Raw Materials,($/kg),2.44,9.42,27.08,35.56,40.23,1.33
1995-04-01,1995,4,"Cotton, A Index",Raw Materials,($/kg),2.51,2.87,18.96,35.68,37.16,0.02
1995-05-01,1995,5,"Cotton, A Index",Raw Materials,($/kg),2.53,0.8,13.45,33.16,33.86,-0.33
1995-06-01,1995,6,"Cotton, A Index",Raw Materials,($/kg),2.0,-20.95,-18.03,5.82,0.5,-3.95
1995-07-01,1995,7,"Cotton, A Index",Raw Materials,($/kg),1.93,-3.5,-23.11,7.22,-3.98,-0.48
1995-08-01,1995,8,"Cotton, A Index",Raw Materials,($/kg),1.88,-2.59,-25.69,11.24,5.03,-0.4
1995-09-01,1995,9,"Cotton, A Index",Raw Materials,($/kg),2.01,6.91,0.5,21.08,12.29,0.64
1995-10-01,1995,10,"Cotton, A Index",Raw Materials,($/kg),2.01,0.0,4.15,23.31,12.29,-0.22
1995-11-01,1995,11,"Cotton, A Index",Raw Materials,($/kg),1.97,-1.99,4.79,15.2,8.24,-0.47
1995-12-01,1995,12,"Cotton, A Index",Raw Materials,($/kg),1.94,-1.52,-3.48,1.04,4.86,-0.35
1996-01-01,1996,1,"Cotton, A Index",Raw Materials,($/kg),1.9,-2.06,-5.47,-9.95,2.7,-0.3
1996-02-01,1996,2,"Cotton, A Index",Raw Materials,($/kg),1.87,-1.58,-5.08,-16.14,0.0,-0.13
1996-03-01,1996,3,"Cotton, A Index",Raw Materials,($/kg),1.83,-2.14,-5.67,-25.0,-1.61,-0.13
1996-04-01,1996,4,"Cotton, A Index",Raw Materials,($/kg),1.83,0.0,-3.68,-27.09,0.0,0.33
1996-05-01,1996,5,"Cotton, A Index",Raw Materials,($/kg),1.83,0.0,-2.14,-27.67,0.55,0.37
1996-06-01,1996,6,"Cotton, A Index",Raw Materials,($/kg),1.83,0.0,0.0,-8.5,2.81,0.38
1996-07-01,1996,7,"Cotton, A Index",Raw Materials,($/kg),1.76,-3.83,-3.83,-8.81,3.53,-1.17
1996-08-01,1996,8,"Cotton, A Index",Raw Materials,($/kg),1.68,-4.55,-8.2,-10.64,3.7,-1.41
1996-09-01,1996,9,"Cotton, A Index",Raw Materials,($/kg),1.66,-1.19,-9.29,-17.41,7.1,-0.1
1996-10-01,1996,10,"Cotton, A Index",Raw Materials,($/kg),1.66,0.0,-5.68,-17.41,10.67,1.05
1996-11-01,1996,11,"Cotton, A Index",Raw Materials,($/kg),1.68,1.2,0.0,-14.72,20.0,1.85
1996-12-01,1996,12,"Cotton, A Index",Raw Materials,($/kg),1.75,4.17,5.42,-9.79,28.68,3.24
1997-01-01,1997,1,"Cotton, A Index",Raw Materials,($/kg),1.76,0.57,6.02,-7.37,34.35,0.61
1997-02-01,1997,2,"Cotton, A Index",Raw Materials,($/kg),1.77,0.57,5.36,-5.35,42.74,0.51
1997-03-01,1997,3,"Cotton, A Index",Raw Materials,($/kg),1.78,0.56,1.71,-2.73,45.9,0.43
1997-04-01,1997,4,"Cotton, A Index",Raw Materials,($/kg),1.74,-2.25,-1.14,-4.92,35.94,-0.9
1997-05-01,1997,5,"Cotton, A Index",Raw Materials,($/kg),1.75,0.57,-1.13,-4.37,30.6,0.42
1997-06-01,1997,6,"Cotton, A Index",Raw Materials,($/kg),1.78,1.71,0.0,-2.73,26.24,0.88
1997-07-01,1997,7,"Cotton, A Index",Raw Materials,($/kg),1.79,0.56,2.87,1.7,24.31,0.32
1997-08-01,1997,8,"Cotton, A Index",Raw Materials,($/kg),1.79,0.0,2.29,6.55,35.61,-0.08
1997-09-01,1997,9,"Cotton, A Index",Raw Materials,($/kg),1.76,-1.68,-1.12,6.02,40.8,-1.43
1997-10-01,1997,10,"Cotton, A Index",Raw Materials,($/kg),1.71,-2.84,-4.47,3.01,46.15,-2.09
1997-11-01,1997,11,"Cotton, A Index",Raw Materials,($/kg),1.7,-0.58,-5.03,1.19,46.55,-0.45
1997-12-01,1997,12,"Cotton, A Index",Raw Materials,($/kg),1.64,-3.53,-6.82,-6.29,36.67,-1.96
1998-01-01,1998,1,"Cotton, A Index",Raw Materials,($/kg),1.59,-3.05,-7.02,-9.66,26.19,-1.53
1998-02-01,1998,2,"Cotton, A Index",Raw Materials,($/kg),1.52,-4.4,-10.59,-14.12,14.29,-2.03
1998-03-01,1998,3,"Cotton, A Index",Raw Materials,($/kg),1.51,-0.66,-7.93,-15.17,11.03,0.3
1998-04-01,1998,4,"Cotton, A Index",Raw Materials,($/kg),1.45,-3.97,-8.81,-16.67,7.41,-1.38
1998-05-01,1998,5,"Cotton, A Index",Raw Materials,($/kg),1.42,-2.07,-6.58,-18.86,6.77,-0.29
1998-06-01,1998,6,"Cotton, A Index",Raw Materials,($/kg),1.52,7.04,0.66,-14.61,16.92,4.53
1998-07-01,1998,7,"Cotton, A Index",Raw Materials,($/kg),1.54,1.32,6.21,-13.97,21.26,0.84
1998-08-01,1998,8,"Cotton, A Index",Raw Materials,($/kg),1.5,-2.6,5.63,-16.2,22.95,-0.45
1998-09-01,1998,9,"Cotton, A Index",Raw Materials,($/kg),1.46,-2.67,-3.95,-17.05,19.67,-0.4
1998-10-01,1998,10,"Cotton, A Index",Raw Materials,($/kg),1.36,-6.85,-11.69,-20.47,12.4,-1.71
1998-11-01,1998,11,"Cotton, A Index",Raw Materials,($/kg),1.24,-8.82,-17.33,-27.06,2.48,-2.0
1998-12-01,1998,12,"Cotton, A Index",Raw Materials,($/kg),1.23,-0.81,-15.75,-25.0,-6.11,0.43
1999-01-01,1999,1,"Cotton, A Index",Raw Materials,($/kg),1.23,0.0,-9.56,-22.64,-19.61,0.57
1999-02-01,1999,2,"Cotton, A Index",Raw Materials,($/kg),1.24,0.81,0.0,-18.42,-30.34,0.7
1999-03-01,1999,3,"Cotton, A Index",Raw Materials,($/kg),1.25,0.81,1.63,-17.22,-30.56,0.6
1999-04-01,1999,4,"Cotton, A Index",Raw Materials,($/kg),1.27,1.6,3.25,-12.41,-31.35,0.75
1999-05-01,1999,5,"Cotton, A Index",Raw Materials,($/kg),1.32,3.94,6.45,-7.04,-30.53,1.2
1999-06-01,1999,6,"Cotton, A Index",Raw Materials,($/kg),1.29,-2.27,3.2,-15.13,-31.75,-0.4
1999-07-01,1999,7,"Cotton, A Index",Raw Materials,($/kg),1.2,-6.98,-5.51,-22.08,-33.33,-1.56
1999-08-01,1999,8,"Cotton, A Index",Raw Materials,($/kg),1.12,-6.67,-15.15,-25.33,-33.73,-1.21
1999-09-01,1999,9,"Cotton, A Index",Raw Materials,($/kg),1.09,-2.68,-15.5,-25.34,-34.34,-0.09
1999-10-01,1999,10,"Cotton, A Index",Raw Materials,($/kg),1.05,-3.67,-12.5,-22.79,-35.58,-0.33
1999-11-01,1999,11,"Cotton, A Index",Raw Materials,($/kg),1.02,-2.86,-8.93,-17.74,-40.35,-0.2
1999-12-01,1999,12,"Cotton, A Index",Raw Materials,($/kg),0.97,-4.9,-11.01,-21.14,-49.48,-1.02
2000-01-01,2000,1,"Cotton, A Index",Raw Materials,($/kg),1.05,8.25,0.0,-14.63,-50.24,2.99
2000-02-01,2000,2,"Cotton, A Index",Raw Materials,($/kg),1.18,12.38,15.69,-4.84,-47.09,3.04
2000-03-01,2000,3,"Cotton, A Index",Raw Materials,($/kg),1.26,6.78,29.9,0.8,-48.36,1.18
2000-04-01,2000,4,"Cotton, A Index",Raw Materials,($/kg),1.29,2.38,22.86,1.57,-48.61,0.34
2000-05-01,2000,5,"Cotton, A Index",Raw Materials,($/kg),1.33,3.1,12.71,0.76,-47.43,0.44
2000-06-01,2000,6,"Cotton, A Index",Raw Materials,($/kg),1.31,-1.5,3.97,1.55,-34.5,-0.28
2000-07-01,2000,7,"Cotton, A Index",Raw Materials,($/kg),1.29,-1.53,0.0,7.5,-33.16,-0.29
2000-08-01,2000,8,"Cotton, A Index",Raw Materials,($/kg),1.34,3.88,0.75,19.64,-28.72,0.53
2000-09-01,2000,9,"Cotton, A Index",Raw Materials,($/kg),1.36,1.49,3.82,24.77,-32.34,-0.03
2000-10-01,2000,10,"Cotton, A Index",Raw Materials,($/kg),1.34,-1.47,3.88,27.62,-33.33,-0.66
2000-11-01,2000,11,"Cotton, A Index",Raw Materials,($/kg),1.41,5.22,5.22,38.24,-28.43,0.6
2000-12-01,2000,12,"Cotton, A Index",Raw Materials,($/kg),1.45,2.84,6.62,49.48,-25.26,-0.0
2001-01-01,2001,1,"Cotton, A Index",Raw Materials,($/kg),1.41,-2.76,5.22,34.29,-25.79,-1.48
2001-02-01,2001,2,"Cotton, A Index",Raw Materials,($/kg),1.33,-5.67,-5.67,12.71,-28.88,-1.92
2001-03-01,2001,3,"Cotton, A Index",Raw Materials,($/kg),1.2,-9.77,-17.24,-4.76,-34.43,-2.97
2001-04-01,2001,4,"Cotton, A Index",Raw Materials,($/kg),1.13,-5.83,-19.86,-12.4,-38.25,-1.27
2001-05-01,2001,5,"Cotton, A Index",Raw Materials,($/kg),1.1,-2.65,-17.29,-17.29,-39.89,-0.36
2001-06-01,2001,6,"Cotton, A Index",Raw Materials,($/kg),1.05,-4.55,-12.5,-19.85,-42.62,-0.7
2001-07-01,2001,7,"Cotton, A Index",Raw Materials,($/kg),1.0,-4.76,-11.5,-22.48,-43.18,-0.68
2001-08-01,2001,8,"Cotton, A Index",Raw Materials,($/kg),0.96,-4.0,-12.73,-28.36,-42.86,-0.44
2001-09-01,2001,9,"Cotton, A Index",Raw Materials,($/kg),0.91,-5.21,-13.33,-33.09,-45.18,-0.61
2001-10-01,2001,10,"Cotton, A Index",Raw Materials,($/kg),0.82,-9.89,-18.0,-38.81,-50.6,-1.67
2001-11-01,2001,11,"Cotton, A Index",Raw Materials,($/kg),0.84,2.44,-12.5,-40.43,-50.0,1.45
2001-12-01,2001,12,"Cotton, A Index",Raw Materials,($/kg),0.95,13.1,4.4,-34.48,-45.71,4.42
2002-01-01,2002,1,"Cotton, A Index",Raw Materials,($/kg),0.96,1.05,17.07,-31.91,-45.45,0.71
2002-02-01,2002,2,"Cotton, A Index",Raw Materials,($/kg),0.94,-2.08,11.9,-29.32,-46.89,0.14
2002-03-01,2002,3,"Cotton, A Index",Raw Materials,($/kg),0.93,-1.06,-2.11,-22.5,-47.75,0.26
2002-04-01,2002,4,"Cotton, A Index",Raw Materials,($/kg),0.91,-2.15,-5.21,-19.47,-47.7,-0.03
2002-05-01,2002,5,"Cotton, A Index",Raw Materials,($/kg),0.88,-3.3,-6.38,-20.0,-49.71,-0.29
2002-06-01,2002,6,"Cotton, A Index",Raw Materials,($/kg),0.96,9.09,3.23,-8.57,-46.07,1.92
2002-07-01,2002,7,"Cotton, A Index",Raw Materials,($/kg),1.03,7.29,13.19,3.0,-42.46,1.24
2002-08-01,2002,8,"Cotton, A Index",Raw Materials,($/kg),1.09,5.83,23.86,13.54,-39.11,0.82
2002-09-01,2002,9,"Cotton, A Index",Raw Materials,($/kg),1.08,-0.92,12.5,18.68,-38.64,-0.33
2002-10-01,2002,10,"Cotton, A Index",Raw Materials,($/kg),1.09,0.93,5.83,32.93,-36.26,-0.11
2002-11-01,2002,11,"Cotton, A Index",Raw Materials,($/kg),1.15,5.5,5.5,36.9,-32.35,0.58
2002-12-01,2002,12,"Cotton, A Index",Raw Materials,($/kg),1.22,6.09,12.96,28.42,-25.61,0.63
2003-01-01,2003,1,"Cotton, A Index",Raw Materials,($/kg),1.25,2.46,14.68,30.21,-21.38,0.06
2003-02-01,2003,2,"Cotton, A Index",Raw Materials,($/kg),1.29,3.2,12.17,37.23,-15.13,0.21
2003-03-01,2003,3,"Cotton, A Index",Raw Materials,($/kg),1.35,4.65,10.66,45.16,-10.6,0.47
2003-04-01,2003,4,"Cotton, A Index",Raw Materials,($/kg),1.34,-0.74,7.2,47.25,-7.59,-1.02
2003-05-01,2003,5,"Cotton, A Index",Raw Materials,($/kg),1.28,-4.48,-0.78,45.45,-9.86,-2.09
2003-06-01,2003,6,"Cotton, A Index",Raw Materials,($/kg),1.29,0.78,-4.44,34.38,-15.13,-0.62
2003-07-01,2003,7,"Cotton, A Index",Raw Materials,($/kg),1.33,3.1,-0.75,29.13,-13.64,0.16
2003-08-01,2003,8,"Cotton, A Index",Raw Materials,($/kg),1.33,0.0,3.91,22.02,-11.33,-0.68
2003-09-01,2003,9,"Cotton, A Index",Raw Materials,($/kg),1.41,6.02,9.3,30.56,-3.42,1.41
2003-10-01,2003,10,"Cotton, A Index",Raw Materials,($/kg),1.6,13.48,20.3,46.79,17.65,3.54
2003-11-01,2003,11,"Cotton, A Index",Raw Materials,($/kg),1.7,6.25,27.82,47.83,37.1,0.65
2003-12-01,2003,12,"Cotton, A Index",Raw Materials,($/kg),1.62,-4.71,14.89,32.79,31.71,-1.8
2004-01-01,2004,1,"Cotton, A Index",Raw Materials,($/kg),1.67,3.09,4.37,33.6,35.77,0.12
2004-02-01,2004,2,"Cotton, A Index",Raw Materials,($/kg),1.63,-2.4,-4.12,26.36,31.45,-0.99
2004-03-01,2004,3,"Cotton, A Index",Raw Materials,($/kg),1.59,-2.45,-1.85,17.78,27.2,-0.88
2004-04-01,2004,4,"Cotton, A Index",Raw Materials,($/kg),1.53,-3.77,-8.38,14.18,20.47,-1.0
2004-05-01,2004,5,"Cotton, A Index",Raw Materials,($/kg),1.54,0.65,-5.52,20.31,16.67,-0.11
2004-06-01,2004,6,"Cotton, A Index",Raw Materials,($/kg),1.42,-7.79,-10.69,10.08,10.08,-1.84
2004-07-01,2004,7,"Cotton, A Index",Raw Materials,($/kg),1.26,-11.27,-17.65,-5.26,5.0,-2.1
2004-08-01,2004,8,"Cotton, A Index",Raw Materials,($/kg),1.19,-5.56,-22.73,-10.53,6.25,-0.79
2004-09-01,2004,9,"Cotton, A Index",Raw Materials,($/kg),1.24,4.2,-12.68,-12.06,13.76,0.71
2004-10-01,2004,10,"Cotton, A Index",Raw Materials,($/kg),1.16,-6.45,-7.94,-27.5,10.48,-0.82
2004-11-01,2004,11,"Cotton, A Index",Raw Materials,($/kg),1.08,-6.9,-9.24,-36.47,5.88,-0.84
2004-12-01,2004,12,"Cotton, A Index",Raw Materials,($/kg),1.07,-0.93,-13.71,-33.95,10.31,0.59
2005-01-01,2005,1,"Cotton, A Index",Raw Materials,($/kg),1.13,5.61,-2.59,-32.34,7.62,1.94
2005-02-01,2005,2,"Cotton, A Index",Raw Materials,($/kg),1.16,2.65,7.41,-28.83,-1.69,1.16
2005-03-01,2005,3,"Cotton, A Index",Raw Materials,($/kg),1.24,6.9,15.89,-22.01,-1.59,1.83
2005-04-01,2005,4,"Cotton, A Index",Raw Materials,($/kg),1.26,1.61,11.5,-17.65,-2.33,0.59
2005-05-01,2005,5,"Cotton, A Index",Raw Materials,($/kg),1.23,-2.38,6.03,-20.13,-7.52,-0.16
2005-06-01,2005,6,"Cotton, A Index",Raw Materials,($/kg),1.19,-3.25,-4.03,-16.2,-9.16,-0.26
2005-07-01,2005,7,"Cotton, A Index",Raw Materials,($/kg),1.21,1.68,-3.97,-3.97,-6.2,0.53
2005-08-01,2005,8,"Cotton, A Index",Raw Materials,($/kg),1.19,-1.65,-3.25,0.0,-11.19,-0.3
2005-09-01,2005,9,"Cotton, A Index",Raw Materials,($/kg),1.21,1.68,1.68,-2.42,-11.03,0.36
2005-10-01,2005,10,"Cotton, A Index",Raw Materials,($/kg),1.28,5.79,5.79,10.34,-4.48,1.37
2005-11-01,2005,11,"Cotton, A Index",Raw Materials,($/kg),1.25,-2.34,5.04,15.74,-11.35,-0.79
2005-12-01,2005,12,"Cotton, A Index",Raw Materials,($/kg),1.25,0.0,3.31,16.82,-13.79,-0.37
2006-01-01,2006,1,"Cotton, A Index",Raw Materials,($/kg),1.29,3.2,0.78,14.16,-8.51,0.54
2006-02-01,2006,2,"Cotton, A Index",Raw Materials,($/kg),1.32,2.33,5.6,13.79,-0.75,0.36
2006-03-01,2006,3,"Cotton, A Index",Raw Materials,($/kg),1.27,-3.79,1.6,2.42,5.83,-1.53
2006-04-01,2006,4,"Cotton, A Index",Raw Materials,($/kg),1.24,-2.36,-3.88,-1.59,9.73,-0.88
2006-05-01,2006,5,"Cotton, A Index",Raw Materials,($/kg),1.2,-3.23,-9.09,-2.44,9.09,-1.04
2006-06-01,2006,6,"Cotton, A Index",Raw Materials,($/kg),1.22,1.67,-3.94,2.52,16.19,0.6
2006-07-01,2006,7,"Cotton, A Index",Raw Materials,($/kg),1.22,0.0,-1.61,0.83,22.0,-0.08
2006-08-01,2006,8,"Cotton, A Index",Raw Materials,($/kg),1.32,8.2,10.0,10.92,37.5,2.78
2006-09-01,2006,9,"Cotton, A Index",Raw Materials,($/kg),1.3,-1.52,6.56,7.44,42.86,-0.67
2006-10-01,2006,10,"Cotton, A Index",Raw Materials,($/kg),1.26,-3.08,3.28,-1.56,53.66,-1.01
2006-11-01,2006,11,"Cotton, A Index",Raw Materials,($/kg),1.27,0.79,-3.79,1.6,51.19,0.25
2006-12-01,2006,12,"Cotton, A Index",Raw Materials,($/kg),1.31,3.15,0.77,4.8,37.89,0.87
2007-01-01,2007,1,"Cotton, A Index",Raw Materials,($/kg),1.3,-0.76,3.17,0.78,35.42,-0.34
2007-02-01,2007,2,"Cotton, A Index",Raw Materials,($/kg),1.28,-1.54,0.79,-3.03,36.17,-0.48
2007-03-01,2007,3,"Cotton, A Index",Raw Materials,($/kg),1.29,0.78,-1.53,1.57,38.71,0.29
2007-04-01,2007,4,"Cotton, A Index",Raw Materials,($/kg),1.26,-2.33,-3.08,1.61,38.46,-0.79
2007-05-01,2007,5,"Cotton, A Index",Raw Materials,($/kg),1.22,-3.17,-4.69,1.67,38.64,-1.05
2007-06-01,2007,6,"Cotton, A Index",Raw Materials,($/kg),1.34,9.84,3.88,9.84,39.58,3.04
2007-07-01,2007,7,"Cotton, A Index",Raw Materials,($/kg),1.5,11.94,19.05,22.95,45.63,2.62
2007-08-01,2007,8,"Cotton, A Index",Raw Materials,($/kg),1.47,-2.0,20.49,11.36,34.86,-0.73
2007-09-01,2007,9,"Cotton, A Index",Raw Materials,($/kg),1.5,2.04,11.94,15.38,38.89,0.21
2007-10-01,2007,10,"Cotton, A Index",Raw Materials,($/kg),1.52,1.33,1.33,20.63,39.45,0.01
2007-11-01,2007,11,"Cotton, A Index",Raw Materials,($/kg),1.54,1.32,4.76,21.26,33.91,-0.08
2007-12-01,2007,12,"Cotton, A Index",Raw Materials,($/kg),1.53,-0.65,2.0,16.79,25.41,-0.5
2008-01-01,2008,1,"Cotton, A Index",Raw Materials,($/kg),1.61,5.23,5.92,23.85,28.8,0.81
2008-02-01,2008,2,"Cotton, A Index",Raw Materials,($/kg),1.65,2.48,7.14,28.91,27.91,0.12
2008-03-01,2008,3,"Cotton, A Index",Raw Materials,($/kg),1.77,7.27,15.69,37.21,31.11,1.08
2008-04-01,2008,4,"Cotton, A Index",Raw Materials,($/kg),1.66,-6.21,3.11,31.75,23.88,-1.85
2008-05-01,2008,5,"Cotton, A Index",Raw Materials,($/kg),1.63,-1.81,-1.21,33.61,27.34,-0.8
2008-06-01,2008,6,"Cotton, A Index",Raw Materials,($/kg),1.7,4.29,-3.95,26.87,31.78,0.33
2008-07-01,2008,7,"Cotton, A Index",Raw Materials,($/kg),1.7,0.0,2.41,13.33,27.82,-0.44
2008-08-01,2008,8,"Cotton, A Index",Raw Materials,($/kg),1.72,1.18,5.52,17.01,29.32,0.02
2008-09-01,2008,9,"Cotton, A Index",Raw Materials,($/kg),1.62,-5.81,-4.71,8.0,14.89,-2.06
2008-10-01,2008,10,"Cotton, A Index",Raw Materials,($/kg),1.37,-15.43,-19.41,-9.87,-14.37,-4.0
2008-11-01,2008,11,"Cotton, A Index",Raw Materials,($/kg),1.21,-11.68,-29.65,-21.43,-28.82,-1.79
2008-12-01,2008,12,"Cotton, A Index",Raw Materials,($/kg),1.22,0.83,-24.69,-20.26,-24.69,0.38
2009-01-01,2009,1,"Cotton, A Index",Raw Materials,($/kg),1.27,4.1,-7.3,-21.12,-23.95,0.83
2009-02-01,2009,2,"Cotton, A Index",Raw Materials,($/kg),1.22,-3.94,0.83,-26.06,-25.15,-0.32
2009-03-01,2009,3,"Cotton, A Index",Raw Materials,($/kg),1.14,-6.56,-6.56,-35.59,-28.3,-0.64
2009-04-01,2009,4,"Cotton, A Index",Raw Materials,($/kg),1.25,9.65,-1.57,-24.7,-18.3,2.15
2009-05-01,2009,5,"Cotton, A Index",Raw Materials,($/kg),1.37,9.6,12.3,-15.95,-11.04,1.66
2009-06-01,2009,6,"Cotton, A Index",Raw Materials,($/kg),1.35,-1.46,18.42,-20.59,-4.93,-0.04
2009-07-01,2009,7,"Cotton, A Index",Raw Materials,($/kg),1.43,5.93,14.4,-15.88,13.49,0.99
2009-08-01,2009,8,"Cotton, A Index",Raw Materials,($/kg),1.42,-0.7,3.65,-17.44,19.33,0.05
2009-09-01,2009,9,"Cotton, A Index",Raw Materials,($/kg),1.41,-0.7,4.44,-12.96,13.71,0.07
2009-10-01,2009,10,"Cotton, A Index",Raw Materials,($/kg),1.47,4.26,2.8,7.3,26.72,0.66
2009-11-01,2009,11,"Cotton, A Index",Raw Materials,($/kg),1.58,7.48,11.27,30.58,46.3,1.05
2009-12-01,2009,12,"Cotton, A Index",Raw Materials,($/kg),1.68,6.33,19.15,37.7,57.01,0.75
2010-01-01,2010,1,"Cotton, A Index",Raw Materials,($/kg),1.71,1.79,16.33,34.65,51.33,-0.19
2010-02-01,2010,2,"Cotton, A Index",Raw Materials,($/kg),1.76,2.92,11.39,44.26,51.72,0.05
2010-03-01,2010,3,"Cotton, A Index",Raw Materials,($/kg),1.89,7.39,12.5,65.79,52.42,0.84
2010-04-01,2010,4,"Cotton, A Index",Raw Materials,($/kg),1.94,2.65,13.45,55.2,53.97,-0.43
2010-05-01,2010,5,"Cotton, A Index",Raw Materials,($/kg),1.99,2.58,13.07,45.26,61.79,-0.33
2010-06-01,2010,6,"Cotton, A Index",Raw Materials,($/kg),2.05,3.02,8.47,51.85,72.27,-0.06
2010-07-01,2010,7,"Cotton, A Index",Raw Materials,($/kg),1.86,-9.27,-4.12,30.07,53.72,-4.6
2010-08-01,2010,8,"Cotton, A Index",Raw Materials,($/kg),1.99,6.99,0.0,40.14,67.23,1.03
2010-09-01,2010,9,"Cotton, A Index",Raw Materials,($/kg),2.31,16.08,12.68,63.83,90.91,2.85
2010-10-01,2010,10,"Cotton, A Index",Raw Materials,($/kg),2.79,20.78,50.0,89.8,117.97,2.83
2010-11-01,2010,11,"Cotton, A Index",Raw Materials,($/kg),3.41,22.22,71.36,115.82,172.8,2.2
2010-12-01,2010,12,"Cotton, A Index",Raw Materials,($/kg),3.7,8.5,60.17,120.24,196.0,0.17
2011-01-01,2011,1,"Cotton, A Index",Raw Materials,($/kg),3.94,6.49,41.22,130.41,205.43,-0.07
2011-02-01,2011,2,"Cotton, A Index",Raw Materials,($/kg),4.7,19.29,37.83,167.05,256.06,1.35
2011-03-01,2011,3,"Cotton, A Index",Raw Materials,($/kg),5.06,7.66,36.76,167.72,298.43,-0.13
2011-04-01,2011,4,"Cotton, A Index",Raw Materials,($/kg),4.78,-5.53,21.32,146.39,285.48,-1.57
2011-05-01,2011,5,"Cotton, A Index",Raw Materials,($/kg),3.65,-23.64,-22.34,83.42,204.17,-3.19
2011-06-01,2011,6,"Cotton, A Index",Raw Materials,($/kg),3.18,-12.88,-37.15,55.12,160.66,-1.4
2011-07-01,2011,7,"Cotton, A Index",Raw Materials,($/kg),2.69,-15.41,-43.72,44.62,120.49,-1.38
2011-08-01,2011,8,"Cotton, A Index",Raw Materials,($/kg),2.52,-6.32,-30.96,26.63,90.91,-0.69
2011-09-01,2011,9,"Cotton, A Index",Raw Materials,($/kg),2.58,2.38,-18.87,11.69,98.46,-0.05
2011-10-01,2011,10,"Cotton, A Index",Raw Materials,($/kg),2.44,-5.43,-9.29,-12.54,93.65,-0.49
2011-11-01,2011,11,"Cotton, A Index",Raw Materials,($/kg),2.31,-5.33,-8.33,-32.26,81.89,-0.37
2011-12-01,2011,12,"Cotton, A Index",Raw Materials,($/kg),2.1,-9.09,-18.6,-43.24,60.31,-0.55
2012-01-01,2012,1,"Cotton, A Index",Raw Materials,($/kg),2.23,6.19,-8.61,-43.4,71.54,0.88
2012-02-01,2012,2,"Cotton, A Index",Raw Materials,($/kg),2.22,-0.45,-3.9,-52.77,73.44,0.31
2012-03-01,2012,3,"Cotton, A Index",Raw Materials,($/kg),2.19,-1.35,4.29,-56.72,69.77,0.48
2012-04-01,2012,4,"Cotton, A Index",Raw Materials,($/kg),2.2,0.46,-1.35,-53.97,74.6,0.84
2012-05-01,2012,5,"Cotton, A Index",Raw Materials,($/kg),1.95,-11.36,-12.16,-46.58,59.84,-0.65
2012-06-01,2012,6,"Cotton, A Index",Raw Materials,($/kg),1.81,-7.18,-17.35,-43.08,35.07,-0.35
2012-07-01,2012,7,"Cotton, A Index",Raw Materials,($/kg),1.85,2.21,-15.91,-31.23,23.33,1.08
2012-08-01,2012,8,"Cotton, A Index",Raw Materials,($/kg),1.86,0.54,-4.62,-26.19,26.53,0.66
2012-09-01,2012,9,"Cotton, A Index",Raw Materials,($/kg),1.86,0.0,2.76,-27.91,24.0,0.45
2012-10-01,2012,10,"Cotton, A Index",Raw Materials,($/kg),1.81,-2.69,-2.16,-25.82,19.08,-0.02
2012-11-01,2012,11,"Cotton, A Index",Raw Materials,($/kg),1.78,-1.66,-4.3,-22.94,15.58,0.14
2012-12-01,2012,12,"Cotton, A Index",Raw Materials,($/kg),1.84,3.37,-1.08,-12.38,20.26,1.09
2013-01-01,2013,1,"Cotton, A Index",Raw Materials,($/kg),1.89,2.72,4.42,-15.25,17.39,0.8
2013-02-01,2013,2,"Cotton, A Index",Raw Materials,($/kg),1.98,4.76,11.24,-10.81,20.0,1.43
2013-03-01,2013,3,"Cotton, A Index",Raw Materials,($/kg),2.08,5.05,13.04,-5.02,17.51,1.29
2013-04-01,2013,4,"Cotton, A Index",Raw Materials,($/kg),2.03,-2.4,7.41,-7.73,22.29,-0.43
2013-05-01,2013,5,"Cotton, A Index",Raw Materials,($/kg),2.04,0.49,3.03,4.62,25.15,0.21
2013-06-01,2013,6,"Cotton, A Index",Raw Materials,($/kg),2.05,0.49,-1.44,13.26,20.59,0.02
2013-07-01,2013,7,"Cotton, A Index",Raw Materials,($/kg),2.04,-0.49,0.49,10.27,20.0,-0.6
2013-08-01,2013,8,"Cotton, A Index",Raw Materials,($/kg),2.04,0.0,0.0,9.68,18.6,-0.32
2013-09-01,2013,9,"Cotton, A Index",Raw Materials,($/kg),1.99,-2.45,-2.93,6.99,22.84,-1.24
2013-10-01,2013,10,"Cotton, A Index",Raw Materials,($/kg),1.97,-1.01,-3.43,8.84,43.8,-0.58
2013-11-01,2013,11,"Cotton, A Index",Raw Materials,($/kg),1.87,-5.08,-8.33,5.06,54.55,-2.2
2013-12-01,2013,12,"Cotton, A Index",Raw Materials,($/kg),1.93,3.21,-3.02,4.89,58.2,0.9
2014-01-01,2014,1,"Cotton, A Index",Raw Materials,($/kg),2.01,4.15,2.03,6.35,58.27,1.21
2014-02-01,2014,2,"Cotton, A Index",Raw Materials,($/kg),2.07,2.99,10.7,4.55,69.67,0.76
2014-03-01,2014,3,"Cotton, A Index",Raw Materials,($/kg),2.14,3.38,10.88,2.88,87.72,0.99
2014-04-01,2014,4,"Cotton, A Index",Raw Materials,($/kg),2.08,-2.8,3.48,2.46,66.4,-1.1
2014-05-01,2014,5,"Cotton, A Index",Raw Materials,($/kg),2.04,-1.92,-1.45,0.0,48.91,-0.76
2014-06-01,2014,6,"Cotton, A Index",Raw Materials,($/kg),2.0,-1.96,-6.54,-2.44,48.15,-0.69
2014-07-01,2014,7,"Cotton, A Index",Raw Materials,($/kg),1.85,-7.5,-11.06,-9.31,29.37,-2.48
2014-08-01,2014,8,"Cotton, A Index",Raw Materials,($/kg),1.63,-11.89,-20.1,-20.1,14.79,-3.06
2014-09-01,2014,9,"Cotton, A Index",Raw Materials,($/kg),1.62,-0.61,-19.0,-18.59,14.89,0.23
2014-10-01,2014,10,"Cotton, A Index",Raw Materials,($/kg),1.55,-4.32,-16.22,-21.32,5.44,-0.56
2014-11-01,2014,11,"Cotton, A Index",Raw Materials,($/kg),1.49,-3.87,-8.59,-20.32,-5.7,-0.41
2014-12-01,2014,12,"Cotton, A Index",Raw Materials,($/kg),1.51,1.34,-6.79,-21.76,-10.12,0.64
2015-01-01,2015,1,"Cotton, A Index",Raw Materials,($/kg),1.48,-1.99,-4.52,-26.37,-13.45,-0.01
2015-02-01,2015,2,"Cotton, A Index",Raw Materials,($/kg),1.54,4.05,3.36,-25.6,-12.5,1.51
2015-03-01,2015,3,"Cotton, A Index",Raw Materials,($/kg),1.53,-0.65,1.32,-28.5,-19.05,0.38
2015-04-01,2015,4,"Cotton, A Index",Raw Materials,($/kg),1.58,3.27,6.76,-24.04,-18.56,1.45
2015-05-01,2015,5,"Cotton, A Index",Raw Materials,($/kg),1.61,1.9,4.55,-21.08,-19.1,0.92
2015-06-01,2015,6,"Cotton, A Index",Raw Materials,($/kg),1.6,-0.62,4.58,-20.0,-21.95,0.27
2015-07-01,2015,7,"Cotton, A Index",Raw Materials,($/kg),1.6,0.0,1.27,-13.51,-13.98,0.38
2015-08-01,2015,8,"Cotton, A Index",Raw Materials,($/kg),1.58,-1.25,-1.86,-3.07,-20.6,-0.03
2015-09-01,2015,9,"Cotton, A Index",Raw Materials,($/kg),1.52,-3.8,-5.0,-6.17,-34.2,-1.39
2015-10-01,2015,10,"Cotton, A Index",Raw Materials,($/kg),1.52,0.0,-5.0,-1.94,-45.52,0.18
2015-11-01,2015,11,"Cotton, A Index",Raw Materials,($/kg),1.53,0.66,-3.16,2.68,-55.13,0.32
2015-12-01,2015,12,"Cotton, A Index",Raw Materials,($/kg),1.55,1.31,1.97,2.65,-58.11,0.48
2016-01-01,2016,1,"Cotton, A Index",Raw Materials,($/kg),1.52,-1.94,0.0,2.7,-61.42,-0.99
2016-02-01,2016,2,"Cotton, A Index",Raw Materials,($/kg),1.47,-3.29,-3.92,-4.55,-68.72,-1.61
2016-03-01,2016,3,"Cotton, A Index",Raw Materials,($/kg),1.44,-2.04,-7.1,-5.88,-71.54,-0.82
2016-04-01,2016,4,"Cotton, A Index",Raw Materials,($/kg),1.53,6.25,0.66,-3.16,-67.99,3.2
2016-05-01,2016,5,"Cotton, A Index",Raw Materials,($/kg),1.55,1.31,5.44,-3.73,-57.53,0.57
2016-06-01,2016,6,"Cotton, A Index",Raw Materials,($/kg),1.63,5.16,13.19,1.87,-48.74,2.06
2016-07-01,2016,7,"Cotton, A Index",Raw Materials,($/kg),1.79,9.82,16.99,11.87,-33.46,3.13
2016-08-01,2016,8,"Cotton, A Index",Raw Materials,($/kg),1.77,-1.12,14.19,12.03,-29.76,-0.52
2016-09-01,2016,9,"Cotton, A Index",Raw Materials,($/kg),1.72,-2.82,5.52,13.16,-33.33,-0.93
2016-10-01,2016,10,"Cotton, A Index",Raw Materials,($/kg),1.73,0.58,-3.35,13.82,-29.1,-0.13
2016-11-01,2016,11,"Cotton, A Index",Raw Materials,($/kg),1.74,0.58,-1.69,13.73,-24.68,-0.14
2016-12-01,2016,12,"Cotton, A Index",Raw Materials,($/kg),1.75,0.57,1.74,12.9,-16.67,-0.14
2017-01-01,2017,1,"Cotton, A Index",Raw Materials,($/kg),1.82,4.0,5.2,19.74,-18.39,0.72
2017-02-01,2017,2,"Cotton, A Index",Raw Materials,($/kg),1.88,3.3,8.05,27.89,-15.32,0.43
2017-03-01,2017,3,"Cotton, A Index",Raw Materials,($/kg),1.91,1.6,9.14,32.64,-12.79,-0.14
2017-04-01,2017,4,"Cotton, A Index",Raw Materials,($/kg),1.92,0.52,5.49,25.49,-12.73,-0.55
2017-05-01,2017,5,"Cotton, A Index",Raw Materials,($/kg),1.95,1.56,3.72,25.81,0.0,-0.12
2017-06-01,2017,6,"Cotton, A Index",Raw Materials,($/kg),1.87,-4.1,-2.09,14.72,3.31,-1.85
2017-07-01,2017,7,"Cotton, A Index",Raw Materials,($/kg),1.85,-1.07,-3.65,3.35,0.0,-0.64
2017-08-01,2017,8,"Cotton, A Index",Raw Materials,($/kg),1.75,-5.41,-10.26,-1.13,-5.91,-2.46
2017-09-01,2017,9,"Cotton, A Index",Raw Materials,($/kg),1.78,1.71,-4.81,3.49,-4.3,0.63
2017-10-01,2017,10,"Cotton, A Index",Raw Materials,($/kg),1.73,-2.81,-6.49,0.0,-4.42,-1.15
2017-11-01,2017,11,"Cotton, A Index",Raw Materials,($/kg),1.77,2.31,1.14,1.72,-0.56,0.79
2017-12-01,2017,12,"Cotton, A Index",Raw Materials,($/kg),1.88,6.21,5.62,7.43,2.17,2.05
2018-01-01,2018,1,"Cotton, A Index",Raw Materials,($/kg),2.01,6.91,16.18,10.44,6.35,1.83
2018-02-01,2018,2,"Cotton, A Index",Raw Materials,($/kg),1.95,-2.99,10.17,3.72,-1.52,-1.03
2018-03-01,2018,3,"Cotton, A Index",Raw Materials,($/kg),2.03,4.1,7.98,6.28,-2.4,0.97
2018-04-01,2018,4,"Cotton, A Index",Raw Materials,($/kg),2.03,0.0,1.0,5.73,0.0,-0.15
2018-05-01,2018,5,"Cotton, A Index",Raw Materials,($/kg),2.08,2.46,6.67,6.67,1.96,0.48
2018-06-01,2018,6,"Cotton, A Index",Raw Materials,($/kg),2.15,3.37,5.91,14.97,4.88,0.69
2018-07-01,2018,7,"Cotton, A Index",Raw Materials,($/kg),2.12,-1.4,4.43,14.59,3.92,-0.69
2018-08-01,2018,8,"Cotton, A Index",Raw Materials,($/kg),2.08,-1.89,0.0,18.86,1.96,-0.81
2018-09-01,2018,9,"Cotton, A Index",Raw Materials,($/kg),1.99,-4.33,-7.44,11.8,0.0,-1.73
2018-10-01,2018,10,"Cotton, A Index",Raw Materials,($/kg),1.91,-4.02,-9.91,10.4,-3.05,-1.34
2018-11-01,2018,11,"Cotton, A Index",Raw Materials,($/kg),1.91,0.0,-8.17,7.91,2.14,-0.23
2018-12-01,2018,12,"Cotton, A Index",Raw Materials,($/kg),1.9,-0.52,-4.52,1.06,-1.55,-0.32
2019-01-01,2019,1,"Cotton, A Index",Raw Materials,($/kg),1.82,-4.21,-4.71,-9.45,-9.45,-1.26
2019-02-01,2019,2,"Cotton, A Index",Raw Materials,($/kg),1.79,-1.65,-6.28,-8.21,-13.53,-0.3
2019-03-01,2019,3,"Cotton, A Index",Raw Materials,($/kg),1.85,3.35,-2.63,-8.87,-13.55,1.41
2019-04-01,2019,4,"Cotton, A Index",Raw Materials,($/kg),1.92,3.78,5.49,-5.42,-7.69,1.64
2019-05-01,2019,5,"Cotton, A Index",Raw Materials,($/kg),1.77,-7.81,-1.12,-14.9,-13.24,-2.43
2019-06-01,2019,6,"Cotton, A Index",Raw Materials,($/kg),1.71,-3.39,-7.57,-20.47,-14.5,-0.59
2019-07-01,2019,7,"Cotton, A Index",Raw Materials,($/kg),1.67,-2.34,-13.02,-21.23,-9.73,-0.15
2019-08-01,2019,8,"Cotton, A Index",Raw Materials,($/kg),1.56,-6.59,-11.86,-25.0,-4.29,-1.42
2019-09-01,2019,9,"Cotton, A Index",Raw Materials,($/kg),1.57,0.64,-8.19,-21.11,-3.09,0.83
2019-10-01,2019,10,"Cotton, A Index",Raw Materials,($/kg),1.63,3.82,-2.4,-14.66,5.16,1.6
2019-11-01,2019,11,"Cotton, A Index",Raw Materials,($/kg),1.65,1.23,5.77,-13.61,10.74,0.64
2019-12-01,2019,12,"Cotton, A Index",Raw Materials,($/kg),1.67,1.21,6.37,-12.11,10.6,0.6
2020-01-01,2020,1,"Cotton, A Index",Raw Materials,($/kg),1.74,4.19,6.75,-4.4,17.57,1.31
2020-02-01,2020,2,"Cotton, A Index",Raw Materials,($/kg),1.69,-2.87,2.42,-5.59,9.74,-0.63
2020-03-01,2020,3,"Cotton, A Index",Raw Materials,($/kg),1.49,-11.83,-10.78,-19.46,-2.61,-2.76
2020-04-01,2020,4,"Cotton, A Index",Raw Materials,($/kg),1.4,-6.04,-19.54,-27.08,-11.39,-0.86
2020-05-01,2020,5,"Cotton, A Index",Raw Materials,($/kg),1.45,3.57,-14.2,-18.08,-9.94,1.23
2020-06-01,2020,6,"Cotton, A Index",Raw Materials,($/kg),1.49,2.76,0.0,-12.87,-6.88,0.87
2020-07-01,2020,7,"Cotton, A Index",Raw Materials,($/kg),1.51,1.34,7.86,-9.58,-5.63,0.47
2020-08-01,2020,8,"Cotton, A Index",Raw Materials,($/kg),1.54,1.99,6.21,-1.28,-2.53,0.54
2020-09-01,2020,9,"Cotton, A Index",Raw Materials,($/kg),1.56,1.3,4.7,-0.64,2.63,0.27
2020-10-01,2020,10,"Cotton, A Index",Raw Materials,($/kg),1.65,5.77,9.27,1.23,8.55,1.2
2020-11-01,2020,11,"Cotton, A Index",Raw Materials,($/kg),1.71,3.64,11.04,3.64,11.76,0.7
2020-12-01,2020,12,"Cotton, A Index",Raw Materials,($/kg),1.79,4.68,14.74,7.19,15.48,0.85
2021-01-01,2021,1,"Cotton, A Index",Raw Materials,($/kg),1.92,7.26,16.36,10.34,26.32,1.27
2021-02-01,2021,2,"Cotton, A Index",Raw Materials,($/kg),2.05,6.77,19.88,21.3,39.46,1.07
2021-03-01,2021,3,"Cotton, A Index",Raw Materials,($/kg),2.02,-1.46,12.85,35.57,40.28,-0.59
2021-04-01,2021,4,"Cotton, A Index",Raw Materials,($/kg),2.0,-0.99,4.17,42.86,30.72,-0.98
2021-05-01,2021,5,"Cotton, A Index",Raw Materials,($/kg),2.0,0.0,-2.44,37.93,29.03,-1.09
2021-06-01,2021,6,"Cotton, A Index",Raw Materials,($/kg),2.08,4.0,2.97,39.6,27.61,0.43
2021-07-01,2021,7,"Cotton, A Index",Raw Materials,($/kg),2.15,3.37,7.5,42.38,20.11,0.17
2021-08-01,2021,8,"Cotton, A Index",Raw Materials,($/kg),2.23,3.72,11.5,44.81,25.99,0.24
2021-09-01,2021,9,"Cotton, A Index",Raw Materials,($/kg),2.29,2.69,10.1,46.79,33.14,-0.17
2021-10-01,2021,10,"Cotton, A Index",Raw Materials,($/kg),2.59,13.1,20.47,56.97,49.71,3.45
2021-11-01,2021,11,"Cotton, A Index",Raw Materials,($/kg),2.79,7.72,25.11,63.16,60.34,0.96
2021-12-01,2021,12,"Cotton, A Index",Raw Materials,($/kg),2.65,-5.02,15.72,48.04,51.43,-2.24
2022-01-01,2022,1,"Cotton, A Index",Raw Materials,($/kg),2.91,9.81,12.36,51.56,59.89,1.3
2022-02-01,2022,2,"Cotton, A Index",Raw Materials,($/kg),3.05,4.81,9.32,48.78,62.23,0.23
2022-03-01,2022,3,"Cotton, A Index",Raw Materials,($/kg),3.11,1.97,17.36,53.96,62.83,-0.3
2022-04-01,2022,4,"Cotton, A Index",Raw Materials,($/kg),3.42,9.97,17.53,71.0,78.12,1.28
2022-05-01,2022,5,"Cotton, A Index",Raw Materials,($/kg),3.61,5.56,18.36,80.5,85.13,0.18
2022-06-01,2022,6,"Cotton, A Index",Raw Materials,($/kg),3.4,-5.82,9.32,63.46,81.82,-2.34
2022-07-01,2022,7,"Cotton, A Index",Raw Materials,($/kg),2.89,-15.0,-15.5,34.42,56.22,-3.42
2022-08-01,2022,8,"Cotton, A Index",Raw Materials,($/kg),2.74,-5.19,-24.1,22.87,56.57,-1.0
2022-09-01,2022,9,"Cotton, A Index",Raw Materials,($/kg),2.59,-5.47,-23.82,13.1,45.51,-0.91
2022-10-01,2022,10,"Cotton, A Index",Raw Materials,($/kg),2.2,-15.06,-23.88,-15.06,27.17,-1.92
2022-11-01,2022,11,"Cotton, A Index",Raw Materials,($/kg),2.23,1.36,-18.61,-20.07,25.99,0.26
2022-12-01,2022,12,"Cotton, A Index",Raw Materials,($/kg),2.22,-0.45,-14.29,-16.23,18.09,0.12
2023-01-01,2023,1,"Cotton, A Index",Raw Materials,($/kg),2.21,-0.45,0.45,-24.05,9.95,0.08
2023-02-01,2023,2,"Cotton, A Index",Raw Materials,($/kg),2.19,-0.9,-1.79,-28.2,12.31,0.14
2023-03-01,2023,3,"Cotton, A Index",Raw Materials,($/kg),2.1,-4.11,-5.41,-32.48,3.45,-0.22
2023-04-01,2023,4,"Cotton, A Index",Raw Materials,($/kg),2.1,0.0,-4.98,-38.6,3.45,0.41
2023-05-01,2023,5,"Cotton, A Index",Raw Materials,($/kg),2.07,-1.43,-5.48,-42.66,-0.48,0.38
2023-06-01,2023,6,"Cotton, A Index",Raw Materials,($/kg),2.04,-1.45,-2.86,-40.0,-5.12,0.53
2023-07-01,2023,7,"Cotton, A Index",Raw Materials,($/kg),2.05,0.49,-2.38,-29.07,-3.3,0.81
2023-08-01,2023,8,"Cotton, A Index",Raw Materials,($/kg),2.11,2.93,1.93,-22.99,1.44,1.27
2023-09-01,2023,9,"Cotton, A Index",Raw Materials,($/kg),2.16,2.37,5.88,-16.6,8.54,0.95
2023-10-01,2023,10,"Cotton, A Index",Raw Materials,($/kg),2.11,-2.31,2.93,-4.09,10.47,-0.2
2023-11-01,2023,11,"Cotton, A Index",Raw Materials,($/kg),1.99,-5.69,-5.69,-10.76,4.19,-2.72
2023-12-01,2023,12,"Cotton, A Index",Raw Materials,($/kg),2.0,0.5,-7.41,-9.91,5.26,0.59
2024-01-01,2024,1,"Cotton, A Index",Raw Materials,($/kg),2.03,1.5,-3.79,-8.14,11.54,0.95
2024-02-01,2024,2,"Cotton, A Index",Raw Materials,($/kg),2.2,8.37,10.55,0.46,22.91,3.56
2024-03-01,2024,3,"Cotton, A Index",Raw Materials,($/kg),2.2,0.0,10.0,4.76,18.92,-0.03
2024-04-01,2024,4,"Cotton, A Index",Raw Materials,($/kg),1.99,-9.55,-1.97,-5.24,3.65,-2.94
2024-05-01,2024,5,"Cotton, A Index",Raw Materials,($/kg),1.91,-4.02,-13.18,-7.73,7.91,-0.82
2024-06-01,2024,6,"Cotton, A Index",Raw Materials,($/kg),1.83,-4.19,-16.82,-10.29,7.02,-0.79
2024-07-01,2024,7,"Cotton, A Index",Raw Materials,($/kg),1.79,-2.19,-10.05,-12.68,7.19,-0.3
2024-08-01,2024,8,"Cotton, A Index",Raw Materials,($/kg),1.76,-1.68,-7.85,-16.59,12.82,-0.14
2024-09-01,2024,9,"Cotton, A Index",Raw Materials,($/kg),1.82,3.41,-0.55,-15.74,15.92,1.07
2024-10-01,2024,10,"Cotton, A Index",Raw Materials,($/kg),1.84,1.1,2.79,-12.8,12.88,0.52
2024-11-01,2024,11,"Cotton, A Index",Raw Materials,($/kg),1.8,-2.17,2.27,-9.55,9.09,-0.25
2024-12-01,2024,12,"Cotton, A Index",Raw Materials,($/kg),1.76,-2.22,-3.3,-12.0,5.39,-0.33
2025-01-01,2025,1,"Cotton, A Index",Raw Materials,($/kg),1.72,-2.27,-6.52,-15.27,-1.15,-0.29
2025-02-01,2025,2,"Cotton, A Index",Raw Materials,($/kg),1.72,0.0,-4.44,-21.82,1.78,0.29
2025-03-01,2025,3,"Cotton, A Index",Raw Materials,($/kg),1.71,-0.58,-2.84,-22.27,14.77,0.44
2025-04-01,2025,4,"Cotton, A Index",Raw Materials,($/kg),1.73,1.17,0.58,-13.07,23.57,1.01
2025-05-01,2025,5,"Cotton, A Index",Raw Materials,($/kg),1.72,-0.58,0.0,-9.95,18.62,0.25
2025-06-01,2025,6,"Cotton, A Index",Raw Materials,($/kg),1.73,0.58,1.17,-5.46,16.11,0.7
2025-07-01,2025,7,"Cotton, A Index",Raw Materials,($/kg),1.74,0.58,0.58,-2.79,15.23,0.58
2025-08-01,2025,8,"Cotton, A Index",Raw Materials,($/kg),1.73,-0.57,0.58,-1.7,12.34,-0.2
2025-09-01,2025,9,"Cotton, A Index",Raw Materials,($/kg),1.72,-0.58,-0.58,-5.49,10.26,-0.27
2025-10-01,2025,10,"Cotton, A Index",Raw Materials,($/kg),1.68,-2.33,-3.45,-8.7,1.82,-1.51
2025-11-01,2025,11,"Cotton, A Index",Raw Materials,($/kg),1.66,-1.19,-4.05,-7.78,-2.92,-0.36
2025-12-01,2025,12,"Cotton, A Index",Raw Materials,($/kg),1.63,-1.81,-5.23,-7.39,-8.94,-0.98
2026-01-01,2026,1,"Cotton, A Index",Raw Materials,($/kg),1.64,0.61,-2.38,-4.65,-14.58,1.11
2026-02-01,2026,2,"Cotton, A Index",Raw Materials,($/kg),1.63,-0.61,-1.81,-5.23,-20.49,-0.21
2026-03-01,2026,3,"Cotton, A Index",Raw Materials,($/kg),1.7,4.29,4.29,-0.58,-15.84,4.56
2026-04-01,2026,4,"Cotton, A Index",Raw Materials,($/kg),1.9,11.76,15.85,9.83,-5.0,6.89
2026-05-01,2026,5,"Cotton, A Index",Raw Materials,($/kg),2.03,6.84,24.54,18.02,1.5,1.57
2026-06-01,2026,6,"Cotton, A Index",Raw Materials,($/kg),1.9,-6.4,11.76,9.83,-8.65,-1.89
2026-07-01,2026,7,"Cotton, A Index",Raw Materials,($/kg),1.96,3.16,3.16,12.64,-8.84,0.48
2026-08-01,2026,8,"Cotton, A Index",Raw Materials,($/kg),2.11,7.65,3.94,21.97,-5.38,1.37
2026-09-01,2026,9,"Cotton, A Index",Raw Materials,($/kg),2.1,-0.47,10.53,22.09,-8.3,-0.44
1960-01-01,1960,1,"Crude oil, Brent",Energy,($/bbl),1.6,,,,,
1960-02-01,1960,2,"Crude oil, Brent",Energy,($/bbl),1.6,0.0,,,,
1960-03-01,1960,3,"Crude oil, Brent",Energy,($/bbl),1.6,0.0,,,,
1960-04-01,1960,4,"Crude oil, Brent",Energy,($/bbl),1.6,0.0,0.0,,,
1960-05-01,1960,5,"Crude oil, Brent",Energy,($/bbl),1.6,0.0,0.0,,,
1960-06-01,1960,6,"Crude oil, Brent",Energy,($/bbl),1.6,0.0,0.0,,,
1960-07-01,1960,7,"Crude oil, Brent",Energy,($/bbl),1.6,0.0,0.0,,,
1960-08-01,1960,8,"Crude oil, Brent",Energy,($/bbl),1.6,0.0,0.0,,,0.0
1960-09-01,1960,9,"Crude oil, Brent",Energy,($/bbl),1.6,0.0,0.0,,,0.0
1960-10-01,1960,10,"Crude oil, Brent",Energy,($/bbl),1.6,0.0,0.0,,,0.0
1960-11-01,1960,11,"Crude oil, Brent",Energy,($/bbl),1.6,0.0,0.0,,,0.0
1960-12-01,1960,12,"Crude oil, Brent",Energy,($/bbl),1.6,0.0,0.0,,,0.0
1961-01-01,1961,1,"Crude oil, Brent",Energy,($/bbl),1.6,0.0,0.0,0.0,,0.0
1961-02-01,1961,2,"Crude oil, Brent",Energy,($/bbl),1.6,0.0,0.0,0.0,,0.0
1961-03-01,1961,3,"Crude oil, Brent",Energy,($/bbl),1.6,0.0,0.0,0.0,,0.0
1961-04-01,1961,4,"Crude oil, Brent",Energy,($/bbl),1.6,0.0,0.0,0.0,,0.0
1961-05-01,1961,5,"Crude oil, Brent",Energy,($/bbl),1.6,0.0,0.0,0.0,,0.0
1961-06-01,1961,6,"Crude oil, Brent",Energy,($/bbl),1.6,0.0,0.0,0.0,,0.0
1961-07-01,1961,7,"Crude oil, Brent",Energy,($/bbl),1.6,0.0,0.0,0.0,,0.0
1961-08-01,1961,8,"Crude oil, Brent",Energy,($/bbl),1.6,0.0,0.0,0.0,,0.0
1961-09-01,1961,9,"Crude oil, Brent",Energy,($/bbl),1.6,0.0,0.0,0.0,,0.0
1961-10-01,1961,10,"Crude oil, Brent",Energy,($/bbl),1.6,0.0,0.0,0.0,,0.0
1961-11-01,1961,11,"Crude oil, Brent",Energy,($/bbl),1.6,0.0,0.0,0.0,,0.0
1961-12-01,1961,12,"Crude oil, Brent",Energy,($/bbl),1.6,0.0,0.0,0.0,,0.0
1962-01-01,1962,1,"Crude oil, Brent",Energy,($/bbl),1.5,-6.25,-6.25,-6.25,,0.0
1962-02-01,1962,2,"Crude oil, Brent",Energy,($/bbl),1.5,0.0,-6.25,-6.25,,0.29
1962-03-01,1962,3,"Crude oil, Brent",Energy,($/bbl),1.5,0.0,-6.25,-6.25,,0.29
1962-04-01,1962,4,"Crude oil, Brent",Energy,($/bbl),1.5,0.0,0.0,-6.25,,0.29
1962-05-01,1962,5,"Crude oil, Brent",Energy,($/bbl),1.5,0.0,0.0,-6.25,,0.29
1962-06-01,1962,6,"Crude oil, Brent",Energy,($/bbl),1.5,0.0,0.0,-6.25,,0.29
1962-07-01,1962,7,"Crude oil, Brent",Energy,($/bbl),1.5,0.0,0.0,-6.25,,0.29
1962-08-01,1962,8,"Crude oil, Brent",Energy,($/bbl),1.5,0.0,0.0,-6.25,,0.29
1962-09-01,1962,9,"Crude oil, Brent",Energy,($/bbl),1.5,0.0,0.0,-6.25,,0.29
1962-10-01,1962,10,"Crude oil, Brent",Energy,($/bbl),1.5,0.0,0.0,-6.25,,0.29
1962-11-01,1962,11,"Crude oil, Brent",Energy,($/bbl),1.5,0.0,0.0,-6.25,,0.29
1962-12-01,1962,12,"Crude oil, Brent",Energy,($/bbl),1.5,0.0,0.0,-6.25,,0.29
1963-01-01,1963,1,"Crude oil, Brent",Energy,($/bbl),1.5,0.0,0.0,0.0,,0.29
1963-02-01,1963,2,"Crude oil, Brent",Energy,($/bbl),1.5,0.0,0.0,0.0,,0.0
1963-03-01,1963,3,"Crude oil, Brent",Energy,($/bbl),1.5,0.0,0.0,0.0,,0.0
1963-04-01,1963,4,"Crude oil, Brent",Energy,($/bbl),1.5,0.0,0.0,0.0,,0.0
1963-05-01,1963,5,"Crude oil, Brent",Energy,($/bbl),1.5,0.0,0.0,0.0,,0.0
1963-06-01,1963,6,"Crude oil, Brent",Energy,($/bbl),1.5,0.0,0.0,0.0,,0.0
1963-07-01,1963,7,"Crude oil, Brent",Energy,($/bbl),1.5,0.0,0.0,0.0,,0.0
1963-08-01,1963,8,"Crude oil, Brent",Energy,($/bbl),1.5,0.0,0.0,0.0,,0.0
1963-09-01,1963,9,"Crude oil, Brent",Energy,($/bbl),1.5,0.0,0.0,0.0,,0.0
1963-10-01,1963,10,"Crude oil, Brent",Energy,($/bbl),1.5,0.0,0.0,0.0,,0.0
1963-11-01,1963,11,"Crude oil, Brent",Energy,($/bbl),1.5,0.0,0.0,0.0,,0.0
1963-12-01,1963,12,"Crude oil, Brent",Energy,($/bbl),1.5,0.0,0.0,0.0,,0.0
1964-01-01,1964,1,"Crude oil, Brent",Energy,($/bbl),1.5,0.0,0.0,0.0,,0.0
1964-02-01,1964,2,"Crude oil, Brent",Energy,($/bbl),1.5,0.0,0.0,0.0,,0.0
1964-03-01,1964,3,"Crude oil, Brent",Energy,($/bbl),1.5,0.0,0.0,0.0,,0.0
1964-04-01,1964,4,"Crude oil, Brent",Energy,($/bbl),1.5,0.0,0.0,0.0,,0.0
1964-05-01,1964,5,"Crude oil, Brent",Energy,($/bbl),1.5,0.0,0.0,0.0,,0.0
1964-06-01,1964,6,"Crude oil, Brent",Energy,($/bbl),1.5,0.0,0.0,0.0,,0.0
1964-07-01,1964,7,"Crude oil, Brent",Energy,($/bbl),1.5,0.0,0.0,0.0,,0.0
1964-08-01,1964,8,"Crude oil, Brent",Energy,($/bbl),1.5,0.0,0.0,0.0,,0.0
1964-09-01,1964,9,"Crude oil, Brent",Energy,($/bbl),1.5,0.0,0.0,0.0,,0.0
1964-10-01,1964,10,"Crude oil, Brent",Energy,($/bbl),1.5,0.0,0.0,0.0,,0.0
1964-11-01,1964,11,"Crude oil, Brent",Energy,($/bbl),1.5,0.0,0.0,0.0,,0.0
1964-12-01,1964,12,"Crude oil, Brent",Energy,($/bbl),1.5,0.0,0.0,0.0,,0.0
1965-01-01,1965,1,"Crude oil, Brent",Energy,($/bbl),1.4,-6.67,-6.67,-6.67,-12.5,0.0
1965-02-01,1965,2,"Crude oil, Brent",Energy,($/bbl),1.4,0.0,-6.67,-6.67,-12.5,0.29
1965-03-01,1965,3,"Crude oil, Brent",Energy,($/bbl),1.4,0.0,-6.67,-6.67,-12.5,0.29
1965-04-01,1965,4,"Crude oil, Brent",Energy,($/bbl),1.4,0.0,0.0,-6.67,-12.5,0.29
1965-05-01,1965,5,"Crude oil, Brent",Energy,($/bbl),1.4,0.0,0.0,-6.67,-12.5,0.29
1965-06-01,1965,6,"Crude oil, Brent",Energy,($/bbl),1.4,0.0,0.0,-6.67,-12.5,0.29
1965-07-01,1965,7,"Crude oil, Brent",Energy,($/bbl),1.4,0.0,0.0,-6.67,-12.5,0.29
1965-08-01,1965,8,"Crude oil, Brent",Energy,($/bbl),1.4,0.0,0.0,-6.67,-12.5,0.29
1965-09-01,1965,9,"Crude oil, Brent",Energy,($/bbl),1.4,0.0,0.0,-6.67,-12.5,0.29
1965-10-01,1965,10,"Crude oil, Brent",Energy,($/bbl),1.4,0.0,0.0,-6.67,-12.5,0.29
1965-11-01,1965,11,"Crude oil, Brent",Energy,($/bbl),1.4,0.0,0.0,-6.67,-12.5,0.29
1965-12-01,1965,12,"Crude oil, Brent",Energy,($/bbl),1.4,0.0,0.0,-6.67,-12.5,0.29
1966-01-01,1966,1,"Crude oil, Brent",Energy,($/bbl),1.4,0.0,0.0,0.0,-12.5,0.29
1966-02-01,1966,2,"Crude oil, Brent",Energy,($/bbl),1.4,0.0,0.0,0.0,-12.5,0.0
1966-03-01,1966,3,"Crude oil, Brent",Energy,($/bbl),1.4,0.0,0.0,0.0,-12.5,0.0
1966-04-01,1966,4,"Crude oil, Brent",Energy,($/bbl),1.4,0.0,0.0,0.0,-12.5,0.0
1966-05-01,1966,5,"Crude oil, Brent",Energy,($/bbl),1.4,0.0,0.0,0.0,-12.5,0.0
1966-06-01,1966,6,"Crude oil, Brent",Energy,($/bbl),1.4,0.0,0.0,0.0,-12.5,0.0
1966-07-01,1966,7,"Crude oil, Brent",Energy,($/bbl),1.4,0.0,0.0,0.0,-12.5,0.0
1966-08-01,1966,8,"Crude oil, Brent",Energy,($/bbl),1.4,0.0,0.0,0.0,-12.5,0.0
1966-09-01,1966,9,"Crude oil, Brent",Energy,($/bbl),1.4,0.0,0.0,0.0,-12.5,0.0
1966-10-01,1966,10,"Crude oil, Brent",Energy,($/bbl),1.4,0.0,0.0,0.0,-12.5,0.0
1966-11-01,1966,11,"Crude oil, Brent",Energy,($/bbl),1.4,0.0,0.0,0.0,-12.5,0.0
1966-12-01,1966,12,"Crude oil, Brent",Energy,($/bbl),1.4,0.0,0.0,0.0,-12.5,0.0
1967-01-01,1967,1,"Crude oil, Brent",Energy,($/bbl),1.3,-7.14,-7.14,-7.14,-13.33,0.0
1967-02-01,1967,2,"Crude oil, Brent",Energy,($/bbl),1.3,0.0,-7.14,-7.14,-13.33,0.29
1967-03-01,1967,3,"Crude oil, Brent",Energy,($/bbl),1.3,0.0,-7.14,-7.14,-13.33,0.29
1967-04-01,1967,4,"Crude oil, Brent",Energy,($/bbl),1.3,0.0,0.0,-7.14,-13.33,0.29
1967-05-01,1967,5,"Crude oil, Brent",Energy,($/bbl),1.3,0.0,0.0,-7.14,-13.33,0.29
1967-06-01,1967,6,"Crude oil, Brent",Energy,($/bbl),1.3,0.0,0.0,-7.14,-13.33,0.29
1967-07-01,1967,7,"Crude oil, Brent",Energy,($/bbl),1.3,0.0,0.0,-7.14,-13.33,0.29
1967-08-01,1967,8,"Crude oil, Brent",Energy,($/bbl),1.3,0.0,0.0,-7.14,-13.33,0.29
1967-09-01,1967,9,"Crude oil, Brent",Energy,($/bbl),1.3,0.0,0.0,-7.14,-13.33,0.29
1967-10-01,1967,10,"Crude oil, Brent",Energy,($/bbl),1.3,0.0,0.0,-7.14,-13.33,0.29
1967-11-01,1967,11,"Crude oil, Brent",Energy,($/bbl),1.3,0.0,0.0,-7.14,-13.33,0.29
1967-12-01,1967,12,"Crude oil, Brent",Energy,($/bbl),1.3,0.0,0.0,-7.14,-13.33,0.29
1968-01-01,1968,1,"Crude oil, Brent",Energy,($/bbl),1.3,0.0,0.0,0.0,-13.33,0.29
1968-02-01,1968,2,"Crude oil, Brent",Energy,($/bbl),1.3,0.0,0.0,0.0,-13.33,0.0
1968-03-01,1968,3,"Crude oil, Brent",Energy,($/bbl),1.3,0.0,0.0,0.0,-13.33,0.0
1968-04-01,1968,4,"Crude oil, Brent",Energy,($/bbl),1.3,0.0,0.0,0.0,-13.33,0.0
1968-05-01,1968,5,"Crude oil, Brent",Energy,($/bbl),1.3,0.0,0.0,0.0,-13.33,0.0
1968-06-01,1968,6,"Crude oil, Brent",Energy,($/bbl),1.3,0.0,0.0,0.0,-13.33,0.0
1968-07-01,1968,7,"Crude oil, Brent",Energy,($/bbl),1.3,0.0,0.0,0.0,-13.33,0.0
1968-08-01,1968,8,"Crude oil, Brent",Energy,($/bbl),1.3,0.0,0.0,0.0,-13.33,0.0
1968-09-01,1968,9,"Crude oil, Brent",Energy,($/bbl),1.3,0.0,0.0,0.0,-13.33,0.0
1968-10-01,1968,10,"Crude oil, Brent",Energy,($/bbl),1.3,0.0,0.0,0.0,-13.33,0.0
1968-11-01,1968,11,"Crude oil, Brent",Energy,($/bbl),1.3,0.0,0.0,0.0,-13.33,0.0
1968-12-01,1968,12,"Crude oil, Brent",Energy,($/bbl),1.3,0.0,0.0,0.0,-13.33,0.0
1969-01-01,1969,1,"Crude oil, Brent",Energy,($/bbl),1.3,0.0,0.0,0.0,-13.33,0.0
1969-02-01,1969,2,"Crude oil, Brent",Energy,($/bbl),1.3,0.0,0.0,0.0,-13.33,0.0
1969-03-01,1969,3,"Crude oil, Brent",Energy,($/bbl),1.3,0.0,0.0,0.0,-13.33,0.0
1969-04-01,1969,4,"Crude oil, Brent",Energy,($/bbl),1.3,0.0,0.0,0.0,-13.33,0.0
1969-05-01,1969,5,"Crude oil, Brent",Energy,($/bbl),1.3,0.0,0.0,0.0,-13.33,0.0
1969-06-01,1969,6,"Crude oil, Brent",Energy,($/bbl),1.3,0.0,0.0,0.0,-13.33,0.0
1969-07-01,1969,7,"Crude oil, Brent",Energy,($/bbl),1.3,0.0,0.0,0.0,-13.33,0.0
1969-08-01,1969,8,"Crude oil, Brent",Energy,($/bbl),1.3,0.0,0.0,0.0,-13.33,0.0
1969-09-01,1969,9,"Crude oil, Brent",Energy,($/bbl),1.3,0.0,0.0,0.0,-13.33,0.0
1969-10-01,1969,10,"Crude oil, Brent",Energy,($/bbl),1.3,0.0,0.0,0.0,-13.33,0.0
1969-11-01,1969,11,"Crude oil, Brent",Energy,($/bbl),1.3,0.0,0.0,0.0,-13.33,0.0
1969-12-01,1969,12,"Crude oil, Brent",Energy,($/bbl),1.3,0.0,0.0,0.0,-13.33,0.0
1970-01-01,1970,1,"Crude oil, Brent",Energy,($/bbl),1.2,-7.69,-7.69,-7.69,-14.29,0.0
1970-02-01,1970,2,"Crude oil, Brent",Energy,($/bbl),1.2,0.0,-7.69,-7.69,-14.29,0.29
1970-03-01,1970,3,"Crude oil, Brent",Energy,($/bbl),1.2,0.0,-7.69,-7.69,-14.29,0.29
1970-04-01,1970,4,"Crude oil, Brent",Energy,($/bbl),1.2,0.0,0.0,-7.69,-14.29,0.29
1970-05-01,1970,5,"Crude oil, Brent",Energy,($/bbl),1.2,0.0,0.0,-7.69,-14.29,0.29
1970-06-01,1970,6,"Crude oil, Brent",Energy,($/bbl),1.2,0.0,0.0,-7.69,-14.29,0.29
1970-07-01,1970,7,"Crude oil, Brent",Energy,($/bbl),1.2,0.0,0.0,-7.69,-14.29,0.29
1970-08-01,1970,8,"Crude oil, Brent",Energy,($/bbl),1.2,0.0,0.0,-7.69,-14.29,0.29
1970-09-01,1970,9,"Crude oil, Brent",Energy,($/bbl),1.2,0.0,0.0,-7.69,-14.29,0.29
1970-10-01,1970,10,"Crude oil, Brent",Energy,($/bbl),1.2,0.0,0.0,-7.69,-14.29,0.29
1970-11-01,1970,11,"Crude oil, Brent",Energy,($/bbl),1.2,0.0,0.0,-7.69,-14.29,0.29
1970-12-01,1970,12,"Crude oil, Brent",Energy,($/bbl),1.2,0.0,0.0,-7.69,-14.29,0.29
1971-01-01,1971,1,"Crude oil, Brent",Energy,($/bbl),1.6,33.33,33.33,33.33,14.29,15.3
1971-02-01,1971,2,"Crude oil, Brent",Energy,($/bbl),1.6,0.0,33.33,33.33,14.29,-0.29
1971-03-01,1971,3,"Crude oil, Brent",Energy,($/bbl),1.6,0.0,33.33,33.33,14.29,-0.29
1971-04-01,1971,4,"Crude oil, Brent",Energy,($/bbl),1.6,0.0,0.0,33.33,14.29,-0.29
1971-05-01,1971,5,"Crude oil, Brent",Energy,($/bbl),1.6,0.0,0.0,33.33,14.29,-0.29
1971-06-01,1971,6,"Crude oil, Brent",Energy,($/bbl),1.6,0.0,0.0,33.33,14.29,-0.29
1971-07-01,1971,7,"Crude oil, Brent",Energy,($/bbl),1.7,6.25,6.25,41.67,21.43,0.36
1971-08-01,1971,8,"Crude oil, Brent",Energy,($/bbl),1.7,0.0,6.25,41.67,21.43,-0.34
1971-09-01,1971,9,"Crude oil, Brent",Energy,($/bbl),1.7,0.0,6.25,41.67,21.43,-0.34
1971-10-01,1971,10,"Crude oil, Brent",Energy,($/bbl),1.7,0.0,0.0,41.67,21.43,-0.34
1971-11-01,1971,11,"Crude oil, Brent",Energy,($/bbl),1.7,0.0,0.0,41.67,21.43,-0.34
1971-12-01,1971,12,"Crude oil, Brent",Energy,($/bbl),1.7,0.0,0.0,41.67,21.43,-0.34
1972-01-01,1972,1,"Crude oil, Brent",Energy,($/bbl),1.8,5.88,5.88,12.5,38.46,0.27
1972-02-01,1972,2,"Crude oil, Brent",Energy,($/bbl),1.8,0.0,5.88,12.5,38.46,-0.43
1972-03-01,1972,3,"Crude oil, Brent",Energy,($/bbl),1.8,0.0,5.88,12.5,38.46,-0.43
1972-04-01,1972,4,"Crude oil, Brent",Energy,($/bbl),1.8,0.0,0.0,12.5,38.46,-0.43
1972-05-01,1972,5,"Crude oil, Brent",Energy,($/bbl),1.8,0.0,0.0,12.5,38.46,-0.43
1972-06-01,1972,6,"Crude oil, Brent",Energy,($/bbl),1.8,0.0,0.0,12.5,38.46,-0.43
1972-07-01,1972,7,"Crude oil, Brent",Energy,($/bbl),1.9,5.56,5.56,11.76,46.15,1.92
1972-08-01,1972,8,"Crude oil, Brent",Energy,($/bbl),1.9,0.0,5.56,11.76,46.15,-0.43
1972-09-01,1972,9,"Crude oil, Brent",Energy,($/bbl),1.9,0.0,5.56,11.76,46.15,-0.43
1972-10-01,1972,10,"Crude oil, Brent",Energy,($/bbl),1.9,0.0,0.0,11.76,46.15,-0.43
1972-11-01,1972,11,"Crude oil, Brent",Energy,($/bbl),1.9,0.0,0.0,11.76,46.15,-0.43
1972-12-01,1972,12,"Crude oil, Brent",Energy,($/bbl),1.9,0.0,0.0,11.76,46.15,-0.43
1973-01-01,1973,1,"Crude oil, Brent",Energy,($/bbl),2.1,10.53,10.53,16.67,61.54,4.3
1973-02-01,1973,2,"Crude oil, Brent",Energy,($/bbl),2.1,0.0,10.53,16.67,61.54,-0.41
1973-03-01,1973,3,"Crude oil, Brent",Energy,($/bbl),2.1,0.0,10.53,16.67,61.54,-0.41
1973-04-01,1973,4,"Crude oil, Brent",Energy,($/bbl),2.4,14.29,14.29,33.33,84.62,3.92
1973-05-01,1973,5,"Crude oil, Brent",Energy,($/bbl),2.4,0.0,14.29,33.33,84.62,-0.51
1973-06-01,1973,6,"Crude oil, Brent",Energy,($/bbl),2.4,0.0,14.29,33.33,84.62,-0.51
1973-07-01,1973,7,"Crude oil, Brent",Energy,($/bbl),2.7,12.5,12.5,42.11,107.69,2.02
1973-08-01,1973,8,"Crude oil, Brent",Energy,($/bbl),2.7,0.0,12.5,42.11,107.69,-0.55
1973-09-01,1973,9,"Crude oil, Brent",Energy,($/bbl),2.7,0.0,12.5,42.11,107.69,-0.55
1973-10-01,1973,10,"Crude oil, Brent",Energy,($/bbl),4.1,51.85,51.85,115.79,215.38,8.58
1973-11-01,1973,11,"Crude oil, Brent",Energy,($/bbl),4.1,0.0,51.85,115.79,215.38,-0.49
1973-12-01,1973,12,"Crude oil, Brent",Energy,($/bbl),4.1,0.0,51.85,115.79,215.38,-0.49
1974-01-01,1974,1,"Crude oil, Brent",Energy,($/bbl),13.0,217.07,217.07,519.05,900.0,13.91
1974-02-01,1974,2,"Crude oil, Brent",Energy,($/bbl),13.0,0.0,217.07,519.05,900.0,-0.39
1974-03-01,1974,3,"Crude oil, Brent",Energy,($/bbl),13.0,0.0,217.07,519.05,900.0,-0.39
1974-04-01,1974,4,"Crude oil, Brent",Energy,($/bbl),10.6,-18.46,-18.46,341.67,715.38,-0.69
1974-05-01,1974,5,"Crude oil, Brent",Energy,($/bbl),10.6,0.0,-18.46,341.67,715.38,-0.34
1974-06-01,1974,6,"Crude oil, Brent",Energy,($/bbl),10.6,0.0,-18.46,341.67,715.38,-0.34
1974-07-01,1974,7,"Crude oil, Brent",Energy,($/bbl),10.0,-5.66,-5.66,270.37,669.23,-0.43
1974-08-01,1974,8,"Crude oil, Brent",Energy,($/bbl),10.0,0.0,-5.66,270.37,669.23,-0.32
1974-09-01,1974,9,"Crude oil, Brent",Energy,($/bbl),10.0,0.0,-5.66,270.37,669.23,-0.32
1974-10-01,1974,10,"Crude oil, Brent",Energy,($/bbl),10.3,3.0,3.0,151.22,692.31,-0.27
1974-11-01,1974,11,"Crude oil, Brent",Energy,($/bbl),10.3,0.0,3.0,151.22,692.31,-0.26
1974-12-01,1974,12,"Crude oil, Brent",Energy,($/bbl),10.3,0.0,3.0,151.22,692.31,-0.26
1975-01-01,1975,1,"Crude oil, Brent",Energy,($/bbl),10.4,0.97,0.97,-20.0,766.67,-0.24
1975-02-01,1975,2,"Crude oil, Brent",Energy,($/bbl),10.4,0.0,0.97,-20.0,766.67,0.3
1975-03-01,1975,3,"Crude oil, Brent",Energy,($/bbl),10.4,0.0,0.97,-20.0,766.67,0.3
1975-04-01,1975,4,"Crude oil, Brent",Energy,($/bbl),10.4,0.0,0.0,-1.89,766.67,0.3
1975-05-01,1975,5,"Crude oil, Brent",Energy,($/bbl),10.4,0.0,0.0,-1.89,766.67,0.07
1975-06-01,1975,6,"Crude oil, Brent",Energy,($/bbl),10.4,0.0,0.0,-1.89,766.67,0.07
1975-07-01,1975,7,"Crude oil, Brent",Energy,($/bbl),10.4,0.0,0.0,4.0,766.67,0.07
1975-08-01,1975,8,"Crude oil, Brent",Energy,($/bbl),10.4,0.0,0.0,4.0,766.67,-0.37
1975-09-01,1975,9,"Crude oil, Brent",Energy,($/bbl),10.4,0.0,0.0,4.0,766.67,-0.37
1975-10-01,1975,10,"Crude oil, Brent",Energy,($/bbl),10.5,0.96,0.96,1.94,775.0,0.71
1975-11-01,1975,11,"Crude oil, Brent",Energy,($/bbl),10.5,0.0,0.96,1.94,775.0,-0.43
1975-12-01,1975,12,"Crude oil, Brent",Energy,($/bbl),10.5,0.0,0.96,1.94,775.0,-0.43
1976-01-01,1976,1,"Crude oil, Brent",Energy,($/bbl),11.5,9.52,9.52,10.58,618.75,24.89
1976-02-01,1976,2,"Crude oil, Brent",Energy,($/bbl),11.5,0.0,9.52,10.58,618.75,-0.32
1976-03-01,1976,3,"Crude oil, Brent",Energy,($/bbl),11.5,0.0,9.52,10.58,618.75,-0.32
1976-04-01,1976,4,"Crude oil, Brent",Energy,($/bbl),11.5,0.0,0.0,10.58,618.75,-0.32
1976-05-01,1976,5,"Crude oil, Brent",Energy,($/bbl),11.5,0.0,0.0,10.58,618.75,-0.32
1976-06-01,1976,6,"Crude oil, Brent",Energy,($/bbl),11.5,0.0,0.0,10.58,618.75,-0.32
1976-07-01,1976,7,"Crude oil, Brent",Energy,($/bbl),11.6,0.87,0.87,11.54,582.35,-0.0
1976-08-01,1976,8,"Crude oil, Brent",Energy,($/bbl),11.6,0.0,0.87,11.54,582.35,-0.35
1976-09-01,1976,9,"Crude oil, Brent",Energy,($/bbl),11.6,0.0,0.87,11.54,582.35,-0.35
1976-10-01,1976,10,"Crude oil, Brent",Energy,($/bbl),11.9,2.59,2.59,13.33,600.0,0.6
1976-11-01,1976,11,"Crude oil, Brent",Energy,($/bbl),11.9,0.0,2.59,13.33,600.0,-0.39
1976-12-01,1976,12,"Crude oil, Brent",Energy,($/bbl),11.9,0.0,2.59,13.33,600.0,-0.39
1977-01-01,1977,1,"Crude oil, Brent",Energy,($/bbl),12.5,5.04,5.04,8.7,594.44,1.43
1977-02-01,1977,2,"Crude oil, Brent",Energy,($/bbl),12.5,0.0,5.04,8.7,594.44,-0.45
1977-03-01,1977,3,"Crude oil, Brent",Energy,($/bbl),12.5,0.0,5.04,8.7,594.44,-0.45
1977-04-01,1977,4,"Crude oil, Brent",Energy,($/bbl),12.4,-0.8,-0.8,7.83,588.89,-0.97
1977-05-01,1977,5,"Crude oil, Brent",Energy,($/bbl),12.4,0.0,-0.8,7.83,588.89,-0.4
1977-06-01,1977,6,"Crude oil, Brent",Energy,($/bbl),12.4,0.0,-0.8,7.83,588.89,-0.4
1977-07-01,1977,7,"Crude oil, Brent",Energy,($/bbl),12.6,1.61,1.61,8.62,563.16,0.6
1977-08-01,1977,8,"Crude oil, Brent",Energy,($/bbl),12.6,0.0,1.61,8.62,563.16,-0.43
1977-09-01,1977,9,"Crude oil, Brent",Energy,($/bbl),12.6,0.0,1.61,8.62,563.16,-0.43
1977-10-01,1977,10,"Crude oil, Brent",Energy,($/bbl),12.7,0.79,0.79,6.72,568.42,0.06
1977-11-01,1977,11,"Crude oil, Brent",Energy,($/bbl),12.7,0.0,0.79,6.72,568.42,-0.36
1977-12-01,1977,12,"Crude oil, Brent",Energy,($/bbl),12.7,0.0,0.79,6.72,568.42,-0.36
1978-01-01,1978,1,"Crude oil, Brent",Energy,($/bbl),12.7,0.0,0.0,1.6,504.76,-0.36
1978-02-01,1978,2,"Crude oil, Brent",Energy,($/bbl),12.7,0.0,0.0,1.6,504.76,-0.23
1978-03-01,1978,3,"Crude oil, Brent",Energy,($/bbl),12.7,0.0,0.0,1.6,504.76,-0.23
1978-04-01,1978,4,"Crude oil, Brent",Energy,($/bbl),12.7,0.0,0.0,2.42,429.17,-0.23
1978-05-01,1978,5,"Crude oil, Brent",Energy,($/bbl),12.7,0.0,0.0,2.42,429.17,-0.4
1978-06-01,1978,6,"Crude oil, Brent",Energy,($/bbl),12.7,0.0,0.0,2.42,429.17,-0.4
1978-07-01,1978,7,"Crude oil, Brent",Energy,($/bbl),12.8,0.79,0.79,1.59,374.07,1.17
1978-08-01,1978,8,"Crude oil, Brent",Energy,($/bbl),12.8,0.0,0.79,1.59,374.07,-0.43
1978-09-01,1978,9,"Crude oil, Brent",Energy,($/bbl),12.8,0.0,0.79,1.59,374.07,-0.43
1978-10-01,1978,10,"Crude oil, Brent",Energy,($/bbl),12.9,0.78,0.78,1.57,214.63,2.11
1978-11-01,1978,11,"Crude oil, Brent",Energy,($/bbl),13.2,2.33,3.12,3.94,221.95,7.19
1978-12-01,1978,12,"Crude oil, Brent",Energy,($/bbl),14.5,9.85,13.28,14.17,253.66,13.62
1979-01-01,1979,1,"Crude oil, Brent",Energy,($/bbl),19.0,31.03,47.29,49.61,46.15,10.57
1979-02-01,1979,2,"Crude oil, Brent",Energy,($/bbl),22.0,15.79,66.67,73.23,69.23,1.33
1979-03-01,1979,3,"Crude oil, Brent",Energy,($/bbl),23.3,5.91,60.69,83.46,79.23,0.09
1979-04-01,1979,4,"Crude oil, Brent",Energy,($/bbl),23.6,1.29,24.21,85.83,122.64,-0.45
1979-05-01,1979,5,"Crude oil, Brent",Energy,($/bbl),32.8,38.98,49.09,158.27,209.43,3.55
1979-06-01,1979,6,"Crude oil, Brent",Energy,($/bbl),36.5,11.28,56.65,187.4,244.34,0.18
1979-07-01,1979,7,"Crude oil, Brent",Energy,($/bbl),35.0,-4.11,48.31,173.44,250.0,-1.08
1979-08-01,1979,8,"Crude oil, Brent",Energy,($/bbl),35.8,2.29,9.15,179.69,258.0,-0.54
1979-09-01,1979,9,"Crude oil, Brent",Energy,($/bbl),36.5,1.96,0.0,185.16,265.0,-0.58
1979-10-01,1979,10,"Crude oil, Brent",Energy,($/bbl),38.5,5.48,10.0,198.45,273.79,-0.33
1979-11-01,1979,11,"Crude oil, Brent",Energy,($/bbl),42.0,9.09,17.32,218.18,307.77,-0.08
1979-12-01,1979,12,"Crude oil, Brent",Energy,($/bbl),40.5,-3.57,10.96,179.31,293.2,-1.13
1980-01-01,1980,1,"Crude oil, Brent",Energy,($/bbl),40.0,-1.23,3.9,110.53,284.62,-0.82
1980-02-01,1980,2,"Crude oil, Brent",Energy,($/bbl),38.5,-3.75,-8.33,75.0,270.19,-0.91
1980-03-01,1980,3,"Crude oil, Brent",Energy,($/bbl),38.3,-0.52,-5.43,64.38,268.27,-0.5
1980-04-01,1980,4,"Crude oil, Brent",Energy,($/bbl),38.2,-0.26,-4.5,61.86,267.31,-0.42
1980-05-01,1980,5,"Crude oil, Brent",Energy,($/bbl),38.5,0.79,0.0,17.38,270.19,-0.32
1980-06-01,1980,6,"Crude oil, Brent",Energy,($/bbl),38.0,-1.3,-0.78,4.11,265.38,-0.56
1980-07-01,1980,7,"Crude oil, Brent",Energy,($/bbl),37.4,-1.58,-2.09,6.86,259.62,-0.51
1980-08-01,1980,8,"Crude oil, Brent",Energy,($/bbl),33.6,-10.16,-12.73,-6.15,223.08,-2.91
1980-09-01,1980,9,"Crude oil, Brent",Energy,($/bbl),33.4,-0.6,-12.11,-8.49,221.15,-0.04
1980-10-01,1980,10,"Crude oil, Brent",Energy,($/bbl),37.9,13.47,1.34,-1.56,260.95,2.99
1980-11-01,1980,11,"Crude oil, Brent",Energy,($/bbl),40.8,7.65,21.43,-2.86,288.57,1.26
1980-12-01,1980,12,"Crude oil, Brent",Energy,($/bbl),40.2,-1.47,20.36,-0.74,282.86,-0.24
1981-01-01,1981,1,"Crude oil, Brent",Energy,($/bbl),40.3,0.25,6.33,0.75,250.43,0.03
1981-02-01,1981,2,"Crude oil, Brent",Energy,($/bbl),38.7,-3.97,-5.15,0.52,236.52,-0.73
1981-03-01,1981,3,"Crude oil, Brent",Energy,($/bbl),38.3,-1.03,-4.73,0.0,233.04,-0.21
1981-04-01,1981,4,"Crude oil, Brent",Energy,($/bbl),37.2,-2.87,-7.69,-2.62,223.48,-0.52
1981-05-01,1981,5,"Crude oil, Brent",Energy,($/bbl),35.2,-5.38,-9.04,-8.57,206.09,-0.91
1981-06-01,1981,6,"Crude oil, Brent",Energy,($/bbl),33.3,-5.4,-13.05,-12.37,189.57,-0.8
1981-07-01,1981,7,"Crude oil, Brent",Energy,($/bbl),35.1,5.41,-5.65,-6.15,202.59,1.02
1981-08-01,1981,8,"Crude oil, Brent",Energy,($/bbl),35.8,1.99,1.7,6.55,208.62,0.36
1981-09-01,1981,9,"Crude oil, Brent",Energy,($/bbl),35.9,0.28,7.81,7.49,209.48,-0.07
1981-10-01,1981,10,"Crude oil, Brent",Energy,($/bbl),36.5,1.67,3.99,-3.69,206.72,0.16
1981-11-01,1981,11,"Crude oil, Brent",Energy,($/bbl),37.1,1.64,3.63,-9.07,211.76,0.47
1981-12-01,1981,12,"Crude oil, Brent",Energy,($/bbl),36.7,-1.08,2.23,-8.71,208.4,-0.1
1982-01-01,1982,1,"Crude oil, Brent",Energy,($/bbl),35.8,-2.45,-1.92,-11.17,186.4,-0.53
1982-02-01,1982,2,"Crude oil, Brent",Energy,($/bbl),31.6,-11.73,-14.82,-18.35,152.8,-3.29
1982-03-01,1982,3,"Crude oil, Brent",Energy,($/bbl),29.3,-7.28,-20.16,-23.5,134.4,-1.27
1982-04-01,1982,4,"Crude oil, Brent",Energy,($/bbl),33.1,12.97,-7.54,-11.02,166.94,3.16
1982-05-01,1982,5,"Crude oil, Brent",Energy,($/bbl),35.2,6.34,11.39,0.0,183.87,1.11
1982-06-01,1982,6,"Crude oil, Brent",Energy,($/bbl),34.6,-1.7,18.09,3.9,179.03,-0.29
1982-07-01,1982,7,"Crude oil, Brent",Energy,($/bbl),33.7,-2.6,1.81,-3.99,167.46,-0.49
1982-08-01,1982,8,"Crude oil, Brent",Energy,($/bbl),32.8,-2.67,-6.82,-8.38,160.32,-0.4
1982-09-01,1982,9,"Crude oil, Brent",Energy,($/bbl),34.3,4.57,-0.87,-4.46,172.22,0.82
1982-10-01,1982,10,"Crude oil, Brent",Energy,($/bbl),35.0,2.04,3.86,-4.11,175.59,0.35
1982-11-01,1982,11,"Crude oil, Brent",Energy,($/bbl),33.8,-3.43,3.05,-8.89,166.14,-0.51
1982-12-01,1982,12,"Crude oil, Brent",Energy,($/bbl),31.8,-5.92,-7.29,-13.35,150.39,-0.83
1983-01-01,1983,1,"Crude oil, Brent",Energy,($/bbl),30.9,-2.83,-11.71,-13.69,143.31,-0.28
1983-02-01,1983,2,"Crude oil, Brent",Energy,($/bbl),29.1,-5.83,-13.91,-7.91,129.13,-0.73
1983-03-01,1983,3,"Crude oil, Brent",Energy,($/bbl),28.2,-3.09,-11.32,-3.75,122.05,-0.43
1983-04-01,1983,4,"Crude oil, Brent",Energy,($/bbl),29.8,5.67,-3.56,-9.97,134.65,1.04
1983-05-01,1983,5,"Crude oil, Brent",Energy,($/bbl),29.6,-0.67,1.72,-15.91,133.07,0.03
1983-06-01,1983,6,"Crude oil, Brent",Energy,($/bbl),30.2,2.03,7.09,-12.72,137.8,0.92
1983-07-01,1983,7,"Crude oil, Brent",Energy,($/bbl),30.8,1.99,3.36,-8.61,140.62,0.8
1983-08-01,1983,8,"Crude oil, Brent",Energy,($/bbl),31.1,0.97,5.07,-5.18,142.97,0.43
1983-09-01,1983,9,"Crude oil, Brent",Energy,($/bbl),30.4,-2.25,0.66,-11.37,137.5,-0.49
1983-10-01,1983,10,"Crude oil, Brent",Energy,($/bbl),29.9,-1.64,-2.92,-14.57,131.78,-0.2
1983-11-01,1983,11,"Crude oil, Brent",Energy,($/bbl),29.2,-2.34,-6.11,-13.61,121.21,-0.32
1983-12-01,1983,12,"Crude oil, Brent",Energy,($/bbl),29.0,-0.68,-4.61,-8.81,100.0,0.14
1984-01-01,1984,1,"Crude oil, Brent",Energy,($/bbl),29.6,2.07,-1.0,-4.21,55.79,0.92
1984-02-01,1984,2,"Crude oil, Brent",Energy,($/bbl),29.9,1.01,2.4,2.75,35.91,0.44
1984-03-01,1984,3,"Crude oil, Brent",Energy,($/bbl),30.1,0.67,3.79,6.74,29.18,0.16
1984-04-01,1984,4,"Crude oil, Brent",Energy,($/bbl),30.1,0.0,1.69,1.01,27.54,-0.25
1984-05-01,1984,5,"Crude oil, Brent",Energy,($/bbl),29.9,-0.66,0.0,1.01,-8.84,-0.47
1984-06-01,1984,6,"Crude oil, Brent",Energy,($/bbl),29.2,-2.34,-2.99,-3.31,-20.0,-1.51
1984-07-01,1984,7,"Crude oil, Brent",Energy,($/bbl),27.9,-4.45,-7.31,-9.42,-20.29,-2.56
1984-08-01,1984,8,"Crude oil, Brent",Energy,($/bbl),28.1,0.72,-6.02,-9.65,-21.51,0.81
1984-09-01,1984,9,"Crude oil, Brent",Energy,($/bbl),28.4,1.07,-2.74,-6.58,-22.19,1.02
1984-10-01,1984,10,"Crude oil, Brent",Energy,($/bbl),27.8,-2.11,-0.36,-7.02,-27.79,-0.84
1984-11-01,1984,11,"Crude oil, Brent",Energy,($/bbl),27.7,-0.36,-1.42,-5.14,-34.05,0.12
1984-12-01,1984,12,"Crude oil, Brent",Energy,($/bbl),27.0,-2.53,-4.93,-6.9,-33.33,-1.16
1985-01-01,1985,1,"Crude oil, Brent",Energy,($/bbl),27.0,0.0,-2.88,-8.78,-32.5,0.3
1985-02-01,1985,2,"Crude oil, Brent",Energy,($/bbl),28.2,4.44,1.81,-5.69,-26.75,2.99
1985-03-01,1985,3,"Crude oil, Brent",Energy,($/bbl),28.1,-0.35,4.07,-6.64,-26.63,0.05
1985-04-01,1985,4,"Crude oil, Brent",Energy,($/bbl),27.9,-0.71,3.33,-7.31,-26.96,-0.07
1985-05-01,1985,5,"Crude oil, Brent",Energy,($/bbl),26.7,-4.3,-5.32,-10.7,-30.65,-1.66
1985-06-01,1985,6,"Crude oil, Brent",Energy,($/bbl),26.5,-0.75,-5.69,-9.25,-30.26,0.07
1985-07-01,1985,7,"Crude oil, Brent",Energy,($/bbl),26.6,0.38,-4.66,-4.66,-28.88,0.48
1985-08-01,1985,8,"Crude oil, Brent",Energy,($/bbl),27.2,2.26,1.87,-3.2,-19.05,1.23
1985-09-01,1985,9,"Crude oil, Brent",Energy,($/bbl),27.2,0.0,2.64,-4.23,-18.56,0.11
1985-10-01,1985,10,"Crude oil, Brent",Energy,($/bbl),27.9,2.57,4.89,0.36,-26.39,1.31
1985-11-01,1985,11,"Crude oil, Brent",Energy,($/bbl),29.1,4.3,6.99,5.05,-28.68,1.85
1985-12-01,1985,12,"Crude oil, Brent",Energy,($/bbl),25.9,-11.0,-4.78,-4.07,-35.57,-4.42
1986-01-01,1986,1,"Crude oil, Brent",Energy,($/bbl),25.8,-0.39,-7.53,-4.44,-35.98,-0.03
1986-02-01,1986,2,"Crude oil, Brent",Energy,($/bbl),17.6,-31.78,-39.52,-37.59,-54.52,-7.58
1986-03-01,1986,3,"Crude oil, Brent",Energy,($/bbl),13.9,-21.02,-46.33,-50.53,-63.71,-1.81
1986-04-01,1986,4,"Crude oil, Brent",Energy,($/bbl),12.5,-10.07,-51.55,-55.2,-66.4,-0.46
1986-05-01,1986,5,"Crude oil, Brent",Energy,($/bbl),14.2,13.6,-19.32,-46.82,-59.66,1.77
1986-06-01,1986,6,"Crude oil, Brent",Energy,($/bbl),11.9,-16.2,-14.39,-55.09,-64.26,-0.96
1986-07-01,1986,7,"Crude oil, Brent",Energy,($/bbl),9.5,-20.17,-24.0,-64.29,-72.93,-1.15
1986-08-01,1986,8,"Crude oil, Brent",Energy,($/bbl),13.7,44.21,-3.52,-49.63,-61.73,3.91
1986-09-01,1986,9,"Crude oil, Brent",Energy,($/bbl),14.2,3.65,19.33,-47.79,-60.45,0.38
1986-10-01,1986,10,"Crude oil, Brent",Energy,($/bbl),13.8,-2.82,45.26,-50.54,-62.19,0.04
1986-11-01,1986,11,"Crude oil, Brent",Energy,($/bbl),14.6,5.8,6.57,-49.83,-60.65,0.49
1986-12-01,1986,12,"Crude oil, Brent",Energy,($/bbl),15.9,8.9,11.97,-38.61,-56.68,0.64
1987-01-01,1987,1,"Crude oil, Brent",Energy,($/bbl),18.4,15.72,33.33,-28.68,-48.6,0.89
1987-02-01,1987,2,"Crude oil, Brent",Energy,($/bbl),17.3,-5.98,18.49,-1.7,-45.25,-0.25
1987-03-01,1987,3,"Crude oil, Brent",Energy,($/bbl),17.9,3.47,12.58,28.78,-38.91,0.12
1987-04-01,1987,4,"Crude oil, Brent",Energy,($/bbl),18.1,1.12,-1.63,44.8,-45.32,-0.13
1987-05-01,1987,5,"Crude oil, Brent",Energy,($/bbl),18.8,3.87,8.67,32.39,-46.59,-0.02
1987-06-01,1987,6,"Crude oil, Brent",Energy,($/bbl),18.9,0.53,5.59,58.82,-45.38,-0.18
1987-07-01,1987,7,"Crude oil, Brent",Energy,($/bbl),19.8,4.76,9.39,108.42,-41.25,-0.01
1987-08-01,1987,8,"Crude oil, Brent",Energy,($/bbl),19.0,-4.04,1.06,38.69,-42.07,-0.85
1987-09-01,1987,9,"Crude oil, Brent",Energy,($/bbl),18.4,-3.16,-2.65,29.58,-46.36,-1.03
1987-10-01,1987,10,"Crude oil, Brent",Energy,($/bbl),18.8,2.17,-5.05,36.23,-46.29,-0.03
1987-11-01,1987,11,"Crude oil, Brent",Energy,($/bbl),17.8,-5.32,-6.32,21.92,-47.34,-1.36
1987-12-01,1987,12,"Crude oil, Brent",Energy,($/bbl),17.1,-3.93,-7.07,7.55,-46.23,-0.92
1988-01-01,1988,1,"Crude oil, Brent",Energy,($/bbl),16.9,-1.17,-10.11,-8.15,-45.31,-0.32
1988-02-01,1988,2,"Crude oil, Brent",Energy,($/bbl),15.8,-6.51,-11.24,-8.67,-45.7,-1.55
1988-03-01,1988,3,"Crude oil, Brent",Energy,($/bbl),14.8,-6.33,-13.45,-17.32,-47.52,-1.46
1988-04-01,1988,4,"Crude oil, Brent",Energy,($/bbl),16.6,12.16,-1.78,-8.29,-44.3,3.47
1988-05-01,1988,5,"Crude oil, Brent",Energy,($/bbl),16.4,-1.2,3.8,-12.77,-44.59,-0.11
1988-06-01,1988,6,"Crude oil, Brent",Energy,($/bbl),15.6,-4.88,5.41,-17.46,-48.34,-0.72
1988-07-01,1988,7,"Crude oil, Brent",Energy,($/bbl),14.9,-4.49,-10.24,-24.75,-51.62,-0.55
1988-08-01,1988,8,"Crude oil, Brent",Energy,($/bbl),15.0,0.67,-8.54,-21.05,-51.77,0.56
1988-09-01,1988,9,"Crude oil, Brent",Energy,($/bbl),13.3,-11.33,-14.74,-27.72,-56.25,-1.83
1988-10-01,1988,10,"Crude oil, Brent",Energy,($/bbl),12.5,-6.02,-16.11,-33.51,-58.19,-0.6
1988-11-01,1988,11,"Crude oil, Brent",Energy,($/bbl),13.0,4.0,-13.33,-26.97,-55.48,1.25
1988-12-01,1988,12,"Crude oil, Brent",Energy,($/bbl),15.2,16.92,14.29,-11.11,-47.59,3.19
1989-01-01,1989,1,"Crude oil, Brent",Energy,($/bbl),17.0,11.84,36.0,0.59,-42.57,1.53
1989-02-01,1989,2,"Crude oil, Brent",Energy,($/bbl),16.7,-1.76,28.46,5.7,-44.15,-0.24
1989-03-01,1989,3,"Crude oil, Brent",Energy,($/bbl),18.7,11.98,23.03,26.35,-37.87,1.28
1989-04-01,1989,4,"Crude oil, Brent",Energy,($/bbl),19.8,5.88,16.47,19.28,-34.22,0.4
1989-05-01,1989,5,"Crude oil, Brent",Energy,($/bbl),18.4,-7.07,10.18,12.2,-38.46,-1.04
1989-06-01,1989,6,"Crude oil, Brent",Energy,($/bbl),17.5,-4.89,-6.42,12.18,-40.07,-0.7
1989-07-01,1989,7,"Crude oil, Brent",Energy,($/bbl),17.8,1.71,-10.1,19.46,-36.2,0.05
1989-08-01,1989,8,"Crude oil, Brent",Energy,($/bbl),17.1,-3.93,-7.07,14.0,-39.15,-0.66
1989-09-01,1989,9,"Crude oil, Brent",Energy,($/bbl),17.8,4.09,1.71,33.83,-37.32,0.3
1989-10-01,1989,10,"Crude oil, Brent",Energy,($/bbl),19.0,6.74,6.74,52.0,-31.65,0.51
1989-11-01,1989,11,"Crude oil, Brent",Energy,($/bbl),19.2,1.05,12.28,47.69,-30.69,-0.37
1989-12-01,1989,12,"Crude oil, Brent",Energy,($/bbl),19.9,3.65,11.8,30.92,-26.3,0.01
1990-01-01,1990,1,"Crude oil, Brent",Energy,($/bbl),21.0,5.53,10.53,23.53,-22.22,0.5
1990-02-01,1990,2,"Crude oil, Brent",Energy,($/bbl),19.9,-5.24,3.65,19.16,-29.43,-1.29
1990-03-01,1990,3,"Crude oil, Brent",Energy,($/bbl),18.5,-7.04,-7.04,-1.07,-34.16,-1.49
1990-04-01,1990,4,"Crude oil, Brent",Energy,($/bbl),16.8,-9.19,-20.0,-15.15,-39.78,-1.74
1990-05-01,1990,5,"Crude oil, Brent",Energy,($/bbl),16.7,-0.6,-16.08,-9.24,-37.45,0.11
1990-06-01,1990,6,"Crude oil, Brent",Energy,($/bbl),15.7,-5.99,-15.14,-10.29,-40.75,-1.01
1990-07-01,1990,7,"Crude oil, Brent",Energy,($/bbl),17.6,12.1,4.76,-1.12,-33.83,2.4
1990-08-01,1990,8,"Crude oil, Brent",Energy,($/bbl),27.1,53.98,62.28,58.48,-0.37,8.27
1990-09-01,1990,9,"Crude oil, Brent",Energy,($/bbl),34.1,25.83,117.2,91.57,25.37,1.25
1990-10-01,1990,10,"Crude oil, Brent",Energy,($/bbl),36.1,5.87,105.11,90.0,29.39,-0.05
1990-11-01,1990,11,"Crude oil, Brent",Energy,($/bbl),33.0,-8.59,21.77,71.88,13.4,-0.86
1990-12-01,1990,12,"Crude oil, Brent",Energy,($/bbl),28.0,-15.15,-17.89,40.7,8.11,-1.15
1991-01-01,1991,1,"Crude oil, Brent",Energy,($/bbl),23.7,-15.36,-34.35,12.86,-8.14,-1.02
1991-02-01,1991,2,"Crude oil, Brent",Energy,($/bbl),19.4,-18.14,-41.21,-2.51,10.23,-1.03
1991-03-01,1991,3,"Crude oil, Brent",Energy,($/bbl),19.5,0.52,-30.36,5.41,40.29,-0.05
1991-04-01,1991,4,"Crude oil, Brent",Energy,($/bbl),19.3,-1.03,-18.57,14.88,54.4,-0.15
1991-05-01,1991,5,"Crude oil, Brent",Energy,($/bbl),19.3,0.0,-0.52,15.57,35.92,-0.14
1991-06-01,1991,6,"Crude oil, Brent",Energy,($/bbl),18.2,-5.7,-6.67,15.92,52.94,-0.42
1991-07-01,1991,7,"Crude oil, Brent",Energy,($/bbl),19.5,7.14,1.04,10.8,105.26,0.21
1991-08-01,1991,8,"Crude oil, Brent",Energy,($/bbl),19.8,1.54,2.59,-26.94,44.53,-0.04
1991-09-01,1991,9,"Crude oil, Brent",Energy,($/bbl),20.5,3.54,12.64,-39.88,44.37,0.45
1991-10-01,1991,10,"Crude oil, Brent",Energy,($/bbl),22.2,8.29,13.85,-38.5,60.87,1.39
1991-11-01,1991,11,"Crude oil, Brent",Energy,($/bbl),21.3,-4.05,7.58,-35.45,45.89,-0.05
1991-12-01,1991,12,"Crude oil, Brent",Energy,($/bbl),18.4,-13.62,-10.24,-34.29,15.72,-1.18
1992-01-01,1992,1,"Crude oil, Brent",Energy,($/bbl),18.2,-1.09,-18.02,-23.21,-1.09,0.23
1992-02-01,1992,2,"Crude oil, Brent",Energy,($/bbl),18.1,-0.55,-15.02,-6.7,4.62,0.17
1992-03-01,1992,3,"Crude oil, Brent",Energy,($/bbl),17.6,-2.76,-4.35,-9.74,-1.68,-0.4
1992-04-01,1992,4,"Crude oil, Brent",Energy,($/bbl),19.0,7.95,4.4,-1.55,4.97,1.48
1992-05-01,1992,5,"Crude oil, Brent",Energy,($/bbl),19.9,4.74,9.94,3.11,5.85,0.74
1992-06-01,1992,6,"Crude oil, Brent",Energy,($/bbl),21.2,6.53,20.45,16.48,12.17,0.94
1992-07-01,1992,7,"Crude oil, Brent",Energy,($/bbl),20.3,-4.25,6.84,4.1,2.53,-0.9
1992-08-01,1992,8,"Crude oil, Brent",Energy,($/bbl),19.8,-2.46,-0.5,0.0,4.21,-0.47
1992-09-01,1992,9,"Crude oil, Brent",Energy,($/bbl),20.3,2.53,-4.25,-0.98,10.33,0.37
1992-10-01,1992,10,"Crude oil, Brent",Energy,($/bbl),20.3,0.0,0.0,-8.56,7.98,-0.02
1992-11-01,1992,11,"Crude oil, Brent",Energy,($/bbl),19.2,-5.42,-3.03,-9.86,7.87,-0.84
1992-12-01,1992,12,"Crude oil, Brent",Energy,($/bbl),18.2,-5.21,-10.34,-1.09,6.43,-0.77
1993-01-01,1993,1,"Crude oil, Brent",Energy,($/bbl),17.4,-4.4,-14.29,-4.4,2.96,-0.97
1993-02-01,1993,2,"Crude oil, Brent",Energy,($/bbl),18.5,6.32,-3.65,2.21,17.09,1.41
1993-03-01,1993,3,"Crude oil, Brent",Energy,($/bbl),18.8,1.62,3.3,6.82,27.03,0.26
1993-04-01,1993,4,"Crude oil, Brent",Energy,($/bbl),18.7,-0.53,7.47,-1.58,12.65,-0.24
1993-05-01,1993,5,"Crude oil, Brent",Energy,($/bbl),18.5,-1.07,0.0,-7.04,12.8,-0.23
1993-06-01,1993,6,"Crude oil, Brent",Energy,($/bbl),17.7,-4.32,-5.85,-16.51,13.46,-0.91
1993-07-01,1993,7,"Crude oil, Brent",Energy,($/bbl),16.8,-5.08,-10.16,-17.24,12.75,-1.01
1993-08-01,1993,8,"Crude oil, Brent",Energy,($/bbl),16.7,-0.6,-9.73,-15.66,11.33,0.25
1993-09-01,1993,9,"Crude oil, Brent",Energy,($/bbl),16.0,-4.19,-9.6,-21.18,20.3,-0.77
1993-10-01,1993,10,"Crude oil, Brent",Energy,($/bbl),16.6,3.75,-1.19,-18.23,32.8,1.59
1993-11-01,1993,11,"Crude oil, Brent",Energy,($/bbl),15.2,-8.43,-8.98,-20.83,16.92,-1.76
1993-12-01,1993,12,"Crude oil, Brent",Energy,($/bbl),13.6,-10.53,-15.0,-25.27,-10.53,-2.05
1994-01-01,1994,1,"Crude oil, Brent",Energy,($/bbl),14.3,5.15,-13.86,-17.82,-15.88,1.53
1994-02-01,1994,2,"Crude oil, Brent",Energy,($/bbl),13.8,-3.5,-9.21,-25.41,-17.37,-0.38
1994-03-01,1994,3,"Crude oil, Brent",Energy,($/bbl),14.0,1.45,2.94,-25.53,-25.13,0.81
1994-04-01,1994,4,"Crude oil, Brent",Energy,($/bbl),15.2,8.57,6.29,-18.72,-23.23,2.35
1994-05-01,1994,5,"Crude oil, Brent",Energy,($/bbl),16.2,6.58,17.39,-12.43,-11.96,1.46
1994-06-01,1994,6,"Crude oil, Brent",Energy,($/bbl),16.8,3.7,20.0,-5.08,-4.0,0.76
1994-07-01,1994,7,"Crude oil, Brent",Energy,($/bbl),17.6,4.76,15.79,4.76,-1.12,0.82
1994-08-01,1994,8,"Crude oil, Brent",Energy,($/bbl),16.8,-4.55,3.7,0.6,-1.75,-0.84
1994-09-01,1994,9,"Crude oil, Brent",Energy,($/bbl),15.9,-5.36,-5.36,-0.62,-10.67,-0.9
1994-10-01,1994,10,"Crude oil, Brent",Energy,($/bbl),16.4,3.14,-6.82,-1.2,-13.68,0.48
1994-11-01,1994,11,"Crude oil, Brent",Energy,($/bbl),17.2,4.88,2.38,13.16,-10.42,0.76
1994-12-01,1994,12,"Crude oil, Brent",Energy,($/bbl),16.0,-6.98,0.63,17.65,-19.6,-1.41
1995-01-01,1995,1,"Crude oil, Brent",Energy,($/bbl),16.6,3.75,1.22,16.08,-20.95,0.43
1995-02-01,1995,2,"Crude oil, Brent",Energy,($/bbl),17.1,3.01,-0.58,23.91,-14.07,0.32
1995-03-01,1995,3,"Crude oil, Brent",Energy,($/bbl),17.0,-0.58,6.25,21.43,-8.11,-0.51
1995-04-01,1995,4,"Crude oil, Brent",Energy,($/bbl),18.7,10.0,12.65,23.03,11.31,1.66
1995-05-01,1995,5,"Crude oil, Brent",Energy,($/bbl),18.4,-1.6,7.6,13.58,10.18,-0.67
1995-06-01,1995,6,"Crude oil, Brent",Energy,($/bbl),17.4,-5.43,2.35,3.57,10.83,-1.32
1995-07-01,1995,7,"Crude oil, Brent",Energy,($/bbl),15.9,-8.62,-14.97,-9.66,-9.66,-1.71
1995-08-01,1995,8,"Crude oil, Brent",Energy,($/bbl),16.1,1.26,-12.5,-4.17,-40.59,0.34
1995-09-01,1995,9,"Crude oil, Brent",Energy,($/bbl),16.8,4.35,-3.45,5.66,-50.73,0.82
1995-10-01,1995,10,"Crude oil, Brent",Energy,($/bbl),16.1,-4.17,1.26,-1.83,-55.4,-0.87
1995-11-01,1995,11,"Crude oil, Brent",Energy,($/bbl),16.9,4.97,4.97,-1.74,-48.79,0.9
1995-12-01,1995,12,"Crude oil, Brent",Energy,($/bbl),18.0,6.51,7.14,12.5,-35.71,1.17
1996-01-01,1996,1,"Crude oil, Brent",Energy,($/bbl),17.9,-0.56,11.18,7.83,-24.47,-0.31
1996-02-01,1996,2,"Crude oil, Brent",Energy,($/bbl),18.0,0.56,6.51,5.26,-7.22,-0.04
1996-03-01,1996,3,"Crude oil, Brent",Energy,($/bbl),20.0,11.11,11.11,17.65,2.56,1.99
1996-04-01,1996,4,"Crude oil, Brent",Energy,($/bbl),21.0,5.0,17.32,12.3,8.81,0.57
1996-05-01,1996,5,"Crude oil, Brent",Energy,($/bbl),19.1,-9.05,6.11,3.8,-1.04,-1.81
1996-06-01,1996,6,"Crude oil, Brent",Energy,($/bbl),18.3,-4.19,-8.5,5.17,0.55,-0.74
1996-07-01,1996,7,"Crude oil, Brent",Energy,($/bbl),19.6,7.1,-6.67,23.27,0.51,1.05
1996-08-01,1996,8,"Crude oil, Brent",Energy,($/bbl),20.6,5.1,7.85,27.95,4.04,0.56
1996-09-01,1996,9,"Crude oil, Brent",Energy,($/bbl),22.6,9.71,23.5,34.52,10.24,1.29
1996-10-01,1996,10,"Crude oil, Brent",Energy,($/bbl),24.2,7.08,23.47,50.31,9.01,0.71
1996-11-01,1996,11,"Crude oil, Brent",Energy,($/bbl),22.6,-6.61,9.71,33.73,6.1,-1.74
1996-12-01,1996,12,"Crude oil, Brent",Energy,($/bbl),23.9,5.75,5.75,32.78,29.89,0.47
1997-01-01,1997,1,"Crude oil, Brent",Energy,($/bbl),23.5,-1.67,-2.89,31.28,29.12,-0.65
1997-02-01,1997,2,"Crude oil, Brent",Energy,($/bbl),20.8,-11.49,-7.96,15.56,14.92,-2.13
1997-03-01,1997,3,"Crude oil, Brent",Energy,($/bbl),19.2,-7.69,-19.67,-4.0,9.09,-1.19
1997-04-01,1997,4,"Crude oil, Brent",Energy,($/bbl),17.5,-8.85,-25.53,-16.67,-7.89,-1.17
1997-05-01,1997,5,"Crude oil, Brent",Energy,($/bbl),19.1,9.14,-8.17,0.0,-4.02,1.35
1997-06-01,1997,6,"Crude oil, Brent",Energy,($/bbl),17.6,-7.85,-8.33,-3.83,-16.98,-1.04
1997-07-01,1997,7,"Crude oil, Brent",Energy,($/bbl),18.4,4.55,5.14,-6.12,-9.36,0.57
1997-08-01,1997,8,"Crude oil, Brent",Energy,($/bbl),18.7,1.63,-2.09,-9.22,-5.56,0.24
1997-09-01,1997,9,"Crude oil, Brent",Energy,($/bbl),18.5,-1.07,5.11,-18.14,-8.87,-0.07
1997-10-01,1997,10,"Crude oil, Brent",Energy,($/bbl),19.9,7.57,8.15,-17.77,-1.97,1.28
1997-11-01,1997,11,"Crude oil, Brent",Energy,($/bbl),19.0,-4.52,1.6,-15.93,-1.04,-0.44
1997-12-01,1997,12,"Crude oil, Brent",Energy,($/bbl),17.0,-10.53,-8.11,-28.87,-6.59,-1.34
1998-01-01,1998,1,"Crude oil, Brent",Energy,($/bbl),15.1,-11.18,-24.12,-35.74,-13.22,-1.22
1998-02-01,1998,2,"Crude oil, Brent",Energy,($/bbl),14.1,-6.62,-25.79,-32.21,-23.78,-0.44
1998-03-01,1998,3,"Crude oil, Brent",Energy,($/bbl),13.1,-7.09,-22.94,-31.77,-30.32,-0.58
1998-04-01,1998,4,"Crude oil, Brent",Energy,($/bbl),13.4,2.29,-11.26,-23.43,-28.34,0.73
1998-05-01,1998,5,"Crude oil, Brent",Energy,($/bbl),14.4,7.46,2.13,-24.61,-22.16,1.35
1998-06-01,1998,6,"Crude oil, Brent",Energy,($/bbl),12.1,-15.97,-7.63,-31.25,-31.64,-2.05
1998-07-01,1998,7,"Crude oil, Brent",Energy,($/bbl),12.0,-0.83,-10.45,-34.78,-28.57,0.25
1998-08-01,1998,8,"Crude oil, Brent",Energy,($/bbl),11.9,-0.83,-17.36,-36.36,-28.74,0.32
1998-09-01,1998,9,"Crude oil, Brent",Energy,($/bbl),13.4,12.61,10.74,-27.57,-16.25,2.2
1998-10-01,1998,10,"Crude oil, Brent",Energy,($/bbl),12.6,-5.97,5.0,-36.68,-24.1,-0.42
1998-11-01,1998,11,"Crude oil, Brent",Energy,($/bbl),10.9,-13.49,-8.4,-42.63,-28.29,-1.24
1998-12-01,1998,12,"Crude oil, Brent",Energy,($/bbl),9.8,-10.09,-26.87,-42.35,-27.94,-0.69
1999-01-01,1999,1,"Crude oil, Brent",Energy,($/bbl),11.1,13.27,-11.9,-26.49,-22.38,2.03
1999-02-01,1999,2,"Crude oil, Brent",Energy,($/bbl),10.2,-8.11,-6.42,-27.66,-26.09,-0.63
1999-03-01,1999,3,"Crude oil, Brent",Energy,($/bbl),12.5,22.55,27.55,-4.58,-10.71,2.56
1999-04-01,1999,4,"Crude oil, Brent",Energy,($/bbl),15.3,22.4,37.84,14.18,0.66,1.87
1999-05-01,1999,5,"Crude oil, Brent",Energy,($/bbl),15.1,-1.31,48.04,4.86,-6.79,-0.24
1999-06-01,1999,6,"Crude oil, Brent",Energy,($/bbl),15.8,4.64,26.4,30.58,-5.95,0.26
1999-07-01,1999,7,"Crude oil, Brent",Energy,($/bbl),19.0,20.25,24.18,58.33,7.95,1.42
1999-08-01,1999,8,"Crude oil, Brent",Energy,($/bbl),20.2,6.32,33.77,69.75,20.24,0.13
1999-09-01,1999,9,"Crude oil, Brent",Energy,($/bbl),22.4,10.89,41.77,67.16,40.88,0.43
1999-10-01,1999,10,"Crude oil, Brent",Energy,($/bbl),22.0,-1.79,15.79,74.6,34.15,-0.53
1999-11-01,1999,11,"Crude oil, Brent",Energy,($/bbl),24.6,11.82,21.78,125.69,43.02,0.5
1999-12-01,1999,12,"Crude oil, Brent",Energy,($/bbl),25.6,4.07,14.29,161.22,60.0,-0.31
2000-01-01,2000,1,"Crude oil, Brent",Energy,($/bbl),25.4,-0.78,15.45,128.83,53.01,-0.96
2000-02-01,2000,2,"Crude oil, Brent",Energy,($/bbl),27.7,9.06,12.6,171.57,61.99,0.15
2000-03-01,2000,3,"Crude oil, Brent",Energy,($/bbl),27.5,-0.72,7.42,120.0,61.76,-1.09
2000-04-01,2000,4,"Crude oil, Brent",Energy,($/bbl),22.5,-18.18,-11.42,47.06,20.32,-3.09
2000-05-01,2000,5,"Crude oil, Brent",Energy,($/bbl),27.3,21.33,-1.44,80.79,48.37,1.85
2000-06-01,2000,6,"Crude oil, Brent",Energy,($/bbl),29.7,8.79,8.0,87.97,70.69,0.3
2000-07-01,2000,7,"Crude oil, Brent",Energy,($/bbl),28.5,-4.04,26.67,50.0,79.25,-0.93
2000-08-01,2000,8,"Crude oil, Brent",Energy,($/bbl),29.4,3.16,7.69,45.54,82.61,-0.07
2000-09-01,2000,9,"Crude oil, Brent",Energy,($/bbl),32.6,10.88,9.76,45.54,94.05,0.73
2000-10-01,2000,10,"Crude oil, Brent",Energy,($/bbl),30.9,-5.21,8.42,40.45,91.93,-0.89
2000-11-01,2000,11,"Crude oil, Brent",Energy,($/bbl),32.5,5.18,10.54,32.11,92.31,0.18
2000-12-01,2000,12,"Crude oil, Brent",Energy,($/bbl),25.1,-22.77,-23.01,-1.95,39.44,-2.59
2001-01-01,2001,1,"Crude oil, Brent",Energy,($/bbl),25.6,1.99,-17.15,0.79,43.02,0.12
2001-02-01,2001,2,"Crude oil, Brent",Energy,($/bbl),27.4,7.03,-15.69,-1.08,52.22,0.51
2001-03-01,2001,3,"Crude oil, Brent",Energy,($/bbl),24.4,-10.95,-2.79,-11.27,22.0,-0.95
2001-04-01,2001,4,"Crude oil, Brent",Energy,($/bbl),25.6,4.92,0.0,13.78,21.9,0.41
2001-05-01,2001,5,"Crude oil, Brent",Energy,($/bbl),28.5,11.33,4.01,4.4,49.21,0.85
2001-06-01,2001,6,"Crude oil, Brent",Energy,($/bbl),27.7,-2.81,13.52,-6.73,51.37,-0.36
2001-07-01,2001,7,"Crude oil, Brent",Energy,($/bbl),24.5,-11.55,-4.3,-14.04,25.0,-1.17
2001-08-01,2001,8,"Crude oil, Brent",Energy,($/bbl),25.7,4.9,-9.82,-12.59,24.76,0.55
2001-09-01,2001,9,"Crude oil, Brent",Energy,($/bbl),25.5,-0.78,-7.94,-21.78,12.83,-0.02
2001-10-01,2001,10,"Crude oil, Brent",Energy,($/bbl),20.5,-19.61,-16.33,-33.66,-15.29,-1.86
2001-11-01,2001,11,"Crude oil, Brent",Energy,($/bbl),18.9,-7.8,-26.46,-41.85,-16.37,-0.46
2001-12-01,2001,12,"Crude oil, Brent",Energy,($/bbl),18.6,-1.59,-27.06,-25.9,-22.18,0.21
2002-01-01,2002,1,"Crude oil, Brent",Energy,($/bbl),19.5,4.84,-4.88,-23.83,-17.02,0.77
2002-02-01,2002,2,"Crude oil, Brent",Energy,($/bbl),20.3,4.1,7.41,-25.91,-2.4,0.65
2002-03-01,2002,3,"Crude oil, Brent",Energy,($/bbl),23.7,16.75,27.42,-2.87,23.44,2.11
2002-04-01,2002,4,"Crude oil, Brent",Energy,($/bbl),25.7,8.44,31.79,0.39,46.86,0.83
2002-05-01,2002,5,"Crude oil, Brent",Energy,($/bbl),25.4,-1.17,25.12,-10.88,32.98,-0.17
2002-06-01,2002,6,"Crude oil, Brent",Energy,($/bbl),24.1,-5.12,1.69,-13.0,36.93,-0.48
2002-07-01,2002,7,"Crude oil, Brent",Energy,($/bbl),25.8,7.05,0.39,5.31,40.22,0.81
2002-08-01,2002,8,"Crude oil, Brent",Energy,($/bbl),26.6,3.1,4.72,3.5,42.25,0.25
2002-09-01,2002,9,"Crude oil, Brent",Energy,($/bbl),28.3,6.39,17.43,10.98,52.97,0.62
2002-10-01,2002,10,"Crude oil, Brent",Energy,($/bbl),27.5,-2.83,6.59,34.15,38.19,-0.44
2002-11-01,2002,11,"Crude oil, Brent",Energy,($/bbl),24.2,-12.0,-9.02,28.04,27.37,-2.17
2002-12-01,2002,12,"Crude oil, Brent",Energy,($/bbl),28.5,17.77,0.71,53.23,67.65,2.07
2003-01-01,2003,1,"Crude oil, Brent",Energy,($/bbl),31.2,9.47,13.45,60.0,106.62,0.65
2003-02-01,2003,2,"Crude oil, Brent",Energy,($/bbl),32.6,4.49,34.71,60.59,131.21,0.02
2003-03-01,2003,3,"Crude oil, Brent",Energy,($/bbl),30.3,-7.06,6.32,27.85,131.3,-1.32
2003-04-01,2003,4,"Crude oil, Brent",Energy,($/bbl),25.0,-17.49,-19.87,-2.72,86.57,-2.39
2003-05-01,2003,5,"Crude oil, Brent",Energy,($/bbl),25.8,3.2,-20.86,1.57,79.17,0.3
2003-06-01,2003,6,"Crude oil, Brent",Energy,($/bbl),27.5,6.59,-9.24,14.11,127.27,0.61
2003-07-01,2003,7,"Crude oil, Brent",Energy,($/bbl),28.4,3.27,13.6,10.08,136.67,0.17
2003-08-01,2003,8,"Crude oil, Brent",Energy,($/bbl),29.8,4.93,15.5,12.03,150.42,0.38
2003-09-01,2003,9,"Crude oil, Brent",Energy,($/bbl),27.1,-9.06,-1.45,-4.24,102.24,-1.08
2003-10-01,2003,10,"Crude oil, Brent",Energy,($/bbl),29.6,9.23,4.23,7.64,134.92,0.91
2003-11-01,2003,11,"Crude oil, Brent",Energy,($/bbl),28.8,-2.7,-3.36,19.01,164.22,-0.37
2003-12-01,2003,12,"Crude oil, Brent",Energy,($/bbl),29.9,3.82,10.33,4.91,205.1,0.2
2004-01-01,2004,1,"Crude oil, Brent",Energy,($/bbl),31.2,4.35,5.41,0.0,181.08,0.44
2004-02-01,2004,2,"Crude oil, Brent",Energy,($/bbl),30.9,-0.96,7.29,-5.21,202.94,-0.16
2004-03-01,2004,3,"Crude oil, Brent",Energy,($/bbl),33.8,9.39,13.04,11.55,170.4,1.24
2004-04-01,2004,4,"Crude oil, Brent",Energy,($/bbl),33.4,-1.18,7.05,33.6,118.3,-0.31
2004-05-01,2004,5,"Crude oil, Brent",Energy,($/bbl),37.9,13.47,22.65,46.9,150.99,2.06
2004-06-01,2004,6,"Crude oil, Brent",Energy,($/bbl),35.2,-7.12,4.14,28.0,122.78,-1.71
2004-07-01,2004,7,"Crude oil, Brent",Energy,($/bbl),38.4,9.09,14.97,35.21,102.11,1.01
2004-08-01,2004,8,"Crude oil, Brent",Energy,($/bbl),43.0,11.98,13.46,44.3,112.87,1.31
2004-09-01,2004,9,"Crude oil, Brent",Energy,($/bbl),43.4,0.93,23.3,60.15,93.75,-0.32
2004-10-01,2004,10,"Crude oil, Brent",Energy,($/bbl),49.8,14.75,29.69,68.24,126.36,1.62
2004-11-01,2004,11,"Crude oil, Brent",Energy,($/bbl),43.1,-13.45,0.23,49.65,75.2,-2.56
2004-12-01,2004,12,"Crude oil, Brent",Energy,($/bbl),39.6,-8.12,-8.76,32.44,54.69,-1.38
2005-01-01,2005,1,"Crude oil, Brent",Energy,($/bbl),44.3,11.87,-11.04,41.99,74.41,0.98
2005-02-01,2005,2,"Crude oil, Brent",Energy,($/bbl),45.6,2.93,5.8,47.57,64.62,-0.05
2005-03-01,2005,3,"Crude oil, Brent",Energy,($/bbl),53.1,16.45,34.09,57.1,93.09,1.34
2005-04-01,2005,4,"Crude oil, Brent",Energy,($/bbl),51.9,-2.26,17.16,55.39,130.67,-0.65
2005-05-01,2005,5,"Crude oil, Brent",Energy,($/bbl),48.7,-6.17,6.8,28.5,78.39,-1.02
2005-06-01,2005,6,"Crude oil, Brent",Energy,($/bbl),54.3,11.5,2.26,54.26,82.83,0.88
2005-07-01,2005,7,"Crude oil, Brent",Energy,($/bbl),57.6,6.08,10.98,50.0,102.11,0.2
2005-08-01,2005,8,"Crude oil, Brent",Energy,($/bbl),64.1,11.28,31.62,49.07,118.03,0.75
2005-09-01,2005,9,"Crude oil, Brent",Energy,($/bbl),63.0,-1.72,16.02,45.16,93.25,-0.57
2005-10-01,2005,10,"Crude oil, Brent",Energy,($/bbl),58.5,-7.14,1.56,17.47,89.32,-1.09
2005-11-01,2005,11,"Crude oil, Brent",Energy,($/bbl),55.5,-5.13,-13.42,28.77,70.77,-0.72
2005-12-01,2005,12,"Crude oil, Brent",Energy,($/bbl),56.7,2.16,-10.0,43.18,125.9,-0.03
2006-01-01,2006,1,"Crude oil, Brent",Energy,($/bbl),63.6,12.17,8.72,43.57,148.44,1.1
2006-02-01,2006,2,"Crude oil, Brent",Energy,($/bbl),59.9,-5.82,7.93,31.36,118.61,-1.13
2006-03-01,2006,3,"Crude oil, Brent",Energy,($/bbl),62.3,4.01,9.88,17.33,155.33,0.16
2006-04-01,2006,4,"Crude oil, Brent",Energy,($/bbl),70.4,13.0,10.69,35.65,175.0,1.56
2006-05-01,2006,5,"Crude oil, Brent",Energy,($/bbl),70.2,-0.28,17.2,44.15,146.32,-0.4
2006-06-01,2006,6,"Crude oil, Brent",Energy,($/bbl),68.9,-1.85,10.59,26.89,148.74,-0.7
2006-07-01,2006,7,"Crude oil, Brent",Energy,($/bbl),73.9,7.26,4.97,28.3,201.63,0.7
2006-08-01,2006,8,"Crude oil, Brent",Energy,($/bbl),73.6,-0.41,4.84,14.82,186.38,-0.38
2006-09-01,2006,9,"Crude oil, Brent",Energy,($/bbl),62.8,-14.67,-8.85,-0.32,146.27,-2.41
2006-10-01,2006,10,"Crude oil, Brent",Energy,($/bbl),58.4,-7.01,-20.97,-0.17,184.88,-0.9
2006-11-01,2006,11,"Crude oil, Brent",Energy,($/bbl),58.5,0.17,-20.52,5.41,209.52,-0.01
2006-12-01,2006,12,"Crude oil, Brent",Energy,($/bbl),62.3,6.5,-0.8,9.88,234.95,0.73
2007-01-01,2007,1,"Crude oil, Brent",Energy,($/bbl),54.3,-12.84,-7.02,-14.62,178.46,-1.73
2007-02-01,2007,2,"Crude oil, Brent",Energy,($/bbl),57.8,6.45,-1.2,-3.51,184.73,0.91
2007-03-01,2007,3,"Crude oil, Brent",Energy,($/bbl),62.1,7.44,-0.32,-0.32,162.03,0.9
2007-04-01,2007,4,"Crude oil, Brent",Energy,($/bbl),67.4,8.53,24.13,-4.26,162.26,0.97
2007-05-01,2007,5,"Crude oil, Brent",Energy,($/bbl),67.5,0.15,16.78,-3.85,165.75,0.03
2007-06-01,2007,6,"Crude oil, Brent",Energy,($/bbl),71.3,5.63,14.81,3.48,195.85,0.71
2007-07-01,2007,7,"Crude oil, Brent",Energy,($/bbl),77.2,8.27,14.54,4.47,199.22,0.95
2007-08-01,2007,8,"Crude oil, Brent",Energy,($/bbl),70.8,-8.29,4.89,-3.8,166.17,-1.1
2007-09-01,2007,9,"Crude oil, Brent",Energy,($/bbl),77.1,8.9,8.13,22.77,172.44,1.03
2007-10-01,2007,10,"Crude oil, Brent",Energy,($/bbl),82.9,7.52,7.38,41.95,201.45,0.73
2007-11-01,2007,11,"Crude oil, Brent",Energy,($/bbl),92.5,11.58,30.65,58.12,282.23,1.18
2007-12-01,2007,12,"Crude oil, Brent",Energy,($/bbl),91.5,-1.08,18.68,46.87,221.05,-0.7
2008-01-01,2008,1,"Crude oil, Brent",Energy,($/bbl),91.9,0.44,10.86,69.24,194.55,-0.41
2008-02-01,2008,2,"Crude oil, Brent",Energy,($/bbl),94.8,3.16,2.49,64.01,190.8,-0.26
2008-03-01,2008,3,"Crude oil, Brent",Energy,($/bbl),103.3,8.97,12.9,66.34,240.92,0.82
2008-04-01,2008,4,"Crude oil, Brent",Energy,($/bbl),110.2,6.68,19.91,63.5,340.8,0.38
2008-05-01,2008,5,"Crude oil, Brent",Energy,($/bbl),123.9,12.43,30.7,83.56,380.23,1.44
2008-06-01,2008,6,"Crude oil, Brent",Energy,($/bbl),133.0,7.34,28.75,86.54,383.64,0.34
2008-07-01,2008,7,"Crude oil, Brent",Energy,($/bbl),133.9,0.68,21.51,73.45,371.48,-0.81
2008-08-01,2008,8,"Crude oil, Brent",Energy,($/bbl),113.8,-15.01,-8.15,60.73,281.88,-3.29
2008-09-01,2008,9,"Crude oil, Brent",Energy,($/bbl),99.1,-12.92,-25.49,28.53,265.68,-2.3
2008-10-01,2008,10,"Crude oil, Brent",Energy,($/bbl),72.8,-26.54,-45.63,-12.18,145.95,-3.29
2008-11-01,2008,11,"Crude oil, Brent",Energy,($/bbl),53.2,-26.92,-53.25,-42.49,84.72,-2.22
2008-12-01,2008,12,"Crude oil, Brent",Energy,($/bbl),41.6,-21.8,-58.02,-54.54,39.13,-1.35
2009-01-01,2009,1,"Crude oil, Brent",Energy,($/bbl),44.9,7.93,-38.32,-51.14,43.91,0.91
2009-02-01,2009,2,"Crude oil, Brent",Energy,($/bbl),43.2,-3.79,-18.8,-54.43,39.81,0.06
2009-03-01,2009,3,"Crude oil, Brent",Energy,($/bbl),46.8,8.33,12.5,-54.7,38.46,0.92
2009-04-01,2009,4,"Crude oil, Brent",Energy,($/bbl),50.8,8.55,13.14,-53.9,52.1,0.95
2009-05-01,2009,5,"Crude oil, Brent",Energy,($/bbl),57.9,13.98,34.03,-53.27,52.77,1.29
2009-06-01,2009,6,"Crude oil, Brent",Energy,($/bbl),68.6,18.48,46.58,-48.42,94.89,1.57
2009-07-01,2009,7,"Crude oil, Brent",Energy,($/bbl),64.9,-5.39,27.76,-51.53,69.01,-0.08
2009-08-01,2009,8,"Crude oil, Brent",Energy,($/bbl),72.5,11.71,25.22,-36.29,68.6,1.02
2009-09-01,2009,9,"Crude oil, Brent",Energy,($/bbl),67.7,-6.62,-1.31,-31.69,55.99,-0.26
2009-10-01,2009,10,"Crude oil, Brent",Energy,($/bbl),73.2,8.12,12.79,0.55,46.99,0.62
2009-11-01,2009,11,"Crude oil, Brent",Energy,($/bbl),77.0,5.19,6.21,44.74,78.65,0.29
2009-12-01,2009,12,"Crude oil, Brent",Energy,($/bbl),74.7,-2.99,10.34,79.57,88.64,-0.6
2010-01-01,2010,1,"Crude oil, Brent",Energy,($/bbl),76.4,2.28,4.37,70.16,72.46,-0.37
2010-02-01,2010,2,"Crude oil, Brent",Energy,($/bbl),74.3,-2.75,-3.51,71.99,62.94,-0.93
2010-03-01,2010,3,"Crude oil, Brent",Energy,($/bbl),79.3,6.73,6.16,69.44,49.34,0.23
2010-04-01,2010,4,"Crude oil, Brent",Energy,($/bbl),85.0,7.19,11.26,67.32,63.78,0.3
2010-05-01,2010,5,"Crude oil, Brent",Energy,($/bbl),76.3,-10.24,2.69,31.78,56.67,-1.87
2010-06-01,2010,6,"Crude oil, Brent",Energy,($/bbl),74.8,-1.97,-5.67,9.04,37.75,-0.55
2010-07-01,2010,7,"Crude oil, Brent",Energy,($/bbl),74.7,-0.13,-12.12,15.1,29.69,-0.16
2010-08-01,2010,8,"Crude oil, Brent",Energy,($/bbl),76.7,2.68,0.52,5.79,19.66,0.2
2010-09-01,2010,9,"Crude oil, Brent",Energy,($/bbl),77.8,1.43,4.01,14.92,23.49,0.14
2010-10-01,2010,10,"Crude oil, Brent",Energy,($/bbl),82.9,6.56,10.98,13.25,41.71,0.99
2010-11-01,2010,11,"Crude oil, Brent",Energy,($/bbl),85.7,3.38,11.73,11.3,54.41,0.43
2010-12-01,2010,12,"Crude oil, Brent",Energy,($/bbl),91.8,7.12,17.99,22.89,61.9,1.21
2011-01-01,2011,1,"Crude oil, Brent",Energy,($/bbl),96.3,4.9,16.16,26.05,51.42,0.59
2011-02-01,2011,2,"Crude oil, Brent",Energy,($/bbl),104.0,8.0,21.35,39.97,73.62,1.13
2011-03-01,2011,3,"Crude oil, Brent",Energy,($/bbl),114.4,10.0,24.62,44.26,83.63,1.34
2011-04-01,2011,4,"Crude oil, Brent",Energy,($/bbl),123.1,7.6,27.83,44.82,74.86,0.79
2011-05-01,2011,5,"Crude oil, Brent",Energy,($/bbl),114.5,-6.99,10.1,50.07,63.11,-1.85
2011-06-01,2011,6,"Crude oil, Brent",Energy,($/bbl),113.8,-0.61,-0.52,52.14,65.17,-0.85
2011-07-01,2011,7,"Crude oil, Brent",Energy,($/bbl),116.5,2.37,-5.36,55.96,57.65,-0.27
2011-08-01,2011,8,"Crude oil, Brent",Energy,($/bbl),110.1,-5.49,-3.84,43.55,49.59,-2.03
2011-09-01,2011,9,"Crude oil, Brent",Energy,($/bbl),110.9,0.73,-2.55,42.54,76.59,-0.46
2011-10-01,2011,10,"Crude oil, Brent",Energy,($/bbl),109.5,-1.26,-6.01,32.09,87.5,-0.82
2011-11-01,2011,11,"Crude oil, Brent",Energy,($/bbl),110.5,0.91,0.36,28.94,88.89,-0.29
2011-12-01,2011,12,"Crude oil, Brent",Energy,($/bbl),107.9,-2.35,-2.71,17.54,73.19,-0.85
2012-01-01,2012,1,"Crude oil, Brent",Energy,($/bbl),111.2,3.06,1.55,15.47,104.79,0.3
2012-02-01,2012,2,"Crude oil, Brent",Energy,($/bbl),119.7,7.64,8.33,15.1,107.09,1.2
2012-03-01,2012,3,"Crude oil, Brent",Energy,($/bbl),124.9,4.34,15.76,9.18,101.13,0.58
2012-04-01,2012,4,"Crude oil, Brent",Energy,($/bbl),120.5,-3.52,8.36,-2.11,78.78,-0.95
2012-05-01,2012,5,"Crude oil, Brent",Energy,($/bbl),110.5,-8.3,-7.69,-3.49,63.7,-1.96
2012-06-01,2012,6,"Crude oil, Brent",Energy,($/bbl),95.6,-13.48,-23.46,-15.99,34.08,-3.02
2012-07-01,2012,7,"Crude oil, Brent",Energy,($/bbl),103.1,7.85,-14.44,-11.5,33.55,1.56
2012-08-01,2012,8,"Crude oil, Brent",Energy,($/bbl),113.3,9.89,2.53,2.91,60.03,1.69
2012-09-01,2012,9,"Crude oil, Brent",Energy,($/bbl),113.4,0.09,18.62,2.25,47.08,-0.05
2012-10-01,2012,10,"Crude oil, Brent",Energy,($/bbl),112.0,-1.23,8.63,2.28,35.1,-0.24
2012-11-01,2012,11,"Crude oil, Brent",Energy,($/bbl),109.7,-2.05,-3.18,-0.72,18.59,-0.36
2012-12-01,2012,12,"Crude oil, Brent",Energy,($/bbl),109.7,0.0,-3.26,1.67,19.89,-0.02
2013-01-01,2013,1,"Crude oil, Brent",Energy,($/bbl),113.0,3.01,0.89,1.62,22.96,0.39
2013-02-01,2013,2,"Crude oil, Brent",Energy,($/bbl),116.5,3.1,6.2,-2.67,22.89,0.4
2013-03-01,2013,3,"Crude oil, Brent",Energy,($/bbl),109.2,-6.27,-0.46,-12.57,5.71,-0.96
2013-04-01,2013,4,"Crude oil, Brent",Energy,($/bbl),102.9,-5.77,-8.94,-14.61,-6.62,-0.74
2013-05-01,2013,5,"Crude oil, Brent",Energy,($/bbl),103.0,0.1,-11.59,-6.79,-16.87,0.18
2013-06-01,2013,6,"Crude oil, Brent",Energy,($/bbl),103.1,0.1,-5.59,7.85,-22.48,0.08
2013-07-01,2013,7,"Crude oil, Brent",Energy,($/bbl),107.7,4.46,4.66,4.46,-19.57,0.78
2013-08-01,2013,8,"Crude oil, Brent",Energy,($/bbl),111.0,3.06,7.77,-2.03,-2.46,0.59
2013-09-01,2013,9,"Crude oil, Brent",Energy,($/bbl),111.6,0.54,8.24,-1.59,12.61,0.19
2013-10-01,2013,10,"Crude oil, Brent",Energy,($/bbl),109.5,-1.88,1.67,-2.23,50.41,-0.53
2013-11-01,2013,11,"Crude oil, Brent",Energy,($/bbl),108.1,-1.28,-2.61,-1.46,103.2,-0.34
2013-12-01,2013,12,"Crude oil, Brent",Energy,($/bbl),110.7,2.41,-0.81,0.91,166.11,0.73
2014-01-01,2014,1,"Crude oil, Brent",Energy,($/bbl),107.4,-2.98,-1.92,-4.96,139.2,-0.9
2014-02-01,2014,2,"Crude oil, Brent",Energy,($/bbl),108.8,1.3,0.65,-6.61,151.85,0.49
2014-03-01,2014,3,"Crude oil, Brent",Energy,($/bbl),107.4,-1.29,-2.98,-1.65,129.49,-0.23
2014-04-01,2014,4,"Crude oil, Brent",Energy,($/bbl),107.8,0.37,0.37,4.76,112.2,0.17
2014-05-01,2014,5,"Crude oil, Brent",Energy,($/bbl),109.7,1.76,0.83,6.5,89.46,0.63
2014-06-01,2014,6,"Crude oil, Brent",Energy,($/bbl),111.9,2.01,4.19,8.54,63.12,0.67
2014-07-01,2014,7,"Crude oil, Brent",Energy,($/bbl),107.0,-4.38,-0.74,-0.65,64.87,-2.29
2014-08-01,2014,8,"Crude oil, Brent",Energy,($/bbl),101.9,-4.77,-7.11,-8.2,40.55,-2.04
2014-09-01,2014,9,"Crude oil, Brent",Energy,($/bbl),97.3,-4.51,-13.05,-12.81,43.72,-1.55
2014-10-01,2014,10,"Crude oil, Brent",Energy,($/bbl),87.3,-10.28,-18.41,-20.27,19.26,-3.44
2014-11-01,2014,11,"Crude oil, Brent",Energy,($/bbl),78.4,-10.19,-23.06,-27.47,1.82,-2.23
2014-12-01,2014,12,"Crude oil, Brent",Energy,($/bbl),62.3,-20.54,-35.97,-43.72,-16.6,-4.03
2015-01-01,2015,1,"Crude oil, Brent",Energy,($/bbl),48.1,-22.79,-44.9,-55.21,-37.04,-2.79
2015-02-01,2015,2,"Crude oil, Brent",Energy,($/bbl),57.9,20.37,-26.15,-46.78,-22.07,3.15
2015-03-01,2015,3,"Crude oil, Brent",Energy,($/bbl),55.8,-3.63,-10.43,-48.04,-29.63,0.08
2015-04-01,2015,4,"Crude oil, Brent",Energy,($/bbl),59.4,6.45,23.49,-44.9,-30.12,1.0
2015-05-01,2015,5,"Crude oil, Brent",Energy,($/bbl),64.6,8.75,11.57,-41.11,-15.33,1.12
2015-06-01,2015,6,"Crude oil, Brent",Energy,($/bbl),62.3,-3.56,11.65,-44.33,-16.71,0.01
2015-07-01,2015,7,"Crude oil, Brent",Energy,($/bbl),55.9,-10.27,-5.89,-47.76,-25.17,-0.52
2015-08-01,2015,8,"Crude oil, Brent",Energy,($/bbl),47.0,-15.92,-27.24,-53.88,-38.72,-0.94
2015-09-01,2015,9,"Crude oil, Brent",Energy,($/bbl),47.2,0.43,-24.24,-51.49,-39.33,0.47
2015-10-01,2015,10,"Crude oil, Brent",Energy,($/bbl),48.1,1.91,-13.95,-44.9,-41.98,0.55
2015-11-01,2015,11,"Crude oil, Brent",Energy,($/bbl),44.4,-7.69,-5.53,-43.37,-48.19,-0.28
2015-12-01,2015,12,"Crude oil, Brent",Energy,($/bbl),37.7,-15.09,-20.13,-39.49,-58.93,-0.89
2016-01-01,2016,1,"Crude oil, Brent",Energy,($/bbl),30.8,-18.3,-35.97,-35.97,-68.02,-1.24
2016-02-01,2016,2,"Crude oil, Brent",Energy,($/bbl),33.2,7.79,-25.23,-42.66,-68.08,0.95
2016-03-01,2016,3,"Crude oil, Brent",Energy,($/bbl),39.1,17.77,3.71,-29.93,-65.82,2.31
2016-04-01,2016,4,"Crude oil, Brent",Energy,($/bbl),42.3,8.18,37.34,-28.79,-65.64,0.92
2016-05-01,2016,5,"Crude oil, Brent",Energy,($/bbl),47.1,11.35,41.87,-27.09,-58.86,1.17
2016-06-01,2016,6,"Crude oil, Brent",Energy,($/bbl),48.5,2.97,24.04,-22.15,-57.38,0.42
2016-07-01,2016,7,"Crude oil, Brent",Energy,($/bbl),45.1,-7.01,6.62,-19.32,-61.29,-0.47
2016-08-01,2016,8,"Crude oil, Brent",Energy,($/bbl),46.1,2.22,-2.12,-1.91,-58.13,0.29
2016-09-01,2016,9,"Crude oil, Brent",Energy,($/bbl),46.2,0.22,-4.74,-2.12,-58.34,-0.01
2016-10-01,2016,10,"Crude oil, Brent",Energy,($/bbl),49.7,7.58,10.2,3.33,-54.61,0.67
2016-11-01,2016,11,"Crude oil, Brent",Energy,($/bbl),46.4,-6.64,0.65,4.5,-58.01,-0.69
2016-12-01,2016,12,"Crude oil, Brent",Energy,($/bbl),54.1,16.59,17.1,43.5,-49.86,1.45
2017-01-01,2017,1,"Crude oil, Brent",Energy,($/bbl),54.9,1.48,10.46,78.25,-50.63,-0.2
2017-02-01,2017,2,"Crude oil, Brent",Energy,($/bbl),55.5,1.09,19.61,67.17,-53.63,-0.52
2017-03-01,2017,3,"Crude oil, Brent",Energy,($/bbl),52.0,-6.31,-3.88,32.99,-58.37,-1.38
2017-04-01,2017,4,"Crude oil, Brent",Energy,($/bbl),53.0,1.92,-3.46,25.3,-56.02,-0.1
2017-05-01,2017,5,"Crude oil, Brent",Energy,($/bbl),50.9,-3.96,-8.29,8.07,-53.94,-0.85
2017-06-01,2017,6,"Crude oil, Brent",Energy,($/bbl),46.9,-7.86,-9.81,-3.3,-50.94,-1.3
2017-07-01,2017,7,"Crude oil, Brent",Energy,($/bbl),48.7,3.84,-8.11,7.98,-52.76,0.55
2017-08-01,2017,8,"Crude oil, Brent",Energy,($/bbl),51.4,5.54,0.98,11.5,-54.63,0.69
2017-09-01,2017,9,"Crude oil, Brent",Energy,($/bbl),55.2,7.39,17.7,19.48,-51.32,0.9
2017-10-01,2017,10,"Crude oil, Brent",Energy,($/bbl),57.6,4.35,18.28,15.9,-48.57,0.37
2017-11-01,2017,11,"Crude oil, Brent",Energy,($/bbl),62.6,8.68,21.79,34.91,-42.94,1.03
2017-12-01,2017,12,"Crude oil, Brent",Energy,($/bbl),64.2,2.56,16.3,18.67,-41.48,-0.03
2018-01-01,2018,1,"Crude oil, Brent",Energy,($/bbl),69.0,7.48,19.79,25.68,-38.94,1.14
2018-02-01,2018,2,"Crude oil, Brent",Energy,($/bbl),65.4,-5.22,4.47,17.84,-43.86,-1.33
2018-03-01,2018,3,"Crude oil, Brent",Energy,($/bbl),66.5,1.68,3.58,27.88,-39.1,0.03
2018-04-01,2018,4,"Crude oil, Brent",Energy,($/bbl),71.6,7.67,3.77,35.09,-30.42,1.03
2018-05-01,2018,5,"Crude oil, Brent",Energy,($/bbl),76.7,7.12,17.28,50.69,-25.53,0.8
2018-06-01,2018,6,"Crude oil, Brent",Energy,($/bbl),75.2,-1.96,13.08,60.34,-27.06,-1.06
2018-07-01,2018,7,"Crude oil, Brent",Energy,($/bbl),74.4,-1.06,3.91,52.77,-30.92,-1.21
2018-08-01,2018,8,"Crude oil, Brent",Energy,($/bbl),73.1,-1.75,-4.69,42.22,-34.14,-1.21
2018-09-01,2018,9,"Crude oil, Brent",Energy,($/bbl),78.9,7.93,4.92,42.93,-29.3,1.03
2018-10-01,2018,10,"Crude oil, Brent",Energy,($/bbl),80.5,2.03,8.2,39.76,-26.48,-0.23
2018-11-01,2018,11,"Crude oil, Brent",Energy,($/bbl),65.2,-19.01,-10.81,4.15,-39.69,-4.61
2018-12-01,2018,12,"Crude oil, Brent",Energy,($/bbl),56.5,-13.34,-28.39,-11.99,-48.96,-1.84
2019-01-01,2019,1,"Crude oil, Brent",Energy,($/bbl),59.3,4.96,-26.34,-14.06,-44.79,0.66
2019-02-01,2019,2,"Crude oil, Brent",Energy,($/bbl),64.1,8.09,-1.69,-1.99,-41.08,1.08
2019-03-01,2019,3,"Crude oil, Brent",Energy,($/bbl),66.4,3.59,17.52,-0.15,-38.18,0.39
2019-04-01,2019,4,"Crude oil, Brent",Energy,($/bbl),71.2,7.23,20.07,-0.56,-33.95,0.79
2019-05-01,2019,5,"Crude oil, Brent",Energy,($/bbl),70.5,-0.98,9.98,-8.08,-35.73,-0.15
2019-06-01,2019,6,"Crude oil, Brent",Energy,($/bbl),63.3,-10.21,-4.67,-15.82,-43.43,-1.18
2019-07-01,2019,7,"Crude oil, Brent",Energy,($/bbl),64.0,1.11,-10.11,-13.98,-40.19,0.24
2019-08-01,2019,8,"Crude oil, Brent",Energy,($/bbl),59.3,-7.34,-15.89,-18.88,-41.81,-0.73
2019-09-01,2019,9,"Crude oil, Brent",Energy,($/bbl),62.3,5.06,-1.58,-21.04,-35.97,0.71
2019-10-01,2019,10,"Crude oil, Brent",Energy,($/bbl),59.4,-4.65,-7.19,-26.21,-31.96,-0.35
2019-11-01,2019,11,"Crude oil, Brent",Energy,($/bbl),62.7,5.56,5.73,-3.83,-20.03,0.87
2019-12-01,2019,12,"Crude oil, Brent",Energy,($/bbl),65.9,5.1,5.78,16.64,5.78,0.72
2020-01-01,2020,1,"Crude oil, Brent",Energy,($/bbl),63.6,-3.49,7.07,7.25,32.22,-0.83
2020-02-01,2020,2,"Crude oil, Brent",Energy,($/bbl),55.0,-13.52,-12.28,-14.2,-5.01,-2.37
2020-03-01,2020,3,"Crude oil, Brent",Energy,($/bbl),33.0,-40.0,-49.92,-50.3,-40.86,-5.71
2020-04-01,2020,4,"Crude oil, Brent",Energy,($/bbl),23.3,-29.39,-63.36,-67.28,-60.77,-1.91
2020-05-01,2020,5,"Crude oil, Brent",Energy,($/bbl),31.0,33.05,-43.64,-56.03,-52.01,2.88
2020-06-01,2020,6,"Crude oil, Brent",Energy,($/bbl),39.9,28.71,20.91,-36.97,-35.96,1.83
2020-07-01,2020,7,"Crude oil, Brent",Energy,($/bbl),42.8,7.27,83.69,-33.13,-23.43,0.43
2020-08-01,2020,8,"Crude oil, Brent",Energy,($/bbl),44.3,3.5,42.9,-25.3,-5.74,0.22
2020-09-01,2020,9,"Crude oil, Brent",Energy,($/bbl),41.1,-7.22,3.01,-34.03,-12.92,-0.34
2020-10-01,2020,10,"Crude oil, Brent",Energy,($/bbl),40.5,-1.46,-5.37,-31.82,-15.8,-0.01
2020-11-01,2020,11,"Crude oil, Brent",Energy,($/bbl),43.2,6.67,-2.48,-31.1,-2.7,0.37
2020-12-01,2020,12,"Crude oil, Brent",Energy,($/bbl),49.9,15.51,21.41,-24.28,32.36,0.79
2021-01-01,2021,1,"Crude oil, Brent",Energy,($/bbl),54.6,9.42,34.81,-14.15,77.27,0.44
2021-02-01,2021,2,"Crude oil, Brent",Energy,($/bbl),62.0,13.55,43.52,12.73,86.75,0.58
2021-03-01,2021,3,"Crude oil, Brent",Energy,($/bbl),65.2,5.16,30.66,97.58,66.75,0.09
2021-04-01,2021,4,"Crude oil, Brent",Energy,($/bbl),64.8,-0.61,18.68,178.11,53.19,-0.47
2021-05-01,2021,5,"Crude oil, Brent",Energy,($/bbl),68.0,4.94,9.68,119.35,44.37,-0.38
2021-06-01,2021,6,"Crude oil, Brent",Energy,($/bbl),73.1,7.5,12.12,83.21,50.72,0.04
2021-07-01,2021,7,"Crude oil, Brent",Energy,($/bbl),74.4,1.78,14.81,73.83,64.97,-0.56
2021-08-01,2021,8,"Crude oil, Brent",Energy,($/bbl),70.0,-5.91,2.94,58.01,51.84,-1.69
2021-09-01,2021,9,"Crude oil, Brent",Energy,($/bbl),74.6,6.57,2.05,81.51,61.47,0.35
2021-10-01,2021,10,"Crude oil, Brent",Energy,($/bbl),83.7,12.2,12.5,106.67,68.41,1.13
2021-11-01,2021,11,"Crude oil, Brent",Energy,($/bbl),80.8,-3.46,15.43,87.04,74.14,-1.63
2021-12-01,2021,12,"Crude oil, Brent",Energy,($/bbl),74.3,-8.04,-0.4,48.9,37.34,-2.03
2022-01-01,2022,1,"Crude oil, Brent",Energy,($/bbl),85.5,15.07,2.15,56.59,55.74,1.65
2022-02-01,2022,2,"Crude oil, Brent",Energy,($/bbl),95.8,12.05,18.56,54.52,72.61,1.06
2022-03-01,2022,3,"Crude oil, Brent",Energy,($/bbl),115.6,20.67,55.59,77.3,122.31,2.26
2022-04-01,2022,4,"Crude oil, Brent",Energy,($/bbl),105.8,-8.48,23.74,63.27,99.62,-1.55
2022-05-01,2022,5,"Crude oil, Brent",Energy,($/bbl),112.4,6.24,17.33,65.29,120.83,0.17
2022-06-01,2022,6,"Crude oil, Brent",Energy,($/bbl),120.1,6.85,3.89,64.3,156.08,0.23
2022-07-01,2022,7,"Crude oil, Brent",Energy,($/bbl),108.9,-9.33,2.93,46.37,123.61,-1.46
2022-08-01,2022,8,"Crude oil, Brent",Energy,($/bbl),98.6,-9.46,-12.28,40.86,91.83,-1.27
2022-09-01,2022,9,"Crude oil, Brent",Energy,($/bbl),90.2,-8.52,-24.9,20.91,63.41,-1.11
2022-10-01,2022,10,"Crude oil, Brent",Energy,($/bbl),93.1,3.22,-14.51,11.23,61.63,0.1
2022-11-01,2022,11,"Crude oil, Brent",Energy,($/bbl),91.1,-2.15,-7.61,12.75,45.53,-0.33
2022-12-01,2022,12,"Crude oil, Brent",Energy,($/bbl),80.9,-11.2,-10.31,8.88,26.01,-1.19
2023-01-01,2023,1,"Crude oil, Brent",Energy,($/bbl),83.1,2.72,-10.74,-2.81,20.43,0.13
2023-02-01,2023,2,"Crude oil, Brent",Energy,($/bbl),82.7,-0.48,-9.22,-13.67,26.45,-0.07
2023-03-01,2023,3,"Crude oil, Brent",Energy,($/bbl),78.5,-5.08,-2.97,-32.09,18.05,-0.45
2023-04-01,2023,4,"Crude oil, Brent",Energy,($/bbl),84.1,7.13,1.2,-20.51,17.46,1.54
2023-05-01,2023,5,"Crude oil, Brent",Energy,($/bbl),75.7,-9.99,-8.46,-32.65,-1.3,-1.2
2023-06-01,2023,6,"Crude oil, Brent",Energy,($/bbl),74.9,-1.06,-4.59,-37.64,-0.4,0.29
2023-07-01,2023,7,"Crude oil, Brent",Energy,($/bbl),80.1,6.94,-4.76,-26.45,7.66,1.74
2023-08-01,2023,8,"Crude oil, Brent",Energy,($/bbl),86.2,7.62,13.87,-12.58,17.92,1.52
2023-09-01,2023,9,"Crude oil, Brent",Energy,($/bbl),94.0,9.05,25.5,4.21,19.14,1.48
2023-10-01,2023,10,"Crude oil, Brent",Energy,($/bbl),91.1,-3.09,13.73,-2.15,13.17,-0.54
2023-11-01,2023,11,"Crude oil, Brent",Energy,($/bbl),83.2,-8.67,-3.48,-8.67,27.61,-1.28
2023-12-01,2023,12,"Crude oil, Brent",Energy,($/bbl),77.9,-6.37,-17.13,-3.71,37.88,-0.81
2024-01-01,2024,1,"Crude oil, Brent",Energy,($/bbl),80.2,2.95,-11.96,-3.49,35.24,0.45
2024-02-01,2024,2,"Crude oil, Brent",Energy,($/bbl),83.8,4.49,0.72,1.33,30.73,0.68
2024-03-01,2024,3,"Crude oil, Brent",Energy,($/bbl),85.4,1.91,9.63,8.79,28.61,0.23
2024-04-01,2024,4,"Crude oil, Brent",Energy,($/bbl),90.1,5.5,12.34,7.13,26.54,0.69
2024-05-01,2024,5,"Crude oil, Brent",Energy,($/bbl),82.0,-8.99,-2.15,8.32,16.31,-1.49
2024-06-01,2024,6,"Crude oil, Brent",Energy,($/bbl),82.6,0.73,-3.28,10.28,30.49,-0.02
2024-07-01,2024,7,"Crude oil, Brent",Energy,($/bbl),85.3,3.27,-5.33,6.49,33.28,0.36
2024-08-01,2024,8,"Crude oil, Brent",Energy,($/bbl),80.9,-5.16,-1.34,-6.15,36.42,-0.95
2024-09-01,2024,9,"Crude oil, Brent",Energy,($/bbl),74.3,-8.16,-10.05,-20.96,19.26,-1.31
2024-10-01,2024,10,"Crude oil, Brent",Energy,($/bbl),75.7,1.88,-11.25,-16.9,27.44,0.67
2024-11-01,2024,11,"Crude oil, Brent",Energy,($/bbl),74.4,-1.72,-8.03,-10.58,18.66,-0.06
2024-12-01,2024,12,"Crude oil, Brent",Energy,($/bbl),73.8,-0.81,-0.67,-5.26,11.99,-0.0
2025-01-01,2025,1,"Crude oil, Brent",Energy,($/bbl),79.2,7.32,4.62,-1.25,24.53,1.59
2025-02-01,2025,2,"Crude oil, Brent",Energy,($/bbl),75.2,-5.05,1.08,-10.26,36.73,-0.97
2025-03-01,2025,3,"Crude oil, Brent",Energy,($/bbl),72.6,-3.46,-1.63,-14.99,120.0,-0.52
2025-04-01,2025,4,"Crude oil, Brent",Energy,($/bbl),67.7,-6.75,-14.52,-24.86,190.56,-1.07
2025-05-01,2025,5,"Crude oil, Brent",Energy,($/bbl),64.2,-5.17,-14.63,-21.71,107.1,-0.59
2025-06-01,2025,6,"Crude oil, Brent",Energy,($/bbl),71.5,11.37,-1.52,-13.44,79.2,2.9
2025-07-01,2025,7,"Crude oil, Brent",Energy,($/bbl),71.0,-0.7,4.87,-16.76,65.89,0.06
2025-08-01,2025,8,"Crude oil, Brent",Energy,($/bbl),68.2,-3.94,6.23,-15.7,53.95,-0.44
2025-09-01,2025,9,"Crude oil, Brent",Energy,($/bbl),68.0,-0.29,-4.9,-8.48,65.45,0.17
2025-10-01,2025,10,"Crude oil, Brent",Energy,($/bbl),64.7,-4.85,-8.87,-14.53,59.75,-0.8
2025-11-01,2025,11,"Crude oil, Brent",Energy,($/bbl),63.6,-1.7,-6.74,-14.52,47.22,-0.1
2025-12-01,2025,12,"Crude oil, Brent",Energy,($/bbl),62.7,-1.42,-7.79,-15.04,25.65,-0.05
2026-01-01,2026,1,"Crude oil, Brent",Energy,($/bbl),66.8,6.54,3.25,-15.66,22.34,1.44
2026-02-01,2026,2,"Crude oil, Brent",Energy,($/bbl),71.1,6.44,11.79,-5.45,14.68,1.46
2026-03-01,2026,3,"Crude oil, Brent",Energy,($/bbl),103.7,45.85,65.39,42.84,59.05,8.29
2026-04-01,2026,4,"Crude oil, Brent",Energy,($/bbl),120.4,16.1,80.24,77.84,85.8,0.86
2026-05-01,2026,5,"Crude oil, Brent",Energy,($/bbl),107.5,-10.71,51.2,67.45,58.09,-1.14
2026-06-01,2026,6,"Crude oil, Brent",Energy,($/bbl),85.4,-20.56,-17.65,19.44,16.83,-1.74
2026-07-01,2026,7,"Crude oil, Brent",Energy,($/bbl),83.4,-2.34,-30.73,17.46,12.1,-0.3
2026-08-01,2026,8,"Crude oil, Brent",Energy,($/bbl),90.9,8.99,-15.44,33.28,29.86,0.4
2026-09-01,2026,9,"Crude oil, Brent",Energy,($/bbl),116.8,28.49,36.77,71.76,56.57,1.53
1960-01-01,1960,1,"Crude oil, Dubai",Energy,($/bbl),1.6,,,,,
1960-02-01,1960,2,"Crude oil, Dubai",Energy,($/bbl),1.6,0.0,,,,
1960-03-01,1960,3,"Crude oil, Dubai",Energy,($/bbl),1.6,0.0,,,,
1960-04-01,1960,4,"Crude oil, Dubai",Energy,($/bbl),1.6,0.0,0.0,,,
1960-05-01,1960,5,"Crude oil, Dubai",Energy,($/bbl),1.6,0.0,0.0,,,
1960-06-01,1960,6,"Crude oil, Dubai",Energy,($/bbl),1.6,0.0,0.0,,,
1960-07-01,1960,7,"Crude oil, Dubai",Energy,($/bbl),1.6,0.0,0.0,,,
1960-08-01,1960,8,"Crude oil, Dubai",Energy,($/bbl),1.6,0.0,0.0,,,0.0
1960-09-01,1960,9,"Crude oil, Dubai",Energy,($/bbl),1.6,0.0,0.0,,,0.0
1960-10-01,1960,10,"Crude oil, Dubai",Energy,($/bbl),1.6,0.0,0.0,,,0.0
1960-11-01,1960,11,"Crude oil, Dubai",Energy,($/bbl),1.6,0.0,0.0,,,0.0
1960-12-01,1960,12,"Crude oil, Dubai",Energy,($/bbl),1.6,0.0,0.0,,,0.0
1961-01-01,1961,1,"Crude oil, Dubai",Energy,($/bbl),1.6,0.0,0.0,0.0,,0.0
1961-02-01,1961,2,"Crude oil, Dubai",Energy,($/bbl),1.6,0.0,0.0,0.0,,0.0
1961-03-01,1961,3,"Crude oil, Dubai",Energy,($/bbl),1.6,0.0,0.0,0.0,,0.0
1961-04-01,1961,4,"Crude oil, Dubai",Energy,($/bbl),1.6,0.0,0.0,0.0,,0.0
1961-05-01,1961,5,"Crude oil, Dubai",Energy,($/bbl),1.6,0.0,0.0,0.0,,0.0
1961-06-01,1961,6,"Crude oil, Dubai",Energy,($/bbl),1.6,0.0,0.0,0.0,,0.0
1961-07-01,1961,7,"Crude oil, Dubai",Energy,($/bbl),1.6,0.0,0.0,0.0,,0.0
1961-08-01,1961,8,"Crude oil, Dubai",Energy,($/bbl),1.6,0.0,0.0,0.0,,0.0
1961-09-01,1961,9,"Crude oil, Dubai",Energy,($/bbl),1.6,0.0,0.0,0.0,,0.0
1961-10-01,1961,10,"Crude oil, Dubai",Energy,($/bbl),1.6,0.0,0.0,0.0,,0.0
1961-11-01,1961,11,"Crude oil, Dubai",Energy,($/bbl),1.6,0.0,0.0,0.0,,0.0
1961-12-01,1961,12,"Crude oil, Dubai",Energy,($/bbl),1.6,0.0,0.0,0.0,,0.0
1962-01-01,1962,1,"Crude oil, Dubai",Energy,($/bbl),1.5,-6.25,-6.25,-6.25,,0.0
1962-02-01,1962,2,"Crude oil, Dubai",Energy,($/bbl),1.5,0.0,-6.25,-6.25,,0.29
1962-03-01,1962,3,"Crude oil, Dubai",Energy,($/bbl),1.5,0.0,-6.25,-6.25,,0.29
1962-04-01,1962,4,"Crude oil, Dubai",Energy,($/bbl),1.5,0.0,0.0,-6.25,,0.29
1962-05-01,1962,5,"Crude oil, Dubai",Energy,($/bbl),1.5,0.0,0.0,-6.25,,0.29
1962-06-01,1962,6,"Crude oil, Dubai",Energy,($/bbl),1.5,0.0,0.0,-6.25,,0.29
1962-07-01,1962,7,"Crude oil, Dubai",Energy,($/bbl),1.5,0.0,0.0,-6.25,,0.29
1962-08-01,1962,8,"Crude oil, Dubai",Energy,($/bbl),1.5,0.0,0.0,-6.25,,0.29
1962-09-01,1962,9,"Crude oil, Dubai",Energy,($/bbl),1.5,0.0,0.0,-6.25,,0.29
1962-10-01,1962,10,"Crude oil, Dubai",Energy,($/bbl),1.5,0.0,0.0,-6.25,,0.29
1962-11-01,1962,11,"Crude oil, Dubai",Energy,($/bbl),1.5,0.0,0.0,-6.25,,0.29
1962-12-01,1962,12,"Crude oil, Dubai",Energy,($/bbl),1.5,0.0,0.0,-6.25,,0.29
1963-01-01,1963,1,"Crude oil, Dubai",Energy,($/bbl),1.5,0.0,0.0,0.0,,0.29
1963-02-01,1963,2,"Crude oil, Dubai",Energy,($/bbl),1.5,0.0,0.0,0.0,,0.0
1963-03-01,1963,3,"Crude oil, Dubai",Energy,($/bbl),1.5,0.0,0.0,0.0,,0.0
1963-04-01,1963,4,"Crude oil, Dubai",Energy,($/bbl),1.5,0.0,0.0,0.0,,0.0
1963-05-01,1963,5,"Crude oil, Dubai",Energy,($/bbl),1.5,0.0,0.0,0.0,,0.0
1963-06-01,1963,6,"Crude oil, Dubai",Energy,($/bbl),1.5,0.0,0.0,0.0,,0.0
1963-07-01,1963,7,"Crude oil, Dubai",Energy,($/bbl),1.5,0.0,0.0,0.0,,0.0
1963-08-01,1963,8,"Crude oil, Dubai",Energy,($/bbl),1.5,0.0,0.0,0.0,,0.0
1963-09-01,1963,9,"Crude oil, Dubai",Energy,($/bbl),1.5,0.0,0.0,0.0,,0.0
1963-10-01,1963,10,"Crude oil, Dubai",Energy,($/bbl),1.5,0.0,0.0,0.0,,0.0
1963-11-01,1963,11,"Crude oil, Dubai",Energy,($/bbl),1.5,0.0,0.0,0.0,,0.0
1963-12-01,1963,12,"Crude oil, Dubai",Energy,($/bbl),1.5,0.0,0.0,0.0,,0.0
1964-01-01,1964,1,"Crude oil, Dubai",Energy,($/bbl),1.5,0.0,0.0,0.0,,0.0
1964-02-01,1964,2,"Crude oil, Dubai",Energy,($/bbl),1.5,0.0,0.0,0.0,,0.0
1964-03-01,1964,3,"Crude oil, Dubai",Energy,($/bbl),1.5,0.0,0.0,0.0,,0.0
1964-04-01,1964,4,"Crude oil, Dubai",Energy,($/bbl),1.5,0.0,0.0,0.0,,0.0
1964-05-01,1964,5,"Crude oil, Dubai",Energy,($/bbl),1.5,0.0,0.0,0.0,,0.0
1964-06-01,1964,6,"Crude oil, Dubai",Energy,($/bbl),1.5,0.0,0.0,0.0,,0.0
1964-07-01,1964,7,"Crude oil, Dubai",Energy,($/bbl),1.5,0.0,0.0,0.0,,0.0
1964-08-01,1964,8,"Crude oil, Dubai",Energy,($/bbl),1.5,0.0,0.0,0.0,,0.0
1964-09-01,1964,9,"Crude oil, Dubai",Energy,($/bbl),1.5,0.0,0.0,0.0,,0.0
1964-10-01,1964,10,"Crude oil, Dubai",Energy,($/bbl),1.5,0.0,0.0,0.0,,0.0
1964-11-01,1964,11,"Crude oil, Dubai",Energy,($/bbl),1.5,0.0,0.0,0.0,,0.0
1964-12-01,1964,12,"Crude oil, Dubai",Energy,($/bbl),1.5,0.0,0.0,0.0,,0.0
1965-01-01,1965,1,"Crude oil, Dubai",Energy,($/bbl),1.4,-6.67,-6.67,-6.67,-12.5,0.0
1965-02-01,1965,2,"Crude oil, Dubai",Energy,($/bbl),1.4,0.0,-6.67,-6.67,-12.5,0.29
1965-03-01,1965,3,"Crude oil, Dubai",Energy,($/bbl),1.4,0.0,-6.67,-6.67,-12.5,0.29
1965-04-01,1965,4,"Crude oil, Dubai",Energy,($/bbl),1.4,0.0,0.0,-6.67,-12.5,0.29
1965-05-01,1965,5,"Crude oil, Dubai",Energy,($/bbl),1.4,0.0,0.0,-6.67,-12.5,0.29
1965-06-01,1965,6,"Crude oil, Dubai",Energy,($/bbl),1.4,0.0,0.0,-6.67,-12.5,0.29
1965-07-01,1965,7,"Crude oil, Dubai",Energy,($/bbl),1.4,0.0,0.0,-6.67,-12.5,0.29
1965-08-01,1965,8,"Crude oil, Dubai",Energy,($/bbl),1.4,0.0,0.0,-6.67,-12.5,0.29
1965-09-01,1965,9,"Crude oil, Dubai",Energy,($/bbl),1.4,0.0,0.0,-6.67,-12.5,0.29
1965-10-01,1965,10,"Crude oil, Dubai",Energy,($/bbl),1.4,0.0,0.0,-6.67,-12.5,0.29
1965-11-01,1965,11,"Crude oil, Dubai",Energy,($/bbl),1.4,0.0,0.0,-6.67,-12.5,0.29
1965-12-01,1965,12,"Crude oil, Dubai",Energy,($/bbl),1.4,0.0,0.0,-6.67,-12.5,0.29
1966-01-01,1966,1,"Crude oil, Dubai",Energy,($/bbl),1.4,0.0,0.0,0.0,-12.5,0.29
1966-02-01,1966,2,"Crude oil, Dubai",Energy,($/bbl),1.4,0.0,0.0,0.0,-12.5,0.0
1966-03-01,1966,3,"Crude oil, Dubai",Energy,($/bbl),1.4,0.0,0.0,0.0,-12.5,0.0
1966-04-01,1966,4,"Crude oil, Dubai",Energy,($/bbl),1.4,0.0,0.0,0.0,-12.5,0.0
1966-05-01,1966,5,"Crude oil, Dubai",Energy,($/bbl),1.4,0.0,0.0,0.0,-12.5,0.0
1966-06-01,1966,6,"Crude oil, Dubai",Energy,($/bbl),1.4,0.0,0.0,0.0,-12.5,0.0
1966-07-01,1966,7,"Crude oil, Dubai",Energy,($/bbl),1.4,0.0,0.0,0.0,-12.5,0.0
1966-08-01,1966,8,"Crude oil, Dubai",Energy,($/bbl),1.4,0.0,0.0,0.0,-12.5,0.0
1966-09-01,1966,9,"Crude oil, Dubai",Energy,($/bbl),1.4,0.0,0.0,0.0,-12.5,0.0
1966-10-01,1966,10,"Crude oil, Dubai",Energy,($/bbl),1.4,0.0,0.0,0.0,-12.5,0.0
1966-11-01,1966,11,"Crude oil, Dubai",Energy,($/bbl),1.4,0.0,0.0,0.0,-12.5,0.0
1966-12-01,1966,12,"Crude oil, Dubai",Energy,($/bbl),1.4,0.0,0.0,0.0,-12.5,0.0
1967-01-01,1967,1,"Crude oil, Dubai",Energy,($/bbl),1.3,-7.14,-7.14,-7.14,-13.33,0.0
1967-02-01,1967,2,"Crude oil, Dubai",Energy,($/bbl),1.3,0.0,-7.14,-7.14,-13.33,0.29
1967-03-01,1967,3,"Crude oil, Dubai",Energy,($/bbl),1.3,0.0,-7.14,-7.14,-13.33,0.29
1967-04-01,1967,4,"Crude oil, Dubai",Energy,($/bbl),1.3,0.0,0.0,-7.14,-13.33,0.29
1967-05-01,1967,5,"Crude oil, Dubai",Energy,($/bbl),1.3,0.0,0.0,-7.14,-13.33,0.29
1967-06-01,1967,6,"Crude oil, Dubai",Energy,($/bbl),1.3,0.0,0.0,-7.14,-13.33,0.29
1967-07-01,1967,7,"Crude oil, Dubai",Energy,($/bbl),1.3,0.0,0.0,-7.14,-13.33,0.29
1967-08-01,1967,8,"Crude oil, Dubai",Energy,($/bbl),1.3,0.0,0.0,-7.14,-13.33,0.29
1967-09-01,1967,9,"Crude oil, Dubai",Energy,($/bbl),1.3,0.0,0.0,-7.14,-13.33,0.29
1967-10-01,1967,10,"Crude oil, Dubai",Energy,($/bbl),1.3,0.0,0.0,-7.14,-13.33,0.29
1967-11-01,1967,11,"Crude oil, Dubai",Energy,($/bbl),1.3,0.0,0.0,-7.14,-13.33,0.29
1967-12-01,1967,12,"Crude oil, Dubai",Energy,($/bbl),1.3,0.0,0.0,-7.14,-13.33,0.29
1968-01-01,1968,1,"Crude oil, Dubai",Energy,($/bbl),1.3,0.0,0.0,0.0,-13.33,0.29
1968-02-01,1968,2,"Crude oil, Dubai",Energy,($/bbl),1.3,0.0,0.0,0.0,-13.33,0.0
1968-03-01,1968,3,"Crude oil, Dubai",Energy,($/bbl),1.3,0.0,0.0,0.0,-13.33,0.0
1968-04-01,1968,4,"Crude oil, Dubai",Energy,($/bbl),1.3,0.0,0.0,0.0,-13.33,0.0
1968-05-01,1968,5,"Crude oil, Dubai",Energy,($/bbl),1.3,0.0,0.0,0.0,-13.33,0.0
1968-06-01,1968,6,"Crude oil, Dubai",Energy,($/bbl),1.3,0.0,0.0,0.0,-13.33,0.0
1968-07-01,1968,7,"Crude oil, Dubai",Energy,($/bbl),1.3,0.0,0.0,0.0,-13.33,0.0
1968-08-01,1968,8,"Crude oil, Dubai",Energy,($/bbl),1.3,0.0,0.0,0.0,-13.33,0.0
1968-09-01,1968,9,"Crude oil, Dubai",Energy,($/bbl),1.3,0.0,0.0,0.0,-13.33,0.0
1968-10-01,1968,10,"Crude oil, Dubai",Energy,($/bbl),1.3,0.0,0.0,0.0,-13.33,0.0
1968-11-01,1968,11,"Crude oil, Dubai",Energy,($/bbl),1.3,0.0,0.0,0.0,-13.33,0.0
1968-12-01,1968,12,"Crude oil, Dubai",Energy,($/bbl),1.3,0.0,0.0,0.0,-13.33,0.0
1969-01-01,1969,1,"Crude oil, Dubai",Energy,($/bbl),1.3,0.0,0.0,0.0,-13.33,0.0
1969-02-01,1969,2,"Crude oil, Dubai",Energy,($/bbl),1.3,0.0,0.0,0.0,-13.33,0.0
1969-03-01,1969,3,"Crude oil, Dubai",Energy,($/bbl),1.3,0.0,0.0,0.0,-13.33,0.0
1969-04-01,1969,4,"Crude oil, Dubai",Energy,($/bbl),1.3,0.0,0.0,0.0,-13.33,0.0
1969-05-01,1969,5,"Crude oil, Dubai",Energy,($/bbl),1.3,0.0,0.0,0.0,-13.33,0.0
1969-06-01,1969,6,"Crude oil, Dubai",Energy,($/bbl),1.3,0.0,0.0,0.0,-13.33,0.0
1969-07-01,1969,7,"Crude oil, Dubai",Energy,($/bbl),1.3,0.0,0.0,0.0,-13.33,0.0
1969-08-01,1969,8,"Crude oil, Dubai",Energy,($/bbl),1.3,0.0,0.0,0.0,-13.33,0.0
1969-09-01,1969,9,"Crude oil, Dubai",Energy,($/bbl),1.3,0.0,0.0,0.0,-13.33,0.0
1969-10-01,1969,10,"Crude oil, Dubai",Energy,($/bbl),1.3,0.0,0.0,0.0,-13.33,0.0
1969-11-01,1969,11,"Crude oil, Dubai",Energy,($/bbl),1.3,0.0,0.0,0.0,-13.33,0.0
1969-12-01,1969,12,"Crude oil, Dubai",Energy,($/bbl),1.3,0.0,0.0,0.0,-13.33,0.0
1970-01-01,1970,1,"Crude oil, Dubai",Energy,($/bbl),1.2,-7.69,-7.69,-7.69,-14.29,0.0
1970-02-01,1970,2,"Crude oil, Dubai",Energy,($/bbl),1.2,0.0,-7.69,-7.69,-14.29,0.29
1970-03-01,1970,3,"Crude oil, Dubai",Energy,($/bbl),1.2,0.0,-7.69,-7.69,-14.29,0.29
1970-04-01,1970,4,"Crude oil, Dubai",Energy,($/bbl),1.2,0.0,0.0,-7.69,-14.29,0.29
1970-05-01,1970,5,"Crude oil, Dubai",Energy,($/bbl),1.2,0.0,0.0,-7.69,-14.29,0.29
1970-06-01,1970,6,"Crude oil, Dubai",Energy,($/bbl),1.2,0.0,0.0,-7.69,-14.29,0.29
1970-07-01,1970,7,"Crude oil, Dubai",Energy,($/bbl),1.2,0.0,0.0,-7.69,-14.29,0.29
1970-08-01,1970,8,"Crude oil, Dubai",Energy,($/bbl),1.2,0.0,0.0,-7.69,-14.29,0.29
1970-09-01,1970,9,"Crude oil, Dubai",Energy,($/bbl),1.2,0.0,0.0,-7.69,-14.29,0.29
1970-10-01,1970,10,"Crude oil, Dubai",Energy,($/bbl),1.2,0.0,0.0,-7.69,-14.29,0.29
1970-11-01,1970,11,"Crude oil, Dubai",Energy,($/bbl),1.2,0.0,0.0,-7.69,-14.29,0.29
1970-12-01,1970,12,"Crude oil, Dubai",Energy,($/bbl),1.2,0.0,0.0,-7.69,-14.29,0.29
1971-01-01,1971,1,"Crude oil, Dubai",Energy,($/bbl),1.6,33.33,33.33,33.33,14.29,15.3
1971-02-01,1971,2,"Crude oil, Dubai",Energy,($/bbl),1.6,0.0,33.33,33.33,14.29,-0.29
1971-03-01,1971,3,"Crude oil, Dubai",Energy,($/bbl),1.6,0.0,33.33,33.33,14.29,-0.29
1971-04-01,1971,4,"Crude oil, Dubai",Energy,($/bbl),1.6,0.0,0.0,33.33,14.29,-0.29
1971-05-01,1971,5,"Crude oil, Dubai",Energy,($/bbl),1.6,0.0,0.0,33.33,14.29,-0.29
1971-06-01,1971,6,"Crude oil, Dubai",Energy,($/bbl),1.6,0.0,0.0,33.33,14.29,-0.29
1971-07-01,1971,7,"Crude oil, Dubai",Energy,($/bbl),1.7,6.25,6.25,41.67,21.43,0.36
1971-08-01,1971,8,"Crude oil, Dubai",Energy,($/bbl),1.7,0.0,6.25,41.67,21.43,-0.34
1971-09-01,1971,9,"Crude oil, Dubai",Energy,($/bbl),1.7,0.0,6.25,41.67,21.43,-0.34
1971-10-01,1971,10,"Crude oil, Dubai",Energy,($/bbl),1.7,0.0,0.0,41.67,21.43,-0.34
1971-11-01,1971,11,"Crude oil, Dubai",Energy,($/bbl),1.7,0.0,0.0,41.67,21.43,-0.34
1971-12-01,1971,12,"Crude oil, Dubai",Energy,($/bbl),1.7,0.0,0.0,41.67,21.43,-0.34
1972-01-01,1972,1,"Crude oil, Dubai",Energy,($/bbl),1.8,5.88,5.88,12.5,38.46,0.27
1972-02-01,1972,2,"Crude oil, Dubai",Energy,($/bbl),1.8,0.0,5.88,12.5,38.46,-0.43
1972-03-01,1972,3,"Crude oil, Dubai",Energy,($/bbl),1.8,0.0,5.88,12.5,38.46,-0.43
1972-04-01,1972,4,"Crude oil, Dubai",Energy,($/bbl),1.8,0.0,0.0,12.5,38.46,-0.43
1972-05-01,1972,5,"Crude oil, Dubai",Energy,($/bbl),1.8,0.0,0.0,12.5,38.46,-0.43
1972-06-01,1972,6,"Crude oil, Dubai",Energy,($/bbl),1.8,0.0,0.0,12.5,38.46,-0.43
1972-07-01,1972,7,"Crude oil, Dubai",Energy,($/bbl),1.9,5.56,5.56,11.76,46.15,1.92
1972-08-01,1972,8,"Crude oil, Dubai",Energy,($/bbl),1.9,0.0,5.56,11.76,46.15,-0.43
1972-09-01,1972,9,"Crude oil, Dubai",Energy,($/bbl),1.9,0.0,5.56,11.76,46.15,-0.43
1972-10-01,1972,10,"Crude oil, Dubai",Energy,($/bbl),1.9,0.0,0.0,11.76,46.15,-0.43
1972-11-01,1972,11,"Crude oil, Dubai",Energy,($/bbl),1.9,0.0,0.0,11.76,46.15,-0.43
1972-12-01,1972,12,"Crude oil, Dubai",Energy,($/bbl),1.9,0.0,0.0,11.76,46.15,-0.43
1973-01-01,1973,1,"Crude oil, Dubai",Energy,($/bbl),2.1,10.53,10.53,16.67,61.54,4.3
1973-02-01,1973,2,"Crude oil, Dubai",Energy,($/bbl),2.1,0.0,10.53,16.67,61.54,-0.41
1973-03-01,1973,3,"Crude oil, Dubai",Energy,($/bbl),2.1,0.0,10.53,16.67,61.54,-0.41
1973-04-01,1973,4,"Crude oil, Dubai",Energy,($/bbl),2.4,14.29,14.29,33.33,84.62,3.92
1973-05-01,1973,5,"Crude oil, Dubai",Energy,($/bbl),2.4,0.0,14.29,33.33,84.62,-0.51
1973-06-01,1973,6,"Crude oil, Dubai",Energy,($/bbl),2.4,0.0,14.29,33.33,84.62,-0.51
1973-07-01,1973,7,"Crude oil, Dubai",Energy,($/bbl),2.7,12.5,12.5,42.11,107.69,2.02
1973-08-01,1973,8,"Crude oil, Dubai",Energy,($/bbl),2.7,0.0,12.5,42.11,107.69,-0.55
1973-09-01,1973,9,"Crude oil, Dubai",Energy,($/bbl),2.7,0.0,12.5,42.11,107.69,-0.55
1973-10-01,1973,10,"Crude oil, Dubai",Energy,($/bbl),4.1,51.85,51.85,115.79,215.38,8.58
1973-11-01,1973,11,"Crude oil, Dubai",Energy,($/bbl),4.1,0.0,51.85,115.79,215.38,-0.49
1973-12-01,1973,12,"Crude oil, Dubai",Energy,($/bbl),4.1,0.0,51.85,115.79,215.38,-0.49
1974-01-01,1974,1,"Crude oil, Dubai",Energy,($/bbl),13.0,217.07,217.07,519.05,900.0,13.91
1974-02-01,1974,2,"Crude oil, Dubai",Energy,($/bbl),13.0,0.0,217.07,519.05,900.0,-0.39
1974-03-01,1974,3,"Crude oil, Dubai",Energy,($/bbl),13.0,0.0,217.07,519.05,900.0,-0.39
1974-04-01,1974,4,"Crude oil, Dubai",Energy,($/bbl),10.6,-18.46,-18.46,341.67,715.38,-0.69
1974-05-01,1974,5,"Crude oil, Dubai",Energy,($/bbl),10.6,0.0,-18.46,341.67,715.38,-0.34
1974-06-01,1974,6,"Crude oil, Dubai",Energy,($/bbl),10.6,0.0,-18.46,341.67,715.38,-0.34
1974-07-01,1974,7,"Crude oil, Dubai",Energy,($/bbl),10.0,-5.66,-5.66,270.37,669.23,-0.43
1974-08-01,1974,8,"Crude oil, Dubai",Energy,($/bbl),10.0,0.0,-5.66,270.37,669.23,-0.32
1974-09-01,1974,9,"Crude oil, Dubai",Energy,($/bbl),10.0,0.0,-5.66,270.37,669.23,-0.32
1974-10-01,1974,10,"Crude oil, Dubai",Energy,($/bbl),10.3,3.0,3.0,151.22,692.31,-0.27
1974-11-01,1974,11,"Crude oil, Dubai",Energy,($/bbl),10.3,0.0,3.0,151.22,692.31,-0.26
1974-12-01,1974,12,"Crude oil, Dubai",Energy,($/bbl),10.3,0.0,3.0,151.22,692.31,-0.26
1975-01-01,1975,1,"Crude oil, Dubai",Energy,($/bbl),10.4,0.97,0.97,-20.0,766.67,-0.24
1975-02-01,1975,2,"Crude oil, Dubai",Energy,($/bbl),10.4,0.0,0.97,-20.0,766.67,0.3
1975-03-01,1975,3,"Crude oil, Dubai",Energy,($/bbl),10.4,0.0,0.97,-20.0,766.67,0.3
1975-04-01,1975,4,"Crude oil, Dubai",Energy,($/bbl),10.4,0.0,0.0,-1.89,766.67,0.3
1975-05-01,1975,5,"Crude oil, Dubai",Energy,($/bbl),10.4,0.0,0.0,-1.89,766.67,0.07
1975-06-01,1975,6,"Crude oil, Dubai",Energy,($/bbl),10.4,0.0,0.0,-1.89,766.67,0.07
1975-07-01,1975,7,"Crude oil, Dubai",Energy,($/bbl),10.4,0.0,0.0,4.0,766.67,0.07
1975-08-01,1975,8,"Crude oil, Dubai",Energy,($/bbl),10.4,0.0,0.0,4.0,766.67,-0.37
1975-09-01,1975,9,"Crude oil, Dubai",Energy,($/bbl),10.4,0.0,0.0,4.0,766.67,-0.37
1975-10-01,1975,10,"Crude oil, Dubai",Energy,($/bbl),10.5,0.96,0.96,1.94,775.0,0.71
1975-11-01,1975,11,"Crude oil, Dubai",Energy,($/bbl),10.5,0.0,0.96,1.94,775.0,-0.43
1975-12-01,1975,12,"Crude oil, Dubai",Energy,($/bbl),10.5,0.0,0.96,1.94,775.0,-0.43
1976-01-01,1976,1,"Crude oil, Dubai",Energy,($/bbl),11.5,9.52,9.52,10.58,618.75,24.89
1976-02-01,1976,2,"Crude oil, Dubai",Energy,($/bbl),11.5,0.0,9.52,10.58,618.75,-0.32
1976-03-01,1976,3,"Crude oil, Dubai",Energy,($/bbl),11.5,0.0,9.52,10.58,618.75,-0.32
1976-04-01,1976,4,"Crude oil, Dubai",Energy,($/bbl),11.5,0.0,0.0,10.58,618.75,-0.32
1976-05-01,1976,5,"Crude oil, Dubai",Energy,($/bbl),11.5,0.0,0.0,10.58,618.75,-0.32
1976-06-01,1976,6,"Crude oil, Dubai",Energy,($/bbl),11.5,0.0,0.0,10.58,618.75,-0.32
1976-07-01,1976,7,"Crude oil, Dubai",Energy,($/bbl),11.6,0.87,0.87,11.54,582.35,-0.0
1976-08-01,1976,8,"Crude oil, Dubai",Energy,($/bbl),11.6,0.0,0.87,11.54,582.35,-0.35
1976-09-01,1976,9,"Crude oil, Dubai",Energy,($/bbl),11.6,0.0,0.87,11.54,582.35,-0.35
1976-10-01,1976,10,"Crude oil, Dubai",Energy,($/bbl),11.9,2.59,2.59,13.33,600.0,0.6
1976-11-01,1976,11,"Crude oil, Dubai",Energy,($/bbl),11.9,0.0,2.59,13.33,600.0,-0.39
1976-12-01,1976,12,"Crude oil, Dubai",Energy,($/bbl),11.9,0.0,2.59,13.33,600.0,-0.39
1977-01-01,1977,1,"Crude oil, Dubai",Energy,($/bbl),12.5,5.04,5.04,8.7,594.44,1.43
1977-02-01,1977,2,"Crude oil, Dubai",Energy,($/bbl),12.5,0.0,5.04,8.7,594.44,-0.45
1977-03-01,1977,3,"Crude oil, Dubai",Energy,($/bbl),12.5,0.0,5.04,8.7,594.44,-0.45
1977-04-01,1977,4,"Crude oil, Dubai",Energy,($/bbl),12.4,-0.8,-0.8,7.83,588.89,-0.97
1977-05-01,1977,5,"Crude oil, Dubai",Energy,($/bbl),12.4,0.0,-0.8,7.83,588.89,-0.4
1977-06-01,1977,6,"Crude oil, Dubai",Energy,($/bbl),12.4,0.0,-0.8,7.83,588.89,-0.4
1977-07-01,1977,7,"Crude oil, Dubai",Energy,($/bbl),12.6,1.61,1.61,8.62,563.16,0.6
1977-08-01,1977,8,"Crude oil, Dubai",Energy,($/bbl),12.6,0.0,1.61,8.62,563.16,-0.43
1977-09-01,1977,9,"Crude oil, Dubai",Energy,($/bbl),12.6,0.0,1.61,8.62,563.16,-0.43
1977-10-01,1977,10,"Crude oil, Dubai",Energy,($/bbl),12.7,0.79,0.79,6.72,568.42,0.06
1977-11-01,1977,11,"Crude oil, Dubai",Energy,($/bbl),12.7,0.0,0.79,6.72,568.42,-0.36
1977-12-01,1977,12,"Crude oil, Dubai",Energy,($/bbl),12.7,0.0,0.79,6.72,568.42,-0.36
1978-01-01,1978,1,"Crude oil, Dubai",Energy,($/bbl),12.7,0.0,0.0,1.6,504.76,-0.36
1978-02-01,1978,2,"Crude oil, Dubai",Energy,($/bbl),12.7,0.0,0.0,1.6,504.76,-0.23
1978-03-01,1978,3,"Crude oil, Dubai",Energy,($/bbl),12.7,0.0,0.0,1.6,504.76,-0.23
1978-04-01,1978,4,"Crude oil, Dubai",Energy,($/bbl),12.7,0.0,0.0,2.42,429.17,-0.23
1978-05-01,1978,5,"Crude oil, Dubai",Energy,($/bbl),12.7,0.0,0.0,2.42,429.17,-0.4
1978-06-01,1978,6,"Crude oil, Dubai",Energy,($/bbl),12.7,0.0,0.0,2.42,429.17,-0.4
1978-07-01,1978,7,"Crude oil, Dubai",Energy,($/bbl),12.8,0.79,0.79,1.59,374.07,1.17
1978-08-01,1978,8,"Crude oil, Dubai",Energy,($/bbl),12.8,0.0,0.79,1.59,374.07,-0.43
1978-09-01,1978,9,"Crude oil, Dubai",Energy,($/bbl),12.8,0.0,0.79,1.59,374.07,-0.43
1978-10-01,1978,10,"Crude oil, Dubai",Energy,($/bbl),12.9,0.78,0.78,1.57,214.63,2.11
1978-11-01,1978,11,"Crude oil, Dubai",Energy,($/bbl),13.2,2.33,3.12,3.94,221.95,7.19
1978-12-01,1978,12,"Crude oil, Dubai",Energy,($/bbl),14.5,9.85,13.28,14.17,253.66,13.62
1979-01-01,1979,1,"Crude oil, Dubai",Energy,($/bbl),15.9,9.66,23.26,25.2,22.31,3.01
1979-02-01,1979,2,"Crude oil, Dubai",Energy,($/bbl),19.5,22.64,47.73,53.54,50.0,5.58
1979-03-01,1979,3,"Crude oil, Dubai",Energy,($/bbl),20.8,6.67,43.45,63.78,60.0,0.41
1979-04-01,1979,4,"Crude oil, Dubai",Energy,($/bbl),21.2,1.92,33.33,66.93,100.0,-0.36
1979-05-01,1979,5,"Crude oil, Dubai",Energy,($/bbl),34.3,61.79,75.9,170.08,223.58,8.42
1979-06-01,1979,6,"Crude oil, Dubai",Energy,($/bbl),32.8,-4.37,57.69,158.27,209.43,-0.8
1979-07-01,1979,7,"Crude oil, Dubai",Energy,($/bbl),32.0,-2.44,50.94,150.0,220.0,-0.66
1979-08-01,1979,8,"Crude oil, Dubai",Energy,($/bbl),32.3,0.94,-5.83,152.34,223.0,-0.45
1979-09-01,1979,9,"Crude oil, Dubai",Energy,($/bbl),34.5,6.81,5.18,169.53,245.0,-0.13
1979-10-01,1979,10,"Crude oil, Dubai",Energy,($/bbl),36.0,4.35,12.5,179.07,249.51,-0.3
1979-11-01,1979,11,"Crude oil, Dubai",Energy,($/bbl),39.5,9.72,22.29,199.24,283.5,-0.02
1979-12-01,1979,12,"Crude oil, Dubai",Energy,($/bbl),39.0,-1.27,13.04,168.97,278.64,-0.68
1980-01-01,1980,1,"Crude oil, Dubai",Energy,($/bbl),38.0,-2.56,5.56,138.99,265.38,-0.68
1980-02-01,1980,2,"Crude oil, Dubai",Energy,($/bbl),36.0,-5.26,-8.86,84.62,246.15,-0.76
1980-03-01,1980,3,"Crude oil, Dubai",Energy,($/bbl),35.8,-0.56,-8.21,72.12,244.23,-0.38
1980-04-01,1980,4,"Crude oil, Dubai",Energy,($/bbl),35.0,-2.23,-7.89,65.09,236.54,-0.44
1980-05-01,1980,5,"Crude oil, Dubai",Energy,($/bbl),35.6,1.71,-1.11,3.79,242.31,-0.2
1980-06-01,1980,6,"Crude oil, Dubai",Energy,($/bbl),36.0,1.12,0.56,9.76,246.15,0.16
1980-07-01,1980,7,"Crude oil, Dubai",Energy,($/bbl),33.3,-7.5,-4.86,4.06,220.19,-1.95
1980-08-01,1980,8,"Crude oil, Dubai",Energy,($/bbl),32.3,-3.0,-9.27,0.0,210.58,-0.71
1980-09-01,1980,9,"Crude oil, Dubai",Energy,($/bbl),32.3,0.0,-10.28,-6.38,210.58,-0.02
1980-10-01,1980,10,"Crude oil, Dubai",Energy,($/bbl),36.8,13.93,10.51,2.22,250.48,3.21
1980-11-01,1980,11,"Crude oil, Dubai",Energy,($/bbl),39.8,8.15,23.22,0.76,279.05,1.3
1980-12-01,1980,12,"Crude oil, Dubai",Energy,($/bbl),39.3,-1.26,21.67,0.77,274.29,-0.25
1981-01-01,1981,1,"Crude oil, Dubai",Energy,($/bbl),39.3,0.0,6.79,3.42,241.74,-0.04
1981-02-01,1981,2,"Crude oil, Dubai",Energy,($/bbl),37.1,-5.6,-6.78,3.06,222.61,-1.05
1981-03-01,1981,3,"Crude oil, Dubai",Energy,($/bbl),36.8,-0.81,-6.36,2.79,220.0,-0.21
1981-04-01,1981,4,"Crude oil, Dubai",Energy,($/bbl),35.5,-3.53,-9.67,1.43,208.7,-0.68
1981-05-01,1981,5,"Crude oil, Dubai",Energy,($/bbl),33.4,-5.92,-9.97,-6.18,190.43,-1.06
1981-06-01,1981,6,"Crude oil, Dubai",Energy,($/bbl),32.2,-3.59,-12.5,-10.56,180.0,-0.53
1981-07-01,1981,7,"Crude oil, Dubai",Energy,($/bbl),32.0,-0.62,-9.86,-3.9,175.86,0.02
1981-08-01,1981,8,"Crude oil, Dubai",Energy,($/bbl),32.2,0.63,-3.59,-0.31,177.59,0.14
1981-09-01,1981,9,"Crude oil, Dubai",Energy,($/bbl),32.1,-0.31,-0.31,-0.62,176.72,-0.07
1981-10-01,1981,10,"Crude oil, Dubai",Energy,($/bbl),32.7,1.87,2.19,-11.14,174.79,0.31
1981-11-01,1981,11,"Crude oil, Dubai",Energy,($/bbl),34.2,4.59,6.21,-14.07,187.39,1.47
1981-12-01,1981,12,"Crude oil, Dubai",Energy,($/bbl),34.1,-0.29,6.23,-13.23,186.55,0.3
1982-01-01,1982,1,"Crude oil, Dubai",Energy,($/bbl),34.0,-0.29,3.98,-13.49,172.0,0.27
1982-02-01,1982,2,"Crude oil, Dubai",Energy,($/bbl),30.4,-10.59,-11.11,-18.06,143.2,-3.1
1982-03-01,1982,3,"Crude oil, Dubai",Energy,($/bbl),28.6,-5.92,-16.13,-22.28,128.8,-1.11
1982-04-01,1982,4,"Crude oil, Dubai",Energy,($/bbl),30.9,8.04,-9.12,-12.96,149.19,2.45
1982-05-01,1982,5,"Crude oil, Dubai",Energy,($/bbl),33.3,7.77,9.54,-0.3,168.55,1.77
1982-06-01,1982,6,"Crude oil, Dubai",Energy,($/bbl),32.7,-1.8,14.34,1.55,163.71,-0.36
1982-07-01,1982,7,"Crude oil, Dubai",Energy,($/bbl),31.7,-3.06,2.59,-0.94,151.59,-0.63
1982-08-01,1982,8,"Crude oil, Dubai",Energy,($/bbl),31.2,-1.58,-6.31,-3.11,147.62,-0.31
1982-09-01,1982,9,"Crude oil, Dubai",Energy,($/bbl),33.0,5.77,0.92,2.8,161.9,1.11
1982-10-01,1982,10,"Crude oil, Dubai",Energy,($/bbl),33.4,1.21,5.36,2.14,162.99,0.15
1982-11-01,1982,11,"Crude oil, Dubai",Energy,($/bbl),31.8,-4.79,1.92,-7.02,150.39,-0.92
1982-12-01,1982,12,"Crude oil, Dubai",Energy,($/bbl),30.1,-5.35,-8.79,-11.73,137.01,-0.88
1983-01-01,1983,1,"Crude oil, Dubai",Energy,($/bbl),30.0,-0.33,-10.18,-11.76,136.22,0.1
1983-02-01,1983,2,"Crude oil, Dubai",Energy,($/bbl),29.0,-3.33,-8.81,-4.61,128.35,-0.43
1983-03-01,1983,3,"Crude oil, Dubai",Energy,($/bbl),28.1,-3.1,-6.64,-1.75,121.26,-0.57
1983-04-01,1983,4,"Crude oil, Dubai",Energy,($/bbl),28.7,2.14,-4.33,-7.12,125.98,0.46
1983-05-01,1983,5,"Crude oil, Dubai",Energy,($/bbl),28.5,-0.7,-1.72,-14.41,124.41,-0.04
1983-06-01,1983,6,"Crude oil, Dubai",Energy,($/bbl),28.8,1.05,2.49,-11.93,126.77,0.73
1983-07-01,1983,7,"Crude oil, Dubai",Energy,($/bbl),29.0,0.69,1.05,-8.52,126.56,0.53
1983-08-01,1983,8,"Crude oil, Dubai",Energy,($/bbl),28.9,-0.34,1.4,-7.37,125.78,0.11
1983-09-01,1983,9,"Crude oil, Dubai",Energy,($/bbl),28.6,-1.04,-0.69,-13.33,123.44,-0.14
1983-10-01,1983,10,"Crude oil, Dubai",Energy,($/bbl),28.6,0.0,-1.38,-14.37,121.71,0.47
1983-11-01,1983,11,"Crude oil, Dubai",Energy,($/bbl),28.3,-1.05,-2.08,-11.01,114.39,0.09
1983-12-01,1983,12,"Crude oil, Dubai",Energy,($/bbl),28.3,0.0,-1.05,-5.98,95.17,0.46
1984-01-01,1984,1,"Crude oil, Dubai",Energy,($/bbl),27.7,-2.12,-3.15,-7.67,74.21,-1.04
1984-02-01,1984,2,"Crude oil, Dubai",Energy,($/bbl),27.6,-0.36,-2.47,-4.83,41.54,0.18
1984-03-01,1984,3,"Crude oil, Dubai",Energy,($/bbl),27.8,0.72,-1.77,-1.07,33.65,0.81
1984-04-01,1984,4,"Crude oil, Dubai",Energy,($/bbl),28.0,0.72,1.08,-2.44,32.08,0.71
1984-05-01,1984,5,"Crude oil, Dubai",Energy,($/bbl),28.0,0.0,1.45,-1.75,-18.37,0.22
1984-06-01,1984,6,"Crude oil, Dubai",Energy,($/bbl),27.9,-0.36,0.36,-3.13,-14.94,-0.23
1984-07-01,1984,7,"Crude oil, Dubai",Energy,($/bbl),27.3,-2.15,-2.5,-5.86,-14.69,-2.25
1984-08-01,1984,8,"Crude oil, Dubai",Energy,($/bbl),27.2,-0.37,-2.86,-5.88,-15.79,0.14
1984-09-01,1984,9,"Crude oil, Dubai",Energy,($/bbl),27.4,0.74,-1.79,-4.2,-20.58,1.31
1984-10-01,1984,10,"Crude oil, Dubai",Energy,($/bbl),27.1,-1.09,-0.73,-5.24,-24.72,-0.75
1984-11-01,1984,11,"Crude oil, Dubai",Energy,($/bbl),27.1,0.0,-0.37,-4.24,-31.39,0.44
1984-12-01,1984,12,"Crude oil, Dubai",Energy,($/bbl),26.8,-1.11,-2.19,-5.3,-31.28,-0.76
1985-01-01,1985,1,"Crude oil, Dubai",Energy,($/bbl),27.3,1.87,0.74,-1.44,-28.16,2.3
1985-02-01,1985,2,"Crude oil, Dubai",Energy,($/bbl),27.3,0.0,0.74,-1.09,-24.17,0.11
1985-03-01,1985,3,"Crude oil, Dubai",Energy,($/bbl),27.2,-0.37,1.49,-2.16,-24.02,-0.27
1985-04-01,1985,4,"Crude oil, Dubai",Energy,($/bbl),26.7,-1.84,-2.2,-4.64,-23.71,-1.62
1985-05-01,1985,5,"Crude oil, Dubai",Energy,($/bbl),25.7,-3.75,-5.86,-8.21,-27.81,-3.08
1985-06-01,1985,6,"Crude oil, Dubai",Energy,($/bbl),25.5,-0.78,-6.25,-8.6,-29.17,-0.05
1985-07-01,1985,7,"Crude oil, Dubai",Energy,($/bbl),25.7,0.78,-3.75,-5.86,-22.82,1.06
1985-08-01,1985,8,"Crude oil, Dubai",Energy,($/bbl),26.3,2.33,2.33,-3.31,-18.58,1.98
1985-09-01,1985,9,"Crude oil, Dubai",Energy,($/bbl),26.2,-0.38,2.75,-4.38,-18.89,-0.07
1985-10-01,1985,10,"Crude oil, Dubai",Energy,($/bbl),26.7,1.91,3.89,-1.48,-27.45,1.4
1985-11-01,1985,11,"Crude oil, Dubai",Energy,($/bbl),26.9,0.75,2.28,-0.74,-32.41,0.5
1985-12-01,1985,12,"Crude oil, Dubai",Energy,($/bbl),26.3,-2.23,0.38,-1.87,-33.08,-1.26
1986-01-01,1986,1,"Crude oil, Dubai",Energy,($/bbl),25.4,-3.42,-4.87,-6.96,-35.37,-1.79
1986-02-01,1986,2,"Crude oil, Dubai",Energy,($/bbl),14.8,-41.73,-44.98,-45.79,-60.11,-21.27
1986-03-01,1986,3,"Crude oil, Dubai",Energy,($/bbl),11.5,-22.3,-56.27,-57.72,-68.75,-1.52
1986-04-01,1986,4,"Crude oil, Dubai",Energy,($/bbl),10.3,-10.43,-59.45,-61.42,-70.99,-0.35
1986-05-01,1986,5,"Crude oil, Dubai",Energy,($/bbl),11.5,11.65,-22.3,-55.25,-65.57,1.4
1986-06-01,1986,6,"Crude oil, Dubai",Energy,($/bbl),10.2,-11.3,-11.3,-60.0,-68.32,-0.43
1986-07-01,1986,7,"Crude oil, Dubai",Energy,($/bbl),7.9,-22.55,-23.3,-69.26,-75.31,-1.16
1986-08-01,1986,8,"Crude oil, Dubai",Energy,($/bbl),12.2,54.43,6.09,-53.61,-62.11,4.28
1986-09-01,1986,9,"Crude oil, Dubai",Energy,($/bbl),13.1,7.38,28.43,-50.0,-59.19,0.48
1986-10-01,1986,10,"Crude oil, Dubai",Energy,($/bbl),13.2,0.76,67.09,-50.56,-59.63,0.17
1986-11-01,1986,11,"Crude oil, Dubai",Energy,($/bbl),13.6,3.03,11.48,-49.44,-60.23,0.27
1986-12-01,1986,12,"Crude oil, Dubai",Energy,($/bbl),14.9,9.56,13.74,-43.35,-56.3,0.54
1987-01-01,1987,1,"Crude oil, Dubai",Energy,($/bbl),17.2,15.44,30.3,-32.28,-49.41,0.74
1987-02-01,1987,2,"Crude oil, Dubai",Energy,($/bbl),16.7,-2.91,22.79,12.84,-45.07,-0.1
1987-03-01,1987,3,"Crude oil, Dubai",Energy,($/bbl),16.9,1.2,13.42,46.96,-40.91,-0.07
1987-04-01,1987,4,"Crude oil, Dubai",Energy,($/bbl),17.0,0.59,-1.16,65.05,-44.98,-0.22
1987-05-01,1987,5,"Crude oil, Dubai",Energy,($/bbl),17.1,0.59,2.4,48.7,-48.65,-0.27
1987-06-01,1987,6,"Crude oil, Dubai",Energy,($/bbl),17.3,1.17,2.37,69.61,-47.09,-0.19
1987-07-01,1987,7,"Crude oil, Dubai",Energy,($/bbl),17.8,2.89,4.71,125.32,-43.85,-0.16
1987-08-01,1987,8,"Crude oil, Dubai",Energy,($/bbl),17.3,-2.81,1.17,41.8,-44.55,-0.69
1987-09-01,1987,9,"Crude oil, Dubai",Energy,($/bbl),17.0,-1.73,-1.73,29.77,-48.48,-0.91
1987-10-01,1987,10,"Crude oil, Dubai",Energy,($/bbl),17.1,0.59,-3.93,29.55,-48.8,-0.33
1987-11-01,1987,11,"Crude oil, Dubai",Energy,($/bbl),16.6,-2.92,-4.05,22.06,-47.8,-0.99
1987-12-01,1987,12,"Crude oil, Dubai",Energy,($/bbl),15.5,-6.63,-8.82,4.03,-48.5,-1.54
1988-01-01,1988,1,"Crude oil, Dubai",Energy,($/bbl),15.4,-0.65,-9.94,-10.47,-48.67,-0.2
1988-02-01,1988,2,"Crude oil, Dubai",Energy,($/bbl),15.1,-1.95,-9.04,-9.58,-47.93,-0.41
1988-03-01,1988,3,"Crude oil, Dubai",Energy,($/bbl),13.4,-11.26,-13.55,-20.71,-52.31,-4.09
1988-04-01,1988,4,"Crude oil, Dubai",Energy,($/bbl),15.0,11.94,-2.6,-11.76,-47.74,3.57
1988-05-01,1988,5,"Crude oil, Dubai",Energy,($/bbl),14.9,-0.67,-1.32,-12.87,-47.72,0.04
1988-06-01,1988,6,"Crude oil, Dubai",Energy,($/bbl),13.8,-7.38,2.99,-20.23,-52.08,-1.16
1988-07-01,1988,7,"Crude oil, Dubai",Energy,($/bbl),13.1,-5.07,-12.67,-26.4,-54.83,-0.58
1988-08-01,1988,8,"Crude oil, Dubai",Energy,($/bbl),13.2,0.76,-11.41,-23.7,-54.33,0.56
1988-09-01,1988,9,"Crude oil, Dubai",Energy,($/bbl),11.6,-12.12,-15.94,-31.76,-59.44,-1.76
1988-10-01,1988,10,"Crude oil, Dubai",Energy,($/bbl),10.3,-11.21,-21.37,-39.77,-63.99,-1.29
1988-11-01,1988,11,"Crude oil, Dubai",Energy,($/bbl),10.6,2.91,-19.7,-36.14,-62.54,1.02
1988-12-01,1988,12,"Crude oil, Dubai",Energy,($/bbl),12.5,17.92,7.76,-19.35,-55.83,3.06
1989-01-01,1989,1,"Crude oil, Dubai",Energy,($/bbl),14.5,16.0,40.78,-5.84,-47.65,1.89
1989-02-01,1989,2,"Crude oil, Dubai",Energy,($/bbl),14.6,0.69,37.74,-3.31,-47.1,0.07
1989-03-01,1989,3,"Crude oil, Dubai",Energy,($/bbl),16.0,9.59,28.0,19.4,-42.45,0.89
1989-04-01,1989,4,"Crude oil, Dubai",Energy,($/bbl),16.9,5.62,16.55,12.67,-39.64,0.36
1989-05-01,1989,5,"Crude oil, Dubai",Energy,($/bbl),15.7,-7.1,7.53,5.37,-43.93,-0.88
1989-06-01,1989,6,"Crude oil, Dubai",Energy,($/bbl),15.4,-1.91,-3.75,11.59,-44.8,-0.28
1989-07-01,1989,7,"Crude oil, Dubai",Energy,($/bbl),15.5,0.65,-8.28,18.32,-43.22,-0.07
1989-08-01,1989,8,"Crude oil, Dubai",Energy,($/bbl),15.0,-3.23,-4.46,13.64,-44.85,-0.53
1989-09-01,1989,9,"Crude oil, Dubai",Energy,($/bbl),15.6,4.0,1.3,34.48,-43.07,0.26
1989-10-01,1989,10,"Crude oil, Dubai",Energy,($/bbl),16.2,3.85,4.52,57.28,-40.22,0.12
1989-11-01,1989,11,"Crude oil, Dubai",Energy,($/bbl),16.2,0.0,8.0,52.83,-40.22,-0.55
1989-12-01,1989,12,"Crude oil, Dubai",Energy,($/bbl),17.1,5.56,9.62,36.8,-36.19,0.23
1990-01-01,1990,1,"Crude oil, Dubai",Energy,($/bbl),17.5,2.34,8.02,20.69,-35.9,-0.08
1990-02-01,1990,2,"Crude oil, Dubai",Energy,($/bbl),16.8,-4.0,3.7,15.07,-38.46,-1.26
1990-03-01,1990,3,"Crude oil, Dubai",Energy,($/bbl),15.8,-5.95,-7.6,-1.25,-41.91,-1.51
1990-04-01,1990,4,"Crude oil, Dubai",Energy,($/bbl),14.3,-9.49,-18.29,-15.38,-46.44,-2.14
1990-05-01,1990,5,"Crude oil, Dubai",Energy,($/bbl),14.6,2.1,-13.1,-7.01,-43.19,0.7
1990-06-01,1990,6,"Crude oil, Dubai",Energy,($/bbl),13.3,-8.9,-15.82,-13.64,-47.84,-1.86
1990-07-01,1990,7,"Crude oil, Dubai",Energy,($/bbl),15.3,15.04,6.99,-1.29,-40.47,3.15
1990-08-01,1990,8,"Crude oil, Dubai",Energy,($/bbl),25.0,63.4,71.23,66.67,-4.94,9.13
1990-09-01,1990,9,"Crude oil, Dubai",Energy,($/bbl),30.3,21.2,127.82,94.23,15.65,0.8
1990-10-01,1990,10,"Crude oil, Dubai",Energy,($/bbl),31.6,4.29,106.54,95.06,18.35,-0.14
1990-11-01,1990,11,"Crude oil, Dubai",Energy,($/bbl),28.0,-11.39,12.0,72.84,4.09,-0.93
1990-12-01,1990,12,"Crude oil, Dubai",Energy,($/bbl),23.3,-16.79,-23.1,36.26,-11.41,-1.12
1991-01-01,1991,1,"Crude oil, Dubai",Energy,($/bbl),19.4,-16.74,-38.61,10.86,-23.62,-0.97
1991-02-01,1991,2,"Crude oil, Dubai",Energy,($/bbl),14.5,-25.26,-48.21,-13.69,-2.03,-1.25
1991-03-01,1991,3,"Crude oil, Dubai",Energy,($/bbl),14.9,2.76,-36.05,-5.7,29.57,0.08
1991-04-01,1991,4,"Crude oil, Dubai",Energy,($/bbl),15.4,3.36,-20.62,7.69,49.51,0.07
1991-05-01,1991,5,"Crude oil, Dubai",Energy,($/bbl),15.9,3.25,9.66,8.9,38.26,0.02
1991-06-01,1991,6,"Crude oil, Dubai",Energy,($/bbl),15.4,-3.14,3.36,15.79,50.98,-0.26
1991-07-01,1991,7,"Crude oil, Dubai",Energy,($/bbl),16.3,5.84,5.84,6.54,106.33,0.11
1991-08-01,1991,8,"Crude oil, Dubai",Energy,($/bbl),16.7,2.45,5.03,-33.2,36.89,-0.0
1991-09-01,1991,9,"Crude oil, Dubai",Energy,($/bbl),17.8,6.59,15.58,-41.25,35.88,0.71
1991-10-01,1991,10,"Crude oil, Dubai",Energy,($/bbl),19.0,6.74,16.56,-39.87,43.94,0.96
1991-11-01,1991,11,"Crude oil, Dubai",Energy,($/bbl),18.5,-2.63,10.78,-33.93,36.03,0.08
1991-12-01,1991,12,"Crude oil, Dubai",Energy,($/bbl),15.3,-17.3,-14.04,-34.33,2.68,-1.34
1992-01-01,1992,1,"Crude oil, Dubai",Energy,($/bbl),15.2,-0.65,-20.0,-21.65,-11.63,0.2
1992-02-01,1992,2,"Crude oil, Dubai",Energy,($/bbl),15.8,3.95,-14.59,8.97,-5.39,0.55
1992-03-01,1992,3,"Crude oil, Dubai",Energy,($/bbl),15.8,0.0,3.27,6.04,-6.51,-0.14
1992-04-01,1992,4,"Crude oil, Dubai",Energy,($/bbl),16.7,5.7,9.87,8.44,-1.76,0.76
1992-05-01,1992,5,"Crude oil, Dubai",Energy,($/bbl),17.6,5.39,11.39,10.69,2.92,0.67
1992-06-01,1992,6,"Crude oil, Dubai",Energy,($/bbl),19.0,7.95,20.25,23.38,9.83,1.01
1992-07-01,1992,7,"Crude oil, Dubai",Energy,($/bbl),18.5,-2.63,10.78,13.5,3.93,-0.67
1992-08-01,1992,8,"Crude oil, Dubai",Energy,($/bbl),17.8,-3.78,1.14,6.59,2.89,-0.73
1992-09-01,1992,9,"Crude oil, Dubai",Energy,($/bbl),18.3,2.81,-3.68,2.81,7.65,0.29
1992-10-01,1992,10,"Crude oil, Dubai",Energy,($/bbl),18.3,0.0,-1.08,-3.68,7.02,-0.07
1992-11-01,1992,11,"Crude oil, Dubai",Energy,($/bbl),17.1,-6.56,-3.93,-7.57,3.01,-0.98
1992-12-01,1992,12,"Crude oil, Dubai",Energy,($/bbl),16.3,-4.68,-10.93,6.54,5.16,-0.62
1993-01-01,1993,1,"Crude oil, Dubai",Energy,($/bbl),15.2,-6.75,-16.94,0.0,-1.3,-1.61
1993-02-01,1993,2,"Crude oil, Dubai",Energy,($/bbl),16.0,5.26,-6.43,1.27,5.96,1.02
1993-03-01,1993,3,"Crude oil, Dubai",Energy,($/bbl),16.3,1.88,0.0,3.16,21.64,0.32
1993-04-01,1993,4,"Crude oil, Dubai",Energy,($/bbl),16.4,0.61,7.89,-1.8,9.33,0.04
1993-05-01,1993,5,"Crude oil, Dubai",Energy,($/bbl),16.0,-2.44,0.0,-9.09,7.38,-0.49
1993-06-01,1993,6,"Crude oil, Dubai",Energy,($/bbl),15.6,-2.5,-4.29,-17.89,13.04,-0.39
1993-07-01,1993,7,"Crude oil, Dubai",Energy,($/bbl),14.3,-8.33,-12.8,-22.7,9.16,-1.81
1993-08-01,1993,8,"Crude oil, Dubai",Energy,($/bbl),14.8,3.5,-7.5,-16.85,12.12,1.31
1993-09-01,1993,9,"Crude oil, Dubai",Energy,($/bbl),14.2,-4.05,-8.97,-22.4,22.41,-0.59
1993-10-01,1993,10,"Crude oil, Dubai",Energy,($/bbl),14.8,4.23,3.5,-19.13,43.69,1.45
1993-11-01,1993,11,"Crude oil, Dubai",Energy,($/bbl),13.7,-7.43,-7.43,-19.88,29.25,-1.24
1993-12-01,1993,12,"Crude oil, Dubai",Energy,($/bbl),12.2,-10.95,-14.08,-25.15,-2.4,-1.95
1994-01-01,1994,1,"Crude oil, Dubai",Energy,($/bbl),13.2,8.2,-10.81,-13.16,-8.97,1.94
1994-02-01,1994,2,"Crude oil, Dubai",Energy,($/bbl),12.8,-3.03,-6.57,-20.0,-12.33,-0.34
1994-03-01,1994,3,"Crude oil, Dubai",Energy,($/bbl),12.3,-3.91,0.82,-24.54,-23.12,-0.39
1994-04-01,1994,4,"Crude oil, Dubai",Energy,($/bbl),13.8,12.2,4.55,-15.85,-18.34,2.59
1994-05-01,1994,5,"Crude oil, Dubai",Energy,($/bbl),14.8,7.25,15.62,-7.5,-5.73,1.22
1994-06-01,1994,6,"Crude oil, Dubai",Energy,($/bbl),15.7,6.08,27.64,0.64,1.95,0.89
1994-07-01,1994,7,"Crude oil, Dubai",Energy,($/bbl),16.4,4.46,18.84,14.69,5.81,0.55
1994-08-01,1994,8,"Crude oil, Dubai",Energy,($/bbl),15.9,-3.05,7.43,7.43,6.0,-0.63
1994-09-01,1994,9,"Crude oil, Dubai",Energy,($/bbl),15.3,-3.77,-2.55,7.75,-1.92,-0.65
1994-10-01,1994,10,"Crude oil, Dubai",Energy,($/bbl),15.4,0.65,-6.1,4.05,-4.94,-0.03
1994-11-01,1994,11,"Crude oil, Dubai",Energy,($/bbl),16.0,3.9,0.63,16.79,-1.23,0.47
1994-12-01,1994,12,"Crude oil, Dubai",Energy,($/bbl),14.7,-8.13,-3.92,20.49,-14.04,-1.45
1995-01-01,1995,1,"Crude oil, Dubai",Energy,($/bbl),16.1,9.52,4.55,21.97,-8.0,1.26
1995-02-01,1995,2,"Crude oil, Dubai",Energy,($/bbl),16.6,3.11,3.75,29.69,-1.19,0.2
1995-03-01,1995,3,"Crude oil, Dubai",Energy,($/bbl),16.5,-0.6,12.24,34.15,4.43,-0.48
1995-04-01,1995,4,"Crude oil, Dubai",Energy,($/bbl),17.4,5.45,8.07,26.09,21.68,0.48
1995-05-01,1995,5,"Crude oil, Dubai",Energy,($/bbl),17.3,-0.57,4.22,16.89,18.49,-0.51
1995-06-01,1995,6,"Crude oil, Dubai",Energy,($/bbl),16.2,-6.36,-1.82,3.18,21.8,-1.57
1995-07-01,1995,7,"Crude oil, Dubai",Energy,($/bbl),15.0,-7.41,-13.79,-8.54,-1.96,-1.51
1995-08-01,1995,8,"Crude oil, Dubai",Energy,($/bbl),15.4,2.67,-10.98,-3.14,-38.4,0.6
1995-09-01,1995,9,"Crude oil, Dubai",Energy,($/bbl),15.7,1.95,-3.09,2.61,-48.18,0.38
1995-10-01,1995,10,"Crude oil, Dubai",Energy,($/bbl),14.9,-5.1,-0.67,-3.25,-52.85,-1.01
1995-11-01,1995,11,"Crude oil, Dubai",Energy,($/bbl),15.6,4.7,1.3,-2.5,-44.29,0.86
1995-12-01,1995,12,"Crude oil, Dubai",Energy,($/bbl),16.8,7.69,7.01,14.29,-27.9,1.37
1996-01-01,1996,1,"Crude oil, Dubai",Energy,($/bbl),16.6,-1.19,11.41,3.11,-14.43,-0.45
1996-02-01,1996,2,"Crude oil, Dubai",Energy,($/bbl),16.1,-3.01,3.21,-3.01,11.03,-0.7
1996-03-01,1996,3,"Crude oil, Dubai",Energy,($/bbl),17.1,6.21,1.79,3.64,14.77,1.32
1996-04-01,1996,4,"Crude oil, Dubai",Energy,($/bbl),17.8,4.09,7.23,2.3,15.58,0.72
1996-05-01,1996,5,"Crude oil, Dubai",Energy,($/bbl),17.0,-4.49,5.59,-1.73,6.92,-0.95
1996-06-01,1996,6,"Crude oil, Dubai",Energy,($/bbl),17.0,0.0,-0.58,4.94,10.39,0.0
1996-07-01,1996,7,"Crude oil, Dubai",Energy,($/bbl),17.8,4.71,0.0,18.67,9.2,0.87
1996-08-01,1996,8,"Crude oil, Dubai",Energy,($/bbl),18.8,5.62,10.59,22.08,12.57,0.96
1996-09-01,1996,9,"Crude oil, Dubai",Energy,($/bbl),20.3,7.98,19.41,29.3,14.04,1.41
1996-10-01,1996,10,"Crude oil, Dubai",Energy,($/bbl),21.7,6.9,21.91,45.64,14.21,0.97
1996-11-01,1996,11,"Crude oil, Dubai",Energy,($/bbl),20.9,-3.69,11.17,33.97,12.97,-1.61
1996-12-01,1996,12,"Crude oil, Dubai",Energy,($/bbl),21.7,3.83,6.9,29.17,41.83,0.27
1997-01-01,1997,1,"Crude oil, Dubai",Energy,($/bbl),21.3,-1.84,-1.84,28.31,40.13,-0.92
1997-02-01,1997,2,"Crude oil, Dubai",Energy,($/bbl),18.6,-12.68,-11.0,15.53,17.72,-3.3
1997-03-01,1997,3,"Crude oil, Dubai",Energy,($/bbl),18.1,-2.69,-16.59,5.85,14.56,-0.67
1997-04-01,1997,4,"Crude oil, Dubai",Energy,($/bbl),16.8,-7.18,-21.13,-5.62,0.6,-1.3
1997-05-01,1997,5,"Crude oil, Dubai",Energy,($/bbl),18.5,10.12,-0.54,8.82,5.11,1.66
1997-06-01,1997,6,"Crude oil, Dubai",Energy,($/bbl),17.3,-6.49,-4.42,1.76,-8.95,-1.09
1997-07-01,1997,7,"Crude oil, Dubai",Energy,($/bbl),17.3,0.0,2.98,-2.81,-6.49,-0.05
1997-08-01,1997,8,"Crude oil, Dubai",Energy,($/bbl),17.8,2.89,-3.78,-5.32,0.0,0.41
1997-09-01,1997,9,"Crude oil, Dubai",Energy,($/bbl),18.0,1.12,4.05,-11.33,-1.64,0.2
1997-10-01,1997,10,"Crude oil, Dubai",Energy,($/bbl),19.1,6.11,10.4,-11.98,4.37,1.09
1997-11-01,1997,11,"Crude oil, Dubai",Energy,($/bbl),18.4,-3.66,3.37,-11.96,7.6,-0.44
1997-12-01,1997,12,"Crude oil, Dubai",Energy,($/bbl),16.2,-11.96,-10.0,-25.35,-0.61,-1.77
1998-01-01,1998,1,"Crude oil, Dubai",Energy,($/bbl),13.4,-17.28,-29.84,-37.09,-11.84,-2.21
1998-02-01,1998,2,"Crude oil, Dubai",Energy,($/bbl),12.4,-7.46,-32.61,-33.33,-22.5,-0.49
1998-03-01,1998,3,"Crude oil, Dubai",Energy,($/bbl),11.5,-7.26,-29.01,-36.46,-29.45,-0.55
1998-04-01,1998,4,"Crude oil, Dubai",Energy,($/bbl),11.8,2.61,-11.94,-29.76,-28.05,0.77
1998-05-01,1998,5,"Crude oil, Dubai",Energy,($/bbl),12.8,8.47,3.23,-30.81,-20.0,1.41
1998-06-01,1998,6,"Crude oil, Dubai",Energy,($/bbl),11.7,-8.59,1.74,-32.37,-25.0,-0.77
1998-07-01,1998,7,"Crude oil, Dubai",Energy,($/bbl),12.0,2.56,1.69,-30.64,-16.08,0.71
1998-08-01,1998,8,"Crude oil, Dubai",Energy,($/bbl),12.2,1.67,-4.69,-31.46,-17.57,0.56
1998-09-01,1998,9,"Crude oil, Dubai",Energy,($/bbl),13.1,7.38,11.97,-27.22,-7.75,1.31
1998-10-01,1998,10,"Crude oil, Dubai",Energy,($/bbl),12.8,-2.29,6.67,-32.98,-13.51,-0.0
1998-11-01,1998,11,"Crude oil, Dubai",Energy,($/bbl),11.8,-7.81,-3.28,-35.87,-13.87,-0.61
1998-12-01,1998,12,"Crude oil, Dubai",Energy,($/bbl),10.1,-14.41,-22.9,-37.65,-17.21,-1.39
1999-01-01,1999,1,"Crude oil, Dubai",Energy,($/bbl),10.8,6.93,-15.62,-19.4,-18.18,1.27
1999-02-01,1999,2,"Crude oil, Dubai",Energy,($/bbl),10.1,-6.48,-14.41,-18.55,-21.09,-0.66
1999-03-01,1999,3,"Crude oil, Dubai",Energy,($/bbl),12.4,22.77,22.77,7.83,0.81,3.26
1999-04-01,1999,4,"Crude oil, Dubai",Energy,($/bbl),15.0,20.97,38.89,27.12,8.7,2.0
1999-05-01,1999,5,"Crude oil, Dubai",Energy,($/bbl),15.3,2.0,51.49,19.53,3.38,-0.05
1999-06-01,1999,6,"Crude oil, Dubai",Energy,($/bbl),15.5,1.31,25.0,32.48,-1.27,-0.07
1999-07-01,1999,7,"Crude oil, Dubai",Energy,($/bbl),17.9,15.48,19.33,49.17,9.15,1.16
1999-08-01,1999,8,"Crude oil, Dubai",Energy,($/bbl),19.3,7.82,26.14,58.2,21.38,0.34
1999-09-01,1999,9,"Crude oil, Dubai",Energy,($/bbl),21.8,12.95,40.65,66.41,42.48,0.74
1999-10-01,1999,10,"Crude oil, Dubai",Energy,($/bbl),21.3,-2.29,18.99,66.41,38.31,-0.62
1999-11-01,1999,11,"Crude oil, Dubai",Energy,($/bbl),23.1,8.45,19.69,95.76,44.38,0.3
1999-12-01,1999,12,"Crude oil, Dubai",Energy,($/bbl),23.6,2.16,8.26,133.66,60.54,-0.38
2000-01-01,2000,1,"Crude oil, Dubai",Energy,($/bbl),23.3,-1.27,9.39,115.74,44.72,-0.99
2000-02-01,2000,2,"Crude oil, Dubai",Energy,($/bbl),24.7,6.01,6.93,144.55,48.8,-0.1
2000-03-01,2000,3,"Crude oil, Dubai",Energy,($/bbl),25.1,1.62,6.36,102.42,52.12,-0.76
2000-04-01,2000,4,"Crude oil, Dubai",Energy,($/bbl),22.0,-12.35,-5.58,46.67,26.44,-2.6
2000-05-01,2000,5,"Crude oil, Dubai",Energy,($/bbl),25.4,15.45,2.83,66.01,46.82,1.62
2000-06-01,2000,6,"Crude oil, Dubai",Energy,($/bbl),27.3,7.48,8.76,76.13,68.52,0.35
2000-07-01,2000,7,"Crude oil, Dubai",Energy,($/bbl),26.0,-4.76,18.18,45.25,73.33,-1.22
2000-08-01,2000,8,"Crude oil, Dubai",Energy,($/bbl),27.1,4.23,6.69,40.41,75.97,0.1
2000-09-01,2000,9,"Crude oil, Dubai",Energy,($/bbl),29.7,9.59,8.79,36.24,89.17,0.83
2000-10-01,2000,10,"Crude oil, Dubai",Energy,($/bbl),30.2,1.68,16.15,41.78,102.68,-0.16
2000-11-01,2000,11,"Crude oil, Dubai",Energy,($/bbl),30.1,-0.33,11.07,30.3,92.95,-0.49
2000-12-01,2000,12,"Crude oil, Dubai",Energy,($/bbl),22.1,-26.58,-25.59,-6.36,31.55,-4.09
2001-01-01,2001,1,"Crude oil, Dubai",Energy,($/bbl),22.7,2.71,-24.83,-2.58,36.75,0.24
2001-02-01,2001,2,"Crude oil, Dubai",Energy,($/bbl),24.7,8.81,-17.94,0.0,53.42,0.76
2001-03-01,2001,3,"Crude oil, Dubai",Energy,($/bbl),23.4,-5.26,5.88,-6.77,36.84,-0.53
2001-04-01,2001,4,"Crude oil, Dubai",Energy,($/bbl),24.1,2.99,6.17,9.55,35.39,0.26
2001-05-01,2001,5,"Crude oil, Dubai",Energy,($/bbl),25.6,6.22,3.64,0.79,50.59,0.46
2001-06-01,2001,6,"Crude oil, Dubai",Energy,($/bbl),25.6,0.0,9.4,-6.23,50.59,-0.06
2001-07-01,2001,7,"Crude oil, Dubai",Energy,($/bbl),23.4,-8.59,-2.9,-10.0,31.46,-0.89
2001-08-01,2001,8,"Crude oil, Dubai",Energy,($/bbl),24.3,3.85,-5.08,-10.33,29.26,0.43
2001-09-01,2001,9,"Crude oil, Dubai",Energy,($/bbl),24.0,-1.23,-6.25,-19.19,18.23,-0.08
2001-10-01,2001,10,"Crude oil, Dubai",Energy,($/bbl),19.5,-18.75,-16.67,-35.43,-10.14,-1.89
2001-11-01,2001,11,"Crude oil, Dubai",Energy,($/bbl),17.5,-10.26,-27.98,-41.86,-16.27,-0.69
2001-12-01,2001,12,"Crude oil, Dubai",Energy,($/bbl),17.6,0.57,-26.67,-20.36,-18.89,0.42
2002-01-01,2002,1,"Crude oil, Dubai",Energy,($/bbl),18.3,3.98,-6.15,-19.38,-14.08,0.71
2002-02-01,2002,2,"Crude oil, Dubai",Energy,($/bbl),18.9,3.28,8.0,-23.48,1.61,0.6
2002-03-01,2002,3,"Crude oil, Dubai",Energy,($/bbl),22.9,21.16,30.11,-2.14,26.52,3.12
2002-04-01,2002,4,"Crude oil, Dubai",Energy,($/bbl),24.4,6.55,33.33,1.24,45.24,0.64
2002-05-01,2002,5,"Crude oil, Dubai",Energy,($/bbl),24.6,0.82,30.16,-3.91,32.97,0.03
2002-06-01,2002,6,"Crude oil, Dubai",Energy,($/bbl),23.8,-3.25,3.93,-7.03,37.57,-0.34
2002-07-01,2002,7,"Crude oil, Dubai",Energy,($/bbl),24.6,3.36,0.82,5.13,42.2,0.36
2002-08-01,2002,8,"Crude oil, Dubai",Energy,($/bbl),25.3,2.85,2.85,4.12,42.13,0.21
2002-09-01,2002,9,"Crude oil, Dubai",Energy,($/bbl),26.8,5.93,12.61,11.67,48.89,0.54
2002-10-01,2002,10,"Crude oil, Dubai",Energy,($/bbl),26.2,-2.24,6.5,34.36,37.17,-0.37
2002-11-01,2002,11,"Crude oil, Dubai",Energy,($/bbl),23.2,-11.45,-8.3,32.57,26.09,-1.91
2002-12-01,2002,12,"Crude oil, Dubai",Energy,($/bbl),25.7,10.78,-4.1,46.02,58.64,1.07
2003-01-01,2003,1,"Crude oil, Dubai",Energy,($/bbl),28.1,9.34,7.25,53.55,109.7,0.74
2003-02-01,2003,2,"Crude oil, Dubai",Energy,($/bbl),30.2,7.47,30.17,59.79,143.55,0.44
2003-03-01,2003,3,"Crude oil, Dubai",Energy,($/bbl),27.4,-9.27,6.61,19.65,138.26,-1.66
2003-04-01,2003,4,"Crude oil, Dubai",Energy,($/bbl),23.4,-14.6,-16.73,-4.1,98.31,-2.3
2003-05-01,2003,5,"Crude oil, Dubai",Energy,($/bbl),24.3,3.85,-19.54,-1.22,89.84,0.47
2003-06-01,2003,6,"Crude oil, Dubai",Energy,($/bbl),25.5,4.94,-6.93,7.14,117.95,0.56
2003-07-01,2003,7,"Crude oil, Dubai",Energy,($/bbl),26.6,4.31,13.68,8.13,121.67,0.4
2003-08-01,2003,8,"Crude oil, Dubai",Energy,($/bbl),27.6,3.76,13.58,9.09,126.23,0.33
2003-09-01,2003,9,"Crude oil, Dubai",Energy,($/bbl),25.3,-8.33,-0.78,-5.6,93.13,-1.11
2003-10-01,2003,10,"Crude oil, Dubai",Energy,($/bbl),27.1,7.11,1.88,3.44,111.72,0.83
2003-11-01,2003,11,"Crude oil, Dubai",Energy,($/bbl),27.5,1.48,-0.36,18.53,133.05,0.09
2003-12-01,2003,12,"Crude oil, Dubai",Energy,($/bbl),27.9,1.45,10.28,8.56,176.24,-0.03
2004-01-01,2004,1,"Crude oil, Dubai",Energy,($/bbl),28.7,2.87,5.9,2.14,165.74,0.25
2004-02-01,2004,2,"Crude oil, Dubai",Energy,($/bbl),28.4,-1.05,3.27,-5.96,181.19,-0.21
2004-03-01,2004,3,"Crude oil, Dubai",Energy,($/bbl),30.5,7.39,9.32,11.31,145.97,1.14
2004-04-01,2004,4,"Crude oil, Dubai",Energy,($/bbl),31.1,1.97,8.36,32.91,107.33,0.13
2004-05-01,2004,5,"Crude oil, Dubai",Energy,($/bbl),34.5,10.93,21.48,41.98,125.49,2.03
2004-06-01,2004,6,"Crude oil, Dubai",Energy,($/bbl),33.4,-3.19,9.51,30.98,115.48,-1.3
2004-07-01,2004,7,"Crude oil, Dubai",Energy,($/bbl),34.5,3.29,10.93,29.7,92.74,0.18
2004-08-01,2004,8,"Crude oil, Dubai",Energy,($/bbl),38.3,11.01,11.01,38.77,98.45,1.72
2004-09-01,2004,9,"Crude oil, Dubai",Energy,($/bbl),35.5,-7.31,6.29,40.32,62.84,-1.81
2004-10-01,2004,10,"Crude oil, Dubai",Energy,($/bbl),37.6,5.92,8.99,38.75,76.53,0.53
2004-11-01,2004,11,"Crude oil, Dubai",Energy,($/bbl),34.9,-7.18,-8.88,26.91,51.08,-1.86
2004-12-01,2004,12,"Crude oil, Dubai",Energy,($/bbl),34.3,-1.72,-3.38,22.94,45.34,-0.63
2005-01-01,2005,1,"Crude oil, Dubai",Energy,($/bbl),37.8,10.2,0.53,31.71,62.23,1.33
2005-02-01,2005,2,"Crude oil, Dubai",Energy,($/bbl),40.9,8.2,17.19,44.01,65.59,0.85
2005-03-01,2005,3,"Crude oil, Dubai",Energy,($/bbl),45.6,11.49,32.94,49.51,81.67,1.21
2005-04-01,2005,4,"Crude oil, Dubai",Energy,($/bbl),47.1,3.29,24.6,51.45,114.09,-0.05
2005-05-01,2005,5,"Crude oil, Dubai",Energy,($/bbl),45.0,-4.46,10.02,30.43,77.17,-1.16
2005-06-01,2005,6,"Crude oil, Dubai",Energy,($/bbl),51.0,13.33,11.84,52.69,86.81,1.54
2005-07-01,2005,7,"Crude oil, Dubai",Energy,($/bbl),52.9,3.73,12.31,53.33,103.46,-0.02
2005-08-01,2005,8,"Crude oil, Dubai",Energy,($/bbl),56.6,6.99,25.78,47.78,108.86,0.42
2005-09-01,2005,9,"Crude oil, Dubai",Energy,($/bbl),56.5,-0.18,10.78,59.15,90.24,-0.52
2005-10-01,2005,10,"Crude oil, Dubai",Energy,($/bbl),53.7,-4.96,1.51,42.82,77.81,-1.41
2005-11-01,2005,11,"Crude oil, Dubai",Energy,($/bbl),51.3,-4.47,-9.36,46.99,70.43,-1.11
2005-12-01,2005,12,"Crude oil, Dubai",Energy,($/bbl),53.1,3.51,-6.02,54.81,140.27,0.01
2006-01-01,2006,1,"Crude oil, Dubai",Energy,($/bbl),58.3,9.79,8.57,54.23,156.83,0.92
2006-02-01,2006,2,"Crude oil, Dubai",Energy,($/bbl),57.6,-1.2,12.28,40.83,133.2,-0.8
2006-03-01,2006,3,"Crude oil, Dubai",Energy,($/bbl),57.6,0.0,8.47,26.32,146.15,-0.48
2006-04-01,2006,4,"Crude oil, Dubai",Energy,($/bbl),64.1,11.28,9.95,36.09,165.98,1.58
2006-05-01,2006,5,"Crude oil, Dubai",Energy,($/bbl),64.9,1.25,12.67,44.22,153.52,-0.24
2006-06-01,2006,6,"Crude oil, Dubai",Energy,($/bbl),65.1,0.31,13.02,27.65,154.3,-0.49
2006-07-01,2006,7,"Crude oil, Dubai",Energy,($/bbl),69.0,5.99,7.64,30.43,194.87,0.74
2006-08-01,2006,8,"Crude oil, Dubai",Energy,($/bbl),68.8,-0.29,6.01,21.55,183.13,-0.51
2006-09-01,2006,9,"Crude oil, Dubai",Energy,($/bbl),59.8,-13.08,-8.14,5.84,149.17,-2.93
2006-10-01,2006,10,"Crude oil, Dubai",Energy,($/bbl),56.5,-5.52,-18.12,5.21,189.74,-0.93
2006-11-01,2006,11,"Crude oil, Dubai",Energy,($/bbl),56.8,0.53,-17.44,10.72,224.57,-0.01
2006-12-01,2006,12,"Crude oil, Dubai",Energy,($/bbl),58.7,3.35,-1.84,10.55,233.52,0.35
2007-01-01,2007,1,"Crude oil, Dubai",Energy,($/bbl),52.0,-11.41,-7.96,-10.81,184.15,-1.92
2007-02-01,2007,2,"Crude oil, Dubai",Energy,($/bbl),55.7,7.12,-1.94,-3.3,194.71,1.16
2007-03-01,2007,3,"Crude oil, Dubai",Energy,($/bbl),59.1,6.1,0.68,2.6,158.08,0.86
2007-04-01,2007,4,"Crude oil, Dubai",Energy,($/bbl),63.8,7.95,22.69,-0.47,161.48,1.02
2007-05-01,2007,5,"Crude oil, Dubai",Energy,($/bbl),64.5,1.1,15.8,-0.62,162.2,0.13
2007-06-01,2007,6,"Crude oil, Dubai",Energy,($/bbl),65.8,2.02,11.34,1.08,176.47,0.26
2007-07-01,2007,7,"Crude oil, Dubai",Energy,($/bbl),69.5,5.62,8.93,0.72,182.52,0.76
2007-08-01,2007,8,"Crude oil, Dubai",Energy,($/bbl),67.2,-3.31,4.19,-2.33,165.61,-0.52
2007-09-01,2007,9,"Crude oil, Dubai",Energy,($/bbl),73.3,9.08,11.4,22.58,173.51,1.29
2007-10-01,2007,10,"Crude oil, Dubai",Energy,($/bbl),77.1,5.18,10.94,36.46,194.27,0.54
2007-11-01,2007,11,"Crude oil, Dubai",Energy,($/bbl),86.7,12.45,29.02,52.64,273.71,1.7
2007-12-01,2007,12,"Crude oil, Dubai",Energy,($/bbl),85.8,-1.04,17.05,46.17,233.85,-0.77
2008-01-01,2008,1,"Crude oil, Dubai",Energy,($/bbl),87.2,1.63,13.1,67.69,210.32,-0.28
2008-02-01,2008,2,"Crude oil, Dubai",Energy,($/bbl),90.0,3.21,3.81,61.58,198.01,-0.28
2008-03-01,2008,3,"Crude oil, Dubai",Energy,($/bbl),96.8,7.56,12.82,63.79,253.28,0.76
2008-04-01,2008,4,"Crude oil, Dubai",Energy,($/bbl),103.5,6.92,18.69,62.23,342.31,0.58
2008-05-01,2008,5,"Crude oil, Dubai",Energy,($/bbl),118.9,14.88,32.11,84.34,389.3,2.39
2008-06-01,2008,6,"Crude oil, Dubai",Energy,($/bbl),127.6,7.32,31.82,93.92,400.39,0.37
2008-07-01,2008,7,"Crude oil, Dubai",Energy,($/bbl),131.2,2.82,26.76,88.78,393.23,-0.57
2008-08-01,2008,8,"Crude oil, Dubai",Energy,($/bbl),113.2,-13.72,-4.79,68.45,310.14,-3.65
2008-09-01,2008,9,"Crude oil, Dubai",Energy,($/bbl),96.0,-15.19,-24.76,30.97,279.45,-2.71
2008-10-01,2008,10,"Crude oil, Dubai",Energy,($/bbl),68.6,-28.54,-47.71,-11.02,153.14,-3.42
2008-11-01,2008,11,"Crude oil, Dubai",Energy,($/bbl),51.4,-25.07,-54.59,-40.72,86.91,-1.95
2008-12-01,2008,12,"Crude oil, Dubai",Energy,($/bbl),41.0,-20.23,-57.29,-52.21,46.95,-1.22
2009-01-01,2009,1,"Crude oil, Dubai",Energy,($/bbl),45.0,9.76,-34.4,-48.39,56.79,0.99
2009-02-01,2009,2,"Crude oil, Dubai",Energy,($/bbl),43.1,-4.22,-16.15,-52.11,51.76,-0.0
2009-03-01,2009,3,"Crude oil, Dubai",Energy,($/bbl),45.6,5.8,11.22,-52.89,49.51,0.7
2009-04-01,2009,4,"Crude oil, Dubai",Energy,($/bbl),50.2,10.09,11.56,-51.5,61.41,1.01
2009-05-01,2009,5,"Crude oil, Dubai",Energy,($/bbl),57.4,14.34,33.18,-51.72,66.38,1.25
2009-06-01,2009,6,"Crude oil, Dubai",Energy,($/bbl),69.2,20.56,51.75,-45.77,107.19,1.67
2009-07-01,2009,7,"Crude oil, Dubai",Energy,($/bbl),65.0,-6.07,29.48,-50.46,88.41,-0.15
2009-08-01,2009,8,"Crude oil, Dubai",Energy,($/bbl),71.3,9.69,24.22,-37.01,86.16,0.86
2009-09-01,2009,9,"Crude oil, Dubai",Energy,($/bbl),67.9,-4.77,-1.88,-29.27,91.27,-0.14
2009-10-01,2009,10,"Crude oil, Dubai",Energy,($/bbl),73.3,7.95,12.77,6.85,94.95,0.59
2009-11-01,2009,11,"Crude oil, Dubai",Energy,($/bbl),77.6,5.87,8.84,50.97,122.35,0.32
2009-12-01,2009,12,"Crude oil, Dubai",Energy,($/bbl),75.5,-2.71,11.19,84.15,120.12,-0.61
2010-01-01,2010,1,"Crude oil, Dubai",Energy,($/bbl),76.6,1.46,4.5,70.22,102.65,-0.49
2010-02-01,2010,2,"Crude oil, Dubai",Energy,($/bbl),73.6,-3.92,-5.15,70.77,79.95,-1.05
2010-03-01,2010,3,"Crude oil, Dubai",Energy,($/bbl),77.4,5.16,2.52,69.74,69.74,0.04
2010-04-01,2010,4,"Crude oil, Dubai",Energy,($/bbl),83.1,7.36,8.49,65.54,76.43,0.31
2010-05-01,2010,5,"Crude oil, Dubai",Energy,($/bbl),76.9,-7.46,4.48,33.97,70.89,-1.47
2010-06-01,2010,6,"Crude oil, Dubai",Energy,($/bbl),74.0,-3.77,-4.39,6.94,45.1,-0.79
2010-07-01,2010,7,"Crude oil, Dubai",Energy,($/bbl),72.7,-1.76,-12.52,11.85,37.43,-0.4
2010-08-01,2010,8,"Crude oil, Dubai",Energy,($/bbl),74.2,2.06,-3.51,4.07,31.1,0.17
2010-09-01,2010,9,"Crude oil, Dubai",Energy,($/bbl),75.3,1.48,1.76,10.9,33.27,0.2
2010-10-01,2010,10,"Crude oil, Dubai",Energy,($/bbl),80.3,6.64,10.45,9.55,49.53,1.14
2010-11-01,2010,11,"Crude oil, Dubai",Energy,($/bbl),83.7,4.23,12.8,7.86,63.16,0.7
2010-12-01,2010,12,"Crude oil, Dubai",Energy,($/bbl),89.1,6.45,18.33,18.01,67.8,1.22
2011-01-01,2011,1,"Crude oil, Dubai",Energy,($/bbl),92.4,3.7,15.07,20.63,58.49,0.46
2011-02-01,2011,2,"Crude oil, Dubai",Energy,($/bbl),100.3,8.55,19.83,36.28,74.13,1.42
2011-03-01,2011,3,"Crude oil, Dubai",Energy,($/bbl),108.6,8.28,21.89,40.31,88.54,1.14
2011-04-01,2011,4,"Crude oil, Dubai",Energy,($/bbl),115.7,6.54,25.22,39.23,80.5,0.7
2011-05-01,2011,5,"Crude oil, Dubai",Energy,($/bbl),108.5,-6.22,8.18,41.09,67.18,-1.81
2011-06-01,2011,6,"Crude oil, Dubai",Energy,($/bbl),107.5,-0.92,-1.01,45.27,65.13,-0.82
2011-07-01,2011,7,"Crude oil, Dubai",Energy,($/bbl),110.0,2.33,-4.93,51.31,59.42,-0.21
2011-08-01,2011,8,"Crude oil, Dubai",Energy,($/bbl),105.1,-4.45,-3.13,41.64,52.76,-1.9
2011-09-01,2011,9,"Crude oil, Dubai",Energy,($/bbl),106.0,0.86,-1.4,40.77,77.26,-0.45
2011-10-01,2011,10,"Crude oil, Dubai",Energy,($/bbl),103.7,-2.17,-5.73,29.14,83.54,-1.06
2011-11-01,2011,11,"Crude oil, Dubai",Energy,($/bbl),108.6,4.73,3.33,29.75,91.2,0.5
2011-12-01,2011,12,"Crude oil, Dubai",Energy,($/bbl),106.2,-2.21,0.19,19.19,80.92,-0.91
2012-01-01,2012,1,"Crude oil, Dubai",Energy,($/bbl),109.8,3.39,5.88,18.83,111.15,0.37
2012-02-01,2012,2,"Crude oil, Dubai",Energy,($/bbl),116.1,5.74,6.91,15.75,108.44,0.85
2012-03-01,2012,3,"Crude oil, Dubai",Energy,($/bbl),122.3,5.34,15.16,12.62,106.94,0.87
2012-04-01,2012,4,"Crude oil, Dubai",Energy,($/bbl),117.3,-4.09,6.83,1.38,83.86,-1.21
2012-05-01,2012,5,"Crude oil, Dubai",Energy,($/bbl),107.1,-8.7,-7.75,-1.29,66.05,-2.16
2012-06-01,2012,6,"Crude oil, Dubai",Energy,($/bbl),94.2,-12.04,-22.98,-12.37,43.16,-2.67
2012-07-01,2012,7,"Crude oil, Dubai",Energy,($/bbl),99.2,5.31,-15.43,-9.82,42.73,1.1
2012-08-01,2012,8,"Crude oil, Dubai",Energy,($/bbl),108.4,9.27,1.21,3.14,61.31,1.68
2012-09-01,2012,9,"Crude oil, Dubai",Energy,($/bbl),111.0,2.4,17.83,4.72,51.43,0.3
2012-10-01,2012,10,"Crude oil, Dubai",Energy,($/bbl),108.7,-2.07,9.58,4.82,40.99,-0.41
2012-11-01,2012,11,"Crude oil, Dubai",Energy,($/bbl),107.1,-1.47,-1.2,-1.38,23.53,-0.32
2012-12-01,2012,12,"Crude oil, Dubai",Energy,($/bbl),105.7,-1.31,-4.77,-0.47,23.19,-0.22
2013-01-01,2013,1,"Crude oil, Dubai",Energy,($/bbl),107.6,1.8,-1.01,-2.0,23.39,0.26
2013-02-01,2013,2,"Crude oil, Dubai",Energy,($/bbl),111.1,3.25,3.73,-4.31,23.44,0.52
2013-03-01,2013,3,"Crude oil, Dubai",Energy,($/bbl),105.4,-5.13,-0.28,-13.82,8.88,-0.81
2013-04-01,2013,4,"Crude oil, Dubai",Energy,($/bbl),101.7,-3.51,-5.48,-13.3,-1.74,-0.41
2013-05-01,2013,5,"Crude oil, Dubai",Energy,($/bbl),100.3,-1.38,-9.72,-6.35,-15.64,-0.06
2013-06-01,2013,6,"Crude oil, Dubai",Energy,($/bbl),100.3,0.0,-4.84,6.48,-21.39,0.07
2013-07-01,2013,7,"Crude oil, Dubai",Energy,($/bbl),103.4,3.09,1.67,4.23,-21.19,0.62
2013-08-01,2013,8,"Crude oil, Dubai",Energy,($/bbl),107.0,3.48,6.68,-1.29,-5.48,0.8
2013-09-01,2013,9,"Crude oil, Dubai",Energy,($/bbl),108.4,1.31,8.08,-2.34,12.92,0.48
2013-10-01,2013,10,"Crude oil, Dubai",Energy,($/bbl),106.3,-1.94,2.8,-2.21,54.96,-0.64
2013-11-01,2013,11,"Crude oil, Dubai",Energy,($/bbl),105.9,-0.38,-1.03,-1.12,106.03,-0.08
2013-12-01,2013,12,"Crude oil, Dubai",Energy,($/bbl),107.9,1.89,-0.46,2.08,163.17,0.71
2014-01-01,2014,1,"Crude oil, Dubai",Energy,($/bbl),104.0,-3.61,-2.16,-3.35,131.11,-1.38
2014-02-01,2014,2,"Crude oil, Dubai",Energy,($/bbl),104.9,0.87,-0.94,-5.58,143.39,0.38
2014-03-01,2014,3,"Crude oil, Dubai",Energy,($/bbl),104.2,-0.67,-3.43,-1.14,128.51,-0.08
2014-04-01,2014,4,"Crude oil, Dubai",Energy,($/bbl),104.7,0.48,0.67,2.95,108.57,0.24
2014-05-01,2014,5,"Crude oil, Dubai",Energy,($/bbl),105.6,0.86,0.67,5.28,83.97,0.29
2014-06-01,2014,6,"Crude oil, Dubai",Energy,($/bbl),108.0,2.27,3.65,7.68,56.07,0.92
2014-07-01,2014,7,"Crude oil, Dubai",Energy,($/bbl),105.8,-2.04,1.05,2.32,62.77,-1.3
2014-08-01,2014,8,"Crude oil, Dubai",Energy,($/bbl),101.9,-3.69,-3.5,-4.77,42.92,-1.92
2014-09-01,2014,9,"Crude oil, Dubai",Energy,($/bbl),97.0,-4.81,-10.19,-10.52,42.86,-2.17
2014-10-01,2014,10,"Crude oil, Dubai",Energy,($/bbl),86.6,-10.72,-18.15,-18.53,18.14,-4.24
2014-11-01,2014,11,"Crude oil, Dubai",Energy,($/bbl),76.7,-11.43,-24.73,-27.57,-1.16,-2.67
2014-12-01,2014,12,"Crude oil, Dubai",Energy,($/bbl),60.5,-21.12,-37.63,-43.93,-19.87,-4.04
2015-01-01,2015,1,"Crude oil, Dubai",Energy,($/bbl),46.0,-23.97,-46.88,-55.77,-39.95,-2.85
2015-02-01,2015,2,"Crude oil, Dubai",Energy,($/bbl),55.8,21.3,-27.25,-46.81,-24.18,3.11
2015-03-01,2015,3,"Crude oil, Dubai",Energy,($/bbl),54.9,-1.61,-9.26,-47.31,-29.07,0.24
2015-04-01,2015,4,"Crude oil, Dubai",Energy,($/bbl),58.8,7.1,27.83,-43.84,-29.24,0.99
2015-05-01,2015,5,"Crude oil, Dubai",Energy,($/bbl),63.7,8.33,14.16,-39.68,-17.17,1.01
2015-06-01,2015,6,"Crude oil, Dubai",Energy,($/bbl),61.8,-2.98,12.57,-42.78,-16.49,0.03
2015-07-01,2015,7,"Crude oil, Dubai",Energy,($/bbl),56.3,-8.9,-4.25,-46.79,-22.56,-0.41
2015-08-01,2015,8,"Crude oil, Dubai",Energy,($/bbl),47.2,-16.16,-25.9,-53.68,-36.39,-0.94
2015-09-01,2015,9,"Crude oil, Dubai",Energy,($/bbl),46.2,-2.12,-25.24,-52.37,-38.65,0.25
2015-10-01,2015,10,"Crude oil, Dubai",Energy,($/bbl),46.6,0.87,-17.23,-46.19,-41.97,0.46
2015-11-01,2015,11,"Crude oil, Dubai",Energy,($/bbl),42.2,-9.44,-10.59,-44.98,-49.58,-0.4
2015-12-01,2015,12,"Crude oil, Dubai",Energy,($/bbl),34.8,-17.54,-24.68,-42.48,-60.94,-1.04
2016-01-01,2016,1,"Crude oil, Dubai",Energy,($/bbl),27.0,-22.41,-42.06,-41.3,-70.78,-1.49
2016-02-01,2016,2,"Crude oil, Dubai",Energy,($/bbl),29.5,9.26,-30.09,-47.13,-70.59,1.05
2016-03-01,2016,3,"Crude oil, Dubai",Energy,($/bbl),35.2,19.32,1.15,-35.88,-67.59,2.29
2016-04-01,2016,4,"Crude oil, Dubai",Energy,($/bbl),39.0,10.8,44.44,-33.67,-66.29,1.09
2016-05-01,2016,5,"Crude oil, Dubai",Energy,($/bbl),44.0,12.82,49.15,-30.93,-59.45,1.2
2016-06-01,2016,6,"Crude oil, Dubai",Energy,($/bbl),45.8,4.09,30.11,-25.89,-57.4,0.47
2016-07-01,2016,7,"Crude oil, Dubai",Energy,($/bbl),42.6,-6.99,9.23,-24.33,-61.27,-0.4
2016-08-01,2016,8,"Crude oil, Dubai",Energy,($/bbl),43.7,2.58,-0.68,-7.42,-58.42,0.3
2016-09-01,2016,9,"Crude oil, Dubai",Energy,($/bbl),43.7,0.0,-4.59,-5.41,-58.77,-0.01
2016-10-01,2016,10,"Crude oil, Dubai",Energy,($/bbl),48.3,10.53,13.38,3.65,-53.42,0.82
2016-11-01,2016,11,"Crude oil, Dubai",Energy,($/bbl),43.8,-9.32,0.23,3.79,-59.67,-0.81
2016-12-01,2016,12,"Crude oil, Dubai",Energy,($/bbl),51.8,18.26,18.54,48.85,-51.22,1.34
2017-01-01,2017,1,"Crude oil, Dubai",Energy,($/bbl),53.4,3.09,10.56,97.78,-51.37,-0.08
2017-02-01,2017,2,"Crude oil, Dubai",Energy,($/bbl),54.2,1.5,23.74,83.73,-53.32,-0.52
2017-03-01,2017,3,"Crude oil, Dubai",Energy,($/bbl),51.2,-5.54,-1.16,45.45,-58.14,-1.23
2017-04-01,2017,4,"Crude oil, Dubai",Energy,($/bbl),52.5,2.54,-1.69,34.62,-55.24,-0.11
2017-05-01,2017,5,"Crude oil, Dubai",Energy,($/bbl),50.3,-4.19,-7.2,14.32,-53.03,-0.86
2017-06-01,2017,6,"Crude oil, Dubai",Energy,($/bbl),46.4,-7.75,-9.38,1.31,-50.74,-1.19
2017-07-01,2017,7,"Crude oil, Dubai",Energy,($/bbl),47.6,2.59,-9.33,11.74,-52.02,0.27
2017-08-01,2017,8,"Crude oil, Dubai",Energy,($/bbl),50.4,5.88,0.2,15.33,-53.51,0.61
2017-09-01,2017,9,"Crude oil, Dubai",Energy,($/bbl),53.9,6.94,16.16,23.34,-51.44,0.7
2017-10-01,2017,10,"Crude oil, Dubai",Energy,($/bbl),55.6,3.15,16.81,15.11,-48.85,0.14
2017-11-01,2017,11,"Crude oil, Dubai",Energy,($/bbl),60.6,8.99,20.24,38.36,-43.42,1.01
2017-12-01,2017,12,"Crude oil, Dubai",Energy,($/bbl),61.4,1.32,13.91,18.53,-41.91,-0.23
2018-01-01,2018,1,"Crude oil, Dubai",Energy,($/bbl),66.0,7.49,18.71,23.6,-38.66,1.18
2018-02-01,2018,2,"Crude oil, Dubai",Energy,($/bbl),62.8,-4.85,3.63,15.87,-43.47,-1.27
2018-03-01,2018,3,"Crude oil, Dubai",Energy,($/bbl),63.3,0.8,3.09,23.63,-39.94,-0.1
2018-04-01,2018,4,"Crude oil, Dubai",Energy,($/bbl),68.4,8.06,3.64,30.29,-32.74,1.17
2018-05-01,2018,5,"Crude oil, Dubai",Energy,($/bbl),73.7,7.75,17.36,46.52,-26.52,0.97
2018-06-01,2018,6,"Crude oil, Dubai",Energy,($/bbl),73.2,-0.68,15.64,57.76,-27.02,-0.76
2018-07-01,2018,7,"Crude oil, Dubai",Energy,($/bbl),72.7,-0.68,6.29,52.73,-29.69,-1.09
2018-08-01,2018,8,"Crude oil, Dubai",Energy,($/bbl),72.1,-0.83,-2.17,43.06,-32.62,-1.01
2018-09-01,2018,9,"Crude oil, Dubai",Energy,($/bbl),77.0,6.8,5.19,42.86,-28.97,0.8
2018-10-01,2018,10,"Crude oil, Dubai",Energy,($/bbl),79.0,2.6,8.67,42.09,-25.68,-0.11
2018-11-01,2018,11,"Crude oil, Dubai",Energy,($/bbl),65.1,-17.59,-9.71,7.43,-38.53,-4.52
2018-12-01,2018,12,"Crude oil, Dubai",Energy,($/bbl),56.5,-13.21,-26.62,-7.98,-47.64,-1.97
2019-01-01,2019,1,"Crude oil, Dubai",Energy,($/bbl),59.0,4.42,-25.32,-10.61,-43.27,0.58
2019-02-01,2019,2,"Crude oil, Dubai",Energy,($/bbl),64.3,8.98,-1.23,2.39,-38.7,1.2
2019-03-01,2019,3,"Crude oil, Dubai",Energy,($/bbl),66.8,3.89,18.23,5.53,-35.89,0.4
2019-04-01,2019,4,"Crude oil, Dubai",Energy,($/bbl),70.7,5.84,19.83,3.36,-32.47,0.6
2019-05-01,2019,5,"Crude oil, Dubai",Energy,($/bbl),69.1,-2.26,7.47,-6.24,-34.56,-0.35
2019-06-01,2019,6,"Crude oil, Dubai",Energy,($/bbl),61.3,-11.29,-8.23,-16.26,-43.24,-1.39
2019-07-01,2019,7,"Crude oil, Dubai",Energy,($/bbl),62.9,2.61,-11.03,-13.48,-40.55,0.43
2019-08-01,2019,8,"Crude oil, Dubai",Energy,($/bbl),58.9,-6.36,-14.76,-18.31,-42.2,-0.64
2019-09-01,2019,9,"Crude oil, Dubai",Energy,($/bbl),60.8,3.23,-0.82,-21.04,-37.32,0.52
2019-10-01,2019,10,"Crude oil, Dubai",Energy,($/bbl),58.5,-3.78,-7.0,-25.95,-32.45,-0.26
2019-11-01,2019,11,"Crude oil, Dubai",Energy,($/bbl),61.4,4.96,4.24,-5.68,-19.95,0.84
2019-12-01,2019,12,"Crude oil, Dubai",Energy,($/bbl),64.4,4.89,5.92,13.98,6.45,0.72
2020-01-01,2020,1,"Crude oil, Dubai",Energy,($/bbl),63.8,-0.93,9.06,8.14,38.7,-0.37
2020-02-01,2020,2,"Crude oil, Dubai",Energy,($/bbl),54.5,-14.58,-11.24,-15.24,-2.33,-2.63
2020-03-01,2020,3,"Crude oil, Dubai",Energy,($/bbl),33.8,-37.98,-47.52,-49.4,-38.43,-5.46
2020-04-01,2020,4,"Crude oil, Dubai",Energy,($/bbl),23.3,-31.07,-63.48,-67.04,-60.37,-2.14
2020-05-01,2020,5,"Crude oil, Dubai",Energy,($/bbl),31.6,35.62,-42.02,-54.27,-50.39,3.09
2020-06-01,2020,6,"Crude oil, Dubai",Energy,($/bbl),40.1,26.9,18.64,-34.58,-35.11,1.67
2020-07-01,2020,7,"Crude oil, Dubai",Energy,($/bbl),42.6,6.23,82.83,-32.27,-24.33,0.37
2020-08-01,2020,8,"Crude oil, Dubai",Energy,($/bbl),43.7,2.58,38.29,-25.81,-7.42,0.18
2020-09-01,2020,9,"Crude oil, Dubai",Energy,($/bbl),41.1,-5.95,2.49,-32.4,-11.04,-0.27
2020-10-01,2020,10,"Crude oil, Dubai",Energy,($/bbl),39.7,-3.41,-6.81,-32.14,-14.81,-0.11
2020-11-01,2020,11,"Crude oil, Dubai",Energy,($/bbl),42.6,7.3,-2.52,-30.62,0.95,0.4
2020-12-01,2020,12,"Crude oil, Dubai",Energy,($/bbl),49.3,15.73,19.95,-23.45,41.67,0.8
2021-01-01,2021,1,"Crude oil, Dubai",Energy,($/bbl),54.2,9.94,36.52,-15.05,100.74,0.46
2021-02-01,2021,2,"Crude oil, Dubai",Energy,($/bbl),60.4,11.44,41.78,10.83,104.75,0.49
2021-03-01,2021,3,"Crude oil, Dubai",Energy,($/bbl),64.0,5.96,29.82,89.35,81.82,0.13
2021-04-01,2021,4,"Crude oil, Dubai",Energy,($/bbl),62.4,-2.5,15.13,167.81,60.0,-0.56
2021-05-01,2021,5,"Crude oil, Dubai",Energy,($/bbl),66.0,5.77,9.27,108.86,50.0,-0.28
2021-06-01,2021,6,"Crude oil, Dubai",Energy,($/bbl),71.0,7.58,10.94,77.06,55.02,0.1
2021-07-01,2021,7,"Crude oil, Dubai",Energy,($/bbl),73.0,2.82,16.99,71.36,71.36,-0.35
2021-08-01,2021,8,"Crude oil, Dubai",Energy,($/bbl),68.9,-5.62,4.39,57.67,57.67,-1.62
2021-09-01,2021,9,"Crude oil, Dubai",Energy,($/bbl),72.2,4.79,1.69,75.67,65.22,0.1
2021-10-01,2021,10,"Crude oil, Dubai",Energy,($/bbl),81.2,12.47,11.23,104.53,68.12,1.18
2021-11-01,2021,11,"Crude oil, Dubai",Energy,($/bbl),79.8,-1.72,15.82,87.32,82.19,-1.33
2021-12-01,2021,12,"Crude oil, Dubai",Energy,($/bbl),72.8,-8.77,0.83,47.67,40.54,-2.21
2022-01-01,2022,1,"Crude oil, Dubai",Energy,($/bbl),83.1,14.15,2.34,53.32,55.62,1.56
2022-02-01,2022,2,"Crude oil, Dubai",Energy,($/bbl),93.1,12.03,16.67,54.14,71.77,1.12
2022-03-01,2022,3,"Crude oil, Dubai",Energy,($/bbl),113.1,21.48,55.36,76.72,120.9,2.4
2022-04-01,2022,4,"Crude oil, Dubai",Energy,($/bbl),102.7,-9.2,23.59,64.58,95.62,-1.61
2022-05-01,2022,5,"Crude oil, Dubai",Energy,($/bbl),108.3,5.45,16.33,64.09,115.31,0.08
2022-06-01,2022,6,"Crude oil, Dubai",Energy,($/bbl),115.7,6.83,2.3,62.96,149.35,0.23
2022-07-01,2022,7,"Crude oil, Dubai",Energy,($/bbl),106.5,-7.95,3.7,45.89,123.74,-1.3
2022-08-01,2022,8,"Crude oil, Dubai",Energy,($/bbl),97.8,-8.17,-9.7,41.94,94.05,-1.15
2022-09-01,2022,9,"Crude oil, Dubai",Energy,($/bbl),90.6,-7.36,-21.69,25.48,68.09,-1.03
2022-10-01,2022,10,"Crude oil, Dubai",Energy,($/bbl),90.6,0.0,-14.93,11.58,62.95,-0.22
2022-11-01,2022,11,"Crude oil, Dubai",Energy,($/bbl),86.3,-4.75,-11.76,8.15,42.41,-0.59
2022-12-01,2022,12,"Crude oil, Dubai",Energy,($/bbl),76.8,-11.01,-15.23,5.49,25.08,-1.15
2023-01-01,2023,1,"Crude oil, Dubai",Energy,($/bbl),80.0,4.17,-11.7,-3.73,21.21,0.3
2023-02-01,2023,2,"Crude oil, Dubai",Energy,($/bbl),81.2,1.5,-5.91,-12.78,29.3,0.14
2023-03-01,2023,3,"Crude oil, Dubai",Energy,($/bbl),77.5,-4.56,0.91,-31.48,22.43,-0.41
2023-04-01,2023,4,"Crude oil, Dubai",Energy,($/bbl),83.8,8.13,4.75,-18.4,22.51,1.77
2023-05-01,2023,5,"Crude oil, Dubai",Energy,($/bbl),75.1,-10.38,-7.51,-30.66,1.9,-1.34
2023-06-01,2023,6,"Crude oil, Dubai",Energy,($/bbl),74.7,-0.53,-3.61,-35.44,2.05,0.34
2023-07-01,2023,7,"Crude oil, Dubai",Energy,($/bbl),80.5,7.76,-3.94,-24.41,10.73,1.85
2023-08-01,2023,8,"Crude oil, Dubai",Energy,($/bbl),86.6,7.58,15.31,-11.45,20.11,1.46
2023-09-01,2023,9,"Crude oil, Dubai",Energy,($/bbl),93.1,7.51,24.63,2.76,20.91,1.2
2023-10-01,2023,10,"Crude oil, Dubai",Energy,($/bbl),90.6,-2.69,12.55,0.0,14.68,-0.45
2023-11-01,2023,11,"Crude oil, Dubai",Energy,($/bbl),83.5,-7.84,-3.58,-3.24,28.26,-1.15
2023-12-01,2023,12,"Crude oil, Dubai",Energy,($/bbl),77.2,-7.54,-17.08,0.52,36.64,-1.04
2024-01-01,2024,1,"Crude oil, Dubai",Energy,($/bbl),78.9,2.2,-12.91,-1.37,33.73,0.28
2024-02-01,2024,2,"Crude oil, Dubai",Energy,($/bbl),81.2,2.92,-2.75,0.0,26.28,0.42
2024-03-01,2024,3,"Crude oil, Dubai",Energy,($/bbl),84.7,4.31,9.72,9.29,26.8,0.6
2024-04-01,2024,4,"Crude oil, Dubai",Energy,($/bbl),89.4,5.55,13.31,6.68,26.45,0.69
2024-05-01,2024,5,"Crude oil, Dubai",Energy,($/bbl),83.5,-6.6,2.83,11.19,20.84,-1.13
2024-06-01,2024,6,"Crude oil, Dubai",Energy,($/bbl),82.2,-1.56,-2.95,10.04,34.09,-0.44
2024-07-01,2024,7,"Crude oil, Dubai",Energy,($/bbl),83.9,2.07,-6.15,4.22,33.39,0.18
2024-08-01,2024,8,"Crude oil, Dubai",Energy,($/bbl),78.0,-7.03,-6.59,-9.93,32.43,-1.34
2024-09-01,2024,9,"Crude oil, Dubai",Energy,($/bbl),73.4,-5.9,-10.71,-21.16,20.72,-0.93
2024-10-01,2024,10,"Crude oil, Dubai",Energy,($/bbl),74.7,1.77,-10.97,-17.55,27.69,0.71
2024-11-01,2024,11,"Crude oil, Dubai",Energy,($/bbl),72.8,-2.54,-6.67,-12.81,18.57,-0.21
2024-12-01,2024,12,"Crude oil, Dubai",Energy,($/bbl),73.3,0.69,-0.14,-5.05,13.82,0.36
2025-01-01,2025,1,"Crude oil, Dubai",Energy,($/bbl),80.1,9.28,7.23,1.52,25.55,2.22
2025-02-01,2025,2,"Crude oil, Dubai",Energy,($/bbl),75.0,-6.37,3.02,-7.64,37.61,-1.29
2025-03-01,2025,3,"Crude oil, Dubai",Energy,($/bbl),71.7,-4.4,-2.18,-15.35,112.13,-0.72
2025-04-01,2025,4,"Crude oil, Dubai",Energy,($/bbl),66.9,-6.69,-16.48,-25.17,187.12,-1.04
2025-05-01,2025,5,"Crude oil, Dubai",Energy,($/bbl),63.0,-5.83,-16.0,-24.55,99.37,-0.71
2025-06-01,2025,6,"Crude oil, Dubai",Energy,($/bbl),68.5,8.73,-4.46,-16.67,70.82,2.22
2025-07-01,2025,7,"Crude oil, Dubai",Energy,($/bbl),69.2,1.02,3.44,-17.52,62.44,0.41
2025-08-01,2025,8,"Crude oil, Dubai",Energy,($/bbl),67.9,-1.88,7.78,-12.95,55.38,-0.08
2025-09-01,2025,9,"Crude oil, Dubai",Energy,($/bbl),67.8,-0.15,-1.02,-7.63,64.96,0.16
2025-10-01,2025,10,"Crude oil, Dubai",Energy,($/bbl),64.3,-5.16,-7.08,-13.92,61.96,-0.87
2025-11-01,2025,11,"Crude oil, Dubai",Energy,($/bbl),63.8,-0.78,-6.04,-12.36,49.77,0.06
2025-12-01,2025,12,"Crude oil, Dubai",Energy,($/bbl),62.0,-2.82,-8.55,-15.42,25.76,-0.34
2026-01-01,2026,1,"Crude oil, Dubai",Energy,($/bbl),63.9,3.06,-0.62,-20.22,17.9,0.8
2026-02-01,2026,2,"Crude oil, Dubai",Energy,($/bbl),68.4,7.04,7.21,-8.8,13.25,1.94
2026-03-01,2026,3,"Crude oil, Dubai",Energy,($/bbl),91.9,34.36,48.23,28.17,43.59,7.09
2026-04-01,2026,4,"Crude oil, Dubai",Energy,($/bbl),92.7,0.87,45.07,38.57,48.56,-0.15
2026-05-01,2026,5,"Crude oil, Dubai",Energy,($/bbl),94.7,2.16,38.45,50.32,43.48,-0.1
2026-06-01,2026,6,"Crude oil, Dubai",Energy,($/bbl),77.7,-17.95,-15.45,13.43,9.44,-2.11
2026-07-01,2026,7,"Crude oil, Dubai",Energy,($/bbl),76.7,-1.29,-17.26,10.84,5.07,-0.25
2026-08-01,2026,8,"Crude oil, Dubai",Energy,($/bbl),79.7,3.91,-15.84,17.38,15.67,0.2
2026-09-01,2026,9,"Crude oil, Dubai",Energy,($/bbl),93.3,17.06,20.08,37.61,29.22,1.26
1982-01-01,1982,1,"Crude oil, WTI",Energy,($/bbl),35.3,,,,,
1982-02-01,1982,2,"Crude oil, WTI",Energy,($/bbl),34.8,-1.42,,,,
1982-03-01,1982,3,"Crude oil, WTI",Energy,($/bbl),32.6,-6.32,,,,
1982-04-01,1982,4,"Crude oil, WTI",Energy,($/bbl),30.7,-5.83,-13.03,,,
1982-05-01,1982,5,"Crude oil, WTI",Energy,($/bbl),30.6,-0.33,-12.07,,,
1982-06-01,1982,6,"Crude oil, WTI",Energy,($/bbl),31.1,1.63,-4.6,,,
1982-07-01,1982,7,"Crude oil, WTI",Energy,($/bbl),33.4,7.4,8.79,,,
1982-08-01,1982,8,"Crude oil, WTI",Energy,($/bbl),33.2,-0.6,8.5,,,0.04
1982-09-01,1982,9,"Crude oil, WTI",Energy,($/bbl),33.1,-0.3,6.43,,,0.1
1982-10-01,1982,10,"Crude oil, WTI",Energy,($/bbl),33.0,-0.3,-1.2,,,0.1
1982-11-01,1982,11,"Crude oil, WTI",Energy,($/bbl),33.0,0.0,-0.6,,,0.17
1982-12-01,1982,12,"Crude oil, WTI",Energy,($/bbl),32.6,-1.21,-1.51,,,-0.16
1983-01-01,1983,1,"Crude oil, WTI",Energy,($/bbl),31.1,-4.6,-5.76,-11.9,,-1.09
1983-02-01,1983,2,"Crude oil, WTI",Energy,($/bbl),29.2,-6.11,-11.52,-16.09,,-1.41
1983-03-01,1983,3,"Crude oil, WTI",Energy,($/bbl),28.7,-1.71,-11.96,-11.96,,-0.08
1983-04-01,1983,4,"Crude oil, WTI",Energy,($/bbl),30.6,6.62,-1.61,-0.33,,2.11
1983-05-01,1983,5,"Crude oil, WTI",Energy,($/bbl),30.0,-1.96,2.74,-1.96,,-0.52
1983-06-01,1983,6,"Crude oil, WTI",Energy,($/bbl),31.0,3.33,8.01,-0.32,,0.88
1983-07-01,1983,7,"Crude oil, WTI",Energy,($/bbl),31.6,1.94,3.27,-5.39,,0.47
1983-08-01,1983,8,"Crude oil, WTI",Energy,($/bbl),32.0,1.27,6.67,-3.61,,0.5
1983-09-01,1983,9,"Crude oil, WTI",Energy,($/bbl),31.3,-2.19,0.97,-5.44,,-0.57
1983-10-01,1983,10,"Crude oil, WTI",Energy,($/bbl),30.4,-2.88,-3.8,-7.88,,-0.72
1983-11-01,1983,11,"Crude oil, WTI",Energy,($/bbl),30.0,-1.32,-6.25,-9.09,,-0.2
1983-12-01,1983,12,"Crude oil, WTI",Energy,($/bbl),29.2,-2.67,-6.71,-10.43,,-0.55
1984-01-01,1984,1,"Crude oil, WTI",Energy,($/bbl),29.8,2.05,-1.97,-4.18,,0.82
1984-02-01,1984,2,"Crude oil, WTI",Energy,($/bbl),30.1,1.01,0.33,3.08,,0.38
1984-03-01,1984,3,"Crude oil, WTI",Energy,($/bbl),30.7,1.99,5.14,6.97,,0.58
1984-04-01,1984,4,"Crude oil, WTI",Energy,($/bbl),30.6,-0.33,2.68,0.0,,-0.32
1984-05-01,1984,5,"Crude oil, WTI",Energy,($/bbl),30.5,-0.33,1.33,1.67,,-0.16
1984-06-01,1984,6,"Crude oil, WTI",Energy,($/bbl),30.0,-1.64,-2.28,-3.23,,-0.86
1984-07-01,1984,7,"Crude oil, WTI",Energy,($/bbl),28.8,-4.0,-5.88,-8.86,,-2.0
1984-08-01,1984,8,"Crude oil, WTI",Energy,($/bbl),29.2,1.39,-4.26,-8.75,,1.06
1984-09-01,1984,9,"Crude oil, WTI",Energy,($/bbl),29.3,0.34,-2.33,-6.39,,0.53
1984-10-01,1984,10,"Crude oil, WTI",Energy,($/bbl),28.6,-2.39,-0.69,-5.92,,-0.93
1984-11-01,1984,11,"Crude oil, WTI",Energy,($/bbl),28.2,-1.4,-3.42,-6.0,,-0.47
1984-12-01,1984,12,"Crude oil, WTI",Energy,($/bbl),26.7,-5.32,-8.87,-8.56,,-2.47
1985-01-01,1985,1,"Crude oil, WTI",Energy,($/bbl),25.7,-3.75,-10.14,-13.76,,-1.3
1985-02-01,1985,2,"Crude oil, WTI",Energy,($/bbl),27.4,6.61,-2.84,-8.97,,3.39
1985-03-01,1985,3,"Crude oil, WTI",Energy,($/bbl),28.3,3.28,5.99,-7.82,,1.26
1985-04-01,1985,4,"Crude oil, WTI",Energy,($/bbl),28.9,2.12,12.45,-5.56,,0.83
1985-05-01,1985,5,"Crude oil, WTI",Energy,($/bbl),27.7,-4.15,1.09,-9.18,,-1.09
1985-06-01,1985,6,"Crude oil, WTI",Energy,($/bbl),27.2,-1.81,-3.89,-9.33,,-0.3
1985-07-01,1985,7,"Crude oil, WTI",Energy,($/bbl),26.9,-1.1,-6.92,-6.6,,-0.1
1985-08-01,1985,8,"Crude oil, WTI",Energy,($/bbl),27.6,2.6,-0.36,-5.48,,0.91
1985-09-01,1985,9,"Crude oil, WTI",Energy,($/bbl),27.7,0.36,1.84,-5.46,,0.22
1985-10-01,1985,10,"Crude oil, WTI",Energy,($/bbl),28.9,4.33,7.43,1.05,,1.35
1985-11-01,1985,11,"Crude oil, WTI",Energy,($/bbl),29.9,3.46,8.33,6.03,,0.9
1985-12-01,1985,12,"Crude oil, WTI",Energy,($/bbl),27.4,-8.36,-1.08,2.62,,-2.36
1986-01-01,1986,1,"Crude oil, WTI",Energy,($/bbl),22.9,-16.42,-20.76,-10.89,,-3.91
1986-02-01,1986,2,"Crude oil, WTI",Energy,($/bbl),15.4,-32.75,-48.49,-43.8,,-5.0
1986-03-01,1986,3,"Crude oil, WTI",Energy,($/bbl),12.7,-17.53,-53.65,-55.12,,-1.25
1986-04-01,1986,4,"Crude oil, WTI",Energy,($/bbl),12.9,1.57,-43.67,-55.36,,0.65
1986-05-01,1986,5,"Crude oil, WTI",Energy,($/bbl),15.5,20.16,0.65,-44.04,,2.32
1986-06-01,1986,6,"Crude oil, WTI",Energy,($/bbl),13.5,-12.9,6.3,-50.37,,-0.68
1986-07-01,1986,7,"Crude oil, WTI",Energy,($/bbl),11.6,-14.07,-10.08,-56.88,,-0.68
1986-08-01,1986,8,"Crude oil, WTI",Energy,($/bbl),15.3,31.9,-1.29,-44.57,,2.71
1986-09-01,1986,9,"Crude oil, WTI",Energy,($/bbl),15.0,-1.96,11.11,-45.85,,0.08
1986-10-01,1986,10,"Crude oil, WTI",Energy,($/bbl),14.9,-0.67,28.45,-48.44,,0.16
1986-11-01,1986,11,"Crude oil, WTI",Energy,($/bbl),15.3,2.68,0.0,-48.83,,0.38
1986-12-01,1986,12,"Crude oil, WTI",Energy,($/bbl),16.3,6.54,8.67,-40.51,,0.61
1987-01-01,1987,1,"Crude oil, WTI",Energy,($/bbl),18.6,14.11,24.83,-18.78,-47.31,0.96
1987-02-01,1987,2,"Crude oil, WTI",Energy,($/bbl),17.8,-4.3,16.34,15.58,-48.85,-0.23
1987-03-01,1987,3,"Crude oil, WTI",Energy,($/bbl),18.5,3.93,13.5,45.67,-43.25,0.12
1987-04-01,1987,4,"Crude oil, WTI",Energy,($/bbl),18.7,1.08,0.54,44.96,-39.09,-0.22
1987-05-01,1987,5,"Crude oil, WTI",Energy,($/bbl),19.4,3.74,8.99,25.16,-36.6,-0.01
1987-06-01,1987,6,"Crude oil, WTI",Energy,($/bbl),20.1,3.61,8.65,48.89,-35.37,0.09
1987-07-01,1987,7,"Crude oil, WTI",Energy,($/bbl),21.3,5.97,13.9,83.62,-36.23,0.19
1987-08-01,1987,8,"Crude oil, WTI",Energy,($/bbl),20.2,-5.16,4.12,32.03,-39.16,-1.12
1987-09-01,1987,9,"Crude oil, WTI",Energy,($/bbl),19.5,-3.47,-2.99,30.0,-41.09,-1.13
1987-10-01,1987,10,"Crude oil, WTI",Energy,($/bbl),19.9,2.05,-6.57,33.56,-39.7,-0.05
1987-11-01,1987,11,"Crude oil, WTI",Energy,($/bbl),18.9,-5.03,-6.44,23.53,-42.73,-1.43
1987-12-01,1987,12,"Crude oil, WTI",Energy,($/bbl),17.3,-8.47,-11.28,6.13,-46.93,-1.81
1988-01-01,1988,1,"Crude oil, WTI",Energy,($/bbl),17.2,-0.58,-13.57,-7.53,-44.69,-0.2
1988-02-01,1988,2,"Crude oil, WTI",Energy,($/bbl),16.8,-2.33,-11.11,-5.62,-42.47,-0.38
1988-03-01,1988,3,"Crude oil, WTI",Energy,($/bbl),16.2,-3.57,-6.36,-12.43,-43.55,-0.71
1988-04-01,1988,4,"Crude oil, WTI",Energy,($/bbl),17.9,10.49,4.07,-4.28,-41.5,2.63
1988-05-01,1988,5,"Crude oil, WTI",Energy,($/bbl),17.4,-2.79,3.57,-10.31,-42.0,-0.47
1988-06-01,1988,6,"Crude oil, WTI",Energy,($/bbl),16.7,-4.02,3.09,-16.92,-46.13,-0.6
1988-07-01,1988,7,"Crude oil, WTI",Energy,($/bbl),15.5,-7.19,-13.41,-27.23,-50.95,-1.1
1988-08-01,1988,8,"Crude oil, WTI",Energy,($/bbl),15.6,0.65,-10.34,-22.77,-51.25,0.64
1988-09-01,1988,9,"Crude oil, WTI",Energy,($/bbl),14.5,-7.05,-13.17,-25.64,-53.67,-1.02
1988-10-01,1988,10,"Crude oil, WTI",Energy,($/bbl),13.8,-4.83,-10.97,-30.65,-54.61,-0.49
1988-11-01,1988,11,"Crude oil, WTI",Energy,($/bbl),14.0,1.45,-10.26,-25.93,-53.33,0.87
1988-12-01,1988,12,"Crude oil, WTI",Energy,($/bbl),16.3,16.43,12.41,-5.78,-44.18,3.69
1989-01-01,1989,1,"Crude oil, WTI",Energy,($/bbl),18.0,10.43,30.43,4.65,-39.6,1.52
1989-02-01,1989,2,"Crude oil, WTI",Energy,($/bbl),17.8,-1.11,27.14,5.95,-40.86,-0.23
1989-03-01,1989,3,"Crude oil, WTI",Energy,($/bbl),19.5,9.55,19.63,20.37,-36.48,1.15
1989-04-01,1989,4,"Crude oil, WTI",Energy,($/bbl),21.0,7.69,16.67,17.32,-31.37,0.74
1989-05-01,1989,5,"Crude oil, WTI",Energy,($/bbl),20.1,-4.29,12.92,15.52,-34.1,-0.77
1989-06-01,1989,6,"Crude oil, WTI",Energy,($/bbl),20.0,-0.5,2.56,19.76,-33.33,-0.25
1989-07-01,1989,7,"Crude oil, WTI",Energy,($/bbl),19.8,-1.0,-5.71,27.74,-31.25,-0.36
1989-08-01,1989,8,"Crude oil, WTI",Energy,($/bbl),18.6,-6.06,-7.46,19.23,-36.3,-1.17
1989-09-01,1989,9,"Crude oil, WTI",Energy,($/bbl),19.6,5.38,-2.0,35.17,-33.11,0.48
1989-10-01,1989,10,"Crude oil, WTI",Energy,($/bbl),20.1,2.55,1.52,45.65,-29.72,-0.03
1989-11-01,1989,11,"Crude oil, WTI",Energy,($/bbl),19.8,-1.49,6.45,41.43,-29.79,-0.73
1989-12-01,1989,12,"Crude oil, WTI",Energy,($/bbl),21.1,6.57,7.65,29.45,-20.97,0.51
1990-01-01,1990,1,"Crude oil, WTI",Energy,($/bbl),22.7,7.58,12.94,26.11,-11.67,0.96
1990-02-01,1990,2,"Crude oil, WTI",Energy,($/bbl),22.1,-2.64,11.62,24.16,-19.34,-0.91
1990-03-01,1990,3,"Crude oil, WTI",Energy,($/bbl),20.4,-7.69,-3.32,4.62,-27.92,-1.83
1990-04-01,1990,4,"Crude oil, WTI",Energy,($/bbl),18.6,-8.82,-18.06,-11.43,-35.64,-1.74
1990-05-01,1990,5,"Crude oil, WTI",Energy,($/bbl),18.5,-0.54,-16.29,-7.96,-33.21,0.06
1990-06-01,1990,6,"Crude oil, WTI",Energy,($/bbl),16.9,-8.65,-17.16,-15.5,-37.87,-1.51
1990-07-01,1990,7,"Crude oil, WTI",Energy,($/bbl),18.7,10.65,0.54,-5.56,-30.48,2.03
1990-08-01,1990,8,"Crude oil, WTI",Energy,($/bbl),27.2,45.45,47.03,46.24,-1.45,6.74
1990-09-01,1990,9,"Crude oil, WTI",Energy,($/bbl),33.7,23.9,99.41,71.94,21.66,1.36
1990-10-01,1990,10,"Crude oil, WTI",Energy,($/bbl),35.9,6.53,91.98,78.61,24.22,0.06
1990-11-01,1990,11,"Crude oil, WTI",Energy,($/bbl),32.3,-10.03,18.75,63.13,8.03,-1.02
1990-12-01,1990,12,"Crude oil, WTI",Energy,($/bbl),27.2,-15.79,-19.29,28.91,-0.73,-1.29
1991-01-01,1991,1,"Crude oil, WTI",Energy,($/bbl),24.7,-9.19,-31.2,8.81,7.86,-0.72
1991-02-01,1991,2,"Crude oil, WTI",Energy,($/bbl),20.6,-16.6,-36.22,-6.79,33.77,-1.05
1991-03-01,1991,3,"Crude oil, WTI",Energy,($/bbl),19.9,-3.4,-26.84,-2.45,56.69,-0.23
1991-04-01,1991,4,"Crude oil, WTI",Energy,($/bbl),20.8,4.52,-15.79,11.83,61.24,0.19
1991-05-01,1991,5,"Crude oil, WTI",Energy,($/bbl),21.3,2.4,3.4,15.14,37.42,0.01
1991-06-01,1991,6,"Crude oil, WTI",Energy,($/bbl),20.2,-5.16,1.51,19.53,49.63,-0.43
1991-07-01,1991,7,"Crude oil, WTI",Energy,($/bbl),21.5,6.44,3.37,14.97,85.34,0.21
1991-08-01,1991,8,"Crude oil, WTI",Energy,($/bbl),21.7,0.93,1.88,-20.22,41.83,-0.08
1991-09-01,1991,9,"Crude oil, WTI",Energy,($/bbl),21.9,0.92,8.42,-35.01,46.0,0.2
1991-10-01,1991,10,"Crude oil, WTI",Energy,($/bbl),23.3,6.39,8.37,-35.1,56.38,1.17
1991-11-01,1991,11,"Crude oil, WTI",Energy,($/bbl),22.6,-3.0,4.15,-30.03,47.71,0.03
1991-12-01,1991,12,"Crude oil, WTI",Energy,($/bbl),19.6,-13.27,-10.5,-27.94,20.25,-1.35
1992-01-01,1992,1,"Crude oil, WTI",Energy,($/bbl),18.8,-4.08,-19.31,-23.89,1.08,-0.22
1992-02-01,1992,2,"Crude oil, WTI",Energy,($/bbl),19.0,1.06,-15.93,-7.77,6.74,0.42
1992-03-01,1992,3,"Crude oil, WTI",Energy,($/bbl),19.0,0.0,-3.06,-4.52,2.7,0.09
1992-04-01,1992,4,"Crude oil, WTI",Energy,($/bbl),20.3,6.84,7.98,-2.4,8.56,1.27
1992-05-01,1992,5,"Crude oil, WTI",Energy,($/bbl),21.0,3.45,10.53,-1.41,8.25,0.61
1992-06-01,1992,6,"Crude oil, WTI",Energy,($/bbl),22.4,6.67,17.89,10.89,11.44,1.14
1992-07-01,1992,7,"Crude oil, WTI",Energy,($/bbl),21.8,-2.68,7.39,1.4,2.35,-0.63
1992-08-01,1992,8,"Crude oil, WTI",Energy,($/bbl),21.3,-2.29,1.43,-1.84,5.45,-0.45
1992-09-01,1992,9,"Crude oil, WTI",Energy,($/bbl),21.9,2.82,-2.23,0.0,12.31,0.49
1992-10-01,1992,10,"Crude oil, WTI",Energy,($/bbl),21.7,-0.91,-0.46,-6.87,9.05,-0.19
1992-11-01,1992,11,"Crude oil, WTI",Energy,($/bbl),20.4,-5.99,-4.23,-9.73,7.94,-1.02
1992-12-01,1992,12,"Crude oil, WTI",Energy,($/bbl),19.4,-4.9,-11.42,-1.02,12.14,-0.75
1993-01-01,1993,1,"Crude oil, WTI",Energy,($/bbl),19.1,-1.55,-11.98,1.6,11.05,-0.36
1993-02-01,1993,2,"Crude oil, WTI",Energy,($/bbl),20.1,5.24,-1.47,5.79,19.64,1.22
1993-03-01,1993,3,"Crude oil, WTI",Energy,($/bbl),20.4,1.49,5.15,7.37,25.93,0.21
1993-04-01,1993,4,"Crude oil, WTI",Energy,($/bbl),20.3,-0.49,6.28,0.0,13.41,-0.27
1993-05-01,1993,5,"Crude oil, WTI",Energy,($/bbl),20.0,-1.48,-0.5,-4.76,14.94,-0.39
1993-06-01,1993,6,"Crude oil, WTI",Energy,($/bbl),19.2,-4.0,-5.88,-14.29,14.97,-0.96
1993-07-01,1993,7,"Crude oil, WTI",Energy,($/bbl),17.9,-6.77,-11.82,-17.89,15.48,-1.73
1993-08-01,1993,8,"Crude oil, WTI",Energy,($/bbl),18.0,0.56,-10.0,-15.49,15.38,0.6
1993-09-01,1993,9,"Crude oil, WTI",Energy,($/bbl),17.5,-2.78,-8.85,-20.09,20.69,-0.4
1993-10-01,1993,10,"Crude oil, WTI",Energy,($/bbl),18.2,4.0,1.68,-16.13,31.88,1.71
1993-11-01,1993,11,"Crude oil, WTI",Energy,($/bbl),16.8,-7.69,-6.67,-17.65,20.0,-1.67
1993-12-01,1993,12,"Crude oil, WTI",Energy,($/bbl),15.6,-7.14,-10.86,-19.59,-4.29,-1.41
1994-01-01,1994,1,"Crude oil, WTI",Energy,($/bbl),15.0,-3.85,-17.58,-21.47,-16.67,-0.51
1994-02-01,1994,2,"Crude oil, WTI",Energy,($/bbl),14.8,-1.33,-11.9,-26.37,-16.85,0.14
1994-03-01,1994,3,"Crude oil, WTI",Energy,($/bbl),14.7,-0.68,-5.77,-27.94,-24.62,0.49
1994-04-01,1994,4,"Crude oil, WTI",Energy,($/bbl),16.3,10.88,8.67,-19.7,-22.38,3.9
1994-05-01,1994,5,"Crude oil, WTI",Energy,($/bbl),17.9,9.82,20.95,-10.5,-10.95,2.2
1994-06-01,1994,6,"Crude oil, WTI",Energy,($/bbl),19.1,6.7,29.93,-0.52,-4.5,1.2
1994-07-01,1994,7,"Crude oil, WTI",Energy,($/bbl),19.7,3.14,20.86,10.06,-0.51,0.47
1994-08-01,1994,8,"Crude oil, WTI",Energy,($/bbl),18.4,-6.6,2.79,2.22,-1.08,-1.24
1994-09-01,1994,9,"Crude oil, WTI",Energy,($/bbl),17.5,-4.89,-8.38,0.0,-10.71,-0.81
1994-10-01,1994,10,"Crude oil, WTI",Energy,($/bbl),17.7,1.14,-10.15,-2.75,-11.94,0.14
1994-11-01,1994,11,"Crude oil, WTI",Energy,($/bbl),18.1,2.26,-1.63,7.74,-8.59,0.35
1994-12-01,1994,12,"Crude oil, WTI",Energy,($/bbl),17.2,-4.97,-1.71,10.26,-18.48,-0.95
1995-01-01,1995,1,"Crude oil, WTI",Energy,($/bbl),18.0,4.65,1.69,20.0,-20.7,0.63
1995-02-01,1995,2,"Crude oil, WTI",Energy,($/bbl),18.5,2.78,2.21,25.0,-16.29,0.19
1995-03-01,1995,3,"Crude oil, WTI",Energy,($/bbl),18.5,0.0,7.56,25.85,-9.31,-0.36
1995-04-01,1995,4,"Crude oil, WTI",Energy,($/bbl),19.9,7.57,10.56,22.09,6.99,0.98
1995-05-01,1995,5,"Crude oil, WTI",Energy,($/bbl),19.6,-1.51,5.95,9.5,5.95,-0.64
1995-06-01,1995,6,"Crude oil, WTI",Energy,($/bbl),18.5,-5.61,0.0,-3.14,9.47,-1.4
1995-07-01,1995,7,"Crude oil, WTI",Energy,($/bbl),17.4,-5.95,-12.56,-11.68,-6.95,-1.27
1995-08-01,1995,8,"Crude oil, WTI",Energy,($/bbl),18.0,3.45,-8.16,-2.17,-33.82,0.93
1995-09-01,1995,9,"Crude oil, WTI",Energy,($/bbl),18.0,0.0,-2.7,2.86,-46.59,0.02
1995-10-01,1995,10,"Crude oil, WTI",Energy,($/bbl),17.3,-3.89,-0.57,-2.26,-51.81,-0.99
1995-11-01,1995,11,"Crude oil, WTI",Energy,($/bbl),17.8,2.89,-1.11,-1.66,-44.89,0.68
1995-12-01,1995,12,"Crude oil, WTI",Energy,($/bbl),18.8,5.62,4.44,9.3,-30.88,1.28
1996-01-01,1996,1,"Crude oil, WTI",Energy,($/bbl),18.9,0.53,9.25,5.0,-23.48,-0.07
1996-02-01,1996,2,"Crude oil, WTI",Energy,($/bbl),19.1,1.06,7.3,3.24,-7.28,0.13
1996-03-01,1996,3,"Crude oil, WTI",Energy,($/bbl),21.2,10.99,12.77,14.59,6.53,2.54
1996-04-01,1996,4,"Crude oil, WTI",Energy,($/bbl),23.2,9.43,22.75,16.58,11.54,1.57
1996-05-01,1996,5,"Crude oil, WTI",Energy,($/bbl),21.1,-9.05,10.47,7.65,-0.94,-1.93
1996-06-01,1996,6,"Crude oil, WTI",Energy,($/bbl),20.3,-3.79,-4.25,9.73,0.5,-0.74
1996-07-01,1996,7,"Crude oil, WTI",Energy,($/bbl),21.4,5.42,-7.76,22.99,-0.47,0.74
1996-08-01,1996,8,"Crude oil, WTI",Energy,($/bbl),22.0,2.8,4.27,22.22,1.38,0.16
1996-09-01,1996,9,"Crude oil, WTI",Energy,($/bbl),23.9,8.64,17.73,32.78,9.13,1.19
1996-10-01,1996,10,"Crude oil, WTI",Energy,($/bbl),24.9,4.18,16.36,43.93,6.87,0.27
1996-11-01,1996,11,"Crude oil, WTI",Energy,($/bbl),23.7,-4.82,7.73,33.15,4.87,-1.42
1996-12-01,1996,12,"Crude oil, WTI",Energy,($/bbl),25.3,6.75,5.86,34.57,29.08,0.68
1997-01-01,1997,1,"Crude oil, WTI",Energy,($/bbl),24.9,-1.58,0.0,31.75,32.45,-0.69
1997-02-01,1997,2,"Crude oil, WTI",Energy,($/bbl),21.8,-12.45,-8.02,14.14,14.74,-2.38
1997-03-01,1997,3,"Crude oil, WTI",Energy,($/bbl),20.7,-5.05,-18.18,-2.36,8.95,-0.84
1997-04-01,1997,4,"Crude oil, WTI",Energy,($/bbl),19.4,-6.28,-22.09,-16.38,-4.43,-0.88
1997-05-01,1997,5,"Crude oil, WTI",Energy,($/bbl),20.5,5.67,-5.96,-2.84,-2.38,1.03
1997-06-01,1997,6,"Crude oil, WTI",Energy,($/bbl),18.9,-7.8,-8.7,-6.9,-15.62,-1.19
1997-07-01,1997,7,"Crude oil, WTI",Energy,($/bbl),19.3,2.12,-0.52,-9.81,-11.47,0.37
1997-08-01,1997,8,"Crude oil, WTI",Energy,($/bbl),19.6,1.55,-4.39,-10.91,-7.98,0.33
1997-09-01,1997,9,"Crude oil, WTI",Energy,($/bbl),19.6,0.0,3.7,-17.99,-10.5,0.11
1997-10-01,1997,10,"Crude oil, WTI",Energy,($/bbl),21.2,8.16,9.84,-14.86,-2.3,1.63
1997-11-01,1997,11,"Crude oil, WTI",Energy,($/bbl),19.9,-6.13,1.53,-16.03,-2.45,-0.79
1997-12-01,1997,12,"Crude oil, WTI",Energy,($/bbl),18.1,-9.05,-7.65,-28.46,-6.7,-1.21
1998-01-01,1998,1,"Crude oil, WTI",Energy,($/bbl),16.5,-8.84,-22.17,-33.73,-13.61,-1.0
1998-02-01,1998,2,"Crude oil, WTI",Energy,($/bbl),15.8,-4.24,-20.6,-27.52,-21.39,-0.16
1998-03-01,1998,3,"Crude oil, WTI",Energy,($/bbl),14.8,-6.33,-18.23,-28.5,-27.45,-0.66
1998-04-01,1998,4,"Crude oil, WTI",Energy,($/bbl),15.3,3.38,-7.27,-21.13,-24.63,1.02
1998-05-01,1998,5,"Crude oil, WTI",Energy,($/bbl),14.9,-2.61,-5.7,-27.32,-25.5,-0.14
1998-06-01,1998,6,"Crude oil, WTI",Energy,($/bbl),13.7,-8.05,-7.43,-27.51,-28.65,-1.01
1998-07-01,1998,7,"Crude oil, WTI",Energy,($/bbl),14.1,2.92,-7.84,-26.94,-21.23,0.98
1998-08-01,1998,8,"Crude oil, WTI",Energy,($/bbl),13.4,-4.96,-10.07,-31.63,-25.56,-0.45
1998-09-01,1998,9,"Crude oil, WTI",Energy,($/bbl),15.0,11.94,9.49,-23.47,-14.29,2.72
1998-10-01,1998,10,"Crude oil, WTI",Energy,($/bbl),14.4,-4.0,2.13,-32.08,-20.88,-0.29
1998-11-01,1998,11,"Crude oil, WTI",Energy,($/bbl),13.0,-9.72,-2.99,-34.67,-22.62,-1.08
1998-12-01,1998,12,"Crude oil, WTI",Energy,($/bbl),11.3,-13.08,-24.67,-37.57,-27.56,-1.52
1999-01-01,1999,1,"Crude oil, WTI",Energy,($/bbl),12.5,10.62,-13.19,-24.24,-16.67,2.08
1999-02-01,1999,2,"Crude oil, WTI",Energy,($/bbl),12.0,-4.0,-7.69,-24.05,-18.92,-0.26
1999-03-01,1999,3,"Crude oil, WTI",Energy,($/bbl),14.7,22.5,30.09,-0.68,0.0,3.16
1999-04-01,1999,4,"Crude oil, WTI",Energy,($/bbl),17.3,17.69,38.4,13.07,6.13,1.67
1999-05-01,1999,5,"Crude oil, WTI",Energy,($/bbl),17.8,2.89,48.33,19.46,-0.56,0.11
1999-06-01,1999,6,"Crude oil, WTI",Energy,($/bbl),17.9,0.56,21.77,30.66,-6.28,-0.13
1999-07-01,1999,7,"Crude oil, WTI",Energy,($/bbl),20.1,12.29,16.18,42.55,2.03,0.87
1999-08-01,1999,8,"Crude oil, WTI",Energy,($/bbl),21.3,5.97,19.66,58.96,15.76,0.21
1999-09-01,1999,9,"Crude oil, WTI",Energy,($/bbl),23.9,12.21,33.52,59.33,36.57,0.7
1999-10-01,1999,10,"Crude oil, WTI",Energy,($/bbl),22.6,-5.44,12.44,56.94,27.68,-0.9
1999-11-01,1999,11,"Crude oil, WTI",Energy,($/bbl),24.9,10.18,16.9,91.54,37.57,0.52
1999-12-01,1999,12,"Crude oil, WTI",Energy,($/bbl),26.1,4.82,9.21,130.97,51.74,-0.12
2000-01-01,2000,1,"Crude oil, WTI",Energy,($/bbl),27.3,4.6,20.8,118.4,51.67,-0.35
2000-02-01,2000,2,"Crude oil, WTI",Energy,($/bbl),29.3,7.33,17.67,144.17,58.38,0.04
2000-03-01,2000,3,"Crude oil, WTI",Energy,($/bbl),29.9,2.05,14.56,103.4,61.62,-0.78
2000-04-01,2000,4,"Crude oil, WTI",Energy,($/bbl),25.8,-13.71,-5.49,49.13,29.65,-3.22
2000-05-01,2000,5,"Crude oil, WTI",Energy,($/bbl),28.8,11.63,-1.71,61.8,46.94,1.07
2000-06-01,2000,6,"Crude oil, WTI",Energy,($/bbl),31.9,10.76,6.69,78.21,72.43,0.82
2000-07-01,2000,7,"Crude oil, WTI",Energy,($/bbl),30.0,-5.96,16.28,49.25,72.41,-1.42
2000-08-01,2000,8,"Crude oil, WTI",Energy,($/bbl),31.3,4.33,8.68,46.95,73.89,0.08
2000-09-01,2000,9,"Crude oil, WTI",Energy,($/bbl),33.9,8.31,6.27,41.84,88.33,0.58
2000-10-01,2000,10,"Crude oil, WTI",Energy,($/bbl),33.0,-2.65,10.0,46.02,90.75,-0.75
2000-11-01,2000,11,"Crude oil, WTI",Energy,($/bbl),34.4,4.24,9.9,38.15,93.26,0.1
2000-12-01,2000,12,"Crude oil, WTI",Energy,($/bbl),28.4,-17.44,-16.22,8.81,51.06,-2.8
2001-01-01,2001,1,"Crude oil, WTI",Energy,($/bbl),29.6,4.23,-10.3,8.42,56.61,0.33
2001-02-01,2001,2,"Crude oil, WTI",Energy,($/bbl),29.6,0.0,-13.95,1.02,54.97,-0.12
2001-03-01,2001,3,"Crude oil, WTI",Energy,($/bbl),27.2,-8.11,-4.23,-9.03,28.3,-0.94
2001-04-01,2001,4,"Crude oil, WTI",Energy,($/bbl),27.4,0.74,-7.43,6.2,18.1,0.12
2001-05-01,2001,5,"Crude oil, WTI",Energy,($/bbl),28.6,4.38,-3.38,-0.69,35.55,0.42
2001-06-01,2001,6,"Crude oil, WTI",Energy,($/bbl),27.6,-3.5,1.47,-13.48,35.96,-0.48
2001-07-01,2001,7,"Crude oil, WTI",Energy,($/bbl),26.4,-4.35,-3.65,-12.0,23.36,-0.48
2001-08-01,2001,8,"Crude oil, WTI",Energy,($/bbl),27.4,3.79,-4.2,-12.46,24.55,0.66
2001-09-01,2001,9,"Crude oil, WTI",Energy,($/bbl),26.1,-4.74,-5.43,-23.01,9.21,-0.55
2001-10-01,2001,10,"Crude oil, WTI",Energy,($/bbl),22.2,-14.94,-15.91,-32.73,-10.84,-2.02
2001-11-01,2001,11,"Crude oil, WTI",Energy,($/bbl),19.6,-11.71,-28.47,-43.02,-17.3,-1.17
2001-12-01,2001,12,"Crude oil, WTI",Energy,($/bbl),19.3,-1.53,-26.05,-32.04,-23.72,0.37
2002-01-01,2002,1,"Crude oil, WTI",Energy,($/bbl),19.7,2.07,-11.26,-33.45,-20.88,0.81
2002-02-01,2002,2,"Crude oil, WTI",Energy,($/bbl),20.7,5.08,5.61,-30.07,-5.05,1.36
2002-03-01,2002,3,"Crude oil, WTI",Energy,($/bbl),24.4,17.87,26.42,-10.29,17.87,3.2
2002-04-01,2002,4,"Crude oil, WTI",Energy,($/bbl),26.2,7.38,32.99,-4.38,35.05,0.93
2002-05-01,2002,5,"Crude oil, WTI",Energy,($/bbl),27.0,3.05,30.43,-5.59,31.71,0.35
2002-06-01,2002,6,"Crude oil, WTI",Energy,($/bbl),25.5,-5.56,4.51,-7.61,34.92,-0.62
2002-07-01,2002,7,"Crude oil, WTI",Energy,($/bbl),26.9,5.49,2.67,1.89,39.38,0.65
2002-08-01,2002,8,"Crude oil, WTI",Energy,($/bbl),28.4,5.58,5.19,3.65,44.9,0.57
2002-09-01,2002,9,"Crude oil, WTI",Energy,($/bbl),29.7,4.58,16.47,13.79,51.53,0.44
2002-10-01,2002,10,"Crude oil, WTI",Energy,($/bbl),28.9,-2.69,7.43,30.18,36.32,-0.47
2002-11-01,2002,11,"Crude oil, WTI",Energy,($/bbl),26.3,-9.0,-7.39,34.18,32.16,-1.55
2002-12-01,2002,12,"Crude oil, WTI",Energy,($/bbl),29.4,11.79,-1.01,52.33,62.43,1.31
2003-01-01,2003,1,"Crude oil, WTI",Energy,($/bbl),32.9,11.9,13.84,67.01,99.39,1.12
2003-02-01,2003,2,"Crude oil, WTI",Energy,($/bbl),35.8,8.81,36.12,72.95,126.58,0.55
2003-03-01,2003,3,"Crude oil, WTI",Energy,($/bbl),33.3,-6.98,13.27,36.48,125.0,-1.55
2003-04-01,2003,4,"Crude oil, WTI",Energy,($/bbl),28.2,-15.32,-14.29,7.63,84.31,-2.52
2003-05-01,2003,5,"Crude oil, WTI",Energy,($/bbl),28.1,-0.35,-21.51,4.07,88.59,-0.15
2003-06-01,2003,6,"Crude oil, WTI",Energy,($/bbl),30.7,9.25,-7.81,20.39,124.09,0.98
2003-07-01,2003,7,"Crude oil, WTI",Energy,($/bbl),30.7,0.0,8.87,14.13,117.73,-0.22
2003-08-01,2003,8,"Crude oil, WTI",Energy,($/bbl),31.6,2.93,12.46,11.27,135.82,0.17
2003-09-01,2003,9,"Crude oil, WTI",Energy,($/bbl),28.3,-10.44,-7.82,-4.71,88.67,-1.35
2003-10-01,2003,10,"Crude oil, WTI",Energy,($/bbl),30.3,7.07,-1.3,4.84,110.42,0.77
2003-11-01,2003,11,"Crude oil, WTI",Energy,($/bbl),31.1,2.64,-1.58,18.25,139.23,0.2
2003-12-01,2003,12,"Crude oil, WTI",Energy,($/bbl),32.1,3.22,13.43,9.18,184.07,0.16
2004-01-01,2004,1,"Crude oil, WTI",Energy,($/bbl),34.2,6.54,12.87,3.95,173.6,0.66
2004-02-01,2004,2,"Crude oil, WTI",Energy,($/bbl),34.7,1.46,11.58,-3.07,189.17,0.11
2004-03-01,2004,3,"Crude oil, WTI",Energy,($/bbl),36.7,5.76,14.33,10.21,149.66,0.78
2004-04-01,2004,4,"Crude oil, WTI",Energy,($/bbl),36.7,0.0,7.31,30.14,112.14,-0.15
2004-05-01,2004,5,"Crude oil, WTI",Energy,($/bbl),40.3,9.81,16.14,43.42,126.4,1.47
2004-06-01,2004,6,"Crude oil, WTI",Energy,($/bbl),38.0,-5.71,3.54,23.78,112.29,-1.64
2004-07-01,2004,7,"Crude oil, WTI",Energy,($/bbl),40.8,7.37,11.17,32.9,102.99,0.97
2004-08-01,2004,8,"Crude oil, WTI",Energy,($/bbl),44.9,10.05,11.41,42.09,110.8,1.3
2004-09-01,2004,9,"Crude oil, WTI",Energy,($/bbl),45.9,2.23,20.79,62.19,92.05,-0.15
2004-10-01,2004,10,"Crude oil, WTI",Energy,($/bbl),53.2,15.9,30.39,75.58,135.4,2.6
2004-11-01,2004,11,"Crude oil, WTI",Energy,($/bbl),48.4,-9.02,7.8,55.63,94.38,-2.49
2004-12-01,2004,12,"Crude oil, WTI",Energy,($/bbl),43.2,-10.74,-5.88,34.58,65.52,-2.13
2005-01-01,2005,1,"Crude oil, WTI",Energy,($/bbl),46.8,8.33,-12.03,36.84,71.43,0.68
2005-02-01,2005,2,"Crude oil, WTI",Energy,($/bbl),48.0,2.56,-0.83,38.33,63.82,-0.05
2005-03-01,2005,3,"Crude oil, WTI",Energy,($/bbl),54.2,12.92,25.46,47.68,81.27,1.21
2005-04-01,2005,4,"Crude oil, WTI",Energy,($/bbl),53.0,-2.21,13.25,44.41,105.43,-0.68
2005-05-01,2005,5,"Crude oil, WTI",Energy,($/bbl),49.8,-6.04,3.75,23.57,72.92,-1.08
2005-06-01,2005,6,"Crude oil, WTI",Energy,($/bbl),56.4,13.25,4.06,48.42,76.8,1.25
2005-07-01,2005,7,"Crude oil, WTI",Energy,($/bbl),58.7,4.08,10.75,43.87,95.67,0.04
2005-08-01,2005,8,"Crude oil, WTI",Energy,($/bbl),65.0,10.73,30.52,44.77,107.67,0.81
2005-09-01,2005,9,"Crude oil, WTI",Energy,($/bbl),65.5,0.77,16.13,42.7,93.22,-0.3
2005-10-01,2005,10,"Crude oil, WTI",Energy,($/bbl),62.4,-4.73,6.3,17.29,89.09,-0.89
2005-11-01,2005,11,"Crude oil, WTI",Energy,($/bbl),58.3,-6.57,-10.31,20.45,69.48,-0.98
2005-12-01,2005,12,"Crude oil, WTI",Energy,($/bbl),59.4,1.89,-9.31,37.5,109.15,0.0
2006-01-01,2006,1,"Crude oil, WTI",Energy,($/bbl),65.5,10.27,4.97,39.96,121.28,1.03
2006-02-01,2006,2,"Crude oil, WTI",Energy,($/bbl),61.6,-5.95,5.66,28.33,108.11,-1.24
2006-03-01,2006,3,"Crude oil, WTI",Energy,($/bbl),62.9,2.11,5.89,16.05,131.25,-0.03
2006-04-01,2006,4,"Crude oil, WTI",Energy,($/bbl),69.4,10.33,5.95,30.94,153.28,1.27
2006-05-01,2006,5,"Crude oil, WTI",Energy,($/bbl),70.9,2.16,15.1,42.37,147.9,-0.05
2006-06-01,2006,6,"Crude oil, WTI",Energy,($/bbl),70.9,0.0,12.72,25.71,156.88,-0.47
2006-07-01,2006,7,"Crude oil, WTI",Energy,($/bbl),74.4,4.94,7.2,26.75,181.82,0.47
2006-08-01,2006,8,"Crude oil, WTI",Energy,($/bbl),73.0,-1.88,2.96,12.31,166.42,-0.66
2006-09-01,2006,9,"Crude oil, WTI",Energy,($/bbl),63.8,-12.6,-10.01,-2.6,144.44,-2.47
2006-10-01,2006,10,"Crude oil, WTI",Energy,($/bbl),58.9,-7.68,-20.83,-5.61,165.32,-1.12
2006-11-01,2006,11,"Crude oil, WTI",Energy,($/bbl),59.1,0.34,-19.04,1.37,201.53,0.08
2006-12-01,2006,12,"Crude oil, WTI",Energy,($/bbl),62.0,4.91,-2.82,4.38,221.24,0.68
2007-01-01,2007,1,"Crude oil, WTI",Energy,($/bbl),54.2,-12.58,-7.98,-17.25,175.13,-1.91
2007-02-01,2007,2,"Crude oil, WTI",Energy,($/bbl),59.3,9.41,0.34,-3.73,186.47,1.51
2007-03-01,2007,3,"Crude oil, WTI",Energy,($/bbl),60.6,2.19,-2.26,-3.66,148.36,0.3
2007-04-01,2007,4,"Crude oil, WTI",Energy,($/bbl),63.9,5.45,17.9,-7.93,143.89,0.72
2007-05-01,2007,5,"Crude oil, WTI",Energy,($/bbl),63.5,-0.63,7.08,-10.44,135.19,-0.03
2007-06-01,2007,6,"Crude oil, WTI",Energy,($/bbl),67.5,6.3,11.39,-4.8,164.71,0.99
2007-07-01,2007,7,"Crude oil, WTI",Energy,($/bbl),74.1,9.78,15.96,-0.4,175.46,1.35
2007-08-01,2007,8,"Crude oil, WTI",Energy,($/bbl),72.4,-2.29,14.02,-0.82,154.93,-0.33
2007-09-01,2007,9,"Crude oil, WTI",Energy,($/bbl),79.9,10.36,18.37,25.24,169.02,1.31
2007-10-01,2007,10,"Crude oil, WTI",Energy,($/bbl),85.9,7.51,15.92,45.84,197.23,0.76
2007-11-01,2007,11,"Crude oil, WTI",Energy,($/bbl),94.8,10.36,30.94,60.41,260.46,1.06
2007-12-01,2007,12,"Crude oil, WTI",Energy,($/bbl),91.4,-3.59,14.39,47.42,210.88,-1.16
2008-01-01,2008,1,"Crude oil, WTI",Energy,($/bbl),93.0,1.75,8.27,71.59,182.67,-0.25
2008-02-01,2008,2,"Crude oil, WTI",Energy,($/bbl),95.4,2.58,0.63,60.88,166.48,-0.42
2008-03-01,2008,3,"Crude oil, WTI",Energy,($/bbl),105.5,10.59,15.43,74.09,216.82,1.32
2008-04-01,2008,4,"Crude oil, WTI",Energy,($/bbl),112.6,6.73,21.08,76.21,299.29,0.36
2008-05-01,2008,5,"Crude oil, WTI",Energy,($/bbl),125.0,11.01,31.03,96.85,344.84,1.17
2008-06-01,2008,6,"Crude oil, WTI",Energy,($/bbl),133.9,7.12,26.92,98.37,336.16,0.23
2008-07-01,2008,7,"Crude oil, WTI",Energy,($/bbl),133.4,-0.37,18.47,80.03,334.53,-1.23
2008-08-01,2008,8,"Crude oil, WTI",Energy,($/bbl),116.6,-12.59,-6.72,61.05,268.99,-3.34
2008-09-01,2008,9,"Crude oil, WTI",Energy,($/bbl),103.9,-10.89,-22.4,30.04,267.14,-2.13
2008-10-01,2008,10,"Crude oil, WTI",Energy,($/bbl),76.6,-26.28,-42.58,-10.83,152.81,-3.57
2008-11-01,2008,11,"Crude oil, WTI",Energy,($/bbl),57.3,-25.2,-50.86,-39.56,84.24,-2.19
2008-12-01,2008,12,"Crude oil, WTI",Energy,($/bbl),41.4,-27.75,-60.15,-54.7,28.97,-1.9
2009-01-01,2009,1,"Crude oil, WTI",Energy,($/bbl),41.7,0.72,-45.56,-55.16,21.93,0.41
2009-02-01,2009,2,"Crude oil, WTI",Energy,($/bbl),39.2,-6.0,-31.59,-58.91,12.97,-0.04
2009-03-01,2009,3,"Crude oil, WTI",Energy,($/bbl),47.5,21.17,14.73,-54.98,29.43,1.89
2009-04-01,2009,4,"Crude oil, WTI",Energy,($/bbl),49.8,4.84,19.42,-55.77,35.69,0.63
2009-05-01,2009,5,"Crude oil, WTI",Energy,($/bbl),59.1,18.67,50.77,-52.72,46.65,1.53
2009-06-01,2009,6,"Crude oil, WTI",Energy,($/bbl),69.6,17.77,46.53,-48.02,83.16,1.36
2009-07-01,2009,7,"Crude oil, WTI",Energy,($/bbl),64.1,-7.9,28.71,-51.95,57.11,-0.23
2009-08-01,2009,8,"Crude oil, WTI",Energy,($/bbl),71.1,10.92,20.3,-39.02,58.35,0.88
2009-09-01,2009,9,"Crude oil, WTI",Energy,($/bbl),69.4,-2.39,-0.29,-33.21,51.2,0.01
2009-10-01,2009,10,"Crude oil, WTI",Energy,($/bbl),75.8,9.22,18.25,-1.04,42.48,0.62
2009-11-01,2009,11,"Crude oil, WTI",Energy,($/bbl),78.0,2.9,9.7,36.13,61.16,0.11
2009-12-01,2009,12,"Crude oil, WTI",Energy,($/bbl),74.5,-4.49,7.35,79.95,72.45,-0.58
2010-01-01,2010,1,"Crude oil, WTI",Energy,($/bbl),78.4,5.23,3.43,88.01,67.52,-0.02
2010-02-01,2010,2,"Crude oil, WTI",Energy,($/bbl),76.4,-2.55,-2.05,94.9,59.17,-0.84
2010-03-01,2010,3,"Crude oil, WTI",Energy,($/bbl),81.3,6.41,9.13,71.16,50.0,0.03
2010-04-01,2010,4,"Crude oil, WTI",Energy,($/bbl),84.5,3.94,7.78,69.68,59.43,-0.11
2010-05-01,2010,5,"Crude oil, WTI",Energy,($/bbl),73.7,-12.78,-3.53,24.7,47.99,-2.09
2010-06-01,2010,6,"Crude oil, WTI",Energy,($/bbl),75.4,2.31,-7.26,8.33,33.69,0.01
2010-07-01,2010,7,"Crude oil, WTI",Energy,($/bbl),76.4,1.33,-9.59,19.19,30.15,0.06
2010-08-01,2010,8,"Crude oil, WTI",Energy,($/bbl),76.6,0.26,3.93,7.74,17.85,-0.22
2010-09-01,2010,9,"Crude oil, WTI",Energy,($/bbl),75.3,-1.7,-0.13,8.5,14.96,-0.43
2010-10-01,2010,10,"Crude oil, WTI",Energy,($/bbl),81.9,8.76,7.2,8.05,31.25,1.37
2010-11-01,2010,11,"Crude oil, WTI",Energy,($/bbl),84.2,2.81,9.92,7.95,44.43,0.35
2010-12-01,2010,12,"Crude oil, WTI",Energy,($/bbl),89.1,5.82,18.33,19.6,50.0,0.88
2011-01-01,2011,1,"Crude oil, WTI",Energy,($/bbl),89.4,0.34,9.16,14.03,36.49,-0.23
2011-02-01,2011,2,"Crude oil, WTI",Energy,($/bbl),89.5,0.11,6.29,17.15,45.29,-0.2
2011-03-01,2011,3,"Crude oil, WTI",Energy,($/bbl),102.9,14.97,15.49,26.57,63.59,2.49
2011-04-01,2011,4,"Crude oil, WTI",Energy,($/bbl),110.0,6.9,23.04,30.18,58.5,0.72
2011-05-01,2011,5,"Crude oil, WTI",Energy,($/bbl),101.3,-7.91,13.18,37.45,42.88,-1.54
2011-06-01,2011,6,"Crude oil, WTI",Energy,($/bbl),96.3,-4.94,-6.41,27.72,35.83,-1.35
2011-07-01,2011,7,"Crude oil, WTI",Energy,($/bbl),97.3,1.04,-11.55,27.36,30.78,-0.19
2011-08-01,2011,8,"Crude oil, WTI",Energy,($/bbl),86.3,-11.31,-14.81,12.66,18.22,-2.18
2011-09-01,2011,9,"Crude oil, WTI",Energy,($/bbl),85.6,-0.81,-11.11,13.68,34.17,-0.28
2011-10-01,2011,10,"Crude oil, WTI",Energy,($/bbl),86.4,0.93,-11.2,5.49,46.69,-0.05
2011-11-01,2011,11,"Crude oil, WTI",Energy,($/bbl),97.1,12.38,12.51,15.32,64.3,1.7
2011-12-01,2011,12,"Crude oil, WTI",Energy,($/bbl),98.6,1.54,15.19,10.66,59.03,0.01
2012-01-01,2012,1,"Crude oil, WTI",Energy,($/bbl),100.3,1.72,16.09,12.19,85.06,0.08
2012-02-01,2012,2,"Crude oil, WTI",Energy,($/bbl),102.2,1.89,5.25,14.19,72.34,0.09
2012-03-01,2012,3,"Crude oil, WTI",Energy,($/bbl),106.2,3.91,7.71,3.21,75.25,0.34
2012-04-01,2012,4,"Crude oil, WTI",Energy,($/bbl),103.3,-2.73,2.99,-6.09,61.66,-0.5
2012-05-01,2012,5,"Crude oil, WTI",Energy,($/bbl),94.7,-8.33,-7.34,-6.52,49.13,-1.32
2012-06-01,2012,6,"Crude oil, WTI",Energy,($/bbl),82.4,-12.99,-22.41,-14.43,22.07,-2.07
2012-07-01,2012,7,"Crude oil, WTI",Energy,($/bbl),87.9,6.67,-14.91,-9.66,18.62,1.1
2012-08-01,2012,8,"Crude oil, WTI",Energy,($/bbl),94.1,7.05,-0.63,9.04,29.97,1.04
2012-09-01,2012,9,"Crude oil, WTI",Energy,($/bbl),94.5,0.43,14.68,10.4,18.27,-0.08
2012-10-01,2012,10,"Crude oil, WTI",Energy,($/bbl),89.5,-5.29,1.82,3.59,4.19,-0.93
2012-11-01,2012,11,"Crude oil, WTI",Energy,($/bbl),86.7,-3.13,-7.86,-10.71,-8.54,-0.52
2012-12-01,2012,12,"Crude oil, WTI",Energy,($/bbl),88.2,1.73,-6.67,-10.55,-3.5,0.42
2013-01-01,2013,1,"Crude oil, WTI",Energy,($/bbl),94.7,7.37,5.81,-5.58,1.83,1.35
2013-02-01,2013,2,"Crude oil, WTI",Energy,($/bbl),95.3,0.63,9.92,-6.75,-0.1,0.14
2013-03-01,2013,3,"Crude oil, WTI",Energy,($/bbl),92.9,-2.52,5.33,-12.52,-11.94,-0.33
2013-04-01,2013,4,"Crude oil, WTI",Energy,($/bbl),92.0,-0.97,-2.85,-10.94,-18.29,-0.01
2013-05-01,2013,5,"Crude oil, WTI",Energy,($/bbl),94.8,3.04,-0.52,0.11,-24.16,0.61
2013-06-01,2013,6,"Crude oil, WTI",Energy,($/bbl),95.8,1.05,3.12,16.26,-28.45,0.15
2013-07-01,2013,7,"Crude oil, WTI",Energy,($/bbl),104.7,9.29,13.8,19.11,-21.51,1.93
2013-08-01,2013,8,"Crude oil, WTI",Energy,($/bbl),106.5,1.72,12.34,13.18,-8.66,0.04
2013-09-01,2013,9,"Crude oil, WTI",Energy,($/bbl),106.2,-0.28,10.86,12.38,2.21,-0.34
2013-10-01,2013,10,"Crude oil, WTI",Energy,($/bbl),100.5,-5.37,-4.01,12.29,31.2,-1.55
2013-11-01,2013,11,"Crude oil, WTI",Energy,($/bbl),93.9,-6.57,-11.83,8.3,63.87,-1.83
2013-12-01,2013,12,"Crude oil, WTI",Energy,($/bbl),97.9,4.26,-7.82,11.0,136.47,0.77
2014-01-01,2014,1,"Crude oil, WTI",Energy,($/bbl),94.9,-3.06,-5.57,0.21,127.58,-0.86
2014-02-01,2014,2,"Crude oil, WTI",Energy,($/bbl),100.7,6.11,7.24,5.67,156.89,1.39
2014-03-01,2014,3,"Crude oil, WTI",Energy,($/bbl),100.6,-0.1,2.76,8.29,111.79,-0.14
2014-04-01,2014,4,"Crude oil, WTI",Energy,($/bbl),102.1,1.49,7.59,10.98,105.02,0.16
2014-05-01,2014,5,"Crude oil, WTI",Energy,($/bbl),101.9,-0.2,1.19,7.49,72.42,-0.26
2014-06-01,2014,6,"Crude oil, WTI",Energy,($/bbl),105.2,3.24,4.57,9.81,51.15,0.56
2014-07-01,2014,7,"Crude oil, WTI",Energy,($/bbl),102.9,-2.19,0.78,-1.72,60.53,-0.67
2014-08-01,2014,8,"Crude oil, WTI",Energy,($/bbl),96.4,-6.32,-5.4,-9.48,35.58,-1.65
2014-09-01,2014,9,"Crude oil, WTI",Energy,($/bbl),93.2,-3.32,-11.41,-12.24,34.29,-0.62
2014-10-01,2014,10,"Crude oil, WTI",Energy,($/bbl),84.4,-9.44,-17.98,-16.02,11.35,-2.01
2014-11-01,2014,11,"Crude oil, WTI",Energy,($/bbl),75.8,-10.19,-21.37,-19.28,-2.82,-1.88
2014-12-01,2014,12,"Crude oil, WTI",Energy,($/bbl),59.3,-21.77,-36.37,-39.43,-20.4,-3.89
2015-01-01,2015,1,"Crude oil, WTI",Energy,($/bbl),47.3,-20.24,-43.96,-50.16,-39.67,-2.21
2015-02-01,2015,2,"Crude oil, WTI",Energy,($/bbl),50.6,6.98,-33.25,-49.75,-33.77,1.39
2015-03-01,2015,3,"Crude oil, WTI",Energy,($/bbl),47.8,-5.53,-19.39,-52.49,-41.21,-0.04
2015-04-01,2015,4,"Crude oil, WTI",Energy,($/bbl),54.4,13.81,15.01,-46.72,-35.62,2.22
2015-05-01,2015,5,"Crude oil, WTI",Energy,($/bbl),59.3,9.01,17.19,-41.81,-19.54,1.33
2015-06-01,2015,6,"Crude oil, WTI",Energy,($/bbl),59.8,0.84,25.1,-43.16,-20.69,0.43
2015-07-01,2015,7,"Crude oil, WTI",Energy,($/bbl),50.9,-14.88,-6.43,-50.53,-33.38,-1.0
2015-08-01,2015,8,"Crude oil, WTI",Energy,($/bbl),42.9,-15.72,-27.66,-55.5,-43.99,-0.95
2015-09-01,2015,9,"Crude oil, WTI",Energy,($/bbl),45.5,6.06,-23.91,-51.18,-39.58,1.02
2015-10-01,2015,10,"Crude oil, WTI",Energy,($/bbl),46.2,1.54,-9.23,-45.26,-43.59,0.55
2015-11-01,2015,11,"Crude oil, WTI",Energy,($/bbl),42.7,-7.58,-0.47,-43.67,-49.29,-0.28
2015-12-01,2015,12,"Crude oil, WTI",Energy,($/bbl),37.2,-12.88,-18.24,-37.27,-58.25,-0.74
2016-01-01,2016,1,"Crude oil, WTI",Energy,($/bbl),31.5,-15.32,-31.82,-33.4,-64.77,-1.09
2016-02-01,2016,2,"Crude oil, WTI",Energy,($/bbl),30.4,-3.49,-28.81,-39.92,-66.03,-0.07
2016-03-01,2016,3,"Crude oil, WTI",Energy,($/bbl),37.8,24.34,1.61,-20.92,-63.27,2.78
2016-04-01,2016,4,"Crude oil, WTI",Energy,($/bbl),41.0,8.47,30.16,-24.63,-62.73,0.75
2016-05-01,2016,5,"Crude oil, WTI",Energy,($/bbl),46.7,13.9,53.62,-21.25,-53.9,1.25
2016-06-01,2016,6,"Crude oil, WTI",Energy,($/bbl),48.8,4.5,29.1,-18.39,-49.33,0.45
2016-07-01,2016,7,"Crude oil, WTI",Energy,($/bbl),44.7,-8.4,9.02,-12.18,-54.06,-0.58
2016-08-01,2016,8,"Crude oil, WTI",Energy,($/bbl),44.8,0.22,-4.07,4.43,-48.09,0.05
2016-09-01,2016,9,"Crude oil, WTI",Energy,($/bbl),45.2,0.89,-7.38,-0.66,-47.2,-0.0
2016-10-01,2016,10,"Crude oil, WTI",Energy,($/bbl),49.9,10.4,11.63,8.01,-42.25,0.87
2016-11-01,2016,11,"Crude oil, WTI",Energy,($/bbl),45.6,-8.62,1.79,6.79,-53.04,-0.84
2016-12-01,2016,12,"Crude oil, WTI",Energy,($/bbl),52.0,14.04,15.04,39.78,-47.26,1.09
2017-01-01,2017,1,"Crude oil, WTI",Energy,($/bbl),52.5,0.96,5.21,66.67,-47.66,-0.21
2017-02-01,2017,2,"Crude oil, WTI",Energy,($/bbl),53.4,1.71,17.11,75.66,-47.75,-0.31
2017-03-01,2017,3,"Crude oil, WTI",Energy,($/bbl),49.6,-7.12,-4.62,31.22,-53.3,-1.29
2017-04-01,2017,4,"Crude oil, WTI",Energy,($/bbl),51.1,3.02,-2.67,24.63,-50.53,0.06
2017-05-01,2017,5,"Crude oil, WTI",Energy,($/bbl),48.5,-5.09,-9.18,3.85,-48.79,-0.92
2017-06-01,2017,6,"Crude oil, WTI",Energy,($/bbl),45.2,-6.8,-8.87,-7.38,-45.15,-1.03
2017-07-01,2017,7,"Crude oil, WTI",Energy,($/bbl),46.7,3.32,-8.61,4.47,-46.87,0.51
2017-08-01,2017,8,"Crude oil, WTI",Energy,($/bbl),48.0,2.78,-1.03,7.14,-48.99,0.32
2017-09-01,2017,9,"Crude oil, WTI",Energy,($/bbl),49.8,3.75,10.18,10.18,-47.3,0.43
2017-10-01,2017,10,"Crude oil, WTI",Energy,($/bbl),51.6,3.61,10.49,3.41,-42.35,0.37
2017-11-01,2017,11,"Crude oil, WTI",Energy,($/bbl),56.7,9.88,18.13,24.34,-34.6,1.47
2017-12-01,2017,12,"Crude oil, WTI",Energy,($/bbl),57.9,2.12,16.27,11.35,-34.35,0.02
2018-01-01,2018,1,"Crude oil, WTI",Energy,($/bbl),63.7,10.02,23.45,21.33,-32.73,1.81
2018-02-01,2018,2,"Crude oil, WTI",Energy,($/bbl),62.2,-2.35,9.7,16.48,-34.73,-0.74
2018-03-01,2018,3,"Crude oil, WTI",Energy,($/bbl),62.8,0.96,8.46,26.61,-32.4,-0.08
2018-04-01,2018,4,"Crude oil, WTI",Energy,($/bbl),66.3,5.57,4.08,29.75,-27.93,0.68
2018-05-01,2018,5,"Crude oil, WTI",Energy,($/bbl),70.0,5.58,12.54,44.33,-26.16,0.63
2018-06-01,2018,6,"Crude oil, WTI",Energy,($/bbl),67.5,-3.57,7.48,49.34,-29.54,-1.45
2018-07-01,2018,7,"Crude oil, WTI",Energy,($/bbl),70.8,4.89,6.79,51.61,-32.38,0.35
2018-08-01,2018,8,"Crude oil, WTI",Energy,($/bbl),68.0,-3.95,-2.86,41.67,-36.15,-1.83
2018-09-01,2018,9,"Crude oil, WTI",Energy,($/bbl),70.2,3.24,4.0,40.96,-33.9,0.04
2018-10-01,2018,10,"Crude oil, WTI",Energy,($/bbl),70.8,0.85,0.0,37.21,-29.55,-0.46
2018-11-01,2018,11,"Crude oil, WTI",Energy,($/bbl),56.7,-19.92,-16.62,0.0,-39.62,-4.83
2018-12-01,2018,12,"Crude oil, WTI",Energy,($/bbl),49.0,-13.58,-30.2,-15.37,-49.95,-1.83
2019-01-01,2019,1,"Crude oil, WTI",Energy,($/bbl),51.5,5.1,-27.26,-19.15,-45.73,0.72
2019-02-01,2019,2,"Crude oil, WTI",Energy,($/bbl),55.0,6.8,-3.0,-11.58,-45.38,1.02
2019-03-01,2019,3,"Crude oil, WTI",Energy,($/bbl),58.2,5.82,18.78,-7.32,-42.15,0.77
2019-04-01,2019,4,"Crude oil, WTI",Energy,($/bbl),63.9,9.79,24.08,-3.62,-37.41,1.17
2019-05-01,2019,5,"Crude oil, WTI",Energy,($/bbl),60.8,-4.85,10.55,-13.14,-40.33,-0.55
2019-06-01,2019,6,"Crude oil, WTI",Energy,($/bbl),54.7,-10.03,-6.01,-18.96,-48.0,-1.04
2019-07-01,2019,7,"Crude oil, WTI",Energy,($/bbl),57.5,5.12,-10.02,-18.79,-44.12,0.7
2019-08-01,2019,8,"Crude oil, WTI",Energy,($/bbl),54.8,-4.7,-9.87,-19.41,-43.15,-0.37
2019-09-01,2019,9,"Crude oil, WTI",Energy,($/bbl),57.0,4.01,4.2,-18.8,-38.84,0.58
2019-10-01,2019,10,"Crude oil, WTI",Energy,($/bbl),54.0,-5.26,-6.09,-23.73,-36.02,-0.43
2019-11-01,2019,11,"Crude oil, WTI",Energy,($/bbl),57.1,5.74,4.2,0.71,-24.67,0.81
2019-12-01,2019,12,"Crude oil, WTI",Energy,($/bbl),59.8,4.73,4.91,22.04,0.84,0.58
2020-01-01,2020,1,"Crude oil, WTI",Energy,($/bbl),57.5,-3.85,6.48,11.65,21.56,-0.91
2020-02-01,2020,2,"Crude oil, WTI",Energy,($/bbl),50.5,-12.17,-11.56,-8.18,-0.2,-2.08
2020-03-01,2020,3,"Crude oil, WTI",Energy,($/bbl),29.9,-40.79,-50.0,-48.63,-37.45,-5.64
2020-04-01,2020,4,"Crude oil, WTI",Energy,($/bbl),16.5,-44.82,-71.3,-74.18,-69.67,-3.03
2020-05-01,2020,5,"Crude oil, WTI",Energy,($/bbl),28.6,73.33,-43.37,-52.96,-51.77,4.86
2020-06-01,2020,6,"Crude oil, WTI",Energy,($/bbl),38.3,33.92,28.09,-29.98,-35.95,1.24
2020-07-01,2020,7,"Crude oil, WTI",Energy,($/bbl),40.8,6.53,147.27,-29.04,-19.84,0.17
2020-08-01,2020,8,"Crude oil, WTI",Energy,($/bbl),42.4,3.92,48.25,-22.63,-1.17,0.08
2020-09-01,2020,9,"Crude oil, WTI",Energy,($/bbl),39.6,-6.6,3.39,-30.53,-12.97,-0.28
2020-10-01,2020,10,"Crude oil, WTI",Energy,($/bbl),39.5,-0.25,-3.19,-26.85,-14.5,-0.05
2020-11-01,2020,11,"Crude oil, WTI",Energy,($/bbl),41.1,4.05,-3.07,-28.02,-3.75,0.08
2020-12-01,2020,12,"Crude oil, WTI",Energy,($/bbl),47.1,14.6,18.94,-21.24,26.61,0.42
2021-01-01,2021,1,"Crude oil, WTI",Energy,($/bbl),52.1,10.62,31.9,-9.39,65.4,0.27
2021-02-01,2021,2,"Crude oil, WTI",Energy,($/bbl),59.1,13.44,43.8,17.03,94.41,0.32
2021-03-01,2021,3,"Crude oil, WTI",Energy,($/bbl),62.4,5.58,32.48,108.7,65.08,-0.0
2021-04-01,2021,4,"Crude oil, WTI",Energy,($/bbl),61.7,-1.12,18.43,273.94,50.49,-0.39
2021-05-01,2021,5,"Crude oil, WTI",Energy,($/bbl),65.2,5.67,10.32,127.97,39.61,-0.35
2021-06-01,2021,6,"Crude oil, WTI",Energy,($/bbl),71.4,9.51,14.42,86.42,46.31,0.19
2021-07-01,2021,7,"Crude oil, WTI",Energy,($/bbl),72.5,1.54,17.5,77.7,62.19,-0.64
2021-08-01,2021,8,"Crude oil, WTI",Energy,($/bbl),67.7,-6.62,3.83,59.67,51.12,-1.87
2021-09-01,2021,9,"Crude oil, WTI",Energy,($/bbl),71.6,5.76,0.28,80.81,58.41,0.22
2021-10-01,2021,10,"Crude oil, WTI",Energy,($/bbl),81.3,13.55,12.14,105.82,62.93,1.33
2021-11-01,2021,11,"Crude oil, WTI",Energy,($/bbl),79.2,-2.58,16.99,92.7,73.68,-1.4
2021-12-01,2021,12,"Crude oil, WTI",Energy,($/bbl),71.5,-9.72,-0.14,51.8,37.5,-2.25
2022-01-01,2022,1,"Crude oil, WTI",Energy,($/bbl),83.1,16.22,2.21,59.5,58.29,1.63
2022-02-01,2022,2,"Crude oil, WTI",Energy,($/bbl),91.7,10.35,15.78,55.16,71.72,0.74
2022-03-01,2022,3,"Crude oil, WTI",Energy,($/bbl),108.5,18.32,51.75,73.88,118.75,1.8
2022-04-01,2022,4,"Crude oil, WTI",Energy,($/bbl),101.8,-6.18,22.5,64.99,99.22,-1.25
2022-05-01,2022,5,"Crude oil, WTI",Energy,($/bbl),109.6,7.66,19.52,68.1,125.98,0.32
2022-06-01,2022,6,"Crude oil, WTI",Energy,($/bbl),114.6,4.56,5.62,60.5,153.54,-0.03
2022-07-01,2022,7,"Crude oil, WTI",Energy,($/bbl),99.9,-12.83,-1.87,37.79,113.92,-1.85
2022-08-01,2022,8,"Crude oil, WTI",Energy,($/bbl),91.6,-8.31,-16.42,35.3,90.83,-1.09
2022-09-01,2022,9,"Crude oil, WTI",Energy,($/bbl),83.9,-8.41,-26.79,17.18,68.47,-1.07
2022-10-01,2022,10,"Crude oil, WTI",Energy,($/bbl),87.3,4.05,-12.61,7.38,69.19,0.19
2022-11-01,2022,11,"Crude oil, WTI",Energy,($/bbl),84.8,-2.86,-7.42,7.07,49.56,-0.37
2022-12-01,2022,12,"Crude oil, WTI",Energy,($/bbl),76.5,-9.79,-8.82,6.99,32.12,-1.03
2023-01-01,2023,1,"Crude oil, WTI",Energy,($/bbl),78.1,2.09,-10.54,-6.02,22.61,0.1
2023-02-01,2023,2,"Crude oil, WTI",Energy,($/bbl),76.8,-1.66,-9.43,-16.25,23.47,-0.16
2023-03-01,2023,3,"Crude oil, WTI",Energy,($/bbl),73.4,-4.43,-4.05,-32.35,16.88,-0.37
2023-04-01,2023,4,"Crude oil, WTI",Energy,($/bbl),79.4,8.17,1.66,-22.0,19.76,1.73
2023-05-01,2023,5,"Crude oil, WTI",Energy,($/bbl),71.6,-9.82,-6.77,-34.67,2.29,-1.12
2023-06-01,2023,6,"Crude oil, WTI",Energy,($/bbl),70.2,-1.96,-4.36,-38.74,4.0,0.19
2023-07-01,2023,7,"Crude oil, WTI",Energy,($/bbl),76.4,8.83,-3.78,-23.52,7.91,1.99
2023-08-01,2023,8,"Crude oil, WTI",Energy,($/bbl),81.4,6.54,13.69,-11.14,19.71,1.29
2023-09-01,2023,9,"Crude oil, WTI",Energy,($/bbl),89.6,10.07,27.64,6.79,27.64,1.61
2023-10-01,2023,10,"Crude oil, WTI",Energy,($/bbl),85.6,-4.46,12.04,-1.95,20.9,-0.75
2023-11-01,2023,11,"Crude oil, WTI",Energy,($/bbl),77.4,-9.58,-4.91,-8.73,36.51,-1.38
2023-12-01,2023,12,"Crude oil, WTI",Energy,($/bbl),72.1,-6.85,-19.53,-5.75,47.14,-0.85
2024-01-01,2024,1,"Crude oil, WTI",Energy,($/bbl),73.9,2.5,-13.67,-5.38,43.5,0.38
2024-02-01,2024,2,"Crude oil, WTI",Energy,($/bbl),76.7,3.79,-0.9,-0.13,39.45,0.55
2024-03-01,2024,3,"Crude oil, WTI",Energy,($/bbl),80.5,4.95,11.65,9.67,38.32,0.65
2024-04-01,2024,4,"Crude oil, WTI",Energy,($/bbl),84.6,5.09,14.48,6.55,32.39,0.56
2024-05-01,2024,5,"Crude oil, WTI",Energy,($/bbl),78.8,-6.86,2.74,10.06,29.61,-1.08
2024-06-01,2024,6,"Crude oil, WTI",Energy,($/bbl),78.9,0.13,-1.99,12.39,44.24,-0.13
2024-07-01,2024,7,"Crude oil, WTI",Energy,($/bbl),80.5,2.03,-4.85,5.37,40.0,0.13
2024-08-01,2024,8,"Crude oil, WTI",Energy,($/bbl),75.6,-6.09,-4.06,-7.13,37.96,-1.08
2024-09-01,2024,9,"Crude oil, WTI",Energy,($/bbl),69.6,-7.94,-11.79,-22.32,22.11,-1.22
2024-10-01,2024,10,"Crude oil, WTI",Energy,($/bbl),71.6,2.87,-11.06,-16.36,32.59,0.87
2024-11-01,2024,11,"Crude oil, WTI",Energy,($/bbl),69.7,-2.65,-7.8,-9.95,22.07,-0.24
2024-12-01,2024,12,"Crude oil, WTI",Energy,($/bbl),69.8,0.14,0.29,-3.19,16.72,0.18
2025-01-01,2025,1,"Crude oil, WTI",Energy,($/bbl),75.1,7.59,4.89,1.62,30.61,1.67
2025-02-01,2025,2,"Crude oil, WTI",Energy,($/bbl),71.3,-5.06,2.3,-7.04,41.19,-1.04
2025-03-01,2025,3,"Crude oil, WTI",Energy,($/bbl),67.8,-4.91,-2.87,-15.78,126.76,-0.85
2025-04-01,2025,4,"Crude oil, WTI",Energy,($/bbl),63.1,-6.93,-15.98,-25.41,282.42,-1.12
2025-05-01,2025,5,"Crude oil, WTI",Energy,($/bbl),61.0,-3.33,-14.45,-22.59,113.29,-0.21
2025-06-01,2025,6,"Crude oil, WTI",Energy,($/bbl),67.5,10.66,-0.44,-14.45,76.24,2.73
2025-07-01,2025,7,"Crude oil, WTI",Energy,($/bbl),67.4,-0.15,6.81,-16.27,65.2,0.17
2025-08-01,2025,8,"Crude oil, WTI",Energy,($/bbl),64.1,-4.9,5.08,-15.21,51.18,-0.61
2025-09-01,2025,9,"Crude oil, WTI",Energy,($/bbl),63.7,-0.62,-5.63,-8.48,60.86,0.1
2025-10-01,2025,10,"Crude oil, WTI",Energy,($/bbl),60.2,-5.49,-10.68,-15.92,52.41,-0.91
2025-11-01,2025,11,"Crude oil, WTI",Energy,($/bbl),59.6,-1.0,-7.02,-14.49,45.01,0.06
2025-12-01,2025,12,"Crude oil, WTI",Energy,($/bbl),57.9,-2.85,-9.11,-17.05,22.93,-0.31
2026-01-01,2026,1,"Crude oil, WTI",Energy,($/bbl),60.3,4.15,0.17,-19.71,15.74,1.03
2026-02-01,2026,2,"Crude oil, WTI",Energy,($/bbl),64.6,7.13,8.39,-9.4,9.31,1.79
2026-03-01,2026,3,"Crude oil, WTI",Energy,($/bbl),91.2,41.18,57.51,34.51,46.15,7.73
2026-04-01,2026,4,"Crude oil, WTI",Energy,($/bbl),98.6,8.11,63.52,56.26,59.81,0.38
2026-05-01,2026,5,"Crude oil, WTI",Energy,($/bbl),99.1,0.51,53.41,62.46,51.99,-0.31
2026-06-01,2026,6,"Crude oil, WTI",Energy,($/bbl),81.9,-17.36,-10.2,21.33,14.71,-1.76
2026-07-01,2026,7,"Crude oil, WTI",Energy,($/bbl),79.4,-3.05,-19.47,17.8,9.52,-0.39
2026-08-01,2026,8,"Crude oil, WTI",Energy,($/bbl),82.7,4.16,-16.55,29.02,22.16,0.14
2026-09-01,2026,9,"Crude oil, WTI",Energy,($/bbl),96.9,17.17,18.32,52.12,35.34,1.03
1960-01-01,1960,1,"Crude oil, average",Energy,($/bbl),1.6,,,,,
1960-02-01,1960,2,"Crude oil, average",Energy,($/bbl),1.6,0.0,,,,
1960-03-01,1960,3,"Crude oil, average",Energy,($/bbl),1.6,0.0,,,,
1960-04-01,1960,4,"Crude oil, average",Energy,($/bbl),1.6,0.0,0.0,,,
1960-05-01,1960,5,"Crude oil, average",Energy,($/bbl),1.6,0.0,0.0,,,
1960-06-01,1960,6,"Crude oil, average",Energy,($/bbl),1.6,0.0,0.0,,,
1960-07-01,1960,7,"Crude oil, average",Energy,($/bbl),1.6,0.0,0.0,,,
1960-08-01,1960,8,"Crude oil, average",Energy,($/bbl),1.6,0.0,0.0,,,0.0
1960-09-01,1960,9,"Crude oil, average",Energy,($/bbl),1.6,0.0,0.0,,,0.0
1960-10-01,1960,10,"Crude oil, average",Energy,($/bbl),1.6,0.0,0.0,,,0.0
1960-11-01,1960,11,"Crude oil, average",Energy,($/bbl),1.6,0.0,0.0,,,0.0
1960-12-01,1960,12,"Crude oil, average",Energy,($/bbl),1.6,0.0,0.0,,,0.0
1961-01-01,1961,1,"Crude oil, average",Energy,($/bbl),1.6,0.0,0.0,0.0,,0.0
1961-02-01,1961,2,"Crude oil, average",Energy,($/bbl),1.6,0.0,0.0,0.0,,0.0
1961-03-01,1961,3,"Crude oil, average",Energy,($/bbl),1.6,0.0,0.0,0.0,,0.0
1961-04-01,1961,4,"Crude oil, average",Energy,($/bbl),1.6,0.0,0.0,0.0,,0.0
1961-05-01,1961,5,"Crude oil, average",Energy,($/bbl),1.6,0.0,0.0,0.0,,0.0
1961-06-01,1961,6,"Crude oil, average",Energy,($/bbl),1.6,0.0,0.0,0.0,,0.0
1961-07-01,1961,7,"Crude oil, average",Energy,($/bbl),1.6,0.0,0.0,0.0,,0.0
1961-08-01,1961,8,"Crude oil, average",Energy,($/bbl),1.6,0.0,0.0,0.0,,0.0
1961-09-01,1961,9,"Crude oil, average",Energy,($/bbl),1.6,0.0,0.0,0.0,,0.0
1961-10-01,1961,10,"Crude oil, average",Energy,($/bbl),1.6,0.0,0.0,0.0,,0.0
1961-11-01,1961,11,"Crude oil, average",Energy,($/bbl),1.6,0.0,0.0,0.0,,0.0
1961-12-01,1961,12,"Crude oil, average",Energy,($/bbl),1.6,0.0,0.0,0.0,,0.0
1962-01-01,1962,1,"Crude oil, average",Energy,($/bbl),1.5,-6.25,-6.25,-6.25,,0.0
1962-02-01,1962,2,"Crude oil, average",Energy,($/bbl),1.5,0.0,-6.25,-6.25,,0.29
1962-03-01,1962,3,"Crude oil, average",Energy,($/bbl),1.5,0.0,-6.25,-6.25,,0.29
1962-04-01,1962,4,"Crude oil, average",Energy,($/bbl),1.5,0.0,0.0,-6.25,,0.29
1962-05-01,1962,5,"Crude oil, average",Energy,($/bbl),1.5,0.0,0.0,-6.25,,0.29
1962-06-01,1962,6,"Crude oil, average",Energy,($/bbl),1.5,0.0,0.0,-6.25,,0.29
1962-07-01,1962,7,"Crude oil, average",Energy,($/bbl),1.5,0.0,0.0,-6.25,,0.29
1962-08-01,1962,8,"Crude oil, average",Energy,($/bbl),1.5,0.0,0.0,-6.25,,0.29
1962-09-01,1962,9,"Crude oil, average",Energy,($/bbl),1.5,0.0,0.0,-6.25,,0.29
1962-10-01,1962,10,"Crude oil, average",Energy,($/bbl),1.5,0.0,0.0,-6.25,,0.29
1962-11-01,1962,11,"Crude oil, average",Energy,($/bbl),1.5,0.0,0.0,-6.25,,0.29
1962-12-01,1962,12,"Crude oil, average",Energy,($/bbl),1.5,0.0,0.0,-6.25,,0.29
1963-01-01,1963,1,"Crude oil, average",Energy,($/bbl),1.5,0.0,0.0,0.0,,0.29
1963-02-01,1963,2,"Crude oil, average",Energy,($/bbl),1.5,0.0,0.0,0.0,,0.0
1963-03-01,1963,3,"Crude oil, average",Energy,($/bbl),1.5,0.0,0.0,0.0,,0.0
1963-04-01,1963,4,"Crude oil, average",Energy,($/bbl),1.5,0.0,0.0,0.0,,0.0
1963-05-01,1963,5,"Crude oil, average",Energy,($/bbl),1.5,0.0,0.0,0.0,,0.0
1963-06-01,1963,6,"Crude oil, average",Energy,($/bbl),1.5,0.0,0.0,0.0,,0.0
1963-07-01,1963,7,"Crude oil, average",Energy,($/bbl),1.5,0.0,0.0,0.0,,0.0
1963-08-01,1963,8,"Crude oil, average",Energy,($/bbl),1.5,0.0,0.0,0.0,,0.0
1963-09-01,1963,9,"Crude oil, average",Energy,($/bbl),1.5,0.0,0.0,0.0,,0.0
1963-10-01,1963,10,"Crude oil, average",Energy,($/bbl),1.5,0.0,0.0,0.0,,0.0
1963-11-01,1963,11,"Crude oil, average",Energy,($/bbl),1.5,0.0,0.0,0.0,,0.0
1963-12-01,1963,12,"Crude oil, average",Energy,($/bbl),1.5,0.0,0.0,0.0,,0.0
1964-01-01,1964,1,"Crude oil, average",Energy,($/bbl),1.5,0.0,0.0,0.0,,0.0
1964-02-01,1964,2,"Crude oil, average",Energy,($/bbl),1.5,0.0,0.0,0.0,,0.0
1964-03-01,1964,3,"Crude oil, average",Energy,($/bbl),1.5,0.0,0.0,0.0,,0.0
1964-04-01,1964,4,"Crude oil, average",Energy,($/bbl),1.5,0.0,0.0,0.0,,0.0
1964-05-01,1964,5,"Crude oil, average",Energy,($/bbl),1.5,0.0,0.0,0.0,,0.0
1964-06-01,1964,6,"Crude oil, average",Energy,($/bbl),1.5,0.0,0.0,0.0,,0.0
1964-07-01,1964,7,"Crude oil, average",Energy,($/bbl),1.5,0.0,0.0,0.0,,0.0
1964-08-01,1964,8,"Crude oil, average",Energy,($/bbl),1.5,0.0,0.0,0.0,,0.0
1964-09-01,1964,9,"Crude oil, average",Energy,($/bbl),1.5,0.0,0.0,0.0,,0.0
1964-10-01,1964,10,"Crude oil, average",Energy,($/bbl),1.5,0.0,0.0,0.0,,0.0
1964-11-01,1964,11,"Crude oil, average",Energy,($/bbl),1.5,0.0,0.0,0.0,,0.0
1964-12-01,1964,12,"Crude oil, average",Energy,($/bbl),1.5,0.0,0.0,0.0,,0.0
1965-01-01,1965,1,"Crude oil, average",Energy,($/bbl),1.4,-6.67,-6.67,-6.67,-12.5,0.0
1965-02-01,1965,2,"Crude oil, average",Energy,($/bbl),1.4,0.0,-6.67,-6.67,-12.5,0.29
1965-03-01,1965,3,"Crude oil, average",Energy,($/bbl),1.4,0.0,-6.67,-6.67,-12.5,0.29
1965-04-01,1965,4,"Crude oil, average",Energy,($/bbl),1.4,0.0,0.0,-6.67,-12.5,0.29
1965-05-01,1965,5,"Crude oil, average",Energy,($/bbl),1.4,0.0,0.0,-6.67,-12.5,0.29
1965-06-01,1965,6,"Crude oil, average",Energy,($/bbl),1.4,0.0,0.0,-6.67,-12.5,0.29
1965-07-01,1965,7,"Crude oil, average",Energy,($/bbl),1.4,0.0,0.0,-6.67,-12.5,0.29
1965-08-01,1965,8,"Crude oil, average",Energy,($/bbl),1.4,0.0,0.0,-6.67,-12.5,0.29
1965-09-01,1965,9,"Crude oil, average",Energy,($/bbl),1.4,0.0,0.0,-6.67,-12.5,0.29
1965-10-01,1965,10,"Crude oil, average",Energy,($/bbl),1.4,0.0,0.0,-6.67,-12.5,0.29
1965-11-01,1965,11,"Crude oil, average",Energy,($/bbl),1.4,0.0,0.0,-6.67,-12.5,0.29
1965-12-01,1965,12,"Crude oil, average",Energy,($/bbl),1.4,0.0,0.0,-6.67,-12.5,0.29
1966-01-01,1966,1,"Crude oil, average",Energy,($/bbl),1.4,0.0,0.0,0.0,-12.5,0.29
1966-02-01,1966,2,"Crude oil, average",Energy,($/bbl),1.4,0.0,0.0,0.0,-12.5,0.0
1966-03-01,1966,3,"Crude oil, average",Energy,($/bbl),1.4,0.0,0.0,0.0,-12.5,0.0
1966-04-01,1966,4,"Crude oil, average",Energy,($/bbl),1.4,0.0,0.0,0.0,-12.5,0.0
1966-05-01,1966,5,"Crude oil, average",Energy,($/bbl),1.4,0.0,0.0,0.0,-12.5,0.0
1966-06-01,1966,6,"Crude oil, average",Energy,($/bbl),1.4,0.0,0.0,0.0,-12.5,0.0
1966-07-01,1966,7,"Crude oil, average",Energy,($/bbl),1.4,0.0,0.0,0.0,-12.5,0.0
1966-08-01,1966,8,"Crude oil, average",Energy,($/bbl),1.4,0.0,0.0,0.0,-12.5,0.0
1966-09-01,1966,9,"Crude oil, average",Energy,($/bbl),1.4,0.0,0.0,0.0,-12.5,0.0
1966-10-01,1966,10,"Crude oil, average",Energy,($/bbl),1.4,0.0,0.0,0.0,-12.5,0.0
1966-11-01,1966,11,"Crude oil, average",Energy,($/bbl),1.4,0.0,0.0,0.0,-12.5,0.0
1966-12-01,1966,12,"Crude oil, average",Energy,($/bbl),1.4,0.0,0.0,0.0,-12.5,0.0
1967-01-01,1967,1,"Crude oil, average",Energy,($/bbl),1.3,-7.14,-7.14,-7.14,-13.33,0.0
1967-02-01,1967,2,"Crude oil, average",Energy,($/bbl),1.3,0.0,-7.14,-7.14,-13.33,0.29
1967-03-01,1967,3,"Crude oil, average",Energy,($/bbl),1.3,0.0,-7.14,-7.14,-13.33,0.29
1967-04-01,1967,4,"Crude oil, average",Energy,($/bbl),1.3,0.0,0.0,-7.14,-13.33,0.29
1967-05-01,1967,5,"Crude oil, average",Energy,($/bbl),1.3,0.0,0.0,-7.14,-13.33,0.29
1967-06-01,1967,6,"Crude oil, average",Energy,($/bbl),1.3,0.0,0.0,-7.14,-13.33,0.29
1967-07-01,1967,7,"Crude oil, average",Energy,($/bbl),1.3,0.0,0.0,-7.14,-13.33,0.29
1967-08-01,1967,8,"Crude oil, average",Energy,($/bbl),1.3,0.0,0.0,-7.14,-13.33,0.29
1967-09-01,1967,9,"Crude oil, average",Energy,($/bbl),1.3,0.0,0.0,-7.14,-13.33,0.29
1967-10-01,1967,10,"Crude oil, average",Energy,($/bbl),1.3,0.0,0.0,-7.14,-13.33,0.29
1967-11-01,1967,11,"Crude oil, average",Energy,($/bbl),1.3,0.0,0.0,-7.14,-13.33,0.29
1967-12-01,1967,12,"Crude oil, average",Energy,($/bbl),1.3,0.0,0.0,-7.14,-13.33,0.29
1968-01-01,1968,1,"Crude oil, average",Energy,($/bbl),1.3,0.0,0.0,0.0,-13.33,0.29
1968-02-01,1968,2,"Crude oil, average",Energy,($/bbl),1.3,0.0,0.0,0.0,-13.33,0.0
1968-03-01,1968,3,"Crude oil, average",Energy,($/bbl),1.3,0.0,0.0,0.0,-13.33,0.0
1968-04-01,1968,4,"Crude oil, average",Energy,($/bbl),1.3,0.0,0.0,0.0,-13.33,0.0
1968-05-01,1968,5,"Crude oil, average",Energy,($/bbl),1.3,0.0,0.0,0.0,-13.33,0.0
1968-06-01,1968,6,"Crude oil, average",Energy,($/bbl),1.3,0.0,0.0,0.0,-13.33,0.0
1968-07-01,1968,7,"Crude oil, average",Energy,($/bbl),1.3,0.0,0.0,0.0,-13.33,0.0
1968-08-01,1968,8,"Crude oil, average",Energy,($/bbl),1.3,0.0,0.0,0.0,-13.33,0.0
1968-09-01,1968,9,"Crude oil, average",Energy,($/bbl),1.3,0.0,0.0,0.0,-13.33,0.0
1968-10-01,1968,10,"Crude oil, average",Energy,($/bbl),1.3,0.0,0.0,0.0,-13.33,0.0
1968-11-01,1968,11,"Crude oil, average",Energy,($/bbl),1.3,0.0,0.0,0.0,-13.33,0.0
1968-12-01,1968,12,"Crude oil, average",Energy,($/bbl),1.3,0.0,0.0,0.0,-13.33,0.0
1969-01-01,1969,1,"Crude oil, average",Energy,($/bbl),1.3,0.0,0.0,0.0,-13.33,0.0
1969-02-01,1969,2,"Crude oil, average",Energy,($/bbl),1.3,0.0,0.0,0.0,-13.33,0.0
1969-03-01,1969,3,"Crude oil, average",Energy,($/bbl),1.3,0.0,0.0,0.0,-13.33,0.0
1969-04-01,1969,4,"Crude oil, average",Energy,($/bbl),1.3,0.0,0.0,0.0,-13.33,0.0
1969-05-01,1969,5,"Crude oil, average",Energy,($/bbl),1.3,0.0,0.0,0.0,-13.33,0.0
1969-06-01,1969,6,"Crude oil, average",Energy,($/bbl),1.3,0.0,0.0,0.0,-13.33,0.0
1969-07-01,1969,7,"Crude oil, average",Energy,($/bbl),1.3,0.0,0.0,0.0,-13.33,0.0
1969-08-01,1969,8,"Crude oil, average",Energy,($/bbl),1.3,0.0,0.0,0.0,-13.33,0.0
1969-09-01,1969,9,"Crude oil, average",Energy,($/bbl),1.3,0.0,0.0,0.0,-13.33,0.0
1969-10-01,1969,10,"Crude oil, average",Energy,($/bbl),1.3,0.0,0.0,0.0,-13.33,0.0
1969-11-01,1969,11,"Crude oil, average",Energy,($/bbl),1.3,0.0,0.0,0.0,-13.33,0.0
1969-12-01,1969,12,"Crude oil, average",Energy,($/bbl),1.3,0.0,0.0,0.0,-13.33,0.0
1970-01-01,1970,1,"Crude oil, average",Energy,($/bbl),1.2,-7.69,-7.69,-7.69,-14.29,0.0
1970-02-01,1970,2,"Crude oil, average",Energy,($/bbl),1.2,0.0,-7.69,-7.69,-14.29,0.29
1970-03-01,1970,3,"Crude oil, average",Energy,($/bbl),1.2,0.0,-7.69,-7.69,-14.29,0.29
1970-04-01,1970,4,"Crude oil, average",Energy,($/bbl),1.2,0.0,0.0,-7.69,-14.29,0.29
1970-05-01,1970,5,"Crude oil, average",Energy,($/bbl),1.2,0.0,0.0,-7.69,-14.29,0.29
1970-06-01,1970,6,"Crude oil, average",Energy,($/bbl),1.2,0.0,0.0,-7.69,-14.29,0.29
1970-07-01,1970,7,"Crude oil, average",Energy,($/bbl),1.2,0.0,0.0,-7.69,-14.29,0.29
1970-08-01,1970,8,"Crude oil, average",Energy,($/bbl),1.2,0.0,0.0,-7.69,-14.29,0.29
1970-09-01,1970,9,"Crude oil, average",Energy,($/bbl),1.2,0.0,0.0,-7.69,-14.29,0.29
1970-10-01,1970,10,"Crude oil, average",Energy,($/bbl),1.2,0.0,0.0,-7.69,-14.29,0.29
1970-11-01,1970,11,"Crude oil, average",Energy,($/bbl),1.2,0.0,0.0,-7.69,-14.29,0.29
1970-12-01,1970,12,"Crude oil, average",Energy,($/bbl),1.2,0.0,0.0,-7.69,-14.29,0.29
1971-01-01,1971,1,"Crude oil, average",Energy,($/bbl),1.6,33.33,33.33,33.33,14.29,15.3
1971-02-01,1971,2,"Crude oil, average",Energy,($/bbl),1.6,0.0,33.33,33.33,14.29,-0.29
1971-03-01,1971,3,"Crude oil, average",Energy,($/bbl),1.6,0.0,33.33,33.33,14.29,-0.29
1971-04-01,1971,4,"Crude oil, average",Energy,($/bbl),1.6,0.0,0.0,33.33,14.29,-0.29
1971-05-01,1971,5,"Crude oil, average",Energy,($/bbl),1.6,0.0,0.0,33.33,14.29,-0.29
1971-06-01,1971,6,"Crude oil, average",Energy,($/bbl),1.6,0.0,0.0,33.33,14.29,-0.29
1971-07-01,1971,7,"Crude oil, average",Energy,($/bbl),1.7,6.25,6.25,41.67,21.43,0.36
1971-08-01,1971,8,"Crude oil, average",Energy,($/bbl),1.7,0.0,6.25,41.67,21.43,-0.34
1971-09-01,1971,9,"Crude oil, average",Energy,($/bbl),1.7,0.0,6.25,41.67,21.43,-0.34
1971-10-01,1971,10,"Crude oil, average",Energy,($/bbl),1.7,0.0,0.0,41.67,21.43,-0.34
1971-11-01,1971,11,"Crude oil, average",Energy,($/bbl),1.7,0.0,0.0,41.67,21.43,-0.34
1971-12-01,1971,12,"Crude oil, average",Energy,($/bbl),1.7,0.0,0.0,41.67,21.43,-0.34
1972-01-01,1972,1,"Crude oil, average",Energy,($/bbl),1.8,5.88,5.88,12.5,38.46,0.27
1972-02-01,1972,2,"Crude oil, average",Energy,($/bbl),1.8,0.0,5.88,12.5,38.46,-0.43
1972-03-01,1972,3,"Crude oil, average",Energy,($/bbl),1.8,0.0,5.88,12.5,38.46,-0.43
1972-04-01,1972,4,"Crude oil, average",Energy,($/bbl),1.8,0.0,0.0,12.5,38.46,-0.43
1972-05-01,1972,5,"Crude oil, average",Energy,($/bbl),1.8,0.0,0.0,12.5,38.46,-0.43
1972-06-01,1972,6,"Crude oil, average",Energy,($/bbl),1.8,0.0,0.0,12.5,38.46,-0.43
1972-07-01,1972,7,"Crude oil, average",Energy,($/bbl),1.9,5.56,5.56,11.76,46.15,1.92
1972-08-01,1972,8,"Crude oil, average",Energy,($/bbl),1.9,0.0,5.56,11.76,46.15,-0.43
1972-09-01,1972,9,"Crude oil, average",Energy,($/bbl),1.9,0.0,5.56,11.76,46.15,-0.43
1972-10-01,1972,10,"Crude oil, average",Energy,($/bbl),1.9,0.0,0.0,11.76,46.15,-0.43
1972-11-01,1972,11,"Crude oil, average",Energy,($/bbl),1.9,0.0,0.0,11.76,46.15,-0.43
1972-12-01,1972,12,"Crude oil, average",Energy,($/bbl),1.9,0.0,0.0,11.76,46.15,-0.43
1973-01-01,1973,1,"Crude oil, average",Energy,($/bbl),2.1,10.53,10.53,16.67,61.54,4.3
1973-02-01,1973,2,"Crude oil, average",Energy,($/bbl),2.1,0.0,10.53,16.67,61.54,-0.41
1973-03-01,1973,3,"Crude oil, average",Energy,($/bbl),2.1,0.0,10.53,16.67,61.54,-0.41
1973-04-01,1973,4,"Crude oil, average",Energy,($/bbl),2.4,14.29,14.29,33.33,84.62,3.92
1973-05-01,1973,5,"Crude oil, average",Energy,($/bbl),2.4,0.0,14.29,33.33,84.62,-0.51
1973-06-01,1973,6,"Crude oil, average",Energy,($/bbl),2.4,0.0,14.29,33.33,84.62,-0.51
1973-07-01,1973,7,"Crude oil, average",Energy,($/bbl),2.7,12.5,12.5,42.11,107.69,2.02
1973-08-01,1973,8,"Crude oil, average",Energy,($/bbl),2.7,0.0,12.5,42.11,107.69,-0.55
1973-09-01,1973,9,"Crude oil, average",Energy,($/bbl),2.7,0.0,12.5,42.11,107.69,-0.55
1973-10-01,1973,10,"Crude oil, average",Energy,($/bbl),4.1,51.85,51.85,115.79,215.38,8.58
1973-11-01,1973,11,"Crude oil, average",Energy,($/bbl),4.1,0.0,51.85,115.79,215.38,-0.49
1973-12-01,1973,12,"Crude oil, average",Energy,($/bbl),4.1,0.0,51.85,115.79,215.38,-0.49
1974-01-01,1974,1,"Crude oil, average",Energy,($/bbl),13.0,217.07,217.07,519.05,900.0,13.91
1974-02-01,1974,2,"Crude oil, average",Energy,($/bbl),13.0,0.0,217.07,519.05,900.0,-0.39
1974-03-01,1974,3,"Crude oil, average",Energy,($/bbl),13.0,0.0,217.07,519.05,900.0,-0.39
1974-04-01,1974,4,"Crude oil, average",Energy,($/bbl),10.6,-18.46,-18.46,341.67,715.38,-0.69
1974-05-01,1974,5,"Crude oil, average",Energy,($/bbl),10.6,0.0,-18.46,341.67,715.38,-0.34
1974-06-01,1974,6,"Crude oil, average",Energy,($/bbl),10.6,0.0,-18.46,341.67,715.38,-0.34
1974-07-01,1974,7,"Crude oil, average",Energy,($/bbl),10.0,-5.66,-5.66,270.37,669.23,-0.43
1974-08-01,1974,8,"Crude oil, average",Energy,($/bbl),10.0,0.0,-5.66,270.37,669.23,-0.32
1974-09-01,1974,9,"Crude oil, average",Energy,($/bbl),10.0,0.0,-5.66,270.37,669.23,-0.32
1974-10-01,1974,10,"Crude oil, average",Energy,($/bbl),10.3,3.0,3.0,151.22,692.31,-0.27
1974-11-01,1974,11,"Crude oil, average",Energy,($/bbl),10.3,0.0,3.0,151.22,692.31,-0.26
1974-12-01,1974,12,"Crude oil, average",Energy,($/bbl),10.3,0.0,3.0,151.22,692.31,-0.26
1975-01-01,1975,1,"Crude oil, average",Energy,($/bbl),10.4,0.97,0.97,-20.0,766.67,-0.24
1975-02-01,1975,2,"Crude oil, average",Energy,($/bbl),10.4,0.0,0.97,-20.0,766.67,0.3
1975-03-01,1975,3,"Crude oil, average",Energy,($/bbl),10.4,0.0,0.97,-20.0,766.67,0.3
1975-04-01,1975,4,"Crude oil, average",Energy,($/bbl),10.4,0.0,0.0,-1.89,766.67,0.3
1975-05-01,1975,5,"Crude oil, average",Energy,($/bbl),10.4,0.0,0.0,-1.89,766.67,0.07
1975-06-01,1975,6,"Crude oil, average",Energy,($/bbl),10.4,0.0,0.0,-1.89,766.67,0.07
1975-07-01,1975,7,"Crude oil, average",Energy,($/bbl),10.4,0.0,0.0,4.0,766.67,0.07
1975-08-01,1975,8,"Crude oil, average",Energy,($/bbl),10.4,0.0,0.0,4.0,766.67,-0.37
1975-09-01,1975,9,"Crude oil, average",Energy,($/bbl),10.4,0.0,0.0,4.0,766.67,-0.37
1975-10-01,1975,10,"Crude oil, average",Energy,($/bbl),10.5,0.96,0.96,1.94,775.0,0.71
1975-11-01,1975,11,"Crude oil, average",Energy,($/bbl),10.5,0.0,0.96,1.94,775.0,-0.43
1975-12-01,1975,12,"Crude oil, average",Energy,($/bbl),10.5,0.0,0.96,1.94,775.0,-0.43
1976-01-01,1976,1,"Crude oil, average",Energy,($/bbl),11.5,9.52,9.52,10.58,618.75,24.89
1976-02-01,1976,2,"Crude oil, average",Energy,($/bbl),11.5,0.0,9.52,10.58,618.75,-0.32
1976-03-01,1976,3,"Crude oil, average",Energy,($/bbl),11.5,0.0,9.52,10.58,618.75,-0.32
1976-04-01,1976,4,"Crude oil, average",Energy,($/bbl),11.5,0.0,0.0,10.58,618.75,-0.32
1976-05-01,1976,5,"Crude oil, average",Energy,($/bbl),11.5,0.0,0.0,10.58,618.75,-0.32
1976-06-01,1976,6,"Crude oil, average",Energy,($/bbl),11.5,0.0,0.0,10.58,618.75,-0.32
1976-07-01,1976,7,"Crude oil, average",Energy,($/bbl),11.6,0.87,0.87,11.54,582.35,-0.0
1976-08-01,1976,8,"Crude oil, average",Energy,($/bbl),11.6,0.0,0.87,11.54,582.35,-0.35
1976-09-01,1976,9,"Crude oil, average",Energy,($/bbl),11.6,0.0,0.87,11.54,582.35,-0.35
1976-10-01,1976,10,"Crude oil, average",Energy,($/bbl),11.9,2.59,2.59,13.33,600.0,0.6
1976-11-01,1976,11,"Crude oil, average",Energy,($/bbl),11.9,0.0,2.59,13.33,600.0,-0.39
1976-12-01,1976,12,"Crude oil, average",Energy,($/bbl),11.9,0.0,2.59,13.33,600.0,-0.39
1977-01-01,1977,1,"Crude oil, average",Energy,($/bbl),12.5,5.04,5.04,8.7,594.44,1.43
1977-02-01,1977,2,"Crude oil, average",Energy,($/bbl),12.5,0.0,5.04,8.7,594.44,-0.45
1977-03-01,1977,3,"Crude oil, average",Energy,($/bbl),12.5,0.0,5.04,8.7,594.44,-0.45
1977-04-01,1977,4,"Crude oil, average",Energy,($/bbl),12.4,-0.8,-0.8,7.83,588.89,-0.97
1977-05-01,1977,5,"Crude oil, average",Energy,($/bbl),12.4,0.0,-0.8,7.83,588.89,-0.4
1977-06-01,1977,6,"Crude oil, average",Energy,($/bbl),12.4,0.0,-0.8,7.83,588.89,-0.4
1977-07-01,1977,7,"Crude oil, average",Energy,($/bbl),12.6,1.61,1.61,8.62,563.16,0.6
1977-08-01,1977,8,"Crude oil, average",Energy,($/bbl),12.6,0.0,1.61,8.62,563.16,-0.43
1977-09-01,1977,9,"Crude oil, average",Energy,($/bbl),12.6,0.0,1.61,8.62,563.16,-0.43
1977-10-01,1977,10,"Crude oil, average",Energy,($/bbl),12.7,0.79,0.79,6.72,568.42,0.06
1977-11-01,1977,11,"Crude oil, average",Energy,($/bbl),12.7,0.0,0.79,6.72,568.42,-0.36
1977-12-01,1977,12,"Crude oil, average",Energy,($/bbl),12.7,0.0,0.79,6.72,568.42,-0.36
1978-01-01,1978,1,"Crude oil, average",Energy,($/bbl),12.7,0.0,0.0,1.6,504.76,-0.36
1978-02-01,1978,2,"Crude oil, average",Energy,($/bbl),12.7,0.0,0.0,1.6,504.76,-0.23
1978-03-01,1978,3,"Crude oil, average",Energy,($/bbl),12.7,0.0,0.0,1.6,504.76,-0.23
1978-04-01,1978,4,"Crude oil, average",Energy,($/bbl),12.7,0.0,0.0,2.42,429.17,-0.23
1978-05-01,1978,5,"Crude oil, average",Energy,($/bbl),12.7,0.0,0.0,2.42,429.17,-0.4
1978-06-01,1978,6,"Crude oil, average",Energy,($/bbl),12.7,0.0,0.0,2.42,429.17,-0.4
1978-07-01,1978,7,"Crude oil, average",Energy,($/bbl),12.8,0.79,0.79,1.59,374.07,1.17
1978-08-01,1978,8,"Crude oil, average",Energy,($/bbl),12.8,0.0,0.79,1.59,374.07,-0.43
1978-09-01,1978,9,"Crude oil, average",Energy,($/bbl),12.8,0.0,0.79,1.59,374.07,-0.43
1978-10-01,1978,10,"Crude oil, average",Energy,($/bbl),12.9,0.78,0.78,1.57,214.63,2.11
1978-11-01,1978,11,"Crude oil, average",Energy,($/bbl),13.2,2.33,3.12,3.94,221.95,7.19
1978-12-01,1978,12,"Crude oil, average",Energy,($/bbl),14.5,9.85,13.28,14.17,253.66,13.62
1979-01-01,1979,1,"Crude oil, average",Energy,($/bbl),17.5,20.69,35.66,37.8,34.62,6.91
1979-02-01,1979,2,"Crude oil, average",Energy,($/bbl),20.8,18.86,57.58,63.78,60.0,2.55
1979-03-01,1979,3,"Crude oil, average",Energy,($/bbl),22.0,5.77,51.72,73.23,69.23,0.17
1979-04-01,1979,4,"Crude oil, average",Energy,($/bbl),22.4,1.82,28.0,76.38,111.32,-0.41
1979-05-01,1979,5,"Crude oil, average",Energy,($/bbl),33.5,49.55,61.06,163.78,216.04,5.95
1979-06-01,1979,6,"Crude oil, average",Energy,($/bbl),34.7,3.58,57.73,173.23,227.36,-0.38
1979-07-01,1979,7,"Crude oil, average",Energy,($/bbl),33.5,-3.46,49.55,161.72,235.0,-0.89
1979-08-01,1979,8,"Crude oil, average",Energy,($/bbl),34.0,1.49,1.49,165.62,240.0,-0.52
1979-09-01,1979,9,"Crude oil, average",Energy,($/bbl),35.5,4.41,2.31,177.34,255.0,-0.33
1979-10-01,1979,10,"Crude oil, average",Energy,($/bbl),37.3,5.07,11.34,189.15,262.14,-0.32
1979-11-01,1979,11,"Crude oil, average",Energy,($/bbl),40.8,9.38,20.0,209.09,296.12,-0.04
1979-12-01,1979,12,"Crude oil, average",Energy,($/bbl),39.8,-2.45,12.11,174.48,286.41,-0.92
1980-01-01,1980,1,"Crude oil, average",Energy,($/bbl),39.0,-2.01,4.56,122.86,275.0,-0.79
1980-02-01,1980,2,"Crude oil, average",Energy,($/bbl),37.3,-4.36,-8.58,79.33,258.65,-0.83
1980-03-01,1980,3,"Crude oil, average",Energy,($/bbl),37.0,-0.8,-7.04,68.18,255.77,-0.45
1980-04-01,1980,4,"Crude oil, average",Energy,($/bbl),36.6,-1.08,-6.15,63.39,251.92,-0.43
1980-05-01,1980,5,"Crude oil, average",Energy,($/bbl),37.0,1.09,-0.8,10.45,255.77,-0.26
1980-06-01,1980,6,"Crude oil, average",Energy,($/bbl),37.0,0.0,0.0,6.63,255.77,-0.22
1980-07-01,1980,7,"Crude oil, average",Energy,($/bbl),35.4,-4.32,-3.28,5.67,240.38,-1.24
1980-08-01,1980,8,"Crude oil, average",Energy,($/bbl),32.9,-7.06,-11.08,-3.24,216.35,-1.86
1980-09-01,1980,9,"Crude oil, average",Energy,($/bbl),32.8,-0.3,-11.35,-7.61,215.38,-0.03
1980-10-01,1980,10,"Crude oil, average",Energy,($/bbl),37.4,14.02,5.65,0.27,256.19,3.34
1980-11-01,1980,11,"Crude oil, average",Energy,($/bbl),40.3,7.75,22.49,-1.23,283.81,1.28
1980-12-01,1980,12,"Crude oil, average",Energy,($/bbl),39.8,-1.24,21.34,0.0,279.05,-0.22
1981-01-01,1981,1,"Crude oil, average",Energy,($/bbl),39.8,0.0,6.42,2.05,246.09,-0.02
1981-02-01,1981,2,"Crude oil, average",Energy,($/bbl),37.9,-4.77,-5.96,1.61,229.57,-0.9
1981-03-01,1981,3,"Crude oil, average",Energy,($/bbl),37.6,-0.79,-5.53,1.62,226.96,-0.19
1981-04-01,1981,4,"Crude oil, average",Energy,($/bbl),36.4,-3.19,-8.54,-0.55,216.52,-0.61
1981-05-01,1981,5,"Crude oil, average",Energy,($/bbl),34.3,-5.77,-9.5,-7.3,198.26,-1.02
1981-06-01,1981,6,"Crude oil, average",Energy,($/bbl),32.7,-4.66,-13.03,-11.62,184.35,-0.7
1981-07-01,1981,7,"Crude oil, average",Energy,($/bbl),33.5,2.45,-7.97,-5.37,188.79,0.54
1981-08-01,1981,8,"Crude oil, average",Energy,($/bbl),34.0,1.49,-0.87,3.34,193.1,0.3
1981-09-01,1981,9,"Crude oil, average",Energy,($/bbl),34.0,0.0,3.98,3.66,193.1,-0.07
1981-10-01,1981,10,"Crude oil, average",Energy,($/bbl),34.6,1.76,3.28,-7.49,190.76,0.23
1981-11-01,1981,11,"Crude oil, average",Energy,($/bbl),35.7,3.18,5.0,-11.41,200.0,0.99
1981-12-01,1981,12,"Crude oil, average",Energy,($/bbl),35.4,-0.84,4.12,-11.06,197.48,0.04
1982-01-01,1982,1,"Crude oil, average",Energy,($/bbl),35.0,-1.13,1.16,-12.06,180.0,-0.07
1982-02-01,1982,2,"Crude oil, average",Energy,($/bbl),32.3,-7.71,-9.52,-14.78,158.4,-2.22
1982-03-01,1982,3,"Crude oil, average",Energy,($/bbl),30.2,-6.5,-14.69,-19.68,141.6,-1.53
1982-04-01,1982,4,"Crude oil, average",Energy,($/bbl),31.6,4.64,-9.71,-13.19,154.84,1.71
1982-05-01,1982,5,"Crude oil, average",Energy,($/bbl),33.0,4.43,2.17,-3.79,166.13,1.34
1982-06-01,1982,6,"Crude oil, average",Energy,($/bbl),32.8,-0.61,8.61,0.31,164.52,-0.09
1982-07-01,1982,7,"Crude oil, average",Energy,($/bbl),32.9,0.3,4.11,-1.79,161.11,0.05
1982-08-01,1982,8,"Crude oil, average",Energy,($/bbl),32.4,-1.52,-1.82,-4.71,157.14,-0.38
1982-09-01,1982,9,"Crude oil, average",Energy,($/bbl),33.5,3.4,2.13,-1.47,165.87,0.98
1982-10-01,1982,10,"Crude oil, average",Energy,($/bbl),33.8,0.9,2.74,-2.31,166.14,0.24
1982-11-01,1982,11,"Crude oil, average",Energy,($/bbl),32.8,-2.96,1.23,-8.12,158.27,-0.72
1982-12-01,1982,12,"Crude oil, average",Energy,($/bbl),31.5,-3.96,-5.97,-11.02,148.03,-0.86
1983-01-01,1983,1,"Crude oil, average",Energy,($/bbl),30.7,-2.54,-9.17,-12.29,141.73,-0.41
1983-02-01,1983,2,"Crude oil, average",Energy,($/bbl),29.1,-5.21,-11.28,-9.91,129.13,-1.05
1983-03-01,1983,3,"Crude oil, average",Energy,($/bbl),28.3,-2.75,-10.16,-6.29,122.83,-0.53
1983-04-01,1983,4,"Crude oil, average",Energy,($/bbl),29.7,4.95,-3.26,-6.01,133.86,1.65
1983-05-01,1983,5,"Crude oil, average",Energy,($/bbl),29.4,-1.01,1.03,-10.91,131.5,-0.16
1983-06-01,1983,6,"Crude oil, average",Energy,($/bbl),30.0,2.04,6.01,-8.54,136.22,1.0
1983-07-01,1983,7,"Crude oil, average",Energy,($/bbl),30.5,1.67,2.69,-7.29,138.28,0.77
1983-08-01,1983,8,"Crude oil, average",Energy,($/bbl),30.7,0.66,4.42,-5.25,139.84,0.39
1983-09-01,1983,9,"Crude oil, average",Energy,($/bbl),30.1,-1.95,0.33,-10.15,135.16,-0.49
1983-10-01,1983,10,"Crude oil, average",Energy,($/bbl),29.6,-1.66,-2.95,-12.43,129.46,-0.28
1983-11-01,1983,11,"Crude oil, average",Energy,($/bbl),29.2,-1.35,-4.89,-10.98,121.21,-0.1
1983-12-01,1983,12,"Crude oil, average",Energy,($/bbl),28.8,-1.37,-4.32,-8.57,98.62,-0.16
1984-01-01,1984,1,"Crude oil, average",Energy,($/bbl),29.0,0.69,-2.03,-5.54,65.71,0.53
1984-02-01,1984,2,"Crude oil, average",Energy,($/bbl),29.2,0.69,0.0,0.34,40.38,0.43
1984-03-01,1984,3,"Crude oil, average",Energy,($/bbl),29.5,1.03,2.43,4.24,34.09,0.45
1984-04-01,1984,4,"Crude oil, average",Energy,($/bbl),29.6,0.34,2.07,-0.34,32.14,-0.01
1984-05-01,1984,5,"Crude oil, average",Energy,($/bbl),29.5,-0.34,1.03,0.34,-11.94,-0.23
1984-06-01,1984,6,"Crude oil, average",Energy,($/bbl),29.1,-1.36,-1.36,-3.0,-16.14,-1.04
1984-07-01,1984,7,"Crude oil, average",Energy,($/bbl),28.0,-3.78,-5.41,-8.2,-16.42,-2.86
1984-08-01,1984,8,"Crude oil, average",Energy,($/bbl),28.2,0.71,-4.41,-8.14,-17.06,0.97
1984-09-01,1984,9,"Crude oil, average",Energy,($/bbl),28.4,0.71,-2.41,-5.65,-20.0,0.96
1984-10-01,1984,10,"Crude oil, average",Energy,($/bbl),27.9,-1.76,-0.36,-5.74,-25.2,-0.89
1984-11-01,1984,11,"Crude oil, average",Energy,($/bbl),27.7,-0.72,-1.77,-5.14,-32.11,-0.16
1984-12-01,1984,12,"Crude oil, average",Energy,($/bbl),26.8,-3.25,-5.63,-6.94,-32.66,-1.96
1985-01-01,1985,1,"Crude oil, average",Energy,($/bbl),26.6,-0.75,-4.66,-8.28,-31.79,-0.1
1985-02-01,1985,2,"Crude oil, average",Energy,($/bbl),27.6,3.76,-0.36,-5.48,-26.01,2.82
1985-03-01,1985,3,"Crude oil, average",Energy,($/bbl),27.9,1.09,4.1,-5.42,-24.59,0.76
1985-04-01,1985,4,"Crude oil, average",Energy,($/bbl),27.8,-0.36,4.51,-6.08,-24.04,0.04
1985-05-01,1985,5,"Crude oil, average",Energy,($/bbl),26.7,-3.96,-3.26,-9.49,-27.84,-1.72
1985-06-01,1985,6,"Crude oil, average",Energy,($/bbl),26.4,-1.12,-5.38,-9.28,-28.65,-0.14
1985-07-01,1985,7,"Crude oil, average",Energy,($/bbl),26.4,0.0,-5.04,-5.71,-25.42,0.35
1985-08-01,1985,8,"Crude oil, average",Energy,($/bbl),27.0,2.27,1.12,-4.26,-17.93,1.35
1985-09-01,1985,9,"Crude oil, average",Energy,($/bbl),27.0,0.0,2.27,-4.93,-17.68,0.16
1985-10-01,1985,10,"Crude oil, average",Energy,($/bbl),27.8,2.96,5.3,-0.36,-25.67,1.57
1985-11-01,1985,11,"Crude oil, average",Energy,($/bbl),28.6,2.88,5.93,3.25,-29.03,1.26
1985-12-01,1985,12,"Crude oil, average",Energy,($/bbl),26.5,-7.34,-1.85,-1.12,-33.42,-3.15
1986-01-01,1986,1,"Crude oil, average",Energy,($/bbl),24.7,-6.79,-11.15,-7.14,-37.94,-2.14
1986-02-01,1986,2,"Crude oil, average",Energy,($/bbl),15.9,-35.63,-44.41,-42.39,-58.05,-9.47
1986-03-01,1986,3,"Crude oil, average",Energy,($/bbl),12.7,-20.13,-52.08,-54.48,-66.22,-1.54
1986-04-01,1986,4,"Crude oil, average",Energy,($/bbl),11.9,-6.3,-51.82,-57.19,-67.31,-0.06
1986-05-01,1986,5,"Crude oil, average",Energy,($/bbl),13.7,15.13,-13.84,-48.69,-60.06,1.88
1986-06-01,1986,6,"Crude oil, average",Energy,($/bbl),11.9,-13.14,-6.3,-54.92,-63.61,-0.67
1986-07-01,1986,7,"Crude oil, average",Energy,($/bbl),9.6,-19.33,-19.33,-63.64,-71.34,-1.06
1986-08-01,1986,8,"Crude oil, average",Energy,($/bbl),13.7,42.71,0.0,-49.26,-59.71,3.69
1986-09-01,1986,9,"Crude oil, average",Energy,($/bbl),14.1,2.92,18.49,-47.78,-58.53,0.34
1986-10-01,1986,10,"Crude oil, average",Energy,($/bbl),14.0,-0.71,45.83,-49.64,-59.54,0.14
1986-11-01,1986,11,"Crude oil, average",Energy,($/bbl),14.5,3.57,5.84,-49.3,-59.38,0.38
1986-12-01,1986,12,"Crude oil, average",Energy,($/bbl),15.7,8.28,11.35,-40.75,-55.65,0.61
1987-01-01,1987,1,"Crude oil, average",Energy,($/bbl),18.1,15.29,29.29,-26.72,-48.29,0.89
1987-02-01,1987,2,"Crude oil, average",Energy,($/bbl),17.3,-4.42,19.31,8.81,-46.44,-0.19
1987-03-01,1987,3,"Crude oil, average",Energy,($/bbl),17.8,2.89,13.38,40.16,-41.06,0.05
1987-04-01,1987,4,"Crude oil, average",Energy,($/bbl),17.9,0.56,-1.1,50.42,-43.35,-0.21
1987-05-01,1987,5,"Crude oil, average",Energy,($/bbl),18.4,2.79,6.36,34.31,-44.24,-0.11
1987-06-01,1987,6,"Crude oil, average",Energy,($/bbl),18.7,1.63,5.06,57.14,-42.99,-0.12
1987-07-01,1987,7,"Crude oil, average",Energy,($/bbl),19.6,4.81,9.5,104.17,-40.43,0.01
1987-08-01,1987,8,"Crude oil, average",Energy,($/bbl),18.8,-4.08,2.17,37.23,-41.98,-0.87
1987-09-01,1987,9,"Crude oil, average",Energy,($/bbl),18.3,-2.66,-2.14,29.79,-45.37,-1.03
1987-10-01,1987,10,"Crude oil, average",Energy,($/bbl),18.6,1.64,-5.1,32.86,-44.97,-0.12
1987-11-01,1987,11,"Crude oil, average",Energy,($/bbl),17.8,-4.3,-5.32,22.76,-45.73,-1.25
1987-12-01,1987,12,"Crude oil, average",Energy,($/bbl),16.6,-6.74,-9.29,5.73,-47.3,-1.49
1988-01-01,1988,1,"Crude oil, average",Energy,($/bbl),16.5,-0.6,-11.29,-8.84,-46.25,-0.21
1988-02-01,1988,2,"Crude oil, average",Energy,($/bbl),15.9,-3.64,-10.67,-8.09,-45.36,-0.8
1988-03-01,1988,3,"Crude oil, average",Energy,($/bbl),14.8,-6.92,-10.84,-16.85,-47.7,-1.75
1988-04-01,1988,4,"Crude oil, average",Energy,($/bbl),16.5,11.49,0.0,-7.82,-44.44,3.39
1988-05-01,1988,5,"Crude oil, average",Energy,($/bbl),16.2,-1.82,1.89,-11.96,-44.9,-0.24
1988-06-01,1988,6,"Crude oil, average",Energy,($/bbl),15.3,-5.56,3.38,-18.18,-49.0,-0.88
1988-07-01,1988,7,"Crude oil, average",Energy,($/bbl),14.5,-5.23,-12.12,-26.02,-52.46,-0.69
1988-08-01,1988,8,"Crude oil, average",Energy,($/bbl),14.6,0.69,-9.88,-22.34,-52.44,0.61
1988-09-01,1988,9,"Crude oil, average",Energy,($/bbl),13.1,-10.27,-14.38,-28.42,-56.48,-1.64
1988-10-01,1988,10,"Crude oil, average",Energy,($/bbl),12.2,-6.87,-15.86,-34.41,-58.78,-0.76
1988-11-01,1988,11,"Crude oil, average",Energy,($/bbl),12.5,2.46,-14.38,-29.78,-57.19,1.04
1988-12-01,1988,12,"Crude oil, average",Energy,($/bbl),14.7,17.6,12.21,-11.45,-48.96,3.51
1989-01-01,1989,1,"Crude oil, average",Energy,($/bbl),16.5,12.24,35.25,0.0,-43.1,1.61
1989-02-01,1989,2,"Crude oil, average",Energy,($/bbl),16.4,-0.61,31.2,3.14,-43.84,-0.11
1989-03-01,1989,3,"Crude oil, average",Energy,($/bbl),18.0,9.76,22.45,21.62,-38.98,1.04
1989-04-01,1989,4,"Crude oil, average",Energy,($/bbl),19.2,6.67,16.36,16.36,-35.14,0.53
1989-05-01,1989,5,"Crude oil, average",Energy,($/bbl),18.0,-6.25,9.76,11.11,-38.98,-0.92
1989-06-01,1989,6,"Crude oil, average",Energy,($/bbl),17.6,-2.22,-2.22,15.03,-39.52,-0.39
1989-07-01,1989,7,"Crude oil, average",Energy,($/bbl),17.7,0.57,-7.81,22.07,-36.79,-0.11
1989-08-01,1989,8,"Crude oil, average",Energy,($/bbl),16.9,-4.52,-6.11,15.75,-40.07,-0.78
1989-09-01,1989,9,"Crude oil, average",Energy,($/bbl),17.7,4.73,0.57,35.11,-37.68,0.38
1989-10-01,1989,10,"Crude oil, average",Energy,($/bbl),18.4,3.95,3.95,50.82,-34.05,0.15
1989-11-01,1989,11,"Crude oil, average",Energy,($/bbl),18.4,0.0,8.88,47.2,-33.57,-0.53
1989-12-01,1989,12,"Crude oil, average",Energy,($/bbl),19.4,5.43,9.6,31.97,-27.61,0.27
1990-01-01,1990,1,"Crude oil, average",Energy,($/bbl),20.4,5.15,10.87,23.64,-23.31,0.48
1990-02-01,1990,2,"Crude oil, average",Energy,($/bbl),19.6,-3.92,6.52,19.51,-28.99,-1.2
1990-03-01,1990,3,"Crude oil, average",Energy,($/bbl),18.2,-7.14,-6.19,1.11,-34.77,-1.73
1990-04-01,1990,4,"Crude oil, average",Energy,($/bbl),16.6,-8.79,-18.63,-13.54,-40.29,-1.82
1990-05-01,1990,5,"Crude oil, average",Energy,($/bbl),16.6,0.0,-15.31,-7.78,-37.83,0.21
1990-06-01,1990,6,"Crude oil, average",Energy,($/bbl),15.3,-7.83,-15.93,-13.07,-42.05,-1.5
1990-07-01,1990,7,"Crude oil, average",Energy,($/bbl),17.2,12.42,3.61,-2.82,-34.85,2.54
1990-08-01,1990,8,"Crude oil, average",Energy,($/bbl),26.4,53.49,59.04,56.21,-2.22,8.16
1990-09-01,1990,9,"Crude oil, average",Energy,($/bbl),32.7,23.86,113.73,84.75,21.11,1.15
1990-10-01,1990,10,"Crude oil, average",Energy,($/bbl),34.5,5.5,100.58,87.5,24.1,-0.05
1990-11-01,1990,11,"Crude oil, average",Energy,($/bbl),31.1,-9.86,17.8,69.02,8.74,-0.94
1990-12-01,1990,12,"Crude oil, average",Energy,($/bbl),26.1,-16.08,-20.18,34.54,-1.51,-1.21
1991-01-01,1991,1,"Crude oil, average",Energy,($/bbl),22.6,-13.41,-34.49,10.78,-8.5,-0.91
1991-02-01,1991,2,"Crude oil, average",Energy,($/bbl),18.1,-19.91,-41.8,-7.65,13.84,-1.13
1991-03-01,1991,3,"Crude oil, average",Energy,($/bbl),18.1,0.0,-30.65,-0.55,42.52,-0.05
1991-04-01,1991,4,"Crude oil, average",Energy,($/bbl),18.5,2.21,-18.14,11.45,55.46,0.03
1991-05-01,1991,5,"Crude oil, average",Energy,($/bbl),18.8,1.62,3.87,13.25,37.23,-0.04
1991-06-01,1991,6,"Crude oil, average",Energy,($/bbl),17.9,-4.79,-1.1,16.99,50.42,-0.37
1991-07-01,1991,7,"Crude oil, average",Energy,($/bbl),19.1,6.7,3.24,11.05,98.96,0.19
1991-08-01,1991,8,"Crude oil, average",Energy,($/bbl),19.4,1.57,3.19,-26.52,41.61,-0.04
1991-09-01,1991,9,"Crude oil, average",Energy,($/bbl),20.1,3.61,12.29,-38.53,42.55,0.46
1991-10-01,1991,10,"Crude oil, average",Energy,($/bbl),21.5,6.97,12.57,-37.68,53.57,1.16
1991-11-01,1991,11,"Crude oil, average",Energy,($/bbl),20.8,-3.26,7.22,-33.12,43.45,0.02
1991-12-01,1991,12,"Crude oil, average",Energy,($/bbl),17.8,-14.42,-11.44,-31.8,13.38,-1.29
1992-01-01,1992,1,"Crude oil, average",Energy,($/bbl),17.4,-2.25,-19.07,-23.01,-3.87,0.06
1992-02-01,1992,2,"Crude oil, average",Energy,($/bbl),17.6,1.15,-15.38,-2.76,1.73,0.37
1992-03-01,1992,3,"Crude oil, average",Energy,($/bbl),17.5,-0.57,-1.69,-3.31,-1.69,-0.09
1992-04-01,1992,4,"Crude oil, average",Energy,($/bbl),18.6,6.29,6.9,0.54,3.91,1.11
1992-05-01,1992,5,"Crude oil, average",Energy,($/bbl),19.5,4.84,10.8,3.72,5.98,0.77
1992-06-01,1992,6,"Crude oil, average",Energy,($/bbl),20.8,6.67,18.86,16.2,11.23,1.0
1992-07-01,1992,7,"Crude oil, average",Energy,($/bbl),20.2,-2.88,8.6,5.76,3.06,-0.7
1992-08-01,1992,8,"Crude oil, average",Energy,($/bbl),19.6,-2.97,0.51,1.03,4.26,-0.6
1992-09-01,1992,9,"Crude oil, average",Energy,($/bbl),20.2,3.06,-2.88,0.5,10.38,0.46
1992-10-01,1992,10,"Crude oil, average",Energy,($/bbl),20.1,-0.5,-0.5,-6.51,8.06,-0.12
1992-11-01,1992,11,"Crude oil, average",Energy,($/bbl),18.9,-5.97,-3.57,-9.13,6.18,-0.98
1992-12-01,1992,12,"Crude oil, average",Energy,($/bbl),17.9,-5.29,-11.39,0.56,7.83,-0.79
1993-01-01,1993,1,"Crude oil, average",Energy,($/bbl),17.2,-3.91,-14.43,-1.15,4.24,-0.94
1993-02-01,1993,2,"Crude oil, average",Energy,($/bbl),18.2,5.81,-3.7,3.41,14.47,1.32
1993-03-01,1993,3,"Crude oil, average",Energy,($/bbl),18.5,1.65,3.35,5.71,25.0,0.27
1993-04-01,1993,4,"Crude oil, average",Energy,($/bbl),18.4,-0.54,6.98,-1.08,11.52,-0.23
1993-05-01,1993,5,"Crude oil, average",Energy,($/bbl),18.2,-1.09,0.0,-6.67,12.35,-0.25
1993-06-01,1993,6,"Crude oil, average",Energy,($/bbl),17.5,-3.85,-5.41,-15.87,14.38,-0.82
1993-07-01,1993,7,"Crude oil, average",Energy,($/bbl),16.3,-6.86,-11.41,-19.31,12.41,-1.56
1993-08-01,1993,8,"Crude oil, average",Energy,($/bbl),16.5,1.23,-9.34,-15.82,13.01,0.76
1993-09-01,1993,9,"Crude oil, average",Energy,($/bbl),15.9,-3.64,-9.14,-21.29,21.37,-0.58
1993-10-01,1993,10,"Crude oil, average",Energy,($/bbl),16.5,3.77,1.23,-17.91,35.25,1.54
1993-11-01,1993,11,"Crude oil, average",Energy,($/bbl),15.2,-7.88,-7.88,-19.58,21.6,-1.57
1993-12-01,1993,12,"Crude oil, average",Energy,($/bbl),13.8,-9.21,-13.21,-22.91,-6.12,-1.76
1994-01-01,1994,1,"Crude oil, average",Energy,($/bbl),14.1,2.17,-14.55,-18.02,-14.55,0.9
1994-02-01,1994,2,"Crude oil, average",Energy,($/bbl),13.8,-2.13,-9.21,-24.18,-15.85,-0.12
1994-03-01,1994,3,"Crude oil, average",Energy,($/bbl),13.6,-1.45,-1.45,-26.49,-24.44,0.18
1994-04-01,1994,4,"Crude oil, average",Energy,($/bbl),15.1,11.03,7.09,-17.93,-21.35,3.35
1994-05-01,1994,5,"Crude oil, average",Energy,($/bbl),16.3,7.95,18.12,-10.44,-9.44,1.68
1994-06-01,1994,6,"Crude oil, average",Energy,($/bbl),17.2,5.52,26.47,-1.71,-2.27,1.0
1994-07-01,1994,7,"Crude oil, average",Energy,($/bbl),17.9,4.07,18.54,9.82,1.13,0.63
1994-08-01,1994,8,"Crude oil, average",Energy,($/bbl),17.0,-5.03,4.29,3.03,0.59,-0.98
1994-09-01,1994,9,"Crude oil, average",Energy,($/bbl),16.2,-4.71,-5.81,1.89,-8.47,-0.81
1994-10-01,1994,10,"Crude oil, average",Energy,($/bbl),16.5,1.85,-7.82,0.0,-10.33,0.24
1994-11-01,1994,11,"Crude oil, average",Energy,($/bbl),17.1,3.64,0.59,12.5,-7.07,0.55
1994-12-01,1994,12,"Crude oil, average",Energy,($/bbl),15.9,-7.02,-1.85,15.22,-18.04,-1.39
1995-01-01,1995,1,"Crude oil, average",Energy,($/bbl),16.9,6.29,2.42,19.86,-17.16,0.9
1995-02-01,1995,2,"Crude oil, average",Energy,($/bbl),17.4,2.96,1.75,26.09,-11.22,0.23
1995-03-01,1995,3,"Crude oil, average",Energy,($/bbl),17.3,-0.57,8.81,27.21,-4.95,-0.48
1995-04-01,1995,4,"Crude oil, average",Energy,($/bbl),18.6,7.51,10.06,23.18,12.05,0.97
1995-05-01,1995,5,"Crude oil, average",Energy,($/bbl),18.4,-1.08,5.75,12.88,10.84,-0.58
1995-06-01,1995,6,"Crude oil, average",Energy,($/bbl),17.4,-5.43,0.58,1.16,13.73,-1.37
1995-07-01,1995,7,"Crude oil, average",Energy,($/bbl),16.1,-7.47,-13.44,-10.06,-6.4,-1.56
1995-08-01,1995,8,"Crude oil, average",Energy,($/bbl),16.5,2.48,-10.33,-2.94,-37.5,0.62
1995-09-01,1995,9,"Crude oil, average",Energy,($/bbl),16.8,1.82,-3.45,3.7,-48.62,0.38
1995-10-01,1995,10,"Crude oil, average",Energy,($/bbl),16.1,-4.17,0.0,-2.42,-53.33,-0.93
1995-11-01,1995,11,"Crude oil, average",Energy,($/bbl),16.7,3.73,1.21,-2.34,-46.3,0.75
1995-12-01,1995,12,"Crude oil, average",Energy,($/bbl),17.9,7.19,6.55,12.58,-31.42,1.44
1996-01-01,1996,1,"Crude oil, average",Energy,($/bbl),17.8,-0.56,10.56,5.33,-21.24,-0.34
1996-02-01,1996,2,"Crude oil, average",Energy,($/bbl),17.7,-0.56,5.99,1.72,-2.21,-0.23
1996-03-01,1996,3,"Crude oil, average",Energy,($/bbl),19.4,9.6,8.38,12.14,7.18,2.02
1996-04-01,1996,4,"Crude oil, average",Energy,($/bbl),20.7,6.7,16.29,11.29,11.89,1.05
1996-05-01,1996,5,"Crude oil, average",Energy,($/bbl),19.1,-7.73,7.91,3.8,1.6,-1.66
1996-06-01,1996,6,"Crude oil, average",Energy,($/bbl),18.5,-3.14,-4.64,6.32,3.35,-0.62
1996-07-01,1996,7,"Crude oil, average",Energy,($/bbl),19.6,5.95,-5.31,21.74,2.62,0.94
1996-08-01,1996,8,"Crude oil, average",Energy,($/bbl),20.4,4.08,6.81,23.64,5.15,0.44
1996-09-01,1996,9,"Crude oil, average",Energy,($/bbl),22.3,9.31,20.54,32.74,10.95,1.41
1996-10-01,1996,10,"Crude oil, average",Energy,($/bbl),23.6,5.83,20.41,46.58,9.77,0.58
1996-11-01,1996,11,"Crude oil, average",Energy,($/bbl),22.4,-5.08,9.8,34.13,7.69,-1.59
1996-12-01,1996,12,"Crude oil, average",Energy,($/bbl),23.6,5.36,5.83,31.84,32.58,0.47
1997-01-01,1997,1,"Crude oil, average",Energy,($/bbl),23.2,-1.69,-1.69,30.34,33.33,-0.73
1997-02-01,1997,2,"Crude oil, average",Energy,($/bbl),20.4,-12.07,-8.93,15.25,15.91,-2.5
1997-03-01,1997,3,"Crude oil, average",Energy,($/bbl),19.3,-5.39,-18.22,-0.52,10.29,-0.96
1997-04-01,1997,4,"Crude oil, average",Energy,($/bbl),17.9,-7.25,-22.84,-13.53,-3.76,-1.08
1997-05-01,1997,5,"Crude oil, average",Energy,($/bbl),19.4,8.38,-4.9,1.57,-0.51,1.37
1997-06-01,1997,6,"Crude oil, average",Energy,($/bbl),17.9,-7.73,-7.25,-3.24,-13.94,-1.16
1997-07-01,1997,7,"Crude oil, average",Energy,($/bbl),18.3,2.23,2.23,-6.63,-9.41,0.31
1997-08-01,1997,8,"Crude oil, average",Energy,($/bbl),18.7,2.19,-3.61,-8.33,-4.59,0.35
1997-09-01,1997,9,"Crude oil, average",Energy,($/bbl),18.7,0.0,4.47,-16.14,-7.43,0.07
1997-10-01,1997,10,"Crude oil, average",Energy,($/bbl),20.0,6.95,9.29,-15.25,-0.5,1.3
1997-11-01,1997,11,"Crude oil, average",Energy,($/bbl),19.1,-4.5,2.14,-14.73,1.06,-0.52
1997-12-01,1997,12,"Crude oil, average",Energy,($/bbl),17.1,-10.47,-8.56,-27.54,-4.47,-1.46
1998-01-01,1998,1,"Crude oil, average",Energy,($/bbl),15.0,-12.28,-25.0,-35.34,-12.79,-1.49
1998-02-01,1998,2,"Crude oil, average",Energy,($/bbl),14.1,-6.0,-26.18,-30.88,-22.53,-0.37
1998-03-01,1998,3,"Crude oil, average",Energy,($/bbl),13.1,-7.09,-23.39,-32.12,-29.19,-0.64
1998-04-01,1998,4,"Crude oil, average",Energy,($/bbl),13.5,3.05,-10.0,-24.58,-26.63,0.89
1998-05-01,1998,5,"Crude oil, average",Energy,($/bbl),14.0,3.7,-0.71,-27.84,-23.08,0.85
1998-06-01,1998,6,"Crude oil, average",Energy,($/bbl),12.5,-10.71,-4.58,-30.17,-28.57,-1.31
1998-07-01,1998,7,"Crude oil, average",Energy,($/bbl),12.7,1.6,-5.93,-30.6,-22.09,0.66
1998-08-01,1998,8,"Crude oil, average",Energy,($/bbl),12.5,-1.57,-10.71,-33.16,-24.24,0.19
1998-09-01,1998,9,"Crude oil, average",Energy,($/bbl),13.8,10.4,10.4,-26.2,-13.21,2.13
1998-10-01,1998,10,"Crude oil, average",Energy,($/bbl),13.3,-3.62,4.72,-33.5,-19.39,-0.19
1998-11-01,1998,11,"Crude oil, average",Energy,($/bbl),11.9,-10.53,-4.8,-37.7,-21.71,-1.08
1998-12-01,1998,12,"Crude oil, average",Energy,($/bbl),10.4,-12.61,-24.64,-39.18,-24.64,-1.25
1999-01-01,1999,1,"Crude oil, average",Energy,($/bbl),11.4,9.62,-14.29,-24.0,-19.15,1.82
1999-02-01,1999,2,"Crude oil, average",Energy,($/bbl),10.8,-5.26,-9.24,-23.4,-21.74,-0.42
1999-03-01,1999,3,"Crude oil, average",Energy,($/bbl),13.2,22.22,26.92,0.76,-2.94,3.12
1999-04-01,1999,4,"Crude oil, average",Energy,($/bbl),15.9,20.45,39.47,17.78,5.3,1.95
1999-05-01,1999,5,"Crude oil, average",Energy,($/bbl),16.1,1.26,49.07,15.0,-1.23,-0.06
1999-06-01,1999,6,"Crude oil, average",Energy,($/bbl),16.4,1.86,24.24,31.2,-4.65,0.01
1999-07-01,1999,7,"Crude oil, average",Energy,($/bbl),19.0,15.85,19.5,49.61,6.15,1.18
1999-08-01,1999,8,"Crude oil, average",Energy,($/bbl),20.3,6.84,26.09,62.4,19.41,0.24
1999-09-01,1999,9,"Crude oil, average",Energy,($/bbl),22.7,11.82,38.41,64.49,40.12,0.62
1999-10-01,1999,10,"Crude oil, average",Energy,($/bbl),22.0,-3.08,15.79,65.41,33.33,-0.68
1999-11-01,1999,11,"Crude oil, average",Energy,($/bbl),24.2,10.0,19.21,103.36,41.52,0.44
1999-12-01,1999,12,"Crude oil, average",Energy,($/bbl),25.1,3.72,10.57,141.35,57.86,-0.27
2000-01-01,2000,1,"Crude oil, average",Energy,($/bbl),25.3,0.8,15.0,121.93,49.7,-0.82
2000-02-01,2000,2,"Crude oil, average",Energy,($/bbl),27.2,7.51,12.4,151.85,56.32,0.03
2000-03-01,2000,3,"Crude oil, average",Energy,($/bbl),27.5,1.1,9.56,108.33,58.96,-0.89
2000-04-01,2000,4,"Crude oil, average",Energy,($/bbl),23.5,-14.55,-7.11,47.8,26.34,-3.02
2000-05-01,2000,5,"Crude oil, average",Energy,($/bbl),27.2,15.74,0.0,68.94,47.83,1.54
2000-06-01,2000,6,"Crude oil, average",Energy,($/bbl),29.6,8.82,7.64,80.49,70.11,0.47
2000-07-01,2000,7,"Crude oil, average",Energy,($/bbl),28.2,-4.73,20.0,48.42,75.16,-1.18
2000-08-01,2000,8,"Crude oil, average",Energy,($/bbl),29.3,3.9,7.72,44.33,77.58,0.03
2000-09-01,2000,9,"Crude oil, average",Energy,($/bbl),32.1,9.56,8.45,41.41,91.07,0.74
2000-10-01,2000,10,"Crude oil, average",Energy,($/bbl),31.4,-2.18,11.35,42.73,95.03,-0.67
2000-11-01,2000,11,"Crude oil, average",Energy,($/bbl),32.3,2.87,10.24,33.47,93.41,-0.05
2000-12-01,2000,12,"Crude oil, average",Energy,($/bbl),25.2,-21.98,-21.5,0.4,40.78,-3.18
2001-01-01,2001,1,"Crude oil, average",Energy,($/bbl),26.0,3.17,-17.2,2.77,46.07,0.25
2001-02-01,2001,2,"Crude oil, average",Energy,($/bbl),27.2,4.62,-15.79,0.0,53.67,0.36
2001-03-01,2001,3,"Crude oil, average",Energy,($/bbl),25.0,-8.09,-0.79,-9.09,28.87,-0.83
2001-04-01,2001,4,"Crude oil, average",Energy,($/bbl),25.7,2.8,-1.15,9.36,24.15,0.28
2001-05-01,2001,5,"Crude oil, average",Energy,($/bbl),27.5,7.0,1.1,1.1,43.98,0.6
2001-06-01,2001,6,"Crude oil, average",Energy,($/bbl),27.0,-1.82,8.0,-8.78,45.95,-0.26
2001-07-01,2001,7,"Crude oil, average",Energy,($/bbl),24.8,-8.15,-3.5,-12.06,26.53,-0.92
2001-08-01,2001,8,"Crude oil, average",Energy,($/bbl),25.8,4.03,-6.18,-11.95,26.47,0.55
2001-09-01,2001,9,"Crude oil, average",Energy,($/bbl),25.2,-2.33,-6.67,-21.5,13.0,-0.19
2001-10-01,2001,10,"Crude oil, average",Energy,($/bbl),20.7,-17.86,-16.53,-34.08,-12.29,-2.02
2001-11-01,2001,11,"Crude oil, average",Energy,($/bbl),18.7,-9.66,-27.52,-42.11,-16.52,-0.72
2001-12-01,2001,12,"Crude oil, average",Energy,($/bbl),18.5,-1.07,-26.59,-26.59,-21.61,0.32
2002-01-01,2002,1,"Crude oil, average",Energy,($/bbl),19.2,3.78,-7.25,-26.15,-17.24,0.82
2002-02-01,2002,2,"Crude oil, average",Energy,($/bbl),20.0,4.17,6.95,-26.47,-1.96,0.86
2002-03-01,2002,3,"Crude oil, average",Energy,($/bbl),23.6,18.0,27.57,-5.6,22.28,2.75
2002-04-01,2002,4,"Crude oil, average",Energy,($/bbl),25.4,7.63,32.29,-1.17,41.9,0.85
2002-05-01,2002,5,"Crude oil, average",Energy,($/bbl),25.7,1.18,28.5,-6.55,32.47,0.09
2002-06-01,2002,6,"Crude oil, average",Energy,($/bbl),24.5,-4.67,3.81,-9.26,36.87,-0.49
2002-07-01,2002,7,"Crude oil, average",Energy,($/bbl),25.8,5.31,1.57,4.03,40.98,0.62
2002-08-01,2002,8,"Crude oil, average",Energy,($/bbl),26.8,3.88,4.28,3.88,43.32,0.35
2002-09-01,2002,9,"Crude oil, average",Energy,($/bbl),28.3,5.6,15.51,12.3,51.34,0.54
2002-10-01,2002,10,"Crude oil, average",Energy,($/bbl),27.5,-2.83,6.59,32.85,37.5,-0.46
2002-11-01,2002,11,"Crude oil, average",Energy,($/bbl),24.5,-10.91,-8.58,31.02,28.27,-1.94
2002-12-01,2002,12,"Crude oil, average",Energy,($/bbl),27.9,13.88,-1.41,50.81,63.16,1.59
2003-01-01,2003,1,"Crude oil, average",Energy,($/bbl),30.8,10.39,12.0,60.42,105.33,0.86
2003-02-01,2003,2,"Crude oil, average",Energy,($/bbl),32.9,6.82,34.29,64.5,133.33,0.31
2003-03-01,2003,3,"Crude oil, average",Energy,($/bbl),30.4,-7.6,8.96,28.81,132.06,-1.51
2003-04-01,2003,4,"Crude oil, average",Energy,($/bbl),25.6,-15.79,-16.88,0.79,89.63,-2.42
2003-05-01,2003,5,"Crude oil, average",Energy,($/bbl),26.1,1.95,-20.67,1.56,86.43,0.17
2003-06-01,2003,6,"Crude oil, average",Energy,($/bbl),27.9,6.9,-8.22,13.88,123.2,0.72
2003-07-01,2003,7,"Crude oil, average",Energy,($/bbl),28.6,2.51,11.72,10.85,125.2,0.12
2003-08-01,2003,8,"Crude oil, average",Energy,($/bbl),29.7,3.85,13.79,10.82,137.6,0.29
2003-09-01,2003,9,"Crude oil, average",Energy,($/bbl),26.9,-9.43,-3.58,-4.95,94.93,-1.2
2003-10-01,2003,10,"Crude oil, average",Energy,($/bbl),29.0,7.81,1.4,5.45,118.05,0.85
2003-11-01,2003,11,"Crude oil, average",Energy,($/bbl),29.1,0.34,-2.02,18.78,144.54,-0.05
2003-12-01,2003,12,"Crude oil, average",Energy,($/bbl),30.0,3.09,11.52,7.53,188.46,0.15
2004-01-01,2004,1,"Crude oil, average",Energy,($/bbl),31.4,4.67,8.28,1.95,175.44,0.48
2004-02-01,2004,2,"Crude oil, average",Energy,($/bbl),31.3,-0.32,7.56,-4.86,189.81,-0.1
2004-03-01,2004,3,"Crude oil, average",Energy,($/bbl),33.7,7.67,12.33,10.86,155.3,1.1
2004-04-01,2004,4,"Crude oil, average",Energy,($/bbl),33.7,0.0,7.32,31.64,111.95,-0.16
2004-05-01,2004,5,"Crude oil, average",Energy,($/bbl),37.6,11.57,20.13,44.06,133.54,1.95
2004-06-01,2004,6,"Crude oil, average",Energy,($/bbl),35.5,-5.59,5.34,27.24,116.46,-1.64
2004-07-01,2004,7,"Crude oil, average",Energy,($/bbl),37.9,6.76,12.46,32.52,99.47,0.79
2004-08-01,2004,8,"Crude oil, average",Energy,($/bbl),42.1,11.08,11.97,41.75,107.39,1.44
2004-09-01,2004,9,"Crude oil, average",Energy,($/bbl),41.6,-1.19,17.18,54.65,83.26,-0.67
2004-10-01,2004,10,"Crude oil, average",Energy,($/bbl),46.9,12.74,23.75,61.72,113.18,1.68
2004-11-01,2004,11,"Crude oil, average",Energy,($/bbl),42.1,-10.23,0.0,44.67,73.97,-2.49
2004-12-01,2004,12,"Crude oil, average",Energy,($/bbl),39.0,-7.36,-6.25,30.0,55.38,-1.51
2005-01-01,2005,1,"Crude oil, average",Energy,($/bbl),43.0,10.26,-8.32,36.94,69.96,1.0
2005-02-01,2005,2,"Crude oil, average",Energy,($/bbl),44.8,4.19,6.41,43.13,64.71,0.15
2005-03-01,2005,3,"Crude oil, average",Energy,($/bbl),50.9,13.62,30.51,51.04,85.09,1.29
2005-04-01,2005,4,"Crude oil, average",Energy,($/bbl),50.6,-0.59,17.67,50.15,115.32,-0.52
2005-05-01,2005,5,"Crude oil, average",Energy,($/bbl),47.8,-5.53,6.7,27.13,75.74,-1.1
2005-06-01,2005,6,"Crude oil, average",Energy,($/bbl),53.9,12.76,5.89,51.83,82.09,1.22
2005-07-01,2005,7,"Crude oil, average",Energy,($/bbl),56.4,4.64,11.46,48.81,100.0,0.09
2005-08-01,2005,8,"Crude oil, average",Energy,($/bbl),61.9,9.75,29.5,47.03,111.26,0.71
2005-09-01,2005,9,"Crude oil, average",Energy,($/bbl),61.7,-0.32,14.47,48.32,92.21,-0.46
2005-10-01,2005,10,"Crude oil, average",Energy,($/bbl),58.2,-5.67,3.19,24.09,85.35,-1.11
2005-11-01,2005,11,"Crude oil, average",Energy,($/bbl),55.0,-5.5,-11.15,30.64,70.28,-0.92
2005-12-01,2005,12,"Crude oil, average",Energy,($/bbl),56.4,2.55,-8.59,44.62,123.81,0.0
2006-01-01,2006,1,"Crude oil, average",Energy,($/bbl),62.5,10.82,7.39,45.35,140.38,1.05
2006-02-01,2006,2,"Crude oil, average",Energy,($/bbl),59.7,-4.48,8.55,33.26,119.49,-1.1
2006-03-01,2006,3,"Crude oil, average",Energy,($/bbl),60.9,2.01,7.98,19.65,143.6,-0.09
2006-04-01,2006,4,"Crude oil, average",Energy,($/bbl),68.0,11.66,8.8,34.39,164.59,1.5
2006-05-01,2006,5,"Crude oil, average",Energy,($/bbl),68.7,1.03,15.08,43.72,149.82,-0.24
2006-06-01,2006,6,"Crude oil, average",Energy,($/bbl),68.3,-0.58,12.15,26.72,152.96,-0.57
2006-07-01,2006,7,"Crude oil, average",Energy,($/bbl),72.5,6.15,6.62,28.55,192.34,0.66
2006-08-01,2006,8,"Crude oil, average",Energy,($/bbl),71.8,-0.97,4.51,15.99,178.29,-0.53
2006-09-01,2006,9,"Crude oil, average",Energy,($/bbl),62.1,-13.51,-9.08,0.65,146.43,-2.59
2006-10-01,2006,10,"Crude oil, average",Energy,($/bbl),57.9,-6.76,-20.14,-0.52,179.71,-0.98
2006-11-01,2006,11,"Crude oil, average",Energy,($/bbl),58.1,0.35,-19.08,5.64,210.7,0.02
2006-12-01,2006,12,"Crude oil, average",Energy,($/bbl),61.0,4.99,-1.77,8.16,229.73,0.61
2007-01-01,2007,1,"Crude oil, average",Energy,($/bbl),53.5,-12.3,-7.6,-14.4,178.65,-1.85
2007-02-01,2007,2,"Crude oil, average",Energy,($/bbl),57.6,7.66,-0.86,-3.52,188.0,1.19
2007-03-01,2007,3,"Crude oil, average",Energy,($/bbl),60.6,5.21,-0.66,-0.49,156.78,0.68
2007-04-01,2007,4,"Crude oil, average",Energy,($/bbl),65.1,7.43,21.68,-4.26,156.3,0.92
2007-05-01,2007,5,"Crude oil, average",Energy,($/bbl),65.2,0.15,13.19,-5.09,153.7,0.04
2007-06-01,2007,6,"Crude oil, average",Energy,($/bbl),68.2,4.6,12.54,-0.15,178.37,0.66
2007-07-01,2007,7,"Crude oil, average",Energy,($/bbl),73.6,7.92,13.06,1.52,185.27,1.03
2007-08-01,2007,8,"Crude oil, average",Energy,($/bbl),70.1,-4.76,7.52,-2.37,161.57,-0.68
2007-09-01,2007,9,"Crude oil, average",Energy,($/bbl),76.8,9.56,12.61,23.67,171.38,1.23
2007-10-01,2007,10,"Crude oil, average",Energy,($/bbl),82.0,6.77,11.41,41.62,198.18,0.7
2007-11-01,2007,11,"Crude oil, average",Energy,($/bbl),91.3,11.34,30.24,57.14,272.65,1.29
2007-12-01,2007,12,"Crude oil, average",Energy,($/bbl),89.5,-1.97,16.54,46.72,220.79,-0.9
2008-01-01,2008,1,"Crude oil, average",Energy,($/bbl),90.7,1.34,10.61,69.53,194.48,-0.31
2008-02-01,2008,2,"Crude oil, average",Energy,($/bbl),93.4,2.98,2.3,62.15,183.89,-0.33
2008-03-01,2008,3,"Crude oil, average",Energy,($/bbl),101.8,8.99,13.74,67.99,234.87,0.99
2008-04-01,2008,4,"Crude oil, average",Energy,($/bbl),108.8,6.88,19.96,67.13,325.0,0.47
2008-05-01,2008,5,"Crude oil, average",Energy,($/bbl),122.6,12.68,31.26,88.04,369.73,1.64
2008-06-01,2008,6,"Crude oil, average",Energy,($/bbl),131.5,7.26,29.17,92.82,371.33,0.33
2008-07-01,2008,7,"Crude oil, average",Energy,($/bbl),132.8,0.99,22.06,80.43,364.34,-0.9
2008-08-01,2008,8,"Crude oil, average",Energy,($/bbl),114.6,-13.7,-6.53,63.48,285.86,-3.47
2008-09-01,2008,9,"Crude oil, average",Energy,($/bbl),99.7,-13.0,-24.18,29.82,270.63,-2.41
2008-10-01,2008,10,"Crude oil, average",Energy,($/bbl),72.7,-27.08,-45.26,-11.34,150.69,-3.45
2008-11-01,2008,11,"Crude oil, average",Energy,($/bbl),54.0,-25.72,-52.88,-40.85,85.57,-2.13
2008-12-01,2008,12,"Crude oil, average",Energy,($/bbl),41.3,-23.52,-58.58,-53.85,37.67,-1.5
2009-01-01,2009,1,"Crude oil, average",Energy,($/bbl),43.9,6.3,-39.61,-51.6,39.81,0.79
2009-02-01,2009,2,"Crude oil, average",Energy,($/bbl),41.8,-4.78,-22.59,-55.25,33.55,-0.0
2009-03-01,2009,3,"Crude oil, average",Energy,($/bbl),46.6,11.48,12.83,-54.22,38.28,1.15
2009-04-01,2009,4,"Crude oil, average",Energy,($/bbl),50.3,7.94,14.58,-53.77,49.26,0.88
2009-05-01,2009,5,"Crude oil, average",Energy,($/bbl),58.2,15.71,39.23,-52.53,54.79,1.39
2009-06-01,2009,6,"Crude oil, average",Energy,($/bbl),69.1,18.73,48.28,-47.45,94.65,1.54
2009-07-01,2009,7,"Crude oil, average",Energy,($/bbl),64.7,-6.37,28.63,-51.28,70.71,-0.15
2009-08-01,2009,8,"Crude oil, average",Energy,($/bbl),71.6,10.66,23.02,-37.52,70.07,0.93
2009-09-01,2009,9,"Crude oil, average",Energy,($/bbl),68.3,-4.61,-1.16,-31.49,64.18,-0.13
2009-10-01,2009,10,"Crude oil, average",Energy,($/bbl),74.1,8.49,14.53,1.93,58.0,0.63
2009-11-01,2009,11,"Crude oil, average",Energy,($/bbl),77.6,4.72,8.38,43.7,84.32,0.24
2009-12-01,2009,12,"Crude oil, average",Energy,($/bbl),74.9,-3.48,9.66,81.36,92.05,-0.62
2010-01-01,2010,1,"Crude oil, average",Energy,($/bbl),77.1,2.94,4.05,75.63,79.3,-0.29
2010-02-01,2010,2,"Crude oil, average",Energy,($/bbl),74.8,-2.98,-3.61,78.95,66.96,-0.96
2010-03-01,2010,3,"Crude oil, average",Energy,($/bbl),79.3,6.02,5.87,70.17,55.8,0.09
2010-04-01,2010,4,"Crude oil, average",Energy,($/bbl),84.2,6.18,9.21,67.4,66.4,0.17
2010-05-01,2010,5,"Crude oil, average",Energy,($/bbl),75.6,-10.21,1.07,29.9,58.16,-1.85
2010-06-01,2010,6,"Crude oil, average",Energy,($/bbl),74.7,-1.19,-5.8,8.1,38.59,-0.45
2010-07-01,2010,7,"Crude oil, average",Energy,($/bbl),74.6,-0.13,-11.4,15.3,32.27,-0.15
2010-08-01,2010,8,"Crude oil, average",Energy,($/bbl),75.8,1.61,0.26,5.87,22.46,0.04
2010-09-01,2010,9,"Crude oil, average",Energy,($/bbl),76.1,0.4,1.87,11.42,23.34,-0.04
2010-10-01,2010,10,"Crude oil, average",Energy,($/bbl),81.7,7.36,9.52,10.26,40.38,1.22
2010-11-01,2010,11,"Crude oil, average",Energy,($/bbl),84.5,3.43,11.48,8.89,53.64,0.5
2010-12-01,2010,12,"Crude oil, average",Energy,($/bbl),90.0,6.51,18.27,20.16,59.57,1.15
2011-01-01,2011,1,"Crude oil, average",Energy,($/bbl),92.7,3.0,13.46,20.23,48.32,0.27
2011-02-01,2011,2,"Crude oil, average",Energy,($/bbl),97.9,5.61,15.86,30.88,63.99,0.79
2011-03-01,2011,3,"Crude oil, average",Energy,($/bbl),108.6,10.93,20.67,36.95,78.33,1.75
2011-04-01,2011,4,"Crude oil, average",Energy,($/bbl),116.2,7.0,25.35,38.0,70.88,0.78
2011-05-01,2011,5,"Crude oil, average",Energy,($/bbl),108.1,-6.97,10.42,42.99,57.35,-1.8
2011-06-01,2011,6,"Crude oil, average",Energy,($/bbl),105.8,-2.13,-2.58,41.63,54.9,-1.1
2011-07-01,2011,7,"Crude oil, average",Energy,($/bbl),107.9,1.98,-7.14,44.64,48.83,-0.22
2011-08-01,2011,8,"Crude oil, average",Energy,($/bbl),100.5,-6.86,-7.03,32.59,39.97,-2.11
2011-09-01,2011,9,"Crude oil, average",Energy,($/bbl),100.8,0.3,-4.73,32.46,62.32,-0.4
2011-10-01,2011,10,"Crude oil, average",Energy,($/bbl),99.8,-0.99,-7.51,22.15,72.37,-0.63
2011-11-01,2011,11,"Crude oil, average",Energy,($/bbl),105.4,5.61,4.88,24.73,81.41,0.69
2011-12-01,2011,12,"Crude oil, average",Energy,($/bbl),104.2,-1.14,3.37,15.78,70.82,-0.56
2012-01-01,2012,1,"Crude oil, average",Energy,($/bbl),107.1,2.78,7.31,15.53,100.19,0.26
2012-02-01,2012,2,"Crude oil, average",Energy,($/bbl),112.7,5.23,6.93,15.12,95.66,0.72
2012-03-01,2012,3,"Crude oil, average",Energy,($/bbl),117.8,4.53,13.05,8.47,94.39,0.59
2012-04-01,2012,4,"Crude oil, average",Energy,($/bbl),113.7,-3.48,6.16,-2.15,74.65,-0.92
2012-05-01,2012,5,"Crude oil, average",Energy,($/bbl),104.1,-8.44,-7.63,-3.7,59.66,-1.93
2012-06-01,2012,6,"Crude oil, average",Energy,($/bbl),90.7,-12.87,-23.01,-14.27,32.99,-2.78
2012-07-01,2012,7,"Crude oil, average",Energy,($/bbl),96.8,6.73,-14.86,-10.29,31.52,1.34
2012-08-01,2012,8,"Crude oil, average",Energy,($/bbl),105.3,8.78,1.15,4.78,50.21,1.53
2012-09-01,2012,9,"Crude oil, average",Energy,($/bbl),106.3,0.95,17.2,5.46,38.41,0.06
2012-10-01,2012,10,"Crude oil, average",Energy,($/bbl),103.4,-2.73,6.82,3.61,26.1,-0.52
2012-11-01,2012,11,"Crude oil, average",Energy,($/bbl),101.2,-2.13,-3.89,-3.98,10.84,-0.4
2012-12-01,2012,12,"Crude oil, average",Energy,($/bbl),101.2,0.0,-4.8,-2.88,13.07,0.02
2013-01-01,2013,1,"Crude oil, average",Energy,($/bbl),105.1,3.85,1.64,-1.87,15.88,0.62
2013-02-01,2013,2,"Crude oil, average",Energy,($/bbl),107.6,2.38,6.32,-4.53,15.2,0.37
2013-03-01,2013,3,"Crude oil, average",Energy,($/bbl),102.5,-4.74,1.28,-12.99,0.69,-0.73
2013-04-01,2013,4,"Crude oil, average",Energy,($/bbl),98.9,-3.51,-5.9,-13.02,-9.1,-0.41
2013-05-01,2013,5,"Crude oil, average",Energy,($/bbl),99.4,0.51,-7.62,-4.51,-18.92,0.24
2013-06-01,2013,6,"Crude oil, average",Energy,($/bbl),99.7,0.3,-2.73,9.92,-24.18,0.09
2013-07-01,2013,7,"Crude oil, average",Energy,($/bbl),105.3,5.62,6.47,8.78,-20.71,1.17
2013-08-01,2013,8,"Crude oil, average",Energy,($/bbl),108.2,2.75,8.85,2.75,-5.58,0.5
2013-09-01,2013,9,"Crude oil, average",Energy,($/bbl),108.8,0.55,9.13,2.35,9.13,0.09
2013-10-01,2013,10,"Crude oil, average",Energy,($/bbl),105.4,-3.12,0.09,1.93,44.98,-1.08
2013-11-01,2013,11,"Crude oil, average",Energy,($/bbl),102.6,-2.66,-5.18,1.38,90.0,-0.91
2013-12-01,2013,12,"Crude oil, average",Energy,($/bbl),105.5,2.83,-3.03,4.25,155.45,0.84
2014-01-01,2014,1,"Crude oil, average",Energy,($/bbl),102.1,-3.22,-3.13,-2.85,132.57,-1.1
2014-02-01,2014,2,"Crude oil, average",Energy,($/bbl),104.8,2.64,2.14,-2.6,150.72,0.88
2014-03-01,2014,3,"Crude oil, average",Energy,($/bbl),104.0,-0.76,-1.42,1.46,123.18,-0.18
2014-04-01,2014,4,"Crude oil, average",Energy,($/bbl),104.9,0.87,2.74,6.07,108.55,0.24
2014-05-01,2014,5,"Crude oil, average",Energy,($/bbl),105.7,0.76,0.86,6.34,81.62,0.09
2014-06-01,2014,6,"Crude oil, average",Energy,($/bbl),108.4,2.55,4.23,8.73,56.87,0.74
2014-07-01,2014,7,"Crude oil, average",Energy,($/bbl),105.2,-2.95,0.29,-0.09,62.6,-1.34
2014-08-01,2014,8,"Crude oil, average",Energy,($/bbl),100.1,-4.85,-5.3,-7.49,39.8,-1.97
2014-09-01,2014,9,"Crude oil, average",Energy,($/bbl),95.9,-4.2,-11.53,-11.86,40.41,-1.34
2014-10-01,2014,10,"Crude oil, average",Energy,($/bbl),86.1,-10.22,-18.16,-18.31,16.19,-3.25
2014-11-01,2014,11,"Crude oil, average",Energy,($/bbl),77.0,-10.57,-23.08,-24.95,-0.77,-2.32
2014-12-01,2014,12,"Crude oil, average",Energy,($/bbl),60.7,-21.17,-36.7,-42.46,-18.96,-4.06
2015-01-01,2015,1,"Crude oil, average",Energy,($/bbl),47.1,-22.41,-45.3,-53.87,-38.91,-2.63
2015-02-01,2015,2,"Crude oil, average",Energy,($/bbl),54.8,16.35,-28.83,-47.71,-26.74,2.57
2015-03-01,2015,3,"Crude oil, average",Energy,($/bbl),52.8,-3.65,-13.01,-49.23,-33.42,0.1
2015-04-01,2015,4,"Crude oil, average",Energy,($/bbl),57.5,8.9,22.08,-45.19,-31.71,1.32
2015-05-01,2015,5,"Crude oil, average",Energy,($/bbl),62.5,8.7,14.05,-40.87,-17.33,1.17
2015-06-01,2015,6,"Crude oil, average",Energy,($/bbl),61.3,-1.92,16.1,-43.45,-17.94,0.15
2015-07-01,2015,7,"Crude oil, average",Energy,($/bbl),54.3,-11.42,-5.57,-48.38,-27.21,-0.64
2015-08-01,2015,8,"Crude oil, average",Energy,($/bbl),45.7,-15.84,-26.88,-54.35,-39.71,-0.95
2015-09-01,2015,9,"Crude oil, average",Energy,($/bbl),46.3,1.31,-24.47,-51.72,-39.16,0.57
2015-10-01,2015,10,"Crude oil, average",Energy,($/bbl),47.0,1.51,-13.44,-45.41,-42.47,0.54
2015-11-01,2015,11,"Crude oil, average",Energy,($/bbl),43.1,-8.3,-5.69,-44.03,-48.99,-0.33
2015-12-01,2015,12,"Crude oil, average",Energy,($/bbl),36.6,-15.08,-20.95,-39.7,-59.33,-0.9
2016-01-01,2016,1,"Crude oil, average",Energy,($/bbl),29.8,-18.58,-36.6,-36.73,-67.85,-1.3
2016-02-01,2016,2,"Crude oil, average",Energy,($/bbl),31.0,4.03,-28.07,-43.43,-68.34,0.65
2016-03-01,2016,3,"Crude oil, average",Energy,($/bbl),37.3,20.32,1.91,-29.36,-65.65,2.57
2016-04-01,2016,4,"Crude oil, average",Energy,($/bbl),40.8,9.38,36.91,-29.04,-64.89,0.97
2016-05-01,2016,5,"Crude oil, average",Energy,($/bbl),45.9,12.5,48.06,-26.56,-57.54,1.23
2016-06-01,2016,6,"Crude oil, average",Energy,($/bbl),47.7,3.92,27.88,-22.19,-54.91,0.47
2016-07-01,2016,7,"Crude oil, average",Energy,($/bbl),44.1,-7.55,8.09,-18.78,-59.13,-0.5
2016-08-01,2016,8,"Crude oil, average",Energy,($/bbl),44.9,1.81,-2.18,-1.75,-55.32,0.23
2016-09-01,2016,9,"Crude oil, average",Energy,($/bbl),45.0,0.22,-5.66,-2.81,-55.36,-0.02
2016-10-01,2016,10,"Crude oil, average",Energy,($/bbl),49.3,9.56,11.79,4.89,-50.6,0.82
2016-11-01,2016,11,"Crude oil, average",Energy,($/bbl),45.3,-8.11,0.89,5.1,-57.02,-0.79
2016-12-01,2016,12,"Crude oil, average",Energy,($/bbl),52.6,16.11,16.89,43.72,-49.52,1.31
2017-01-01,2017,1,"Crude oil, average",Energy,($/bbl),53.6,1.9,8.72,79.87,-49.95,-0.16
2017-02-01,2017,2,"Crude oil, average",Energy,($/bbl),54.4,1.49,20.09,75.48,-51.73,-0.44
2017-03-01,2017,3,"Crude oil, average",Energy,($/bbl),50.9,-6.43,-3.23,36.46,-56.79,-1.32
2017-04-01,2017,4,"Crude oil, average",Energy,($/bbl),52.2,2.55,-2.61,27.94,-54.09,-0.04
2017-05-01,2017,5,"Crude oil, average",Energy,($/bbl),49.9,-4.41,-8.27,8.71,-52.07,-0.89
2017-06-01,2017,6,"Crude oil, average",Energy,($/bbl),46.2,-7.41,-9.23,-3.14,-49.06,-1.17
2017-07-01,2017,7,"Crude oil, average",Energy,($/bbl),47.7,3.25,-8.62,8.16,-50.72,0.44
2017-08-01,2017,8,"Crude oil, average",Energy,($/bbl),49.9,4.61,0.0,11.14,-52.61,0.53
2017-09-01,2017,9,"Crude oil, average",Energy,($/bbl),53.0,6.21,14.72,17.78,-50.14,0.71
2017-10-01,2017,10,"Crude oil, average",Energy,($/bbl),54.9,3.58,15.09,11.36,-46.91,0.27
2017-11-01,2017,11,"Crude oil, average",Energy,($/bbl),59.9,9.11,20.04,32.23,-40.81,1.16
2017-12-01,2017,12,"Crude oil, average",Energy,($/bbl),61.2,2.17,15.47,16.35,-39.53,-0.06
2018-01-01,2018,1,"Crude oil, average",Energy,($/bbl),66.2,8.17,20.58,23.51,-37.01,1.35
2018-02-01,2018,2,"Crude oil, average",Energy,($/bbl),63.5,-4.08,6.01,16.73,-40.99,-1.11
2018-03-01,2018,3,"Crude oil, average",Energy,($/bbl),64.2,1.1,4.9,26.13,-37.37,-0.06
2018-04-01,2018,4,"Crude oil, average",Energy,($/bbl),68.8,7.17,3.93,31.8,-30.43,1.0
2018-05-01,2018,5,"Crude oil, average",Energy,($/bbl),73.4,6.69,15.59,47.09,-26.16,0.8
2018-06-01,2018,6,"Crude oil, average",Energy,($/bbl),72.0,-1.91,12.15,55.84,-27.78,-1.07
2018-07-01,2018,7,"Crude oil, average",Energy,($/bbl),72.7,0.97,5.67,52.41,-30.96,-0.71
2018-08-01,2018,8,"Crude oil, average",Energy,($/bbl),71.1,-2.2,-3.13,42.48,-34.29,-1.42
2018-09-01,2018,9,"Crude oil, average",Energy,($/bbl),75.4,6.05,4.72,42.26,-30.7,0.67
2018-10-01,2018,10,"Crude oil, average",Energy,($/bbl),76.7,1.72,5.5,39.71,-27.23,-0.3
2018-11-01,2018,11,"Crude oil, average",Energy,($/bbl),62.3,-18.77,-12.38,4.01,-39.28,-4.9
2018-12-01,2018,12,"Crude oil, average",Energy,($/bbl),54.0,-13.32,-28.38,-11.76,-48.82,-1.91
2019-01-01,2019,1,"Crude oil, average",Energy,($/bbl),56.6,4.81,-26.21,-14.5,-44.56,0.67
2019-02-01,2019,2,"Crude oil, average",Energy,($/bbl),61.1,7.95,-1.93,-3.78,-41.7,1.12
2019-03-01,2019,3,"Crude oil, average",Energy,($/bbl),63.8,4.42,18.15,-0.62,-38.65,0.53
2019-04-01,2019,4,"Crude oil, average",Energy,($/bbl),68.6,7.52,21.2,-0.29,-34.6,0.86
2019-05-01,2019,5,"Crude oil, average",Energy,($/bbl),66.8,-2.62,9.33,-8.99,-36.8,-0.35
2019-06-01,2019,6,"Crude oil, average",Energy,($/bbl),59.8,-10.48,-6.27,-16.94,-44.83,-1.22
2019-07-01,2019,7,"Crude oil, average",Energy,($/bbl),61.5,2.84,-10.35,-15.41,-41.54,0.46
2019-08-01,2019,8,"Crude oil, average",Energy,($/bbl),57.7,-6.18,-13.62,-18.85,-42.36,-0.59
2019-09-01,2019,9,"Crude oil, average",Energy,($/bbl),60.0,3.99,0.33,-20.42,-37.43,0.6
2019-10-01,2019,10,"Crude oil, average",Energy,($/bbl),57.3,-4.5,-6.83,-25.29,-33.45,-0.34
2019-11-01,2019,11,"Crude oil, average",Energy,($/bbl),60.4,5.41,4.68,-3.05,-21.56,0.85
2019-12-01,2019,12,"Crude oil, average",Energy,($/bbl),63.4,4.97,5.67,17.41,4.45,0.69
2020-01-01,2020,1,"Crude oil, average",Energy,($/bbl),61.6,-2.84,7.5,8.83,30.79,-0.73
2020-02-01,2020,2,"Crude oil, average",Energy,($/bbl),53.3,-13.47,-11.75,-12.77,-2.74,-2.41
2020-03-01,2020,3,"Crude oil, average",Energy,($/bbl),32.2,-39.59,-49.21,-49.53,-39.02,-5.69
2020-04-01,2020,4,"Crude oil, average",Energy,($/bbl),21.0,-34.78,-65.91,-69.39,-63.48,-2.35
2020-05-01,2020,5,"Crude oil, average",Energy,($/bbl),30.4,44.76,-42.96,-54.49,-51.36,3.56
2020-06-01,2020,6,"Crude oil, average",Energy,($/bbl),39.5,29.93,22.67,-33.95,-35.56,1.6
2020-07-01,2020,7,"Crude oil, average",Energy,($/bbl),42.1,6.58,100.48,-31.54,-22.47,0.32
2020-08-01,2020,8,"Crude oil, average",Energy,($/bbl),43.4,3.09,42.76,-24.78,-5.03,0.15
2020-09-01,2020,9,"Crude oil, average",Energy,($/bbl),40.6,-6.45,2.78,-32.33,-12.31,-0.29
2020-10-01,2020,10,"Crude oil, average",Energy,($/bbl),39.9,-1.72,-5.23,-30.37,-15.11,-0.05
2020-11-01,2020,11,"Crude oil, average",Energy,($/bbl),42.3,6.02,-2.53,-29.97,-1.86,0.27
2020-12-01,2020,12,"Crude oil, average",Energy,($/bbl),48.7,15.13,19.95,-23.19,33.06,0.66
2021-01-01,2021,1,"Crude oil, average",Energy,($/bbl),53.6,10.06,34.34,-12.99,79.87,0.4
2021-02-01,2021,2,"Crude oil, average",Energy,($/bbl),60.5,12.87,43.03,13.51,95.16,0.47
2021-03-01,2021,3,"Crude oil, average",Energy,($/bbl),63.8,5.45,31.01,98.14,71.05,0.07
2021-04-01,2021,4,"Crude oil, average",Energy,($/bbl),63.0,-1.25,17.54,200.0,54.41,-0.46
2021-05-01,2021,5,"Crude oil, average",Energy,($/bbl),66.4,5.4,9.75,118.42,44.66,-0.35
2021-06-01,2021,6,"Crude oil, average",Energy,($/bbl),71.8,8.13,12.54,81.77,50.52,0.11
2021-07-01,2021,7,"Crude oil, average",Energy,($/bbl),73.3,2.09,16.35,74.11,66.21,-0.51
2021-08-01,2021,8,"Crude oil, average",Energy,($/bbl),68.9,-6.0,3.77,58.76,53.45,-1.75
2021-09-01,2021,9,"Crude oil, average",Energy,($/bbl),72.8,5.66,1.39,79.31,61.78,0.22
2021-10-01,2021,10,"Crude oil, average",Energy,($/bbl),82.1,12.77,12.01,105.76,66.53,1.24
2021-11-01,2021,11,"Crude oil, average",Energy,($/bbl),79.9,-2.68,15.97,88.89,76.38,-1.48
2021-12-01,2021,12,"Crude oil, average",Energy,($/bbl),72.9,-8.76,0.14,49.69,38.59,-2.17
2022-01-01,2022,1,"Crude oil, average",Energy,($/bbl),83.9,15.09,2.19,56.53,56.53,1.61
2022-02-01,2022,2,"Crude oil, average",Energy,($/bbl),93.5,11.44,17.02,54.55,71.88,0.97
2022-03-01,2022,3,"Crude oil, average",Energy,($/bbl),112.4,20.21,54.18,76.18,120.83,2.17
2022-04-01,2022,4,"Crude oil, average",Energy,($/bbl),103.4,-8.01,23.24,64.13,98.08,-1.49
2022-05-01,2022,5,"Crude oil, average",Energy,($/bbl),110.1,6.48,17.75,65.81,120.64,0.2
2022-06-01,2022,6,"Crude oil, average",Energy,($/bbl),116.8,6.09,3.91,62.67,152.81,0.15
2022-07-01,2022,7,"Crude oil, average",Energy,($/bbl),105.1,-10.02,1.64,43.38,120.34,-1.54
2022-08-01,2022,8,"Crude oil, average",Energy,($/bbl),96.0,-8.66,-12.81,39.33,92.38,-1.18
2022-09-01,2022,9,"Crude oil, average",Energy,($/bbl),88.2,-8.12,-24.49,21.15,66.42,-1.08
2022-10-01,2022,10,"Crude oil, average",Energy,($/bbl),90.3,2.38,-14.08,9.99,64.48,0.02
2022-11-01,2022,11,"Crude oil, average",Energy,($/bbl),87.4,-3.21,-8.96,9.39,45.91,-0.43
2022-12-01,2022,12,"Crude oil, average",Energy,($/bbl),78.1,-10.64,-11.45,7.13,27.61,-1.13
2023-01-01,2023,1,"Crude oil, average",Energy,($/bbl),80.4,2.94,-10.96,-4.17,21.45,0.17
2023-02-01,2023,2,"Crude oil, average",Energy,($/bbl),80.3,-0.12,-8.12,-14.12,26.46,-0.02
2023-03-01,2023,3,"Crude oil, average",Energy,($/bbl),76.5,-4.73,-2.05,-31.94,19.16,-0.42
2023-04-01,2023,4,"Crude oil, average",Energy,($/bbl),82.5,7.84,2.61,-20.21,19.91,1.71
2023-05-01,2023,5,"Crude oil, average",Energy,($/bbl),74.1,-10.18,-7.72,-32.7,0.95,-1.25
2023-06-01,2023,6,"Crude oil, average",Energy,($/bbl),73.3,-1.08,-4.18,-37.24,1.81,0.29
2023-07-01,2023,7,"Crude oil, average",Energy,($/bbl),79.0,7.78,-4.24,-24.83,8.67,1.87
2023-08-01,2023,8,"Crude oil, average",Energy,($/bbl),84.7,7.22,14.3,-11.77,19.13,1.43
2023-09-01,2023,9,"Crude oil, average",Energy,($/bbl),92.2,8.85,25.78,4.54,22.28,1.44
2023-10-01,2023,10,"Crude oil, average",Energy,($/bbl),89.1,-3.36,12.78,-1.33,16.17,-0.58
2023-11-01,2023,11,"Crude oil, average",Energy,($/bbl),81.4,-8.64,-3.9,-6.86,30.66,-1.27
2023-12-01,2023,12,"Crude oil, average",Energy,($/bbl),75.7,-7.0,-17.9,-3.07,40.19,-0.91
2024-01-01,2024,1,"Crude oil, average",Energy,($/bbl),77.7,2.64,-12.79,-3.36,37.28,0.39
2024-02-01,2024,2,"Crude oil, average",Energy,($/bbl),80.5,3.6,-1.11,0.25,31.75,0.53
2024-03-01,2024,3,"Crude oil, average",Energy,($/bbl),83.5,3.73,10.3,9.15,30.88,0.5
2024-04-01,2024,4,"Crude oil, average",Energy,($/bbl),88.0,5.39,13.26,6.67,28.28,0.65
2024-05-01,2024,5,"Crude oil, average",Energy,($/bbl),81.4,-7.5,1.12,9.85,21.86,-1.24
2024-06-01,2024,6,"Crude oil, average",Energy,($/bbl),81.2,-0.25,-2.75,10.78,35.79,-0.19
2024-07-01,2024,7,"Crude oil, average",Energy,($/bbl),83.3,2.59,-5.34,5.44,35.45,0.25
2024-08-01,2024,8,"Crude oil, average",Energy,($/bbl),78.1,-6.24,-4.05,-7.79,35.36,-1.15
2024-09-01,2024,9,"Crude oil, average",Energy,($/bbl),72.4,-7.3,-10.84,-21.48,20.67,-1.16
2024-10-01,2024,10,"Crude oil, average",Energy,($/bbl),74.0,2.21,-11.16,-16.95,29.14,0.77
2024-11-01,2024,11,"Crude oil, average",Energy,($/bbl),72.3,-2.3,-7.43,-11.18,19.7,-0.17
2024-12-01,2024,12,"Crude oil, average",Energy,($/bbl),72.3,0.0,-0.14,-4.49,14.04,0.18
2025-01-01,2025,1,"Crude oil, average",Energy,($/bbl),78.2,8.16,5.68,0.64,26.95,1.86
2025-02-01,2025,2,"Crude oil, average",Energy,($/bbl),73.8,-5.63,2.07,-8.32,38.46,-1.13
2025-03-01,2025,3,"Crude oil, average",Energy,($/bbl),70.7,-4.2,-2.21,-15.33,119.57,-0.69
2025-04-01,2025,4,"Crude oil, average",Energy,($/bbl),65.9,-6.79,-15.73,-25.11,213.81,-1.08
2025-05-01,2025,5,"Crude oil, average",Energy,($/bbl),62.7,-4.86,-15.04,-22.97,106.25,-0.53
2025-06-01,2025,6,"Crude oil, average",Energy,($/bbl),69.1,10.21,-2.26,-14.9,74.94,2.6
2025-07-01,2025,7,"Crude oil, average",Energy,($/bbl),69.2,0.14,5.01,-16.93,64.37,0.22
2025-08-01,2025,8,"Crude oil, average",Energy,($/bbl),66.7,-3.61,6.38,-14.6,53.69,-0.38
2025-09-01,2025,9,"Crude oil, average",Energy,($/bbl),66.5,-0.3,-3.76,-8.15,63.79,0.15
2025-10-01,2025,10,"Crude oil, average",Energy,($/bbl),63.0,-5.26,-8.96,-14.86,57.89,-0.88
2025-11-01,2025,11,"Crude oil, average",Energy,($/bbl),62.3,-1.11,-6.6,-13.83,47.28,0.02
2025-12-01,2025,12,"Crude oil, average",Energy,($/bbl),60.9,-2.25,-8.42,-15.77,25.05,-0.21
2026-01-01,2026,1,"Crude oil, average",Energy,($/bbl),63.7,4.6,1.11,-18.54,18.84,1.1
2026-02-01,2026,2,"Crude oil, average",Energy,($/bbl),68.0,6.75,9.15,-7.86,12.4,1.71
2026-03-01,2026,3,"Crude oil, average",Energy,($/bbl),95.6,40.59,56.98,35.22,49.84,7.86
2026-04-01,2026,4,"Crude oil, average",Energy,($/bbl),103.9,8.68,63.11,57.66,64.92,0.43
2026-05-01,2026,5,"Crude oil, average",Energy,($/bbl),100.4,-3.37,47.65,60.13,51.2,-0.63
2026-06-01,2026,6,"Crude oil, average",Energy,($/bbl),81.7,-18.63,-14.54,18.23,13.79,-1.87
2026-07-01,2026,7,"Crude oil, average",Energy,($/bbl),79.8,-2.33,-23.2,15.32,8.87,-0.32
2026-08-01,2026,8,"Crude oil, average",Energy,($/bbl),84.4,5.76,-15.94,26.54,22.5,0.27
2026-09-01,2026,9,"Crude oil, average",Energy,($/bbl),102.3,21.21,25.21,53.83,40.52,1.33
1967-01-01,1967,1,DAP,Fertilizers,($/mt),68.5,,,,,
1967-02-01,1967,2,DAP,Fertilizers,($/mt),68.5,0.0,,,,
1967-03-01,1967,3,DAP,Fertilizers,($/mt),68.5,0.0,,,,
1967-04-01,1967,4,DAP,Fertilizers,($/mt),68.5,0.0,0.0,,,
1967-05-01,1967,5,DAP,Fertilizers,($/mt),68.5,0.0,0.0,,,
1967-06-01,1967,6,DAP,Fertilizers,($/mt),68.5,0.0,0.0,,,
1967-07-01,1967,7,DAP,Fertilizers,($/mt),68.5,0.0,0.0,,,
1967-08-01,1967,8,DAP,Fertilizers,($/mt),68.5,0.0,0.0,,,0.0
1967-09-01,1967,9,DAP,Fertilizers,($/mt),68.5,0.0,0.0,,,0.0
1967-10-01,1967,10,DAP,Fertilizers,($/mt),68.5,0.0,0.0,,,0.0
1967-11-01,1967,11,DAP,Fertilizers,($/mt),68.5,0.0,0.0,,,0.0
1967-12-01,1967,12,DAP,Fertilizers,($/mt),68.5,0.0,0.0,,,0.0
1968-01-01,1968,1,DAP,Fertilizers,($/mt),60.5,-11.68,-11.68,-11.68,,0.0
1968-02-01,1968,2,DAP,Fertilizers,($/mt),60.5,0.0,-11.68,-11.68,,0.29
1968-03-01,1968,3,DAP,Fertilizers,($/mt),60.5,0.0,-11.68,-11.68,,0.29
1968-04-01,1968,4,DAP,Fertilizers,($/mt),60.5,0.0,0.0,-11.68,,0.29
1968-05-01,1968,5,DAP,Fertilizers,($/mt),60.5,0.0,0.0,-11.68,,0.29
1968-06-01,1968,6,DAP,Fertilizers,($/mt),60.5,0.0,0.0,-11.68,,0.29
1968-07-01,1968,7,DAP,Fertilizers,($/mt),60.5,0.0,0.0,-11.68,,0.29
1968-08-01,1968,8,DAP,Fertilizers,($/mt),60.5,0.0,0.0,-11.68,,0.29
1968-09-01,1968,9,DAP,Fertilizers,($/mt),60.5,0.0,0.0,-11.68,,0.29
1968-10-01,1968,10,DAP,Fertilizers,($/mt),60.5,0.0,0.0,-11.68,,0.29
1968-11-01,1968,11,DAP,Fertilizers,($/mt),60.5,0.0,0.0,-11.68,,0.29
1968-12-01,1968,12,DAP,Fertilizers,($/mt),60.5,0.0,0.0,-11.68,,0.29
1969-01-01,1969,1,DAP,Fertilizers,($/mt),58.0,-4.13,-4.13,-4.13,,-0.94
1969-02-01,1969,2,DAP,Fertilizers,($/mt),58.0,0.0,-4.13,-4.13,,0.29
1969-03-01,1969,3,DAP,Fertilizers,($/mt),58.0,0.0,-4.13,-4.13,,0.29
1969-04-01,1969,4,DAP,Fertilizers,($/mt),58.0,0.0,0.0,-4.13,,0.29
1969-05-01,1969,5,DAP,Fertilizers,($/mt),58.0,0.0,0.0,-4.13,,0.29
1969-06-01,1969,6,DAP,Fertilizers,($/mt),58.0,0.0,0.0,-4.13,,0.29
1969-07-01,1969,7,DAP,Fertilizers,($/mt),58.0,0.0,0.0,-4.13,,0.29
1969-08-01,1969,8,DAP,Fertilizers,($/mt),58.0,0.0,0.0,-4.13,,0.29
1969-09-01,1969,9,DAP,Fertilizers,($/mt),58.0,0.0,0.0,-4.13,,0.29
1969-10-01,1969,10,DAP,Fertilizers,($/mt),58.0,0.0,0.0,-4.13,,0.29
1969-11-01,1969,11,DAP,Fertilizers,($/mt),58.0,0.0,0.0,-4.13,,0.29
1969-12-01,1969,12,DAP,Fertilizers,($/mt),58.0,0.0,0.0,-4.13,,0.29
1970-01-01,1970,1,DAP,Fertilizers,($/mt),54.0,-6.9,-6.9,-6.9,,-5.49
1970-02-01,1970,2,DAP,Fertilizers,($/mt),54.0,0.0,-6.9,-6.9,,0.29
1970-03-01,1970,3,DAP,Fertilizers,($/mt),54.0,0.0,-6.9,-6.9,,0.29
1970-04-01,1970,4,DAP,Fertilizers,($/mt),54.0,0.0,0.0,-6.9,,0.29
1970-05-01,1970,5,DAP,Fertilizers,($/mt),54.0,0.0,0.0,-6.9,,0.29
1970-06-01,1970,6,DAP,Fertilizers,($/mt),54.0,0.0,0.0,-6.9,,0.29
1970-07-01,1970,7,DAP,Fertilizers,($/mt),54.0,0.0,0.0,-6.9,,0.29
1970-08-01,1970,8,DAP,Fertilizers,($/mt),54.0,0.0,0.0,-6.9,,0.29
1970-09-01,1970,9,DAP,Fertilizers,($/mt),54.0,0.0,0.0,-6.9,,0.29
1970-10-01,1970,10,DAP,Fertilizers,($/mt),54.0,0.0,0.0,-6.9,,0.29
1970-11-01,1970,11,DAP,Fertilizers,($/mt),54.0,0.0,0.0,-6.9,,0.29
1970-12-01,1970,12,DAP,Fertilizers,($/mt),54.0,0.0,0.0,-6.9,,0.29
1971-01-01,1971,1,DAP,Fertilizers,($/mt),57.5,6.48,6.48,6.48,,3.54
1971-02-01,1971,2,DAP,Fertilizers,($/mt),57.5,0.0,6.48,6.48,,-0.29
1971-03-01,1971,3,DAP,Fertilizers,($/mt),57.5,0.0,6.48,6.48,,-0.29
1971-04-01,1971,4,DAP,Fertilizers,($/mt),57.5,0.0,0.0,6.48,,-0.29
1971-05-01,1971,5,DAP,Fertilizers,($/mt),57.5,0.0,0.0,6.48,,-0.29
1971-06-01,1971,6,DAP,Fertilizers,($/mt),57.5,0.0,0.0,6.48,,-0.29
1971-07-01,1971,7,DAP,Fertilizers,($/mt),66.0,14.78,14.78,22.22,,7.61
1971-08-01,1971,8,DAP,Fertilizers,($/mt),66.0,0.0,14.78,22.22,,-0.39
1971-09-01,1971,9,DAP,Fertilizers,($/mt),66.0,0.0,14.78,22.22,,-0.39
1971-10-01,1971,10,DAP,Fertilizers,($/mt),66.0,0.0,0.0,22.22,,-0.39
1971-11-01,1971,11,DAP,Fertilizers,($/mt),66.0,0.0,0.0,22.22,,-0.39
1971-12-01,1971,12,DAP,Fertilizers,($/mt),66.0,0.0,0.0,22.22,,-0.39
1972-01-01,1972,1,DAP,Fertilizers,($/mt),83.0,25.76,25.76,44.35,21.17,5.33
1972-02-01,1972,2,DAP,Fertilizers,($/mt),83.0,0.0,25.76,44.35,21.17,-0.41
1972-03-01,1972,3,DAP,Fertilizers,($/mt),83.0,0.0,25.76,44.35,21.17,-0.41
1972-04-01,1972,4,DAP,Fertilizers,($/mt),83.0,0.0,0.0,44.35,21.17,-0.41
1972-05-01,1972,5,DAP,Fertilizers,($/mt),83.0,0.0,0.0,44.35,21.17,-0.41
1972-06-01,1972,6,DAP,Fertilizers,($/mt),83.0,0.0,0.0,44.35,21.17,-0.41
1972-07-01,1972,7,DAP,Fertilizers,($/mt),99.0,19.28,19.28,50.0,44.53,1.93
1972-08-01,1972,8,DAP,Fertilizers,($/mt),99.0,0.0,19.28,50.0,44.53,-0.42
1972-09-01,1972,9,DAP,Fertilizers,($/mt),99.0,0.0,19.28,50.0,44.53,-0.42
1972-10-01,1972,10,DAP,Fertilizers,($/mt),99.0,0.0,0.0,50.0,44.53,-0.42
1972-11-01,1972,11,DAP,Fertilizers,($/mt),99.0,0.0,0.0,50.0,44.53,-0.42
1972-12-01,1972,12,DAP,Fertilizers,($/mt),99.0,0.0,0.0,50.0,44.53,-0.42
1973-01-01,1973,1,DAP,Fertilizers,($/mt),105.0,6.06,6.06,26.51,73.55,0.26
1973-02-01,1973,2,DAP,Fertilizers,($/mt),105.0,0.0,6.06,26.51,73.55,-0.37
1973-03-01,1973,3,DAP,Fertilizers,($/mt),105.0,0.0,6.06,26.51,73.55,-0.37
1973-04-01,1973,4,DAP,Fertilizers,($/mt),105.0,0.0,0.0,26.51,73.55,-0.37
1973-05-01,1973,5,DAP,Fertilizers,($/mt),105.0,0.0,0.0,26.51,73.55,-0.37
1973-06-01,1973,6,DAP,Fertilizers,($/mt),105.0,0.0,0.0,26.51,73.55,-0.37
1973-07-01,1973,7,DAP,Fertilizers,($/mt),132.5,26.19,26.19,33.84,119.01,4.24
1973-08-01,1973,8,DAP,Fertilizers,($/mt),132.5,0.0,26.19,33.84,119.01,-0.35
1973-09-01,1973,9,DAP,Fertilizers,($/mt),132.5,0.0,26.19,33.84,119.01,-0.35
1973-10-01,1973,10,DAP,Fertilizers,($/mt),132.5,0.0,0.0,33.84,119.01,-0.35
1973-11-01,1973,11,DAP,Fertilizers,($/mt),132.5,0.0,0.0,33.84,119.01,-0.35
1973-12-01,1973,12,DAP,Fertilizers,($/mt),132.5,0.0,0.0,33.84,119.01,-0.35
1974-01-01,1974,1,DAP,Fertilizers,($/mt),215.0,62.26,62.26,104.76,270.69,7.84
1974-02-01,1974,2,DAP,Fertilizers,($/mt),232.5,8.14,75.47,121.43,300.86,0.04
1974-03-01,1974,3,DAP,Fertilizers,($/mt),262.5,12.9,98.11,150.0,352.59,0.26
1974-04-01,1974,4,DAP,Fertilizers,($/mt),293.8,11.92,36.65,179.81,406.55,0.15
1974-05-01,1974,5,DAP,Fertilizers,($/mt),301.3,2.55,29.59,186.95,419.48,-0.41
1974-06-01,1974,6,DAP,Fertilizers,($/mt),339.5,12.68,29.33,223.33,485.34,0.13
1974-07-01,1974,7,DAP,Fertilizers,($/mt),358.1,5.48,21.89,170.26,517.41,-0.33
1974-08-01,1974,8,DAP,Fertilizers,($/mt),365.0,1.93,21.14,175.47,529.31,-0.44
1974-09-01,1974,9,DAP,Fertilizers,($/mt),405.0,10.96,19.29,205.66,598.28,0.07
1974-10-01,1974,10,DAP,Fertilizers,($/mt),405.0,0.0,13.1,205.66,598.28,-0.63
1974-11-01,1974,11,DAP,Fertilizers,($/mt),405.0,0.0,10.96,205.66,598.28,-0.63
1974-12-01,1974,12,DAP,Fertilizers,($/mt),408.8,0.94,0.94,208.53,604.83,-0.58
1975-01-01,1975,1,DAP,Fertilizers,($/mt),396.0,-3.13,-2.22,84.19,633.33,-0.82
1975-02-01,1975,2,DAP,Fertilizers,($/mt),383.0,-3.28,-5.43,64.73,609.26,-1.51
1975-03-01,1975,3,DAP,Fertilizers,($/mt),363.0,-5.22,-11.2,38.29,572.22,-1.56
1975-04-01,1975,4,DAP,Fertilizers,($/mt),307.0,-15.43,-22.47,4.49,468.52,-3.0
1975-05-01,1975,5,DAP,Fertilizers,($/mt),242.0,-21.17,-36.81,-19.68,348.15,-2.94
1975-06-01,1975,6,DAP,Fertilizers,($/mt),194.0,-19.83,-46.56,-42.86,259.26,-1.91
1975-07-01,1975,7,DAP,Fertilizers,($/mt),181.0,-6.7,-41.04,-49.46,235.19,-0.27
1975-08-01,1975,8,DAP,Fertilizers,($/mt),185.0,2.21,-23.55,-49.32,242.59,0.77
1975-09-01,1975,9,DAP,Fertilizers,($/mt),192.0,3.78,-1.03,-52.59,255.56,0.93
1975-10-01,1975,10,DAP,Fertilizers,($/mt),162.0,-15.62,-10.5,-60.0,200.0,-1.16
1975-11-01,1975,11,DAP,Fertilizers,($/mt),150.0,-7.41,-18.92,-62.96,177.78,-0.05
1975-12-01,1975,12,DAP,Fertilizers,($/mt),155.0,3.33,-19.27,-62.08,187.04,1.28
1976-01-01,1976,1,DAP,Fertilizers,($/mt),130.0,-16.13,-19.75,-67.17,126.09,-1.0
1976-02-01,1976,2,DAP,Fertilizers,($/mt),125.0,-3.85,-16.67,-67.36,117.39,0.51
1976-03-01,1976,3,DAP,Fertilizers,($/mt),126.0,0.8,-18.71,-65.29,119.13,1.04
1976-04-01,1976,4,DAP,Fertilizers,($/mt),113.0,-10.32,-13.08,-63.19,96.52,-0.25
1976-05-01,1976,5,DAP,Fertilizers,($/mt),104.0,-7.96,-16.8,-57.02,80.87,-0.04
1976-06-01,1976,6,DAP,Fertilizers,($/mt),100.0,-3.85,-20.63,-48.45,73.91,0.33
1976-07-01,1976,7,DAP,Fertilizers,($/mt),120.0,20.0,6.19,-33.7,81.82,3.67
1976-08-01,1976,8,DAP,Fertilizers,($/mt),125.0,4.17,20.19,-32.43,89.39,0.71
1976-09-01,1976,9,DAP,Fertilizers,($/mt),140.0,12.0,40.0,-27.08,112.12,1.47
1976-10-01,1976,10,DAP,Fertilizers,($/mt),128.0,-8.57,6.67,-20.99,93.94,-0.6
1976-11-01,1976,11,DAP,Fertilizers,($/mt),115.0,-10.16,-8.0,-23.33,74.24,-0.85
1976-12-01,1976,12,DAP,Fertilizers,($/mt),113.0,-1.74,-19.29,-27.1,71.21,-0.0
1977-01-01,1977,1,DAP,Fertilizers,($/mt),130.0,15.04,1.56,0.0,56.63,1.68
1977-02-01,1977,2,DAP,Fertilizers,($/mt),133.0,2.31,15.65,6.4,60.24,0.18
1977-03-01,1977,3,DAP,Fertilizers,($/mt),137.0,3.01,21.24,8.73,65.06,0.2
1977-04-01,1977,4,DAP,Fertilizers,($/mt),134.0,-2.19,3.08,18.58,61.45,-0.33
1977-05-01,1977,5,DAP,Fertilizers,($/mt),129.0,-3.73,-3.01,24.04,55.42,-0.58
1977-06-01,1977,6,DAP,Fertilizers,($/mt),133.0,3.1,-2.92,33.0,60.24,0.1
1977-07-01,1977,7,DAP,Fertilizers,($/mt),133.0,0.0,-0.75,10.83,34.34,-0.3
1977-08-01,1977,8,DAP,Fertilizers,($/mt),143.0,7.52,10.85,14.4,44.44,0.87
1977-09-01,1977,9,DAP,Fertilizers,($/mt),148.0,3.5,11.28,5.71,49.49,0.28
1977-10-01,1977,10,DAP,Fertilizers,($/mt),138.0,-6.76,3.76,7.81,39.39,-1.09
1977-11-01,1977,11,DAP,Fertilizers,($/mt),123.0,-10.87,-13.99,6.96,24.24,-1.77
1977-12-01,1977,12,DAP,Fertilizers,($/mt),128.0,4.07,-13.51,13.27,29.29,0.49
1978-01-01,1978,1,DAP,Fertilizers,($/mt),138.0,7.81,0.0,6.15,31.43,0.97
1978-02-01,1978,2,DAP,Fertilizers,($/mt),138.0,0.0,12.2,3.76,31.43,-0.12
1978-03-01,1978,3,DAP,Fertilizers,($/mt),137.0,-0.72,7.03,0.0,30.48,-0.21
1978-04-01,1978,4,DAP,Fertilizers,($/mt),131.0,-4.38,-5.07,-2.24,24.76,-0.82
1978-05-01,1978,5,DAP,Fertilizers,($/mt),128.0,-2.29,-7.25,-0.78,21.9,-0.4
1978-06-01,1978,6,DAP,Fertilizers,($/mt),130.0,1.56,-5.11,-2.26,23.81,0.26
1978-07-01,1978,7,DAP,Fertilizers,($/mt),137.0,5.38,4.58,3.01,3.4,0.98
1978-08-01,1978,8,DAP,Fertilizers,($/mt),143.0,4.38,11.72,0.0,7.92,0.69
1978-09-01,1978,9,DAP,Fertilizers,($/mt),151.5,5.94,16.54,2.36,14.34,1.06
1978-10-01,1978,10,DAP,Fertilizers,($/mt),151.5,0.0,10.58,9.78,14.34,-0.06
1978-11-01,1978,11,DAP,Fertilizers,($/mt),151.5,0.0,5.94,23.17,14.34,-0.17
1978-12-01,1978,12,DAP,Fertilizers,($/mt),141.5,-6.6,-6.6,10.55,6.79,-2.29
1979-01-01,1979,1,DAP,Fertilizers,($/mt),153.0,8.13,0.99,10.87,-28.84,1.67
1979-02-01,1979,2,DAP,Fertilizers,($/mt),157.5,2.94,3.96,14.13,-32.26,0.46
1979-03-01,1979,3,DAP,Fertilizers,($/mt),162.5,3.17,14.84,18.61,-38.1,0.45
1979-04-01,1979,4,DAP,Fertilizers,($/mt),164.0,0.92,7.19,25.19,-44.18,-0.14
1979-05-01,1979,5,DAP,Fertilizers,($/mt),162.0,-1.22,2.86,26.56,-46.23,-0.8
1979-06-01,1979,6,DAP,Fertilizers,($/mt),175.5,8.33,8.0,35.0,-48.31,1.62
1979-07-01,1979,7,DAP,Fertilizers,($/mt),187.5,6.84,14.33,36.86,-47.64,0.99
1979-08-01,1979,8,DAP,Fertilizers,($/mt),207.5,10.67,28.09,45.1,-43.15,1.81
1979-09-01,1979,9,DAP,Fertilizers,($/mt),215.0,3.61,22.51,41.91,-46.91,0.07
1979-10-01,1979,10,DAP,Fertilizers,($/mt),247.5,15.12,32.0,63.37,-38.89,2.47
1979-11-01,1979,11,DAP,Fertilizers,($/mt),242.0,-2.22,16.63,59.74,-40.25,-1.12
1979-12-01,1979,12,DAP,Fertilizers,($/mt),246.0,1.65,14.42,73.85,-39.82,-0.41
1980-01-01,1980,1,DAP,Fertilizers,($/mt),257.0,4.47,3.84,67.97,-35.1,-0.07
1980-02-01,1980,2,DAP,Fertilizers,($/mt),257.5,0.19,6.4,63.49,-32.77,-0.87
1980-03-01,1980,3,DAP,Fertilizers,($/mt),260.5,1.17,5.89,60.31,-28.24,-0.61
1980-04-01,1980,4,DAP,Fertilizers,($/mt),202.5,-22.26,-21.21,23.48,-34.04,-5.07
1980-05-01,1980,5,DAP,Fertilizers,($/mt),211.0,4.2,-18.06,30.25,-12.81,0.22
1980-06-01,1980,6,DAP,Fertilizers,($/mt),212.5,0.71,-18.43,21.08,9.54,-0.21
1980-07-01,1980,7,DAP,Fertilizers,($/mt),215.0,1.18,6.17,14.67,18.78,-0.09
1980-08-01,1980,8,DAP,Fertilizers,($/mt),215.0,0.0,1.9,3.61,16.22,-0.17
1980-09-01,1980,9,DAP,Fertilizers,($/mt),205.0,-4.65,-3.53,-4.65,6.77,-0.63
1980-10-01,1980,10,DAP,Fertilizers,($/mt),202.5,-1.22,-5.81,-18.18,25.0,-0.14
1980-11-01,1980,11,DAP,Fertilizers,($/mt),214.0,5.68,-0.47,-11.57,42.67,1.01
1980-12-01,1980,12,DAP,Fertilizers,($/mt),214.0,0.0,4.39,-13.01,38.06,0.1
1981-01-01,1981,1,DAP,Fertilizers,($/mt),227.5,6.31,12.35,-11.48,75.0,0.99
1981-02-01,1981,2,DAP,Fertilizers,($/mt),226.0,-0.66,5.61,-12.23,80.8,0.01
1981-03-01,1981,3,DAP,Fertilizers,($/mt),207.5,-8.19,-3.04,-20.35,64.68,-1.0
1981-04-01,1981,4,DAP,Fertilizers,($/mt),193.0,-6.99,-15.16,-4.69,70.8,-0.71
1981-05-01,1981,5,DAP,Fertilizers,($/mt),195.5,1.3,-13.5,-7.35,87.98,0.35
1981-06-01,1981,6,DAP,Fertilizers,($/mt),190.0,-2.81,-8.43,-10.59,90.0,-0.52
1981-07-01,1981,7,DAP,Fertilizers,($/mt),177.5,-6.58,-8.03,-17.44,47.92,-1.3
1981-08-01,1981,8,DAP,Fertilizers,($/mt),179.5,1.13,-8.18,-16.51,43.6,0.56
1981-09-01,1981,9,DAP,Fertilizers,($/mt),130.0,-27.58,-31.58,-36.59,-7.14,-5.58
1981-10-01,1981,10,DAP,Fertilizers,($/mt),122.5,-5.77,-30.99,-39.51,-4.3,-0.28
1981-11-01,1981,11,DAP,Fertilizers,($/mt),145.0,18.37,-19.22,-32.24,26.09,2.47
1981-12-01,1981,12,DAP,Fertilizers,($/mt),137.5,-5.17,5.77,-35.75,21.68,-0.24
1982-01-01,1982,1,DAP,Fertilizers,($/mt),135.0,-1.82,10.2,-40.66,3.85,0.12
1982-02-01,1982,2,DAP,Fertilizers,($/mt),190.0,40.74,31.03,-15.93,42.86,4.32
1982-03-01,1982,3,DAP,Fertilizers,($/mt),190.0,0.0,38.18,-8.43,38.69,0.02
1982-04-01,1982,4,DAP,Fertilizers,($/mt),168.5,-11.32,24.81,-12.69,25.75,-0.72
1982-05-01,1982,5,DAP,Fertilizers,($/mt),166.0,-1.48,-12.63,-15.09,28.68,-0.09
1982-06-01,1982,6,DAP,Fertilizers,($/mt),167.0,0.6,-12.11,-12.11,25.56,0.05
1982-07-01,1982,7,DAP,Fertilizers,($/mt),168.0,0.6,-0.3,-5.35,26.32,0.03
1982-08-01,1982,8,DAP,Fertilizers,($/mt),165.5,-1.49,-0.3,-7.8,15.73,-0.13
1982-09-01,1982,9,DAP,Fertilizers,($/mt),167.0,0.91,0.0,28.46,12.84,0.03
1982-10-01,1982,10,DAP,Fertilizers,($/mt),163.5,-2.1,-2.68,33.47,18.48,-0.36
1982-11-01,1982,11,DAP,Fertilizers,($/mt),160.5,-1.83,-3.02,10.69,30.49,-0.37
1982-12-01,1982,12,DAP,Fertilizers,($/mt),158.5,-1.25,-5.09,15.27,23.83,-0.21
1983-01-01,1983,1,DAP,Fertilizers,($/mt),150.5,-5.05,-7.95,11.48,9.06,-0.54
1983-02-01,1983,2,DAP,Fertilizers,($/mt),164.0,8.97,2.18,-13.68,18.84,0.58
1983-03-01,1983,3,DAP,Fertilizers,($/mt),179.5,9.45,13.25,-5.53,31.02,2.29
1983-04-01,1983,4,DAP,Fertilizers,($/mt),180.5,0.56,19.93,7.12,37.79,0.16
1983-05-01,1983,5,DAP,Fertilizers,($/mt),171.5,-4.99,4.57,3.31,33.98,-1.31
1983-06-01,1983,6,DAP,Fertilizers,($/mt),158.5,-7.58,-11.7,-5.09,21.92,-1.73
1983-07-01,1983,7,DAP,Fertilizers,($/mt),157.5,-0.63,-12.74,-6.25,14.96,-0.06
1983-08-01,1983,8,DAP,Fertilizers,($/mt),154.5,-1.9,-9.91,-6.65,8.04,-0.29
1983-09-01,1983,9,DAP,Fertilizers,($/mt),160.0,3.56,0.95,-4.19,5.61,0.78
1983-10-01,1983,10,DAP,Fertilizers,($/mt),174.0,8.75,10.48,6.42,14.85,1.71
1983-11-01,1983,11,DAP,Fertilizers,($/mt),188.5,8.33,22.01,17.45,24.42,1.32
1983-12-01,1983,12,DAP,Fertilizers,($/mt),190.0,0.8,18.75,19.87,34.28,-0.12
1984-01-01,1984,1,DAP,Fertilizers,($/mt),191.5,0.79,10.06,27.24,25.16,-0.15
1984-02-01,1984,2,DAP,Fertilizers,($/mt),204.0,6.53,8.22,24.39,29.52,0.76
1984-03-01,1984,3,DAP,Fertilizers,($/mt),201.0,-1.47,5.79,11.98,23.69,-0.63
1984-04-01,1984,4,DAP,Fertilizers,($/mt),198.5,-1.24,3.66,9.97,21.04,-0.46
1984-05-01,1984,5,DAP,Fertilizers,($/mt),171.5,-13.6,-15.93,0.0,5.86,-2.86
1984-06-01,1984,6,DAP,Fertilizers,($/mt),156.0,-9.04,-22.39,-1.58,-11.11,-1.44
1984-07-01,1984,7,DAP,Fertilizers,($/mt),163.5,4.81,-17.63,3.81,-12.8,0.72
1984-08-01,1984,8,DAP,Fertilizers,($/mt),170.5,4.28,-0.58,10.36,-17.83,0.56
1984-09-01,1984,9,DAP,Fertilizers,($/mt),168.0,-1.47,7.69,5.0,-21.86,-0.37
1984-10-01,1984,10,DAP,Fertilizers,($/mt),166.0,-1.19,1.53,-4.6,-32.93,-0.27
1984-11-01,1984,11,DAP,Fertilizers,($/mt),160.5,-3.31,-5.87,-14.85,-33.68,-0.5
1984-12-01,1984,12,DAP,Fertilizers,($/mt),156.5,-2.49,-6.85,-17.63,-36.38,-0.23
1985-01-01,1985,1,DAP,Fertilizers,($/mt),158.5,1.28,-4.52,-17.23,-38.33,0.48
1985-02-01,1985,2,DAP,Fertilizers,($/mt),156.0,-1.58,-2.8,-23.53,-39.42,-0.03
1985-03-01,1985,3,DAP,Fertilizers,($/mt),179.5,15.06,14.7,-10.7,-31.09,3.37
1985-04-01,1985,4,DAP,Fertilizers,($/mt),179.5,0.0,13.25,-9.57,-11.36,0.1
1985-05-01,1985,5,DAP,Fertilizers,($/mt),154.0,-14.21,-1.28,-10.2,-27.01,-1.91
1985-06-01,1985,6,DAP,Fertilizers,($/mt),151.5,-1.62,-15.6,-2.88,-28.71,-0.13
1985-07-01,1985,7,DAP,Fertilizers,($/mt),151.0,-0.33,-15.88,-7.65,-29.77,-0.04
1985-08-01,1985,8,DAP,Fertilizers,($/mt),155.5,2.98,0.97,-8.8,-27.67,0.53
1985-09-01,1985,9,DAP,Fertilizers,($/mt),154.0,-0.96,1.65,-8.33,-24.88,-0.06
1985-10-01,1985,10,DAP,Fertilizers,($/mt),151.0,-1.95,0.0,-9.04,-25.43,-0.22
1985-11-01,1985,11,DAP,Fertilizers,($/mt),149.0,-1.32,-4.18,-7.17,-30.37,-0.11
1985-12-01,1985,12,DAP,Fertilizers,($/mt),146.5,-1.68,-4.87,-6.39,-31.54,-0.19
1986-01-01,1986,1,DAP,Fertilizers,($/mt),145.5,-0.68,-3.64,-8.2,-36.04,-0.05
1986-02-01,1986,2,DAP,Fertilizers,($/mt),143.0,-1.72,-4.03,-8.33,-36.73,-0.19
1986-03-01,1986,3,DAP,Fertilizers,($/mt),148.0,3.5,1.02,-17.55,-28.67,0.63
1986-04-01,1986,4,DAP,Fertilizers,($/mt),149.0,0.68,2.41,-16.99,-22.8,0.5
1986-05-01,1986,5,DAP,Fertilizers,($/mt),148.0,-0.67,3.5,-3.9,-24.3,0.18
1986-06-01,1986,6,DAP,Fertilizers,($/mt),140.5,-5.07,-5.07,-7.26,-26.05,-2.62
1986-07-01,1986,7,DAP,Fertilizers,($/mt),135.5,-3.56,-9.06,-10.26,-23.66,-1.31
1986-08-01,1986,8,DAP,Fertilizers,($/mt),135.5,0.0,-8.45,-12.86,-24.51,0.36
1986-09-01,1986,9,DAP,Fertilizers,($/mt),129.5,-4.43,-7.83,-15.91,-0.38,-1.57
1986-10-01,1986,10,DAP,Fertilizers,($/mt),134.5,3.86,-0.74,-10.93,9.8,2.27
1986-11-01,1986,11,DAP,Fertilizers,($/mt),127.0,-5.58,-6.27,-14.77,-12.41,-1.69
1986-12-01,1986,12,DAP,Fertilizers,($/mt),122.0,-3.94,-5.79,-16.72,-11.27,-0.87
1987-01-01,1987,1,DAP,Fertilizers,($/mt),140.0,14.75,4.09,-3.78,3.7,5.13
1987-02-01,1987,2,DAP,Fertilizers,($/mt),161.0,15.0,26.77,12.59,-15.26,2.68
1987-03-01,1987,3,DAP,Fertilizers,($/mt),165.0,2.48,35.25,11.49,-13.16,0.18
1987-04-01,1987,4,DAP,Fertilizers,($/mt),157.5,-4.55,12.5,5.7,-6.53,-0.8
1987-05-01,1987,5,DAP,Fertilizers,($/mt),151.5,-3.81,-5.9,2.36,-8.73,-0.62
1987-06-01,1987,6,DAP,Fertilizers,($/mt),149.0,-1.65,-9.7,6.05,-10.78,-0.28
1987-07-01,1987,7,DAP,Fertilizers,($/mt),159.5,7.05,1.27,17.71,-5.06,0.88
1987-08-01,1987,8,DAP,Fertilizers,($/mt),167.0,4.7,10.23,23.25,0.91,0.42
1987-09-01,1987,9,DAP,Fertilizers,($/mt),167.5,0.3,12.42,29.34,0.3,-0.23
1987-10-01,1987,10,DAP,Fertilizers,($/mt),163.0,-2.69,2.19,21.19,-0.31,-0.72
1987-11-01,1987,11,DAP,Fertilizers,($/mt),165.0,1.23,-1.2,29.92,2.8,-0.09
1987-12-01,1987,12,DAP,Fertilizers,($/mt),174.0,5.45,3.88,42.62,9.78,0.45
1988-01-01,1988,1,DAP,Fertilizers,($/mt),189.0,8.62,15.95,35.0,25.58,0.83
1988-02-01,1988,2,DAP,Fertilizers,($/mt),194.5,2.91,17.88,20.81,18.6,0.04
1988-03-01,1988,3,DAP,Fertilizers,($/mt),189.0,-2.83,8.62,14.55,5.29,-1.05
1988-04-01,1988,4,DAP,Fertilizers,($/mt),194.5,2.91,2.91,23.49,7.76,0.38
1988-05-01,1988,5,DAP,Fertilizers,($/mt),175.5,-9.77,-9.77,15.84,2.33,-2.83
1988-06-01,1988,6,DAP,Fertilizers,($/mt),166.5,-5.13,-11.9,11.74,5.05,-1.27
1988-07-01,1988,7,DAP,Fertilizers,($/mt),177.0,6.31,-9.0,10.97,12.38,0.98
1988-08-01,1988,8,DAP,Fertilizers,($/mt),176.5,-0.28,0.57,5.69,14.24,-0.24
1988-09-01,1988,9,DAP,Fertilizers,($/mt),173.5,-1.7,4.2,3.58,8.44,-0.44
1988-10-01,1988,10,DAP,Fertilizers,($/mt),174.5,0.58,-1.41,7.06,0.29,0.03
1988-11-01,1988,11,DAP,Fertilizers,($/mt),173.0,-0.86,-1.98,4.85,-8.22,-0.3
1988-12-01,1988,12,DAP,Fertilizers,($/mt),178.5,3.18,2.88,2.59,-6.05,0.52
1989-01-01,1989,1,DAP,Fertilizers,($/mt),181.0,1.4,3.72,-4.23,-5.48,0.22
1989-02-01,1989,2,DAP,Fertilizers,($/mt),178.5,-1.38,3.18,-8.23,-12.5,-0.26
1989-03-01,1989,3,DAP,Fertilizers,($/mt),176.5,-1.12,-1.12,-6.61,-12.19,-0.12
1989-04-01,1989,4,DAP,Fertilizers,($/mt),167.5,-5.1,-7.46,-13.88,-15.62,-1.12
1989-05-01,1989,5,DAP,Fertilizers,($/mt),152.5,-8.96,-14.57,-13.11,-11.08,-1.87
1989-06-01,1989,6,DAP,Fertilizers,($/mt),142.5,-6.56,-19.26,-14.41,-8.65,-1.36
1989-07-01,1989,7,DAP,Fertilizers,($/mt),137.5,-3.51,-17.91,-22.32,-15.9,-0.55
1989-08-01,1989,8,DAP,Fertilizers,($/mt),144.0,4.73,-5.57,-18.41,-15.54,1.95
1989-09-01,1989,9,DAP,Fertilizers,($/mt),156.0,8.33,9.47,-10.09,-7.14,2.51
1989-10-01,1989,10,DAP,Fertilizers,($/mt),148.0,-5.13,7.64,-15.19,-10.84,-0.89
1989-11-01,1989,11,DAP,Fertilizers,($/mt),142.0,-4.05,-1.39,-17.92,-11.53,-0.56
1989-12-01,1989,12,DAP,Fertilizers,($/mt),137.5,-3.17,-11.86,-22.97,-12.14,-0.33
1990-01-01,1990,1,DAP,Fertilizers,($/mt),138.5,0.73,-6.42,-23.48,-12.62,0.57
1990-02-01,1990,2,DAP,Fertilizers,($/mt),139.8,0.94,-1.55,-21.68,-10.38,0.63
1990-03-01,1990,3,DAP,Fertilizers,($/mt),146.0,4.43,6.18,-17.28,-18.66,1.29
1990-04-01,1990,4,DAP,Fertilizers,($/mt),155.2,6.3,12.06,-7.34,-13.54,1.48
1990-05-01,1990,5,DAP,Fertilizers,($/mt),149.1,-3.93,6.65,-2.23,-3.18,-0.62
1990-06-01,1990,6,DAP,Fertilizers,($/mt),152.8,2.48,4.66,7.23,0.86,0.51
1990-07-01,1990,7,DAP,Fertilizers,($/mt),160.7,5.17,3.54,16.87,6.42,0.97
1990-08-01,1990,8,DAP,Fertilizers,($/mt),160.5,-0.12,7.65,11.46,3.22,-0.33
1990-09-01,1990,9,DAP,Fertilizers,($/mt),165.9,3.36,8.57,6.35,7.73,0.53
1990-10-01,1990,10,DAP,Fertilizers,($/mt),165.7,-0.12,3.11,11.96,9.74,-0.18
1990-11-01,1990,11,DAP,Fertilizers,($/mt),163.4,-1.39,1.81,15.07,9.66,-0.68
1990-12-01,1990,12,DAP,Fertilizers,($/mt),158.6,-2.94,-4.4,15.35,8.26,-1.29
1991-01-01,1991,1,DAP,Fertilizers,($/mt),157.4,-0.76,-5.01,13.65,8.18,-0.63
1991-02-01,1991,2,DAP,Fertilizers,($/mt),160.6,2.03,-1.71,14.88,12.31,0.28
1991-03-01,1991,3,DAP,Fertilizers,($/mt),163.6,1.87,3.15,12.05,10.54,0.2
1991-04-01,1991,4,DAP,Fertilizers,($/mt),166.0,1.47,5.46,6.96,11.41,0.15
1991-05-01,1991,5,DAP,Fertilizers,($/mt),165.3,-0.42,2.93,10.87,11.69,-0.39
1991-06-01,1991,6,DAP,Fertilizers,($/mt),159.3,-3.63,-2.63,4.25,13.38,-2.0
1991-07-01,1991,7,DAP,Fertilizers,($/mt),163.5,2.64,-1.51,1.74,20.66,0.89
1991-08-01,1991,8,DAP,Fertilizers,($/mt),161.9,-0.98,-2.06,0.87,19.48,-0.53
1991-09-01,1991,9,DAP,Fertilizers,($/mt),159.5,-1.48,0.13,-3.86,23.17,-0.72
1991-10-01,1991,10,DAP,Fertilizers,($/mt),155.0,-2.82,-5.2,-6.46,15.24,-1.27
1991-11-01,1991,11,DAP,Fertilizers,($/mt),143.5,-7.42,-11.37,-12.18,12.99,-3.27
1991-12-01,1991,12,DAP,Fertilizers,($/mt),143.5,0.0,-10.03,-9.52,17.62,0.36
1992-01-01,1992,1,DAP,Fertilizers,($/mt),145.3,1.25,-6.26,-7.69,3.79,0.72
1992-02-01,1992,2,DAP,Fertilizers,($/mt),147.9,1.79,3.07,-7.91,-8.14,0.83
1992-03-01,1992,3,DAP,Fertilizers,($/mt),144.8,-2.1,0.91,-11.49,-12.24,-0.5
1992-04-01,1992,4,DAP,Fertilizers,($/mt),142.8,-1.38,-1.72,-13.98,-9.33,-0.14
1992-05-01,1992,5,DAP,Fertilizers,($/mt),140.5,-1.61,-5.0,-15.0,-7.26,-0.15
1992-06-01,1992,6,DAP,Fertilizers,($/mt),143.5,2.14,-0.9,-9.92,-3.69,1.28
1992-07-01,1992,7,DAP,Fertilizers,($/mt),146.0,1.74,2.24,-10.7,-8.46,0.94
1992-08-01,1992,8,DAP,Fertilizers,($/mt),131.4,-10.0,-6.48,-18.84,-21.32,-3.42
1992-09-01,1992,9,DAP,Fertilizers,($/mt),131.3,-0.08,-8.5,-17.68,-21.61,0.42
1992-10-01,1992,10,DAP,Fertilizers,($/mt),130.1,-0.91,-10.89,-16.06,-20.18,0.17
1992-11-01,1992,11,DAP,Fertilizers,($/mt),126.4,-2.84,-3.81,-11.92,-23.39,-0.39
1992-12-01,1992,12,DAP,Fertilizers,($/mt),124.6,-1.42,-5.1,-13.17,-28.39,-0.13
1993-01-01,1993,1,DAP,Fertilizers,($/mt),123.8,-0.64,-4.84,-14.8,-34.5,0.15
1993-02-01,1993,2,DAP,Fertilizers,($/mt),120.3,-2.83,-4.83,-18.66,-38.15,-0.49
1993-03-01,1993,3,DAP,Fertilizers,($/mt),115.1,-4.32,-7.62,-20.51,-39.1,-0.87
1993-04-01,1993,4,DAP,Fertilizers,($/mt),112.8,-2.0,-8.89,-21.01,-42.01,-0.05
1993-05-01,1993,5,DAP,Fertilizers,($/mt),115.1,2.04,-4.32,-18.08,-34.42,1.25
1993-06-01,1993,6,DAP,Fertilizers,($/mt),113.9,-1.04,-1.04,-20.63,-31.59,0.16
1993-07-01,1993,7,DAP,Fertilizers,($/mt),112.9,-0.88,0.09,-22.67,-36.21,0.31
1993-08-01,1993,8,DAP,Fertilizers,($/mt),113.1,0.18,-1.74,-13.93,-35.92,0.76
1993-09-01,1993,9,DAP,Fertilizers,($/mt),116.9,3.36,2.63,-10.97,-32.62,2.78
1993-10-01,1993,10,DAP,Fertilizers,($/mt),129.5,10.78,14.7,-0.46,-25.79,5.57
1993-11-01,1993,11,DAP,Fertilizers,($/mt),140.4,8.42,24.14,11.08,-18.84,2.1
1993-12-01,1993,12,DAP,Fertilizers,($/mt),150.4,7.12,28.66,20.71,-15.74,1.36
1994-01-01,1994,1,DAP,Fertilizers,($/mt),150.0,-0.27,15.83,21.16,-17.13,-0.41
1994-02-01,1994,2,DAP,Fertilizers,($/mt),151.8,1.2,8.12,26.18,-14.96,-0.11
1994-03-01,1994,3,DAP,Fertilizers,($/mt),155.9,2.7,3.66,35.45,-11.67,0.14
1994-04-01,1994,4,DAP,Fertilizers,($/mt),162.3,4.11,8.2,43.88,-3.1,0.36
1994-05-01,1994,5,DAP,Fertilizers,($/mt),159.2,-1.91,4.87,38.31,4.39,-1.32
1994-06-01,1994,6,DAP,Fertilizers,($/mt),157.6,-1.01,1.09,38.37,10.6,-0.93
1994-07-01,1994,7,DAP,Fertilizers,($/mt),158.6,0.63,-2.28,40.48,15.35,-0.53
1994-08-01,1994,8,DAP,Fertilizers,($/mt),161.1,1.58,1.19,42.44,11.87,-0.34
1994-09-01,1994,9,DAP,Fertilizers,($/mt),164.0,1.8,4.06,40.29,5.13,-0.32
1994-10-01,1994,10,DAP,Fertilizers,($/mt),167.1,1.89,5.36,29.03,12.91,-0.26
1994-11-01,1994,11,DAP,Fertilizers,($/mt),165.9,-0.72,2.98,18.16,16.83,-0.94
1994-12-01,1994,12,DAP,Fertilizers,($/mt),171.7,3.5,4.7,14.16,24.87,0.84
1995-01-01,1995,1,DAP,Fertilizers,($/mt),188.2,9.61,12.63,25.47,35.88,4.59
1995-02-01,1995,2,DAP,Fertilizers,($/mt),198.6,5.53,19.71,30.83,42.06,1.19
1995-03-01,1995,3,DAP,Fertilizers,($/mt),205.6,3.52,19.74,31.88,40.82,0.38
1995-04-01,1995,4,DAP,Fertilizers,($/mt),204.5,-0.54,8.66,26.0,31.77,-0.92
1995-05-01,1995,5,DAP,Fertilizers,($/mt),197.8,-3.28,-0.4,24.25,32.66,-1.63
1995-06-01,1995,6,DAP,Fertilizers,($/mt),185.6,-6.17,-9.73,17.77,21.47,-2.36
1995-07-01,1995,7,DAP,Fertilizers,($/mt),180.8,-2.59,-11.59,14.0,12.51,-0.99
1995-08-01,1995,8,DAP,Fertilizers,($/mt),185.3,2.49,-6.32,15.02,15.45,0.31
1995-09-01,1995,9,DAP,Fertilizers,($/mt),192.0,3.62,3.45,17.07,15.73,0.56
1995-10-01,1995,10,DAP,Fertilizers,($/mt),204.8,6.67,13.27,22.56,23.6,1.22
1995-11-01,1995,11,DAP,Fertilizers,($/mt),224.9,9.81,21.37,35.56,37.64,1.76
1995-12-01,1995,12,DAP,Fertilizers,($/mt),229.2,1.91,19.37,33.49,44.51,-0.15
1996-01-01,1996,1,DAP,Fertilizers,($/mt),226.3,-1.27,10.5,20.24,43.77,-0.76
1996-02-01,1996,2,DAP,Fertilizers,($/mt),225.9,-0.18,0.44,13.75,40.66,-0.4
1996-03-01,1996,3,DAP,Fertilizers,($/mt),221.0,-2.17,-3.58,7.49,35.09,-0.75
1996-04-01,1996,4,DAP,Fertilizers,($/mt),210.8,-4.62,-6.85,3.08,26.99,-1.19
1996-05-01,1996,5,DAP,Fertilizers,($/mt),186.1,-11.72,-17.62,-5.92,12.58,-2.56
1996-06-01,1996,6,DAP,Fertilizers,($/mt),182.1,-2.15,-17.6,-1.89,14.31,-0.31
1996-07-01,1996,7,DAP,Fertilizers,($/mt),188.0,3.24,-10.82,3.98,14.98,0.59
1996-08-01,1996,8,DAP,Fertilizers,($/mt),189.9,1.01,2.04,2.48,17.29,0.1
1996-09-01,1996,9,DAP,Fertilizers,($/mt),186.7,-1.69,2.53,-2.76,17.05,-0.37
1996-10-01,1996,10,DAP,Fertilizers,($/mt),183.8,-1.55,-2.23,-10.25,18.58,-0.27
1996-11-01,1996,11,DAP,Fertilizers,($/mt),188.3,2.45,-0.84,-16.27,31.22,0.64
1996-12-01,1996,12,DAP,Fertilizers,($/mt),188.5,0.11,0.96,-17.76,31.36,0.38
1997-01-01,1997,1,DAP,Fertilizers,($/mt),188.0,-0.27,2.29,-16.92,29.39,0.33
1997-02-01,1997,2,DAP,Fertilizers,($/mt),187.4,-0.32,-0.48,-17.04,26.71,0.29
1997-03-01,1997,3,DAP,Fertilizers,($/mt),187.4,0.0,-0.58,-15.2,29.42,0.38
1997-04-01,1997,4,DAP,Fertilizers,($/mt),188.5,0.59,0.27,-10.58,32.0,0.48
1997-05-01,1997,5,DAP,Fertilizers,($/mt),188.5,0.0,0.59,1.29,34.16,0.23
1997-06-01,1997,6,DAP,Fertilizers,($/mt),187.0,-0.8,-0.21,2.69,30.31,-0.58
1997-07-01,1997,7,DAP,Fertilizers,($/mt),186.9,-0.05,-0.85,-0.59,28.01,-0.2
1997-08-01,1997,8,DAP,Fertilizers,($/mt),186.6,-0.16,-1.01,-1.74,42.01,-0.11
1997-09-01,1997,9,DAP,Fertilizers,($/mt),186.6,0.0,-0.21,-0.05,42.12,0.13
1997-10-01,1997,10,DAP,Fertilizers,($/mt),186.0,-0.32,-0.48,1.2,42.97,-0.34
1997-11-01,1997,11,DAP,Fertilizers,($/mt),185.5,-0.27,-0.59,-1.49,46.76,-0.46
1997-12-01,1997,12,DAP,Fertilizers,($/mt),185.5,0.0,-0.59,-1.59,48.88,0.38
1998-01-01,1998,1,DAP,Fertilizers,($/mt),184.0,-0.81,-1.08,-2.13,48.63,-2.1
1998-02-01,1998,2,DAP,Fertilizers,($/mt),183.5,-0.27,-1.08,-2.08,52.54,-0.25
1998-03-01,1998,3,DAP,Fertilizers,($/mt),183.5,0.0,-1.08,-2.08,59.43,0.47
1998-04-01,1998,4,DAP,Fertilizers,($/mt),185.0,0.82,0.54,-1.86,64.01,2.65
1998-05-01,1998,5,DAP,Fertilizers,($/mt),186.5,0.81,1.63,-1.06,62.03,2.3
1998-06-01,1998,6,DAP,Fertilizers,($/mt),189.2,1.45,3.11,1.18,66.11,3.04
1998-07-01,1998,7,DAP,Fertilizers,($/mt),190.5,0.69,2.97,1.93,68.73,0.95
1998-08-01,1998,8,DAP,Fertilizers,($/mt),190.5,0.0,2.14,2.09,68.44,-0.25
1998-09-01,1998,9,DAP,Fertilizers,($/mt),190.5,0.0,0.69,2.09,62.96,-0.27
1998-10-01,1998,10,DAP,Fertilizers,($/mt),189.6,-0.47,-0.47,1.94,46.41,-1.02
1998-11-01,1998,11,DAP,Fertilizers,($/mt),186.7,-1.53,-1.99,0.65,32.98,-2.61
1998-12-01,1998,12,DAP,Fertilizers,($/mt),182.8,-2.09,-4.04,-1.46,21.54,-2.66
1999-01-01,1999,1,DAP,Fertilizers,($/mt),181.8,-0.55,-4.11,-1.2,21.2,-0.42
1999-02-01,1999,2,DAP,Fertilizers,($/mt),181.6,-0.11,-2.73,-1.04,19.63,-0.01
1999-03-01,1999,3,DAP,Fertilizers,($/mt),181.8,0.11,-0.55,-0.93,16.61,0.19
1999-04-01,1999,4,DAP,Fertilizers,($/mt),180.5,-0.72,-0.72,-2.43,11.21,-0.64
1999-05-01,1999,5,DAP,Fertilizers,($/mt),180.5,0.0,-0.61,-3.22,13.38,0.21
1999-06-01,1999,6,DAP,Fertilizers,($/mt),180.5,0.0,-0.72,-4.6,14.53,0.29
1999-07-01,1999,7,DAP,Fertilizers,($/mt),177.0,-1.94,-1.94,-7.09,11.6,-2.03
1999-08-01,1999,8,DAP,Fertilizers,($/mt),172.4,-2.6,-4.49,-9.5,7.01,-2.48
1999-09-01,1999,9,DAP,Fertilizers,($/mt),164.4,-4.64,-8.92,-13.7,0.24,-3.98
1999-10-01,1999,10,DAP,Fertilizers,($/mt),157.0,-4.5,-11.3,-17.19,-6.04,-2.32
1999-11-01,1999,11,DAP,Fertilizers,($/mt),148.3,-5.54,-13.98,-20.57,-10.61,-2.37
1999-12-01,1999,12,DAP,Fertilizers,($/mt),147.5,-0.54,-10.28,-19.31,-14.09,0.66
2000-01-01,2000,1,DAP,Fertilizers,($/mt),147.2,-0.2,-6.24,-19.03,-21.79,0.75
2000-02-01,2000,2,DAP,Fertilizers,($/mt),144.5,-1.83,-2.56,-20.43,-27.24,-0.05
2000-03-01,2000,3,DAP,Fertilizers,($/mt),143.0,-1.04,-3.05,-21.34,-30.45,0.41
2000-04-01,2000,4,DAP,Fertilizers,($/mt),143.0,0.0,-2.85,-20.78,-30.07,1.0
2000-05-01,2000,5,DAP,Fertilizers,($/mt),143.0,0.0,-1.04,-20.78,-27.7,0.95
2000-06-01,2000,6,DAP,Fertilizers,($/mt),142.0,-0.7,-0.7,-21.33,-23.49,0.6
2000-07-01,2000,7,DAP,Fertilizers,($/mt),140.3,-1.2,-1.89,-20.73,-22.4,0.39
2000-08-01,2000,8,DAP,Fertilizers,($/mt),148.6,5.92,3.92,-13.81,-19.81,3.97
2000-09-01,2000,9,DAP,Fertilizers,($/mt),157.5,5.99,10.92,-4.2,-17.97,2.42
2000-10-01,2000,10,DAP,Fertilizers,($/mt),155.9,-1.02,11.12,-0.7,-23.88,-0.21
2000-11-01,2000,11,DAP,Fertilizers,($/mt),153.5,-1.54,3.3,3.51,-31.75,-0.48
2000-12-01,2000,12,DAP,Fertilizers,($/mt),153.5,0.0,-2.54,4.07,-33.03,-0.12
2001-01-01,2001,1,DAP,Fertilizers,($/mt),154.5,0.65,-0.9,4.96,-31.73,0.11
2001-02-01,2001,2,DAP,Fertilizers,($/mt),159.0,2.91,3.58,10.03,-29.61,0.93
2001-03-01,2001,3,DAP,Fertilizers,($/mt),159.1,0.06,3.65,11.26,-28.01,-0.29
2001-04-01,2001,4,DAP,Fertilizers,($/mt),151.3,-4.9,-2.07,5.8,-28.23,-2.23
2001-05-01,2001,5,DAP,Fertilizers,($/mt),142.0,-6.15,-10.69,-0.7,-23.7,-2.15
2001-06-01,2001,6,DAP,Fertilizers,($/mt),133.1,-6.27,-16.34,-6.27,-26.91,-1.72
2001-07-01,2001,7,DAP,Fertilizers,($/mt),135.0,1.43,-10.77,-3.78,-28.19,0.46
2001-08-01,2001,8,DAP,Fertilizers,($/mt),135.0,0.0,-4.93,-9.15,-28.91,0.06
2001-09-01,2001,9,DAP,Fertilizers,($/mt),135.0,0.0,1.43,-14.29,-27.69,0.2
2001-10-01,2001,10,DAP,Fertilizers,($/mt),135.9,0.67,0.67,-12.83,-26.06,0.64
2001-11-01,2001,11,DAP,Fertilizers,($/mt),140.5,3.38,4.07,-8.47,-25.39,1.48
2001-12-01,2001,12,DAP,Fertilizers,($/mt),141.7,0.85,4.96,-7.69,-24.83,0.47
2002-01-01,2002,1,DAP,Fertilizers,($/mt),146.0,3.03,7.43,-5.5,-22.34,1.1
2002-02-01,2002,2,DAP,Fertilizers,($/mt),150.3,2.95,6.98,-5.47,-19.8,0.97
2002-03-01,2002,3,DAP,Fertilizers,($/mt),149.8,-0.33,5.72,-5.85,-20.06,0.02
2002-04-01,2002,4,DAP,Fertilizers,($/mt),147.8,-1.34,1.23,-2.31,-21.59,-0.26
2002-05-01,2002,5,DAP,Fertilizers,($/mt),143.9,-2.64,-4.26,1.34,-23.66,-0.78
2002-06-01,2002,6,DAP,Fertilizers,($/mt),149.5,3.89,-0.2,12.32,-20.05,1.39
2002-07-01,2002,7,DAP,Fertilizers,($/mt),160.5,7.36,8.59,18.89,-14.13,3.16
2002-08-01,2002,8,DAP,Fertilizers,($/mt),162.5,1.25,12.93,20.37,-12.92,-0.09
2002-09-01,2002,9,DAP,Fertilizers,($/mt),160.9,-0.98,7.63,19.19,-13.77,-0.96
2002-10-01,2002,10,DAP,Fertilizers,($/mt),156.3,-2.86,-2.62,15.01,-15.97,-1.58
2002-11-01,2002,11,DAP,Fertilizers,($/mt),151.5,-3.07,-6.77,7.83,-18.33,-1.41
2002-12-01,2002,12,DAP,Fertilizers,($/mt),147.5,-2.64,-8.33,4.09,-20.49,-1.04
2003-01-01,2003,1,DAP,Fertilizers,($/mt),149.8,1.56,-4.16,2.6,-18.59,0.35
2003-02-01,2003,2,DAP,Fertilizers,($/mt),155.3,3.67,2.51,3.33,-15.37,1.05
2003-03-01,2003,3,DAP,Fertilizers,($/mt),177.2,14.1,20.14,18.29,-3.43,4.17
2003-04-01,2003,4,DAP,Fertilizers,($/mt),181.5,2.43,21.16,22.8,-1.89,0.18
2003-05-01,2003,5,DAP,Fertilizers,($/mt),178.4,-1.71,14.87,23.97,-4.34,-0.7
2003-06-01,2003,6,DAP,Fertilizers,($/mt),171.3,-3.98,-3.33,14.58,-9.46,-1.18
2003-07-01,2003,7,DAP,Fertilizers,($/mt),176.4,2.98,-2.81,9.91,-7.4,0.33
2003-08-01,2003,8,DAP,Fertilizers,($/mt),175.6,-0.45,-1.57,8.06,-7.82,-0.27
2003-09-01,2003,9,DAP,Fertilizers,($/mt),171.3,-2.45,0.0,6.46,-10.08,-0.65
2003-10-01,2003,10,DAP,Fertilizers,($/mt),166.4,-2.86,-5.67,6.46,-12.24,-0.7
2003-11-01,2003,11,DAP,Fertilizers,($/mt),169.4,1.8,-3.53,11.82,-9.27,0.23
2003-12-01,2003,12,DAP,Fertilizers,($/mt),187.5,10.68,9.46,27.12,2.57,1.98
2004-01-01,2004,1,DAP,Fertilizers,($/mt),204.3,8.96,22.78,36.38,12.38,1.25
2004-02-01,2004,2,DAP,Fertilizers,($/mt),211.5,3.52,24.85,36.19,16.46,0.13
2004-03-01,2004,3,DAP,Fertilizers,($/mt),205.3,-2.93,9.49,15.86,12.93,-0.99
2004-04-01,2004,4,DAP,Fertilizers,($/mt),199.4,-2.87,-2.4,9.86,10.47,-0.89
2004-05-01,2004,5,DAP,Fertilizers,($/mt),191.1,-4.16,-9.65,7.12,5.87,-1.04
2004-06-01,2004,6,DAP,Fertilizers,($/mt),190.6,-0.26,-7.16,11.27,5.6,-0.19
2004-07-01,2004,7,DAP,Fertilizers,($/mt),201.5,5.72,1.05,14.23,13.84,0.98
2004-08-01,2004,8,DAP,Fertilizers,($/mt),208.1,3.28,8.9,18.51,20.71,0.41
2004-09-01,2004,9,DAP,Fertilizers,($/mt),208.5,0.19,9.39,21.72,26.82,-0.27
2004-10-01,2004,10,DAP,Fertilizers,($/mt),211.8,1.58,5.11,27.28,34.9,-0.04
2004-11-01,2004,11,DAP,Fertilizers,($/mt),213.8,0.94,2.74,26.21,44.17,-0.26
2004-12-01,2004,12,DAP,Fertilizers,($/mt),211.1,-1.26,1.25,12.59,43.12,-0.71
2005-01-01,2005,1,DAP,Fertilizers,($/mt),208.6,-1.18,-1.51,2.1,41.71,-0.58
2005-02-01,2005,2,DAP,Fertilizers,($/mt),207.1,-0.72,-3.13,-2.08,43.32,-0.32
2005-03-01,2005,3,DAP,Fertilizers,($/mt),210.6,1.69,-0.24,2.58,47.27,0.66
2005-04-01,2005,4,DAP,Fertilizers,($/mt),214.8,1.99,2.97,7.72,50.21,0.66
2005-05-01,2005,5,DAP,Fertilizers,($/mt),217.2,1.12,4.88,13.66,51.89,0.19
2005-06-01,2005,6,DAP,Fertilizers,($/mt),224.3,3.27,6.51,17.68,57.96,1.09
2005-07-01,2005,7,DAP,Fertilizers,($/mt),228.3,1.78,6.28,13.3,62.72,0.19
2005-08-01,2005,8,DAP,Fertilizers,($/mt),231.5,1.4,6.58,11.24,55.79,0.22
2005-09-01,2005,9,DAP,Fertilizers,($/mt),240.8,4.02,7.36,15.49,52.89,2.25
2005-10-01,2005,10,DAP,Fertilizers,($/mt),246.4,2.33,7.93,16.34,58.05,0.68
2005-11-01,2005,11,DAP,Fertilizers,($/mt),246.1,-0.12,6.31,15.11,60.33,-0.85
2005-12-01,2005,12,DAP,Fertilizers,($/mt),245.9,-0.08,2.12,16.49,60.2,-0.75
2006-01-01,2006,1,DAP,Fertilizers,($/mt),244.3,-0.65,-0.85,17.11,58.12,-1.23
2006-02-01,2006,2,DAP,Fertilizers,($/mt),238.1,-2.54,-3.25,14.97,49.75,-2.57
2006-03-01,2006,3,DAP,Fertilizers,($/mt),233.6,-1.89,-5.0,10.92,46.83,-1.71
2006-04-01,2006,4,DAP,Fertilizers,($/mt),231.8,-0.77,-5.12,7.91,53.21,-0.83
2006-05-01,2006,5,DAP,Fertilizers,($/mt),232.9,0.47,-2.18,7.23,64.01,-0.09
2006-06-01,2006,6,DAP,Fertilizers,($/mt),232.4,-0.21,-0.51,3.61,74.61,-0.41
2006-07-01,2006,7,DAP,Fertilizers,($/mt),230.3,-0.9,-0.65,0.88,70.59,-0.66
2006-08-01,2006,8,DAP,Fertilizers,($/mt),228.3,-0.87,-1.98,-1.38,69.11,-0.53
2006-09-01,2006,9,DAP,Fertilizers,($/mt),225.1,-1.4,-3.14,-6.52,66.74,-0.74
2006-10-01,2006,10,DAP,Fertilizers,($/mt),218.5,-2.93,-5.12,-11.32,60.78,-1.94
2006-11-01,2006,11,DAP,Fertilizers,($/mt),219.4,0.41,-3.9,-10.85,56.16,1.36
2006-12-01,2006,12,DAP,Fertilizers,($/mt),223.8,2.01,-0.58,-8.99,57.94,2.73
2007-01-01,2007,1,DAP,Fertilizers,($/mt),249.2,11.35,14.05,2.01,70.68,8.89
2007-02-01,2007,2,DAP,Fertilizers,($/mt),317.6,27.45,44.76,33.39,111.31,7.24
2007-03-01,2007,3,DAP,Fertilizers,($/mt),387.0,21.85,72.92,65.67,158.34,2.22
2007-04-01,2007,4,DAP,Fertilizers,($/mt),404.6,4.55,62.36,74.55,173.75,-0.02
2007-05-01,2007,5,DAP,Fertilizers,($/mt),392.0,-3.11,23.43,68.31,172.41,-0.83
2007-06-01,2007,6,DAP,Fertilizers,($/mt),387.9,-1.05,0.23,66.91,159.46,-0.58
2007-07-01,2007,7,DAP,Fertilizers,($/mt),398.5,2.73,-1.51,73.04,148.29,-0.2
2007-08-01,2007,8,DAP,Fertilizers,($/mt),401.6,0.78,2.45,75.91,147.14,-0.43
2007-09-01,2007,9,DAP,Fertilizers,($/mt),399.6,-0.5,3.02,77.52,148.35,-0.58
2007-10-01,2007,10,DAP,Fertilizers,($/mt),406.0,1.6,1.88,85.81,159.76,-0.37
2007-11-01,2007,11,DAP,Fertilizers,($/mt),447.0,10.1,11.3,103.74,195.05,0.46
2007-12-01,2007,12,DAP,Fertilizers,($/mt),512.5,14.65,28.25,129.0,247.46,0.86
2008-01-01,2008,1,DAP,Fertilizers,($/mt),593.9,15.88,46.28,138.32,296.46,0.86
2008-02-01,2008,2,DAP,Fertilizers,($/mt),692.5,16.6,54.92,118.04,345.91,0.87
2008-03-01,2008,3,DAP,Fertilizers,($/mt),862.2,24.51,68.23,122.79,386.57,2.08
2008-04-01,2008,4,DAP,Fertilizers,($/mt),953.5,10.59,60.55,135.66,425.34,0.38
2008-05-01,2008,5,DAP,Fertilizers,($/mt),997.5,4.61,44.04,154.46,459.14,-0.35
2008-06-01,2008,6,DAP,Fertilizers,($/mt),1004.1,0.66,16.46,158.86,486.16,-0.94
2008-07-01,2008,7,DAP,Fertilizers,($/mt),1075.8,7.14,12.83,169.96,509.86,-0.17
2008-08-01,2008,8,DAP,Fertilizers,($/mt),1065.0,-1.0,6.77,165.19,506.49,-1.25
2008-09-01,2008,9,DAP,Fertilizers,($/mt),980.0,-7.98,-2.4,145.25,472.1,-2.07
2008-10-01,2008,10,DAP,Fertilizers,($/mt),910.0,-7.14,-15.41,124.14,446.88,-1.68
2008-11-01,2008,11,DAP,Fertilizers,($/mt),710.0,-21.98,-33.33,58.84,319.13,-2.95
2008-12-01,2008,12,DAP,Fertilizers,($/mt),495.0,-30.28,-49.49,-3.41,164.0,-2.69
2009-01-01,2009,1,DAP,Fertilizers,($/mt),308.9,-37.6,-66.05,-47.99,51.2,-2.41
2009-02-01,2009,2,DAP,Fertilizers,($/mt),313.8,1.59,-55.8,-54.69,48.37,0.27
2009-03-01,2009,3,DAP,Fertilizers,($/mt),317.8,1.27,-35.8,-63.14,54.8,0.34
2009-04-01,2009,4,DAP,Fertilizers,($/mt),300.6,-5.41,-2.69,-68.47,50.75,0.08
2009-05-01,2009,5,DAP,Fertilizers,($/mt),267.9,-10.88,-14.63,-73.14,40.19,-0.2
2009-06-01,2009,6,DAP,Fertilizers,($/mt),256.1,-4.4,-19.41,-74.49,34.37,0.35
2009-07-01,2009,7,DAP,Fertilizers,($/mt),263.3,2.81,-12.41,-75.53,30.67,0.93
2009-08-01,2009,8,DAP,Fertilizers,($/mt),276.4,4.98,3.17,-74.05,32.82,1.15
2009-09-01,2009,9,DAP,Fertilizers,($/mt),280.6,1.52,9.57,-71.37,34.58,0.82
2009-10-01,2009,10,DAP,Fertilizers,($/mt),271.6,-3.21,3.15,-70.15,28.23,0.4
2009-11-01,2009,11,DAP,Fertilizers,($/mt),273.2,0.59,-1.16,-61.52,27.78,0.64
2009-12-01,2009,12,DAP,Fertilizers,($/mt),331.5,21.34,18.14,-33.03,57.03,2.06
2010-01-01,2010,1,DAP,Fertilizers,($/mt),383.0,15.54,41.02,23.99,83.6,1.31
2010-02-01,2010,2,DAP,Fertilizers,($/mt),413.6,7.99,51.39,31.8,99.71,0.66
2010-03-01,2010,3,DAP,Fertilizers,($/mt),424.5,2.64,28.05,33.57,101.57,-0.0
2010-04-01,2010,4,DAP,Fertilizers,($/mt),417.5,-1.65,9.01,38.89,94.37,-0.49
2010-05-01,2010,5,DAP,Fertilizers,($/mt),410.0,-1.8,-0.87,53.04,88.77,-0.56
2010-06-01,2010,6,DAP,Fertilizers,($/mt),392.5,-4.27,-7.54,53.26,74.99,-1.05
2010-07-01,2010,7,DAP,Fertilizers,($/mt),418.1,6.52,0.14,58.79,83.14,0.34
2010-08-01,2010,8,DAP,Fertilizers,($/mt),459.9,10.0,12.17,66.39,98.66,0.75
2010-09-01,2010,9,DAP,Fertilizers,($/mt),506.0,10.02,28.92,80.33,110.13,0.68
2010-10-01,2010,10,DAP,Fertilizers,($/mt),557.3,10.14,33.29,105.19,126.18,0.6
2010-11-01,2010,11,DAP,Fertilizers,($/mt),554.1,-0.57,20.48,102.82,125.15,-0.92
2010-12-01,2010,12,DAP,Fertilizers,($/mt),540.6,-2.44,6.84,63.08,119.85,-1.13
2011-01-01,2011,1,DAP,Fertilizers,($/mt),547.4,1.26,-1.78,42.92,124.07,-0.48
2011-02-01,2011,2,DAP,Fertilizers,($/mt),413.6,-24.44,-25.36,0.0,73.71,-5.04
2011-03-01,2011,3,DAP,Fertilizers,($/mt),424.5,2.64,-21.48,0.0,81.72,0.23
2011-04-01,2011,4,DAP,Fertilizers,($/mt),417.5,-1.65,-23.73,0.0,80.11,-0.22
2011-05-01,2011,5,DAP,Fertilizers,($/mt),410.0,-1.8,-0.87,0.0,76.04,-0.24
2011-06-01,2011,6,DAP,Fertilizers,($/mt),575.9,40.46,35.67,46.73,147.81,4.24
2011-07-01,2011,7,DAP,Fertilizers,($/mt),597.6,3.77,43.14,42.93,159.49,-0.03
2011-08-01,2011,8,DAP,Fertilizers,($/mt),597.4,-0.03,45.71,29.9,161.67,-0.27
2011-09-01,2011,9,DAP,Fertilizers,($/mt),587.9,-1.59,2.08,16.19,161.17,-0.32
2011-10-01,2011,10,DAP,Fertilizers,($/mt),571.4,-2.81,-4.38,2.53,161.51,-0.34
2011-11-01,2011,11,DAP,Fertilizers,($/mt),563.5,-1.38,-5.67,1.7,156.84,-0.17
2011-12-01,2011,12,DAP,Fertilizers,($/mt),488.8,-13.26,-16.86,-9.58,118.41,-0.99
2012-01-01,2012,1,DAP,Fertilizers,($/mt),451.4,-7.65,-21.0,-17.54,81.14,-0.52
2012-02-01,2012,2,DAP,Fertilizers,($/mt),435.5,-3.52,-22.72,5.29,37.12,-0.19
2012-03-01,2012,3,DAP,Fertilizers,($/mt),442.9,1.7,-9.39,4.33,14.44,0.05
2012-04-01,2012,4,DAP,Fertilizers,($/mt),478.0,7.93,5.89,14.49,18.14,0.52
2012-05-01,2012,5,DAP,Fertilizers,($/mt),490.5,2.62,12.63,19.63,25.13,0.06
2012-06-01,2012,6,DAP,Fertilizers,($/mt),501.6,2.26,13.25,-12.9,29.31,0.01
2012-07-01,2012,7,DAP,Fertilizers,($/mt),436.9,-12.9,-8.6,-26.89,9.64,-2.14
2012-08-01,2012,8,DAP,Fertilizers,($/mt),504.5,15.47,2.85,-15.55,25.62,2.84
2012-09-01,2012,9,DAP,Fertilizers,($/mt),527.4,4.54,5.14,-10.29,31.98,0.69
2012-10-01,2012,10,DAP,Fertilizers,($/mt),533.5,1.16,22.11,-6.63,31.4,0.21
2012-11-01,2012,11,DAP,Fertilizers,($/mt),487.9,-8.55,-3.29,-13.42,9.15,-1.0
2012-12-01,2012,12,DAP,Fertilizers,($/mt),472.8,-3.09,-10.35,-3.27,-7.75,-0.26
2013-01-01,2013,1,DAP,Fertilizers,($/mt),462.3,-2.22,-13.35,2.41,-22.16,-0.29
2013-02-01,2013,2,DAP,Fertilizers,($/mt),464.5,0.48,-4.8,6.66,-32.92,0.0
2013-03-01,2013,3,DAP,Fertilizers,($/mt),467.6,0.67,-1.1,5.58,-45.77,-0.02
2013-04-01,2013,4,DAP,Fertilizers,($/mt),461.1,-1.39,-0.26,-3.54,-51.64,-0.29
2013-05-01,2013,5,DAP,Fertilizers,($/mt),421.3,-8.63,-9.3,-14.11,-57.76,-1.23
2013-06-01,2013,6,DAP,Fertilizers,($/mt),424.1,0.66,-9.3,-15.45,-57.76,0.23
2013-07-01,2013,7,DAP,Fertilizers,($/mt),409.6,-3.42,-11.17,-6.25,-61.93,-0.31
2013-08-01,2013,8,DAP,Fertilizers,($/mt),400.4,-2.25,-4.96,-20.63,-62.4,-0.3
2013-09-01,2013,9,DAP,Fertilizers,($/mt),374.8,-6.39,-11.62,-28.93,-61.76,-1.18
2013-10-01,2013,10,DAP,Fertilizers,($/mt),370.0,-1.28,-9.67,-30.65,-59.34,0.42
2013-11-01,2013,11,DAP,Fertilizers,($/mt),334.4,-9.62,-16.48,-31.46,-52.9,-2.02
2013-12-01,2013,12,DAP,Fertilizers,($/mt),341.6,2.15,-8.86,-27.75,-30.99,1.49
2014-01-01,2014,1,DAP,Fertilizers,($/mt),403.4,18.09,9.03,-12.74,30.59,5.47
2014-02-01,2014,2,DAP,Fertilizers,($/mt),450.1,11.58,34.6,-3.1,43.44,1.76
2014-03-01,2014,3,DAP,Fertilizers,($/mt),486.5,8.09,42.42,4.04,53.08,1.02
2014-04-01,2014,4,DAP,Fertilizers,($/mt),409.0,-15.93,1.39,-11.3,36.06,-2.0
2014-05-01,2014,5,DAP,Fertilizers,($/mt),413.6,1.12,-8.11,-1.83,54.39,0.18
2014-06-01,2014,6,DAP,Fertilizers,($/mt),421.4,1.89,-13.38,-0.64,64.55,0.18
2014-07-01,2014,7,DAP,Fertilizers,($/mt),440.6,4.56,7.73,7.57,67.34,0.46
2014-08-01,2014,8,DAP,Fertilizers,($/mt),446.5,1.34,7.95,11.51,61.54,0.04
2014-09-01,2014,9,DAP,Fertilizers,($/mt),438.1,-1.88,3.96,16.89,56.13,-0.35
2014-10-01,2014,10,DAP,Fertilizers,($/mt),418.8,-4.41,-4.95,13.19,54.2,-0.68
2014-11-01,2014,11,DAP,Fertilizers,($/mt),408.8,-2.39,-8.44,22.25,49.63,-0.42
2014-12-01,2014,12,DAP,Fertilizers,($/mt),418.4,2.35,-4.5,22.48,26.21,0.04
2015-01-01,2015,1,DAP,Fertilizers,($/mt),440.3,5.23,5.13,9.15,14.96,0.38
2015-02-01,2015,2,DAP,Fertilizers,($/mt),444.1,0.86,8.64,-1.33,7.37,-0.01
2015-03-01,2015,3,DAP,Fertilizers,($/mt),428.8,-3.45,2.49,-11.86,1.01,-0.58
2015-04-01,2015,4,DAP,Fertilizers,($/mt),409.0,-4.62,-7.11,0.0,-2.04,-0.66
2015-05-01,2015,5,DAP,Fertilizers,($/mt),413.6,1.12,-6.87,0.0,0.88,0.32
2015-06-01,2015,6,DAP,Fertilizers,($/mt),421.4,1.89,-1.73,0.0,7.36,0.55
2015-07-01,2015,7,DAP,Fertilizers,($/mt),431.5,2.4,5.5,-2.07,3.2,0.7
2015-08-01,2015,8,DAP,Fertilizers,($/mt),434.6,0.72,5.08,-2.67,-5.5,0.27
2015-09-01,2015,9,DAP,Fertilizers,($/mt),428.0,-1.52,1.57,-2.31,-15.42,-0.43
2015-10-01,2015,10,DAP,Fertilizers,($/mt),423.8,-0.98,-1.78,1.19,-23.95,-0.27
2015-11-01,2015,11,DAP,Fertilizers,($/mt),383.9,-9.41,-11.67,-6.09,-30.72,-3.4
2015-12-01,2015,12,DAP,Fertilizers,($/mt),340.6,-11.28,-20.42,-18.59,-37.0,-2.78
2016-01-01,2016,1,DAP,Fertilizers,($/mt),327.1,-3.96,-22.82,-25.71,-40.24,-0.49
2016-02-01,2016,2,DAP,Fertilizers,($/mt),326.0,-0.34,-15.08,-26.59,-21.18,0.46
2016-03-01,2016,3,DAP,Fertilizers,($/mt),338.1,3.71,-0.73,-21.15,-20.35,1.42
2016-04-01,2016,4,DAP,Fertilizers,($/mt),330.5,-2.25,1.04,-19.19,-20.84,-0.08
2016-05-01,2016,5,DAP,Fertilizers,($/mt),313.5,-5.14,-3.83,-24.2,-23.54,-0.76
2016-06-01,2016,6,DAP,Fertilizers,($/mt),306.6,-2.2,-9.32,-27.24,-46.76,-0.0
2016-07-01,2016,7,DAP,Fertilizers,($/mt),305.2,-0.46,-7.66,-29.27,-48.93,0.47
2016-08-01,2016,8,DAP,Fertilizers,($/mt),318.1,4.23,1.47,-26.81,-46.75,1.66
2016-09-01,2016,9,DAP,Fertilizers,($/mt),320.0,0.6,4.37,-25.23,-45.57,0.67
2016-10-01,2016,10,DAP,Fertilizers,($/mt),310.0,-3.12,1.57,-26.85,-45.75,-0.18
2016-11-01,2016,11,DAP,Fertilizers,($/mt),298.0,-3.87,-6.32,-22.38,-47.12,-0.3
2016-12-01,2016,12,DAP,Fertilizers,($/mt),296.6,-0.47,-7.31,-12.92,-39.32,0.37
2017-01-01,2017,1,DAP,Fertilizers,($/mt),308.0,3.84,-0.65,-5.84,-31.77,1.69
2017-02-01,2017,2,DAP,Fertilizers,($/mt),326.0,5.84,9.4,0.0,-25.14,2.03
2017-03-01,2017,3,DAP,Fertilizers,($/mt),325.6,-0.12,9.78,-3.7,-26.48,-0.05
2017-04-01,2017,4,DAP,Fertilizers,($/mt),313.1,-3.84,1.66,-5.26,-34.5,-1.05
2017-05-01,2017,5,DAP,Fertilizers,($/mt),309.3,-1.21,-5.12,-1.34,-36.94,-0.23
2017-06-01,2017,6,DAP,Fertilizers,($/mt),310.3,0.32,-4.7,1.21,-38.14,0.12
2017-07-01,2017,7,DAP,Fertilizers,($/mt),313.8,1.13,0.22,2.82,-28.18,0.31
2017-08-01,2017,8,DAP,Fertilizers,($/mt),320.8,2.23,3.72,0.85,-36.41,0.62
2017-09-01,2017,9,DAP,Fertilizers,($/mt),325.9,1.59,5.03,1.84,-38.21,0.5
2017-10-01,2017,10,DAP,Fertilizers,($/mt),322.4,-1.07,2.74,4.0,-39.57,-0.42
2017-11-01,2017,11,DAP,Fertilizers,($/mt),344.0,6.7,7.23,15.44,-29.49,2.23
2017-12-01,2017,12,DAP,Fertilizers,($/mt),357.3,3.87,9.63,20.47,-24.43,0.86
2018-01-01,2018,1,DAP,Fertilizers,($/mt),360.4,0.87,11.79,17.01,-22.04,-0.24
2018-02-01,2018,2,DAP,Fertilizers,($/mt),370.0,2.66,7.56,13.5,-20.34,0.44
2018-03-01,2018,3,DAP,Fertilizers,($/mt),378.0,2.16,5.79,16.09,-19.16,0.4
2018-04-01,2018,4,DAP,Fertilizers,($/mt),384.8,1.8,6.77,22.9,-16.55,0.19
2018-05-01,2018,5,DAP,Fertilizers,($/mt),384.4,-0.1,3.89,24.28,-8.76,-0.87
2018-06-01,2018,6,DAP,Fertilizers,($/mt),391.6,1.87,3.6,26.2,-7.66,0.01
2018-07-01,2018,7,DAP,Fertilizers,($/mt),400.8,2.35,4.16,27.72,-2.15,0.19
2018-08-01,2018,8,DAP,Fertilizers,($/mt),409.0,2.05,6.4,27.49,2.15,-0.02
2018-09-01,2018,9,DAP,Fertilizers,($/mt),421.6,3.08,7.66,29.36,12.49,0.52
2018-10-01,2018,10,DAP,Fertilizers,($/mt),420.8,-0.19,4.99,30.52,13.73,-1.21
2018-11-01,2018,11,DAP,Fertilizers,($/mt),410.2,-2.52,0.29,19.24,22.67,-2.6
2018-12-01,2018,12,DAP,Fertilizers,($/mt),389.7,-5.0,-7.57,9.07,14.08,-3.74
2019-01-01,2019,1,DAP,Fertilizers,($/mt),382.1,-1.95,-9.2,6.02,-5.28,-1.13
2019-02-01,2019,2,DAP,Fertilizers,($/mt),357.4,-6.46,-12.87,-3.41,-20.6,-2.77
2019-03-01,2019,3,DAP,Fertilizers,($/mt),335.0,-6.27,-14.04,-11.38,-31.14,-1.93
2019-04-01,2019,4,DAP,Fertilizers,($/mt),323.8,-3.34,-15.26,-15.85,-20.83,-0.69
2019-05-01,2019,5,DAP,Fertilizers,($/mt),313.4,-3.21,-12.31,-18.47,-24.23,-0.54
2019-06-01,2019,6,DAP,Fertilizers,($/mt),314.9,0.48,-6.0,-19.59,-25.27,0.62
2019-07-01,2019,7,DAP,Fertilizers,($/mt),307.5,-2.35,-5.03,-23.28,-30.21,-0.18
2019-08-01,2019,8,DAP,Fertilizers,($/mt),292.9,-4.75,-6.54,-28.39,-34.4,-0.86
2019-09-01,2019,9,DAP,Fertilizers,($/mt),285.8,-2.42,-9.24,-32.21,-34.76,0.1
2019-10-01,2019,10,DAP,Fertilizers,($/mt),277.4,-2.94,-9.79,-34.08,-33.76,0.1
2019-11-01,2019,11,DAP,Fertilizers,($/mt),248.0,-10.6,-15.33,-39.54,-39.33,-3.68
2019-12-01,2019,12,DAP,Fertilizers,($/mt),238.2,-3.95,-16.66,-38.88,-43.07,0.04
2020-01-01,2020,1,DAP,Fertilizers,($/mt),264.9,11.21,-4.51,-30.67,-39.84,5.4
2020-02-01,2020,2,DAP,Fertilizers,($/mt),279.4,5.47,12.66,-21.82,-37.09,1.6
2020-03-01,2020,3,DAP,Fertilizers,($/mt),276.2,-1.15,15.95,-17.55,-35.59,0.13
2020-04-01,2020,4,DAP,Fertilizers,($/mt),282.0,2.1,6.46,-12.91,-31.05,0.66
2020-05-01,2020,5,DAP,Fertilizers,($/mt),263.0,-6.74,-5.87,-16.08,-36.41,-1.05
2020-06-01,2020,6,DAP,Fertilizers,($/mt),273.0,3.8,-1.16,-13.31,-35.22,0.9
2020-07-01,2020,7,DAP,Fertilizers,($/mt),305.1,11.76,8.19,-0.78,-29.29,2.18
2020-08-01,2020,8,DAP,Fertilizers,($/mt),341.9,12.06,30.0,16.73,-21.33,1.73
2020-09-01,2020,9,DAP,Fertilizers,($/mt),358.4,4.83,31.28,25.4,-16.26,0.44
2020-10-01,2020,10,DAP,Fertilizers,($/mt),357.1,-0.36,17.04,28.73,-15.74,-0.34
2020-11-01,2020,11,DAP,Fertilizers,($/mt),359.6,0.7,5.18,45.0,-6.33,-0.23
2020-12-01,2020,12,DAP,Fertilizers,($/mt),388.5,8.04,8.4,63.1,14.06,0.77
2021-01-01,2021,1,DAP,Fertilizers,($/mt),421.3,8.44,17.98,59.04,28.8,0.71
2021-02-01,2021,2,DAP,Fertilizers,($/mt),528.9,25.54,47.08,89.3,62.24,3.86
2021-03-01,2021,3,DAP,Fertilizers,($/mt),534.1,0.98,37.48,93.37,57.97,-0.57
2021-04-01,2021,4,DAP,Fertilizers,($/mt),543.4,1.74,28.98,92.7,64.42,-0.51
2021-05-01,2021,5,DAP,Fertilizers,($/mt),574.6,5.74,8.64,118.48,83.29,-0.02
2021-06-01,2021,6,DAP,Fertilizers,($/mt),604.8,5.26,13.24,121.54,97.26,-0.23
2021-07-01,2021,7,DAP,Fertilizers,($/mt),613.0,1.36,12.81,100.92,100.85,-0.8
2021-08-01,2021,8,DAP,Fertilizers,($/mt),603.1,-1.62,4.96,76.4,89.59,-1.09
2021-09-01,2021,9,DAP,Fertilizers,($/mt),643.8,6.75,6.45,79.63,101.19,0.23
2021-10-01,2021,10,DAP,Fertilizers,($/mt),672.9,4.52,9.77,88.43,117.06,-0.1
2021-11-01,2021,11,DAP,Fertilizers,($/mt),726.7,8.0,20.49,102.09,143.86,0.34
2021-12-01,2021,12,DAP,Fertilizers,($/mt),745.0,2.52,15.72,91.76,151.18,-0.54
2022-01-01,2022,1,DAP,Fertilizers,($/mt),699.4,-6.12,3.94,66.01,127.08,-1.71
2022-02-01,2022,2,DAP,Fertilizers,($/mt),747.1,6.82,2.81,41.26,129.17,0.3
2022-03-01,2022,3,DAP,Fertilizers,($/mt),938.1,25.57,25.92,75.64,188.11,5.56
2022-04-01,2022,4,DAP,Fertilizers,($/mt),954.0,1.69,36.4,75.56,204.69,-0.44
2022-05-01,2022,5,DAP,Fertilizers,($/mt),842.5,-11.69,12.77,46.62,172.39,-2.2
2022-06-01,2022,6,DAP,Fertilizers,($/mt),783.8,-6.97,-16.45,29.6,152.59,-1.17
2022-07-01,2022,7,DAP,Fertilizers,($/mt),784.0,0.03,-17.82,27.9,149.84,-0.27
2022-08-01,2022,8,DAP,Fertilizers,($/mt),749.4,-4.41,-11.05,24.26,133.6,-0.72
2022-09-01,2022,9,DAP,Fertilizers,($/mt),752.0,0.35,-4.06,16.81,130.75,-0.19
2022-10-01,2022,10,DAP,Fertilizers,($/mt),725.0,-3.59,-7.53,7.74,124.88,-0.55
2022-11-01,2022,11,DAP,Fertilizers,($/mt),665.6,-8.19,-11.18,-8.41,93.49,-0.96
2022-12-01,2022,12,DAP,Fertilizers,($/mt),625.0,-6.1,-16.89,-16.11,74.92,-0.6
2023-01-01,2023,1,DAP,Fertilizers,($/mt),631.0,0.96,-12.97,-9.78,75.08,0.21
2023-02-01,2023,2,DAP,Fertilizers,($/mt),612.5,-2.93,-7.98,-18.02,65.54,-0.26
2023-03-01,2023,3,DAP,Fertilizers,($/mt),606.0,-1.06,-3.04,-35.4,60.32,0.02
2023-04-01,2023,4,DAP,Fertilizers,($/mt),637.0,5.12,0.95,-33.23,65.54,2.08
2023-05-01,2023,5,DAP,Fertilizers,($/mt),510.0,-19.94,-16.73,-39.47,32.67,-3.62
2023-06-01,2023,6,DAP,Fertilizers,($/mt),454.6,-10.86,-24.98,-42.0,16.09,-1.1
2023-07-01,2023,7,DAP,Fertilizers,($/mt),458.8,0.92,-27.97,-41.48,14.47,0.78
2023-08-01,2023,8,DAP,Fertilizers,($/mt),528.8,15.26,3.69,-29.44,29.29,2.93
2023-09-01,2023,9,DAP,Fertilizers,($/mt),527.9,-0.17,16.12,-29.8,25.21,0.27
2023-10-01,2023,10,DAP,Fertilizers,($/mt),534.8,1.31,16.56,-26.23,27.09,0.45
2023-11-01,2023,11,DAP,Fertilizers,($/mt),535.6,0.15,1.29,-19.53,30.57,0.26
2023-12-01,2023,12,DAP,Fertilizers,($/mt),563.8,5.27,6.8,-9.79,44.68,0.79
2024-01-01,2024,1,DAP,Fertilizers,($/mt),596.3,5.76,11.5,-5.5,56.06,0.73
2024-02-01,2024,2,DAP,Fertilizers,($/mt),583.8,-2.1,9.0,-4.69,63.35,-0.23
2024-03-01,2024,3,DAP,Fertilizers,($/mt),617.5,5.77,9.52,1.9,84.33,0.66
2024-04-01,2024,4,DAP,Fertilizers,($/mt),545.0,-11.74,-8.6,-14.44,68.31,-1.38
2024-05-01,2024,5,DAP,Fertilizers,($/mt),522.0,-4.22,-10.59,2.35,66.56,-0.36
2024-06-01,2024,6,DAP,Fertilizers,($/mt),543.0,4.02,-12.06,19.45,72.44,0.48
2024-07-01,2024,7,DAP,Fertilizers,($/mt),539.4,-0.66,-1.03,17.57,75.41,-0.36
2024-08-01,2024,8,DAP,Fertilizers,($/mt),546.0,1.22,4.6,3.25,86.41,-0.05
2024-09-01,2024,9,DAP,Fertilizers,($/mt),554.8,1.61,2.17,5.1,94.12,0.25
2024-10-01,2024,10,DAP,Fertilizers,($/mt),573.4,3.35,6.3,7.22,106.71,0.57
2024-11-01,2024,11,DAP,Fertilizers,($/mt),574.5,0.19,5.22,7.26,131.65,-0.1
2024-12-01,2024,12,DAP,Fertilizers,($/mt),568.3,-1.08,2.43,0.8,138.58,-0.35
2025-01-01,2025,1,DAP,Fertilizers,($/mt),582.7,2.53,1.62,-2.28,119.97,0.49
2025-02-01,2025,2,DAP,Fertilizers,($/mt),603.8,3.62,5.1,3.43,116.11,0.81
2025-03-01,2025,3,DAP,Fertilizers,($/mt),615.1,1.87,8.24,-0.39,122.7,0.32
2025-04-01,2025,4,DAP,Fertilizers,($/mt),635.0,3.24,8.98,16.51,125.18,0.72
2025-05-01,2025,5,DAP,Fertilizers,($/mt),669.2,5.39,10.83,28.2,154.45,1.69
2025-06-01,2025,6,DAP,Fertilizers,($/mt),715.4,6.9,16.31,31.75,162.05,2.45
2025-07-01,2025,7,DAP,Fertilizers,($/mt),736.0,2.88,15.91,36.45,141.23,0.23
2025-08-01,2025,8,DAP,Fertilizers,($/mt),795.1,8.03,18.81,45.62,132.55,2.5
2025-09-01,2025,9,DAP,Fertilizers,($/mt),780.6,-1.82,9.11,40.7,117.8,-1.94
2025-10-01,2025,10,DAP,Fertilizers,($/mt),754.0,-3.41,2.45,31.5,111.15,-2.14
2025-11-01,2025,11,DAP,Fertilizers,($/mt),708.3,-6.06,-10.92,23.29,96.97,-2.43
2025-12-01,2025,12,DAP,Fertilizers,($/mt),627.5,-11.41,-19.61,10.42,61.52,-3.15
2026-01-01,2026,1,DAP,Fertilizers,($/mt),619.2,-1.32,-17.88,6.26,46.97,-0.41
2026-02-01,2026,2,DAP,Fertilizers,($/mt),626.5,1.18,-11.55,3.76,18.45,0.09
2026-03-01,2026,3,DAP,Fertilizers,($/mt),658.3,5.08,4.91,7.02,23.25,0.82
2026-04-01,2026,4,DAP,Fertilizers,($/mt),725.3,10.18,17.14,14.22,33.47,1.64
2026-05-01,2026,5,DAP,Fertilizers,($/mt),769.5,6.09,22.83,14.99,33.92,0.75
2026-06-01,2026,6,DAP,Fertilizers,($/mt),783.8,1.86,19.06,9.56,29.6,0.08
2026-07-01,2026,7,DAP,Fertilizers,($/mt),781.3,-0.32,7.72,6.15,27.46,-0.2
2026-08-01,2026,8,DAP,Fertilizers,($/mt),793.5,1.56,3.12,-0.2,31.57,0.14
2026-09-01,2026,9,DAP,Fertilizers,($/mt),800.6,0.89,2.14,2.56,24.36,0.13
1979-01-01,1979,1,Fish meal,Oils & Meals,($/mt),381.0,,,,,
1979-02-01,1979,2,Fish meal,Oils & Meals,($/mt),382.0,0.26,,,,
1979-03-01,1979,3,Fish meal,Oils & Meals,($/mt),381.0,-0.26,,,,
1979-04-01,1979,4,Fish meal,Oils & Meals,($/mt),366.0,-3.94,-3.94,,,
1979-05-01,1979,5,Fish meal,Oils & Meals,($/mt),368.0,0.55,-3.66,,,
1979-06-01,1979,6,Fish meal,Oils & Meals,($/mt),393.0,6.79,3.15,,,
1979-07-01,1979,7,Fish meal,Oils & Meals,($/mt),415.0,5.6,13.39,,,
1979-08-01,1979,8,Fish meal,Oils & Meals,($/mt),400.0,-3.61,8.7,,,-1.28
1979-09-01,1979,9,Fish meal,Oils & Meals,($/mt),394.0,-1.5,0.25,,,-0.55
1979-10-01,1979,10,Fish meal,Oils & Meals,($/mt),394.0,0.0,-5.06,,,-0.12
1979-11-01,1979,11,Fish meal,Oils & Meals,($/mt),415.0,5.33,3.75,,,1.34
1979-12-01,1979,12,Fish meal,Oils & Meals,($/mt),450.0,8.43,14.21,,,1.99
1980-01-01,1980,1,Fish meal,Oils & Meals,($/mt),491.0,9.11,24.62,28.87,,1.77
1980-02-01,1980,2,Fish meal,Oils & Meals,($/mt),518.0,5.5,24.82,35.6,,0.71
1980-03-01,1980,3,Fish meal,Oils & Meals,($/mt),478.0,-7.72,6.22,25.46,,-2.24
1980-04-01,1980,4,Fish meal,Oils & Meals,($/mt),470.0,-1.67,-4.28,28.42,,-0.68
1980-05-01,1980,5,Fish meal,Oils & Meals,($/mt),505.0,7.45,-2.51,37.23,,0.98
1980-06-01,1980,6,Fish meal,Oils & Meals,($/mt),484.0,-4.16,1.26,23.16,,-1.27
1980-07-01,1980,7,Fish meal,Oils & Meals,($/mt),479.0,-1.03,1.91,15.42,,-0.52
1980-08-01,1980,8,Fish meal,Oils & Meals,($/mt),490.0,2.3,-2.97,22.5,,0.17
1980-09-01,1980,9,Fish meal,Oils & Meals,($/mt),501.0,2.24,3.51,27.16,,0.08
1980-10-01,1980,10,Fish meal,Oils & Meals,($/mt),512.0,2.2,6.89,29.95,,0.01
1980-11-01,1980,11,Fish meal,Oils & Meals,($/mt),568.0,10.94,15.92,36.87,,1.65
1980-12-01,1980,12,Fish meal,Oils & Meals,($/mt),557.0,-1.94,11.18,23.78,,-0.83
1981-01-01,1981,1,Fish meal,Oils & Meals,($/mt),541.0,-2.87,5.66,10.18,,-0.86
1981-02-01,1981,2,Fish meal,Oils & Meals,($/mt),518.0,-4.25,-8.8,0.0,,-0.99
1981-03-01,1981,3,Fish meal,Oils & Meals,($/mt),507.0,-2.12,-8.98,6.07,,-0.43
1981-04-01,1981,4,Fish meal,Oils & Meals,($/mt),501.0,-1.18,-7.39,6.6,,-0.38
1981-05-01,1981,5,Fish meal,Oils & Meals,($/mt),504.0,0.6,-2.7,-0.2,,-0.01
1981-06-01,1981,6,Fish meal,Oils & Meals,($/mt),485.0,-3.77,-4.34,0.21,,-0.92
1981-07-01,1981,7,Fish meal,Oils & Meals,($/mt),470.0,-3.09,-6.19,-1.88,,-0.77
1981-08-01,1981,8,Fish meal,Oils & Meals,($/mt),439.0,-6.6,-12.9,-10.41,,-1.55
1981-09-01,1981,9,Fish meal,Oils & Meals,($/mt),434.0,-1.14,-10.52,-13.37,,-0.07
1981-10-01,1981,10,Fish meal,Oils & Meals,($/mt),405.0,-6.68,-13.83,-20.9,,-1.26
1981-11-01,1981,11,Fish meal,Oils & Meals,($/mt),407.0,0.49,-7.29,-28.35,,0.51
1981-12-01,1981,12,Fish meal,Oils & Meals,($/mt),399.0,-1.97,-8.06,-28.37,,0.32
1982-01-01,1982,1,Fish meal,Oils & Meals,($/mt),390.0,-2.26,-3.7,-27.91,,0.19
1982-02-01,1982,2,Fish meal,Oils & Meals,($/mt),369.0,-5.38,-9.34,-28.76,,-1.15
1982-03-01,1982,3,Fish meal,Oils & Meals,($/mt),357.0,-3.25,-10.53,-29.59,,-0.2
1982-04-01,1982,4,Fish meal,Oils & Meals,($/mt),357.0,0.0,-8.46,-28.74,,1.16
1982-05-01,1982,5,Fish meal,Oils & Meals,($/mt),362.0,1.4,-1.9,-28.17,,1.63
1982-06-01,1982,6,Fish meal,Oils & Meals,($/mt),348.0,-3.87,-2.52,-28.25,,-0.45
1982-07-01,1982,7,Fish meal,Oils & Meals,($/mt),335.0,-3.74,-6.16,-28.72,,-0.39
1982-08-01,1982,8,Fish meal,Oils & Meals,($/mt),320.0,-4.48,-11.6,-27.11,,-0.65
1982-09-01,1982,9,Fish meal,Oils & Meals,($/mt),319.0,-0.31,-8.33,-26.5,,0.92
1982-10-01,1982,10,Fish meal,Oils & Meals,($/mt),326.0,2.19,-2.69,-19.51,,1.87
1982-11-01,1982,11,Fish meal,Oils & Meals,($/mt),353.0,8.28,10.31,-13.27,,4.06
1982-12-01,1982,12,Fish meal,Oils & Meals,($/mt),399.0,13.03,25.08,0.0,,3.73
1983-01-01,1983,1,Fish meal,Oils & Meals,($/mt),439.0,10.03,34.66,12.56,,1.78
1983-02-01,1983,2,Fish meal,Oils & Meals,($/mt),423.0,-3.64,19.83,14.63,,-0.78
1983-03-01,1983,3,Fish meal,Oils & Meals,($/mt),403.0,-4.73,1.0,12.89,,-1.0
1983-04-01,1983,4,Fish meal,Oils & Meals,($/mt),440.0,9.18,0.23,23.25,,1.3
1983-05-01,1983,5,Fish meal,Oils & Meals,($/mt),437.0,-0.68,3.31,20.72,,-0.4
1983-06-01,1983,6,Fish meal,Oils & Meals,($/mt),430.0,-1.6,6.7,23.56,,-0.51
1983-07-01,1983,7,Fish meal,Oils & Meals,($/mt),433.0,0.7,-1.59,29.25,,-0.2
1983-08-01,1983,8,Fish meal,Oils & Meals,($/mt),452.0,4.39,3.43,41.25,,0.33
1983-09-01,1983,9,Fish meal,Oils & Meals,($/mt),503.0,11.28,16.98,57.68,,1.41
1983-10-01,1983,10,Fish meal,Oils & Meals,($/mt),510.0,1.39,17.78,56.44,,-0.43
1983-11-01,1983,11,Fish meal,Oils & Meals,($/mt),479.0,-6.08,5.97,35.69,,-1.62
1983-12-01,1983,12,Fish meal,Oils & Meals,($/mt),482.0,0.63,-4.17,20.8,,-0.32
1984-01-01,1984,1,Fish meal,Oils & Meals,($/mt),480.0,-0.41,-5.88,9.34,25.98,-0.37
1984-02-01,1984,2,Fish meal,Oils & Meals,($/mt),466.0,-2.92,-2.71,10.17,21.99,-0.72
1984-03-01,1984,3,Fish meal,Oils & Meals,($/mt),428.0,-8.15,-11.2,6.2,12.34,-1.76
1984-04-01,1984,4,Fish meal,Oils & Meals,($/mt),402.0,-6.07,-16.25,-8.64,9.84,-1.2
1984-05-01,1984,5,Fish meal,Oils & Meals,($/mt),382.0,-4.98,-18.03,-12.59,3.8,-0.84
1984-06-01,1984,6,Fish meal,Oils & Meals,($/mt),372.0,-2.62,-13.08,-13.49,-5.34,-0.31
1984-07-01,1984,7,Fish meal,Oils & Meals,($/mt),341.0,-8.33,-15.17,-21.25,-17.83,-1.35
1984-08-01,1984,8,Fish meal,Oils & Meals,($/mt),333.0,-2.35,-12.83,-26.33,-16.75,-0.09
1984-09-01,1984,9,Fish meal,Oils & Meals,($/mt),318.0,-4.5,-14.52,-36.78,-19.29,-0.39
1984-10-01,1984,10,Fish meal,Oils & Meals,($/mt),319.0,0.31,-6.45,-37.45,-19.04,1.25
1984-11-01,1984,11,Fish meal,Oils & Meals,($/mt),323.0,1.25,-3.0,-32.57,-22.17,1.64
1984-12-01,1984,12,Fish meal,Oils & Meals,($/mt),314.0,-2.79,-1.26,-34.85,-30.22,0.12
1985-01-01,1985,1,Fish meal,Oils & Meals,($/mt),307.0,-2.23,-3.76,-36.04,-37.47,0.4
1985-02-01,1985,2,Fish meal,Oils & Meals,($/mt),292.0,-4.89,-9.6,-37.34,-43.63,-0.43
1985-03-01,1985,3,Fish meal,Oils & Meals,($/mt),280.0,-4.11,-10.83,-34.58,-41.42,-0.11
1985-04-01,1985,4,Fish meal,Oils & Meals,($/mt),271.0,-3.21,-11.73,-32.59,-42.34,0.09
1985-05-01,1985,5,Fish meal,Oils & Meals,($/mt),276.0,1.85,-5.48,-27.75,-45.35,2.01
1985-06-01,1985,6,Fish meal,Oils & Meals,($/mt),256.0,-7.25,-8.57,-31.18,-47.11,-1.63
1985-07-01,1985,7,Fish meal,Oils & Meals,($/mt),254.0,-0.78,-6.27,-25.51,-46.97,0.72
1985-08-01,1985,8,Fish meal,Oils & Meals,($/mt),259.0,1.97,-6.16,-22.22,-47.14,1.62
1985-09-01,1985,9,Fish meal,Oils & Meals,($/mt),265.0,2.32,3.52,-16.67,-47.11,1.47
1985-10-01,1985,10,Fish meal,Oils & Meals,($/mt),287.0,8.3,12.99,-10.03,-43.95,3.15
1985-11-01,1985,11,Fish meal,Oils & Meals,($/mt),308.0,7.32,18.92,-4.64,-45.77,1.94
1985-12-01,1985,12,Fish meal,Oils & Meals,($/mt),306.0,-0.65,15.47,-2.55,-45.06,-0.07
1986-01-01,1986,1,Fish meal,Oils & Meals,($/mt),292.0,-4.58,1.74,-4.89,-46.03,-0.95
1986-02-01,1986,2,Fish meal,Oils & Meals,($/mt),292.0,0.0,-5.19,0.0,-43.63,0.06
1986-03-01,1986,3,Fish meal,Oils & Meals,($/mt),321.0,9.93,4.9,14.64,-36.69,2.12
1986-04-01,1986,4,Fish meal,Oils & Meals,($/mt),333.0,3.74,14.04,22.88,-33.53,0.47
1986-05-01,1986,5,Fish meal,Oils & Meals,($/mt),317.0,-4.8,8.56,14.86,-37.1,-1.32
1986-06-01,1986,6,Fish meal,Oils & Meals,($/mt),317.0,0.0,-1.25,23.83,-34.64,-0.24
1986-07-01,1986,7,Fish meal,Oils & Meals,($/mt),319.0,0.63,-4.2,25.59,-32.13,-0.27
1986-08-01,1986,8,Fish meal,Oils & Meals,($/mt),326.0,2.19,2.84,25.87,-25.74,0.04
1986-09-01,1986,9,Fish meal,Oils & Meals,($/mt),339.0,3.99,6.94,27.92,-21.89,0.42
1986-10-01,1986,10,Fish meal,Oils & Meals,($/mt),353.0,4.13,10.66,23.0,-12.84,0.42
1986-11-01,1986,11,Fish meal,Oils & Meals,($/mt),328.0,-7.08,0.61,6.49,-19.41,-2.04
1986-12-01,1986,12,Fish meal,Oils & Meals,($/mt),310.0,-5.49,-8.55,1.31,-22.31,-1.31
1987-01-01,1987,1,Fish meal,Oils & Meals,($/mt),317.0,2.26,-10.2,8.56,-18.72,0.41
1987-02-01,1987,2,Fish meal,Oils & Meals,($/mt),322.0,1.58,-1.83,10.27,-12.74,0.16
1987-03-01,1987,3,Fish meal,Oils & Meals,($/mt),332.0,3.11,7.1,3.43,-7.0,0.46
1987-04-01,1987,4,Fish meal,Oils & Meals,($/mt),341.0,2.71,7.57,2.4,-4.48,0.6
1987-05-01,1987,5,Fish meal,Oils & Meals,($/mt),355.0,4.11,10.25,11.99,-1.93,0.99
1987-06-01,1987,6,Fish meal,Oils & Meals,($/mt),393.0,10.7,18.37,23.97,12.93,2.65
1987-07-01,1987,7,Fish meal,Oils & Meals,($/mt),403.0,2.54,18.18,26.33,20.3,0.14
1987-08-01,1987,8,Fish meal,Oils & Meals,($/mt),413.0,2.48,16.34,26.69,29.06,0.09
1987-09-01,1987,9,Fish meal,Oils & Meals,($/mt),400.0,-3.15,1.78,17.99,25.39,-1.15
1987-10-01,1987,10,Fish meal,Oils & Meals,($/mt),406.0,1.5,0.74,15.01,24.54,0.0
1987-11-01,1987,11,Fish meal,Oils & Meals,($/mt),445.0,9.61,7.75,35.67,26.06,1.78
1987-12-01,1987,12,Fish meal,Oils & Meals,($/mt),474.0,6.52,18.5,52.9,18.8,0.87
1988-01-01,1988,1,Fish meal,Oils & Meals,($/mt),473.0,-0.21,16.5,49.21,7.74,-1.03
1988-02-01,1988,2,Fish meal,Oils & Meals,($/mt),473.0,0.0,6.29,46.89,11.82,-0.89
1988-03-01,1988,3,Fish meal,Oils & Meals,($/mt),487.0,2.96,2.74,46.69,20.84,-0.09
1988-04-01,1988,4,Fish meal,Oils & Meals,($/mt),520.0,6.78,9.94,52.49,18.18,0.87
1988-05-01,1988,5,Fish meal,Oils & Meals,($/mt),541.0,4.04,14.38,52.39,23.8,0.09
1988-06-01,1988,6,Fish meal,Oils & Meals,($/mt),606.0,12.01,24.44,54.2,40.93,2.04
1988-07-01,1988,7,Fish meal,Oils & Meals,($/mt),609.0,0.5,17.12,51.12,40.65,-0.75
1988-08-01,1988,8,Fish meal,Oils & Meals,($/mt),577.0,-5.25,6.65,39.71,27.65,-2.0
1988-09-01,1988,9,Fish meal,Oils & Meals,($/mt),582.0,0.87,-3.96,45.5,15.71,-0.41
1988-10-01,1988,10,Fish meal,Oils & Meals,($/mt),575.0,-1.2,-5.58,41.63,12.75,-0.94
1988-11-01,1988,11,Fish meal,Oils & Meals,($/mt),556.0,-3.3,-3.64,24.94,16.08,-1.29
1988-12-01,1988,12,Fish meal,Oils & Meals,($/mt),534.0,-3.96,-8.25,12.66,10.79,-1.24
1989-01-01,1989,1,Fish meal,Oils & Meals,($/mt),481.0,-9.93,-16.35,1.69,0.21,-2.28
1989-02-01,1989,2,Fish meal,Oils & Meals,($/mt),464.0,-3.53,-16.55,-1.9,-0.43,-0.66
1989-03-01,1989,3,Fish meal,Oils & Meals,($/mt),437.0,-5.82,-18.16,-10.27,2.1,-0.99
1989-04-01,1989,4,Fish meal,Oils & Meals,($/mt),400.0,-8.47,-16.84,-23.08,-0.5,-1.28
1989-05-01,1989,5,Fish meal,Oils & Meals,($/mt),399.0,-0.25,-14.01,-26.25,4.45,0.3
1989-06-01,1989,6,Fish meal,Oils & Meals,($/mt),371.0,-7.02,-15.1,-38.78,-0.27,-0.82
1989-07-01,1989,7,Fish meal,Oils & Meals,($/mt),380.0,2.43,-5.0,-37.6,11.44,1.82
1989-08-01,1989,8,Fish meal,Oils & Meals,($/mt),359.0,-5.53,-10.03,-37.78,7.81,-0.46
1989-09-01,1989,9,Fish meal,Oils & Meals,($/mt),360.0,0.28,-2.96,-38.14,13.21,1.08
1989-10-01,1989,10,Fish meal,Oils & Meals,($/mt),393.0,9.17,3.42,-31.65,23.2,3.51
1989-11-01,1989,11,Fish meal,Oils & Meals,($/mt),419.0,6.62,16.71,-24.64,29.72,1.82
1989-12-01,1989,12,Fish meal,Oils & Meals,($/mt),438.0,4.53,21.67,-17.98,39.49,1.13
1990-01-01,1990,1,Fish meal,Oils & Meals,($/mt),430.0,-1.83,9.41,-10.6,40.07,-0.06
1990-02-01,1990,2,Fish meal,Oils & Meals,($/mt),426.0,-0.93,1.67,-8.19,45.89,-0.03
1990-03-01,1990,3,Fish meal,Oils & Meals,($/mt),385.0,-9.62,-12.1,-11.9,37.5,-1.63
1990-04-01,1990,4,Fish meal,Oils & Meals,($/mt),381.0,-1.04,-11.4,-4.75,40.59,-0.03
1990-05-01,1990,5,Fish meal,Oils & Meals,($/mt),374.0,-1.84,-12.21,-6.27,35.51,-0.29
1990-06-01,1990,6,Fish meal,Oils & Meals,($/mt),354.0,-5.35,-8.05,-4.58,38.28,-0.9
1990-07-01,1990,7,Fish meal,Oils & Meals,($/mt),383.0,8.19,0.52,0.79,50.79,1.58
1990-08-01,1990,8,Fish meal,Oils & Meals,($/mt),407.0,6.27,8.82,13.37,57.14,1.03
1990-09-01,1990,9,Fish meal,Oils & Meals,($/mt),417.0,2.46,17.8,15.83,57.36,0.22
1990-10-01,1990,10,Fish meal,Oils & Meals,($/mt),435.0,4.32,13.58,10.69,51.57,0.51
1990-11-01,1990,11,Fish meal,Oils & Meals,($/mt),473.0,8.74,16.22,12.89,53.57,1.45
1990-12-01,1990,12,Fish meal,Oils & Meals,($/mt),481.0,1.69,15.35,9.82,57.19,0.1
1991-01-01,1991,1,Fish meal,Oils & Meals,($/mt),480.0,-0.21,10.34,11.63,64.38,-0.21
1991-02-01,1991,2,Fish meal,Oils & Meals,($/mt),476.0,-0.83,0.63,11.74,63.01,-0.35
1991-03-01,1991,3,Fish meal,Oils & Meals,($/mt),455.0,-4.41,-5.41,18.18,41.74,-1.01
1991-04-01,1991,4,Fish meal,Oils & Meals,($/mt),459.0,0.88,-4.37,20.47,37.84,-0.13
1991-05-01,1991,5,Fish meal,Oils & Meals,($/mt),471.0,2.61,-1.05,25.94,48.58,0.21
1991-06-01,1991,6,Fish meal,Oils & Meals,($/mt),482.0,2.34,5.93,36.16,52.05,0.07
1991-07-01,1991,7,Fish meal,Oils & Meals,($/mt),471.0,-2.28,2.61,22.98,47.65,-1.31
1991-08-01,1991,8,Fish meal,Oils & Meals,($/mt),452.0,-4.03,-4.03,11.06,38.65,-1.62
1991-09-01,1991,9,Fish meal,Oils & Meals,($/mt),478.0,5.75,-0.83,14.63,41.0,1.31
1991-10-01,1991,10,Fish meal,Oils & Meals,($/mt),498.0,4.18,5.73,14.48,41.08,0.76
1991-11-01,1991,11,Fish meal,Oils & Meals,($/mt),512.0,2.81,13.27,8.25,56.1,0.41
1991-12-01,1991,12,Fish meal,Oils & Meals,($/mt),500.0,-2.34,4.6,3.95,61.29,-0.96
1992-01-01,1992,1,Fish meal,Oils & Meals,($/mt),500.0,0.0,0.4,4.17,57.73,-0.11
1992-02-01,1992,2,Fish meal,Oils & Meals,($/mt),494.0,-1.2,-3.52,3.78,53.42,-0.49
1992-03-01,1992,3,Fish meal,Oils & Meals,($/mt),488.0,-1.21,-2.4,7.25,46.99,-0.48
1992-04-01,1992,4,Fish meal,Oils & Meals,($/mt),489.0,0.2,-2.2,6.54,43.4,-0.14
1992-05-01,1992,5,Fish meal,Oils & Meals,($/mt),495.0,1.23,0.2,5.1,39.44,0.22
1992-06-01,1992,6,Fish meal,Oils & Meals,($/mt),491.0,-0.81,0.61,1.87,24.94,-0.43
1992-07-01,1992,7,Fish meal,Oils & Meals,($/mt),485.0,-1.22,-0.82,2.97,20.35,-0.49
1992-08-01,1992,8,Fish meal,Oils & Meals,($/mt),493.0,1.65,-0.4,9.07,19.37,0.49
1992-09-01,1992,9,Fish meal,Oils & Meals,($/mt),481.0,-2.43,-2.04,0.63,20.25,-1.3
1992-10-01,1992,10,Fish meal,Oils & Meals,($/mt),469.0,-2.49,-3.3,-5.82,15.52,-1.25
1992-11-01,1992,11,Fish meal,Oils & Meals,($/mt),455.0,-2.99,-7.71,-11.13,2.25,-1.46
1992-12-01,1992,12,Fish meal,Oils & Meals,($/mt),438.0,-3.74,-8.94,-12.4,-7.59,-1.85
1993-01-01,1993,1,Fish meal,Oils & Meals,($/mt),418.0,-4.57,-10.87,-16.4,-11.63,-2.1
1993-02-01,1993,2,Fish meal,Oils & Meals,($/mt),391.0,-6.46,-14.07,-20.85,-17.34,-2.64
1993-03-01,1993,3,Fish meal,Oils & Meals,($/mt),377.0,-3.58,-13.93,-22.75,-22.59,-0.71
1993-04-01,1993,4,Fish meal,Oils & Meals,($/mt),361.0,-4.24,-13.64,-26.18,-30.58,-0.89
1993-05-01,1993,5,Fish meal,Oils & Meals,($/mt),348.0,-3.6,-11.0,-29.7,-35.67,-0.48
1993-06-01,1993,6,Fish meal,Oils & Meals,($/mt),348.0,0.0,-7.69,-29.12,-42.57,1.39
1993-07-01,1993,7,Fish meal,Oils & Meals,($/mt),356.0,2.3,-1.39,-26.6,-41.54,2.37
1993-08-01,1993,8,Fish meal,Oils & Meals,($/mt),361.0,1.4,3.74,-26.77,-37.44,1.51
1993-09-01,1993,9,Fish meal,Oils & Meals,($/mt),353.0,-2.22,1.44,-26.61,-39.35,0.12
1993-10-01,1993,10,Fish meal,Oils & Meals,($/mt),339.0,-3.97,-4.78,-27.72,-41.04,-0.57
1993-11-01,1993,11,Fish meal,Oils & Meals,($/mt),358.0,5.6,-0.83,-21.32,-35.61,3.19
1993-12-01,1993,12,Fish meal,Oils & Meals,($/mt),367.0,2.51,3.97,-16.21,-31.27,1.26
1994-01-01,1994,1,Fish meal,Oils & Meals,($/mt),366.0,-0.27,7.96,-12.44,-23.91,0.31
1994-02-01,1994,2,Fish meal,Oils & Meals,($/mt),364.0,-0.55,1.68,-6.91,-21.55,0.14
1994-03-01,1994,3,Fish meal,Oils & Meals,($/mt),352.0,-3.3,-4.09,-6.63,-19.45,-0.88
1994-04-01,1994,4,Fish meal,Oils & Meals,($/mt),351.0,-0.28,-4.1,-2.77,-12.25,0.08
1994-05-01,1994,5,Fish meal,Oils & Meals,($/mt),362.0,3.13,-0.55,4.02,-9.27,1.17
1994-06-01,1994,6,Fish meal,Oils & Meals,($/mt),365.0,0.83,3.69,4.89,-1.62,0.17
1994-07-01,1994,7,Fish meal,Oils & Meals,($/mt),376.0,3.01,7.12,5.62,-1.05,0.93
1994-08-01,1994,8,Fish meal,Oils & Meals,($/mt),378.0,0.53,4.42,4.71,5.29,0.01
1994-09-01,1994,9,Fish meal,Oils & Meals,($/mt),392.0,3.7,7.4,11.05,8.89,1.16
1994-10-01,1994,10,Fish meal,Oils & Meals,($/mt),398.0,1.53,5.85,17.4,1.27,0.22
1994-11-01,1994,11,Fish meal,Oils & Meals,($/mt),394.0,-1.01,4.23,10.06,-5.97,-1.0
1994-12-01,1994,12,Fish meal,Oils & Meals,($/mt),418.0,6.09,6.63,13.9,-4.57,2.56
1995-01-01,1995,1,Fish meal,Oils & Meals,($/mt),435.0,4.07,9.3,18.85,1.16,1.17
1995-02-01,1995,2,Fish meal,Oils & Meals,($/mt),437.0,0.46,10.91,20.05,2.58,-0.39
1995-03-01,1995,3,Fish meal,Oils & Meals,($/mt),447.0,2.29,6.94,26.99,16.1,0.28
1995-04-01,1995,4,Fish meal,Oils & Meals,($/mt),447.0,0.0,2.76,27.35,17.32,-0.99
1995-05-01,1995,5,Fish meal,Oils & Meals,($/mt),436.0,-2.46,-0.23,20.44,16.58,-2.22
1995-06-01,1995,6,Fish meal,Oils & Meals,($/mt),467.0,7.11,4.47,27.95,31.92,2.33
1995-07-01,1995,7,Fish meal,Oils & Meals,($/mt),502.0,7.49,12.3,33.51,31.07,1.9
1995-08-01,1995,8,Fish meal,Oils & Meals,($/mt),493.0,-1.79,13.07,30.42,21.13,-1.32
1995-09-01,1995,9,Fish meal,Oils & Meals,($/mt),505.0,2.43,8.14,28.83,21.1,0.04
1995-10-01,1995,10,Fish meal,Oils & Meals,($/mt),522.0,3.37,3.98,31.16,20.0,0.35
1995-11-01,1995,11,Fish meal,Oils & Meals,($/mt),602.0,15.33,22.11,52.79,27.27,3.81
1995-12-01,1995,12,Fish meal,Oils & Meals,($/mt),647.0,7.48,28.12,54.78,34.51,0.77
1996-01-01,1996,1,Fish meal,Oils & Meals,($/mt),649.0,0.31,24.33,49.2,35.21,-0.71
1996-02-01,1996,2,Fish meal,Oils & Meals,($/mt),641.0,-1.23,6.48,46.68,34.66,-0.93
1996-03-01,1996,3,Fish meal,Oils & Meals,($/mt),616.0,-3.9,-4.79,37.81,35.38,-1.4
1996-04-01,1996,4,Fish meal,Oils & Meals,($/mt),583.0,-5.36,-10.17,30.43,27.02,-1.47
1996-05-01,1996,5,Fish meal,Oils & Meals,($/mt),564.0,-3.26,-12.01,29.36,19.75,-0.94
1996-06-01,1996,6,Fish meal,Oils & Meals,($/mt),563.0,-0.18,-8.6,20.56,16.8,-0.41
1996-07-01,1996,7,Fish meal,Oils & Meals,($/mt),547.0,-2.84,-6.17,8.96,16.14,-0.77
1996-08-01,1996,8,Fish meal,Oils & Meals,($/mt),539.0,-1.46,-4.43,9.33,19.25,-0.4
1996-09-01,1996,9,Fish meal,Oils & Meals,($/mt),566.0,5.01,0.53,12.08,18.41,0.72
1996-10-01,1996,10,Fish meal,Oils & Meals,($/mt),581.0,2.65,6.22,11.3,16.67,0.26
1996-11-01,1996,11,Fish meal,Oils & Meals,($/mt),600.0,3.27,11.32,-0.33,17.19,0.38
1996-12-01,1996,12,Fish meal,Oils & Meals,($/mt),583.0,-2.83,3.0,-9.89,16.6,-0.74
1997-01-01,1997,1,Fish meal,Oils & Meals,($/mt),576.0,-1.2,-0.86,-11.25,15.2,-0.12
1997-02-01,1997,2,Fish meal,Oils & Meals,($/mt),558.0,-3.12,-7.0,-12.95,12.96,-0.7
1997-03-01,1997,3,Fish meal,Oils & Meals,($/mt),554.0,-0.72,-4.97,-10.06,13.52,0.12
1997-04-01,1997,4,Fish meal,Oils & Meals,($/mt),547.0,-1.26,-5.03,-6.17,11.86,-0.14
1997-05-01,1997,5,Fish meal,Oils & Meals,($/mt),548.0,0.18,-1.79,-2.84,10.71,0.25
1997-06-01,1997,6,Fish meal,Oils & Meals,($/mt),558.0,1.82,0.72,-0.89,13.65,0.78
1997-07-01,1997,7,Fish meal,Oils & Meals,($/mt),581.0,4.12,6.22,6.22,19.79,1.57
1997-08-01,1997,8,Fish meal,Oils & Meals,($/mt),621.0,6.88,13.32,15.21,25.96,2.31
1997-09-01,1997,9,Fish meal,Oils & Meals,($/mt),637.0,2.58,14.16,12.54,32.43,0.42
1997-10-01,1997,10,Fish meal,Oils & Meals,($/mt),658.0,3.3,13.25,13.25,40.3,0.75
1997-11-01,1997,11,Fish meal,Oils & Meals,($/mt),716.0,8.81,15.3,19.33,57.36,2.52
1997-12-01,1997,12,Fish meal,Oils & Meals,($/mt),721.0,0.7,13.19,23.67,64.61,-0.23
1998-01-01,1998,1,Fish meal,Oils & Meals,($/mt),703.0,-2.5,6.84,22.05,68.18,-1.23
1998-02-01,1998,2,Fish meal,Oils & Meals,($/mt),699.0,-0.57,-2.37,25.27,78.77,-0.63
1998-03-01,1998,3,Fish meal,Oils & Meals,($/mt),682.0,-2.43,-5.41,23.1,80.9,-1.29
1998-04-01,1998,4,Fish meal,Oils & Meals,($/mt),684.0,0.29,-2.7,25.05,89.47,-0.43
1998-05-01,1998,5,Fish meal,Oils & Meals,($/mt),685.0,0.15,-2.0,25.0,96.84,-0.52
1998-06-01,1998,6,Fish meal,Oils & Meals,($/mt),675.0,-1.46,-1.03,20.97,93.97,-0.98
1998-07-01,1998,7,Fish meal,Oils & Meals,($/mt),660.0,-2.22,-3.51,13.6,85.39,-1.08
1998-08-01,1998,8,Fish meal,Oils & Meals,($/mt),670.0,1.52,-2.19,7.89,85.6,0.11
1998-09-01,1998,9,Fish meal,Oils & Meals,($/mt),681.0,1.64,0.89,6.91,92.92,0.3
1998-10-01,1998,10,Fish meal,Oils & Meals,($/mt),662.0,-2.79,0.3,0.61,95.28,-1.08
1998-11-01,1998,11,Fish meal,Oils & Meals,($/mt),601.0,-9.21,-10.3,-16.06,67.88,-2.94
1998-12-01,1998,12,Fish meal,Oils & Meals,($/mt),541.0,-9.98,-20.56,-24.97,47.41,-2.93
1999-01-01,1999,1,Fish meal,Oils & Meals,($/mt),444.0,-17.93,-32.93,-36.84,21.31,-4.18
1999-02-01,1999,2,Fish meal,Oils & Meals,($/mt),427.0,-3.83,-28.95,-38.91,17.31,-0.04
1999-03-01,1999,3,Fish meal,Oils & Meals,($/mt),407.0,-4.68,-24.77,-40.32,15.62,-0.14
1999-04-01,1999,4,Fish meal,Oils & Meals,($/mt),391.0,-3.93,-11.94,-42.84,11.4,0.02
1999-05-01,1999,5,Fish meal,Oils & Meals,($/mt),375.0,-4.09,-12.18,-45.26,3.59,0.05
1999-06-01,1999,6,Fish meal,Oils & Meals,($/mt),424.0,13.07,4.18,-37.19,16.16,3.28
1999-07-01,1999,7,Fish meal,Oils & Meals,($/mt),430.0,1.42,9.97,-34.85,14.36,0.66
1999-08-01,1999,8,Fish meal,Oils & Meals,($/mt),407.0,-5.35,8.53,-39.25,7.67,-0.28
1999-09-01,1999,9,Fish meal,Oils & Meals,($/mt),395.0,-2.95,-6.84,-42.0,0.77,0.11
1999-10-01,1999,10,Fish meal,Oils & Meals,($/mt),379.0,-4.05,-11.86,-42.75,-4.77,0.02
1999-11-01,1999,11,Fish meal,Oils & Meals,($/mt),376.0,-0.79,-7.62,-37.44,-4.57,0.48
1999-12-01,1999,12,Fish meal,Oils & Meals,($/mt),438.0,16.49,10.89,-19.04,4.78,2.81
2000-01-01,2000,1,Fish meal,Oils & Meals,($/mt),444.0,1.37,17.15,0.0,2.07,0.31
2000-02-01,2000,2,Fish meal,Oils & Meals,($/mt),427.0,-3.83,13.56,0.0,-2.29,-0.56
2000-03-01,2000,3,Fish meal,Oils & Meals,($/mt),407.0,-4.68,-7.08,0.0,-8.95,-0.68
2000-04-01,2000,4,Fish meal,Oils & Meals,($/mt),391.0,-3.93,-11.94,0.0,-12.53,-0.58
2000-05-01,2000,5,Fish meal,Oils & Meals,($/mt),375.0,-4.09,-12.18,0.0,-13.99,-0.6
2000-06-01,2000,6,Fish meal,Oils & Meals,($/mt),424.0,13.07,4.18,0.0,-9.21,1.79
2000-07-01,2000,7,Fish meal,Oils & Meals,($/mt),430.0,1.42,9.97,0.0,-14.34,0.17
2000-08-01,2000,8,Fish meal,Oils & Meals,($/mt),407.0,-5.35,8.53,0.0,-17.44,-0.77
2000-09-01,2000,9,Fish meal,Oils & Meals,($/mt),395.0,-2.95,-6.84,0.0,-21.78,-0.44
2000-10-01,2000,10,Fish meal,Oils & Meals,($/mt),379.0,-4.05,-11.86,0.0,-27.39,-0.59
2000-11-01,2000,11,Fish meal,Oils & Meals,($/mt),376.0,-0.79,-7.62,0.0,-37.54,-0.14
2000-12-01,2000,12,Fish meal,Oils & Meals,($/mt),438.0,16.49,10.89,0.0,-32.3,2.26
2001-01-01,2001,1,Fish meal,Oils & Meals,($/mt),486.0,10.96,28.23,9.46,-25.12,1.49
2001-02-01,2001,2,Fish meal,Oils & Meals,($/mt),460.0,-5.35,22.34,7.73,-28.24,-0.81
2001-03-01,2001,3,Fish meal,Oils & Meals,($/mt),431.0,-6.3,-1.6,5.9,-30.03,-0.91
2001-04-01,2001,4,Fish meal,Oils & Meals,($/mt),420.0,-2.55,-13.58,7.42,-27.96,-0.41
2001-05-01,2001,5,Fish meal,Oils & Meals,($/mt),407.0,-3.1,-11.52,8.53,-27.84,-0.5
2001-06-01,2001,6,Fish meal,Oils & Meals,($/mt),416.0,2.21,-3.48,-1.89,-26.11,0.16
2001-07-01,2001,7,Fish meal,Oils & Meals,($/mt),443.0,6.49,5.48,3.02,-19.01,0.92
2001-08-01,2001,8,Fish meal,Oils & Meals,($/mt),492.0,11.06,20.88,20.88,-8.72,1.46
2001-09-01,2001,9,Fish meal,Oils & Meals,($/mt),499.0,1.42,19.95,26.33,-11.84,-0.06
2001-10-01,2001,10,Fish meal,Oils & Meals,($/mt),492.0,-1.4,11.06,29.82,-15.32,-0.49
2001-11-01,2001,11,Fish meal,Oils & Meals,($/mt),504.0,2.44,2.44,34.04,-16.0,0.0
2001-12-01,2001,12,Fish meal,Oils & Meals,($/mt),533.0,5.75,6.81,21.69,-8.58,0.43
2002-01-01,2002,1,Fish meal,Oils & Meals,($/mt),588.0,10.32,19.51,20.99,2.08,1.45
2002-02-01,2002,2,Fish meal,Oils & Meals,($/mt),622.0,5.78,23.41,35.22,11.47,0.7
2002-03-01,2002,3,Fish meal,Oils & Meals,($/mt),623.0,0.16,16.89,44.55,12.45,-0.46
2002-04-01,2002,4,Fish meal,Oils & Meals,($/mt),642.0,3.05,9.18,52.86,17.37,-0.04
2002-05-01,2002,5,Fish meal,Oils & Meals,($/mt),676.0,5.3,8.68,66.09,23.36,0.37
2002-06-01,2002,6,Fish meal,Oils & Meals,($/mt),674.0,-0.3,8.19,62.02,20.79,-1.23
2002-07-01,2002,7,Fish meal,Oils & Meals,($/mt),658.0,-2.37,2.49,48.53,13.25,-1.64
2002-08-01,2002,8,Fish meal,Oils & Meals,($/mt),649.0,-1.37,-3.99,31.91,4.51,-1.11
2002-09-01,2002,9,Fish meal,Oils & Meals,($/mt),646.0,-0.46,-4.15,29.46,1.41,-0.75
2002-10-01,2002,10,Fish meal,Oils & Meals,($/mt),638.0,-1.24,-3.04,29.67,-3.04,-0.9
2002-11-01,2002,11,Fish meal,Oils & Meals,($/mt),627.0,-1.72,-3.39,24.4,-12.43,-1.03
2002-12-01,2002,12,Fish meal,Oils & Meals,($/mt),623.0,-0.64,-3.56,16.89,-13.59,-0.63
2003-01-01,2003,1,Fish meal,Oils & Meals,($/mt),640.0,2.73,0.31,8.84,-8.96,0.35
2003-02-01,2003,2,Fish meal,Oils & Meals,($/mt),629.0,-1.72,0.32,1.13,-10.01,-0.89
2003-03-01,2003,3,Fish meal,Oils & Meals,($/mt),620.0,-1.43,-0.48,-0.48,-9.09,-0.66
2003-04-01,2003,4,Fish meal,Oils & Meals,($/mt),602.0,-2.9,-5.94,-6.23,-11.99,-1.21
2003-05-01,2003,5,Fish meal,Oils & Meals,($/mt),630.0,4.65,0.16,-6.8,-8.03,2.24
2003-06-01,2003,6,Fish meal,Oils & Meals,($/mt),657.0,4.29,5.97,-2.52,-2.67,2.24
2003-07-01,2003,7,Fish meal,Oils & Meals,($/mt),644.0,-1.98,6.98,-2.13,-2.42,-0.7
2003-08-01,2003,8,Fish meal,Oils & Meals,($/mt),623.0,-3.26,-1.11,-4.01,-7.01,-1.22
2003-09-01,2003,9,Fish meal,Oils & Meals,($/mt),627.0,0.64,-4.57,-2.94,-7.93,0.35
2003-10-01,2003,10,Fish meal,Oils & Meals,($/mt),651.0,3.83,1.09,2.04,-1.66,1.5
2003-11-01,2003,11,Fish meal,Oils & Meals,($/mt),676.0,3.84,8.51,7.81,12.48,1.25
2003-12-01,2003,12,Fish meal,Oils & Meals,($/mt),684.0,1.18,9.09,9.79,26.43,0.17
2004-01-01,2004,1,Fish meal,Oils & Meals,($/mt),682.0,-0.29,4.76,6.56,53.6,-0.37
2004-02-01,2004,2,Fish meal,Oils & Meals,($/mt),685.0,0.44,1.33,8.9,60.42,-0.04
2004-03-01,2004,3,Fish meal,Oils & Meals,($/mt),663.0,-3.21,-3.07,6.94,62.9,-1.39
2004-04-01,2004,4,Fish meal,Oils & Meals,($/mt),652.0,-1.66,-4.4,8.31,66.75,-0.75
2004-05-01,2004,5,Fish meal,Oils & Meals,($/mt),643.0,-1.38,-6.13,2.06,71.47,-0.72
2004-06-01,2004,6,Fish meal,Oils & Meals,($/mt),645.0,0.31,-2.71,-1.83,52.12,0.04
2004-07-01,2004,7,Fish meal,Oils & Meals,($/mt),638.0,-1.09,-2.15,-0.93,48.37,-0.41
2004-08-01,2004,8,Fish meal,Oils & Meals,($/mt),624.0,-2.19,-2.95,0.16,53.32,-0.93
2004-09-01,2004,9,Fish meal,Oils & Meals,($/mt),625.0,0.16,-3.1,-0.32,58.23,0.06
2004-10-01,2004,10,Fish meal,Oils & Meals,($/mt),629.0,0.64,-1.41,-3.38,65.96,0.3
2004-11-01,2004,11,Fish meal,Oils & Meals,($/mt),643.0,2.23,3.04,-4.88,71.01,1.36
2004-12-01,2004,12,Fish meal,Oils & Meals,($/mt),654.0,1.71,4.64,-4.39,49.32,1.37
2005-01-01,2005,1,Fish meal,Oils & Meals,($/mt),711.0,8.72,13.04,4.25,60.14,5.68
2005-02-01,2005,2,Fish meal,Oils & Meals,($/mt),715.0,0.56,11.2,4.38,67.45,0.06
2005-03-01,2005,3,Fish meal,Oils & Meals,($/mt),692.0,-3.22,5.81,4.37,70.02,-1.18
2005-04-01,2005,4,Fish meal,Oils & Meals,($/mt),680.0,-1.73,-4.36,4.29,73.91,-0.69
2005-05-01,2005,5,Fish meal,Oils & Meals,($/mt),671.0,-1.32,-6.15,4.35,78.93,-0.56
2005-06-01,2005,6,Fish meal,Oils & Meals,($/mt),673.0,0.3,-2.75,4.34,58.73,-0.03
2005-07-01,2005,7,Fish meal,Oils & Meals,($/mt),666.0,-1.04,-2.06,4.39,54.88,-0.47
2005-08-01,2005,8,Fish meal,Oils & Meals,($/mt),651.0,-2.25,-2.98,4.33,59.95,-0.86
2005-09-01,2005,9,Fish meal,Oils & Meals,($/mt),652.0,0.15,-3.12,4.32,65.06,-0.08
2005-10-01,2005,10,Fish meal,Oils & Meals,($/mt),656.0,0.61,-1.5,4.29,73.09,0.07
2005-11-01,2005,11,Fish meal,Oils & Meals,($/mt),671.0,2.29,3.07,4.35,78.46,0.62
2005-12-01,2005,12,Fish meal,Oils & Meals,($/mt),682.0,1.64,4.6,4.28,55.71,0.4
2006-01-01,2006,1,Fish meal,Oils & Meals,($/mt),655.0,-3.96,-0.15,-7.88,34.77,-1.41
2006-02-01,2006,2,Fish meal,Oils & Meals,($/mt),668.0,1.98,-0.45,-6.57,45.22,1.38
2006-03-01,2006,3,Fish meal,Oils & Meals,($/mt),681.0,1.95,-0.15,-1.59,58.0,1.22
2006-04-01,2006,4,Fish meal,Oils & Meals,($/mt),683.0,0.29,4.27,0.44,62.62,0.21
2006-05-01,2006,5,Fish meal,Oils & Meals,($/mt),723.0,5.86,8.23,7.75,77.64,3.05
2006-06-01,2006,6,Fish meal,Oils & Meals,($/mt),733.0,1.38,7.64,8.92,76.2,0.3
2006-07-01,2006,7,Fish meal,Oils & Meals,($/mt),759.0,3.55,11.13,13.96,71.33,1.13
2006-08-01,2006,8,Fish meal,Oils & Meals,($/mt),777.0,2.37,7.47,19.35,57.93,0.49
2006-09-01,2006,9,Fish meal,Oils & Meals,($/mt),802.0,3.22,9.41,23.01,60.72,0.74
2006-10-01,2006,10,Fish meal,Oils & Meals,($/mt),860.0,7.23,13.31,31.1,74.8,2.36
2006-11-01,2006,11,Fish meal,Oils & Meals,($/mt),849.0,-1.28,9.27,26.53,68.45,-1.3
2006-12-01,2006,12,Fish meal,Oils & Meals,($/mt),873.0,2.83,8.85,28.01,63.79,0.27
2007-01-01,2007,1,Fish meal,Oils & Meals,($/mt),908.0,4.01,5.58,38.63,54.42,0.64
2007-02-01,2007,2,Fish meal,Oils & Meals,($/mt),917.0,0.99,8.01,37.28,47.43,-0.78
2007-03-01,2007,3,Fish meal,Oils & Meals,($/mt),937.0,2.18,7.33,37.59,50.4,-0.22
2007-04-01,2007,4,Fish meal,Oils & Meals,($/mt),978.0,4.38,7.71,43.19,52.34,0.71
2007-05-01,2007,5,Fish meal,Oils & Meals,($/mt),1200.0,22.7,30.86,65.98,77.51,8.76
2007-06-01,2007,6,Fish meal,Oils & Meals,($/mt),1354.0,12.83,44.5,84.72,100.89,1.37
2007-07-01,2007,7,Fish meal,Oils & Meals,($/mt),1383.0,2.14,41.41,82.21,110.18,-0.51
2007-08-01,2007,8,Fish meal,Oils & Meals,($/mt),1360.0,-1.66,13.33,75.03,109.55,-1.07
2007-09-01,2007,9,Fish meal,Oils & Meals,($/mt),1221.0,-10.22,-9.82,52.24,89.01,-2.24
2007-10-01,2007,10,Fish meal,Oils & Meals,($/mt),1215.0,-0.49,-12.15,41.28,90.44,-0.54
2007-11-01,2007,11,Fish meal,Oils & Meals,($/mt),1241.0,2.14,-8.75,46.17,97.93,-0.13
2007-12-01,2007,12,Fish meal,Oils & Meals,($/mt),1283.0,3.38,5.08,46.96,105.94,-0.01
2008-01-01,2008,1,Fish meal,Oils & Meals,($/mt),1230.0,-4.13,1.23,35.46,92.19,-0.96
2008-02-01,2008,2,Fish meal,Oils & Meals,($/mt),1255.0,2.03,1.13,36.86,99.52,-0.1
2008-03-01,2008,3,Fish meal,Oils & Meals,($/mt),1271.0,1.27,-0.94,35.65,105.0,-0.2
2008-04-01,2008,4,Fish meal,Oils & Meals,($/mt),1289.0,1.42,4.8,31.8,114.12,-0.18
2008-05-01,2008,5,Fish meal,Oils & Meals,($/mt),1266.0,-1.78,0.88,5.5,100.95,-0.53
2008-06-01,2008,6,Fish meal,Oils & Meals,($/mt),1233.0,-2.61,-2.99,-8.94,87.67,-0.59
2008-07-01,2008,7,Fish meal,Oils & Meals,($/mt),1149.0,-6.81,-10.86,-16.92,78.42,-1.62
2008-08-01,2008,8,Fish meal,Oils & Meals,($/mt),1104.0,-3.92,-12.8,-18.82,77.21,-0.61
2008-09-01,2008,9,Fish meal,Oils & Meals,($/mt),1123.0,1.72,-8.92,-8.03,79.11,0.82
2008-10-01,2008,10,Fish meal,Oils & Meals,($/mt),1154.0,2.76,0.44,-5.02,77.27,1.07
2008-11-01,2008,11,Fish meal,Oils & Meals,($/mt),1188.0,2.95,7.61,-4.27,75.74,1.0
2008-12-01,2008,12,Fish meal,Oils & Meals,($/mt),1181.0,-0.59,5.16,-7.95,72.66,-0.08
2009-01-01,2009,1,Fish meal,Oils & Meals,($/mt),1192.0,0.93,3.29,-3.09,74.78,0.49
2009-02-01,2009,2,Fish meal,Oils & Meals,($/mt),1192.0,0.0,0.34,-5.02,74.01,0.07
2009-03-01,2009,3,Fish meal,Oils & Meals,($/mt),1254.0,5.2,6.18,-1.34,89.14,1.91
2009-04-01,2009,4,Fish meal,Oils & Meals,($/mt),1274.0,1.59,6.88,-1.16,95.4,0.5
2009-05-01,2009,5,Fish meal,Oils & Meals,($/mt),1259.0,-1.18,5.62,-0.55,95.8,-0.34
2009-06-01,2009,6,Fish meal,Oils & Meals,($/mt),1264.0,0.4,0.8,2.51,95.97,0.12
2009-07-01,2009,7,Fish meal,Oils & Meals,($/mt),1279.0,1.19,0.39,11.31,100.47,0.29
2009-08-01,2009,8,Fish meal,Oils & Meals,($/mt),1217.0,-4.85,-3.34,10.24,95.03,-2.51
2009-09-01,2009,9,Fish meal,Oils & Meals,($/mt),1162.0,-4.52,-8.07,3.47,85.92,-2.16
2009-10-01,2009,10,Fish meal,Oils & Meals,($/mt),1079.0,-7.14,-15.64,-6.5,71.54,-2.57
2009-11-01,2009,11,Fish meal,Oils & Meals,($/mt),1029.0,-4.63,-15.45,-13.38,60.03,-1.18
2009-12-01,2009,12,Fish meal,Oils & Meals,($/mt),1093.0,6.22,-5.94,-7.45,67.13,2.1
2010-01-01,2010,1,Fish meal,Oils & Meals,($/mt),1076.0,-1.56,-0.28,-9.73,51.34,-0.24
2010-02-01,2010,2,Fish meal,Oils & Meals,($/mt),1034.0,-3.9,0.49,-13.26,44.62,-0.77
2010-03-01,2010,3,Fish meal,Oils & Meals,($/mt),1061.0,2.61,-2.93,-15.39,53.32,0.89
2010-04-01,2010,4,Fish meal,Oils & Meals,($/mt),1072.0,1.04,-0.37,-15.86,57.65,0.61
2010-05-01,2010,5,Fish meal,Oils & Meals,($/mt),1108.0,3.36,7.16,-11.99,65.13,1.23
2010-06-01,2010,6,Fish meal,Oils & Meals,($/mt),1137.0,2.62,7.16,-10.05,68.95,0.89
2010-07-01,2010,7,Fish meal,Oils & Meals,($/mt),1140.0,0.26,6.34,-10.87,71.17,0.25
2010-08-01,2010,8,Fish meal,Oils & Meals,($/mt),1156.0,1.4,4.33,-5.01,77.57,0.55
2010-09-01,2010,9,Fish meal,Oils & Meals,($/mt),1182.0,2.25,3.96,1.72,81.29,0.65
2010-10-01,2010,10,Fish meal,Oils & Meals,($/mt),1198.0,1.35,5.09,11.03,82.62,0.3
2010-11-01,2010,11,Fish meal,Oils & Meals,($/mt),1203.0,0.42,4.07,16.91,79.28,-0.16
2010-12-01,2010,12,Fish meal,Oils & Meals,($/mt),1301.0,8.15,10.07,19.03,90.76,2.7
2011-01-01,2011,1,Fish meal,Oils & Meals,($/mt),1325.0,1.84,10.6,23.14,102.29,0.12
2011-02-01,2011,2,Fish meal,Oils & Meals,($/mt),1282.0,-3.25,6.57,23.98,91.92,-1.84
2011-03-01,2011,3,Fish meal,Oils & Meals,($/mt),1318.0,2.81,1.31,24.22,93.54,0.37
2011-04-01,2011,4,Fish meal,Oils & Meals,($/mt),1477.0,12.06,11.47,37.78,116.25,3.9
2011-05-01,2011,5,Fish meal,Oils & Meals,($/mt),1435.0,-2.84,11.93,29.51,98.48,-1.43
2011-06-01,2011,6,Fish meal,Oils & Meals,($/mt),1377.0,-4.04,4.48,21.11,87.86,-1.49
2011-07-01,2011,7,Fish meal,Oils & Meals,($/mt),1352.0,-1.82,-8.46,18.6,78.13,-0.77
2011-08-01,2011,8,Fish meal,Oils & Meals,($/mt),1284.0,-5.03,-10.52,11.07,65.25,-1.4
2011-09-01,2011,9,Fish meal,Oils & Meals,($/mt),1658.0,29.13,20.41,40.27,106.73,5.56
2011-10-01,2011,10,Fish meal,Oils & Meals,($/mt),1685.0,1.63,24.63,40.65,95.93,-0.17
2011-11-01,2011,11,Fish meal,Oils & Meals,($/mt),1597.0,-5.22,24.38,32.75,88.1,-0.88
2011-12-01,2011,12,Fish meal,Oils & Meals,($/mt),1516.0,-5.07,-8.56,16.53,73.65,-0.8
2012-01-01,2012,1,Fish meal,Oils & Meals,($/mt),1616.0,6.6,-4.09,21.96,77.97,0.49
2012-02-01,2012,2,Fish meal,Oils & Meals,($/mt),1761.0,8.97,10.27,37.36,92.04,0.69
2012-03-01,2012,3,Fish meal,Oils & Meals,($/mt),1767.0,0.34,16.56,34.07,88.58,-0.27
2012-04-01,2012,4,Fish meal,Oils & Meals,($/mt),1734.0,-1.87,7.3,17.4,77.3,-0.47
2012-05-01,2012,5,Fish meal,Oils & Meals,($/mt),1607.0,-7.32,-8.75,11.99,33.92,-0.93
2012-06-01,2012,6,Fish meal,Oils & Meals,($/mt),1558.0,-3.05,-11.83,13.14,15.07,-0.44
2012-07-01,2012,7,Fish meal,Oils & Meals,($/mt),1503.0,-3.53,-13.32,11.17,8.68,-0.5
2012-08-01,2012,8,Fish meal,Oils & Meals,($/mt),1431.0,-4.79,-10.95,11.45,5.22,-0.61
2012-09-01,2012,9,Fish meal,Oils & Meals,($/mt),1354.0,-5.38,-13.09,-18.34,10.89,-0.67
2012-10-01,2012,10,Fish meal,Oils & Meals,($/mt),1360.0,0.44,-9.51,-19.29,11.93,0.4
2012-11-01,2012,11,Fish meal,Oils & Meals,($/mt),1339.0,-1.54,-6.43,-16.16,7.9,0.02
2012-12-01,2012,12,Fish meal,Oils & Meals,($/mt),1303.0,-2.69,-3.77,-14.05,1.56,-0.27
2013-01-01,2013,1,Fish meal,Oils & Meals,($/mt),1926.0,47.81,41.62,19.18,56.59,10.3
2013-02-01,2013,2,Fish meal,Oils & Meals,($/mt),1901.0,-1.3,41.97,7.95,51.47,-0.24
2013-03-01,2013,3,Fish meal,Oils & Meals,($/mt),1801.0,-5.26,38.22,1.92,41.7,-0.45
2013-04-01,2013,4,Fish meal,Oils & Meals,($/mt),1851.0,2.78,-3.89,6.75,43.6,0.12
2013-05-01,2013,5,Fish meal,Oils & Meals,($/mt),1823.0,-1.51,-4.1,13.44,44.0,-0.19
2013-06-01,2013,6,Fish meal,Oils & Meals,($/mt),1786.0,-2.03,-0.83,14.63,44.85,-0.26
2013-07-01,2013,7,Fish meal,Oils & Meals,($/mt),1720.0,-3.7,-7.08,14.44,49.7,-0.38
2013-08-01,2013,8,Fish meal,Oils & Meals,($/mt),1714.0,-0.35,-5.98,19.78,55.25,-0.15
2013-09-01,2013,9,Fish meal,Oils & Meals,($/mt),1669.0,-2.63,-6.55,23.26,48.62,-0.34
2013-10-01,2013,10,Fish meal,Oils & Meals,($/mt),1651.0,-1.08,-4.01,21.4,43.07,-0.25
2013-11-01,2013,11,Fish meal,Oils & Meals,($/mt),1615.0,-2.18,-5.78,20.61,35.94,-0.32
2013-12-01,2013,12,Fish meal,Oils & Meals,($/mt),1552.0,-3.9,-7.01,19.11,31.41,-0.43
2014-01-01,2014,1,Fish meal,Oils & Meals,($/mt),1536.0,-1.03,-6.97,-20.25,28.86,-0.22
2014-02-01,2014,2,Fish meal,Oils & Meals,($/mt),1557.0,1.37,-3.59,-18.1,30.62,1.58
2014-03-01,2014,3,Fish meal,Oils & Meals,($/mt),1651.0,6.04,6.38,-8.33,31.66,3.43
2014-04-01,2014,4,Fish meal,Oils & Meals,($/mt),1629.0,-1.33,6.05,-11.99,27.86,-0.23
2014-05-01,2014,5,Fish meal,Oils & Meals,($/mt),1633.0,0.25,4.88,-10.42,29.71,0.48
2014-06-01,2014,6,Fish meal,Oils & Meals,($/mt),1721.0,5.39,4.24,-3.64,36.16,2.36
2014-07-01,2014,7,Fish meal,Oils & Meals,($/mt),1734.0,0.76,6.45,0.81,35.57,0.32
2014-08-01,2014,8,Fish meal,Oils & Meals,($/mt),1729.0,-0.29,5.88,0.88,42.07,-0.13
2014-09-01,2014,9,Fish meal,Oils & Meals,($/mt),1679.0,-2.89,-2.44,0.6,44.49,-1.0
2014-10-01,2014,10,Fish meal,Oils & Meals,($/mt),1696.0,1.01,-2.19,2.73,57.18,0.31
2014-11-01,2014,11,Fish meal,Oils & Meals,($/mt),1806.0,6.49,4.45,11.83,75.51,2.07
2014-12-01,2014,12,Fish meal,Oils & Meals,($/mt),1795.0,-0.61,6.91,15.66,64.23,-0.47
2015-01-01,2015,1,Fish meal,Oils & Meals,($/mt),1713.0,-4.57,1.0,11.52,59.2,-1.9
2015-02-01,2015,2,Fish meal,Oils & Meals,($/mt),1677.0,-2.1,-7.14,7.71,62.19,-0.89
2015-03-01,2015,3,Fish meal,Oils & Meals,($/mt),1571.0,-6.32,-12.48,-4.85,48.07,-1.96
2015-04-01,2015,4,Fish meal,Oils & Meals,($/mt),1570.0,-0.06,-8.35,-3.62,46.46,0.08
2015-05-01,2015,5,Fish meal,Oils & Meals,($/mt),1620.0,3.18,-3.4,-0.8,46.21,0.94
2015-06-01,2015,6,Fish meal,Oils & Meals,($/mt),1547.0,-4.51,-1.53,-10.11,36.06,-1.19
2015-07-01,2015,7,Fish meal,Oils & Meals,($/mt),1440.0,-6.92,-8.28,-16.96,26.32,-1.71
2015-08-01,2015,8,Fish meal,Oils & Meals,($/mt),1466.0,1.81,-9.51,-15.21,26.82,0.83
2015-09-01,2015,9,Fish meal,Oils & Meals,($/mt),1472.0,0.41,-4.85,-12.33,24.53,0.42
2015-10-01,2015,10,Fish meal,Oils & Meals,($/mt),1520.0,3.26,5.56,-10.38,26.88,1.06
2015-11-01,2015,11,Fish meal,Oils & Meals,($/mt),1518.0,-0.13,3.55,-15.95,26.18,0.17
2015-12-01,2015,12,Fish meal,Oils & Meals,($/mt),1537.0,1.25,4.42,-14.37,18.14,0.75
2016-01-01,2016,1,Fish meal,Oils & Meals,($/mt),1499.0,-2.47,-1.38,-12.49,13.13,-0.35
2016-02-01,2016,2,Fish meal,Oils & Meals,($/mt),1512.0,0.87,-0.4,-9.84,17.94,0.56
2016-03-01,2016,3,Fish meal,Oils & Meals,($/mt),1444.0,-4.5,-6.05,-8.08,9.56,-1.06
2016-04-01,2016,4,Fish meal,Oils & Meals,($/mt),1474.0,2.08,-1.67,-6.11,-0.2,0.84
2016-05-01,2016,5,Fish meal,Oils & Meals,($/mt),1501.0,1.83,-0.73,-7.35,4.6,0.69
2016-06-01,2016,6,Fish meal,Oils & Meals,($/mt),1517.0,1.07,5.06,-1.94,10.17,0.51
2016-07-01,2016,7,Fish meal,Oils & Meals,($/mt),1493.0,-1.58,1.29,3.68,10.43,-0.49
2016-08-01,2016,8,Fish meal,Oils & Meals,($/mt),1540.0,3.15,2.6,5.05,19.94,1.29
2016-09-01,2016,9,Fish meal,Oils & Meals,($/mt),1537.0,-0.19,1.32,4.42,-7.3,-0.27
2016-10-01,2016,10,Fish meal,Oils & Meals,($/mt),1488.0,-3.19,-0.33,-2.11,-11.69,-1.55
2016-11-01,2016,11,Fish meal,Oils & Meals,($/mt),1460.0,-1.88,-5.19,-3.82,-8.58,-0.74
2016-12-01,2016,12,Fish meal,Oils & Meals,($/mt),1423.0,-2.53,-7.42,-7.42,-6.13,-0.94
2017-01-01,2017,1,Fish meal,Oils & Meals,($/mt),1398.0,-1.76,-6.05,-6.74,-13.49,-0.47
2017-02-01,2017,2,Fish meal,Oils & Meals,($/mt),1351.0,-3.36,-7.47,-10.65,-23.28,-1.19
2017-03-01,2017,3,Fish meal,Oils & Meals,($/mt),1306.0,-3.33,-8.22,-9.56,-26.09,-0.99
2017-04-01,2017,4,Fish meal,Oils & Meals,($/mt),1298.0,-0.61,-7.15,-11.94,-25.14,0.08
2017-05-01,2017,5,Fish meal,Oils & Meals,($/mt),1330.0,2.47,-1.55,-11.39,-17.24,1.64
2017-06-01,2017,6,Fish meal,Oils & Meals,($/mt),1333.0,0.23,2.07,-12.13,-14.44,0.54
2017-07-01,2017,7,Fish meal,Oils & Meals,($/mt),1355.0,1.65,4.39,-9.24,-9.85,1.25
2017-08-01,2017,8,Fish meal,Oils & Meals,($/mt),1386.0,2.29,4.21,-10.0,-3.14,1.34
2017-09-01,2017,9,Fish meal,Oils & Meals,($/mt),1406.0,1.44,5.48,-8.52,3.84,1.06
2017-10-01,2017,10,Fish meal,Oils & Meals,($/mt),1379.0,-1.92,1.77,-7.33,1.4,-0.53
2017-11-01,2017,11,Fish meal,Oils & Meals,($/mt),1386.0,0.51,0.0,-5.07,3.51,0.52
2017-12-01,2017,12,Fish meal,Oils & Meals,($/mt),1477.0,6.57,5.05,3.79,13.35,3.26
2018-01-01,2018,1,Fish meal,Oils & Meals,($/mt),1597.0,8.12,15.81,14.23,-17.08,2.76
2018-02-01,2018,2,Fish meal,Oils & Meals,($/mt),1606.0,0.56,15.87,18.87,-15.52,-0.17
2018-03-01,2018,3,Fish meal,Oils & Meals,($/mt),1604.0,-0.12,8.6,22.82,-10.94,-0.5
2018-04-01,2018,4,Fish meal,Oils & Meals,($/mt),1578.0,-1.62,-1.19,21.57,-14.75,-1.17
2018-05-01,2018,5,Fish meal,Oils & Meals,($/mt),1513.0,-4.12,-5.79,13.76,-17.0,-1.94
2018-06-01,2018,6,Fish meal,Oils & Meals,($/mt),1494.0,-1.26,-6.86,12.08,-16.35,-0.7
2018-07-01,2018,7,Fish meal,Oils & Meals,($/mt),1496.0,0.13,-5.2,10.41,-13.02,-0.25
2018-08-01,2018,8,Fish meal,Oils & Meals,($/mt),1475.0,-1.4,-2.51,6.42,-13.94,-0.66
2018-09-01,2018,9,Fish meal,Oils & Meals,($/mt),1493.0,1.22,-0.07,6.19,-10.55,0.18
2018-10-01,2018,10,Fish meal,Oils & Meals,($/mt),1485.0,-0.54,-0.74,7.69,-10.05,-0.31
2018-11-01,2018,11,Fish meal,Oils & Meals,($/mt),1479.0,-0.4,0.27,6.71,-8.42,-0.31
2018-12-01,2018,12,Fish meal,Oils & Meals,($/mt),1480.0,0.07,-0.87,0.2,-4.64,-0.15
2019-01-01,2019,1,Fish meal,Oils & Meals,($/mt),1486.0,0.41,0.07,-6.95,-3.26,0.12
2019-02-01,2019,2,Fish meal,Oils & Meals,($/mt),1472.0,-0.94,-0.47,-8.34,-5.46,-0.25
2019-03-01,2019,3,Fish meal,Oils & Meals,($/mt),1476.0,0.27,-0.27,-7.98,-10.6,0.73
2019-04-01,2019,4,Fish meal,Oils & Meals,($/mt),1505.0,1.96,1.28,-4.63,-7.61,1.93
2019-05-01,2019,5,Fish meal,Oils & Meals,($/mt),1512.0,0.47,2.72,-0.07,-7.41,0.55
2019-06-01,2019,6,Fish meal,Oils & Meals,($/mt),1522.0,0.66,3.12,1.87,-11.56,0.67
2019-07-01,2019,7,Fish meal,Oils & Meals,($/mt),1496.0,-1.71,-0.6,0.0,-13.73,-2.03
2019-08-01,2019,8,Fish meal,Oils & Meals,($/mt),1437.0,-3.94,-4.96,-2.58,-16.89,-3.71
2019-09-01,2019,9,Fish meal,Oils & Meals,($/mt),1385.0,-3.62,-9.0,-7.23,-17.51,-2.24
2019-10-01,2019,10,Fish meal,Oils & Meals,($/mt),1360.0,-1.81,-9.09,-8.42,-19.81,-0.69
2019-11-01,2019,11,Fish meal,Oils & Meals,($/mt),1361.0,0.07,-5.29,-7.98,-24.64,0.45
2019-12-01,2019,12,Fish meal,Oils & Meals,($/mt),1363.0,0.15,-1.59,-7.91,-24.07,0.46
2020-01-01,2020,1,Fish meal,Oils & Meals,($/mt),1374.0,0.81,1.03,-7.54,-19.79,0.83
2020-02-01,2020,2,Fish meal,Oils & Meals,($/mt),1365.0,-0.66,0.29,-7.27,-18.6,-0.01
2020-03-01,2020,3,Fish meal,Oils & Meals,($/mt),1400.0,2.56,2.71,-5.15,-10.88,1.75
2020-04-01,2020,4,Fish meal,Oils & Meals,($/mt),1391.0,-0.64,1.24,-7.57,-11.4,-0.11
2020-05-01,2020,5,Fish meal,Oils & Meals,($/mt),1395.0,0.29,2.2,-7.74,-13.89,0.49
2020-06-01,2020,6,Fish meal,Oils & Meals,($/mt),1451.0,4.01,3.64,-4.66,-6.21,2.5
2020-07-01,2020,7,Fish meal,Oils & Meals,($/mt),1487.0,2.48,6.9,-0.6,3.26,1.25
2020-08-01,2020,8,Fish meal,Oils & Meals,($/mt),1480.0,-0.47,6.09,2.99,0.95,-0.19
2020-09-01,2020,9,Fish meal,Oils & Meals,($/mt),1471.0,-0.61,1.38,6.21,-0.07,-0.43
2020-10-01,2020,10,Fish meal,Oils & Meals,($/mt),1438.0,-2.24,-3.3,5.74,-5.39,-1.64
2020-11-01,2020,11,Fish meal,Oils & Meals,($/mt),1443.0,0.35,-2.5,6.02,-4.94,-0.08
2020-12-01,2020,12,Fish meal,Oils & Meals,($/mt),1498.0,3.81,1.84,9.9,-2.54,1.91
2021-01-01,2021,1,Fish meal,Oils & Meals,($/mt),1496.0,-0.13,4.03,8.88,-0.2,-0.48
2021-02-01,2021,2,Fish meal,Oils & Meals,($/mt),1479.0,-1.14,2.49,8.35,-2.18,-0.94
2021-03-01,2021,3,Fish meal,Oils & Meals,($/mt),1476.0,-0.2,-1.47,5.43,2.22,-0.44
2021-04-01,2021,4,Fish meal,Oils & Meals,($/mt),1487.0,0.75,-0.6,6.9,0.88,0.15
2021-05-01,2021,5,Fish meal,Oils & Meals,($/mt),1514.0,1.82,2.37,8.53,0.87,0.65
2021-06-01,2021,6,Fish meal,Oils & Meals,($/mt),1502.0,-0.79,1.76,3.51,-0.99,-0.77
2021-07-01,2021,7,Fish meal,Oils & Meals,($/mt),1504.0,0.13,1.14,1.14,0.74,-0.1
2021-08-01,2021,8,Fish meal,Oils & Meals,($/mt),1504.0,0.0,-0.66,1.62,-2.34,-0.07
2021-09-01,2021,9,Fish meal,Oils & Meals,($/mt),1483.0,-1.4,-1.26,0.82,-3.51,-1.01
2021-10-01,2021,10,Fish meal,Oils & Meals,($/mt),1462.0,-1.42,-2.79,1.67,-1.75,-0.95
2021-11-01,2021,11,Fish meal,Oils & Meals,($/mt),1440.0,-1.5,-4.26,-0.21,-1.37,-1.11
2021-12-01,2021,12,Fish meal,Oils & Meals,($/mt),1423.0,-1.18,-4.05,-5.01,0.0,-0.76
2022-01-01,2022,1,Fish meal,Oils & Meals,($/mt),1429.0,0.42,-2.26,-4.48,2.22,0.83
2022-02-01,2022,2,Fish meal,Oils & Meals,($/mt),1445.0,1.12,0.35,-2.3,6.96,1.44
2022-03-01,2022,3,Fish meal,Oils & Meals,($/mt),1515.0,4.84,6.47,2.64,16.0,4.6
2022-04-01,2022,4,Fish meal,Oils & Meals,($/mt),1643.0,8.45,14.98,10.49,26.58,4.52
2022-05-01,2022,5,Fish meal,Oils & Meals,($/mt),1634.0,-0.55,13.08,7.93,22.86,-0.47
2022-06-01,2022,6,Fish meal,Oils & Meals,($/mt),1608.0,-1.59,6.14,7.06,20.63,-0.75
2022-07-01,2022,7,Fish meal,Oils & Meals,($/mt),1581.0,-1.68,-3.77,5.12,16.68,-0.75
2022-08-01,2022,8,Fish meal,Oils & Meals,($/mt),1623.0,2.66,-0.67,7.91,17.1,0.7
2022-09-01,2022,9,Fish meal,Oils & Meals,($/mt),1623.0,0.0,0.93,9.44,15.43,-0.21
2022-10-01,2022,10,Fish meal,Oils & Meals,($/mt),1622.0,-0.06,2.59,10.94,17.62,-0.28
2022-11-01,2022,11,Fish meal,Oils & Meals,($/mt),1677.0,3.39,3.33,16.46,21.0,0.81
2022-12-01,2022,12,Fish meal,Oils & Meals,($/mt),1746.0,4.11,7.58,22.7,18.21,0.92
2023-01-01,2023,1,Fish meal,Oils & Meals,($/mt),1780.0,1.95,9.74,24.56,11.46,0.06
2023-02-01,2023,2,Fish meal,Oils & Meals,($/mt),1762.0,-1.01,5.07,21.94,9.71,-0.97
2023-03-01,2023,3,Fish meal,Oils & Meals,($/mt),1720.0,-2.38,-1.49,13.53,7.23,-1.32
2023-04-01,2023,4,Fish meal,Oils & Meals,($/mt),1755.0,2.03,-1.4,6.82,11.22,0.3
2023-05-01,2023,5,Fish meal,Oils & Meals,($/mt),1787.0,1.82,1.42,9.36,18.11,0.58
2023-06-01,2023,6,Fish meal,Oils & Meals,($/mt),1810.0,1.29,5.23,12.56,21.15,0.24
2023-07-01,2023,7,Fish meal,Oils & Meals,($/mt),1879.0,3.81,7.07,18.85,25.6,1.38
2023-08-01,2023,8,Fish meal,Oils & Meals,($/mt),1883.0,0.21,5.37,16.02,27.66,-0.63
2023-09-01,2023,9,Fish meal,Oils & Meals,($/mt),1852.0,-1.65,2.32,14.11,24.05,-1.46
2023-10-01,2023,10,Fish meal,Oils & Meals,($/mt),1833.0,-1.03,-2.45,13.01,23.43,-1.01
2023-11-01,2023,11,Fish meal,Oils & Meals,($/mt),1870.0,2.02,-0.69,11.51,26.44,0.44
2023-12-01,2023,12,Fish meal,Oils & Meals,($/mt),1847.0,-1.23,-0.27,5.78,24.8,-1.03
2024-01-01,2024,1,Fish meal,Oils & Meals,($/mt),1787.0,-3.25,-2.51,0.39,20.26,-1.94
2024-02-01,2024,2,Fish meal,Oils & Meals,($/mt),1731.0,-3.13,-7.43,-1.76,17.6,-1.49
2024-03-01,2024,3,Fish meal,Oils & Meals,($/mt),1725.0,-0.35,-6.61,0.29,16.87,-0.1
2024-04-01,2024,4,Fish meal,Oils & Meals,($/mt),1702.0,-1.33,-4.76,-3.02,13.09,-0.63
2024-05-01,2024,5,Fish meal,Oils & Meals,($/mt),1719.0,1.0,-0.69,-3.81,13.69,0.58
2024-06-01,2024,6,Fish meal,Oils & Meals,($/mt),1730.0,0.64,0.29,-4.42,13.67,0.45
2024-07-01,2024,7,Fish meal,Oils & Meals,($/mt),1739.0,0.52,2.17,-7.45,16.24,0.43
2024-08-01,2024,8,Fish meal,Oils & Meals,($/mt),1733.0,-0.35,0.81,-7.97,20.6,0.18
2024-09-01,2024,9,Fish meal,Oils & Meals,($/mt),1685.0,-2.77,-2.6,-9.02,21.66,-1.31
2024-10-01,2024,10,Fish meal,Oils & Meals,($/mt),1639.0,-2.73,-5.75,-10.58,20.51,-1.16
2024-11-01,2024,11,Fish meal,Oils & Meals,($/mt),1601.0,-2.32,-7.62,-14.39,17.63,-0.79
2024-12-01,2024,12,Fish meal,Oils & Meals,($/mt),1598.0,-0.19,-5.16,-13.48,17.24,0.7
2025-01-01,2025,1,Fish meal,Oils & Meals,($/mt),1581.0,-1.06,-3.54,-11.53,15.07,0.08
2025-02-01,2025,2,Fish meal,Oils & Meals,($/mt),1592.0,0.7,-0.56,-8.03,16.63,1.18
2025-03-01,2025,3,Fish meal,Oils & Meals,($/mt),1645.0,3.33,2.94,-4.64,17.5,2.96
2025-04-01,2025,4,Fish meal,Oils & Meals,($/mt),1681.0,2.19,6.33,-1.23,20.85,1.44
2025-05-01,2025,5,Fish meal,Oils & Meals,($/mt),1664.0,-1.01,4.52,-3.2,19.28,-0.49
2025-06-01,2025,6,Fish meal,Oils & Meals,($/mt),1688.0,1.44,2.61,-2.43,16.33,0.9
2025-07-01,2025,7,Fish meal,Oils & Meals,($/mt),1722.0,2.01,2.44,-0.98,15.8,1.14
2025-08-01,2025,8,Fish meal,Oils & Meals,($/mt),1743.0,1.22,4.75,0.58,17.77,0.63
2025-09-01,2025,9,Fish meal,Oils & Meals,($/mt),1769.0,1.49,4.8,4.99,20.26,0.69
2025-10-01,2025,10,Fish meal,Oils & Meals,($/mt),1769.0,0.0,2.73,7.93,23.02,-0.22
2025-11-01,2025,11,Fish meal,Oils & Meals,($/mt),1794.0,1.41,2.93,12.05,24.32,0.47
2025-12-01,2025,12,Fish meal,Oils & Meals,($/mt),1825.0,1.73,3.17,14.21,21.83,0.58
2026-01-01,2026,1,Fish meal,Oils & Meals,($/mt),1820.0,-0.27,2.88,15.12,21.66,-1.08
2026-02-01,2026,2,Fish meal,Oils & Meals,($/mt),1840.0,1.1,2.56,15.58,24.41,-0.07
2026-03-01,2026,3,Fish meal,Oils & Meals,($/mt),1837.0,-0.16,0.66,11.67,24.46,-1.18
2026-04-01,2026,4,Fish meal,Oils & Meals,($/mt),1946.0,5.93,6.92,15.76,30.87,4.87
2026-05-01,2026,5,Fish meal,Oils & Meals,($/mt),2045.0,5.09,11.14,22.9,35.07,2.19
2026-06-01,2026,6,Fish meal,Oils & Meals,($/mt),2145.0,4.89,16.77,27.07,42.81,1.64
2026-07-01,2026,7,Fish meal,Oils & Meals,($/mt),2103.0,-1.96,8.07,22.13,39.83,-1.89
2026-08-01,2026,8,Fish meal,Oils & Meals,($/mt),2605.0,23.87,27.38,49.45,73.2,9.19
2026-09-01,2026,9,Fish meal,Oils & Meals,($/mt),2916.0,11.94,35.94,64.84,96.63,1.22
1960-01-01,1960,1,Gold,Precious Metals,($/troy oz),35.0,,,,,
1960-02-01,1960,2,Gold,Precious Metals,($/troy oz),35.0,0.0,,,,
1960-03-01,1960,3,Gold,Precious Metals,($/troy oz),35.0,0.0,,,,
1960-04-01,1960,4,Gold,Precious Metals,($/troy oz),35.0,0.0,0.0,,,
1960-05-01,1960,5,Gold,Precious Metals,($/troy oz),35.0,0.0,0.0,,,
1960-06-01,1960,6,Gold,Precious Metals,($/troy oz),35.0,0.0,0.0,,,
1960-07-01,1960,7,Gold,Precious Metals,($/troy oz),35.0,0.0,0.0,,,
1960-08-01,1960,8,Gold,Precious Metals,($/troy oz),35.0,0.0,0.0,,,0.0
1960-09-01,1960,9,Gold,Precious Metals,($/troy oz),35.0,0.0,0.0,,,0.0
1960-10-01,1960,10,Gold,Precious Metals,($/troy oz),35.0,0.0,0.0,,,0.0
1960-11-01,1960,11,Gold,Precious Metals,($/troy oz),35.0,0.0,0.0,,,0.0
1960-12-01,1960,12,Gold,Precious Metals,($/troy oz),35.0,0.0,0.0,,,0.0
1961-01-01,1961,1,Gold,Precious Metals,($/troy oz),35.0,0.0,0.0,0.0,,0.0
1961-02-01,1961,2,Gold,Precious Metals,($/troy oz),35.0,0.0,0.0,0.0,,0.0
1961-03-01,1961,3,Gold,Precious Metals,($/troy oz),35.0,0.0,0.0,0.0,,0.0
1961-04-01,1961,4,Gold,Precious Metals,($/troy oz),35.0,0.0,0.0,0.0,,0.0
1961-05-01,1961,5,Gold,Precious Metals,($/troy oz),35.0,0.0,0.0,0.0,,0.0
1961-06-01,1961,6,Gold,Precious Metals,($/troy oz),35.0,0.0,0.0,0.0,,0.0
1961-07-01,1961,7,Gold,Precious Metals,($/troy oz),35.0,0.0,0.0,0.0,,0.0
1961-08-01,1961,8,Gold,Precious Metals,($/troy oz),35.0,0.0,0.0,0.0,,0.0
1961-09-01,1961,9,Gold,Precious Metals,($/troy oz),35.0,0.0,0.0,0.0,,0.0
1961-10-01,1961,10,Gold,Precious Metals,($/troy oz),35.0,0.0,0.0,0.0,,0.0
1961-11-01,1961,11,Gold,Precious Metals,($/troy oz),35.0,0.0,0.0,0.0,,0.0
1961-12-01,1961,12,Gold,Precious Metals,($/troy oz),35.0,0.0,0.0,0.0,,0.0
1962-01-01,1962,1,Gold,Precious Metals,($/troy oz),35.0,0.0,0.0,0.0,,0.0
1962-02-01,1962,2,Gold,Precious Metals,($/troy oz),35.0,0.0,0.0,0.0,,0.0
1962-03-01,1962,3,Gold,Precious Metals,($/troy oz),35.0,0.0,0.0,0.0,,0.0
1962-04-01,1962,4,Gold,Precious Metals,($/troy oz),35.0,0.0,0.0,0.0,,0.0
1962-05-01,1962,5,Gold,Precious Metals,($/troy oz),35.0,0.0,0.0,0.0,,0.0
1962-06-01,1962,6,Gold,Precious Metals,($/troy oz),35.0,0.0,0.0,0.0,,0.0
1962-07-01,1962,7,Gold,Precious Metals,($/troy oz),35.0,0.0,0.0,0.0,,0.0
1962-08-01,1962,8,Gold,Precious Metals,($/troy oz),35.0,0.0,0.0,0.0,,0.0
1962-09-01,1962,9,Gold,Precious Metals,($/troy oz),35.0,0.0,0.0,0.0,,0.0
1962-10-01,1962,10,Gold,Precious Metals,($/troy oz),35.0,0.0,0.0,0.0,,0.0
1962-11-01,1962,11,Gold,Precious Metals,($/troy oz),35.0,0.0,0.0,0.0,,0.0
1962-12-01,1962,12,Gold,Precious Metals,($/troy oz),35.0,0.0,0.0,0.0,,0.0
1963-01-01,1963,1,Gold,Precious Metals,($/troy oz),35.0,0.0,0.0,0.0,,0.0
1963-02-01,1963,2,Gold,Precious Metals,($/troy oz),35.0,0.0,0.0,0.0,,0.0
1963-03-01,1963,3,Gold,Precious Metals,($/troy oz),35.0,0.0,0.0,0.0,,0.0
1963-04-01,1963,4,Gold,Precious Metals,($/troy oz),35.0,0.0,0.0,0.0,,0.0
1963-05-01,1963,5,Gold,Precious Metals,($/troy oz),35.0,0.0,0.0,0.0,,0.0
1963-06-01,1963,6,Gold,Precious Metals,($/troy oz),35.0,0.0,0.0,0.0,,0.0
1963-07-01,1963,7,Gold,Precious Metals,($/troy oz),35.0,0.0,0.0,0.0,,0.0
1963-08-01,1963,8,Gold,Precious Metals,($/troy oz),35.0,0.0,0.0,0.0,,0.0
1963-09-01,1963,9,Gold,Precious Metals,($/troy oz),35.0,0.0,0.0,0.0,,0.0
1963-10-01,1963,10,Gold,Precious Metals,($/troy oz),35.0,0.0,0.0,0.0,,0.0
1963-11-01,1963,11,Gold,Precious Metals,($/troy oz),35.0,0.0,0.0,0.0,,0.0
1963-12-01,1963,12,Gold,Precious Metals,($/troy oz),35.0,0.0,0.0,0.0,,0.0
1964-01-01,1964,1,Gold,Precious Metals,($/troy oz),35.0,0.0,0.0,0.0,,0.0
1964-02-01,1964,2,Gold,Precious Metals,($/troy oz),35.0,0.0,0.0,0.0,,0.0
1964-03-01,1964,3,Gold,Precious Metals,($/troy oz),35.0,0.0,0.0,0.0,,0.0
1964-04-01,1964,4,Gold,Precious Metals,($/troy oz),35.0,0.0,0.0,0.0,,0.0
1964-05-01,1964,5,Gold,Precious Metals,($/troy oz),35.0,0.0,0.0,0.0,,0.0
1964-06-01,1964,6,Gold,Precious Metals,($/troy oz),35.0,0.0,0.0,0.0,,0.0
1964-07-01,1964,7,Gold,Precious Metals,($/troy oz),35.0,0.0,0.0,0.0,,0.0
1964-08-01,1964,8,Gold,Precious Metals,($/troy oz),35.0,0.0,0.0,0.0,,0.0
1964-09-01,1964,9,Gold,Precious Metals,($/troy oz),35.0,0.0,0.0,0.0,,0.0
1964-10-01,1964,10,Gold,Precious Metals,($/troy oz),35.0,0.0,0.0,0.0,,0.0
1964-11-01,1964,11,Gold,Precious Metals,($/troy oz),35.0,0.0,0.0,0.0,,0.0
1964-12-01,1964,12,Gold,Precious Metals,($/troy oz),35.0,0.0,0.0,0.0,,0.0
1965-01-01,1965,1,Gold,Precious Metals,($/troy oz),35.0,0.0,0.0,0.0,0.0,0.0
1965-02-01,1965,2,Gold,Precious Metals,($/troy oz),35.0,0.0,0.0,0.0,0.0,0.0
1965-03-01,1965,3,Gold,Precious Metals,($/troy oz),35.0,0.0,0.0,0.0,0.0,0.0
1965-04-01,1965,4,Gold,Precious Metals,($/troy oz),35.0,0.0,0.0,0.0,0.0,0.0
1965-05-01,1965,5,Gold,Precious Metals,($/troy oz),35.0,0.0,0.0,0.0,0.0,0.0
1965-06-01,1965,6,Gold,Precious Metals,($/troy oz),35.0,0.0,0.0,0.0,0.0,0.0
1965-07-01,1965,7,Gold,Precious Metals,($/troy oz),35.0,0.0,0.0,0.0,0.0,0.0
1965-08-01,1965,8,Gold,Precious Metals,($/troy oz),35.0,0.0,0.0,0.0,0.0,0.0
1965-09-01,1965,9,Gold,Precious Metals,($/troy oz),35.0,0.0,0.0,0.0,0.0,0.0
1965-10-01,1965,10,Gold,Precious Metals,($/troy oz),35.0,0.0,0.0,0.0,0.0,0.0
1965-11-01,1965,11,Gold,Precious Metals,($/troy oz),35.0,0.0,0.0,0.0,0.0,0.0
1965-12-01,1965,12,Gold,Precious Metals,($/troy oz),35.0,0.0,0.0,0.0,0.0,0.0
1966-01-01,1966,1,Gold,Precious Metals,($/troy oz),35.0,0.0,0.0,0.0,0.0,0.0
1966-02-01,1966,2,Gold,Precious Metals,($/troy oz),35.0,0.0,0.0,0.0,0.0,0.0
1966-03-01,1966,3,Gold,Precious Metals,($/troy oz),35.0,0.0,0.0,0.0,0.0,0.0
1966-04-01,1966,4,Gold,Precious Metals,($/troy oz),35.0,0.0,0.0,0.0,0.0,0.0
1966-05-01,1966,5,Gold,Precious Metals,($/troy oz),35.0,0.0,0.0,0.0,0.0,0.0
1966-06-01,1966,6,Gold,Precious Metals,($/troy oz),35.0,0.0,0.0,0.0,0.0,0.0
1966-07-01,1966,7,Gold,Precious Metals,($/troy oz),35.0,0.0,0.0,0.0,0.0,0.0
1966-08-01,1966,8,Gold,Precious Metals,($/troy oz),35.0,0.0,0.0,0.0,0.0,0.0
1966-09-01,1966,9,Gold,Precious Metals,($/troy oz),35.0,0.0,0.0,0.0,0.0,0.0
1966-10-01,1966,10,Gold,Precious Metals,($/troy oz),35.0,0.0,0.0,0.0,0.0,0.0
1966-11-01,1966,11,Gold,Precious Metals,($/troy oz),35.0,0.0,0.0,0.0,0.0,0.0
1966-12-01,1966,12,Gold,Precious Metals,($/troy oz),35.0,0.0,0.0,0.0,0.0,0.0
1967-01-01,1967,1,Gold,Precious Metals,($/troy oz),35.0,0.0,0.0,0.0,0.0,0.0
1967-02-01,1967,2,Gold,Precious Metals,($/troy oz),35.0,0.0,0.0,0.0,0.0,0.0
1967-03-01,1967,3,Gold,Precious Metals,($/troy oz),35.0,0.0,0.0,0.0,0.0,0.0
1967-04-01,1967,4,Gold,Precious Metals,($/troy oz),35.0,0.0,0.0,0.0,0.0,0.0
1967-05-01,1967,5,Gold,Precious Metals,($/troy oz),35.0,0.0,0.0,0.0,0.0,0.0
1967-06-01,1967,6,Gold,Precious Metals,($/troy oz),35.0,0.0,0.0,0.0,0.0,0.0
1967-07-01,1967,7,Gold,Precious Metals,($/troy oz),35.0,0.0,0.0,0.0,0.0,0.0
1967-08-01,1967,8,Gold,Precious Metals,($/troy oz),35.0,0.0,0.0,0.0,0.0,0.0
1967-09-01,1967,9,Gold,Precious Metals,($/troy oz),35.0,0.0,0.0,0.0,0.0,0.0
1967-10-01,1967,10,Gold,Precious Metals,($/troy oz),35.0,0.0,0.0,0.0,0.0,0.0
1967-11-01,1967,11,Gold,Precious Metals,($/troy oz),35.0,0.0,0.0,0.0,0.0,0.0
1967-12-01,1967,12,Gold,Precious Metals,($/troy oz),35.0,0.0,0.0,0.0,0.0,0.0
1968-01-01,1968,1,Gold,Precious Metals,($/troy oz),36.0,2.86,2.86,2.86,2.86,0.0
1968-02-01,1968,2,Gold,Precious Metals,($/troy oz),36.0,0.0,2.86,2.86,2.86,-0.29
1968-03-01,1968,3,Gold,Precious Metals,($/troy oz),37.0,2.78,5.71,5.71,5.71,3.08
1968-04-01,1968,4,Gold,Precious Metals,($/troy oz),38.0,2.7,5.56,8.57,8.57,2.04
1968-05-01,1968,5,Gold,Precious Metals,($/troy oz),41.0,7.89,13.89,17.14,17.14,5.73
1968-06-01,1968,6,Gold,Precious Metals,($/troy oz),41.0,0.0,10.81,17.14,17.14,-0.56
1968-07-01,1968,7,Gold,Precious Metals,($/troy oz),39.0,-4.88,2.63,11.43,11.43,-2.59
1968-08-01,1968,8,Gold,Precious Metals,($/troy oz),39.0,0.0,-4.88,11.43,11.43,-0.32
1968-09-01,1968,9,Gold,Precious Metals,($/troy oz),40.0,2.56,-2.44,14.29,14.29,0.54
1968-10-01,1968,10,Gold,Precious Metals,($/troy oz),39.0,-2.5,0.0,11.43,11.43,-1.22
1968-11-01,1968,11,Gold,Precious Metals,($/troy oz),40.0,2.56,2.56,14.29,14.29,0.51
1968-12-01,1968,12,Gold,Precious Metals,($/troy oz),41.0,2.5,2.5,17.14,17.14,0.42
1969-01-01,1969,1,Gold,Precious Metals,($/troy oz),42.0,2.44,7.69,16.67,20.0,0.33
1969-02-01,1969,2,Gold,Precious Metals,($/troy oz),43.0,2.38,7.5,19.44,22.86,0.33
1969-03-01,1969,3,Gold,Precious Metals,($/troy oz),43.0,0.0,4.88,16.22,22.86,-0.49
1969-04-01,1969,4,Gold,Precious Metals,($/troy oz),43.0,0.0,2.38,13.16,22.86,-0.41
1969-05-01,1969,5,Gold,Precious Metals,($/troy oz),43.0,0.0,0.0,4.88,22.86,-0.34
1969-06-01,1969,6,Gold,Precious Metals,($/troy oz),41.0,-4.65,-4.65,0.0,17.14,-2.19
1969-07-01,1969,7,Gold,Precious Metals,($/troy oz),42.0,2.44,-2.33,7.69,20.0,0.88
1969-08-01,1969,8,Gold,Precious Metals,($/troy oz),41.0,-2.38,-4.65,5.13,17.14,-1.3
1969-09-01,1969,9,Gold,Precious Metals,($/troy oz),41.0,0.0,0.0,2.5,17.14,-0.18
1969-10-01,1969,10,Gold,Precious Metals,($/troy oz),40.0,-2.44,-4.76,2.56,14.29,-1.11
1969-11-01,1969,11,Gold,Precious Metals,($/troy oz),37.0,-7.5,-9.76,-7.5,5.71,-3.23
1969-12-01,1969,12,Gold,Precious Metals,($/troy oz),35.0,-5.41,-14.63,-14.63,0.0,-1.53
1970-01-01,1970,1,Gold,Precious Metals,($/troy oz),35.0,0.0,-12.5,-16.67,0.0,0.39
1970-02-01,1970,2,Gold,Precious Metals,($/troy oz),35.0,0.0,-5.41,-18.6,0.0,0.47
1970-03-01,1970,3,Gold,Precious Metals,($/troy oz),35.0,0.0,0.0,-18.6,0.0,0.58
1970-04-01,1970,4,Gold,Precious Metals,($/troy oz),36.0,2.86,2.86,-16.28,2.86,1.57
1970-05-01,1970,5,Gold,Precious Metals,($/troy oz),36.0,0.0,2.86,-16.28,2.86,0.45
1970-06-01,1970,6,Gold,Precious Metals,($/troy oz),35.0,-2.78,0.0,-14.63,0.0,-0.43
1970-07-01,1970,7,Gold,Precious Metals,($/troy oz),35.0,0.0,-2.78,-16.67,0.0,0.42
1970-08-01,1970,8,Gold,Precious Metals,($/troy oz),35.0,0.0,-2.78,-14.63,0.0,0.52
1970-09-01,1970,9,Gold,Precious Metals,($/troy oz),36.0,2.86,2.86,-12.2,2.86,1.46
1970-10-01,1970,10,Gold,Precious Metals,($/troy oz),38.0,5.56,8.57,-5.0,8.57,2.16
1970-11-01,1970,11,Gold,Precious Metals,($/troy oz),37.0,-2.63,5.71,0.0,5.71,-0.64
1970-12-01,1970,12,Gold,Precious Metals,($/troy oz),37.0,0.0,2.78,5.71,5.71,-0.01
1971-01-01,1971,1,Gold,Precious Metals,($/troy oz),38.0,2.7,0.0,8.57,8.57,0.96
1971-02-01,1971,2,Gold,Precious Metals,($/troy oz),39.0,2.63,5.41,11.43,11.43,0.8
1971-03-01,1971,3,Gold,Precious Metals,($/troy oz),39.0,0.0,5.41,11.43,11.43,-0.38
1971-04-01,1971,4,Gold,Precious Metals,($/troy oz),39.0,0.0,2.63,8.33,11.43,-0.38
1971-05-01,1971,5,Gold,Precious Metals,($/troy oz),41.0,5.13,5.13,13.89,17.14,1.87
1971-06-01,1971,6,Gold,Precious Metals,($/troy oz),40.0,-2.44,2.56,14.29,14.29,-1.33
1971-07-01,1971,7,Gold,Precious Metals,($/troy oz),41.0,2.5,5.13,17.14,17.14,0.51
1971-08-01,1971,8,Gold,Precious Metals,($/troy oz),43.0,4.88,4.88,22.86,22.86,1.33
1971-09-01,1971,9,Gold,Precious Metals,($/troy oz),42.0,-2.33,5.0,16.67,20.0,-1.47
1971-10-01,1971,10,Gold,Precious Metals,($/troy oz),43.0,2.38,4.88,13.16,22.86,0.35
1971-11-01,1971,11,Gold,Precious Metals,($/troy oz),43.0,0.0,0.0,16.22,22.86,-0.39
1971-12-01,1971,12,Gold,Precious Metals,($/troy oz),43.0,0.0,2.38,16.22,22.86,-0.52
1972-01-01,1972,1,Gold,Precious Metals,($/troy oz),46.0,6.98,6.98,21.05,31.43,2.29
1972-02-01,1972,2,Gold,Precious Metals,($/troy oz),48.0,4.35,11.63,23.08,37.14,0.91
1972-03-01,1972,3,Gold,Precious Metals,($/troy oz),48.0,0.0,11.63,23.08,37.14,-0.59
1972-04-01,1972,4,Gold,Precious Metals,($/troy oz),49.0,2.08,6.52,25.64,40.0,0.1
1972-05-01,1972,5,Gold,Precious Metals,($/troy oz),55.0,12.24,14.58,34.15,57.14,3.43
1972-06-01,1972,6,Gold,Precious Metals,($/troy oz),62.0,12.73,29.17,55.0,77.14,2.44
1972-07-01,1972,7,Gold,Precious Metals,($/troy oz),66.0,6.45,34.69,60.98,88.57,0.55
1972-08-01,1972,8,Gold,Precious Metals,($/troy oz),67.0,1.52,21.82,55.81,91.43,-0.55
1972-09-01,1972,9,Gold,Precious Metals,($/troy oz),65.0,-2.99,4.84,54.76,85.71,-1.41
1972-10-01,1972,10,Gold,Precious Metals,($/troy oz),65.0,0.0,-1.52,51.16,85.71,-0.77
1972-11-01,1972,11,Gold,Precious Metals,($/troy oz),63.0,-3.08,-5.97,46.51,80.0,-1.33
1972-12-01,1972,12,Gold,Precious Metals,($/troy oz),64.0,1.59,-1.54,48.84,82.86,-0.33
1973-01-01,1973,1,Gold,Precious Metals,($/troy oz),65.0,1.56,0.0,41.3,80.56,-0.37
1973-02-01,1973,2,Gold,Precious Metals,($/troy oz),74.0,13.85,17.46,54.17,105.56,2.1
1973-03-01,1973,3,Gold,Precious Metals,($/troy oz),84.0,13.51,31.25,75.0,127.03,1.61
1973-04-01,1973,4,Gold,Precious Metals,($/troy oz),91.0,8.33,40.0,85.71,139.47,0.52
1973-05-01,1973,5,Gold,Precious Metals,($/troy oz),102.0,12.09,37.84,85.45,148.78,1.02
1973-06-01,1973,6,Gold,Precious Metals,($/troy oz),120.0,17.65,42.86,93.55,192.68,1.88
1973-07-01,1973,7,Gold,Precious Metals,($/troy oz),120.0,0.0,31.87,81.82,207.69,-0.83
1973-08-01,1973,8,Gold,Precious Metals,($/troy oz),107.0,-10.83,4.9,59.7,174.36,-2.22
1973-09-01,1973,9,Gold,Precious Metals,($/troy oz),103.0,-3.74,-14.17,58.46,157.5,-0.93
1973-10-01,1973,10,Gold,Precious Metals,($/troy oz),100.0,-2.91,-16.67,53.85,156.41,-0.82
1973-11-01,1973,11,Gold,Precious Metals,($/troy oz),95.0,-5.0,-11.21,50.79,137.5,-1.02
1973-12-01,1973,12,Gold,Precious Metals,($/troy oz),107.0,12.63,3.88,67.19,160.98,0.98
1974-01-01,1974,1,Gold,Precious Metals,($/troy oz),129.0,20.56,29.0,98.46,207.14,1.69
1974-02-01,1974,2,Gold,Precious Metals,($/troy oz),150.0,16.28,57.89,102.7,248.84,0.97
1974-03-01,1974,3,Gold,Precious Metals,($/troy oz),168.0,12.0,57.01,100.0,290.7,0.52
1974-04-01,1974,4,Gold,Precious Metals,($/troy oz),172.0,2.38,33.33,89.01,300.0,-0.39
1974-05-01,1974,5,Gold,Precious Metals,($/troy oz),163.0,-5.23,8.67,59.8,279.07,-1.07
1974-06-01,1974,6,Gold,Precious Metals,($/troy oz),154.0,-5.52,-8.33,28.33,275.61,-0.93
1974-07-01,1974,7,Gold,Precious Metals,($/troy oz),143.0,-7.14,-16.86,19.17,240.48,-0.95
1974-08-01,1974,8,Gold,Precious Metals,($/troy oz),155.0,8.39,-4.91,44.86,278.05,0.61
1974-09-01,1974,9,Gold,Precious Metals,($/troy oz),152.0,-1.94,-1.3,47.57,270.73,-0.56
1974-10-01,1974,10,Gold,Precious Metals,($/troy oz),159.0,4.61,11.19,59.0,297.5,0.09
1974-11-01,1974,11,Gold,Precious Metals,($/troy oz),182.0,14.47,17.42,91.58,391.89,1.06
1974-12-01,1974,12,Gold,Precious Metals,($/troy oz),184.0,1.1,21.05,71.96,425.71,-0.51
1975-01-01,1975,1,Gold,Precious Metals,($/troy oz),176.0,-4.35,10.69,36.43,402.86,-1.0
1975-02-01,1975,2,Gold,Precious Metals,($/troy oz),180.0,2.27,-1.1,20.0,414.29,-0.08
1975-03-01,1975,3,Gold,Precious Metals,($/troy oz),178.0,-1.11,-3.26,5.95,408.57,-0.4
1975-04-01,1975,4,Gold,Precious Metals,($/troy oz),170.0,-4.49,-3.41,-1.16,372.22,-0.81
1975-05-01,1975,5,Gold,Precious Metals,($/troy oz),167.0,-1.76,-7.22,2.45,363.89,-0.29
1975-06-01,1975,6,Gold,Precious Metals,($/troy oz),164.0,-1.8,-7.87,6.49,368.57,-0.35
1975-07-01,1975,7,Gold,Precious Metals,($/troy oz),165.0,0.61,-2.94,15.38,371.43,-0.01
1975-08-01,1975,8,Gold,Precious Metals,($/troy oz),163.0,-1.21,-2.4,5.16,365.71,-0.46
1975-09-01,1975,9,Gold,Precious Metals,($/troy oz),144.0,-11.66,-12.2,-5.26,300.0,-2.39
1975-10-01,1975,10,Gold,Precious Metals,($/troy oz),143.0,-0.69,-13.33,-10.06,276.32,-0.07
1975-11-01,1975,11,Gold,Precious Metals,($/troy oz),142.0,-0.7,-12.88,-21.98,283.78,0.0
1975-12-01,1975,12,Gold,Precious Metals,($/troy oz),139.0,-2.11,-3.47,-24.46,275.68,-0.04
1976-01-01,1976,1,Gold,Precious Metals,($/troy oz),131.0,-5.76,-8.39,-25.57,244.74,-1.0
1976-02-01,1976,2,Gold,Precious Metals,($/troy oz),131.0,0.0,-7.75,-27.22,235.9,0.66
1976-03-01,1976,3,Gold,Precious Metals,($/troy oz),133.0,1.53,-4.32,-25.28,241.03,1.21
1976-04-01,1976,4,Gold,Precious Metals,($/troy oz),128.0,-3.76,-2.29,-24.71,228.21,-0.4
1976-05-01,1976,5,Gold,Precious Metals,($/troy oz),127.0,-0.78,-3.05,-23.95,209.76,0.42
1976-06-01,1976,6,Gold,Precious Metals,($/troy oz),126.0,-0.79,-5.26,-23.17,215.0,0.4
1976-07-01,1976,7,Gold,Precious Metals,($/troy oz),118.0,-6.35,-7.81,-28.48,187.8,-1.19
1976-08-01,1976,8,Gold,Precious Metals,($/troy oz),110.0,-6.78,-13.39,-32.52,155.81,-1.12
1976-09-01,1976,9,Gold,Precious Metals,($/troy oz),114.0,3.64,-9.52,-20.83,171.43,1.79
1976-10-01,1976,10,Gold,Precious Metals,($/troy oz),116.0,1.75,-1.69,-18.88,169.77,1.13
1976-11-01,1976,11,Gold,Precious Metals,($/troy oz),130.0,12.07,18.18,-8.45,202.33,4.08
1976-12-01,1976,12,Gold,Precious Metals,($/troy oz),134.0,3.08,17.54,-3.6,211.63,0.71
1977-01-01,1977,1,Gold,Precious Metals,($/troy oz),132.0,-1.49,13.79,0.76,186.96,-0.25
1977-02-01,1977,2,Gold,Precious Metals,($/troy oz),136.0,3.03,4.62,3.82,183.33,0.57
1977-03-01,1977,3,Gold,Precious Metals,($/troy oz),148.0,8.82,10.45,11.28,208.33,1.65
1977-04-01,1977,4,Gold,Precious Metals,($/troy oz),149.0,0.68,12.88,16.41,204.08,-0.06
1977-05-01,1977,5,Gold,Precious Metals,($/troy oz),147.0,-1.34,8.09,15.75,167.27,-0.51
1977-06-01,1977,6,Gold,Precious Metals,($/troy oz),141.0,-4.08,-4.73,11.9,127.42,-1.0
1977-07-01,1977,7,Gold,Precious Metals,($/troy oz),143.0,1.42,-4.03,21.19,116.67,0.06
1977-08-01,1977,8,Gold,Precious Metals,($/troy oz),145.0,1.4,-1.36,31.82,116.42,-0.06
1977-09-01,1977,9,Gold,Precious Metals,($/troy oz),150.0,3.45,6.38,31.58,130.77,0.23
1977-10-01,1977,10,Gold,Precious Metals,($/troy oz),159.0,6.0,11.19,37.07,144.62,0.82
1977-11-01,1977,11,Gold,Precious Metals,($/troy oz),162.0,1.89,11.72,24.62,157.14,-0.19
1977-12-01,1977,12,Gold,Precious Metals,($/troy oz),160.0,-1.23,6.67,19.4,150.0,-0.91
1978-01-01,1978,1,Gold,Precious Metals,($/troy oz),173.0,8.13,8.81,31.06,166.15,1.87
1978-02-01,1978,2,Gold,Precious Metals,($/troy oz),178.0,2.89,9.88,30.88,140.54,0.14
1978-03-01,1978,3,Gold,Precious Metals,($/troy oz),184.0,3.37,15.0,24.32,119.05,0.27
1978-04-01,1978,4,Gold,Precious Metals,($/troy oz),175.0,-4.89,1.16,17.45,92.31,-2.06
1978-05-01,1978,5,Gold,Precious Metals,($/troy oz),176.0,0.57,-1.12,19.73,72.55,-0.22
1978-06-01,1978,6,Gold,Precious Metals,($/troy oz),184.0,4.55,0.0,30.5,53.33,0.79
1978-07-01,1978,7,Gold,Precious Metals,($/troy oz),189.0,2.72,8.0,32.17,57.5,0.13
1978-08-01,1978,8,Gold,Precious Metals,($/troy oz),206.0,8.99,17.05,42.07,92.52,1.97
1978-09-01,1978,9,Gold,Precious Metals,($/troy oz),212.0,2.91,15.22,41.33,105.83,-0.03
1978-10-01,1978,10,Gold,Precious Metals,($/troy oz),227.0,7.08,20.11,42.77,127.0,1.07
1978-11-01,1978,11,Gold,Precious Metals,($/troy oz),206.0,-9.25,0.0,27.16,116.84,-3.15
1978-12-01,1978,12,Gold,Precious Metals,($/troy oz),208.0,0.97,-1.89,30.0,94.39,-0.22
1979-01-01,1979,1,Gold,Precious Metals,($/troy oz),227.0,9.13,0.0,31.21,75.97,1.31
1979-02-01,1979,2,Gold,Precious Metals,($/troy oz),246.0,8.37,19.42,38.2,64.0,1.12
1979-03-01,1979,3,Gold,Precious Metals,($/troy oz),242.0,-1.63,16.35,31.52,44.05,-0.81
1979-04-01,1979,4,Gold,Precious Metals,($/troy oz),239.0,-1.24,5.29,36.57,38.95,-0.65
1979-05-01,1979,5,Gold,Precious Metals,($/troy oz),258.0,7.95,4.88,46.59,58.28,0.96
1979-06-01,1979,6,Gold,Precious Metals,($/troy oz),279.0,8.14,15.29,51.63,81.17,0.86
1979-07-01,1979,7,Gold,Precious Metals,($/troy oz),295.0,5.73,23.43,56.08,106.29,0.36
1979-08-01,1979,8,Gold,Precious Metals,($/troy oz),301.0,2.03,16.67,46.12,94.19,-0.33
1979-09-01,1979,9,Gold,Precious Metals,($/troy oz),355.0,17.94,27.24,67.45,133.55,2.65
1979-10-01,1979,10,Gold,Precious Metals,($/troy oz),392.0,10.42,32.88,72.69,146.54,0.84
1979-11-01,1979,11,Gold,Precious Metals,($/troy oz),392.0,0.0,30.23,90.29,115.38,-0.69
1979-12-01,1979,12,Gold,Precious Metals,($/troy oz),455.0,16.07,28.17,118.75,147.28,1.79
1980-01-01,1980,1,Gold,Precious Metals,($/troy oz),675.0,48.35,72.19,197.36,283.52,6.55
1980-02-01,1980,2,Gold,Precious Metals,($/troy oz),665.0,-1.48,69.64,170.33,269.44,-0.86
1980-03-01,1980,3,Gold,Precious Metals,($/troy oz),554.0,-16.69,21.76,128.93,211.24,-1.86
1980-04-01,1980,4,Gold,Precious Metals,($/troy oz),517.0,-6.68,-23.41,116.32,204.12,-0.95
1980-05-01,1980,5,Gold,Precious Metals,($/troy oz),514.0,-0.58,-22.71,99.22,207.78,-0.51
1980-06-01,1980,6,Gold,Precious Metals,($/troy oz),601.0,16.93,8.48,115.41,266.46,0.62
1980-07-01,1980,7,Gold,Precious Metals,($/troy oz),643.0,6.99,24.37,117.97,289.7,-0.04
1980-08-01,1980,8,Gold,Precious Metals,($/troy oz),627.0,-2.49,21.98,108.31,284.66,-0.62
1980-09-01,1980,9,Gold,Precious Metals,($/troy oz),674.0,7.5,12.15,89.86,368.06,0.01
1980-10-01,1980,10,Gold,Precious Metals,($/troy oz),661.0,-1.93,2.8,68.62,362.24,-0.52
1980-11-01,1980,11,Gold,Precious Metals,($/troy oz),625.0,-5.45,-0.32,59.44,340.14,-0.67
1980-12-01,1980,12,Gold,Precious Metals,($/troy oz),538.0,-13.92,-20.18,18.24,287.05,-1.14
1981-01-01,1981,1,Gold,Precious Metals,($/troy oz),557.0,3.53,-15.73,-17.48,325.19,0.06
1981-02-01,1981,2,Gold,Precious Metals,($/troy oz),500.0,-10.23,-20.0,-24.81,281.68,-0.98
1981-03-01,1981,3,Gold,Precious Metals,($/troy oz),499.0,-0.2,-7.25,-9.93,275.19,0.18
1981-04-01,1981,4,Gold,Precious Metals,($/troy oz),496.0,-0.6,-10.95,-4.06,287.5,-0.01
1981-05-01,1981,5,Gold,Precious Metals,($/troy oz),480.0,-3.23,-4.0,-6.61,277.95,-0.39
1981-06-01,1981,6,Gold,Precious Metals,($/troy oz),461.0,-3.96,-7.62,-23.29,265.87,-0.45
1981-07-01,1981,7,Gold,Precious Metals,($/troy oz),409.0,-11.28,-17.54,-36.39,246.61,-1.48
1981-08-01,1981,8,Gold,Precious Metals,($/troy oz),410.0,0.24,-14.58,-34.61,272.73,0.62
1981-09-01,1981,9,Gold,Precious Metals,($/troy oz),444.0,8.29,-3.69,-34.12,289.47,1.87
1981-10-01,1981,10,Gold,Precious Metals,($/troy oz),438.0,-1.35,7.09,-33.74,277.59,0.3
1981-11-01,1981,11,Gold,Precious Metals,($/troy oz),413.0,-5.71,0.73,-33.92,217.69,-0.4
1981-12-01,1981,12,Gold,Precious Metals,($/troy oz),410.0,-0.73,-7.66,-23.79,205.97,0.39
1982-01-01,1982,1,Gold,Precious Metals,($/troy oz),384.0,-6.34,-12.33,-31.06,190.91,-0.78
1982-02-01,1982,2,Gold,Precious Metals,($/troy oz),374.0,-2.6,-9.44,-25.2,175.0,0.06
1982-03-01,1982,3,Gold,Precious Metals,($/troy oz),330.0,-11.76,-19.51,-33.87,122.97,-2.02
1982-04-01,1982,4,Gold,Precious Metals,($/troy oz),350.0,6.06,-8.85,-29.44,134.9,1.74
1982-05-01,1982,5,Gold,Precious Metals,($/troy oz),334.0,-4.57,-10.7,-30.42,127.21,-0.31
1982-06-01,1982,6,Gold,Precious Metals,($/troy oz),315.0,-5.69,-4.55,-31.67,123.4,-0.48
1982-07-01,1982,7,Gold,Precious Metals,($/troy oz),339.0,7.62,-3.14,-17.11,137.06,1.75
1982-08-01,1982,8,Gold,Precious Metals,($/troy oz),364.0,7.37,8.98,-11.22,151.03,1.43
1982-09-01,1982,9,Gold,Precious Metals,($/troy oz),437.0,20.05,38.73,-1.58,191.33,3.14
1982-10-01,1982,10,Gold,Precious Metals,($/troy oz),422.0,-3.43,24.48,-3.65,165.41,-0.42
1982-11-01,1982,11,Gold,Precious Metals,($/troy oz),415.0,-1.66,14.01,0.48,156.17,-0.19
1982-12-01,1982,12,Gold,Precious Metals,($/troy oz),445.0,7.23,1.83,8.54,178.12,0.8
1983-01-01,1983,1,Gold,Precious Metals,($/troy oz),481.0,8.09,13.98,25.26,178.03,0.81
1983-02-01,1983,2,Gold,Precious Metals,($/troy oz),491.0,2.08,18.31,31.28,175.84,-0.02
1983-03-01,1983,3,Gold,Precious Metals,($/troy oz),420.0,-14.46,-5.62,27.27,128.26,-2.01
1983-04-01,1983,4,Gold,Precious Metals,($/troy oz),433.0,3.1,-9.98,23.71,147.43,0.08
1983-05-01,1983,5,Gold,Precious Metals,($/troy oz),438.0,1.15,-10.79,31.14,148.86,-0.11
1983-06-01,1983,6,Gold,Precious Metals,($/troy oz),413.0,-5.71,-1.67,31.11,124.46,-0.96
1983-07-01,1983,7,Gold,Precious Metals,($/troy oz),403.0,-2.42,-6.93,18.88,113.23,-0.58
1983-08-01,1983,8,Gold,Precious Metals,($/troy oz),416.0,3.23,-5.02,14.29,101.94,0.17
1983-09-01,1983,9,Gold,Precious Metals,($/troy oz),412.0,-0.96,-0.24,-5.72,94.34,-0.28
1983-10-01,1983,10,Gold,Precious Metals,($/troy oz),394.0,-4.37,-2.23,-6.64,73.57,-0.67
1983-11-01,1983,11,Gold,Precious Metals,($/troy oz),382.0,-3.05,-8.17,-7.95,85.44,-0.43
1983-12-01,1983,12,Gold,Precious Metals,($/troy oz),388.0,1.57,-5.83,-12.81,86.54,0.34
1984-01-01,1984,1,Gold,Precious Metals,($/troy oz),371.0,-4.38,-5.84,-22.87,63.44,-0.6
1984-02-01,1984,2,Gold,Precious Metals,($/troy oz),386.0,4.04,1.05,-21.38,56.91,1.21
1984-03-01,1984,3,Gold,Precious Metals,($/troy oz),394.0,2.07,1.55,-6.19,62.81,0.76
1984-04-01,1984,4,Gold,Precious Metals,($/troy oz),381.0,-3.3,2.7,-12.01,59.41,-0.83
1984-05-01,1984,5,Gold,Precious Metals,($/troy oz),377.0,-1.05,-2.33,-13.93,46.12,-0.01
1984-06-01,1984,6,Gold,Precious Metals,($/troy oz),378.0,0.27,-4.06,-8.47,35.48,0.45
1984-07-01,1984,7,Gold,Precious Metals,($/troy oz),348.0,-7.94,-8.66,-13.65,17.97,-2.48
1984-08-01,1984,8,Gold,Precious Metals,($/troy oz),348.0,0.0,-7.69,-16.35,15.61,0.32
1984-09-01,1984,9,Gold,Precious Metals,($/troy oz),340.0,-2.3,-10.05,-17.48,-4.23,-0.26
1984-10-01,1984,10,Gold,Precious Metals,($/troy oz),341.0,0.29,-2.01,-13.45,-13.01,0.55
1984-11-01,1984,11,Gold,Precious Metals,($/troy oz),342.0,0.29,-1.72,-10.47,-12.76,0.44
1984-12-01,1984,12,Gold,Precious Metals,($/troy oz),320.0,-6.43,-5.88,-17.53,-29.67,-1.73
1985-01-01,1985,1,Gold,Precious Metals,($/troy oz),303.0,-5.31,-11.14,-18.33,-55.11,-1.08
1985-02-01,1985,2,Gold,Precious Metals,($/troy oz),299.0,-1.32,-12.57,-22.54,-55.04,0.08
1985-03-01,1985,3,Gold,Precious Metals,($/troy oz),314.0,5.02,-1.88,-20.3,-43.32,2.29
1985-04-01,1985,4,Gold,Precious Metals,($/troy oz),327.0,4.14,7.92,-14.17,-36.75,1.68
1985-05-01,1985,5,Gold,Precious Metals,($/troy oz),316.0,-3.36,5.69,-16.18,-38.52,-0.56
1985-06-01,1985,6,Gold,Precious Metals,($/troy oz),317.0,0.32,0.96,-16.14,-47.25,0.43
1985-07-01,1985,7,Gold,Precious Metals,($/troy oz),317.0,0.0,-3.06,-8.91,-50.7,0.35
1985-08-01,1985,8,Gold,Precious Metals,($/troy oz),330.0,4.1,4.43,-5.17,-47.37,1.44
1985-09-01,1985,9,Gold,Precious Metals,($/troy oz),323.0,-2.12,1.89,-5.0,-52.08,-0.48
1985-10-01,1985,10,Gold,Precious Metals,($/troy oz),326.0,0.93,2.84,-4.4,-50.68,0.36
1985-11-01,1985,11,Gold,Precious Metals,($/troy oz),322.0,-1.23,-2.42,-5.85,-48.48,-0.25
1985-12-01,1985,12,Gold,Precious Metals,($/troy oz),322.0,0.0,-0.31,0.63,-40.15,0.12
1986-01-01,1986,1,Gold,Precious Metals,($/troy oz),347.0,7.76,6.44,14.52,-37.7,2.46
1986-02-01,1986,2,Gold,Precious Metals,($/troy oz),339.0,-2.31,5.28,13.38,-32.2,-1.05
1986-03-01,1986,3,Gold,Precious Metals,($/troy oz),346.0,2.06,7.45,10.19,-30.66,0.28
1986-04-01,1986,4,Gold,Precious Metals,($/troy oz),340.0,-1.73,-2.02,3.98,-31.45,-0.81
1986-05-01,1986,5,Gold,Precious Metals,($/troy oz),342.0,0.59,0.88,8.23,-28.75,0.07
1986-06-01,1986,6,Gold,Precious Metals,($/troy oz),343.0,0.29,-0.87,8.2,-25.6,-0.14
1986-07-01,1986,7,Gold,Precious Metals,($/troy oz),348.0,1.46,2.35,9.78,-14.91,0.26
1986-08-01,1986,8,Gold,Precious Metals,($/troy oz),377.0,8.33,10.23,14.24,-8.05,2.61
1986-09-01,1986,9,Gold,Precious Metals,($/troy oz),418.0,10.88,21.87,29.41,-5.86,2.77
1986-10-01,1986,10,Gold,Precious Metals,($/troy oz),424.0,1.44,21.84,30.06,-3.2,-0.19
1986-11-01,1986,11,Gold,Precious Metals,($/troy oz),398.0,-6.13,5.57,23.6,-3.63,-1.96
1986-12-01,1986,12,Gold,Precious Metals,($/troy oz),391.0,-1.76,-6.46,21.43,-4.63,-0.75
1987-01-01,1987,1,Gold,Precious Metals,($/troy oz),408.0,4.35,-3.77,17.58,6.25,0.53
1987-02-01,1987,2,Gold,Precious Metals,($/troy oz),401.0,-1.72,0.75,18.29,7.22,-0.68
1987-03-01,1987,3,Gold,Precious Metals,($/troy oz),409.0,2.0,4.6,18.21,23.94,0.11
1987-04-01,1987,4,Gold,Precious Metals,($/troy oz),438.0,7.09,7.35,28.82,25.14,1.21
1987-05-01,1987,5,Gold,Precious Metals,($/troy oz),460.0,5.02,14.71,34.5,37.72,0.59
1987-06-01,1987,6,Gold,Precious Metals,($/troy oz),450.0,-2.17,10.02,31.2,42.86,-1.0
1987-07-01,1987,7,Gold,Precious Metals,($/troy oz),451.0,0.22,2.97,29.6,33.04,-0.44
1987-08-01,1987,8,Gold,Precious Metals,($/troy oz),461.0,2.22,0.22,22.28,26.65,-0.02
1987-09-01,1987,9,Gold,Precious Metals,($/troy oz),460.0,-0.22,2.22,10.05,5.26,-0.43
1987-10-01,1987,10,Gold,Precious Metals,($/troy oz),465.0,1.09,3.1,9.67,10.19,0.06
1987-11-01,1987,11,Gold,Precious Metals,($/troy oz),468.0,0.65,1.52,17.59,12.77,-0.05
1987-12-01,1987,12,Gold,Precious Metals,($/troy oz),486.0,3.85,5.65,24.3,9.21,0.85
1988-01-01,1988,1,Gold,Precious Metals,($/troy oz),477.0,-1.85,2.58,16.91,-0.83,-1.33
1988-02-01,1988,2,Gold,Precious Metals,($/troy oz),442.0,-7.34,-5.56,10.22,-9.98,-3.03
1988-03-01,1988,3,Gold,Precious Metals,($/troy oz),444.0,0.45,-8.64,8.56,5.71,-0.11
1988-04-01,1988,4,Gold,Precious Metals,($/troy oz),452.0,1.8,-5.24,3.2,4.39,0.28
1988-05-01,1988,5,Gold,Precious Metals,($/troy oz),451.0,-0.22,2.04,-1.96,2.97,-0.17
1988-06-01,1988,6,Gold,Precious Metals,($/troy oz),451.0,0.0,1.58,0.22,9.2,0.05
1988-07-01,1988,7,Gold,Precious Metals,($/troy oz),438.0,-2.88,-3.1,-2.88,8.68,-1.07
1988-08-01,1988,8,Gold,Precious Metals,($/troy oz),431.0,-1.6,-4.43,-6.51,3.61,-0.49
1988-09-01,1988,9,Gold,Precious Metals,($/troy oz),413.0,-4.18,-8.43,-10.22,0.24,-1.32
1988-10-01,1988,10,Gold,Precious Metals,($/troy oz),407.0,-1.45,-7.08,-12.47,3.3,-0.2
1988-11-01,1988,11,Gold,Precious Metals,($/troy oz),420.0,3.19,-2.55,-10.26,9.95,1.47
1988-12-01,1988,12,Gold,Precious Metals,($/troy oz),419.0,-0.24,1.45,-13.79,7.99,0.2
1989-01-01,1989,1,Gold,Precious Metals,($/troy oz),404.0,-3.58,-0.74,-15.3,8.89,-0.86
1989-02-01,1989,2,Gold,Precious Metals,($/troy oz),388.0,-3.96,-7.62,-12.22,0.52,-0.92
1989-03-01,1989,3,Gold,Precious Metals,($/troy oz),390.0,0.52,-6.92,-12.16,-1.02,0.68
1989-04-01,1989,4,Gold,Precious Metals,($/troy oz),384.0,-1.54,-4.95,-15.04,0.79,-0.21
1989-05-01,1989,5,Gold,Precious Metals,($/troy oz),371.0,-3.39,-4.38,-17.74,-1.59,-0.96
1989-06-01,1989,6,Gold,Precious Metals,($/troy oz),368.0,-0.81,-5.64,-18.4,-2.65,0.36
1989-07-01,1989,7,Gold,Precious Metals,($/troy oz),375.0,1.9,-2.34,-14.38,7.76,1.66
1989-08-01,1989,8,Gold,Precious Metals,($/troy oz),365.0,-2.67,-1.62,-15.31,4.89,-0.6
1989-09-01,1989,9,Gold,Precious Metals,($/troy oz),362.0,-0.82,-1.63,-12.35,6.47,0.22
1989-10-01,1989,10,Gold,Precious Metals,($/troy oz),367.0,1.38,-2.13,-9.83,7.62,1.11
1989-11-01,1989,11,Gold,Precious Metals,($/troy oz),394.0,7.36,7.95,-6.19,15.2,3.55
1989-12-01,1989,12,Gold,Precious Metals,($/troy oz),409.0,3.81,12.98,-2.39,27.81,1.37
1990-01-01,1990,1,Gold,Precious Metals,($/troy oz),410.0,0.24,11.72,1.49,35.31,0.12
1990-02-01,1990,2,Gold,Precious Metals,($/troy oz),417.0,1.71,5.84,7.47,39.46,0.48
1990-03-01,1990,3,Gold,Precious Metals,($/troy oz),393.0,-5.76,-3.91,0.77,25.16,-2.18
1990-04-01,1990,4,Gold,Precious Metals,($/troy oz),374.0,-4.83,-8.78,-2.6,14.37,-1.43
1990-05-01,1990,5,Gold,Precious Metals,($/troy oz),369.0,-1.34,-11.51,-0.54,16.77,-0.32
1990-06-01,1990,6,Gold,Precious Metals,($/troy oz),352.0,-4.61,-10.43,-4.35,11.04,-1.28
1990-07-01,1990,7,Gold,Precious Metals,($/troy oz),363.0,3.12,-2.94,-3.2,14.51,0.89
1990-08-01,1990,8,Gold,Precious Metals,($/troy oz),395.0,8.82,7.05,8.22,19.7,2.29
1990-09-01,1990,9,Gold,Precious Metals,($/troy oz),389.0,-1.52,10.51,7.46,20.43,-0.49
1990-10-01,1990,10,Gold,Precious Metals,($/troy oz),381.0,-2.06,4.96,3.81,16.87,-0.59
1990-11-01,1990,11,Gold,Precious Metals,($/troy oz),382.0,0.26,-3.29,-3.05,18.63,-0.03
1990-12-01,1990,12,Gold,Precious Metals,($/troy oz),377.0,-1.31,-3.08,-7.82,17.08,-0.27
1991-01-01,1991,1,Gold,Precious Metals,($/troy oz),384.0,1.86,0.79,-6.34,10.66,0.62
1991-02-01,1991,2,Gold,Precious Metals,($/troy oz),364.0,-5.21,-4.71,-12.71,7.37,-1.17
1991-03-01,1991,3,Gold,Precious Metals,($/troy oz),363.0,-0.27,-3.71,-7.63,4.91,0.18
1991-04-01,1991,4,Gold,Precious Metals,($/troy oz),358.0,-1.38,-6.77,-4.28,5.29,-0.2
1991-05-01,1991,5,Gold,Precious Metals,($/troy oz),357.0,-0.28,-1.92,-3.25,4.39,0.01
1991-06-01,1991,6,Gold,Precious Metals,($/troy oz),367.0,2.8,1.1,4.26,7.0,0.82
1991-07-01,1991,7,Gold,Precious Metals,($/troy oz),368.0,0.27,2.79,1.38,5.75,-0.04
1991-08-01,1991,8,Gold,Precious Metals,($/troy oz),356.0,-3.26,-0.28,-9.87,-5.57,-1.01
1991-09-01,1991,9,Gold,Precious Metals,($/troy oz),349.0,-1.97,-4.9,-10.28,-16.51,-0.52
1991-10-01,1991,10,Gold,Precious Metals,($/troy oz),359.0,2.87,-2.45,-5.77,-15.33,1.73
1991-11-01,1991,11,Gold,Precious Metals,($/troy oz),360.0,0.28,1.12,-5.76,-9.55,0.31
1991-12-01,1991,12,Gold,Precious Metals,($/troy oz),362.0,0.56,3.72,-3.98,-7.42,0.43
1992-01-01,1992,1,Gold,Precious Metals,($/troy oz),354.0,-2.21,-1.39,-7.81,-13.24,-0.8
1992-02-01,1992,2,Gold,Precious Metals,($/troy oz),354.0,0.0,-1.67,-2.75,-11.72,0.28
1992-03-01,1992,3,Gold,Precious Metals,($/troy oz),344.0,-2.82,-4.97,-5.23,-15.89,-1.41
1992-04-01,1992,4,Gold,Precious Metals,($/troy oz),339.0,-1.45,-4.24,-5.31,-22.6,-0.51
1992-05-01,1992,5,Gold,Precious Metals,($/troy oz),337.0,-0.59,-4.8,-5.6,-26.74,-0.08
1992-06-01,1992,6,Gold,Precious Metals,($/troy oz),341.0,1.19,-0.87,-7.08,-24.22,0.83
1992-07-01,1992,7,Gold,Precious Metals,($/troy oz),353.0,3.52,4.13,-4.08,-21.73,2.29
1992-08-01,1992,8,Gold,Precious Metals,($/troy oz),343.0,-2.83,1.78,-3.65,-25.6,-1.17
1992-09-01,1992,9,Gold,Precious Metals,($/troy oz),345.0,0.58,1.17,-1.15,-25.0,0.42
1992-10-01,1992,10,Gold,Precious Metals,($/troy oz),344.0,-0.29,-2.55,-4.18,-26.02,-0.1
1992-11-01,1992,11,Gold,Precious Metals,($/troy oz),335.0,-2.62,-2.33,-6.94,-28.42,-1.25
1992-12-01,1992,12,Gold,Precious Metals,($/troy oz),335.0,0.0,-2.9,-7.46,-31.07,0.3
1993-01-01,1993,1,Gold,Precious Metals,($/troy oz),329.0,-1.79,-4.36,-7.06,-31.03,-0.61
1993-02-01,1993,2,Gold,Precious Metals,($/troy oz),329.0,0.0,-1.79,-7.06,-25.57,0.32
1993-03-01,1993,3,Gold,Precious Metals,($/troy oz),330.0,0.3,-1.49,-4.07,-25.68,0.48
1993-04-01,1993,4,Gold,Precious Metals,($/troy oz),342.0,3.64,3.95,0.88,-24.34,2.27
1993-05-01,1993,5,Gold,Precious Metals,($/troy oz),367.0,7.31,11.55,8.9,-18.63,3.53
1993-06-01,1993,6,Gold,Precious Metals,($/troy oz),372.0,1.36,12.73,9.09,-17.52,0.21
1993-07-01,1993,7,Gold,Precious Metals,($/troy oz),392.0,5.38,14.62,11.05,-10.5,1.59
1993-08-01,1993,8,Gold,Precious Metals,($/troy oz),379.0,-3.32,3.27,10.5,-12.06,-1.37
1993-09-01,1993,9,Gold,Precious Metals,($/troy oz),355.0,-6.33,-4.57,2.9,-14.04,-2.28
1993-10-01,1993,10,Gold,Precious Metals,($/troy oz),364.0,2.54,-7.14,5.81,-10.57,0.59
1993-11-01,1993,11,Gold,Precious Metals,($/troy oz),374.0,2.75,-1.32,11.64,-10.95,0.58
1993-12-01,1993,12,Gold,Precious Metals,($/troy oz),383.0,2.41,7.89,14.33,-8.59,0.38
1994-01-01,1994,1,Gold,Precious Metals,($/troy oz),387.0,1.04,6.32,17.63,-4.21,-0.04
1994-02-01,1994,2,Gold,Precious Metals,($/troy oz),382.0,-1.29,2.14,16.11,-1.55,-0.75
1994-03-01,1994,3,Gold,Precious Metals,($/troy oz),384.0,0.52,0.26,16.36,-1.54,-0.21
1994-04-01,1994,4,Gold,Precious Metals,($/troy oz),377.0,-1.82,-2.58,10.23,-1.82,-0.85
1994-05-01,1994,5,Gold,Precious Metals,($/troy oz),381.0,1.06,-0.26,3.81,2.7,0.05
1994-06-01,1994,6,Gold,Precious Metals,($/troy oz),386.0,1.31,0.52,3.76,4.89,0.31
1994-07-01,1994,7,Gold,Precious Metals,($/troy oz),385.0,-0.26,2.12,-1.79,2.67,-0.2
1994-08-01,1994,8,Gold,Precious Metals,($/troy oz),380.0,-1.3,-0.26,0.26,4.11,-0.44
1994-09-01,1994,9,Gold,Precious Metals,($/troy oz),392.0,3.16,1.55,10.42,8.29,1.22
1994-10-01,1994,10,Gold,Precious Metals,($/troy oz),390.0,-0.51,1.3,7.14,6.27,-0.79
1994-11-01,1994,11,Gold,Precious Metals,($/troy oz),384.0,-1.54,1.05,2.67,-2.54,-1.28
1994-12-01,1994,12,Gold,Precious Metals,($/troy oz),379.0,-1.3,-3.32,-1.04,-7.33,-0.95
1995-01-01,1995,1,Gold,Precious Metals,($/troy oz),379.0,0.0,-2.82,-2.07,-7.56,0.05
1995-02-01,1995,2,Gold,Precious Metals,($/troy oz),377.0,-0.53,-1.82,-1.31,-9.59,-0.25
1995-03-01,1995,3,Gold,Precious Metals,($/troy oz),382.0,1.33,0.79,-0.52,-2.8,0.99
1995-04-01,1995,4,Gold,Precious Metals,($/troy oz),391.0,2.36,3.17,3.71,4.55,1.61
1995-05-01,1995,5,Gold,Precious Metals,($/troy oz),385.0,-1.53,2.12,1.05,4.34,-1.22
1995-06-01,1995,6,Gold,Precious Metals,($/troy oz),388.0,0.78,1.57,0.52,10.23,0.43
1995-07-01,1995,7,Gold,Precious Metals,($/troy oz),386.0,-0.52,-1.28,0.26,6.34,-0.37
1995-08-01,1995,8,Gold,Precious Metals,($/troy oz),384.0,-0.52,-0.26,1.05,-2.78,-0.35
1995-09-01,1995,9,Gold,Precious Metals,($/troy oz),383.0,-0.26,-1.29,-2.3,-1.54,-0.24
1995-10-01,1995,10,Gold,Precious Metals,($/troy oz),383.0,0.0,-0.78,-1.79,0.52,0.16
1995-11-01,1995,11,Gold,Precious Metals,($/troy oz),385.0,0.52,0.26,0.26,0.79,0.57
1995-12-01,1995,12,Gold,Precious Metals,($/troy oz),387.0,0.52,1.04,2.11,2.65,0.45
1996-01-01,1996,1,Gold,Precious Metals,($/troy oz),399.0,3.1,4.18,5.28,3.91,2.88
1996-02-01,1996,2,Gold,Precious Metals,($/troy oz),405.0,1.5,5.19,7.43,11.26,0.81
1996-03-01,1996,3,Gold,Precious Metals,($/troy oz),396.0,-2.22,2.33,3.66,9.09,-2.16
1996-04-01,1996,4,Gold,Precious Metals,($/troy oz),393.0,-0.76,-1.5,0.51,9.78,-0.7
1996-05-01,1996,5,Gold,Precious Metals,($/troy oz),392.0,-0.25,-3.21,1.82,9.8,-0.22
1996-06-01,1996,6,Gold,Precious Metals,($/troy oz),385.0,-1.79,-2.78,-0.77,4.9,-1.48
1996-07-01,1996,7,Gold,Precious Metals,($/troy oz),383.0,-0.52,-2.54,-0.78,4.08,-0.33
1996-08-01,1996,8,Gold,Precious Metals,($/troy oz),387.0,1.04,-1.28,0.78,8.71,0.78
1996-09-01,1996,9,Gold,Precious Metals,($/troy oz),383.0,-1.03,-0.52,0.0,9.74,-0.77
1996-10-01,1996,10,Gold,Precious Metals,($/troy oz),381.0,-0.52,-0.52,-0.52,6.13,-0.36
1996-11-01,1996,11,Gold,Precious Metals,($/troy oz),378.0,-0.79,-2.33,-1.82,5.0,-0.51
1996-12-01,1996,12,Gold,Precious Metals,($/troy oz),369.0,-2.38,-3.66,-4.65,1.93,-1.52
1997-01-01,1997,1,Gold,Precious Metals,($/troy oz),355.0,-3.79,-6.82,-11.03,0.28,-2.14
1997-02-01,1997,2,Gold,Precious Metals,($/troy oz),347.0,-2.25,-8.2,-14.32,-1.98,-0.89
1997-03-01,1997,3,Gold,Precious Metals,($/troy oz),352.0,1.44,-4.61,-11.11,2.33,2.13
1997-04-01,1997,4,Gold,Precious Metals,($/troy oz),344.0,-2.27,-3.1,-12.47,1.47,-0.9
1997-05-01,1997,5,Gold,Precious Metals,($/troy oz),344.0,0.0,-0.86,-12.24,2.08,0.73
1997-06-01,1997,6,Gold,Precious Metals,($/troy oz),341.0,-0.87,-3.12,-11.43,0.0,0.13
1997-07-01,1997,7,Gold,Precious Metals,($/troy oz),324.0,-4.99,-5.81,-15.4,-8.22,-2.67
1997-08-01,1997,8,Gold,Precious Metals,($/troy oz),324.0,0.0,-5.81,-16.28,-5.54,0.73
1997-09-01,1997,9,Gold,Precious Metals,($/troy oz),323.0,-0.31,-5.28,-15.67,-6.38,0.65
1997-10-01,1997,10,Gold,Precious Metals,($/troy oz),325.0,0.62,0.31,-14.7,-5.52,1.12
1997-11-01,1997,11,Gold,Precious Metals,($/troy oz),306.0,-5.85,-5.56,-19.05,-8.66,-2.42
1997-12-01,1997,12,Gold,Precious Metals,($/troy oz),289.0,-5.56,-10.53,-21.68,-13.73,-1.68
1998-01-01,1998,1,Gold,Precious Metals,($/troy oz),289.0,0.0,-11.08,-18.59,-12.16,0.78
1998-02-01,1998,2,Gold,Precious Metals,($/troy oz),297.0,2.77,-2.94,-14.41,-9.73,1.76
1998-03-01,1998,3,Gold,Precious Metals,($/troy oz),296.0,-0.34,2.42,-15.91,-10.3,0.32
1998-04-01,1998,4,Gold,Precious Metals,($/troy oz),308.0,4.05,6.57,-10.47,-9.94,2.01
1998-05-01,1998,5,Gold,Precious Metals,($/troy oz),299.0,-2.92,0.67,-13.08,-18.53,-0.66
1998-06-01,1998,6,Gold,Precious Metals,($/troy oz),292.0,-2.34,-1.35,-14.37,-21.51,-0.39
1998-07-01,1998,7,Gold,Precious Metals,($/troy oz),293.0,0.34,-4.87,-9.57,-25.26,0.5
1998-08-01,1998,8,Gold,Precious Metals,($/troy oz),284.0,-3.07,-5.02,-12.35,-25.07,-0.77
1998-09-01,1998,9,Gold,Precious Metals,($/troy oz),289.0,1.76,-1.03,-10.53,-18.59,0.93
1998-10-01,1998,10,Gold,Precious Metals,($/troy oz),296.0,2.42,1.02,-8.92,-18.68,1.06
1998-11-01,1998,11,Gold,Precious Metals,($/troy oz),294.0,-0.68,3.52,-3.92,-21.39,0.02
1998-12-01,1998,12,Gold,Precious Metals,($/troy oz),292.0,-0.68,1.04,1.04,-23.76,-0.14
1999-01-01,1999,1,Gold,Precious Metals,($/troy oz),287.0,-1.71,-3.04,-0.69,-25.84,-0.8
1999-02-01,1999,2,Gold,Precious Metals,($/troy oz),287.0,0.0,-2.38,-3.37,-24.87,0.01
1999-03-01,1999,3,Gold,Precious Metals,($/troy oz),286.0,-0.35,-2.05,-3.38,-25.52,-0.04
1999-04-01,1999,4,Gold,Precious Metals,($/troy oz),283.0,-1.05,-1.39,-8.12,-24.93,-0.36
1999-05-01,1999,5,Gold,Precious Metals,($/troy oz),276.0,-2.47,-3.83,-7.69,-27.56,-1.05
1999-06-01,1999,6,Gold,Precious Metals,($/troy oz),261.0,-5.43,-8.74,-10.62,-32.38,-2.89
1999-07-01,1999,7,Gold,Precious Metals,($/troy oz),256.0,-1.92,-9.54,-12.63,-33.51,-0.47
1999-08-01,1999,8,Gold,Precious Metals,($/troy oz),257.0,0.39,-6.88,-9.51,-32.37,0.71
1999-09-01,1999,9,Gold,Precious Metals,($/troy oz),265.0,3.11,1.53,-8.3,-32.4,1.93
1999-10-01,1999,10,Gold,Precious Metals,($/troy oz),311.0,17.36,21.48,5.07,-20.26,8.13
1999-11-01,1999,11,Gold,Precious Metals,($/troy oz),293.0,-5.79,14.01,-0.34,-23.7,-1.12
1999-12-01,1999,12,Gold,Precious Metals,($/troy oz),283.0,-3.41,6.79,-3.08,-25.33,-0.59
2000-01-01,2000,1,Gold,Precious Metals,($/troy oz),284.0,0.35,-8.68,-1.05,-25.07,0.08
2000-02-01,2000,2,Gold,Precious Metals,($/troy oz),300.0,5.63,2.39,4.53,-20.42,0.93
2000-03-01,2000,3,Gold,Precious Metals,($/troy oz),286.0,-4.67,1.06,0.0,-25.13,-0.84
2000-04-01,2000,4,Gold,Precious Metals,($/troy oz),280.0,-2.1,-1.41,-1.06,-28.39,-0.36
2000-05-01,2000,5,Gold,Precious Metals,($/troy oz),275.0,-1.79,-8.33,-0.36,-28.57,-0.29
2000-06-01,2000,6,Gold,Precious Metals,($/troy oz),286.0,4.0,0.0,9.58,-26.29,0.6
2000-07-01,2000,7,Gold,Precious Metals,($/troy oz),282.0,-1.4,0.71,10.16,-26.94,-0.37
2000-08-01,2000,8,Gold,Precious Metals,($/troy oz),274.0,-2.84,-0.36,6.61,-28.65,-0.61
2000-09-01,2000,9,Gold,Precious Metals,($/troy oz),274.0,0.0,-4.2,3.4,-28.46,-0.11
2000-10-01,2000,10,Gold,Precious Metals,($/troy oz),270.0,-1.46,-4.26,-13.18,-29.5,-0.3
2000-11-01,2000,11,Gold,Precious Metals,($/troy oz),266.0,-1.48,-2.92,-9.22,-30.91,-0.11
2000-12-01,2000,12,Gold,Precious Metals,($/troy oz),271.0,1.88,-1.09,-4.24,-29.97,0.89
2001-01-01,2001,1,Gold,Precious Metals,($/troy oz),265.0,-2.21,-1.85,-6.69,-33.58,-0.65
2001-02-01,2001,2,Gold,Precious Metals,($/troy oz),262.0,-1.13,-1.5,-12.67,-35.31,-0.2
2001-03-01,2001,3,Gold,Precious Metals,($/troy oz),263.0,0.38,-2.95,-8.04,-33.59,0.66
2001-04-01,2001,4,Gold,Precious Metals,($/troy oz),260.0,-1.14,-1.89,-7.14,-33.84,-0.24
2001-05-01,2001,5,Gold,Precious Metals,($/troy oz),272.0,4.62,3.82,-1.09,-30.61,2.72
2001-06-01,2001,6,Gold,Precious Metals,($/troy oz),270.0,-0.74,2.66,-5.59,-29.87,-0.28
2001-07-01,2001,7,Gold,Precious Metals,($/troy oz),268.0,-0.74,3.08,-4.96,-30.03,-0.14
2001-08-01,2001,8,Gold,Precious Metals,($/troy oz),272.0,1.49,0.0,-0.73,-29.72,0.95
2001-09-01,2001,9,Gold,Precious Metals,($/troy oz),283.0,4.04,4.81,3.28,-26.11,2.14
2001-10-01,2001,10,Gold,Precious Metals,($/troy oz),283.0,0.0,5.6,4.81,-25.72,-0.13
2001-11-01,2001,11,Gold,Precious Metals,($/troy oz),276.0,-2.47,1.47,3.76,-26.98,-1.32
2001-12-01,2001,12,Gold,Precious Metals,($/troy oz),276.0,0.0,-2.47,1.85,-25.2,-0.15
2002-01-01,2002,1,Gold,Precious Metals,($/troy oz),282.0,2.17,-0.35,6.42,-20.56,0.9
2002-02-01,2002,2,Gold,Precious Metals,($/troy oz),296.0,4.96,7.25,12.98,-14.7,2.05
2002-03-01,2002,3,Gold,Precious Metals,($/troy oz),294.0,-0.68,6.52,11.79,-16.48,-0.71
2002-04-01,2002,4,Gold,Precious Metals,($/troy oz),303.0,3.06,7.45,16.54,-11.92,0.85
2002-05-01,2002,5,Gold,Precious Metals,($/troy oz),314.0,3.63,6.08,15.44,-8.72,0.95
2002-06-01,2002,6,Gold,Precious Metals,($/troy oz),321.0,2.23,9.18,18.89,-5.87,0.43
2002-07-01,2002,7,Gold,Precious Metals,($/troy oz),313.0,-2.49,3.3,16.79,-3.4,-1.75
2002-08-01,2002,8,Gold,Precious Metals,($/troy oz),310.0,-0.96,-1.27,13.97,-4.32,-0.93
2002-09-01,2002,9,Gold,Precious Metals,($/troy oz),319.0,2.9,-0.62,12.72,-1.24,0.7
2002-10-01,2002,10,Gold,Precious Metals,($/troy oz),317.0,-0.63,1.28,12.01,-2.46,-0.68
2002-11-01,2002,11,Gold,Precious Metals,($/troy oz),319.0,0.63,2.9,15.58,4.25,-0.14
2002-12-01,2002,12,Gold,Precious Metals,($/troy oz),332.0,4.08,4.08,20.29,14.88,1.27
2003-01-01,2003,1,Gold,Precious Metals,($/troy oz),357.0,7.53,12.62,26.6,23.53,2.54
2003-02-01,2003,2,Gold,Precious Metals,($/troy oz),359.0,0.56,12.54,21.28,20.88,-0.5
2003-03-01,2003,3,Gold,Precious Metals,($/troy oz),341.0,-5.01,2.71,15.99,15.2,-2.4
2003-04-01,2003,4,Gold,Precious Metals,($/troy oz),328.0,-3.81,-8.12,8.25,6.49,-1.53
2003-05-01,2003,5,Gold,Precious Metals,($/troy oz),356.0,8.54,-0.84,13.38,19.06,2.18
2003-06-01,2003,6,Gold,Precious Metals,($/troy oz),356.0,0.0,4.4,10.9,21.92,-0.27
2003-07-01,2003,7,Gold,Precious Metals,($/troy oz),351.0,-1.4,7.01,12.14,19.8,-0.56
2003-08-01,2003,8,Gold,Precious Metals,($/troy oz),360.0,2.56,1.12,16.13,26.76,0.37
2003-09-01,2003,9,Gold,Precious Metals,($/troy oz),379.0,5.28,6.46,18.81,31.14,0.97
2003-10-01,2003,10,Gold,Precious Metals,($/troy oz),379.0,0.0,7.98,19.56,28.04,-0.36
2003-11-01,2003,11,Gold,Precious Metals,($/troy oz),390.0,2.9,8.33,22.26,32.65,0.32
2003-12-01,2003,12,Gold,Precious Metals,($/troy oz),407.0,4.36,7.39,22.59,39.38,0.62
2004-01-01,2004,1,Gold,Precious Metals,($/troy oz),414.0,1.72,9.23,15.97,44.25,-0.02
2004-02-01,2004,2,Gold,Precious Metals,($/troy oz),405.0,-2.17,3.85,12.81,41.11,-0.92
2004-03-01,2004,3,Gold,Precious Metals,($/troy oz),407.0,0.49,0.0,19.35,42.31,-0.15
2004-04-01,2004,4,Gold,Precious Metals,($/troy oz),403.0,-0.98,-2.66,22.87,42.4,-0.73
2004-05-01,2004,5,Gold,Precious Metals,($/troy oz),384.0,-4.71,-5.19,7.87,39.13,-2.07
2004-06-01,2004,6,Gold,Precious Metals,($/troy oz),392.0,2.08,-3.69,10.11,50.19,0.5
2004-07-01,2004,7,Gold,Precious Metals,($/troy oz),398.0,1.53,-1.24,13.39,55.47,0.24
2004-08-01,2004,8,Gold,Precious Metals,($/troy oz),401.0,0.75,4.43,11.39,56.03,-0.12
2004-09-01,2004,9,Gold,Precious Metals,($/troy oz),405.0,1.0,3.32,6.86,52.83,0.02
2004-10-01,2004,10,Gold,Precious Metals,($/troy oz),420.0,3.7,5.53,10.82,35.05,1.31
2004-11-01,2004,11,Gold,Precious Metals,($/troy oz),439.0,4.52,9.48,12.56,49.83,1.43
2004-12-01,2004,12,Gold,Precious Metals,($/troy oz),442.0,0.68,9.14,8.6,56.18,-0.13
2005-01-01,2005,1,Gold,Precious Metals,($/troy oz),424.0,-4.07,0.95,2.42,49.3,-1.93
2005-02-01,2005,2,Gold,Precious Metals,($/troy oz),423.0,-0.24,-3.64,4.44,41.0,-0.17
2005-03-01,2005,3,Gold,Precious Metals,($/troy oz),434.0,2.6,-1.81,6.63,51.75,0.81
2005-04-01,2005,4,Gold,Precious Metals,($/troy oz),429.0,-1.15,1.18,6.45,53.21,-0.62
2005-05-01,2005,5,Gold,Precious Metals,($/troy oz),422.0,-1.63,-0.24,9.9,53.45,-0.78
2005-06-01,2005,6,Gold,Precious Metals,($/troy oz),431.0,2.13,-0.69,9.95,50.7,0.55
2005-07-01,2005,7,Gold,Precious Metals,($/troy oz),424.0,-1.62,-1.17,6.53,50.35,-1.03
2005-08-01,2005,8,Gold,Precious Metals,($/troy oz),438.0,3.3,3.79,9.23,59.85,1.11
2005-09-01,2005,9,Gold,Precious Metals,($/troy oz),456.0,4.11,5.8,12.59,66.42,1.29
2005-10-01,2005,10,Gold,Precious Metals,($/troy oz),470.0,3.07,10.85,11.9,74.07,0.74
2005-11-01,2005,11,Gold,Precious Metals,($/troy oz),477.0,1.49,8.9,8.66,79.32,0.19
2005-12-01,2005,12,Gold,Precious Metals,($/troy oz),510.0,6.92,11.84,15.38,88.19,2.49
2006-01-01,2006,1,Gold,Precious Metals,($/troy oz),550.0,7.84,17.02,29.72,107.55,2.15
2006-02-01,2006,2,Gold,Precious Metals,($/troy oz),555.0,0.91,16.35,31.21,111.83,-0.43
2006-03-01,2006,3,Gold,Precious Metals,($/troy oz),557.0,0.36,9.22,28.34,111.79,-0.65
2006-04-01,2006,4,Gold,Precious Metals,($/troy oz),611.0,9.69,11.09,42.42,135.0,2.43
2006-05-01,2006,5,Gold,Precious Metals,($/troy oz),675.0,10.47,21.62,59.95,148.16,2.07
2006-06-01,2006,6,Gold,Precious Metals,($/troy oz),596.0,-11.7,7.0,38.28,120.74,-4.09
2006-07-01,2006,7,Gold,Precious Metals,($/troy oz),634.0,6.38,3.76,49.53,136.57,0.58
2006-08-01,2006,8,Gold,Precious Metals,($/troy oz),633.0,-0.16,-6.22,44.52,132.72,-0.64
2006-09-01,2006,9,Gold,Precious Metals,($/troy oz),598.0,-5.53,0.34,31.14,111.31,-1.48
2006-10-01,2006,10,Gold,Precious Metals,($/troy oz),586.0,-2.01,-7.57,24.68,107.07,-0.69
2006-11-01,2006,11,Gold,Precious Metals,($/troy oz),628.0,7.17,-0.79,31.66,127.54,0.78
2006-12-01,2006,12,Gold,Precious Metals,($/troy oz),630.0,0.32,5.35,23.53,128.26,-0.33
2007-01-01,2007,1,Gold,Precious Metals,($/troy oz),631.0,0.16,7.68,14.73,123.76,-0.27
2007-02-01,2007,2,Gold,Precious Metals,($/troy oz),665.0,5.39,5.89,19.82,124.66,0.64
2007-03-01,2007,3,Gold,Precious Metals,($/troy oz),655.0,-1.5,3.97,17.59,122.79,-0.5
2007-04-01,2007,4,Gold,Precious Metals,($/troy oz),679.0,3.66,7.61,11.13,124.09,0.32
2007-05-01,2007,5,Gold,Precious Metals,($/troy oz),667.0,-1.77,0.3,-1.19,112.42,-0.47
2007-06-01,2007,6,Gold,Precious Metals,($/troy oz),656.0,-1.65,0.15,10.07,104.36,-0.32
2007-07-01,2007,7,Gold,Precious Metals,($/troy oz),665.0,1.37,-2.06,4.89,112.46,0.13
2007-08-01,2007,8,Gold,Precious Metals,($/troy oz),665.0,0.0,-0.3,5.06,114.52,-0.13
2007-09-01,2007,9,Gold,Precious Metals,($/troy oz),713.0,7.22,8.69,19.23,123.51,1.92
2007-10-01,2007,10,Gold,Precious Metals,($/troy oz),755.0,5.89,13.53,28.84,138.17,1.26
2007-11-01,2007,11,Gold,Precious Metals,($/troy oz),806.0,6.75,21.2,28.34,152.66,1.31
2007-12-01,2007,12,Gold,Precious Metals,($/troy oz),803.0,-0.37,12.62,27.46,141.87,-0.74
2008-01-01,2008,1,Gold,Precious Metals,($/troy oz),890.0,10.83,17.88,41.05,149.3,2.52
2008-02-01,2008,2,Gold,Precious Metals,($/troy oz),922.0,3.6,14.39,38.65,156.82,0.14
2008-03-01,2008,3,Gold,Precious Metals,($/troy oz),968.0,4.99,20.55,47.79,183.87,0.52
2008-04-01,2008,4,Gold,Precious Metals,($/troy oz),910.0,-5.99,2.25,34.02,177.44,-2.37
2008-05-01,2008,5,Gold,Precious Metals,($/troy oz),889.0,-2.31,-3.58,33.28,149.72,-1.02
2008-06-01,2008,6,Gold,Precious Metals,($/troy oz),889.0,0.0,-8.16,35.52,149.72,-0.52
2008-07-01,2008,7,Gold,Precious Metals,($/troy oz),940.0,5.74,3.3,41.35,167.81,0.65
2008-08-01,2008,8,Gold,Precious Metals,($/troy oz),839.0,-10.74,-5.62,26.17,133.06,-2.88
2008-09-01,2008,9,Gold,Precious Metals,($/troy oz),830.0,-1.07,-6.64,16.41,119.0,-0.52
2008-10-01,2008,10,Gold,Precious Metals,($/troy oz),807.0,-2.77,-14.15,6.89,112.93,-0.7
2008-11-01,2008,11,Gold,Precious Metals,($/troy oz),761.0,-5.7,-9.3,-5.58,95.13,-1.07
2008-12-01,2008,12,Gold,Precious Metals,($/troy oz),816.0,7.23,-1.69,1.62,100.49,1.28
2009-01-01,2009,1,Gold,Precious Metals,($/troy oz),859.0,5.27,6.44,-3.48,107.49,0.79
2009-02-01,2009,2,Gold,Precious Metals,($/troy oz),943.0,9.78,23.92,2.28,132.84,1.76
2009-03-01,2009,3,Gold,Precious Metals,($/troy oz),924.0,-2.01,13.24,-4.55,127.03,-0.38
2009-04-01,2009,4,Gold,Precious Metals,($/troy oz),890.0,-3.68,3.61,-2.2,120.84,-0.57
2009-05-01,2009,5,Gold,Precious Metals,($/troy oz),929.0,4.38,-1.48,4.5,141.93,0.74
2009-06-01,2009,6,Gold,Precious Metals,($/troy oz),946.0,1.83,2.38,6.41,141.33,0.22
2009-07-01,2009,7,Gold,Precious Metals,($/troy oz),934.0,-1.27,4.94,-0.64,134.67,-0.32
2009-08-01,2009,8,Gold,Precious Metals,($/troy oz),949.0,1.61,2.15,13.11,136.66,0.26
2009-09-01,2009,9,Gold,Precious Metals,($/troy oz),997.0,5.06,5.39,20.12,146.17,0.83
2009-10-01,2009,10,Gold,Precious Metals,($/troy oz),1043.0,4.61,11.67,29.24,148.33,0.62
2009-11-01,2009,11,Gold,Precious Metals,($/troy oz),1127.0,8.05,18.76,48.09,156.72,1.25
2009-12-01,2009,12,Gold,Precious Metals,($/troy oz),1135.0,0.71,13.84,39.09,156.79,-0.64
2010-01-01,2010,1,Gold,Precious Metals,($/troy oz),1118.0,-1.5,7.19,30.15,163.68,-1.07
2010-02-01,2010,2,Gold,Precious Metals,($/troy oz),1095.0,-2.06,-2.84,16.12,158.87,-1.04
2010-03-01,2010,3,Gold,Precious Metals,($/troy oz),1113.0,1.64,-1.94,20.45,156.45,0.09
2010-04-01,2010,4,Gold,Precious Metals,($/troy oz),1149.0,3.23,2.77,29.1,167.83,0.47
2010-05-01,2010,5,Gold,Precious Metals,($/troy oz),1205.0,4.87,10.05,29.71,185.55,0.89
2010-06-01,2010,6,Gold,Precious Metals,($/troy oz),1233.0,2.32,10.78,30.34,186.08,0.03
2010-07-01,2010,7,Gold,Precious Metals,($/troy oz),1193.0,-3.24,3.83,27.73,181.37,-1.8
2010-08-01,2010,8,Gold,Precious Metals,($/troy oz),1216.0,1.93,0.91,28.13,177.63,-0.05
2010-09-01,2010,9,Gold,Precious Metals,($/troy oz),1271.0,4.52,3.08,27.48,178.73,0.72
2010-10-01,2010,10,Gold,Precious Metals,($/troy oz),1342.0,5.59,12.49,28.67,185.53,1.07
2010-11-01,2010,11,Gold,Precious Metals,($/troy oz),1370.0,2.09,12.66,21.56,187.21,-0.03
2010-12-01,2010,12,Gold,Precious Metals,($/troy oz),1391.0,1.53,9.44,22.56,172.75,-0.05
2011-01-01,2011,1,Gold,Precious Metals,($/troy oz),1360.0,-2.23,1.34,21.65,147.27,-1.43
2011-02-01,2011,2,Gold,Precious Metals,($/troy oz),1375.0,1.1,0.36,25.57,147.75,-0.2
2011-03-01,2011,3,Gold,Precious Metals,($/troy oz),1423.0,3.49,2.3,27.85,155.48,0.59
2011-04-01,2011,4,Gold,Precious Metals,($/troy oz),1481.0,4.08,8.9,28.89,142.39,0.74
2011-05-01,2011,5,Gold,Precious Metals,($/troy oz),1513.0,2.16,10.04,25.56,124.15,-0.0
2011-06-01,2011,6,Gold,Precious Metals,($/troy oz),1529.0,1.06,7.45,24.01,156.54,-0.35
2011-07-01,2011,7,Gold,Precious Metals,($/troy oz),1573.0,2.88,6.21,31.85,148.11,0.4
2011-08-01,2011,8,Gold,Precious Metals,($/troy oz),1759.0,11.82,16.26,44.65,177.88,4.69
2011-09-01,2011,9,Gold,Precious Metals,($/troy oz),1772.0,0.74,15.89,39.42,196.32,-0.72
2011-10-01,2011,10,Gold,Precious Metals,($/troy oz),1666.0,-5.98,5.91,24.14,184.3,-2.58
2011-11-01,2011,11,Gold,Precious Metals,($/troy oz),1739.0,4.38,-1.14,26.93,176.91,0.6
2011-12-01,2011,12,Gold,Precious Metals,($/troy oz),1640.0,-5.69,-7.45,17.9,160.32,-1.85
2012-01-01,2012,1,Gold,Precious Metals,($/troy oz),1654.0,0.85,-0.72,21.62,162.12,-0.13
2012-02-01,2012,2,Gold,Precious Metals,($/troy oz),1745.0,5.5,0.35,26.91,162.41,0.81
2012-03-01,2012,3,Gold,Precious Metals,($/troy oz),1676.0,-3.95,2.2,17.78,155.88,-1.28
2012-04-01,2012,4,Gold,Precious Metals,($/troy oz),1649.0,-1.61,-0.3,11.34,142.86,-0.62
2012-05-01,2012,5,Gold,Precious Metals,($/troy oz),1589.0,-3.64,-8.94,5.02,138.23,-0.92
2012-06-01,2012,6,Gold,Precious Metals,($/troy oz),1599.0,0.63,-4.59,4.58,143.75,0.02
2012-07-01,2012,7,Gold,Precious Metals,($/troy oz),1594.0,-0.31,-3.34,1.34,139.7,-0.16
2012-08-01,2012,8,Gold,Precious Metals,($/troy oz),1630.0,2.26,2.58,-7.33,145.11,0.4
2012-09-01,2012,9,Gold,Precious Metals,($/troy oz),1745.0,7.06,9.13,-1.52,144.74,2.05
2012-10-01,2012,10,Gold,Precious Metals,($/troy oz),1747.0,0.11,9.6,4.86,131.39,0.04
2012-11-01,2012,11,Gold,Precious Metals,($/troy oz),1722.0,-1.43,5.64,-0.98,113.65,-0.49
2012-12-01,2012,12,Gold,Precious Metals,($/troy oz),1685.0,-2.15,-3.44,2.74,109.84,-0.57
2013-01-01,2013,1,Gold,Precious Metals,($/troy oz),1672.0,-0.77,-4.29,1.09,87.87,-0.31
2013-02-01,2013,2,Gold,Precious Metals,($/troy oz),1628.0,-2.63,-5.46,-6.7,76.57,-0.83
2013-03-01,2013,3,Gold,Precious Metals,($/troy oz),1593.0,-2.15,-5.46,-4.95,64.57,-0.54
2013-04-01,2013,4,Gold,Precious Metals,($/troy oz),1488.0,-6.59,-11.0,-9.76,63.52,-2.19
2013-05-01,2013,5,Gold,Precious Metals,($/troy oz),1414.0,-4.97,-13.14,-11.01,59.06,-1.25
2013-06-01,2013,6,Gold,Precious Metals,($/troy oz),1343.0,-5.02,-15.69,-16.01,51.07,-1.18
2013-07-01,2013,7,Gold,Precious Metals,($/troy oz),1286.0,-4.24,-13.58,-19.32,36.81,-0.79
2013-08-01,2013,8,Gold,Precious Metals,($/troy oz),1352.0,5.13,-4.38,-17.06,61.14,1.85
2013-09-01,2013,9,Gold,Precious Metals,($/troy oz),1349.0,-0.22,0.45,-22.69,62.53,0.31
2013-10-01,2013,10,Gold,Precious Metals,($/troy oz),1317.0,-2.37,2.41,-24.61,63.2,-0.1
2013-11-01,2013,11,Gold,Precious Metals,($/troy oz),1276.0,-3.11,-5.62,-25.9,67.67,-0.28
2013-12-01,2013,12,Gold,Precious Metals,($/troy oz),1222.0,-4.23,-9.41,-27.48,49.75,-0.6
2014-01-01,2014,1,Gold,Precious Metals,($/troy oz),1244.0,1.8,-5.54,-25.6,44.82,1.44
2014-02-01,2014,2,Gold,Precious Metals,($/troy oz),1300.0,4.5,1.88,-20.15,37.86,2.11
2014-03-01,2014,3,Gold,Precious Metals,($/troy oz),1336.0,2.77,9.33,-16.13,44.59,1.19
2014-04-01,2014,4,Gold,Precious Metals,($/troy oz),1298.0,-2.84,4.34,-12.77,45.84,-0.36
2014-05-01,2014,5,Gold,Precious Metals,($/troy oz),1289.0,-0.69,-0.85,-8.84,38.75,0.1
2014-06-01,2014,6,Gold,Precious Metals,($/troy oz),1279.0,-0.78,-4.27,-4.77,35.2,-0.02
2014-07-01,2014,7,Gold,Precious Metals,($/troy oz),1311.0,2.5,1.0,1.94,40.36,0.88
2014-08-01,2014,8,Gold,Precious Metals,($/troy oz),1295.0,-1.22,0.47,-4.22,36.46,-0.46
2014-09-01,2014,9,Gold,Precious Metals,($/troy oz),1237.0,-4.48,-3.28,-8.3,24.07,-1.54
2014-10-01,2014,10,Gold,Precious Metals,($/troy oz),1222.0,-1.21,-6.79,-7.21,17.16,-0.18
2014-11-01,2014,11,Gold,Precious Metals,($/troy oz),1175.0,-3.85,-9.27,-7.92,4.26,-1.12
2014-12-01,2014,12,Gold,Precious Metals,($/troy oz),1201.0,2.21,-2.91,-1.72,5.81,0.96
2015-01-01,2015,1,Gold,Precious Metals,($/troy oz),1251.0,4.16,2.37,0.56,11.9,1.5
2015-02-01,2015,2,Gold,Precious Metals,($/troy oz),1227.0,-1.92,4.43,-5.62,12.05,-0.66
2015-03-01,2015,3,Gold,Precious Metals,($/troy oz),1179.0,-3.91,-1.83,-11.75,5.93,-1.25
2015-04-01,2015,4,Gold,Precious Metals,($/troy oz),1199.0,1.7,-4.16,-7.63,4.35,0.99
2015-05-01,2015,5,Gold,Precious Metals,($/troy oz),1199.0,0.0,-2.28,-6.98,-0.5,0.22
2015-06-01,2015,6,Gold,Precious Metals,($/troy oz),1182.0,-1.42,0.25,-7.58,-4.14,-0.31
2015-07-01,2015,7,Gold,Precious Metals,($/troy oz),1128.0,-4.57,-5.92,-13.96,-5.45,-1.42
2015-08-01,2015,8,Gold,Precious Metals,($/troy oz),1118.0,-0.89,-6.76,-13.67,-8.06,0.11
2015-09-01,2015,9,Gold,Precious Metals,($/troy oz),1125.0,0.63,-4.82,-9.05,-11.49,0.64
2015-10-01,2015,10,Gold,Precious Metals,($/troy oz),1159.0,3.02,2.75,-5.16,-13.64,1.42
2015-11-01,2015,11,Gold,Precious Metals,($/troy oz),1086.0,-6.3,-2.86,-7.57,-20.73,-2.06
2015-12-01,2015,12,Gold,Precious Metals,($/troy oz),1076.0,-0.92,-4.36,-10.41,-22.65,-0.1
2016-01-01,2016,1,Gold,Precious Metals,($/troy oz),1098.0,2.04,-5.26,-12.23,-19.26,0.95
2016-02-01,2016,2,Gold,Precious Metals,($/troy oz),1200.0,9.29,10.5,-2.2,-12.73,3.68
2016-03-01,2016,3,Gold,Precious Metals,($/troy oz),1245.0,3.75,15.71,5.6,-12.51,0.95
2016-04-01,2016,4,Gold,Precious Metals,($/troy oz),1242.0,-0.24,13.11,3.59,-16.14,-0.19
2016-05-01,2016,5,Gold,Precious Metals,($/troy oz),1261.0,1.53,5.08,5.17,-16.66,0.29
2016-06-01,2016,6,Gold,Precious Metals,($/troy oz),1276.0,1.19,2.49,7.95,-16.55,0.17
2016-07-01,2016,7,Gold,Precious Metals,($/troy oz),1337.0,4.78,7.65,18.53,-15.0,1.02
2016-08-01,2016,8,Gold,Precious Metals,($/troy oz),1340.0,0.22,6.26,19.86,-23.82,-0.34
2016-09-01,2016,9,Gold,Precious Metals,($/troy oz),1327.0,-0.97,4.0,17.96,-25.11,-0.69
2016-10-01,2016,10,Gold,Precious Metals,($/troy oz),1267.0,-4.52,-5.24,9.32,-23.95,-1.58
2016-11-01,2016,11,Gold,Precious Metals,($/troy oz),1238.0,-2.29,-7.61,14.0,-28.81,-0.76
2016-12-01,2016,12,Gold,Precious Metals,($/troy oz),1157.0,-6.54,-12.81,7.53,-29.45,-2.14
2017-01-01,2017,1,Gold,Precious Metals,($/troy oz),1192.0,3.03,-5.92,8.56,-27.93,0.56
2017-02-01,2017,2,Gold,Precious Metals,($/troy oz),1234.0,3.52,-0.32,2.83,-29.28,0.65
2017-03-01,2017,3,Gold,Precious Metals,($/troy oz),1231.0,-0.24,6.4,-1.12,-26.55,-0.15
2017-04-01,2017,4,Gold,Precious Metals,($/troy oz),1267.0,2.92,6.29,2.01,-23.17,0.91
2017-05-01,2017,5,Gold,Precious Metals,($/troy oz),1246.0,-1.66,0.97,-1.19,-21.59,-0.56
2017-06-01,2017,6,Gold,Precious Metals,($/troy oz),1260.0,1.12,2.36,-1.25,-21.2,0.34
2017-07-01,2017,7,Gold,Precious Metals,($/troy oz),1237.0,-1.83,-2.37,-7.48,-22.4,-0.52
2017-08-01,2017,8,Gold,Precious Metals,($/troy oz),1283.0,3.72,2.97,-4.25,-21.29,1.41
2017-09-01,2017,9,Gold,Precious Metals,($/troy oz),1314.0,2.42,4.29,-0.98,-24.7,0.83
2017-10-01,2017,10,Gold,Precious Metals,($/troy oz),1280.0,-2.59,3.48,1.03,-26.73,-0.76
2017-11-01,2017,11,Gold,Precious Metals,($/troy oz),1282.0,0.16,-0.08,3.55,-25.55,0.01
2017-12-01,2017,12,Gold,Precious Metals,($/troy oz),1264.0,-1.4,-3.81,9.25,-24.99,-0.56
2018-01-01,2018,1,Gold,Precious Metals,($/troy oz),1331.0,5.3,3.98,11.66,-20.39,1.96
2018-02-01,2018,2,Gold,Precious Metals,($/troy oz),1331.0,0.0,3.82,7.86,-18.24,-0.37
2018-03-01,2018,3,Gold,Precious Metals,($/troy oz),1325.0,-0.45,4.83,7.64,-16.82,-0.45
2018-04-01,2018,4,Gold,Precious Metals,($/troy oz),1335.0,0.75,0.3,5.37,-10.28,0.05
2018-05-01,2018,5,Gold,Precious Metals,($/troy oz),1303.0,-2.4,-2.1,4.57,-7.85,-1.2
2018-06-01,2018,6,Gold,Precious Metals,($/troy oz),1282.0,-1.61,-3.25,1.75,-4.54,-0.82
2018-07-01,2018,7,Gold,Precious Metals,($/troy oz),1238.0,-3.43,-7.27,0.08,-3.73,-1.44
2018-08-01,2018,8,Gold,Precious Metals,($/troy oz),1202.0,-2.91,-7.75,-6.31,-11.09,-1.11
2018-09-01,2018,9,Gold,Precious Metals,($/troy oz),1198.0,-0.33,-6.55,-8.83,-11.19,0.07
2018-10-01,2018,10,Gold,Precious Metals,($/troy oz),1215.0,1.42,-1.86,-5.08,-7.74,0.93
2018-11-01,2018,11,Gold,Precious Metals,($/troy oz),1221.0,0.49,1.58,-4.76,-4.31,0.39
2018-12-01,2018,12,Gold,Precious Metals,($/troy oz),1250.0,2.38,4.34,-1.11,2.29,1.18
2019-01-01,2019,1,Gold,Precious Metals,($/troy oz),1292.0,3.36,6.34,-2.93,3.86,1.4
2019-02-01,2019,2,Gold,Precious Metals,($/troy oz),1320.0,2.17,8.11,-0.83,1.54,1.15
2019-03-01,2019,3,Gold,Precious Metals,($/troy oz),1301.0,-1.44,4.08,-1.81,-2.62,-0.63
2019-04-01,2019,4,Gold,Precious Metals,($/troy oz),1286.0,-1.15,-0.46,-3.67,-0.92,-0.46
2019-05-01,2019,5,Gold,Precious Metals,($/troy oz),1284.0,-0.16,-2.73,-1.46,-0.39,0.06
2019-06-01,2019,6,Gold,Precious Metals,($/troy oz),1359.0,5.84,4.46,6.01,6.25,2.78
2019-07-01,2019,7,Gold,Precious Metals,($/troy oz),1413.0,3.97,9.88,14.14,7.78,1.29
2019-08-01,2019,8,Gold,Precious Metals,($/troy oz),1500.0,6.16,16.82,24.79,15.83,1.99
2019-09-01,2019,9,Gold,Precious Metals,($/troy oz),1511.0,0.73,11.18,26.13,22.15,-0.45
2019-10-01,2019,10,Gold,Precious Metals,($/troy oz),1495.0,-1.06,5.8,23.05,22.34,-1.22
2019-11-01,2019,11,Gold,Precious Metals,($/troy oz),1471.0,-1.61,-1.93,20.48,25.19,-1.28
2019-12-01,2019,12,Gold,Precious Metals,($/troy oz),1479.0,0.54,-2.12,18.32,23.15,-0.38
2020-01-01,2020,1,Gold,Precious Metals,($/troy oz),1561.0,5.54,4.41,20.82,24.78,1.46
2020-02-01,2020,2,Gold,Precious Metals,($/troy oz),1597.0,2.31,8.57,20.98,30.15,0.23
2020-03-01,2020,3,Gold,Precious Metals,($/troy oz),1592.0,-0.31,7.64,22.37,35.03,-0.65
2020-04-01,2020,4,Gold,Precious Metals,($/troy oz),1683.0,5.72,7.82,30.87,40.37,1.36
2020-05-01,2020,5,Gold,Precious Metals,($/troy oz),1716.0,1.96,7.45,33.64,43.12,-0.12
2020-06-01,2020,6,Gold,Precious Metals,($/troy oz),1732.0,0.93,8.79,27.45,46.53,-0.54
2020-07-01,2020,7,Gold,Precious Metals,($/troy oz),1847.0,6.64,9.74,30.71,63.74,1.69
2020-08-01,2020,8,Gold,Precious Metals,($/troy oz),1969.0,6.61,14.74,31.27,76.12,1.45
2020-09-01,2020,9,Gold,Precious Metals,($/troy oz),1922.0,-2.39,10.97,27.2,70.84,-1.56
2020-10-01,2020,10,Gold,Precious Metals,($/troy oz),1900.0,-1.14,2.87,27.09,63.93,-0.98
2020-11-01,2020,11,Gold,Precious Metals,($/troy oz),1866.0,-1.79,-5.23,26.85,71.82,-1.17
2020-12-01,2020,12,Gold,Precious Metals,($/troy oz),1858.0,-0.43,-3.33,25.63,72.68,-0.75
2021-01-01,2021,1,Gold,Precious Metals,($/troy oz),1867.0,0.48,-1.74,19.6,70.04,-0.44
2021-02-01,2021,2,Gold,Precious Metals,($/troy oz),1808.0,-3.16,-3.11,13.21,50.67,-1.47
2021-03-01,2021,3,Gold,Precious Metals,($/troy oz),1718.0,-4.98,-7.53,7.91,37.99,-1.76
2021-04-01,2021,4,Gold,Precious Metals,($/troy oz),1760.0,2.44,-5.73,4.58,41.71,0.45
2021-05-01,2021,5,Gold,Precious Metals,($/troy oz),1850.0,5.11,2.32,7.81,46.71,1.31
2021-06-01,2021,6,Gold,Precious Metals,($/troy oz),1835.0,-0.81,6.81,5.95,43.81,-0.39
2021-07-01,2021,7,Gold,Precious Metals,($/troy oz),1808.0,-1.47,2.73,-2.11,35.23,-0.53
2021-08-01,2021,8,Gold,Precious Metals,($/troy oz),1785.0,-1.27,-3.51,-9.34,33.21,-0.34
2021-09-01,2021,9,Gold,Precious Metals,($/troy oz),1775.0,-0.56,-3.27,-7.65,33.76,0.09
2021-10-01,2021,10,Gold,Precious Metals,($/troy oz),1777.0,0.11,-1.71,-6.47,40.25,0.29
2021-11-01,2021,11,Gold,Precious Metals,($/troy oz),1822.0,2.53,2.07,-2.36,47.17,1.2
2021-12-01,2021,12,Gold,Precious Metals,($/troy oz),1790.0,-1.76,0.85,-3.66,54.71,-0.6
2022-01-01,2022,1,Gold,Precious Metals,($/troy oz),1816.0,1.45,2.19,-2.73,52.35,0.64
2022-02-01,2022,2,Gold,Precious Metals,($/troy oz),1856.0,2.2,1.87,2.65,50.41,0.87
2022-03-01,2022,3,Gold,Precious Metals,($/troy oz),1948.0,4.96,8.83,13.39,58.25,1.77
2022-04-01,2022,4,Gold,Precious Metals,($/troy oz),1937.0,-0.56,6.66,10.06,52.88,-0.68
2022-05-01,2022,5,Gold,Precious Metals,($/troy oz),1849.0,-4.54,-0.38,-0.05,48.39,-2.23
2022-06-01,2022,6,Gold,Precious Metals,($/troy oz),1837.0,-0.65,-5.7,0.11,45.79,-0.27
2022-07-01,2022,7,Gold,Precious Metals,($/troy oz),1733.0,-5.66,-10.53,-4.15,40.1,-2.32
2022-08-01,2022,8,Gold,Precious Metals,($/troy oz),1765.0,1.85,-4.54,-1.12,37.57,0.73
2022-09-01,2022,9,Gold,Precious Metals,($/troy oz),1681.0,-4.76,-8.49,-5.3,27.93,-1.58
2022-10-01,2022,10,Gold,Precious Metals,($/troy oz),1664.0,-1.01,-3.98,-6.36,30.0,-0.19
2022-11-01,2022,11,Gold,Precious Metals,($/troy oz),1725.0,3.67,-2.27,-5.32,34.56,1.27
2022-12-01,2022,12,Gold,Precious Metals,($/troy oz),1798.0,4.23,6.96,0.45,42.25,1.37
2023-01-01,2023,1,Gold,Precious Metals,($/troy oz),1898.0,5.56,14.06,4.52,42.6,1.51
2023-02-01,2023,2,Gold,Precious Metals,($/troy oz),1855.0,-2.27,7.54,-0.05,39.37,-0.69
2023-03-01,2023,3,Gold,Precious Metals,($/troy oz),1913.0,3.13,6.4,-1.8,44.38,0.77
2023-04-01,2023,4,Gold,Precious Metals,($/troy oz),2000.0,4.55,5.37,3.25,49.81,1.22
2023-05-01,2023,5,Gold,Precious Metals,($/troy oz),1992.0,-0.4,7.39,7.73,52.88,-0.18
2023-06-01,2023,6,Gold,Precious Metals,($/troy oz),1943.0,-2.46,1.57,5.77,51.56,-0.85
2023-07-01,2023,7,Gold,Precious Metals,($/troy oz),1951.0,0.41,-2.45,12.58,57.59,-0.03
2023-08-01,2023,8,Gold,Precious Metals,($/troy oz),1919.0,-1.64,-3.66,8.73,59.65,-0.82
2023-09-01,2023,9,Gold,Precious Metals,($/troy oz),1916.0,-0.16,-1.39,13.98,59.93,-0.27
2023-10-01,2023,10,Gold,Precious Metals,($/troy oz),1916.0,0.0,-1.79,15.14,57.7,-0.39
2023-11-01,2023,11,Gold,Precious Metals,($/troy oz),1984.0,3.55,3.39,15.01,62.49,0.82
2023-12-01,2023,12,Gold,Precious Metals,($/troy oz),2026.0,2.12,5.74,12.68,62.08,0.32
2024-01-01,2024,1,Gold,Precious Metals,($/troy oz),2034.0,0.39,6.16,7.17,57.43,-0.24
2024-02-01,2024,2,Gold,Precious Metals,($/troy oz),2023.0,-0.54,1.97,9.06,53.26,-0.5
2024-03-01,2024,3,Gold,Precious Metals,($/troy oz),2158.0,6.67,6.52,12.81,65.87,2.77
2024-04-01,2024,4,Gold,Precious Metals,($/troy oz),2331.0,8.02,14.6,16.55,81.26,2.61
2024-05-01,2024,5,Gold,Precious Metals,($/troy oz),2351.0,0.86,16.21,18.02,83.1,-0.15
2024-06-01,2024,6,Gold,Precious Metals,($/troy oz),2326.0,-1.06,7.78,19.71,71.16,-0.79
2024-07-01,2024,7,Gold,Precious Metals,($/troy oz),2398.0,3.1,2.87,22.91,69.71,0.51
2024-08-01,2024,8,Gold,Precious Metals,($/troy oz),2470.0,3.0,5.06,28.71,64.67,0.4
2024-09-01,2024,9,Gold,Precious Metals,($/troy oz),2571.0,4.09,10.53,34.19,70.15,0.67
2024-10-01,2024,10,Gold,Precious Metals,($/troy oz),2690.0,4.63,12.18,40.4,79.93,0.75
2024-11-01,2024,11,Gold,Precious Metals,($/troy oz),2651.0,-1.45,7.33,33.62,80.22,-1.58
2024-12-01,2024,12,Gold,Precious Metals,($/troy oz),2648.0,-0.11,2.99,30.7,79.04,-0.86
2025-01-01,2025,1,Gold,Precious Metals,($/troy oz),2710.0,2.34,0.74,33.24,73.61,0.01
2025-02-01,2025,2,Gold,Precious Metals,($/troy oz),2895.0,6.83,9.2,43.1,81.28,1.43
2025-03-01,2025,3,Gold,Precious Metals,($/troy oz),2983.0,3.04,12.65,38.23,87.37,-0.01
2025-04-01,2025,4,Gold,Precious Metals,($/troy oz),3218.0,7.88,18.75,38.05,91.21,1.75
2025-05-01,2025,5,Gold,Precious Metals,($/troy oz),3309.0,2.83,14.3,40.75,92.83,0.02
2025-06-01,2025,6,Gold,Precious Metals,($/troy oz),3353.0,1.33,12.4,44.15,93.59,-0.56
2025-07-01,2025,7,Gold,Precious Metals,($/troy oz),3340.0,-0.39,3.79,39.28,80.83,-1.35
2025-08-01,2025,8,Gold,Precious Metals,($/troy oz),3368.0,0.84,1.78,36.36,71.05,-0.71
2025-09-01,2025,9,Gold,Precious Metals,($/troy oz),3668.0,8.91,9.39,42.67,90.84,2.19
2025-10-01,2025,10,Gold,Precious Metals,($/troy oz),4058.0,10.63,21.5,50.86,113.58,2.25
2025-11-01,2025,11,Gold,Precious Metals,($/troy oz),4087.0,0.71,21.35,54.17,119.02,-0.71
2025-12-01,2025,12,Gold,Precious Metals,($/troy oz),4309.0,5.43,17.48,62.73,131.92,0.45
2026-01-01,2026,1,Gold,Precious Metals,($/troy oz),4753.0,10.3,17.13,75.39,154.58,1.68
2026-02-01,2026,2,Gold,Precious Metals,($/troy oz),5020.0,5.62,22.83,73.4,177.65,0.19
2026-03-01,2026,3,Gold,Precious Metals,($/troy oz),4856.0,-3.27,12.69,62.79,182.65,-2.04
2026-04-01,2026,4,Gold,Precious Metals,($/troy oz),4721.0,-2.78,-0.67,46.71,168.24,-1.54
2026-05-01,2026,5,Gold,Precious Metals,($/troy oz),4587.0,-2.84,-8.63,38.62,147.95,-1.29
2026-06-01,2026,6,Gold,Precious Metals,($/troy oz),4228.0,-7.83,-12.93,26.1,130.41,-2.08
2026-07-01,2026,7,Gold,Precious Metals,($/troy oz),4073.0,-3.67,-13.73,21.95,125.28,-0.96
2026-08-01,2026,8,Gold,Precious Metals,($/troy oz),4411.0,8.3,-3.84,30.97,147.11,1.04
2026-09-01,2026,9,Gold,Precious Metals,($/troy oz),4319.0,-2.09,2.15,17.75,143.32,-0.7
1960-01-01,1960,1,Groundnut oil **,Oils & Meals,($/mt),334.0,,,,,
1960-02-01,1960,2,Groundnut oil **,Oils & Meals,($/mt),341.0,2.1,,,,
1960-03-01,1960,3,Groundnut oil **,Oils & Meals,($/mt),338.0,-0.88,,,,
1960-04-01,1960,4,Groundnut oil **,Oils & Meals,($/mt),333.0,-1.48,-0.3,,,
1960-05-01,1960,5,Groundnut oil **,Oils & Meals,($/mt),335.0,0.6,-1.76,,,
1960-06-01,1960,6,Groundnut oil **,Oils & Meals,($/mt),334.0,-0.3,-1.18,,,
1960-07-01,1960,7,Groundnut oil **,Oils & Meals,($/mt),336.0,0.6,0.9,,,
1960-08-01,1960,8,Groundnut oil **,Oils & Meals,($/mt),336.0,0.0,0.3,,,-0.08
1960-09-01,1960,9,Groundnut oil **,Oils & Meals,($/mt),323.0,-3.87,-3.29,,,-3.41
1960-10-01,1960,10,Groundnut oil **,Oils & Meals,($/mt),310.0,-4.02,-7.74,,,-2.05
1960-11-01,1960,11,Groundnut oil **,Oils & Meals,($/mt),303.0,-2.26,-9.82,,,-0.71
1960-12-01,1960,12,Groundnut oil **,Oils & Meals,($/mt),301.0,-0.66,-6.81,,,0.15
1961-01-01,1961,1,Groundnut oil **,Oils & Meals,($/mt),331.0,9.97,6.77,-0.9,,5.78
1961-02-01,1961,2,Groundnut oil **,Oils & Meals,($/mt),349.0,5.44,15.18,2.35,,1.51
1961-03-01,1961,3,Groundnut oil **,Oils & Meals,($/mt),373.0,6.88,23.92,10.36,,1.69
1961-04-01,1961,4,Groundnut oil **,Oils & Meals,($/mt),369.0,-1.07,11.48,10.81,,-0.46
1961-05-01,1961,5,Groundnut oil **,Oils & Meals,($/mt),352.0,-4.61,0.86,5.07,,-1.29
1961-06-01,1961,6,Groundnut oil **,Oils & Meals,($/mt),330.0,-6.25,-11.53,-1.2,,-1.47
1961-07-01,1961,7,Groundnut oil **,Oils & Meals,($/mt),328.0,-0.61,-11.11,-2.38,,-0.12
1961-08-01,1961,8,Groundnut oil **,Oils & Meals,($/mt),321.0,-2.13,-8.81,-4.46,,-0.41
1961-09-01,1961,9,Groundnut oil **,Oils & Meals,($/mt),301.0,-6.23,-8.79,-6.81,,-1.19
1961-10-01,1961,10,Groundnut oil **,Oils & Meals,($/mt),293.0,-2.66,-10.67,-5.48,,-0.42
1961-11-01,1961,11,Groundnut oil **,Oils & Meals,($/mt),297.0,1.37,-7.48,-1.98,,0.33
1961-12-01,1961,12,Groundnut oil **,Oils & Meals,($/mt),319.0,7.41,5.98,5.98,,1.45
1962-01-01,1962,1,Groundnut oil **,Oils & Meals,($/mt),328.0,2.82,11.95,-0.91,,0.39
1962-02-01,1962,2,Groundnut oil **,Oils & Meals,($/mt),299.0,-8.84,0.67,-14.33,,-1.85
1962-03-01,1962,3,Groundnut oil **,Oils & Meals,($/mt),291.0,-2.68,-8.78,-21.98,,-0.3
1962-04-01,1962,4,Groundnut oil **,Oils & Meals,($/mt),282.0,-3.09,-14.02,-23.58,,-0.26
1962-05-01,1962,5,Groundnut oil **,Oils & Meals,($/mt),270.0,-4.26,-9.7,-23.3,,-0.48
1962-06-01,1962,6,Groundnut oil **,Oils & Meals,($/mt),265.0,-1.85,-8.93,-19.7,,0.06
1962-07-01,1962,7,Groundnut oil **,Oils & Meals,($/mt),267.0,0.75,-5.32,-18.6,,0.59
1962-08-01,1962,8,Groundnut oil **,Oils & Meals,($/mt),265.0,-0.75,-1.85,-17.45,,0.2
1962-09-01,1962,9,Groundnut oil **,Oils & Meals,($/mt),269.0,1.51,1.51,-10.63,,0.7
1962-10-01,1962,10,Groundnut oil **,Oils & Meals,($/mt),252.0,-6.32,-5.62,-13.99,,-1.34
1962-11-01,1962,11,Groundnut oil **,Oils & Meals,($/mt),251.0,-0.4,-5.28,-15.49,,0.18
1962-12-01,1962,12,Groundnut oil **,Oils & Meals,($/mt),254.0,1.2,-5.58,-20.38,,0.58
1963-01-01,1963,1,Groundnut oil **,Oils & Meals,($/mt),261.0,2.76,3.57,-20.43,,1.34
1963-02-01,1963,2,Groundnut oil **,Oils & Meals,($/mt),265.0,1.53,5.58,-11.37,,0.98
1963-03-01,1963,3,Groundnut oil **,Oils & Meals,($/mt),264.0,-0.38,3.94,-9.28,,0.22
1963-04-01,1963,4,Groundnut oil **,Oils & Meals,($/mt),262.0,-0.76,0.38,-7.09,,0.01
1963-05-01,1963,5,Groundnut oil **,Oils & Meals,($/mt),269.0,2.67,1.51,-0.37,,1.26
1963-06-01,1963,6,Groundnut oil **,Oils & Meals,($/mt),274.0,1.86,3.79,3.4,,0.76
1963-07-01,1963,7,Groundnut oil **,Oils & Meals,($/mt),274.0,0.0,4.58,2.62,,-0.13
1963-08-01,1963,8,Groundnut oil **,Oils & Meals,($/mt),265.0,-3.28,-1.49,0.0,,-1.45
1963-09-01,1963,9,Groundnut oil **,Oils & Meals,($/mt),266.0,0.38,-2.92,-1.12,,0.13
1963-10-01,1963,10,Groundnut oil **,Oils & Meals,($/mt),276.0,3.76,0.73,9.52,,1.48
1963-11-01,1963,11,Groundnut oil **,Oils & Meals,($/mt),274.0,-0.72,3.4,9.16,,-0.78
1963-12-01,1963,12,Groundnut oil **,Oils & Meals,($/mt),272.0,-0.73,2.26,7.09,,-0.76
1964-01-01,1964,1,Groundnut oil **,Oils & Meals,($/mt),270.0,-0.74,-2.17,3.45,,-0.67
1964-02-01,1964,2,Groundnut oil **,Oils & Meals,($/mt),258.0,-4.44,-5.84,-2.64,,-2.51
1964-03-01,1964,3,Groundnut oil **,Oils & Meals,($/mt),265.0,2.71,-2.57,0.38,,1.28
1964-04-01,1964,4,Groundnut oil **,Oils & Meals,($/mt),273.0,3.02,1.11,4.2,,1.22
1964-05-01,1964,5,Groundnut oil **,Oils & Meals,($/mt),292.0,6.96,13.18,8.55,,2.58
1964-06-01,1964,6,Groundnut oil **,Oils & Meals,($/mt),317.0,8.56,19.62,15.69,,2.49
1964-07-01,1964,7,Groundnut oil **,Oils & Meals,($/mt),335.0,5.68,22.71,22.26,,1.13
1964-08-01,1964,8,Groundnut oil **,Oils & Meals,($/mt),324.0,-3.28,10.96,22.26,,-1.25
1964-09-01,1964,9,Groundnut oil **,Oils & Meals,($/mt),347.0,7.1,9.46,30.45,,1.32
1964-10-01,1964,10,Groundnut oil **,Oils & Meals,($/mt),371.0,6.92,10.75,34.42,,1.07
1964-11-01,1964,11,Groundnut oil **,Oils & Meals,($/mt),360.0,-2.96,11.11,31.39,,-1.24
1964-12-01,1964,12,Groundnut oil **,Oils & Meals,($/mt),373.0,3.61,7.49,37.13,,0.26
1965-01-01,1965,1,Groundnut oil **,Oils & Meals,($/mt),361.0,-3.22,-2.7,33.7,8.08,-1.31
1965-02-01,1965,2,Groundnut oil **,Oils & Meals,($/mt),373.0,3.32,3.61,44.57,9.38,0.16
1965-03-01,1965,3,Groundnut oil **,Oils & Meals,($/mt),344.0,-7.77,-7.77,29.81,1.78,-2.58
1965-04-01,1965,4,Groundnut oil **,Oils & Meals,($/mt),326.0,-5.23,-9.7,19.41,-2.1,-1.42
1965-05-01,1965,5,Groundnut oil **,Oils & Meals,($/mt),294.0,-9.82,-21.18,0.68,-12.24,-2.0
1965-06-01,1965,6,Groundnut oil **,Oils & Meals,($/mt),297.0,1.02,-13.66,-6.31,-11.08,0.12
1965-07-01,1965,7,Groundnut oil **,Oils & Meals,($/mt),302.0,1.68,-7.36,-9.85,-10.12,0.36
1965-08-01,1965,8,Groundnut oil **,Oils & Meals,($/mt),299.0,-0.99,1.7,-7.72,-11.01,-0.05
1965-09-01,1965,9,Groundnut oil **,Oils & Meals,($/mt),309.0,3.34,4.04,-10.95,-4.33,0.71
1965-10-01,1965,10,Groundnut oil **,Oils & Meals,($/mt),324.0,4.85,7.28,-12.67,4.52,1.12
1965-11-01,1965,11,Groundnut oil **,Oils & Meals,($/mt),336.0,3.7,12.37,-6.67,10.89,0.98
1965-12-01,1965,12,Groundnut oil **,Oils & Meals,($/mt),322.0,-4.17,4.21,-13.67,6.98,-0.75
1966-01-01,1966,1,Groundnut oil **,Oils & Meals,($/mt),307.0,-4.66,-5.25,-14.96,-7.25,-0.73
1966-02-01,1966,2,Groundnut oil **,Oils & Meals,($/mt),300.0,-2.28,-10.71,-19.57,-14.04,-0.21
1966-03-01,1966,3,Groundnut oil **,Oils & Meals,($/mt),293.0,-2.33,-9.01,-14.83,-21.45,-0.14
1966-04-01,1966,4,Groundnut oil **,Oils & Meals,($/mt),286.0,-2.39,-6.84,-12.27,-22.49,-0.26
1966-05-01,1966,5,Groundnut oil **,Oils & Meals,($/mt),288.0,0.7,-4.0,-2.04,-18.18,0.41
1966-06-01,1966,6,Groundnut oil **,Oils & Meals,($/mt),288.0,0.0,-1.71,-3.03,-12.73,0.04
1966-07-01,1966,7,Groundnut oil **,Oils & Meals,($/mt),295.0,2.43,3.15,-2.32,-10.06,0.84
1966-08-01,1966,8,Groundnut oil **,Oils & Meals,($/mt),305.0,3.39,5.9,2.01,-4.98,1.11
1966-09-01,1966,9,Groundnut oil **,Oils & Meals,($/mt),299.0,-1.97,3.82,-3.24,-0.66,-0.66
1966-10-01,1966,10,Groundnut oil **,Oils & Meals,($/mt),292.0,-2.34,-1.02,-9.88,-0.34,-0.66
1966-11-01,1966,11,Groundnut oil **,Oils & Meals,($/mt),293.0,0.34,-3.93,-12.8,-1.35,0.41
1966-12-01,1966,12,Groundnut oil **,Oils & Meals,($/mt),311.0,6.14,4.01,-3.42,-2.51,2.91
1967-01-01,1967,1,Groundnut oil **,Oils & Meals,($/mt),303.0,-2.57,3.77,-1.3,-7.62,-0.76
1967-02-01,1967,2,Groundnut oil **,Oils & Meals,($/mt),297.0,-1.98,1.37,-1.0,-0.67,-0.67
1967-03-01,1967,3,Groundnut oil **,Oils & Meals,($/mt),301.0,1.35,-3.22,2.73,3.44,0.5
1967-04-01,1967,4,Groundnut oil **,Oils & Meals,($/mt),292.0,-2.99,-3.63,2.1,3.55,-1.19
1967-05-01,1967,5,Groundnut oil **,Oils & Meals,($/mt),289.0,-1.03,-2.69,0.35,7.04,-0.44
1967-06-01,1967,6,Groundnut oil **,Oils & Meals,($/mt),294.0,1.73,-2.33,2.08,10.94,0.59
1967-07-01,1967,7,Groundnut oil **,Oils & Meals,($/mt),295.0,0.34,1.03,0.0,10.49,0.05
1967-08-01,1967,8,Groundnut oil **,Oils & Meals,($/mt),292.0,-1.02,1.04,-4.26,10.19,-0.38
1967-09-01,1967,9,Groundnut oil **,Oils & Meals,($/mt),275.0,-5.82,-6.46,-8.03,2.23,-2.14
1967-10-01,1967,10,Groundnut oil **,Oils & Meals,($/mt),259.0,-5.82,-12.2,-11.3,2.78,-1.72
1967-11-01,1967,11,Groundnut oil **,Oils & Meals,($/mt),248.0,-4.25,-15.07,-15.36,-1.2,-0.99
1967-12-01,1967,12,Groundnut oil **,Oils & Meals,($/mt),251.0,1.21,-8.73,-19.29,-1.18,0.74
1968-01-01,1968,1,Groundnut oil **,Oils & Meals,($/mt),251.0,0.0,-3.09,-17.16,-3.83,0.65
1968-02-01,1968,2,Groundnut oil **,Oils & Meals,($/mt),255.0,1.59,2.82,-14.14,-3.77,1.16
1968-03-01,1968,3,Groundnut oil **,Oils & Meals,($/mt),257.0,0.78,2.39,-14.62,-2.65,0.71
1968-04-01,1968,4,Groundnut oil **,Oils & Meals,($/mt),260.0,1.17,3.59,-10.96,-0.76,0.88
1968-05-01,1968,5,Groundnut oil **,Oils & Meals,($/mt),272.0,4.62,6.67,-5.88,1.12,1.97
1968-06-01,1968,6,Groundnut oil **,Oils & Meals,($/mt),279.0,2.57,8.56,-5.1,1.82,0.94
1968-07-01,1968,7,Groundnut oil **,Oils & Meals,($/mt),261.0,-6.45,0.38,-11.53,-4.74,-1.84
1968-08-01,1968,8,Groundnut oil **,Oils & Meals,($/mt),267.0,2.3,-1.84,-8.56,0.75,0.88
1968-09-01,1968,9,Groundnut oil **,Oils & Meals,($/mt),273.0,2.25,-2.15,-0.73,2.63,0.76
1968-10-01,1968,10,Groundnut oil **,Oils & Meals,($/mt),270.0,-1.1,3.45,4.25,-2.17,-0.31
1968-11-01,1968,11,Groundnut oil **,Oils & Meals,($/mt),285.0,5.56,6.74,14.92,4.01,1.69
1968-12-01,1968,12,Groundnut oil **,Oils & Meals,($/mt),320.0,12.28,17.22,27.49,17.65,3.66
1969-01-01,1969,1,Groundnut oil **,Oils & Meals,($/mt),320.0,0.0,18.52,27.49,18.52,-0.48
1969-02-01,1969,2,Groundnut oil **,Oils & Meals,($/mt),346.0,8.13,21.4,35.69,34.11,1.36
1969-03-01,1969,3,Groundnut oil **,Oils & Meals,($/mt),348.0,0.58,8.75,35.41,31.32,-0.44
1969-04-01,1969,4,Groundnut oil **,Oils & Meals,($/mt),340.0,-2.3,6.25,30.77,24.54,-1.05
1969-05-01,1969,5,Groundnut oil **,Oils & Meals,($/mt),345.0,1.47,-0.29,26.84,18.15,-0.18
1969-06-01,1969,6,Groundnut oil **,Oils & Meals,($/mt),315.0,-8.7,-9.48,12.9,-0.63,-2.21
1969-07-01,1969,7,Groundnut oil **,Oils & Meals,($/mt),323.0,2.54,-5.0,23.75,-3.58,0.24
1969-08-01,1969,8,Groundnut oil **,Oils & Meals,($/mt),310.0,-4.02,-10.14,16.1,-4.32,-1.13
1969-09-01,1969,9,Groundnut oil **,Oils & Meals,($/mt),319.0,2.9,1.27,16.85,-8.07,0.27
1969-10-01,1969,10,Groundnut oil **,Oils & Meals,($/mt),331.0,3.76,2.48,22.59,-10.78,0.42
1969-11-01,1969,11,Groundnut oil **,Oils & Meals,($/mt),347.0,4.83,11.94,21.75,-3.61,0.54
1969-12-01,1969,12,Groundnut oil **,Oils & Meals,($/mt),335.0,-3.46,5.02,4.69,-10.19,-0.96
1970-01-01,1970,1,Groundnut oil **,Oils & Meals,($/mt),350.0,4.48,5.74,9.38,-3.05,0.88
1970-02-01,1970,2,Groundnut oil **,Oils & Meals,($/mt),347.0,-0.86,0.0,0.29,-6.97,-0.36
1970-03-01,1970,3,Groundnut oil **,Oils & Meals,($/mt),343.0,-1.15,2.39,-1.44,-0.29,-0.31
1970-04-01,1970,4,Groundnut oil **,Oils & Meals,($/mt),359.0,4.66,2.57,5.59,10.12,1.15
1970-05-01,1970,5,Groundnut oil **,Oils & Meals,($/mt),384.0,6.96,10.66,11.3,30.61,1.51
1970-06-01,1970,6,Groundnut oil **,Oils & Meals,($/mt),383.0,-0.26,11.66,21.59,28.96,-0.27
1970-07-01,1970,7,Groundnut oil **,Oils & Meals,($/mt),386.0,0.78,7.52,19.5,27.81,-0.26
1970-08-01,1970,8,Groundnut oil **,Oils & Meals,($/mt),392.0,1.55,2.08,26.45,31.1,0.0
1970-09-01,1970,9,Groundnut oil **,Oils & Meals,($/mt),364.0,-7.14,-4.96,14.11,17.8,-2.97
1970-10-01,1970,10,Groundnut oil **,Oils & Meals,($/mt),390.0,7.14,1.04,17.82,20.37,1.48
1970-11-01,1970,11,Groundnut oil **,Oils & Meals,($/mt),406.0,4.1,3.57,17.0,20.83,0.61
1970-12-01,1970,12,Groundnut oil **,Oils & Meals,($/mt),438.0,7.88,20.33,30.75,36.02,1.51
1971-01-01,1971,1,Groundnut oil **,Oils & Meals,($/mt),448.0,2.28,14.87,28.0,45.93,-0.01
1971-02-01,1971,2,Groundnut oil **,Oils & Meals,($/mt),480.0,7.14,18.23,38.33,60.0,1.15
1971-03-01,1971,3,Groundnut oil **,Oils & Meals,($/mt),482.0,0.42,10.05,40.52,64.51,-0.54
1971-04-01,1971,4,Groundnut oil **,Oils & Meals,($/mt),463.0,-3.94,3.35,28.97,61.89,-1.6
1971-05-01,1971,5,Groundnut oil **,Oils & Meals,($/mt),454.0,-1.94,-5.42,18.23,57.64,-0.89
1971-06-01,1971,6,Groundnut oil **,Oils & Meals,($/mt),441.0,-2.86,-8.51,15.14,53.12,-0.95
1971-07-01,1971,7,Groundnut oil **,Oils & Meals,($/mt),440.0,-0.23,-4.97,13.99,49.15,-0.32
1971-08-01,1971,8,Groundnut oil **,Oils & Meals,($/mt),440.0,0.0,-3.08,12.24,44.26,-0.25
1971-09-01,1971,9,Groundnut oil **,Oils & Meals,($/mt),430.0,-2.27,-2.49,18.13,43.81,-0.7
1971-10-01,1971,10,Groundnut oil **,Oils & Meals,($/mt),404.0,-6.05,-8.18,3.59,38.36,-1.8
1971-11-01,1971,11,Groundnut oil **,Oils & Meals,($/mt),396.0,-1.98,-10.0,-2.46,35.15,-0.55
1971-12-01,1971,12,Groundnut oil **,Oils & Meals,($/mt),411.0,3.79,-4.42,-6.16,32.15,0.94
1972-01-01,1972,1,Groundnut oil **,Oils & Meals,($/mt),427.0,3.89,5.69,-4.69,40.92,1.22
1972-02-01,1972,2,Groundnut oil **,Oils & Meals,($/mt),438.0,2.58,10.61,-8.75,47.47,0.78
1972-03-01,1972,3,Groundnut oil **,Oils & Meals,($/mt),434.0,-0.91,5.6,-9.96,44.19,-0.06
1972-04-01,1972,4,Groundnut oil **,Oils & Meals,($/mt),440.0,1.38,3.04,-4.97,50.68,0.73
1972-05-01,1972,5,Groundnut oil **,Oils & Meals,($/mt),442.0,0.45,0.91,-2.64,52.94,0.29
1972-06-01,1972,6,Groundnut oil **,Oils & Meals,($/mt),422.0,-4.52,-2.76,-4.31,43.54,-1.5
1972-07-01,1972,7,Groundnut oil **,Oils & Meals,($/mt),403.0,-4.5,-8.41,-8.41,36.61,-1.36
1972-08-01,1972,8,Groundnut oil **,Oils & Meals,($/mt),414.0,2.73,-6.33,-5.91,41.78,1.03
1972-09-01,1972,9,Groundnut oil **,Oils & Meals,($/mt),412.0,-0.48,-2.37,-4.19,49.82,-0.01
1972-10-01,1972,10,Groundnut oil **,Oils & Meals,($/mt),401.0,-2.67,-0.5,-0.74,54.83,-0.7
1972-11-01,1972,11,Groundnut oil **,Oils & Meals,($/mt),423.0,5.49,2.17,6.82,70.56,1.84
1972-12-01,1972,12,Groundnut oil **,Oils & Meals,($/mt),456.0,7.8,10.68,10.95,81.67,2.18
1973-01-01,1973,1,Groundnut oil **,Oils & Meals,($/mt),446.0,-2.19,11.22,4.45,77.69,-0.82
1973-02-01,1973,2,Groundnut oil **,Oils & Meals,($/mt),461.0,3.36,8.98,5.25,80.78,0.77
1973-03-01,1973,3,Groundnut oil **,Oils & Meals,($/mt),463.0,0.43,1.54,6.68,80.16,-0.02
1973-04-01,1973,4,Groundnut oil **,Oils & Meals,($/mt),474.0,2.38,6.28,7.73,82.31,0.46
1973-05-01,1973,5,Groundnut oil **,Oils & Meals,($/mt),494.0,4.22,7.16,11.76,81.62,0.92
1973-06-01,1973,6,Groundnut oil **,Oils & Meals,($/mt),525.0,6.28,13.39,24.41,88.17,1.32
1973-07-01,1973,7,Groundnut oil **,Oils & Meals,($/mt),594.0,13.14,25.32,47.39,127.59,2.93
1973-08-01,1973,8,Groundnut oil **,Oils & Meals,($/mt),598.0,0.67,21.05,44.44,123.97,-0.6
1973-09-01,1973,9,Groundnut oil **,Oils & Meals,($/mt),534.0,-10.7,1.71,29.61,95.6,-3.06
1973-10-01,1973,10,Groundnut oil **,Oils & Meals,($/mt),561.0,5.06,-5.56,39.9,107.78,0.45
1973-11-01,1973,11,Groundnut oil **,Oils & Meals,($/mt),617.0,9.98,3.18,45.86,116.49,1.2
1973-12-01,1973,12,Groundnut oil **,Oils & Meals,($/mt),790.0,28.04,47.94,73.25,146.88,4.01
1974-01-01,1974,1,Groundnut oil **,Oils & Meals,($/mt),959.0,21.39,70.94,115.02,199.69,1.74
1974-02-01,1974,2,Groundnut oil **,Oils & Meals,($/mt),1093.0,13.97,77.15,137.09,215.9,0.68
1974-03-01,1974,3,Groundnut oil **,Oils & Meals,($/mt),1124.0,2.84,42.28,142.76,222.99,-0.49
1974-04-01,1974,4,Groundnut oil **,Oils & Meals,($/mt),1113.0,-0.98,16.06,134.81,227.35,-0.89
1974-05-01,1974,5,Groundnut oil **,Oils & Meals,($/mt),1102.0,-0.99,0.82,123.08,219.42,-0.85
1974-06-01,1974,6,Groundnut oil **,Oils & Meals,($/mt),1070.0,-2.9,-4.8,103.81,239.68,-0.97
1974-07-01,1974,7,Groundnut oil **,Oils & Meals,($/mt),1011.0,-5.51,-9.16,70.2,213.0,-1.1
1974-08-01,1974,8,Groundnut oil **,Oils & Meals,($/mt),1085.0,7.32,-1.54,81.44,250.0,0.2
1974-09-01,1974,9,Groundnut oil **,Oils & Meals,($/mt),1058.0,-2.49,-1.12,98.13,231.66,-0.72
1974-10-01,1974,10,Groundnut oil **,Oils & Meals,($/mt),1139.0,7.66,12.66,103.03,244.11,0.13
1974-11-01,1974,11,Groundnut oil **,Oils & Meals,($/mt),1085.0,-4.74,0.0,75.85,212.68,-1.08
1974-12-01,1974,12,Groundnut oil **,Oils & Meals,($/mt),1083.0,-0.18,2.36,37.09,223.28,-0.51
1975-01-01,1975,1,Groundnut oil **,Oils & Meals,($/mt),1078.0,-0.46,-5.36,12.41,208.0,-0.42
1975-02-01,1975,2,Groundnut oil **,Oils & Meals,($/mt),1078.0,0.0,-0.65,-1.37,210.66,-0.19
1975-03-01,1975,3,Groundnut oil **,Oils & Meals,($/mt),965.0,-10.48,-10.9,-14.15,181.34,-2.51
1975-04-01,1975,4,Groundnut oil **,Oils & Meals,($/mt),882.0,-8.6,-18.18,-20.75,145.68,-1.49
1975-05-01,1975,5,Groundnut oil **,Oils & Meals,($/mt),727.0,-17.57,-32.56,-34.03,89.32,-2.9
1975-06-01,1975,6,Groundnut oil **,Oils & Meals,($/mt),660.0,-9.22,-31.61,-38.32,72.32,-0.85
1975-07-01,1975,7,Groundnut oil **,Oils & Meals,($/mt),813.0,23.18,-7.82,-19.58,110.62,3.68
1975-08-01,1975,8,Groundnut oil **,Oils & Meals,($/mt),908.0,11.69,24.9,-16.31,131.63,1.22
1975-09-01,1975,9,Groundnut oil **,Oils & Meals,($/mt),871.0,-4.07,31.97,-17.67,139.29,-0.29
1975-10-01,1975,10,Groundnut oil **,Oils & Meals,($/mt),840.0,-3.56,3.32,-26.25,115.38,-0.23
1975-11-01,1975,11,Groundnut oil **,Oils & Meals,($/mt),755.0,-10.12,-16.85,-30.41,85.96,-0.76
1975-12-01,1975,12,Groundnut oil **,Oils & Meals,($/mt),713.0,-5.56,-18.14,-34.16,62.79,-0.29
1976-01-01,1976,1,Groundnut oil **,Oils & Meals,($/mt),720.0,0.98,-14.29,-33.21,60.71,0.36
1976-02-01,1976,2,Groundnut oil **,Oils & Meals,($/mt),734.0,1.94,-2.78,-31.91,52.92,0.43
1976-03-01,1976,3,Groundnut oil **,Oils & Meals,($/mt),669.0,-8.86,-6.17,-30.67,38.8,-0.57
1976-04-01,1976,4,Groundnut oil **,Oils & Meals,($/mt),701.0,4.78,-2.64,-20.52,51.4,0.66
1976-05-01,1976,5,Groundnut oil **,Oils & Meals,($/mt),643.0,-8.27,-12.4,-11.55,41.63,-0.63
1976-06-01,1976,6,Groundnut oil **,Oils & Meals,($/mt),671.0,4.35,0.3,1.67,52.15,0.5
1976-07-01,1976,7,Groundnut oil **,Oils & Meals,($/mt),420.0,-37.41,-40.09,-48.34,-4.55,-3.93
1976-08-01,1976,8,Groundnut oil **,Oils & Meals,($/mt),748.0,78.1,16.33,-17.62,70.0,6.75
1976-09-01,1976,9,Groundnut oil **,Oils & Meals,($/mt),808.0,8.02,20.42,-7.23,87.91,0.26
1976-10-01,1976,10,Groundnut oil **,Oils & Meals,($/mt),829.0,2.6,97.38,-1.31,105.2,0.02
1976-11-01,1976,11,Groundnut oil **,Oils & Meals,($/mt),834.0,0.6,11.5,10.46,110.61,-0.07
1976-12-01,1976,12,Groundnut oil **,Oils & Meals,($/mt),777.0,-6.83,-3.84,8.98,89.05,-0.39
1977-01-01,1977,1,Groundnut oil **,Oils & Meals,($/mt),933.0,20.08,12.55,29.58,118.5,0.63
1977-02-01,1977,2,Groundnut oil **,Oils & Meals,($/mt),856.0,-8.25,2.64,16.62,95.43,-0.49
1977-03-01,1977,3,Groundnut oil **,Oils & Meals,($/mt),871.0,1.75,12.1,30.19,100.69,-0.09
1977-04-01,1977,4,Groundnut oil **,Oils & Meals,($/mt),881.0,1.15,-5.57,25.68,100.23,-0.14
1977-05-01,1977,5,Groundnut oil **,Oils & Meals,($/mt),897.0,1.82,4.79,39.5,102.94,-0.11
1977-06-01,1977,6,Groundnut oil **,Oils & Meals,($/mt),848.0,-5.46,-2.64,26.38,100.95,-0.41
1977-07-01,1977,7,Groundnut oil **,Oils & Meals,($/mt),804.0,-5.19,-8.74,91.43,99.5,-0.37
1977-08-01,1977,8,Groundnut oil **,Oils & Meals,($/mt),807.0,0.37,-10.03,7.89,94.93,-0.3
1977-09-01,1977,9,Groundnut oil **,Oils & Meals,($/mt),773.0,-4.21,-8.84,-4.33,87.62,-0.67
1977-10-01,1977,10,Groundnut oil **,Oils & Meals,($/mt),794.0,2.72,-1.24,-4.22,98.0,0.38
1977-11-01,1977,11,Groundnut oil **,Oils & Meals,($/mt),852.0,7.3,5.58,2.16,101.42,1.0
1977-12-01,1977,12,Groundnut oil **,Oils & Meals,($/mt),917.0,7.63,18.63,18.02,101.1,0.93
1978-01-01,1978,1,Groundnut oil **,Oils & Meals,($/mt),956.0,4.25,20.4,2.47,114.35,0.34
1978-02-01,1978,2,Groundnut oil **,Oils & Meals,($/mt),910.0,-4.81,6.81,6.31,97.4,-1.01
1978-03-01,1978,3,Groundnut oil **,Oils & Meals,($/mt),1020.0,12.09,11.23,17.11,120.3,2.47
1978-04-01,1978,4,Groundnut oil **,Oils & Meals,($/mt),1127.0,10.49,17.89,27.92,137.76,1.58
1978-05-01,1978,5,Groundnut oil **,Oils & Meals,($/mt),1128.0,0.09,23.96,25.75,128.34,-0.34
1978-06-01,1978,6,Groundnut oil **,Oils & Meals,($/mt),1106.0,-1.95,8.43,30.42,110.67,-0.64
1978-07-01,1978,7,Groundnut oil **,Oils & Meals,($/mt),1042.0,-5.79,-7.54,29.6,75.42,-1.36
1978-08-01,1978,8,Groundnut oil **,Oils & Meals,($/mt),1044.0,0.19,-7.45,29.37,74.58,-0.36
1978-09-01,1978,9,Groundnut oil **,Oils & Meals,($/mt),1210.0,15.9,9.4,56.53,126.59,2.23
1978-10-01,1978,10,Groundnut oil **,Oils & Meals,($/mt),1194.0,-1.32,14.59,50.38,112.83,-0.78
1978-11-01,1978,11,Groundnut oil **,Oils & Meals,($/mt),1191.0,-0.25,14.08,39.79,93.03,-0.56
1978-12-01,1978,12,Groundnut oil **,Oils & Meals,($/mt),1022.0,-14.19,-15.54,11.45,29.37,-2.47
1979-01-01,1979,1,Groundnut oil **,Oils & Meals,($/mt),976.0,-4.5,-18.26,2.09,1.77,-0.68
1979-02-01,1979,2,Groundnut oil **,Oils & Meals,($/mt),969.0,-0.72,-18.64,6.48,-11.34,-0.14
1979-03-01,1979,3,Groundnut oil **,Oils & Meals,($/mt),972.0,0.31,-4.89,-4.71,-13.52,-0.06
1979-04-01,1979,4,Groundnut oil **,Oils & Meals,($/mt),970.0,-0.21,-0.61,-13.93,-12.85,-0.01
1979-05-01,1979,5,Groundnut oil **,Oils & Meals,($/mt),925.0,-4.64,-4.54,-18.0,-16.06,-0.53
1979-06-01,1979,6,Groundnut oil **,Oils & Meals,($/mt),893.0,-3.46,-8.13,-19.26,-16.54,-0.3
1979-07-01,1979,7,Groundnut oil **,Oils & Meals,($/mt),913.0,2.24,-5.88,-12.38,-9.69,0.55
1979-08-01,1979,8,Groundnut oil **,Oils & Meals,($/mt),867.0,-5.04,-6.27,-16.95,-20.09,-0.61
1979-09-01,1979,9,Groundnut oil **,Oils & Meals,($/mt),872.0,0.58,-2.35,-27.93,-17.58,0.28
1979-10-01,1979,10,Groundnut oil **,Oils & Meals,($/mt),812.0,-6.88,-11.06,-31.99,-28.71,-0.99
1979-11-01,1979,11,Groundnut oil **,Oils & Meals,($/mt),775.0,-4.56,-10.61,-34.93,-28.57,-0.33
1979-12-01,1979,12,Groundnut oil **,Oils & Meals,($/mt),720.0,-7.1,-17.43,-29.55,-33.52,-0.83
1980-01-01,1980,1,Groundnut oil **,Oils & Meals,($/mt),744.0,3.33,-8.37,-23.77,-30.98,1.97
1980-02-01,1980,2,Groundnut oil **,Oils & Meals,($/mt),778.0,4.57,0.39,-19.71,-27.83,1.91
1980-03-01,1980,3,Groundnut oil **,Oils & Meals,($/mt),720.0,-7.46,0.0,-25.93,-25.39,-1.42
1980-04-01,1980,4,Groundnut oil **,Oils & Meals,($/mt),708.0,-1.67,-4.84,-27.01,-19.73,0.17
1980-05-01,1980,5,Groundnut oil **,Oils & Meals,($/mt),733.0,3.53,-5.78,-20.76,0.83,1.42
1980-06-01,1980,6,Groundnut oil **,Oils & Meals,($/mt),713.0,-2.73,-0.97,-20.16,8.03,-0.2
1980-07-01,1980,7,Groundnut oil **,Oils & Meals,($/mt),860.0,20.62,21.47,-5.81,5.78,4.98
1980-08-01,1980,8,Groundnut oil **,Oils & Meals,($/mt),914.0,6.28,24.69,5.42,0.66,0.83
1980-09-01,1980,9,Groundnut oil **,Oils & Meals,($/mt),928.0,1.53,30.15,6.42,6.54,0.1
1980-10-01,1980,10,Groundnut oil **,Oils & Meals,($/mt),934.0,0.65,8.6,15.02,11.19,-0.02
1980-11-01,1980,11,Groundnut oil **,Oils & Meals,($/mt),1093.0,17.02,19.58,41.03,44.77,2.07
1980-12-01,1980,12,Groundnut oil **,Oils & Meals,($/mt),1180.0,7.96,27.16,63.89,65.5,0.56
1981-01-01,1981,1,Groundnut oil **,Oils & Meals,($/mt),1110.0,-5.93,18.84,49.19,54.17,-1.31
1981-02-01,1981,2,Groundnut oil **,Oils & Meals,($/mt),1100.0,-0.9,0.64,41.39,49.86,-0.54
1981-03-01,1981,3,Groundnut oil **,Oils & Meals,($/mt),1115.0,1.36,-5.51,54.86,66.67,-0.22
1981-04-01,1981,4,Groundnut oil **,Oils & Meals,($/mt),1105.0,-0.9,-0.45,56.07,57.63,-0.61
1981-05-01,1981,5,Groundnut oil **,Oils & Meals,($/mt),1185.0,7.24,7.73,61.66,84.29,0.41
1981-06-01,1981,6,Groundnut oil **,Oils & Meals,($/mt),1185.0,0.0,6.28,66.2,76.6,-0.55
1981-07-01,1981,7,Groundnut oil **,Oils & Meals,($/mt),1160.0,-2.11,4.98,34.88,176.19,-0.86
1981-08-01,1981,8,Groundnut oil **,Oils & Meals,($/mt),1160.0,0.0,-2.11,26.91,55.08,-0.44
1981-09-01,1981,9,Groundnut oil **,Oils & Meals,($/mt),1005.0,-13.36,-15.19,8.3,24.38,-2.59
1981-10-01,1981,10,Groundnut oil **,Oils & Meals,($/mt),863.0,-14.13,-25.6,-7.6,4.1,-2.01
1981-11-01,1981,11,Groundnut oil **,Oils & Meals,($/mt),805.0,-6.72,-30.6,-26.35,-3.48,-0.74
1981-12-01,1981,12,Groundnut oil **,Oils & Meals,($/mt),720.0,-10.56,-28.36,-38.98,-7.34,-1.2
1982-01-01,1982,1,Groundnut oil **,Oils & Meals,($/mt),685.0,-4.86,-20.63,-38.29,-26.58,-0.16
1982-02-01,1982,2,Groundnut oil **,Oils & Meals,($/mt),685.0,0.0,-14.91,-37.73,-19.98,0.59
1982-03-01,1982,3,Groundnut oil **,Oils & Meals,($/mt),644.0,-5.99,-10.56,-42.24,-26.06,-0.36
1982-04-01,1982,4,Groundnut oil **,Oils & Meals,($/mt),679.0,5.43,-0.88,-38.55,-22.93,1.55
1982-05-01,1982,5,Groundnut oil **,Oils & Meals,($/mt),645.0,-5.01,-5.84,-45.57,-28.09,-0.18
1982-06-01,1982,6,Groundnut oil **,Oils & Meals,($/mt),599.0,-7.13,-6.99,-49.45,-29.36,-0.4
1982-07-01,1982,7,Groundnut oil **,Oils & Meals,($/mt),570.0,-4.84,-16.05,-50.86,-29.1,0.09
1982-08-01,1982,8,Groundnut oil **,Oils & Meals,($/mt),572.0,0.35,-11.32,-50.69,-29.12,1.06
1982-09-01,1982,9,Groundnut oil **,Oils & Meals,($/mt),530.0,-7.34,-11.52,-47.26,-31.44,-0.31
1982-10-01,1982,10,Groundnut oil **,Oils & Meals,($/mt),470.0,-11.32,-17.54,-45.54,-40.81,-1.22
1982-11-01,1982,11,Groundnut oil **,Oils & Meals,($/mt),474.0,0.85,-17.13,-41.12,-44.37,1.2
1982-12-01,1982,12,Groundnut oil **,Oils & Meals,($/mt),466.0,-1.69,-12.08,-35.28,-49.18,0.51
1983-01-01,1983,1,Groundnut oil **,Oils & Meals,($/mt),461.0,-1.07,-1.91,-32.7,-51.78,0.52
1983-02-01,1983,2,Groundnut oil **,Oils & Meals,($/mt),452.0,-1.95,-4.64,-34.01,-50.33,0.26
1983-03-01,1983,3,Groundnut oil **,Oils & Meals,($/mt),445.0,-1.55,-4.51,-30.9,-56.37,0.39
1983-04-01,1983,4,Groundnut oil **,Oils & Meals,($/mt),495.0,11.24,7.38,-27.1,-56.08,3.18
1983-05-01,1983,5,Groundnut oil **,Oils & Meals,($/mt),548.0,10.71,21.24,-15.04,-51.42,2.35
1983-06-01,1983,6,Groundnut oil **,Oils & Meals,($/mt),593.0,8.21,33.26,-1.0,-46.38,1.4
1983-07-01,1983,7,Groundnut oil **,Oils & Meals,($/mt),635.0,7.08,28.28,11.4,-39.06,1.01
1983-08-01,1983,8,Groundnut oil **,Oils & Meals,($/mt),969.0,52.6,76.82,69.41,-7.18,7.37
1983-09-01,1983,9,Groundnut oil **,Oils & Meals,($/mt),1052.0,8.57,77.4,98.49,-13.06,0.19
1983-10-01,1983,10,Groundnut oil **,Oils & Meals,($/mt),1054.0,0.19,65.98,124.26,-11.73,-0.42
1983-11-01,1983,11,Groundnut oil **,Oils & Meals,($/mt),951.0,-9.77,-1.86,100.63,-20.15,-1.17
1983-12-01,1983,12,Groundnut oil **,Oils & Meals,($/mt),876.0,-7.89,-16.73,87.98,-14.29,-0.94
1984-01-01,1984,1,Groundnut oil **,Oils & Meals,($/mt),983.0,12.21,-6.74,113.23,0.72,0.36
1984-02-01,1984,2,Groundnut oil **,Oils & Meals,($/mt),1024.0,4.17,7.68,126.55,5.68,-0.21
1984-03-01,1984,3,Groundnut oil **,Oils & Meals,($/mt),1086.0,6.05,23.97,144.04,11.73,-0.12
1984-04-01,1984,4,Groundnut oil **,Oils & Meals,($/mt),1159.0,6.72,17.9,134.14,19.48,-0.12
1984-05-01,1984,5,Groundnut oil **,Oils & Meals,($/mt),1171.0,1.04,14.36,113.69,26.59,-0.46
1984-06-01,1984,6,Groundnut oil **,Oils & Meals,($/mt),1155.0,-1.37,6.35,94.77,29.34,-0.56
1984-07-01,1984,7,Groundnut oil **,Oils & Meals,($/mt),1054.0,-8.74,-9.06,65.98,15.44,-0.97
1984-08-01,1984,8,Groundnut oil **,Oils & Meals,($/mt),984.0,-6.64,-15.97,1.55,13.49,-0.73
1984-09-01,1984,9,Groundnut oil **,Oils & Meals,($/mt),931.0,-5.39,-19.39,-11.5,6.77,-0.78
1984-10-01,1984,10,Groundnut oil **,Oils & Meals,($/mt),836.0,-10.2,-20.68,-20.68,2.96,-1.33
1984-11-01,1984,11,Groundnut oil **,Oils & Meals,($/mt),905.0,8.25,-8.03,-4.84,16.77,1.31
1984-12-01,1984,12,Groundnut oil **,Oils & Meals,($/mt),912.0,0.77,-2.04,4.11,26.67,0.12
1985-01-01,1985,1,Groundnut oil **,Oils & Meals,($/mt),890.0,-2.41,6.46,-9.46,19.62,-0.41
1985-02-01,1985,2,Groundnut oil **,Oils & Meals,($/mt),873.0,-1.91,-3.54,-14.75,12.21,-0.2
1985-03-01,1985,3,Groundnut oil **,Oils & Meals,($/mt),944.0,8.13,3.51,-13.08,31.11,1.54
1985-04-01,1985,4,Groundnut oil **,Oils & Meals,($/mt),1020.0,8.05,14.61,-11.99,44.07,1.44
1985-05-01,1985,5,Groundnut oil **,Oils & Meals,($/mt),1026.0,0.59,17.53,-12.38,39.97,0.23
1985-06-01,1985,6,Groundnut oil **,Oils & Meals,($/mt),974.0,-5.07,3.18,-15.67,36.61,-0.65
1985-07-01,1985,7,Groundnut oil **,Oils & Meals,($/mt),880.0,-9.65,-13.73,-16.51,2.33,-1.29
1985-08-01,1985,8,Groundnut oil **,Oils & Meals,($/mt),896.0,1.82,-12.67,-8.94,-1.97,0.47
1985-09-01,1985,9,Groundnut oil **,Oils & Meals,($/mt),810.0,-9.6,-16.84,-13.0,-12.72,-1.39
1985-10-01,1985,10,Groundnut oil **,Oils & Meals,($/mt),808.0,-0.25,-8.18,-3.35,-13.49,0.1
1985-11-01,1985,11,Groundnut oil **,Oils & Meals,($/mt),911.0,12.75,1.67,0.66,-16.65,2.07
1985-12-01,1985,12,Groundnut oil **,Oils & Meals,($/mt),827.0,-9.22,2.1,-9.32,-29.92,-1.38
1986-01-01,1986,1,Groundnut oil **,Oils & Meals,($/mt),701.0,-15.24,-13.24,-21.24,-36.85,-1.99
1986-02-01,1986,2,Groundnut oil **,Oils & Meals,($/mt),580.0,-17.26,-36.33,-33.56,-47.27,-1.84
1986-03-01,1986,3,Groundnut oil **,Oils & Meals,($/mt),541.0,-6.72,-34.58,-42.69,-51.48,-0.4
1986-04-01,1986,4,Groundnut oil **,Oils & Meals,($/mt),578.0,6.84,-17.55,-43.33,-47.69,1.22
1986-05-01,1986,5,Groundnut oil **,Oils & Meals,($/mt),578.0,0.0,-0.34,-43.66,-51.22,0.48
1986-06-01,1986,6,Groundnut oil **,Oils & Meals,($/mt),560.0,-3.11,3.51,-42.51,-52.74,0.13
1986-07-01,1986,7,Groundnut oil **,Oils & Meals,($/mt),548.0,-2.14,-5.19,-37.73,-52.76,0.23
1986-08-01,1986,8,Groundnut oil **,Oils & Meals,($/mt),561.0,2.37,-2.94,-37.39,-51.64,0.68
1986-09-01,1986,9,Groundnut oil **,Oils & Meals,($/mt),534.0,-4.81,-4.64,-34.07,-46.87,-0.15
1986-10-01,1986,10,Groundnut oil **,Oils & Meals,($/mt),572.0,7.12,4.38,-29.21,-33.72,1.19
1986-11-01,1986,11,Groundnut oil **,Oils & Meals,($/mt),551.0,-3.67,-1.78,-39.52,-31.55,-0.14
1986-12-01,1986,12,Groundnut oil **,Oils & Meals,($/mt),529.0,-3.99,-0.94,-36.03,-26.53,-0.02
1987-01-01,1987,1,Groundnut oil **,Oils & Meals,($/mt),520.0,-1.7,-9.09,-25.82,-24.09,0.23
1987-02-01,1987,2,Groundnut oil **,Oils & Meals,($/mt),500.0,-3.85,-9.26,-13.79,-27.01,-0.25
1987-03-01,1987,3,Groundnut oil **,Oils & Meals,($/mt),484.0,-3.2,-8.51,-10.54,-24.84,-0.46
1987-04-01,1987,4,Groundnut oil **,Oils & Meals,($/mt),507.0,4.75,-2.5,-12.28,-25.33,1.35
1987-05-01,1987,5,Groundnut oil **,Oils & Meals,($/mt),525.0,3.55,5.0,-9.17,-18.6,1.19
1987-06-01,1987,6,Groundnut oil **,Oils & Meals,($/mt),513.0,-2.29,5.99,-8.39,-14.36,-0.39
1987-07-01,1987,7,Groundnut oil **,Oils & Meals,($/mt),499.0,-2.73,-1.58,-8.94,-12.46,-0.52
1987-08-01,1987,8,Groundnut oil **,Oils & Meals,($/mt),467.0,-6.41,-11.05,-16.76,-18.36,-1.42
1987-09-01,1987,9,Groundnut oil **,Oils & Meals,($/mt),469.0,0.43,-8.58,-12.17,-11.51,0.44
1987-10-01,1987,10,Groundnut oil **,Oils & Meals,($/mt),502.0,7.04,0.6,-12.24,6.81,1.96
1987-11-01,1987,11,Groundnut oil **,Oils & Meals,($/mt),481.0,-4.18,3.0,-12.7,1.48,-0.78
1987-12-01,1987,12,Groundnut oil **,Oils & Meals,($/mt),530.0,10.19,13.01,0.19,13.73,2.73
1988-01-01,1988,1,Groundnut oil **,Oils & Meals,($/mt),540.0,1.89,7.57,3.85,17.14,0.34
1988-02-01,1988,2,Groundnut oil **,Oils & Meals,($/mt),503.0,-6.85,4.57,0.6,11.28,-1.43
1988-03-01,1988,3,Groundnut oil **,Oils & Meals,($/mt),501.0,-0.4,-5.47,3.51,12.58,-0.11
1988-04-01,1988,4,Groundnut oil **,Oils & Meals,($/mt),515.0,2.79,-4.63,1.58,4.04,0.45
1988-05-01,1988,5,Groundnut oil **,Oils & Meals,($/mt),541.0,5.05,7.55,3.05,-1.28,0.93
1988-06-01,1988,6,Groundnut oil **,Oils & Meals,($/mt),637.0,17.74,27.15,24.17,7.42,3.29
1988-07-01,1988,7,Groundnut oil **,Oils & Meals,($/mt),769.0,20.72,49.32,54.11,21.1,2.6
1988-08-01,1988,8,Groundnut oil **,Oils & Meals,($/mt),696.0,-9.49,28.65,49.04,-28.17,-1.54
1988-09-01,1988,9,Groundnut oil **,Oils & Meals,($/mt),649.0,-6.75,1.88,38.38,-38.31,-1.15
1988-10-01,1988,10,Groundnut oil **,Oils & Meals,($/mt),606.0,-6.63,-21.2,20.72,-42.5,-1.02
1988-11-01,1988,11,Groundnut oil **,Oils & Meals,($/mt),564.0,-6.93,-18.97,17.26,-40.69,-0.9
1988-12-01,1988,12,Groundnut oil **,Oils & Meals,($/mt),563.0,-0.18,-13.25,6.23,-35.73,-0.19
1989-01-01,1989,1,Groundnut oil **,Oils & Meals,($/mt),592.0,5.15,-2.31,9.63,-39.78,0.43
1989-02-01,1989,2,Groundnut oil **,Oils & Meals,($/mt),630.0,6.42,11.7,25.25,-38.48,0.53
1989-03-01,1989,3,Groundnut oil **,Oils & Meals,($/mt),746.0,18.41,32.5,48.9,-31.31,1.68
1989-04-01,1989,4,Groundnut oil **,Oils & Meals,($/mt),753.0,0.94,27.2,46.21,-35.03,-0.28
1989-05-01,1989,5,Groundnut oil **,Oils & Meals,($/mt),792.0,5.18,25.71,46.4,-32.37,0.14
1989-06-01,1989,6,Groundnut oil **,Oils & Meals,($/mt),802.0,1.26,7.51,25.9,-30.56,-0.23
1989-07-01,1989,7,Groundnut oil **,Oils & Meals,($/mt),806.0,0.5,7.04,4.81,-23.53,-0.19
1989-08-01,1989,8,Groundnut oil **,Oils & Meals,($/mt),820.0,1.74,3.54,17.82,-16.67,0.14
1989-09-01,1989,9,Groundnut oil **,Oils & Meals,($/mt),798.0,-2.68,-0.5,22.96,-14.29,-0.61
1989-10-01,1989,10,Groundnut oil **,Oils & Meals,($/mt),813.0,1.88,0.87,34.16,-2.75,-0.01
1989-11-01,1989,11,Groundnut oil **,Oils & Meals,($/mt),868.0,6.77,5.85,53.9,-4.09,0.67
1989-12-01,1989,12,Groundnut oil **,Oils & Meals,($/mt),877.0,1.04,9.9,55.77,-3.84,-0.51
1990-01-01,1990,1,Groundnut oil **,Oils & Meals,($/mt),903.0,2.96,11.07,52.53,1.46,-0.17
1990-02-01,1990,2,Groundnut oil **,Oils & Meals,($/mt),933.0,3.32,7.49,48.1,6.87,-0.07
1990-03-01,1990,3,Groundnut oil **,Oils & Meals,($/mt),971.0,4.07,10.72,30.16,2.86,0.12
1990-04-01,1990,4,Groundnut oil **,Oils & Meals,($/mt),938.0,-3.4,3.88,24.57,-8.04,-2.31
1990-05-01,1990,5,Groundnut oil **,Oils & Meals,($/mt),919.0,-2.03,-1.5,16.04,-10.43,-1.33
1990-06-01,1990,6,Groundnut oil **,Oils & Meals,($/mt),931.0,1.31,-4.12,16.08,-4.41,0.01
1990-07-01,1990,7,Groundnut oil **,Oils & Meals,($/mt),925.0,-0.64,-1.39,14.76,5.11,-0.66
1990-08-01,1990,8,Groundnut oil **,Oils & Meals,($/mt),963.0,4.11,4.79,17.44,7.48,0.98
1990-09-01,1990,9,Groundnut oil **,Oils & Meals,($/mt),991.0,2.91,6.44,24.19,22.35,0.49
1990-10-01,1990,10,Groundnut oil **,Oils & Meals,($/mt),1012.0,2.12,9.41,24.48,25.25,0.09
1990-11-01,1990,11,Groundnut oil **,Oils & Meals,($/mt),1040.0,2.77,8.0,19.82,14.16,0.31
1990-12-01,1990,12,Groundnut oil **,Oils & Meals,($/mt),1038.0,-0.19,4.74,18.36,25.51,-0.72
1991-01-01,1991,1,Groundnut oil **,Oils & Meals,($/mt),1013.0,-2.41,0.1,12.18,44.51,-1.56
1991-02-01,1991,2,Groundnut oil **,Oils & Meals,($/mt),1027.0,1.38,-1.25,10.08,77.07,0.15
1991-03-01,1991,3,Groundnut oil **,Oils & Meals,($/mt),1022.0,-0.49,-1.54,5.25,88.91,-0.52
1991-04-01,1991,4,Groundnut oil **,Oils & Meals,($/mt),986.0,-3.52,-2.67,5.12,70.59,-1.69
1991-05-01,1991,5,Groundnut oil **,Oils & Meals,($/mt),937.0,-4.97,-8.76,1.96,62.11,-2.28
1991-06-01,1991,6,Groundnut oil **,Oils & Meals,($/mt),919.0,-1.92,-10.08,-1.29,64.11,-0.77
1991-07-01,1991,7,Groundnut oil **,Oils & Meals,($/mt),930.0,1.2,-5.68,0.54,69.71,0.45
1991-08-01,1991,8,Groundnut oil **,Oils & Meals,($/mt),929.0,-0.11,-0.85,-3.53,65.6,-0.07
1991-09-01,1991,9,Groundnut oil **,Oils & Meals,($/mt),844.0,-9.15,-8.16,-14.83,58.05,-3.52
1991-10-01,1991,10,Groundnut oil **,Oils & Meals,($/mt),799.0,-5.33,-14.09,-21.05,39.69,-1.2
1991-11-01,1991,11,Groundnut oil **,Oils & Meals,($/mt),718.0,-10.14,-22.71,-30.96,30.31,-2.43
1991-12-01,1991,12,Groundnut oil **,Oils & Meals,($/mt),614.0,-14.48,-27.25,-40.85,16.07,-3.03
1992-01-01,1992,1,Groundnut oil **,Oils & Meals,($/mt),619.0,0.81,-22.53,-38.89,19.04,1.01
1992-02-01,1992,2,Groundnut oil **,Oils & Meals,($/mt),605.0,-2.26,-15.74,-41.09,21.0,0.32
1992-03-01,1992,3,Groundnut oil **,Oils & Meals,($/mt),595.0,-1.65,-3.09,-41.78,22.93,0.52
1992-04-01,1992,4,Groundnut oil **,Oils & Meals,($/mt),616.0,3.53,-0.48,-37.53,21.5,1.63
1992-05-01,1992,5,Groundnut oil **,Oils & Meals,($/mt),651.0,5.68,7.6,-30.52,24.0,1.77
1992-06-01,1992,6,Groundnut oil **,Oils & Meals,($/mt),665.0,2.15,11.76,-27.64,29.63,0.84
1992-07-01,1992,7,Groundnut oil **,Oils & Meals,($/mt),644.0,-3.16,4.55,-30.75,29.06,-0.11
1992-08-01,1992,8,Groundnut oil **,Oils & Meals,($/mt),600.0,-6.83,-7.83,-35.41,28.48,-0.67
1992-09-01,1992,9,Groundnut oil **,Oils & Meals,($/mt),562.0,-6.33,-15.49,-33.41,19.83,-0.49
1992-10-01,1992,10,Groundnut oil **,Oils & Meals,($/mt),565.0,0.53,-12.27,-29.29,12.55,0.63
1992-11-01,1992,11,Groundnut oil **,Oils & Meals,($/mt),575.0,1.77,-4.17,-19.92,19.54,0.76
1992-12-01,1992,12,Groundnut oil **,Oils & Meals,($/mt),622.0,8.17,10.68,1.3,17.36,1.79
1993-01-01,1993,1,Groundnut oil **,Oils & Meals,($/mt),621.0,-0.16,9.91,0.32,15.0,-0.08
1993-02-01,1993,2,Groundnut oil **,Oils & Meals,($/mt),611.0,-1.61,6.26,0.99,21.47,-0.38
1993-03-01,1993,3,Groundnut oil **,Oils & Meals,($/mt),602.0,-1.47,-3.22,1.18,20.16,-0.37
1993-04-01,1993,4,Groundnut oil **,Oils & Meals,($/mt),623.0,3.49,0.32,1.14,20.97,0.74
1993-05-01,1993,5,Groundnut oil **,Oils & Meals,($/mt),685.0,9.95,12.11,5.22,26.62,2.18
1993-06-01,1993,6,Groundnut oil **,Oils & Meals,($/mt),712.0,3.94,18.27,7.07,11.77,0.67
1993-07-01,1993,7,Groundnut oil **,Oils & Meals,($/mt),773.0,8.57,24.08,20.03,0.52,1.53
1993-08-01,1993,8,Groundnut oil **,Oils & Meals,($/mt),858.0,11.0,25.26,43.0,23.28,1.71
1993-09-01,1993,9,Groundnut oil **,Oils & Meals,($/mt),845.0,-1.52,18.68,50.36,30.2,-0.87
1993-10-01,1993,10,Groundnut oil **,Oils & Meals,($/mt),807.0,-4.5,4.4,42.83,33.17,-1.7
1993-11-01,1993,11,Groundnut oil **,Oils & Meals,($/mt),808.0,0.12,-5.83,40.52,43.26,-0.58
1993-12-01,1993,12,Groundnut oil **,Oils & Meals,($/mt),924.0,14.36,9.35,48.55,64.12,2.15
1994-01-01,1994,1,Groundnut oil **,Oils & Meals,($/mt),993.0,7.47,23.05,59.9,67.74,0.65
1994-02-01,1994,2,Groundnut oil **,Oils & Meals,($/mt),1011.0,1.81,25.12,65.47,60.48,-0.39
1994-03-01,1994,3,Groundnut oil **,Oils & Meals,($/mt),1013.0,0.2,9.63,68.27,35.79,-0.73
1994-04-01,1994,4,Groundnut oil **,Oils & Meals,($/mt),1030.0,1.68,3.73,65.33,36.79,-0.51
1994-05-01,1994,5,Groundnut oil **,Oils & Meals,($/mt),1020.0,-0.97,0.89,48.91,28.79,-0.94
1994-06-01,1994,6,Groundnut oil **,Oils & Meals,($/mt),1014.0,-0.59,0.1,42.42,26.43,-0.72
1994-07-01,1994,7,Groundnut oil **,Oils & Meals,($/mt),1017.0,0.3,-1.26,31.57,26.18,-0.49
1994-08-01,1994,8,Groundnut oil **,Oils & Meals,($/mt),1018.0,0.1,-0.2,18.65,24.15,-0.42
1994-09-01,1994,9,Groundnut oil **,Oils & Meals,($/mt),1018.0,0.0,0.39,20.47,27.57,-0.31
1994-10-01,1994,10,Groundnut oil **,Oils & Meals,($/mt),1029.0,1.08,1.18,27.51,26.57,-0.12
1994-11-01,1994,11,Groundnut oil **,Oils & Meals,($/mt),1048.0,1.85,2.95,29.7,20.74,-0.06
1994-12-01,1994,12,Groundnut oil **,Oils & Meals,($/mt),1062.0,1.34,4.32,14.94,21.09,-0.21
1995-01-01,1995,1,Groundnut oil **,Oils & Meals,($/mt),1054.0,-0.75,2.43,6.14,16.72,-0.89
1995-02-01,1995,2,Groundnut oil **,Oils & Meals,($/mt),1025.0,-2.75,-2.19,1.38,9.86,-3.19
1995-03-01,1995,3,Groundnut oil **,Oils & Meals,($/mt),990.0,-3.41,-6.78,-2.27,1.96,-2.72
1995-04-01,1995,4,Groundnut oil **,Oils & Meals,($/mt),981.0,-0.91,-6.93,-4.76,4.58,-0.44
1995-05-01,1995,5,Groundnut oil **,Oils & Meals,($/mt),973.0,-0.82,-5.07,-4.61,5.88,-0.27
1995-06-01,1995,6,Groundnut oil **,Oils & Meals,($/mt),965.0,-0.82,-2.53,-4.83,3.65,-0.28
1995-07-01,1995,7,Groundnut oil **,Oils & Meals,($/mt),969.0,0.41,-1.22,-4.72,4.76,0.53
1995-08-01,1995,8,Groundnut oil **,Oils & Meals,($/mt),980.0,1.14,0.72,-3.73,1.77,0.98
1995-09-01,1995,9,Groundnut oil **,Oils & Meals,($/mt),981.0,0.1,1.66,-3.63,-1.01,0.25
1995-10-01,1995,10,Groundnut oil **,Oils & Meals,($/mt),990.0,0.92,2.17,-3.79,-2.17,0.75
1995-11-01,1995,11,Groundnut oil **,Oils & Meals,($/mt),995.0,0.51,1.53,-5.06,-4.33,0.51
1995-12-01,1995,12,Groundnut oil **,Oils & Meals,($/mt),988.0,-0.7,0.71,-6.97,-4.82,-0.19
1996-01-01,1996,1,Groundnut oil **,Oils & Meals,($/mt),959.0,-2.94,-3.13,-9.01,-5.33,-1.7
1996-02-01,1996,2,Groundnut oil **,Oils & Meals,($/mt),925.0,-3.55,-7.04,-9.76,-9.93,-1.81
1996-03-01,1996,3,Groundnut oil **,Oils & Meals,($/mt),911.0,-1.51,-7.79,-7.98,-10.86,-0.41
1996-04-01,1996,4,Groundnut oil **,Oils & Meals,($/mt),895.0,-1.76,-6.67,-8.77,-9.23,-0.74
1996-05-01,1996,5,Groundnut oil **,Oils & Meals,($/mt),897.0,0.22,-3.03,-7.81,-4.27,0.66
1996-06-01,1996,6,Groundnut oil **,Oils & Meals,($/mt),904.0,0.78,-0.77,-6.32,-1.63,0.96
1996-07-01,1996,7,Groundnut oil **,Oils & Meals,($/mt),902.0,-0.22,0.78,-6.91,-3.01,0.2
1996-08-01,1996,8,Groundnut oil **,Oils & Meals,($/mt),885.0,-1.88,-1.34,-9.69,-4.74,-0.84
1996-09-01,1996,9,Groundnut oil **,Oils & Meals,($/mt),879.0,-0.68,-2.77,-10.4,4.15,0.11
1996-10-01,1996,10,Groundnut oil **,Oils & Meals,($/mt),874.0,-0.57,-3.1,-11.72,9.39,0.23
1996-11-01,1996,11,Groundnut oil **,Oils & Meals,($/mt),868.0,-0.69,-1.92,-12.76,20.89,0.25
1996-12-01,1996,12,Groundnut oil **,Oils & Meals,($/mt),868.0,0.0,-1.25,-12.15,41.37,0.89
1997-01-01,1997,1,Groundnut oil **,Oils & Meals,($/mt),874.0,0.69,0.0,-8.86,41.2,1.36
1997-02-01,1997,2,Groundnut oil **,Oils & Meals,($/mt),886.0,1.37,2.07,-4.22,46.45,1.72
1997-03-01,1997,3,Groundnut oil **,Oils & Meals,($/mt),896.0,1.13,3.23,-1.65,50.59,1.43
1997-04-01,1997,4,Groundnut oil **,Oils & Meals,($/mt),938.0,4.69,7.32,4.8,52.27,4.61
1997-05-01,1997,5,Groundnut oil **,Oils & Meals,($/mt),981.0,4.58,10.72,9.36,50.69,2.57
1997-06-01,1997,6,Groundnut oil **,Oils & Meals,($/mt),1047.0,6.73,16.85,15.82,57.44,2.95
1997-07-01,1997,7,Groundnut oil **,Oils & Meals,($/mt),1096.0,4.68,16.84,21.51,70.19,1.29
1997-08-01,1997,8,Groundnut oil **,Oils & Meals,($/mt),1093.0,-0.27,11.42,23.5,82.17,-0.7
1997-09-01,1997,9,Groundnut oil **,Oils & Meals,($/mt),1083.0,-0.91,3.44,23.21,92.7,-1.03
1997-10-01,1997,10,Groundnut oil **,Oils & Meals,($/mt),1083.0,0.0,-1.19,23.91,91.68,-0.67
1997-11-01,1997,11,Groundnut oil **,Oils & Meals,($/mt),1090.0,0.65,-0.27,25.58,89.57,-0.45
1997-12-01,1997,12,Groundnut oil **,Oils & Meals,($/mt),1058.0,-2.94,-2.31,21.89,70.1,-1.94
1998-01-01,1998,1,Groundnut oil **,Oils & Meals,($/mt),1055.0,-0.28,-2.59,20.71,69.89,-0.7
1998-02-01,1998,2,Groundnut oil **,Oils & Meals,($/mt),1029.0,-2.46,-5.6,16.14,68.41,-1.41
1998-03-01,1998,3,Groundnut oil **,Oils & Meals,($/mt),949.0,-7.77,-10.3,5.92,57.64,-2.91
1998-04-01,1998,4,Groundnut oil **,Oils & Meals,($/mt),928.0,-2.21,-12.04,-1.07,48.96,-0.68
1998-05-01,1998,5,Groundnut oil **,Oils & Meals,($/mt),900.0,-3.02,-12.54,-8.26,31.39,-0.76
1998-06-01,1998,6,Groundnut oil **,Oils & Meals,($/mt),891.0,-1.0,-6.11,-14.9,25.14,-0.09
1998-07-01,1998,7,Groundnut oil **,Oils & Meals,($/mt),874.0,-1.91,-5.82,-20.26,13.07,-0.21
1998-08-01,1998,8,Groundnut oil **,Oils & Meals,($/mt),862.0,-1.37,-4.22,-21.13,0.47,0.21
1998-09-01,1998,9,Groundnut oil **,Oils & Meals,($/mt),852.0,-1.16,-4.38,-21.33,0.83,0.36
1998-10-01,1998,10,Groundnut oil **,Oils & Meals,($/mt),850.0,-0.23,-2.75,-21.51,5.33,0.8
1998-11-01,1998,11,Groundnut oil **,Oils & Meals,($/mt),862.0,1.41,0.0,-20.92,6.68,1.58
1998-12-01,1998,12,Groundnut oil **,Oils & Meals,($/mt),861.0,-0.12,1.06,-18.62,-6.82,0.8
1999-01-01,1999,1,Groundnut oil **,Oils & Meals,($/mt),953.0,10.69,12.12,-9.67,-4.03,5.44
1999-02-01,1999,2,Groundnut oil **,Oils & Meals,($/mt),890.0,-6.61,3.25,-13.51,-11.97,-1.38
1999-03-01,1999,3,Groundnut oil **,Oils & Meals,($/mt),752.0,-15.51,-12.66,-20.76,-25.77,-3.17
1999-04-01,1999,4,Groundnut oil **,Oils & Meals,($/mt),664.0,-11.7,-30.33,-28.45,-35.53,-1.68
1999-05-01,1999,5,Groundnut oil **,Oils & Meals,($/mt),762.0,14.76,-14.38,-15.33,-25.29,2.63
1999-06-01,1999,6,Groundnut oil **,Oils & Meals,($/mt),836.0,9.71,11.17,-6.17,-17.55,1.31
1999-07-01,1999,7,Groundnut oil **,Oils & Meals,($/mt),860.0,2.87,29.52,-1.6,-15.44,0.34
1999-08-01,1999,8,Groundnut oil **,Oils & Meals,($/mt),850.0,-1.16,11.55,-1.39,-16.5,-0.16
1999-09-01,1999,9,Groundnut oil **,Oils & Meals,($/mt),849.0,-0.12,1.56,-0.35,-16.6,-0.04
1999-10-01,1999,10,Groundnut oil **,Oils & Meals,($/mt),888.0,4.59,3.26,4.47,-13.7,0.48
1999-11-01,1999,11,Groundnut oil **,Oils & Meals,($/mt),925.0,4.17,8.82,7.31,-11.74,0.39
1999-12-01,1999,12,Groundnut oil **,Oils & Meals,($/mt),766.0,-17.19,-9.78,-11.03,-27.87,-2.02
2000-01-01,2000,1,Groundnut oil **,Oils & Meals,($/mt),676.0,-11.75,-23.87,-29.07,-35.86,-1.09
2000-02-01,2000,2,Groundnut oil **,Oils & Meals,($/mt),688.0,1.78,-25.62,-22.7,-32.88,0.4
2000-03-01,2000,3,Groundnut oil **,Oils & Meals,($/mt),733.0,6.54,-4.31,-2.53,-25.96,0.8
2000-04-01,2000,4,Groundnut oil **,Oils & Meals,($/mt),790.0,7.78,16.86,18.98,-19.47,0.8
2000-05-01,2000,5,Groundnut oil **,Oils & Meals,($/mt),794.0,0.51,15.41,4.2,-18.4,-0.15
2000-06-01,2000,6,Groundnut oil **,Oils & Meals,($/mt),783.0,-1.39,6.82,-6.34,-18.86,-0.26
2000-07-01,2000,7,Groundnut oil **,Oils & Meals,($/mt),772.0,-1.4,-2.28,-10.23,-20.33,-0.15
2000-08-01,2000,8,Groundnut oil **,Oils & Meals,($/mt),754.0,-2.33,-5.04,-11.29,-23.06,-0.23
2000-09-01,2000,9,Groundnut oil **,Oils & Meals,($/mt),761.0,0.93,-2.81,-10.37,-22.43,0.23
2000-10-01,2000,10,Groundnut oil **,Oils & Meals,($/mt),755.0,-0.79,-2.2,-14.98,-23.74,-0.02
2000-11-01,2000,11,Groundnut oil **,Oils & Meals,($/mt),770.0,1.99,2.12,-16.76,-22.61,0.43
2000-12-01,2000,12,Groundnut oil **,Oils & Meals,($/mt),807.0,4.81,6.04,5.35,-18.32,0.87
2001-01-01,2001,1,Groundnut oil **,Oils & Meals,($/mt),816.0,1.12,8.08,20.71,-14.91,0.11
2001-02-01,2001,2,Groundnut oil **,Oils & Meals,($/mt),811.0,-0.61,5.32,17.88,-12.32,-0.7
2001-03-01,2001,3,Groundnut oil **,Oils & Meals,($/mt),781.0,-3.7,-3.22,6.55,-14.27,-1.56
2001-04-01,2001,4,Groundnut oil **,Oils & Meals,($/mt),745.0,-4.61,-8.7,-5.7,-16.76,-1.64
2001-05-01,2001,5,Groundnut oil **,Oils & Meals,($/mt),728.0,-2.28,-10.23,-8.31,-18.84,-0.71
2001-06-01,2001,6,Groundnut oil **,Oils & Meals,($/mt),728.0,0.0,-6.79,-7.02,-19.47,0.27
2001-07-01,2001,7,Groundnut oil **,Oils & Meals,($/mt),723.0,-0.69,-2.95,-6.35,-19.84,-0.04
2001-08-01,2001,8,Groundnut oil **,Oils & Meals,($/mt),738.0,2.07,1.37,-2.12,-16.61,1.01
2001-09-01,2001,9,Groundnut oil **,Oils & Meals,($/mt),750.0,1.63,3.02,-1.45,-14.68,0.68
2001-10-01,2001,10,Groundnut oil **,Oils & Meals,($/mt),762.0,1.6,5.39,0.93,-12.81,0.64
2001-11-01,2001,11,Groundnut oil **,Oils & Meals,($/mt),760.0,-0.26,2.98,-1.3,-12.44,-0.14
2001-12-01,2001,12,Groundnut oil **,Oils & Meals,($/mt),772.0,1.58,2.93,-4.34,-11.06,0.64
2002-01-01,2002,1,Groundnut oil **,Oils & Meals,($/mt),684.0,-11.4,-10.24,-16.18,-21.74,-5.04
2002-02-01,2002,2,Groundnut oil **,Oils & Meals,($/mt),617.0,-9.8,-18.82,-23.92,-30.36,-2.21
2002-03-01,2002,3,Groundnut oil **,Oils & Meals,($/mt),599.0,-2.92,-22.41,-23.3,-33.15,-0.17
2002-04-01,2002,4,Groundnut oil **,Oils & Meals,($/mt),590.0,-1.5,-13.74,-20.81,-37.1,0.13
2002-05-01,2002,5,Groundnut oil **,Oils & Meals,($/mt),600.0,1.69,-2.76,-17.58,-38.84,0.8
2002-06-01,2002,6,Groundnut oil **,Oils & Meals,($/mt),646.0,7.67,7.85,-11.26,-38.3,2.03
2002-07-01,2002,7,Groundnut oil **,Oils & Meals,($/mt),705.0,9.13,19.49,-2.49,-35.68,1.91
2002-08-01,2002,8,Groundnut oil **,Oils & Meals,($/mt),759.0,7.66,26.5,2.85,-30.56,1.29
2002-09-01,2002,9,Groundnut oil **,Oils & Meals,($/mt),795.0,4.74,23.07,6.0,-26.59,0.68
2002-10-01,2002,10,Groundnut oil **,Oils & Meals,($/mt),816.0,2.64,15.74,7.09,-24.65,0.3
2002-11-01,2002,11,Groundnut oil **,Oils & Meals,($/mt),871.0,6.74,14.76,14.61,-20.09,0.92
2002-12-01,2002,12,Groundnut oil **,Oils & Meals,($/mt),952.0,9.3,19.75,23.32,-10.02,1.18
2003-01-01,2003,1,Groundnut oil **,Oils & Meals,($/mt),970.0,1.89,18.87,41.81,-8.06,-0.01
2003-02-01,2003,2,Groundnut oil **,Oils & Meals,($/mt),1016.0,4.74,16.65,64.67,-1.26,0.29
2003-03-01,2003,3,Groundnut oil **,Oils & Meals,($/mt),1039.0,2.26,9.14,73.46,9.48,-0.51
2003-04-01,2003,4,Groundnut oil **,Oils & Meals,($/mt),1064.0,2.41,9.69,80.34,14.66,-0.69
2003-05-01,2003,5,Groundnut oil **,Oils & Meals,($/mt),1147.0,7.8,12.89,91.17,27.44,0.94
2003-06-01,2003,6,Groundnut oil **,Oils & Meals,($/mt),1235.0,7.67,18.86,91.18,38.61,0.75
2003-07-01,2003,7,Groundnut oil **,Oils & Meals,($/mt),1261.0,2.11,18.52,78.87,44.28,-1.24
2003-08-01,2003,8,Groundnut oil **,Oils & Meals,($/mt),1300.0,3.09,13.34,71.28,50.81,-0.7
2003-09-01,2003,9,Groundnut oil **,Oils & Meals,($/mt),1330.0,2.31,7.69,67.3,56.1,-0.88
2003-10-01,2003,10,Groundnut oil **,Oils & Meals,($/mt),1359.0,2.18,7.77,66.54,59.88,-0.82
2003-11-01,2003,11,Groundnut oil **,Oils & Meals,($/mt),1389.0,2.21,6.85,59.47,61.14,-0.79
2003-12-01,2003,12,Groundnut oil **,Oils & Meals,($/mt),1402.0,0.94,5.41,47.27,62.83,-1.13
2004-01-01,2004,1,Groundnut oil **,Oils & Meals,($/mt),1433.0,2.21,5.45,47.73,50.37,-0.48
2004-02-01,2004,2,Groundnut oil **,Oils & Meals,($/mt),1433.0,0.0,3.17,41.04,61.01,-1.49
2004-03-01,2004,3,Groundnut oil **,Oils & Meals,($/mt),1356.0,-5.37,-3.28,30.51,80.32,-3.49
2004-04-01,2004,4,Groundnut oil **,Oils & Meals,($/mt),1323.0,-2.43,-7.68,24.34,99.25,-1.4
2004-05-01,2004,5,Groundnut oil **,Oils & Meals,($/mt),1323.0,0.0,-7.68,15.34,73.62,-0.52
2004-06-01,2004,6,Groundnut oil **,Oils & Meals,($/mt),1265.0,-4.38,-6.71,2.43,51.32,-1.78
2004-07-01,2004,7,Groundnut oil **,Oils & Meals,($/mt),1247.0,-1.42,-5.74,-1.11,45.0,-0.59
2004-08-01,2004,8,Groundnut oil **,Oils & Meals,($/mt),1235.0,-0.96,-6.65,-5.0,45.29,-0.32
2004-09-01,2004,9,Groundnut oil **,Oils & Meals,($/mt),1214.0,-1.7,-4.03,-8.72,42.99,-0.5
2004-10-01,2004,10,Groundnut oil **,Oils & Meals,($/mt),1213.0,-0.08,-2.73,-10.74,36.6,0.26
2004-11-01,2004,11,Groundnut oil **,Oils & Meals,($/mt),1226.0,1.07,-0.73,-11.74,32.54,0.85
2004-12-01,2004,12,Groundnut oil **,Oils & Meals,($/mt),1234.0,0.65,1.65,-11.98,61.1,0.75
2005-01-01,2005,1,Groundnut oil **,Oils & Meals,($/mt),1235.0,0.08,1.81,-13.82,82.69,0.51
2005-02-01,2005,2,Groundnut oil **,Oils & Meals,($/mt),1235.0,0.0,0.73,-13.82,79.51,0.61
2005-03-01,2005,3,Groundnut oil **,Oils & Meals,($/mt),1235.0,0.0,0.08,-8.92,68.49,0.61
2005-04-01,2005,4,Groundnut oil **,Oils & Meals,($/mt),1223.0,-0.97,-0.97,-7.56,54.81,-0.14
2005-05-01,2005,5,Groundnut oil **,Oils & Meals,($/mt),1213.0,-0.82,-1.78,-8.31,52.77,-0.12
2005-06-01,2005,6,Groundnut oil **,Oils & Meals,($/mt),1199.0,-1.15,-2.91,-5.22,53.13,-0.31
2005-07-01,2005,7,Groundnut oil **,Oils & Meals,($/mt),1179.0,-1.67,-3.6,-5.45,52.72,-1.43
2005-08-01,2005,8,Groundnut oil **,Oils & Meals,($/mt),1165.0,-1.19,-3.96,-5.67,54.51,-0.82
2005-09-01,2005,9,Groundnut oil **,Oils & Meals,($/mt),1168.0,0.26,-2.59,-3.79,53.48,0.82
2005-10-01,2005,10,Groundnut oil **,Oils & Meals,($/mt),1129.0,-3.34,-4.24,-6.92,49.54,-3.64
2005-11-01,2005,11,Groundnut oil **,Oils & Meals,($/mt),1036.0,-8.24,-11.07,-15.5,34.55,-6.39
2005-12-01,2005,12,Groundnut oil **,Oils & Meals,($/mt),1036.0,0.0,-11.3,-16.05,28.38,0.56
2006-01-01,2006,1,Groundnut oil **,Oils & Meals,($/mt),1029.0,-0.68,-8.86,-16.68,26.1,0.31
2006-02-01,2006,2,Groundnut oil **,Oils & Meals,($/mt),993.0,-3.5,-4.15,-19.6,22.44,-0.86
2006-03-01,2006,3,Groundnut oil **,Oils & Meals,($/mt),962.0,-3.12,-7.14,-22.11,23.18,-0.57
2006-04-01,2006,4,Groundnut oil **,Oils & Meals,($/mt),937.0,-2.6,-8.94,-23.39,25.77,-0.24
2006-05-01,2006,5,Groundnut oil **,Oils & Meals,($/mt),937.0,0.0,-5.64,-22.75,28.71,0.95
2006-06-01,2006,6,Groundnut oil **,Oils & Meals,($/mt),957.0,2.13,-0.52,-20.18,31.46,1.8
2006-07-01,2006,7,Groundnut oil **,Oils & Meals,($/mt),991.0,3.55,5.76,-15.95,37.07,2.03
2006-08-01,2006,8,Groundnut oil **,Oils & Meals,($/mt),1042.0,5.15,11.21,-10.56,41.19,2.13
2006-09-01,2006,9,Groundnut oil **,Oils & Meals,($/mt),1079.0,3.55,12.75,-7.62,43.87,1.22
2006-10-01,2006,10,Groundnut oil **,Oils & Meals,($/mt),1102.0,2.13,11.2,-2.39,44.62,0.71
2006-11-01,2006,11,Groundnut oil **,Oils & Meals,($/mt),1102.0,0.0,5.76,6.37,45.0,0.04
2006-12-01,2006,12,Groundnut oil **,Oils & Meals,($/mt),1102.0,0.0,2.13,6.37,42.75,-0.2
2007-01-01,2007,1,Groundnut oil **,Oils & Meals,($/mt),1072.0,-2.72,-2.72,4.18,56.73,-1.17
2007-02-01,2007,2,Groundnut oil **,Oils & Meals,($/mt),1016.0,-5.22,-7.8,2.32,64.67,-1.91
2007-03-01,2007,3,Groundnut oil **,Oils & Meals,($/mt),1055.0,3.84,-4.26,9.67,76.13,1.13
2007-04-01,2007,4,Groundnut oil **,Oils & Meals,($/mt),1078.0,2.18,0.56,15.05,82.71,0.43
2007-05-01,2007,5,Groundnut oil **,Oils & Meals,($/mt),1169.0,8.44,15.06,24.76,94.83,2.43
2007-06-01,2007,6,Groundnut oil **,Oils & Meals,($/mt),1268.0,8.47,20.19,32.5,96.28,1.82
2007-07-01,2007,7,Groundnut oil **,Oils & Meals,($/mt),1405.0,10.8,30.33,41.78,99.29,2.06
2007-08-01,2007,8,Groundnut oil **,Oils & Meals,($/mt),1472.0,4.77,25.92,41.27,93.94,0.36
2007-09-01,2007,9,Groundnut oil **,Oils & Meals,($/mt),1523.0,3.46,20.11,41.15,91.57,0.09
2007-10-01,2007,10,Groundnut oil **,Oils & Meals,($/mt),1633.0,7.22,16.23,48.19,100.12,0.89
2007-11-01,2007,11,Groundnut oil **,Oils & Meals,($/mt),1830.0,12.06,24.32,66.06,110.1,1.78
2007-12-01,2007,12,Groundnut oil **,Oils & Meals,($/mt),1979.0,8.14,29.94,79.58,107.88,0.7
2008-01-01,2008,1,Groundnut oil **,Oils & Meals,($/mt),1984.0,0.25,21.49,85.07,104.54,-0.94
2008-02-01,2008,2,Groundnut oil **,Oils & Meals,($/mt),1984.0,0.0,8.42,95.28,95.28,-1.11
2008-03-01,2008,3,Groundnut oil **,Oils & Meals,($/mt),2075.0,4.59,4.85,96.68,99.71,-0.31
2008-04-01,2008,4,Groundnut oil **,Oils & Meals,($/mt),2126.0,2.46,7.16,97.22,99.81,-0.86
2008-05-01,2008,5,Groundnut oil **,Oils & Meals,($/mt),2253.0,5.97,13.56,92.73,96.43,0.02
2008-06-01,2008,6,Groundnut oil **,Oils & Meals,($/mt),2333.0,3.55,12.43,83.99,88.91,-0.56
2008-07-01,2008,7,Groundnut oil **,Oils & Meals,($/mt),2425.0,3.94,14.06,72.6,92.31,-0.35
2008-08-01,2008,8,Groundnut oil **,Oils & Meals,($/mt),2427.0,0.08,7.72,64.88,86.69,-1.37
2008-09-01,2008,9,Groundnut oil **,Oils & Meals,($/mt),2314.0,-4.66,-0.81,51.94,73.98,-2.48
2008-10-01,2008,10,Groundnut oil **,Oils & Meals,($/mt),2119.0,-8.43,-12.62,29.76,55.92,-2.71
2008-11-01,2008,11,Groundnut oil **,Oils & Meals,($/mt),1933.0,-8.78,-20.35,5.63,39.16,-2.03
2008-12-01,2008,12,Groundnut oil **,Oils & Meals,($/mt),1762.0,-8.85,-23.85,-10.97,25.68,-1.74
2009-01-01,2009,1,Groundnut oil **,Oils & Meals,($/mt),1620.0,-8.06,-23.55,-18.35,13.05,-1.32
2009-02-01,2009,2,Groundnut oil **,Oils & Meals,($/mt),1543.0,-4.75,-20.18,-22.23,7.68,-0.55
2009-03-01,2009,3,Groundnut oil **,Oils & Meals,($/mt),1535.0,-0.52,-12.88,-26.02,13.2,0.24
2009-04-01,2009,4,Groundnut oil **,Oils & Meals,($/mt),1433.0,-6.64,-11.54,-32.6,8.31,-0.77
2009-05-01,2009,5,Groundnut oil **,Oils & Meals,($/mt),1407.0,-1.81,-8.81,-37.55,6.35,0.23
2009-06-01,2009,6,Groundnut oil **,Oils & Meals,($/mt),1339.0,-4.83,-12.77,-42.61,5.85,-0.23
2009-07-01,2009,7,Groundnut oil **,Oils & Meals,($/mt),1323.0,-1.19,-7.68,-45.44,6.09,0.79
2009-08-01,2009,8,Groundnut oil **,Oils & Meals,($/mt),1310.0,-0.98,-6.89,-46.02,6.07,1.16
2009-09-01,2009,9,Groundnut oil **,Oils & Meals,($/mt),1233.0,-5.88,-7.92,-46.72,1.57,-0.29
2009-10-01,2009,10,Groundnut oil **,Oils & Meals,($/mt),1155.0,-6.33,-12.7,-45.49,-4.78,-0.39
2009-11-01,2009,11,Groundnut oil **,Oils & Meals,($/mt),1152.0,-0.26,-12.06,-40.4,-6.04,1.5
2009-12-01,2009,12,Groundnut oil **,Oils & Meals,($/mt),1182.0,2.6,-4.14,-32.92,-4.21,2.2
2010-01-01,2010,1,Groundnut oil **,Oils & Meals,($/mt),1276.0,7.95,10.48,-21.23,3.32,3.41
2010-02-01,2010,2,Groundnut oil **,Oils & Meals,($/mt),1288.0,0.94,11.81,-16.53,4.29,0.67
2010-03-01,2010,3,Groundnut oil **,Oils & Meals,($/mt),1317.0,2.25,11.42,-14.2,6.64,0.87
2010-04-01,2010,4,Groundnut oil **,Oils & Meals,($/mt),1362.0,3.42,6.74,-4.95,11.37,1.06
2010-05-01,2010,5,Groundnut oil **,Oils & Meals,($/mt),1367.0,0.37,6.13,-2.84,12.7,0.17
2010-06-01,2010,6,Groundnut oil **,Oils & Meals,($/mt),1367.0,0.0,3.8,2.09,14.01,0.04
2010-07-01,2010,7,Groundnut oil **,Oils & Meals,($/mt),1367.0,0.0,0.37,3.33,15.95,-0.06
2010-08-01,2010,8,Groundnut oil **,Oils & Meals,($/mt),1384.0,1.24,1.24,5.65,18.8,0.24
2010-09-01,2010,9,Groundnut oil **,Oils & Meals,($/mt),1427.0,3.11,4.39,15.73,22.17,0.68
2010-10-01,2010,10,Groundnut oil **,Oils & Meals,($/mt),1471.0,3.08,7.61,27.36,30.29,0.55
2010-11-01,2010,11,Groundnut oil **,Oils & Meals,($/mt),1543.0,4.89,11.49,33.94,48.94,1.24
2010-12-01,2010,12,Groundnut oil **,Oils & Meals,($/mt),1644.0,6.55,15.21,39.09,58.69,1.76
2011-01-01,2011,1,Groundnut oil **,Oils & Meals,($/mt),1653.0,0.55,12.37,29.55,60.64,-0.88
2011-02-01,2011,2,Groundnut oil **,Oils & Meals,($/mt),1653.0,0.0,7.13,28.34,66.47,-1.06
2011-03-01,2011,3,Groundnut oil **,Oils & Meals,($/mt),1637.0,-0.97,-0.43,24.3,70.17,-1.44
2011-04-01,2011,4,Groundnut oil **,Oils & Meals,($/mt),1631.0,-0.37,-1.33,19.75,74.07,-0.96
2011-05-01,2011,5,Groundnut oil **,Oils & Meals,($/mt),1632.0,0.06,-1.27,19.39,74.17,-0.63
2011-06-01,2011,6,Groundnut oil **,Oils & Meals,($/mt),1701.0,4.23,3.91,24.43,77.74,1.15
2011-07-01,2011,7,Groundnut oil **,Oils & Meals,($/mt),1946.0,14.4,19.31,42.36,96.37,5.16
2011-08-01,2011,8,Groundnut oil **,Oils & Meals,($/mt),2076.0,6.68,27.21,50.0,99.23,0.84
2011-09-01,2011,9,Groundnut oil **,Oils & Meals,($/mt),2113.0,1.78,24.22,48.07,95.83,-0.4
2011-10-01,2011,10,Groundnut oil **,Oils & Meals,($/mt),2116.0,0.14,8.74,43.85,92.01,-0.74
2011-11-01,2011,11,Groundnut oil **,Oils & Meals,($/mt),2116.0,0.0,1.93,37.14,92.01,-0.71
2011-12-01,2011,12,Groundnut oil **,Oils & Meals,($/mt),2116.0,0.0,0.14,28.71,92.01,-0.61
2012-01-01,2012,1,Groundnut oil **,Oils & Meals,($/mt),2116.0,0.0,0.0,28.01,97.39,-0.5
2012-02-01,2012,2,Groundnut oil **,Oils & Meals,($/mt),2116.0,0.0,0.0,28.01,108.27,-0.49
2012-03-01,2012,3,Groundnut oil **,Oils & Meals,($/mt),2138.0,1.04,1.04,30.6,102.65,-0.25
2012-04-01,2012,4,Groundnut oil **,Oils & Meals,($/mt),2275.0,6.41,7.51,39.48,111.04,0.93
2012-05-01,2012,5,Groundnut oil **,Oils & Meals,($/mt),2408.0,5.85,13.8,47.55,105.99,0.67
2012-06-01,2012,6,Groundnut oil **,Oils & Meals,($/mt),2425.0,0.71,13.42,42.56,91.25,-0.61
2012-07-01,2012,7,Groundnut oil **,Oils & Meals,($/mt),2450.0,1.03,7.69,25.9,74.38,-0.46
2012-08-01,2012,8,Groundnut oil **,Oils & Meals,($/mt),2469.0,0.78,2.53,18.93,67.73,-0.45
2012-09-01,2012,9,Groundnut oil **,Oils & Meals,($/mt),2469.0,0.0,1.81,16.85,62.11,-0.66
2012-10-01,2012,10,Groundnut oil **,Oils & Meals,($/mt),2469.0,0.0,0.78,16.68,51.19,-0.58
2012-11-01,2012,11,Groundnut oil **,Oils & Meals,($/mt),2469.0,0.0,0.0,16.68,34.92,-0.58
2012-12-01,2012,12,Groundnut oil **,Oils & Meals,($/mt),2502.0,1.34,1.34,18.24,26.43,0.01
2013-01-01,2013,1,Groundnut oil **,Oils & Meals,($/mt),2271.0,-9.23,-8.02,7.33,14.47,-4.73
2013-02-01,2013,2,Groundnut oil **,Oils & Meals,($/mt),1822.0,-19.77,-26.2,-13.89,-8.17,-5.35
2013-03-01,2013,3,Groundnut oil **,Oils & Meals,($/mt),1764.0,-3.18,-29.5,-17.49,-14.99,-0.31
2013-04-01,2013,4,Groundnut oil **,Oils & Meals,($/mt),1764.0,0.0,-22.32,-22.46,-17.03,0.19
2013-05-01,2013,5,Groundnut oil **,Oils & Meals,($/mt),1781.0,0.96,-2.25,-26.04,-20.95,0.43
2013-06-01,2013,6,Groundnut oil **,Oils & Meals,($/mt),1808.0,1.52,2.49,-25.44,-22.5,0.61
2013-07-01,2013,7,Groundnut oil **,Oils & Meals,($/mt),1816.0,0.44,2.95,-25.88,-25.11,0.42
2013-08-01,2013,8,Groundnut oil **,Oils & Meals,($/mt),1808.0,-0.44,1.52,-26.77,-25.5,0.29
2013-09-01,2013,9,Groundnut oil **,Oils & Meals,($/mt),1798.0,-0.55,-0.55,-27.18,-22.3,0.29
2013-10-01,2013,10,Groundnut oil **,Oils & Meals,($/mt),1765.0,-1.84,-2.81,-28.51,-16.71,0.09
2013-11-01,2013,11,Groundnut oil **,Oils & Meals,($/mt),1755.0,-0.57,-2.93,-28.92,-9.21,0.32
2013-12-01,2013,12,Groundnut oil **,Oils & Meals,($/mt),1698.0,-3.25,-5.56,-32.13,-3.63,-0.1
2014-01-01,2014,1,Groundnut oil **,Oils & Meals,($/mt),1561.0,-8.07,-11.56,-31.26,-3.64,-0.84
2014-02-01,2014,2,Groundnut oil **,Oils & Meals,($/mt),1410.0,-9.67,-19.66,-22.61,-8.62,-1.15
2014-03-01,2014,3,Groundnut oil **,Oils & Meals,($/mt),1367.0,-3.05,-19.49,-22.51,-10.94,-0.28
2014-04-01,2014,4,Groundnut oil **,Oils & Meals,($/mt),1367.0,0.0,-12.43,-22.51,-4.61,0.58
2014-05-01,2014,5,Groundnut oil **,Oils & Meals,($/mt),1367.0,0.0,-3.05,-23.25,-2.84,0.58
2014-06-01,2014,6,Groundnut oil **,Oils & Meals,($/mt),1367.0,0.0,0.0,-24.39,2.09,0.61
2014-07-01,2014,7,Groundnut oil **,Oils & Meals,($/mt),1373.0,0.44,0.44,-24.39,3.78,0.81
2014-08-01,2014,8,Groundnut oil **,Oils & Meals,($/mt),1389.0,1.17,1.61,-23.17,6.03,1.02
2014-09-01,2014,9,Groundnut oil **,Oils & Meals,($/mt),1389.0,0.0,1.61,-22.75,12.65,0.61
2014-10-01,2014,10,Groundnut oil **,Oils & Meals,($/mt),1389.0,0.0,1.17,-21.3,20.26,0.6
2014-11-01,2014,11,Groundnut oil **,Oils & Meals,($/mt),1389.0,0.0,0.0,-20.85,20.57,0.54
2014-12-01,2014,12,Groundnut oil **,Oils & Meals,($/mt),1373.0,-1.15,-1.15,-19.14,16.16,0.2
2015-01-01,2015,1,Groundnut oil **,Oils & Meals,($/mt),1350.0,-1.68,-2.81,-13.52,5.8,0.01
2015-02-01,2015,2,Groundnut oil **,Oils & Meals,($/mt),1345.0,-0.37,-3.17,-4.61,4.43,0.27
2015-03-01,2015,3,Groundnut oil **,Oils & Meals,($/mt),1345.0,0.0,-2.04,-1.61,2.13,0.35
2015-04-01,2015,4,Groundnut oil **,Oils & Meals,($/mt),1345.0,0.0,-0.37,-1.61,-1.25,0.19
2015-05-01,2015,5,Groundnut oil **,Oils & Meals,($/mt),1345.0,0.0,0.0,-1.61,-1.61,0.19
2015-06-01,2015,6,Groundnut oil **,Oils & Meals,($/mt),1366.0,1.56,1.56,-0.07,-0.07,2.37
2015-07-01,2015,7,Groundnut oil **,Oils & Meals,($/mt),1389.0,1.68,3.27,1.17,1.61,1.95
2015-08-01,2015,8,Groundnut oil **,Oils & Meals,($/mt),1392.0,0.22,3.49,0.22,0.58,0.12
2015-09-01,2015,9,Groundnut oil **,Oils & Meals,($/mt),1400.0,0.57,2.49,0.79,-1.89,0.59
2015-10-01,2015,10,Groundnut oil **,Oils & Meals,($/mt),1400.0,0.0,0.79,0.79,-4.83,-0.07
2015-11-01,2015,11,Groundnut oil **,Oils & Meals,($/mt),1413.0,0.93,1.51,1.73,-8.43,0.91
2015-12-01,2015,12,Groundnut oil **,Oils & Meals,($/mt),1446.0,2.34,3.29,5.32,-12.04,2.24
2016-01-01,2016,1,Groundnut oil **,Oils & Meals,($/mt),1360.0,-5.95,-2.86,0.74,-17.73,-5.96
2016-02-01,2016,2,Groundnut oil **,Oils & Meals,($/mt),1317.0,-3.16,-6.79,-2.08,-20.33,-1.56
2016-03-01,2016,3,Groundnut oil **,Oils & Meals,($/mt),1301.0,-1.21,-10.03,-3.27,-20.53,-0.47
2016-04-01,2016,4,Groundnut oil **,Oils & Meals,($/mt),1314.0,1.0,-3.38,-2.3,-19.44,0.54
2016-05-01,2016,5,Groundnut oil **,Oils & Meals,($/mt),1323.0,0.68,0.46,-1.64,-18.93,0.37
2016-06-01,2016,6,Groundnut oil **,Oils & Meals,($/mt),1366.0,3.25,5.0,0.0,-19.69,1.44
2016-07-01,2016,7,Groundnut oil **,Oils & Meals,($/mt),1415.0,3.59,7.69,1.87,-27.29,1.43
2016-08-01,2016,8,Groundnut oil **,Oils & Meals,($/mt),1433.0,1.27,8.31,2.95,-30.97,0.41
2016-09-01,2016,9,Groundnut oil **,Oils & Meals,($/mt),1433.0,0.0,4.9,2.36,-32.18,-0.1
2016-10-01,2016,10,Groundnut oil **,Oils & Meals,($/mt),1433.0,0.0,1.27,2.36,-32.28,-0.08
2016-11-01,2016,11,Groundnut oil **,Oils & Meals,($/mt),1433.0,0.0,0.0,1.42,-32.28,-0.08
2016-12-01,2016,12,Groundnut oil **,Oils & Meals,($/mt),1439.0,0.42,0.42,-0.48,-31.99,0.1
2017-01-01,2017,1,Groundnut oil **,Oils & Meals,($/mt),1428.0,-0.76,-0.35,5.0,-32.51,-0.29
2017-02-01,2017,2,Groundnut oil **,Oils & Meals,($/mt),1360.0,-4.76,-5.09,3.26,-35.73,-2.84
2017-03-01,2017,3,Groundnut oil **,Oils & Meals,($/mt),1399.0,2.87,-2.78,7.53,-34.57,1.2
2017-04-01,2017,4,Groundnut oil **,Oils & Meals,($/mt),1421.0,1.57,-0.49,8.14,-37.54,0.43
2017-05-01,2017,5,Groundnut oil **,Oils & Meals,($/mt),1453.0,2.25,6.84,9.83,-39.66,0.71
2017-06-01,2017,6,Groundnut oil **,Oils & Meals,($/mt),1463.0,0.69,4.57,7.1,-39.67,-0.05
2017-07-01,2017,7,Groundnut oil **,Oils & Meals,($/mt),1497.0,2.32,5.35,5.8,-38.9,0.81
2017-08-01,2017,8,Groundnut oil **,Oils & Meals,($/mt),1510.0,0.87,3.92,5.37,-38.84,0.19
2017-09-01,2017,9,Groundnut oil **,Oils & Meals,($/mt),1505.0,-0.33,2.87,5.02,-39.04,-0.4
2017-10-01,2017,10,Groundnut oil **,Oils & Meals,($/mt),1481.0,-1.59,-1.07,3.35,-40.02,-1.01
2017-11-01,2017,11,Groundnut oil **,Oils & Meals,($/mt),1502.0,1.42,-0.53,4.82,-39.17,0.54
2017-12-01,2017,12,Groundnut oil **,Oils & Meals,($/mt),1510.0,0.53,0.33,4.93,-39.65,0.06
2018-01-01,2018,1,Groundnut oil **,Oils & Meals,($/mt),1433.0,-5.1,-3.24,0.35,-36.9,-2.63
2018-02-01,2018,2,Groundnut oil **,Oils & Meals,($/mt),1433.0,0.0,-4.59,5.37,-21.35,-0.02
2018-03-01,2018,3,Groundnut oil **,Oils & Meals,($/mt),1436.0,0.21,-4.9,2.64,-18.59,-0.12
2018-04-01,2018,4,Groundnut oil **,Oils & Meals,($/mt),1444.0,0.56,0.77,1.62,-18.14,0.16
2018-05-01,2018,5,Groundnut oil **,Oils & Meals,($/mt),1444.0,0.0,0.77,-0.62,-18.92,-0.08
2018-06-01,2018,6,Groundnut oil **,Oils & Meals,($/mt),1462.0,1.25,1.81,-0.07,-19.14,0.69
2018-07-01,2018,7,Groundnut oil **,Oils & Meals,($/mt),1477.0,1.03,2.29,-1.34,-18.67,0.54
2018-08-01,2018,8,Groundnut oil **,Oils & Meals,($/mt),1477.0,0.0,2.29,-2.19,-18.31,0.05
2018-09-01,2018,9,Groundnut oil **,Oils & Meals,($/mt),1442.0,-2.37,-1.37,-4.19,-19.8,-1.26
2018-10-01,2018,10,Groundnut oil **,Oils & Meals,($/mt),1432.0,-0.69,-3.05,-3.31,-18.87,-0.19
2018-11-01,2018,11,Groundnut oil **,Oils & Meals,($/mt),1438.0,0.42,-2.64,-4.26,-18.06,0.38
2018-12-01,2018,12,Groundnut oil **,Oils & Meals,($/mt),1435.0,-0.21,-0.49,-4.97,-15.49,0.08
2019-01-01,2019,1,Groundnut oil **,Oils & Meals,($/mt),1380.0,-3.83,-3.63,-3.7,-11.6,-1.97
2019-02-01,2019,2,Groundnut oil **,Oils & Meals,($/mt),1370.0,-0.72,-4.73,-4.4,-2.84,-0.29
2019-03-01,2019,3,Groundnut oil **,Oils & Meals,($/mt),1370.0,0.0,-4.53,-4.6,0.22,0.25
2019-04-01,2019,4,Groundnut oil **,Oils & Meals,($/mt),1378.0,0.58,-0.14,-4.57,0.8,0.67
2019-05-01,2019,5,Groundnut oil **,Oils & Meals,($/mt),1393.0,1.09,1.68,-3.53,1.9,1.02
2019-06-01,2019,6,Groundnut oil **,Oils & Meals,($/mt),1392.0,-0.07,1.61,-4.79,1.83,0.14
2019-07-01,2019,7,Groundnut oil **,Oils & Meals,($/mt),1438.0,3.3,4.35,-2.64,4.73,2.61
2019-08-01,2019,8,Groundnut oil **,Oils & Meals,($/mt),1458.0,1.39,4.67,-1.29,4.97,0.92
2019-09-01,2019,9,Groundnut oil **,Oils & Meals,($/mt),1458.0,0.0,4.74,1.11,4.97,0.05
2019-10-01,2019,10,Groundnut oil **,Oils & Meals,($/mt),1459.0,0.07,1.46,1.89,5.04,-0.02
2019-11-01,2019,11,Groundnut oil **,Oils & Meals,($/mt),1388.0,-4.87,-4.8,-3.48,-0.07,-3.08
2019-12-01,2019,12,Groundnut oil **,Oils & Meals,($/mt),1405.0,1.22,-3.64,-2.09,2.33,0.69
2020-01-01,2020,1,Groundnut oil **,Oils & Meals,($/mt),1371.0,-2.42,-6.03,-0.65,1.56,-1.02
2020-02-01,2020,2,Groundnut oil **,Oils & Meals,($/mt),1393.0,1.6,0.36,1.68,3.57,0.8
2020-03-01,2020,3,Groundnut oil **,Oils & Meals,($/mt),1413.0,1.44,0.57,3.14,5.06,0.61
2020-04-01,2020,4,Groundnut oil **,Oils & Meals,($/mt),1527.0,8.07,11.38,10.81,13.53,3.69
2020-05-01,2020,5,Groundnut oil **,Oils & Meals,($/mt),1588.0,3.99,14.0,14.0,18.07,1.0
2020-06-01,2020,6,Groundnut oil **,Oils & Meals,($/mt),1713.0,7.87,21.23,23.06,25.4,2.09
2020-07-01,2020,7,Groundnut oil **,Oils & Meals,($/mt),1877.0,9.57,22.92,30.53,35.13,2.09
2020-08-01,2020,8,Groundnut oil **,Oils & Meals,($/mt),1877.0,0.0,18.2,28.74,34.84,-0.54
2020-09-01,2020,9,Groundnut oil **,Oils & Meals,($/mt),1881.0,0.21,9.81,29.01,34.36,-0.46
2020-10-01,2020,10,Groundnut oil **,Oils & Meals,($/mt),1878.0,-0.16,0.05,28.72,34.14,-0.55
2020-11-01,2020,11,Groundnut oil **,Oils & Meals,($/mt),1879.0,0.05,0.11,35.37,32.98,-0.49
2020-12-01,2020,12,Groundnut oil **,Oils & Meals,($/mt),1977.0,5.22,5.1,40.71,36.72,0.67
2021-01-01,2021,1,Groundnut oil **,Oils & Meals,($/mt),1989.0,0.61,5.91,45.08,46.25,-0.6
2021-02-01,2021,2,Groundnut oil **,Oils & Meals,($/mt),1993.0,0.2,6.07,43.07,51.33,-0.83
2021-03-01,2021,3,Groundnut oil **,Oils & Meals,($/mt),2006.0,0.65,1.47,41.97,54.19,-0.66
2021-04-01,2021,4,Groundnut oil **,Oils & Meals,($/mt),2021.0,0.75,1.61,32.35,53.81,-0.61
2021-05-01,2021,5,Groundnut oil **,Oils & Meals,($/mt),2072.0,2.52,3.96,30.48,56.61,0.03
2021-06-01,2021,6,Groundnut oil **,Oils & Meals,($/mt),2079.0,0.34,3.64,21.37,52.2,-0.58
2021-07-01,2021,7,Groundnut oil **,Oils & Meals,($/mt),2092.0,0.63,3.51,11.45,47.84,-0.36
2021-08-01,2021,8,Groundnut oil **,Oils & Meals,($/mt),2102.0,0.48,1.45,11.99,46.69,-0.29
2021-09-01,2021,9,Groundnut oil **,Oils & Meals,($/mt),2109.0,0.33,1.44,12.12,47.17,-0.42
2021-10-01,2021,10,Groundnut oil **,Oils & Meals,($/mt),2134.0,1.19,2.01,13.63,48.92,0.15
2021-11-01,2021,11,Groundnut oil **,Oils & Meals,($/mt),2150.0,0.75,2.28,14.42,50.03,-0.23
2021-12-01,2021,12,Groundnut oil **,Oils & Meals,($/mt),2154.0,0.19,2.13,8.95,49.69,-0.67
2022-01-01,2022,1,Groundnut oil **,Oils & Meals,($/mt),2490.0,15.6,16.68,25.19,74.37,23.51
2022-02-01,2022,2,Groundnut oil **,Oils & Meals,($/mt),2473.0,-0.68,15.02,24.08,81.84,-0.61
2022-03-01,2022,3,Groundnut oil **,Oils & Meals,($/mt),2153.0,-12.94,-0.05,7.33,53.9,-3.39
2022-04-01,2022,4,Groundnut oil **,Oils & Meals,($/mt),2145.0,-0.37,-13.86,6.14,50.95,-0.18
2022-05-01,2022,5,Groundnut oil **,Oils & Meals,($/mt),2146.0,0.05,-13.22,3.57,47.69,-0.1
2022-06-01,2022,6,Groundnut oil **,Oils & Meals,($/mt),2146.0,0.0,-0.33,3.22,46.68,-0.08
2022-07-01,2022,7,Groundnut oil **,Oils & Meals,($/mt),2146.0,0.0,0.05,2.58,43.35,-0.07
2022-08-01,2022,8,Groundnut oil **,Oils & Meals,($/mt),2146.0,0.0,0.0,2.09,42.12,-0.06
2022-09-01,2022,9,Groundnut oil **,Oils & Meals,($/mt),2146.0,0.0,0.0,1.75,42.59,-0.06
2022-10-01,2022,10,Groundnut oil **,Oils & Meals,($/mt),2146.0,0.0,0.0,0.56,44.9,-0.05
2022-11-01,2022,11,Groundnut oil **,Oils & Meals,($/mt),2146.0,0.0,0.0,-0.19,42.88,-0.04
2022-12-01,2022,12,Groundnut oil **,Oils & Meals,($/mt),2146.0,0.0,0.0,-0.37,42.12,-0.03
2023-01-01,2023,1,Groundnut oil **,Oils & Meals,($/mt),1971.0,-8.15,-8.15,-20.84,37.54,-1.36
2023-02-01,2023,2,Groundnut oil **,Oils & Meals,($/mt),2043.0,3.65,-4.8,-17.39,42.57,1.31
2023-03-01,2023,3,Groundnut oil **,Oils & Meals,($/mt),2100.0,2.79,-2.14,-2.46,46.24,0.95
2023-04-01,2023,4,Groundnut oil **,Oils & Meals,($/mt),2088.0,-0.57,5.94,-2.66,44.6,-0.14
2023-05-01,2023,5,Groundnut oil **,Oils & Meals,($/mt),2017.0,-3.4,-1.27,-6.01,39.68,-1.14
2023-06-01,2023,6,Groundnut oil **,Oils & Meals,($/mt),1971.0,-2.28,-6.14,-8.15,34.82,-0.61
2023-07-01,2023,7,Groundnut oil **,Oils & Meals,($/mt),2159.0,9.54,3.4,0.61,46.17,3.39
2023-08-01,2023,8,Groundnut oil **,Oils & Meals,($/mt),2174.0,0.69,7.78,1.3,47.19,0.13
2023-09-01,2023,9,Groundnut oil **,Oils & Meals,($/mt),2106.0,-3.13,6.85,-1.86,46.05,-0.79
2023-10-01,2023,10,Groundnut oil **,Oils & Meals,($/mt),1954.0,-7.22,-9.5,-8.95,36.45,-1.65
2023-11-01,2023,11,Groundnut oil **,Oils & Meals,($/mt),1892.0,-3.17,-12.97,-11.84,31.57,-0.52
2023-12-01,2023,12,Groundnut oil **,Oils & Meals,($/mt),1940.0,2.54,-7.88,-9.6,35.19,0.72
2024-01-01,2024,1,Groundnut oil **,Oils & Meals,($/mt),1896.0,-2.27,-2.97,-3.81,37.39,-0.31
2024-02-01,2024,2,Groundnut oil **,Oils & Meals,($/mt),1809.0,-4.59,-4.39,-11.45,32.04,-0.99
2024-03-01,2024,3,Groundnut oil **,Oils & Meals,($/mt),1822.0,0.72,-6.08,-13.24,32.99,0.37
2024-04-01,2024,4,Groundnut oil **,Oils & Meals,($/mt),1820.0,-0.11,-4.01,-12.84,32.08,0.23
2024-05-01,2024,5,Groundnut oil **,Oils & Meals,($/mt),1838.0,0.99,1.6,-8.87,31.95,0.48
2024-06-01,2024,6,Groundnut oil **,Oils & Meals,($/mt),1810.0,-1.52,-0.66,-8.17,30.03,-0.2
2024-07-01,2024,7,Groundnut oil **,Oils & Meals,($/mt),1851.0,2.27,1.7,-14.27,28.72,0.69
2024-08-01,2024,8,Groundnut oil **,Oils & Meals,($/mt),1758.0,-5.02,-4.35,-19.14,20.58,-1.28
2024-09-01,2024,9,Groundnut oil **,Oils & Meals,($/mt),1771.0,0.74,-2.15,-15.91,21.47,0.8
2024-10-01,2024,10,Groundnut oil **,Oils & Meals,($/mt),1750.0,-1.19,-5.46,-10.44,19.95,0.06
2024-11-01,2024,11,Groundnut oil **,Oils & Meals,($/mt),1734.0,-0.91,-1.37,-8.35,24.93,-0.01
2024-12-01,2024,12,Groundnut oil **,Oils & Meals,($/mt),1688.0,-2.65,-4.69,-12.99,20.14,-0.81
2025-01-01,2025,1,Groundnut oil **,Oils & Meals,($/mt),1661.0,-1.6,-5.09,-12.39,21.15,-0.21
2025-02-01,2025,2,Groundnut oil **,Oils & Meals,($/mt),1664.0,0.18,-4.04,-8.02,19.45,0.57
2025-03-01,2025,3,Groundnut oil **,Oils & Meals,($/mt),1676.0,0.72,-0.71,-8.01,18.61,0.72
2025-04-01,2025,4,Groundnut oil **,Oils & Meals,($/mt),1679.0,0.18,1.08,-7.75,9.95,0.44
2025-05-01,2025,5,Groundnut oil **,Oils & Meals,($/mt),1687.0,0.48,1.38,-8.22,6.23,0.58
2025-06-01,2025,6,Groundnut oil **,Oils & Meals,($/mt),1697.0,0.59,1.25,-6.24,-0.93,0.67
2025-07-01,2025,7,Groundnut oil **,Oils & Meals,($/mt),1727.0,1.77,2.86,-6.7,-7.99,1.19
2025-08-01,2025,8,Groundnut oil **,Oils & Meals,($/mt),1665.0,-3.59,-1.3,-5.29,-11.29,-1.63
2025-09-01,2025,9,Groundnut oil **,Oils & Meals,($/mt),1610.0,-3.3,-5.13,-9.09,-14.41,-1.82
2025-10-01,2025,10,Groundnut oil **,Oils & Meals,($/mt),1628.0,1.12,-5.73,-6.97,-13.31,1.1
2025-11-01,2025,11,Groundnut oil **,Oils & Meals,($/mt),1678.0,3.07,0.78,-3.23,-10.7,2.03
2025-12-01,2025,12,Groundnut oil **,Oils & Meals,($/mt),1621.0,-3.4,0.68,-3.97,-18.01,-1.51
2026-01-01,2026,1,Groundnut oil **,Oils & Meals,($/mt),1723.0,6.29,5.84,3.73,-13.37,3.05
2026-02-01,2026,2,Groundnut oil **,Oils & Meals,($/mt),1800.0,4.47,7.27,8.17,-9.68,1.45
2026-03-01,2026,3,Groundnut oil **,Oils & Meals,($/mt),1682.0,-6.56,3.76,0.36,-16.15,-2.36
2026-04-01,2026,4,Groundnut oil **,Oils & Meals,($/mt),1906.0,13.32,10.62,13.52,-5.69,3.56
2026-05-01,2026,5,Groundnut oil **,Oils & Meals,($/mt),1831.0,-3.93,1.72,8.54,-11.63,-0.96
2026-06-01,2026,6,Groundnut oil **,Oils & Meals,($/mt),1790.0,-2.24,6.42,5.48,-13.9,-0.55
2026-07-01,2026,7,Groundnut oil **,Oils & Meals,($/mt),1691.0,-5.53,-11.28,-2.08,-19.17,-1.09
2026-08-01,2026,8,Groundnut oil **,Oils & Meals,($/mt),1833.0,8.4,0.11,10.09,-12.8,1.44
2026-09-01,2026,9,Groundnut oil **,Oils & Meals,($/mt),1860.0,1.47,3.91,15.53,-11.81,0.08
1980-01-01,1980,1,Groundnuts,Oils & Meals,($/mt),869.0,,,,,
1980-02-01,1980,2,Groundnuts,Oils & Meals,($/mt),887.0,2.07,,,,
1980-03-01,1980,3,Groundnuts,Oils & Meals,($/mt),895.0,0.9,,,,
1980-04-01,1980,4,Groundnuts,Oils & Meals,($/mt),900.0,0.56,3.57,,,
1980-05-01,1980,5,Groundnuts,Oils & Meals,($/mt),918.0,2.0,3.49,,,
1980-06-01,1980,6,Groundnuts,Oils & Meals,($/mt),925.0,0.76,3.35,,,
1980-07-01,1980,7,Groundnuts,Oils & Meals,($/mt),880.0,-4.86,-2.22,,,
1980-08-01,1980,8,Groundnuts,Oils & Meals,($/mt),940.0,6.82,2.4,,,2.55
1980-09-01,1980,9,Groundnuts,Oils & Meals,($/mt),1200.0,27.66,29.73,,,7.73
1980-10-01,1980,10,Groundnuts,Oils & Meals,($/mt),1700.0,41.67,93.18,,,3.76
1980-11-01,1980,11,Groundnuts,Oils & Meals,($/mt),2400.0,41.18,155.32,,,2.11
1980-12-01,1980,12,Groundnuts,Oils & Meals,($/mt),2325.0,-3.12,93.75,,,-0.84
1981-01-01,1981,1,Groundnuts,Oils & Meals,($/mt),2000.0,-13.98,17.65,130.15,,-1.4
1981-02-01,1981,2,Groundnuts,Oils & Meals,($/mt),1500.0,-25.0,-37.5,69.11,,-1.84
1981-03-01,1981,3,Groundnuts,Oils & Meals,($/mt),1400.0,-6.67,-39.78,56.42,,-0.63
1981-04-01,1981,4,Groundnuts,Oils & Meals,($/mt),1410.0,0.71,-29.5,56.67,,-0.23
1981-05-01,1981,5,Groundnuts,Oils & Meals,($/mt),1408.0,-0.14,-6.13,53.38,,-0.28
1981-06-01,1981,6,Groundnuts,Oils & Meals,($/mt),1226.0,-12.93,-12.43,32.54,,-0.88
1981-07-01,1981,7,Groundnuts,Oils & Meals,($/mt),1175.0,-4.16,-16.67,33.52,,-0.39
1981-08-01,1981,8,Groundnuts,Oils & Meals,($/mt),1094.0,-6.89,-22.3,16.38,,-0.52
1981-09-01,1981,9,Groundnuts,Oils & Meals,($/mt),1046.0,-4.39,-14.68,-12.83,,-0.35
1981-10-01,1981,10,Groundnuts,Oils & Meals,($/mt),978.0,-6.5,-16.77,-42.47,,-0.35
1981-11-01,1981,11,Groundnuts,Oils & Meals,($/mt),948.0,-3.07,-13.35,-60.5,,0.03
1981-12-01,1981,12,Groundnuts,Oils & Meals,($/mt),904.0,-4.64,-13.58,-61.12,,0.36
1982-01-01,1982,1,Groundnuts,Oils & Meals,($/mt),898.0,-0.66,-8.18,-55.1,,0.94
1982-02-01,1982,2,Groundnuts,Oils & Meals,($/mt),868.0,-3.34,-8.44,-42.13,,0.41
1982-03-01,1982,3,Groundnuts,Oils & Meals,($/mt),855.0,-1.5,-5.42,-38.93,,0.78
1982-04-01,1982,4,Groundnuts,Oils & Meals,($/mt),838.0,-1.99,-6.68,-40.57,,0.53
1982-05-01,1982,5,Groundnuts,Oils & Meals,($/mt),802.0,-4.3,-7.6,-43.04,,-0.03
1982-06-01,1982,6,Groundnuts,Oils & Meals,($/mt),770.0,-3.99,-9.94,-37.19,,0.17
1982-07-01,1982,7,Groundnuts,Oils & Meals,($/mt),798.0,3.64,-4.77,-32.09,,4.02
1982-08-01,1982,8,Groundnuts,Oils & Meals,($/mt),770.0,-3.51,-3.99,-29.62,,-0.13
1982-09-01,1982,9,Groundnuts,Oils & Meals,($/mt),750.0,-2.6,-2.6,-28.3,,0.1
1982-10-01,1982,10,Groundnuts,Oils & Meals,($/mt),851.0,13.47,6.64,-12.99,,6.42
1982-11-01,1982,11,Groundnuts,Oils & Meals,($/mt),868.0,2.0,12.73,-8.44,,0.6
1982-12-01,1982,12,Groundnuts,Oils & Meals,($/mt),862.0,-0.69,14.93,-4.65,,-0.01
1983-01-01,1983,1,Groundnuts,Oils & Meals,($/mt),840.0,-2.55,-1.29,-6.46,,-0.46
1983-02-01,1983,2,Groundnuts,Oils & Meals,($/mt),820.0,-2.38,-5.53,-5.53,,-0.39
1983-03-01,1983,3,Groundnuts,Oils & Meals,($/mt),815.0,-0.61,-5.45,-4.68,,-0.05
1983-04-01,1983,4,Groundnuts,Oils & Meals,($/mt),836.0,2.58,-0.48,-0.24,,0.58
1983-05-01,1983,5,Groundnuts,Oils & Meals,($/mt),825.0,-1.32,0.61,2.87,,-0.28
1983-06-01,1983,6,Groundnuts,Oils & Meals,($/mt),831.0,0.73,1.96,7.92,,0.08
1983-07-01,1983,7,Groundnuts,Oils & Meals,($/mt),832.0,0.12,-0.48,4.26,,-0.13
1983-08-01,1983,8,Groundnuts,Oils & Meals,($/mt),950.0,14.18,15.15,23.38,,3.05
1983-09-01,1983,9,Groundnuts,Oils & Meals,($/mt),1300.0,36.84,56.44,73.33,,6.01
1983-10-01,1983,10,Groundnuts,Oils & Meals,($/mt),1275.0,-1.92,53.25,49.82,,-0.62
1983-11-01,1983,11,Groundnuts,Oils & Meals,($/mt),1140.0,-10.59,20.0,31.34,,-1.28
1983-12-01,1983,12,Groundnuts,Oils & Meals,($/mt),1120.0,-1.75,-13.85,29.93,,-0.38
1984-01-01,1984,1,Groundnuts,Oils & Meals,($/mt),1080.0,-3.57,-15.29,28.57,,-0.53
1984-02-01,1984,2,Groundnuts,Oils & Meals,($/mt),960.0,-11.11,-15.79,17.07,,-1.14
1984-03-01,1984,3,Groundnuts,Oils & Meals,($/mt),975.0,1.56,-12.95,19.63,,-0.03
1984-04-01,1984,4,Groundnuts,Oils & Meals,($/mt),950.0,-2.56,-12.04,13.64,,-0.37
1984-05-01,1984,5,Groundnuts,Oils & Meals,($/mt),910.0,-4.21,-5.21,10.3,,-0.46
1984-06-01,1984,6,Groundnuts,Oils & Meals,($/mt),923.0,1.43,-5.33,11.07,,-0.0
1984-07-01,1984,7,Groundnuts,Oils & Meals,($/mt),840.0,-8.99,-11.58,0.96,,-0.82
1984-08-01,1984,8,Groundnuts,Oils & Meals,($/mt),700.0,-16.67,-23.08,-26.32,,-1.32
1984-09-01,1984,9,Groundnuts,Oils & Meals,($/mt),630.0,-10.0,-31.74,-51.54,,-0.61
1984-10-01,1984,10,Groundnuts,Oils & Meals,($/mt),655.0,3.97,-22.02,-48.63,,1.71
1984-11-01,1984,11,Groundnuts,Oils & Meals,($/mt),720.0,9.92,2.86,-36.84,,2.42
1984-12-01,1984,12,Groundnuts,Oils & Meals,($/mt),696.0,-3.33,10.48,-37.86,,0.02
1985-01-01,1985,1,Groundnuts,Oils & Meals,($/mt),682.0,-2.01,4.12,-36.85,-21.52,0.22
1985-02-01,1985,2,Groundnuts,Oils & Meals,($/mt),665.0,-2.49,-7.64,-30.73,-25.03,0.14
1985-03-01,1985,3,Groundnuts,Oils & Meals,($/mt),680.0,2.26,-2.3,-30.26,-24.02,0.73
1985-04-01,1985,4,Groundnuts,Oils & Meals,($/mt),739.0,8.68,8.36,-22.21,-17.89,1.63
1985-05-01,1985,5,Groundnuts,Oils & Meals,($/mt),768.0,3.92,15.49,-15.6,-16.34,0.74
1985-06-01,1985,6,Groundnuts,Oils & Meals,($/mt),760.0,-1.04,11.76,-17.66,-17.84,0.01
1985-07-01,1985,7,Groundnuts,Oils & Meals,($/mt),665.0,-12.5,-10.01,-20.83,-24.43,-1.43
1985-08-01,1985,8,Groundnuts,Oils & Meals,($/mt),615.0,-7.52,-19.92,-12.14,-34.57,-0.72
1985-09-01,1985,9,Groundnuts,Oils & Meals,($/mt),585.0,-4.88,-23.03,-7.14,-51.25,-0.58
1985-10-01,1985,10,Groundnuts,Oils & Meals,($/mt),622.0,6.32,-6.47,-5.04,-63.41,1.04
1985-11-01,1985,11,Groundnuts,Oils & Meals,($/mt),644.0,3.54,4.72,-10.56,-73.17,0.56
1985-12-01,1985,12,Groundnuts,Oils & Meals,($/mt),684.0,6.21,16.92,-1.72,-70.58,1.15
1986-01-01,1986,1,Groundnuts,Oils & Meals,($/mt),702.0,2.63,12.86,2.93,-64.9,0.41
1986-02-01,1986,2,Groundnuts,Oils & Meals,($/mt),693.0,-1.28,7.61,4.21,-53.8,-0.27
1986-03-01,1986,3,Groundnuts,Oils & Meals,($/mt),700.0,1.01,2.34,2.94,-50.0,0.08
1986-04-01,1986,4,Groundnuts,Oils & Meals,($/mt),726.0,3.71,3.42,-1.76,-48.51,0.53
1986-05-01,1986,5,Groundnuts,Oils & Meals,($/mt),898.0,23.69,29.58,16.93,-36.22,4.1
1986-06-01,1986,6,Groundnuts,Oils & Meals,($/mt),898.0,0.0,28.29,18.16,-26.75,-0.19
1986-07-01,1986,7,Groundnuts,Oils & Meals,($/mt),898.0,0.0,23.69,35.04,-23.57,-0.2
1986-08-01,1986,8,Groundnuts,Oils & Meals,($/mt),1326.0,47.66,47.66,115.61,21.21,5.78
1986-09-01,1986,9,Groundnuts,Oils & Meals,($/mt),1326.0,0.0,47.66,126.67,26.77,-0.51
1986-10-01,1986,10,Groundnuts,Oils & Meals,($/mt),1625.0,22.55,80.96,161.25,66.16,1.04
1986-11-01,1986,11,Groundnuts,Oils & Meals,($/mt),1225.0,-24.62,-7.62,90.22,29.22,-2.28
1986-12-01,1986,12,Groundnuts,Oils & Meals,($/mt),906.0,-26.04,-31.67,32.46,0.22,-1.85
1987-01-01,1987,1,Groundnuts,Oils & Meals,($/mt),836.0,-7.73,-48.55,19.09,-6.9,-0.59
1987-02-01,1987,2,Groundnuts,Oils & Meals,($/mt),775.0,-7.3,-36.73,11.83,-10.71,-0.52
1987-03-01,1987,3,Groundnuts,Oils & Meals,($/mt),711.0,-8.26,-21.52,1.57,-16.84,-0.53
1987-04-01,1987,4,Groundnuts,Oils & Meals,($/mt),690.0,-2.95,-17.46,-4.96,-17.66,-0.24
1987-05-01,1987,5,Groundnuts,Oils & Meals,($/mt),690.0,0.0,-10.97,-23.16,-13.97,-0.07
1987-06-01,1987,6,Groundnuts,Oils & Meals,($/mt),670.0,-2.9,-5.77,-25.39,-12.99,-0.12
1987-07-01,1987,7,Groundnuts,Oils & Meals,($/mt),642.0,-4.18,-6.96,-28.51,-19.55,-0.17
1987-08-01,1987,8,Groundnuts,Oils & Meals,($/mt),630.0,-1.87,-8.7,-52.49,-18.18,-0.04
1987-09-01,1987,9,Groundnuts,Oils & Meals,($/mt),645.0,2.38,-3.73,-51.36,-14.0,0.62
1987-10-01,1987,10,Groundnuts,Oils & Meals,($/mt),845.0,31.01,31.62,-48.0,-0.71,2.9
1987-11-01,1987,11,Groundnuts,Oils & Meals,($/mt),925.0,9.47,46.83,-24.49,6.57,0.97
1987-12-01,1987,12,Groundnuts,Oils & Meals,($/mt),1043.0,12.76,61.71,15.12,21.0,1.08
1988-01-01,1988,1,Groundnuts,Oils & Meals,($/mt),1006.0,-3.55,19.05,20.33,19.76,-0.46
1988-02-01,1988,2,Groundnuts,Oils & Meals,($/mt),1044.0,3.78,12.86,34.71,27.32,0.16
1988-03-01,1988,3,Groundnuts,Oils & Meals,($/mt),1058.0,1.34,1.44,48.8,29.82,-0.15
1988-04-01,1988,4,Groundnuts,Oils & Meals,($/mt),1070.0,1.13,6.36,55.07,27.99,-0.26
1988-05-01,1988,5,Groundnuts,Oils & Meals,($/mt),1094.0,2.24,4.79,58.55,32.61,-0.19
1988-06-01,1988,6,Groundnuts,Oils & Meals,($/mt),1150.0,5.12,8.7,71.64,38.39,0.08
1988-07-01,1988,7,Groundnuts,Oils & Meals,($/mt),799.0,-30.52,-25.33,24.45,-3.97,-3.71
1988-08-01,1988,8,Groundnuts,Oils & Meals,($/mt),802.0,0.38,-26.69,27.3,-15.58,-0.17
1988-09-01,1988,9,Groundnuts,Oils & Meals,($/mt),803.0,0.12,-30.17,24.5,-38.23,-0.2
1988-10-01,1988,10,Groundnuts,Oils & Meals,($/mt),803.0,0.0,0.5,-4.97,-37.02,-0.2
1988-11-01,1988,11,Groundnuts,Oils & Meals,($/mt),800.0,-0.37,-0.25,-13.51,-29.82,-0.05
1988-12-01,1988,12,Groundnuts,Oils & Meals,($/mt),800.0,0.0,-0.37,-23.3,-28.57,0.06
1989-01-01,1989,1,Groundnuts,Oils & Meals,($/mt),826.0,3.25,2.86,-17.89,-23.52,0.53
1989-02-01,1989,2,Groundnuts,Oils & Meals,($/mt),826.0,0.0,3.25,-20.88,-13.96,0.12
1989-03-01,1989,3,Groundnuts,Oils & Meals,($/mt),820.0,-0.73,2.5,-22.5,-15.9,0.08
1989-04-01,1989,4,Groundnuts,Oils & Meals,($/mt),823.0,0.37,-0.36,-23.08,-13.37,0.21
1989-05-01,1989,5,Groundnuts,Oils & Meals,($/mt),842.0,2.31,1.94,-23.03,-7.47,0.43
1989-06-01,1989,6,Groundnuts,Oils & Meals,($/mt),870.0,3.33,6.1,-24.35,-5.74,0.54
1989-07-01,1989,7,Groundnuts,Oils & Meals,($/mt),810.0,-6.9,-1.58,1.38,-3.57,-0.55
1989-08-01,1989,8,Groundnuts,Oils & Meals,($/mt),763.0,-5.8,-9.38,-4.86,9.0,-2.27
1989-09-01,1989,9,Groundnuts,Oils & Meals,($/mt),754.0,-1.18,-13.33,-6.1,19.68,-0.26
1989-10-01,1989,10,Groundnuts,Oils & Meals,($/mt),790.0,4.77,-2.47,-1.62,20.61,1.68
1989-11-01,1989,11,Groundnuts,Oils & Meals,($/mt),826.0,4.56,8.26,3.25,14.72,1.33
1989-12-01,1989,12,Groundnuts,Oils & Meals,($/mt),860.0,4.12,14.06,7.5,23.56,1.02
1990-01-01,1990,1,Groundnuts,Oils & Meals,($/mt),923.0,7.33,16.84,11.74,35.34,1.72
1990-02-01,1990,2,Groundnuts,Oils & Meals,($/mt),900.0,-2.49,8.96,8.96,35.34,-0.82
1990-03-01,1990,3,Groundnuts,Oils & Meals,($/mt),880.0,-2.22,2.33,7.32,29.41,-0.69
1990-04-01,1990,4,Groundnuts,Oils & Meals,($/mt),875.0,-0.57,-5.2,6.32,18.4,-0.28
1990-05-01,1990,5,Groundnuts,Oils & Meals,($/mt),883.0,0.91,-1.89,4.87,14.97,0.07
1990-06-01,1990,6,Groundnuts,Oils & Meals,($/mt),905.0,2.49,2.84,4.02,19.08,0.45
1990-07-01,1990,7,Groundnuts,Oils & Meals,($/mt),860.0,-4.97,-1.71,6.17,29.32,-1.22
1990-08-01,1990,8,Groundnuts,Oils & Meals,($/mt),1400.0,62.79,58.55,83.49,127.64,15.03
1990-09-01,1990,9,Groundnuts,Oils & Meals,($/mt),2050.0,46.43,126.52,171.88,250.43,2.21
1990-10-01,1990,10,Groundnuts,Oils & Meals,($/mt),2120.0,3.41,146.51,168.35,240.84,-0.32
1990-11-01,1990,11,Groundnuts,Oils & Meals,($/mt),2110.0,-0.47,50.71,155.45,227.64,-0.5
1990-12-01,1990,12,Groundnuts,Oils & Meals,($/mt),2000.0,-5.21,-2.44,132.56,192.4,-0.69
1991-01-01,1991,1,Groundnuts,Oils & Meals,($/mt),1850.0,-7.5,-12.74,100.43,163.53,-0.75
1991-02-01,1991,2,Groundnuts,Oils & Meals,($/mt),1788.0,-3.35,-15.26,98.67,158.01,-0.49
1991-03-01,1991,3,Groundnuts,Oils & Meals,($/mt),1700.0,-4.92,-15.0,93.18,142.86,-0.56
1991-04-01,1991,4,Groundnuts,Oils & Meals,($/mt),1500.0,-11.76,-18.92,71.43,106.61,-0.85
1991-05-01,1991,5,Groundnuts,Oils & Meals,($/mt),1256.0,-16.27,-29.75,42.24,39.87,-0.98
1991-06-01,1991,6,Groundnuts,Oils & Meals,($/mt),1103.0,-12.18,-35.12,21.88,22.83,-0.72
1991-07-01,1991,7,Groundnuts,Oils & Meals,($/mt),1180.0,6.98,-21.33,37.21,31.4,0.13
1991-08-01,1991,8,Groundnuts,Oils & Meals,($/mt),928.0,-21.36,-26.11,-33.71,-30.02,-1.07
1991-09-01,1991,9,Groundnuts,Oils & Meals,($/mt),930.0,0.22,-15.68,-54.63,-29.86,0.14
1991-10-01,1991,10,Groundnuts,Oils & Meals,($/mt),965.0,3.76,-18.22,-54.48,-40.62,1.19
1991-11-01,1991,11,Groundnuts,Oils & Meals,($/mt),854.0,-11.5,-7.97,-59.53,-30.29,-0.66
1991-12-01,1991,12,Groundnuts,Oils & Meals,($/mt),800.0,-6.32,-13.98,-60.0,-11.7,0.07
1992-01-01,1992,1,Groundnuts,Oils & Meals,($/mt),812.0,1.5,-15.85,-56.11,-2.87,1.04
1992-02-01,1992,2,Groundnuts,Oils & Meals,($/mt),779.0,-4.06,-8.78,-56.43,0.52,0.26
1992-03-01,1992,3,Groundnuts,Oils & Meals,($/mt),766.0,-1.67,-4.25,-54.94,7.74,0.54
1992-04-01,1992,4,Groundnuts,Oils & Meals,($/mt),788.0,2.87,-2.96,-47.47,14.2,1.03
1992-05-01,1992,5,Groundnuts,Oils & Meals,($/mt),788.0,0.0,1.16,-37.26,14.2,0.55
1992-06-01,1992,6,Groundnuts,Oils & Meals,($/mt),828.0,5.08,8.09,-24.93,23.58,1.05
1992-07-01,1992,7,Groundnuts,Oils & Meals,($/mt),830.0,0.24,5.33,-29.66,29.28,0.29
1992-08-01,1992,8,Groundnuts,Oils & Meals,($/mt),796.0,-4.1,1.02,-14.22,26.35,-0.2
1992-09-01,1992,9,Groundnuts,Oils & Meals,($/mt),759.0,-4.65,-8.33,-18.39,17.67,-0.74
1992-10-01,1992,10,Groundnuts,Oils & Meals,($/mt),799.0,5.27,-3.73,-17.2,-5.44,1.43
1992-11-01,1992,11,Groundnuts,Oils & Meals,($/mt),816.0,2.13,2.51,-4.45,-11.78,0.72
1992-12-01,1992,12,Groundnuts,Oils & Meals,($/mt),828.0,1.47,9.09,3.5,-20.61,0.46
1993-01-01,1993,1,Groundnuts,Oils & Meals,($/mt),846.0,2.17,5.88,4.19,-15.9,0.54
1993-02-01,1993,2,Groundnuts,Oils & Meals,($/mt),853.0,0.83,4.53,9.5,-18.3,0.13
1993-03-01,1993,3,Groundnuts,Oils & Meals,($/mt),860.0,0.82,3.86,12.27,-18.71,0.01
1993-04-01,1993,4,Groundnuts,Oils & Meals,($/mt),870.0,1.16,2.84,10.41,-18.69,0.05
1993-05-01,1993,5,Groundnuts,Oils & Meals,($/mt),1051.0,20.8,23.21,33.38,-3.93,6.71
1993-06-01,1993,6,Groundnuts,Oils & Meals,($/mt),1026.0,-2.38,19.3,23.91,-10.78,-0.77
1993-07-01,1993,7,Groundnuts,Oils & Meals,($/mt),1000.0,-2.53,14.94,20.48,25.16,-0.69
1993-08-01,1993,8,Groundnuts,Oils & Meals,($/mt),1061.0,6.1,0.95,33.29,32.29,0.65
1993-09-01,1993,9,Groundnuts,Oils & Meals,($/mt),1501.0,41.47,46.3,97.76,86.92,5.98
1993-10-01,1993,10,Groundnuts,Oils & Meals,($/mt),1424.0,-5.13,42.4,78.22,77.33,-0.92
1993-11-01,1993,11,Groundnuts,Oils & Meals,($/mt),1304.0,-8.43,22.9,59.8,63.0,-1.07
1993-12-01,1993,12,Groundnuts,Oils & Meals,($/mt),1310.0,0.46,-12.72,58.21,63.75,-0.31
1994-01-01,1994,1,Groundnuts,Oils & Meals,($/mt),1196.0,-8.7,-16.01,41.37,44.79,-0.97
1994-02-01,1994,2,Groundnuts,Oils & Meals,($/mt),1170.0,-2.17,-10.28,37.16,41.65,-0.41
1994-03-01,1994,3,Groundnuts,Oils & Meals,($/mt),1180.0,0.85,-9.92,37.21,43.9,-0.18
1994-04-01,1994,4,Groundnuts,Oils & Meals,($/mt),988.0,-16.27,-17.39,13.56,20.05,-1.38
1994-05-01,1994,5,Groundnuts,Oils & Meals,($/mt),908.0,-8.1,-22.39,-13.61,7.84,-0.66
1994-06-01,1994,6,Groundnuts,Oils & Meals,($/mt),919.0,1.21,-22.12,-10.43,5.63,0.11
1994-07-01,1994,7,Groundnuts,Oils & Meals,($/mt),920.0,0.11,-6.88,-8.0,13.58,0.01
1994-08-01,1994,8,Groundnuts,Oils & Meals,($/mt),903.0,-1.85,-0.55,-14.89,18.35,-0.14
1994-09-01,1994,9,Groundnuts,Oils & Meals,($/mt),825.0,-8.64,-10.23,-45.04,9.42,-0.57
1994-10-01,1994,10,Groundnuts,Oils & Meals,($/mt),800.0,-3.03,-13.04,-43.82,1.27,0.31
1994-11-01,1994,11,Groundnuts,Oils & Meals,($/mt),815.0,1.88,-9.75,-37.5,-1.33,1.18
1994-12-01,1994,12,Groundnuts,Oils & Meals,($/mt),833.0,2.21,0.97,-36.41,-3.14,1.06
1995-01-01,1995,1,Groundnuts,Oils & Meals,($/mt),878.0,5.4,9.75,-26.59,-4.88,1.57
1995-02-01,1995,2,Groundnuts,Oils & Meals,($/mt),885.0,0.8,8.59,-24.36,-1.67,0.53
1995-03-01,1995,3,Groundnuts,Oils & Meals,($/mt),855.0,-3.39,2.64,-27.54,-2.84,-0.21
1995-04-01,1995,4,Groundnuts,Oils & Meals,($/mt),823.0,-3.74,-6.26,-16.7,-5.94,-0.21
1995-05-01,1995,5,Groundnuts,Oils & Meals,($/mt),822.0,-0.12,-7.12,-9.47,-6.91,0.31
1995-06-01,1995,6,Groundnuts,Oils & Meals,($/mt),841.0,2.31,-1.64,-8.49,-7.07,0.85
1995-07-01,1995,7,Groundnuts,Oils & Meals,($/mt),876.0,4.16,6.44,-4.78,1.86,1.31
1995-08-01,1995,8,Groundnuts,Oils & Meals,($/mt),885.0,1.03,7.66,-1.99,-36.79,0.34
1995-09-01,1995,9,Groundnuts,Oils & Meals,($/mt),970.0,9.6,15.34,17.58,-52.68,2.46
1995-10-01,1995,10,Groundnuts,Oils & Meals,($/mt),1055.0,8.76,20.43,31.88,-50.24,1.9
1995-11-01,1995,11,Groundnuts,Oils & Meals,($/mt),1016.0,-3.7,14.8,24.66,-51.85,-1.48
1995-12-01,1995,12,Groundnuts,Oils & Meals,($/mt),1013.0,-0.3,4.43,21.61,-49.35,-0.5
1996-01-01,1996,1,Groundnuts,Oils & Meals,($/mt),986.0,-2.67,-6.54,12.3,-46.7,-0.97
1996-02-01,1996,2,Groundnuts,Oils & Meals,($/mt),980.0,-0.61,-3.54,10.73,-45.19,-0.37
1996-03-01,1996,3,Groundnuts,Oils & Meals,($/mt),988.0,0.82,-2.47,15.56,-41.88,-0.03
1996-04-01,1996,4,Groundnuts,Oils & Meals,($/mt),1015.0,2.73,2.94,23.33,-32.33,0.33
1996-05-01,1996,5,Groundnuts,Oils & Meals,($/mt),1015.0,0.0,3.57,23.48,-19.19,-0.45
1996-06-01,1996,6,Groundnuts,Oils & Meals,($/mt),950.0,-6.4,-3.85,12.96,-13.87,-2.03
1996-07-01,1996,7,Groundnuts,Oils & Meals,($/mt),993.0,4.53,-2.17,13.36,-15.85,0.73
1996-08-01,1996,8,Groundnuts,Oils & Meals,($/mt),970.0,-2.32,-4.43,9.6,4.53,-0.73
1996-09-01,1996,9,Groundnuts,Oils & Meals,($/mt),929.0,-4.23,-2.21,-4.23,-0.11,-1.06
1996-10-01,1996,10,Groundnuts,Oils & Meals,($/mt),917.0,-1.29,-7.65,-13.08,-4.97,-0.24
1996-11-01,1996,11,Groundnuts,Oils & Meals,($/mt),904.0,-1.42,-6.8,-11.02,5.85,-0.1
1996-12-01,1996,12,Groundnuts,Oils & Meals,($/mt),897.0,-0.77,-3.44,-11.45,12.13,0.05
1997-01-01,1997,1,Groundnuts,Oils & Meals,($/mt),893.0,-0.45,-2.62,-9.43,9.98,0.18
1997-02-01,1997,2,Groundnuts,Oils & Meals,($/mt),870.0,-2.58,-3.76,-11.22,11.68,-0.63
1997-03-01,1997,3,Groundnuts,Oils & Meals,($/mt),908.0,4.37,1.23,-8.1,18.54,1.83
1997-04-01,1997,4,Groundnuts,Oils & Meals,($/mt),920.0,1.32,3.02,-9.36,16.75,0.6
1997-05-01,1997,5,Groundnuts,Oils & Meals,($/mt),953.0,3.59,9.54,-6.11,20.94,1.38
1997-06-01,1997,6,Groundnuts,Oils & Meals,($/mt),969.0,1.68,6.72,2.0,17.03,0.63
1997-07-01,1997,7,Groundnuts,Oils & Meals,($/mt),987.0,1.86,7.28,-0.6,18.92,0.58
1997-08-01,1997,8,Groundnuts,Oils & Meals,($/mt),924.0,-6.38,-3.04,-4.74,16.08,-2.45
1997-09-01,1997,9,Groundnuts,Oils & Meals,($/mt),964.0,4.33,-0.52,3.77,27.01,1.5
1997-10-01,1997,10,Groundnuts,Oils & Meals,($/mt),1054.0,9.34,6.79,14.94,31.91,2.85
1997-11-01,1997,11,Groundnuts,Oils & Meals,($/mt),1199.0,13.76,29.76,32.63,46.94,3.12
1997-12-01,1997,12,Groundnuts,Oils & Meals,($/mt),1220.0,1.75,26.56,36.01,47.34,-0.14
1998-01-01,1998,1,Groundnuts,Oils & Meals,($/mt),1146.0,-6.07,8.73,28.33,35.46,-1.69
1998-02-01,1998,2,Groundnuts,Oils & Meals,($/mt),1079.0,-5.85,-10.01,24.02,26.49,-1.41
1998-03-01,1998,3,Groundnuts,Oils & Meals,($/mt),993.0,-7.97,-18.61,9.36,15.47,-1.64
1998-04-01,1998,4,Groundnuts,Oils & Meals,($/mt),940.0,-5.34,-17.98,2.17,8.05,-0.95
1998-05-01,1998,5,Groundnuts,Oils & Meals,($/mt),930.0,-1.06,-13.81,-2.41,-11.51,-0.21
1998-06-01,1998,6,Groundnuts,Oils & Meals,($/mt),989.0,6.34,-0.4,2.06,-3.61,0.93
1998-07-01,1998,7,Groundnuts,Oils & Meals,($/mt),1034.0,4.55,10.0,4.76,3.4,0.59
1998-08-01,1998,8,Groundnuts,Oils & Meals,($/mt),1088.0,5.22,16.99,17.75,2.54,0.65
1998-09-01,1998,9,Groundnuts,Oils & Meals,($/mt),965.0,-11.31,-2.43,0.1,-35.71,-1.87
1998-10-01,1998,10,Groundnuts,Oils & Meals,($/mt),955.0,-1.04,-7.64,-9.39,-32.94,-0.17
1998-11-01,1998,11,Groundnuts,Oils & Meals,($/mt),890.0,-6.81,-18.2,-25.77,-31.75,-0.86
1998-12-01,1998,12,Groundnuts,Oils & Meals,($/mt),857.0,-3.71,-11.19,-29.75,-34.58,-0.24
1999-01-01,1999,1,Groundnuts,Oils & Meals,($/mt),880.0,2.68,-7.85,-23.21,-26.42,0.96
1999-02-01,1999,2,Groundnuts,Oils & Meals,($/mt),858.0,-2.5,-3.6,-20.48,-26.67,-0.08
1999-03-01,1999,3,Groundnuts,Oils & Meals,($/mt),838.0,-2.33,-2.22,-15.61,-28.98,-0.1
1999-04-01,1999,4,Groundnuts,Oils & Meals,($/mt),855.0,2.03,-2.84,-9.04,-13.46,0.63
1999-05-01,1999,5,Groundnuts,Oils & Meals,($/mt),858.0,0.35,0.0,-7.74,-5.51,0.19
1999-06-01,1999,6,Groundnuts,Oils & Meals,($/mt),868.0,1.17,3.58,-12.23,-5.55,0.33
1999-07-01,1999,7,Groundnuts,Oils & Meals,($/mt),876.0,0.92,2.46,-15.28,-4.78,0.4
1999-08-01,1999,8,Groundnuts,Oils & Meals,($/mt),820.0,-6.39,-4.43,-24.63,-9.19,-1.14
1999-09-01,1999,9,Groundnuts,Oils & Meals,($/mt),827.0,0.85,-4.72,-14.3,0.24,0.74
1999-10-01,1999,10,Groundnuts,Oils & Meals,($/mt),855.0,3.39,-2.4,-10.47,6.88,1.46
1999-11-01,1999,11,Groundnuts,Oils & Meals,($/mt),916.0,7.13,11.71,2.92,12.39,2.33
1999-12-01,1999,12,Groundnuts,Oils & Meals,($/mt),913.0,-0.33,10.4,6.53,9.6,-0.17
2000-01-01,2000,1,Groundnuts,Oils & Meals,($/mt),875.0,-4.16,2.34,-0.57,-0.34,-1.41
2000-02-01,2000,2,Groundnuts,Oils & Meals,($/mt),880.0,0.57,-3.93,2.56,-0.56,0.16
2000-03-01,2000,3,Groundnuts,Oils & Meals,($/mt),880.0,0.0,-3.61,5.01,2.92,-0.08
2000-04-01,2000,4,Groundnuts,Oils & Meals,($/mt),867.0,-1.48,-0.91,1.4,5.35,-0.57
2000-05-01,2000,5,Groundnuts,Oils & Meals,($/mt),853.0,-1.61,-3.07,-0.58,3.77,-0.53
2000-06-01,2000,6,Groundnuts,Oils & Meals,($/mt),837.0,-1.88,-4.89,-3.57,-0.48,-0.55
2000-07-01,2000,7,Groundnuts,Oils & Meals,($/mt),860.0,2.75,-0.81,-1.83,-1.83,0.87
2000-08-01,2000,8,Groundnuts,Oils & Meals,($/mt),865.0,0.58,1.41,5.49,-2.26,0.19
2000-09-01,2000,9,Groundnuts,Oils & Meals,($/mt),880.0,1.73,5.14,6.41,-9.28,0.43
2000-10-01,2000,10,Groundnuts,Oils & Meals,($/mt),872.0,-0.91,1.4,1.99,-17.35,-0.5
2000-11-01,2000,11,Groundnuts,Oils & Meals,($/mt),900.0,3.21,4.05,-1.75,-11.42,1.06
2000-12-01,2000,12,Groundnuts,Oils & Meals,($/mt),880.0,-2.22,0.0,-3.61,-13.13,-1.0
2001-01-01,2001,1,Groundnuts,Oils & Meals,($/mt),907.0,3.07,4.01,3.66,-8.01,1.54
2001-02-01,2001,2,Groundnuts,Oils & Meals,($/mt),983.0,8.38,9.22,11.7,0.31,4.04
2001-03-01,2001,3,Groundnuts,Oils & Meals,($/mt),955.0,-2.85,8.52,8.52,-3.34,-1.24
2001-04-01,2001,4,Groundnuts,Oils & Meals,($/mt),950.0,-0.52,4.74,9.57,-6.4,-0.39
2001-05-01,2001,5,Groundnuts,Oils & Meals,($/mt),949.0,-0.11,-3.46,11.25,-6.5,-0.29
2001-06-01,2001,6,Groundnuts,Oils & Meals,($/mt),930.0,-2.0,-2.62,11.11,-2.11,-0.94
2001-07-01,2001,7,Groundnuts,Oils & Meals,($/mt),930.0,0.0,-2.11,8.14,-6.34,-0.29
2001-08-01,2001,8,Groundnuts,Oils & Meals,($/mt),848.0,-8.82,-10.64,-1.97,-12.58,-3.07
2001-09-01,2001,9,Groundnuts,Oils & Meals,($/mt),807.0,-4.83,-13.23,-8.3,-13.13,-1.15
2001-10-01,2001,10,Groundnuts,Oils & Meals,($/mt),714.0,-11.52,-23.23,-18.12,-22.14,-2.53
2001-11-01,2001,11,Groundnuts,Oils & Meals,($/mt),714.0,0.0,-15.8,-20.67,-21.02,0.28
2001-12-01,2001,12,Groundnuts,Oils & Meals,($/mt),710.0,-0.56,-12.02,-19.32,-20.85,0.24
2002-01-01,2002,1,Groundnuts,Oils & Meals,($/mt),686.0,-3.38,-3.92,-24.37,-23.18,-0.34
2002-02-01,2002,2,Groundnuts,Oils & Meals,($/mt),651.0,-5.1,-8.82,-33.77,-25.17,-0.59
2002-03-01,2002,3,Groundnuts,Oils & Meals,($/mt),640.0,-1.69,-9.86,-32.98,-29.52,0.43
2002-04-01,2002,4,Groundnuts,Oils & Meals,($/mt),631.0,-1.41,-8.02,-33.58,-31.41,0.48
2002-05-01,2002,5,Groundnuts,Oils & Meals,($/mt),618.0,-2.06,-5.07,-34.88,-35.15,0.33
2002-06-01,2002,6,Groundnuts,Oils & Meals,($/mt),701.0,13.43,9.53,-24.62,-27.66,4.7
2002-07-01,2002,7,Groundnuts,Oils & Meals,($/mt),729.0,3.99,15.53,-21.61,-26.14,1.01
2002-08-01,2002,8,Groundnuts,Oils & Meals,($/mt),731.0,0.27,18.28,-13.8,-20.89,0.33
2002-09-01,2002,9,Groundnuts,Oils & Meals,($/mt),743.0,1.64,5.99,-7.93,-22.93,0.46
2002-10-01,2002,10,Groundnuts,Oils & Meals,($/mt),778.0,4.71,6.72,8.96,-26.19,0.9
2002-11-01,2002,11,Groundnuts,Oils & Meals,($/mt),827.0,6.3,13.13,15.83,-31.03,1.13
2002-12-01,2002,12,Groundnuts,Oils & Meals,($/mt),946.0,14.39,27.32,33.24,-22.46,2.56
2003-01-01,2003,1,Groundnuts,Oils & Meals,($/mt),960.0,1.48,23.39,39.94,-16.23,-0.18
2003-02-01,2003,2,Groundnuts,Oils & Meals,($/mt),977.0,1.77,18.14,50.08,-9.45,-0.2
2003-03-01,2003,3,Groundnuts,Oils & Meals,($/mt),1022.0,4.61,8.03,59.69,2.92,0.19
2003-04-01,2003,4,Groundnuts,Oils & Meals,($/mt),1050.0,2.74,9.38,66.4,11.7,-0.26
2003-05-01,2003,5,Groundnuts,Oils & Meals,($/mt),1050.0,0.0,7.47,69.9,12.9,-0.9
2003-06-01,2003,6,Groundnuts,Oils & Meals,($/mt),1038.0,-1.14,1.57,48.07,4.95,-1.21
2003-07-01,2003,7,Groundnuts,Oils & Meals,($/mt),1023.0,-1.45,-2.57,40.33,-1.06,-1.18
2003-08-01,2003,8,Groundnuts,Oils & Meals,($/mt),1020.0,-0.29,-2.86,39.53,-6.25,-0.75
2003-09-01,2003,9,Groundnuts,Oils & Meals,($/mt),1015.0,-0.49,-2.22,36.61,5.18,-0.78
2003-10-01,2003,10,Groundnuts,Oils & Meals,($/mt),920.0,-9.36,-10.07,18.25,-3.66,-2.71
2003-11-01,2003,11,Groundnuts,Oils & Meals,($/mt),932.0,1.3,-8.63,12.7,4.72,-0.04
2003-12-01,2003,12,Groundnuts,Oils & Meals,($/mt),960.0,3.0,-5.42,1.48,12.02,0.35
2004-01-01,2004,1,Groundnuts,Oils & Meals,($/mt),992.0,3.33,7.83,3.33,12.73,0.9
2004-02-01,2004,2,Groundnuts,Oils & Meals,($/mt),1000.0,0.81,7.3,2.35,16.55,0.13
2004-03-01,2004,3,Groundnuts,Oils & Meals,($/mt),980.0,-2.0,2.08,-4.11,16.95,-0.63
2004-04-01,2004,4,Groundnuts,Oils & Meals,($/mt),970.0,-1.02,-2.22,-7.62,13.45,-0.22
2004-05-01,2004,5,Groundnuts,Oils & Meals,($/mt),982.0,1.24,-1.8,-6.48,14.45,0.57
2004-06-01,2004,6,Groundnuts,Oils & Meals,($/mt),1017.0,3.56,3.78,-2.02,17.17,1.25
2004-07-01,2004,7,Groundnuts,Oils & Meals,($/mt),1039.0,2.16,7.11,1.56,18.61,0.66
2004-08-01,2004,8,Groundnuts,Oils & Meals,($/mt),1001.0,-3.66,1.93,-1.86,22.07,-1.1
2004-09-01,2004,9,Groundnuts,Oils & Meals,($/mt),1000.0,-0.1,-1.67,-1.48,20.92,-0.0
2004-10-01,2004,10,Groundnuts,Oils & Meals,($/mt),960.0,-4.0,-7.6,4.35,12.28,-1.08
2004-11-01,2004,11,Groundnuts,Oils & Meals,($/mt),956.0,-0.42,-4.5,2.58,4.37,-0.31
2004-12-01,2004,12,Groundnuts,Oils & Meals,($/mt),959.0,0.31,-4.1,-0.1,5.04,0.03
2005-01-01,2005,1,Groundnuts,Oils & Meals,($/mt),946.0,-1.36,-1.46,-4.64,8.11,-0.56
2005-02-01,2005,2,Groundnuts,Oils & Meals,($/mt),912.0,-3.59,-4.6,-8.8,3.64,-1.45
2005-03-01,2005,3,Groundnuts,Oils & Meals,($/mt),907.0,-0.55,-5.42,-7.45,3.07,0.08
2005-04-01,2005,4,Groundnuts,Oils & Meals,($/mt),900.0,-0.77,-4.86,-7.22,3.81,-0.07
2005-05-01,2005,5,Groundnuts,Oils & Meals,($/mt),889.0,-1.22,-2.52,-9.47,4.22,-0.27
2005-06-01,2005,6,Groundnuts,Oils & Meals,($/mt),870.0,-2.14,-4.08,-14.45,3.94,-0.59
2005-07-01,2005,7,Groundnuts,Oils & Meals,($/mt),849.0,-2.41,-5.67,-18.29,-1.28,-0.62
2005-08-01,2005,8,Groundnuts,Oils & Meals,($/mt),816.0,-3.89,-8.21,-18.48,-5.66,-1.5
2005-09-01,2005,9,Groundnuts,Oils & Meals,($/mt),806.0,-1.23,-7.36,-19.4,-8.41,0.3
2005-10-01,2005,10,Groundnuts,Oils & Meals,($/mt),862.0,6.95,1.53,-10.21,-1.15,6.06
2005-11-01,2005,11,Groundnuts,Oils & Meals,($/mt),850.0,-1.39,4.17,-11.09,-5.56,-0.19
2005-12-01,2005,12,Groundnuts,Oils & Meals,($/mt),884.0,4.0,9.68,-7.82,0.45,1.79
2006-01-01,2006,1,Groundnuts,Oils & Meals,($/mt),853.0,-3.51,-1.04,-9.83,-5.95,-0.93
2006-02-01,2006,2,Groundnuts,Oils & Meals,($/mt),848.0,-0.59,-0.24,-7.02,-13.73,0.07
2006-03-01,2006,3,Groundnuts,Oils & Meals,($/mt),808.0,-4.72,-8.6,-10.92,-15.39,-1.35
2006-04-01,2006,4,Groundnuts,Oils & Meals,($/mt),753.0,-6.81,-11.72,-16.33,-20.74,-1.78
2006-05-01,2006,5,Groundnuts,Oils & Meals,($/mt),780.0,3.59,-8.02,-12.26,-17.81,1.34
2006-06-01,2006,6,Groundnuts,Oils & Meals,($/mt),796.0,2.05,-1.49,-8.51,-14.41,0.77
2006-07-01,2006,7,Groundnuts,Oils & Meals,($/mt),851.0,6.91,13.01,0.24,-8.49,1.86
2006-08-01,2006,8,Groundnuts,Oils & Meals,($/mt),880.0,3.41,12.82,7.84,3.77,0.72
2006-09-01,2006,9,Groundnuts,Oils & Meals,($/mt),913.0,3.75,14.7,13.28,13.14,0.68
2006-10-01,2006,10,Groundnuts,Oils & Meals,($/mt),937.0,2.63,10.11,8.7,31.23,0.33
2006-11-01,2006,11,Groundnuts,Oils & Meals,($/mt),1045.0,11.53,18.75,22.94,46.36,2.59
2006-12-01,2006,12,Groundnuts,Oils & Meals,($/mt),1038.0,-0.67,13.69,17.42,46.2,-0.49
2007-01-01,2007,1,Groundnuts,Oils & Meals,($/mt),1050.0,1.16,12.06,23.09,53.06,-0.06
2007-02-01,2007,2,Groundnuts,Oils & Meals,($/mt),1050.0,0.0,0.48,23.82,61.29,-0.38
2007-03-01,2007,3,Groundnuts,Oils & Meals,($/mt),1050.0,0.0,1.16,29.95,64.06,-0.39
2007-04-01,2007,4,Groundnuts,Oils & Meals,($/mt),1050.0,0.0,0.0,39.44,66.4,-0.52
2007-05-01,2007,5,Groundnuts,Oils & Meals,($/mt),1081.0,2.95,2.95,38.59,74.92,0.03
2007-06-01,2007,6,Groundnuts,Oils & Meals,($/mt),1107.0,2.41,5.43,39.07,57.92,-0.12
2007-07-01,2007,7,Groundnuts,Oils & Meals,($/mt),1186.0,7.14,12.95,39.37,62.69,1.24
2007-08-01,2007,8,Groundnuts,Oils & Meals,($/mt),1303.0,9.87,20.54,48.07,78.25,2.0
2007-09-01,2007,9,Groundnuts,Oils & Meals,($/mt),1417.0,8.75,28.0,55.2,90.71,1.32
2007-10-01,2007,10,Groundnuts,Oils & Meals,($/mt),1395.0,-1.55,17.62,48.88,79.31,-1.24
2007-11-01,2007,11,Groundnuts,Oils & Meals,($/mt),1605.0,15.05,23.18,53.59,94.07,2.52
2007-12-01,2007,12,Groundnuts,Oils & Meals,($/mt),1676.0,4.42,18.28,61.46,77.17,0.13
2008-01-01,2008,1,Groundnuts,Oils & Meals,($/mt),1750.0,4.42,25.45,66.67,82.29,0.05
2008-02-01,2008,2,Groundnuts,Oils & Meals,($/mt),1721.0,-1.66,7.23,63.9,76.15,-1.24
2008-03-01,2008,3,Groundnuts,Oils & Meals,($/mt),1700.0,-1.22,1.43,61.9,66.34,-1.08
2008-04-01,2008,4,Groundnuts,Oils & Meals,($/mt),1700.0,0.0,-2.86,61.9,61.9,-0.81
2008-05-01,2008,5,Groundnuts,Oils & Meals,($/mt),1700.0,0.0,-1.22,57.26,61.9,-0.81
2008-06-01,2008,6,Groundnuts,Oils & Meals,($/mt),1700.0,0.0,0.0,53.57,63.78,-0.74
2008-07-01,2008,7,Groundnuts,Oils & Meals,($/mt),1700.0,0.0,0.0,43.34,66.18,-0.69
2008-08-01,2008,8,Groundnuts,Oils & Meals,($/mt),1620.0,-4.71,-4.71,24.33,58.82,-1.45
2008-09-01,2008,9,Groundnuts,Oils & Meals,($/mt),1616.0,-0.25,-4.94,14.04,59.21,-0.41
2008-10-01,2008,10,Groundnuts,Oils & Meals,($/mt),1489.0,-7.86,-12.41,6.74,61.85,-1.81
2008-11-01,2008,11,Groundnuts,Oils & Meals,($/mt),1265.0,-15.04,-21.91,-21.18,35.73,-2.8
2008-12-01,2008,12,Groundnuts,Oils & Meals,($/mt),1250.0,-1.19,-22.65,-25.42,30.21,0.12
2009-01-01,2009,1,Groundnuts,Oils & Meals,($/mt),1195.0,-4.4,-19.74,-31.71,20.46,-0.42
2009-02-01,2009,2,Groundnuts,Oils & Meals,($/mt),1110.0,-7.11,-12.25,-35.5,11.0,-0.9
2009-03-01,2009,3,Groundnuts,Oils & Meals,($/mt),1100.0,-0.9,-12.0,-35.29,12.24,0.56
2009-04-01,2009,4,Groundnuts,Oils & Meals,($/mt),1100.0,0.0,-7.95,-35.29,13.4,0.74
2009-05-01,2009,5,Groundnuts,Oils & Meals,($/mt),1100.0,0.0,-0.9,-35.29,12.02,0.74
2009-06-01,2009,6,Groundnuts,Oils & Meals,($/mt),1100.0,0.0,0.0,-35.29,8.16,0.74
2009-07-01,2009,7,Groundnuts,Oils & Meals,($/mt),1100.0,0.0,0.0,-35.29,5.87,0.74
2009-08-01,2009,8,Groundnuts,Oils & Meals,($/mt),1119.0,1.73,1.73,-30.93,11.79,1.11
2009-09-01,2009,9,Groundnuts,Oils & Meals,($/mt),1150.0,2.77,4.55,-28.84,15.0,1.17
2009-10-01,2009,10,Groundnuts,Oils & Meals,($/mt),1150.0,0.0,4.55,-22.77,19.79,0.52
2009-11-01,2009,11,Groundnuts,Oils & Meals,($/mt),1150.0,0.0,2.77,-9.09,20.29,0.41
2009-12-01,2009,12,Groundnuts,Oils & Meals,($/mt),1186.0,3.13,3.13,-5.12,23.67,1.48
2010-01-01,2010,1,Groundnuts,Oils & Meals,($/mt),1203.0,1.43,4.61,0.67,27.17,0.64
2010-02-01,2010,2,Groundnuts,Oils & Meals,($/mt),1200.0,-0.25,4.35,8.11,31.58,-0.13
2010-03-01,2010,3,Groundnuts,Oils & Meals,($/mt),1200.0,0.0,1.18,9.09,32.3,-0.51
2010-04-01,2010,4,Groundnuts,Oils & Meals,($/mt),1200.0,0.0,-0.25,9.09,33.33,-0.61
2010-05-01,2010,5,Groundnuts,Oils & Meals,($/mt),1200.0,0.0,0.0,9.09,34.98,-0.61
2010-06-01,2010,6,Groundnuts,Oils & Meals,($/mt),1200.0,0.0,0.0,9.09,37.93,-0.61
2010-07-01,2010,7,Groundnuts,Oils & Meals,($/mt),1200.0,0.0,0.0,9.09,41.34,-0.61
2010-08-01,2010,8,Groundnuts,Oils & Meals,($/mt),1232.0,2.67,2.67,10.1,50.98,1.6
2010-09-01,2010,9,Groundnuts,Oils & Meals,($/mt),1250.0,1.46,4.17,8.7,55.09,0.5
2010-10-01,2010,10,Groundnuts,Oils & Meals,($/mt),1281.0,2.48,6.75,11.39,48.61,1.51
2010-11-01,2010,11,Groundnuts,Oils & Meals,($/mt),1350.0,5.39,9.58,17.39,58.82,3.56
2010-12-01,2010,12,Groundnuts,Oils & Meals,($/mt),1373.0,1.7,9.84,15.77,55.32,0.2
2011-01-01,2011,1,Groundnuts,Oils & Meals,($/mt),1427.0,3.93,11.4,18.62,67.29,1.6
2011-02-01,2011,2,Groundnuts,Oils & Meals,($/mt),1427.0,0.0,5.7,18.92,68.28,-0.78
2011-03-01,2011,3,Groundnuts,Oils & Meals,($/mt),1486.0,4.13,8.23,23.83,83.91,1.46
2011-04-01,2011,4,Groundnuts,Oils & Meals,($/mt),1598.0,7.54,11.98,33.17,112.22,2.99
2011-05-01,2011,5,Groundnuts,Oils & Meals,($/mt),1710.0,7.01,19.83,42.5,119.23,1.88
2011-06-01,2011,6,Groundnuts,Oils & Meals,($/mt),1736.0,1.52,16.82,44.67,118.09,-0.57
2011-07-01,2011,7,Groundnuts,Oils & Meals,($/mt),1867.0,7.55,16.83,55.58,119.39,1.76
2011-08-01,2011,8,Groundnuts,Oils & Meals,($/mt),2054.0,10.02,20.12,66.72,133.41,2.41
2011-09-01,2011,9,Groundnuts,Oils & Meals,($/mt),2131.0,3.75,22.75,70.48,133.41,-0.21
2011-10-01,2011,10,Groundnuts,Oils & Meals,($/mt),2167.0,1.69,16.07,69.16,131.27,-0.97
2011-11-01,2011,11,Groundnuts,Oils & Meals,($/mt),2472.0,14.07,20.35,83.11,136.56,3.14
2011-12-01,2011,12,Groundnuts,Oils & Meals,($/mt),2528.0,2.27,18.63,84.12,143.55,-0.72
2012-01-01,2012,1,Groundnuts,Oils & Meals,($/mt),2528.0,0.0,16.66,77.15,140.76,-1.3
2012-02-01,2012,2,Groundnuts,Oils & Meals,($/mt),2528.0,0.0,2.27,77.15,140.76,-1.14
2012-03-01,2012,3,Groundnuts,Oils & Meals,($/mt),2528.0,0.0,0.0,70.12,140.76,-1.14
2012-04-01,2012,4,Groundnuts,Oils & Meals,($/mt),2528.0,0.0,0.0,58.2,140.76,-1.01
2012-05-01,2012,5,Groundnuts,Oils & Meals,($/mt),2400.0,-5.06,-5.06,40.35,122.02,-1.95
2012-06-01,2012,6,Groundnuts,Oils & Meals,($/mt),2400.0,0.0,-5.06,38.25,116.8,-0.57
2012-07-01,2012,7,Groundnuts,Oils & Meals,($/mt),2400.0,0.0,-5.06,28.55,102.36,-0.54
2012-08-01,2012,8,Groundnuts,Oils & Meals,($/mt),2400.0,0.0,0.0,16.85,84.19,-0.44
2012-09-01,2012,9,Groundnuts,Oils & Meals,($/mt),2400.0,0.0,0.0,12.62,69.37,-0.31
2012-10-01,2012,10,Groundnuts,Oils & Meals,($/mt),2400.0,0.0,0.0,10.75,72.04,-0.24
2012-11-01,2012,11,Groundnuts,Oils & Meals,($/mt),2400.0,0.0,0.0,-2.91,49.53,-0.21
2012-12-01,2012,12,Groundnuts,Oils & Meals,($/mt),2400.0,0.0,0.0,-5.06,43.2,0.14
2013-01-01,2013,1,Groundnuts,Oils & Meals,($/mt),2400.0,0.0,0.0,-5.06,37.14,0.29
2013-02-01,2013,2,Groundnuts,Oils & Meals,($/mt),1635.0,-31.87,-31.87,-35.32,-5.0,-21.52
2013-03-01,2013,3,Groundnuts,Oils & Meals,($/mt),1500.0,-8.26,-37.5,-40.66,-11.76,-0.56
2013-04-01,2013,4,Groundnuts,Oils & Meals,($/mt),1500.0,0.0,-37.5,-40.66,-11.76,0.41
2013-05-01,2013,5,Groundnuts,Oils & Meals,($/mt),1500.0,0.0,-8.26,-37.5,-11.76,0.41
2013-06-01,2013,6,Groundnuts,Oils & Meals,($/mt),1500.0,0.0,0.0,-37.5,-11.76,0.36
2013-07-01,2013,7,Groundnuts,Oils & Meals,($/mt),1433.0,-4.47,-4.47,-40.29,-15.71,-0.12
2013-08-01,2013,8,Groundnuts,Oils & Meals,($/mt),1343.0,-6.28,-10.47,-44.04,-17.1,-0.28
2013-09-01,2013,9,Groundnuts,Oils & Meals,($/mt),1325.0,-1.34,-11.67,-44.79,-18.01,0.32
2013-10-01,2013,10,Groundnuts,Oils & Meals,($/mt),1336.0,0.83,-6.77,-44.33,-10.28,0.57
2013-11-01,2013,11,Groundnuts,Oils & Meals,($/mt),1357.0,1.57,1.04,-43.46,7.27,0.64
2013-12-01,2013,12,Groundnuts,Oils & Meals,($/mt),1342.0,-1.11,1.28,-44.08,7.36,0.33
2014-01-01,2014,1,Groundnuts,Oils & Meals,($/mt),1299.0,-3.2,-2.77,-45.88,8.7,0.11
2014-02-01,2014,2,Groundnuts,Oils & Meals,($/mt),1250.0,-3.77,-7.89,-23.55,12.61,0.08
2014-03-01,2014,3,Groundnuts,Oils & Meals,($/mt),1236.0,-1.12,-7.9,-17.6,12.36,0.34
2014-04-01,2014,4,Groundnuts,Oils & Meals,($/mt),1197.0,-3.16,-7.85,-20.2,8.82,-0.67
2014-05-01,2014,5,Groundnuts,Oils & Meals,($/mt),1180.0,-1.42,-5.6,-21.33,7.27,0.18
2014-06-01,2014,6,Groundnuts,Oils & Meals,($/mt),1180.0,0.0,-4.53,-21.33,7.27,0.86
2014-07-01,2014,7,Groundnuts,Oils & Meals,($/mt),1182.0,0.17,-1.25,-17.52,7.45,0.93
2014-08-01,2014,8,Groundnuts,Oils & Meals,($/mt),1200.0,1.52,1.69,-10.65,7.24,1.4
2014-09-01,2014,9,Groundnuts,Oils & Meals,($/mt),1214.0,1.17,2.88,-8.38,5.57,1.15
2014-10-01,2014,10,Groundnuts,Oils & Meals,($/mt),1339.0,10.3,13.28,0.22,16.43,5.79
2014-11-01,2014,11,Groundnuts,Oils & Meals,($/mt),1397.0,4.33,16.42,2.95,21.48,1.15
2014-12-01,2014,12,Groundnuts,Oils & Meals,($/mt),1427.0,2.15,17.55,6.33,20.32,0.47
2015-01-01,2015,1,Groundnuts,Oils & Meals,($/mt),1393.0,-2.38,4.03,7.24,15.79,-0.76
2015-02-01,2015,2,Groundnuts,Oils & Meals,($/mt),1350.0,-3.09,-3.36,8.0,12.5,-0.98
2015-03-01,2015,3,Groundnuts,Oils & Meals,($/mt),1350.0,0.0,-5.4,9.22,12.5,-0.19
2015-04-01,2015,4,Groundnuts,Oils & Meals,($/mt),1340.0,-0.74,-3.8,11.95,11.67,-0.41
2015-05-01,2015,5,Groundnuts,Oils & Meals,($/mt),1270.0,-5.22,-5.93,7.63,5.83,-1.75
2015-06-01,2015,6,Groundnuts,Oils & Meals,($/mt),1250.0,-1.57,-7.41,5.93,4.17,-0.57
2015-07-01,2015,7,Groundnuts,Oils & Meals,($/mt),1269.0,1.52,-5.3,7.36,5.75,0.24
2015-08-01,2015,8,Groundnuts,Oils & Meals,($/mt),1234.0,-2.76,-2.83,2.83,0.16,-0.86
2015-09-01,2015,9,Groundnuts,Oils & Meals,($/mt),1280.0,3.73,2.4,5.44,2.4,0.83
2015-10-01,2015,10,Groundnuts,Oils & Meals,($/mt),1280.0,0.0,0.87,-4.41,-0.08,-0.12
2015-11-01,2015,11,Groundnuts,Oils & Meals,($/mt),1308.0,2.19,6.0,-6.37,-3.11,0.88
2015-12-01,2015,12,Groundnuts,Oils & Meals,($/mt),1336.0,2.14,4.37,-6.38,-2.69,1.01
2016-01-01,2016,1,Groundnuts,Oils & Meals,($/mt),1308.0,-2.1,2.19,-6.1,-8.34,-0.6
2016-02-01,2016,2,Groundnuts,Oils & Meals,($/mt),1280.0,-2.14,-2.14,-5.19,-10.3,-0.63
2016-03-01,2016,3,Groundnuts,Oils & Meals,($/mt),1280.0,0.0,-4.19,-5.19,-13.86,0.16
2016-04-01,2016,4,Groundnuts,Oils & Meals,($/mt),1294.0,1.09,-1.07,-3.43,-19.02,0.6
2016-05-01,2016,5,Groundnuts,Oils & Meals,($/mt),1200.0,-7.26,-6.25,-5.51,-29.82,-2.73
2016-06-01,2016,6,Groundnuts,Oils & Meals,($/mt),1195.0,-0.42,-6.64,-4.4,-31.16,0.0
2016-07-01,2016,7,Groundnuts,Oils & Meals,($/mt),1328.0,11.13,2.63,4.65,-28.87,3.9
2016-08-01,2016,8,Groundnuts,Oils & Meals,($/mt),1566.0,17.92,30.5,26.9,-23.76,3.95
2016-09-01,2016,9,Groundnuts,Oils & Meals,($/mt),1550.0,-1.02,29.71,21.09,-27.26,-0.49
2016-10-01,2016,10,Groundnuts,Oils & Meals,($/mt),1550.0,0.0,16.72,21.09,-28.47,-0.27
2016-11-01,2016,11,Groundnuts,Oils & Meals,($/mt),1564.0,0.9,-0.13,19.57,-36.73,-0.13
2016-12-01,2016,12,Groundnuts,Oils & Meals,($/mt),1600.0,2.3,3.23,19.76,-36.71,0.09
2017-01-01,2017,1,Groundnuts,Oils & Meals,($/mt),1644.0,2.75,6.06,25.69,-34.97,0.16
2017-02-01,2017,2,Groundnuts,Oils & Meals,($/mt),1654.0,0.61,5.75,29.22,-34.57,-0.23
2017-03-01,2017,3,Groundnuts,Oils & Meals,($/mt),1641.0,-0.79,2.56,28.2,-35.09,-0.49
2017-04-01,2017,4,Groundnuts,Oils & Meals,($/mt),1600.0,-2.5,-2.68,23.65,-36.71,-0.74
2017-05-01,2017,5,Groundnuts,Oils & Meals,($/mt),1593.0,-0.44,-3.69,32.75,-33.63,-0.37
2017-06-01,2017,6,Groundnuts,Oils & Meals,($/mt),1592.0,-0.06,-2.99,33.22,-33.67,-0.44
2017-07-01,2017,7,Groundnuts,Oils & Meals,($/mt),1486.0,-6.66,-7.13,11.9,-38.08,-1.55
2017-08-01,2017,8,Groundnuts,Oils & Meals,($/mt),1433.0,-3.57,-10.04,-8.49,-40.29,-0.8
2017-09-01,2017,9,Groundnuts,Oils & Meals,($/mt),1382.0,-3.56,-13.19,-10.84,-42.42,-1.11
2017-10-01,2017,10,Groundnuts,Oils & Meals,($/mt),1325.0,-4.12,-10.83,-14.52,-44.79,-1.18
2017-11-01,2017,11,Groundnuts,Oils & Meals,($/mt),1260.0,-4.91,-12.07,-19.44,-47.5,-1.28
2017-12-01,2017,12,Groundnuts,Oils & Meals,($/mt),1231.0,-2.3,-10.93,-23.06,-48.71,-0.19
2018-01-01,2018,1,Groundnuts,Oils & Meals,($/mt),1180.0,-4.14,-10.94,-28.22,-50.83,-0.76
2018-02-01,2018,2,Groundnuts,Oils & Meals,($/mt),1160.0,-1.69,-7.94,-29.87,-29.05,0.46
2018-03-01,2018,3,Groundnuts,Oils & Meals,($/mt),1227.0,5.78,-0.32,-25.23,-18.2,4.4
2018-04-01,2018,4,Groundnuts,Oils & Meals,($/mt),1380.0,12.47,16.95,-13.75,-8.0,4.69
2018-05-01,2018,5,Groundnuts,Oils & Meals,($/mt),1450.0,5.07,25.0,-8.98,-3.33,1.16
2018-06-01,2018,6,Groundnuts,Oils & Meals,($/mt),1503.0,3.66,22.49,-5.59,0.2,0.77
2018-07-01,2018,7,Groundnuts,Oils & Meals,($/mt),1451.0,-3.46,5.14,-2.36,1.26,-0.54
2018-08-01,2018,8,Groundnuts,Oils & Meals,($/mt),1405.0,-3.17,-3.1,-1.95,4.62,-0.57
2018-09-01,2018,9,Groundnuts,Oils & Meals,($/mt),1380.0,-1.78,-8.18,-0.14,4.15,-0.32
2018-10-01,2018,10,Groundnuts,Oils & Meals,($/mt),1265.0,-8.33,-12.82,-4.53,-5.31,-1.57
2018-11-01,2018,11,Groundnuts,Oils & Meals,($/mt),1224.0,-3.24,-12.88,-2.86,-9.8,-0.52
2018-12-01,2018,12,Groundnuts,Oils & Meals,($/mt),1213.0,-0.9,-12.1,-1.46,-9.61,-0.14
2019-01-01,2019,1,Groundnuts,Oils & Meals,($/mt),1235.0,1.81,-2.37,4.66,-4.93,0.32
2019-02-01,2019,2,Groundnuts,Oils & Meals,($/mt),1368.0,10.77,11.76,17.93,9.44,1.85
2019-03-01,2019,3,Groundnuts,Oils & Meals,($/mt),1383.0,1.1,14.01,12.71,11.89,-0.07
2019-04-01,2019,4,Groundnuts,Oils & Meals,($/mt),1319.0,-4.63,6.8,-4.42,10.19,-0.96
2019-05-01,2019,5,Groundnuts,Oils & Meals,($/mt),1313.0,-0.45,-4.02,-9.45,11.27,-0.04
2019-06-01,2019,6,Groundnuts,Oils & Meals,($/mt),1315.0,0.15,-4.92,-12.51,11.44,0.18
2019-07-01,2019,7,Groundnuts,Oils & Meals,($/mt),1260.0,-4.18,-4.47,-13.16,6.6,-0.68
2019-08-01,2019,8,Groundnuts,Oils & Meals,($/mt),1252.0,-0.63,-4.65,-10.89,4.33,0.09
2019-09-01,2019,9,Groundnuts,Oils & Meals,($/mt),1321.0,5.51,0.46,-4.28,8.81,1.38
2019-10-01,2019,10,Groundnuts,Oils & Meals,($/mt),1359.0,2.88,7.86,7.43,1.49,0.63
2019-11-01,2019,11,Groundnuts,Oils & Meals,($/mt),1400.0,3.02,11.82,14.38,0.21,0.54
2019-12-01,2019,12,Groundnuts,Oils & Meals,($/mt),1529.0,9.21,15.75,26.05,7.15,1.92
2020-01-01,2020,1,Groundnuts,Oils & Meals,($/mt),1672.0,9.35,23.03,35.38,20.03,1.56
2020-02-01,2020,2,Groundnuts,Oils & Meals,($/mt),1719.0,2.81,22.79,25.66,27.33,0.03
2020-03-01,2020,3,Groundnuts,Oils & Meals,($/mt),1868.0,8.67,22.17,35.07,38.37,1.49
2020-04-01,2020,4,Groundnuts,Oils & Meals,($/mt),2050.0,9.74,22.61,55.42,52.99,1.46
2020-05-01,2020,5,Groundnuts,Oils & Meals,($/mt),2050.0,0.0,19.26,56.13,61.42,-0.82
2020-06-01,2020,6,Groundnuts,Oils & Meals,($/mt),2050.0,0.0,9.74,55.89,64.0,-0.84
2020-07-01,2020,7,Groundnuts,Oils & Meals,($/mt),1985.0,-3.17,-3.17,57.54,56.42,-1.52
2020-08-01,2020,8,Groundnuts,Oils & Meals,($/mt),1930.0,-2.77,-5.85,54.15,56.4,-1.5
2020-09-01,2020,9,Groundnuts,Oils & Meals,($/mt),1664.0,-13.78,-18.83,25.97,30.0,-3.72
2020-10-01,2020,10,Groundnuts,Oils & Meals,($/mt),1533.0,-7.87,-22.77,12.8,19.77,-1.46
2020-11-01,2020,11,Groundnuts,Oils & Meals,($/mt),1607.0,4.83,-16.74,14.79,22.86,0.48
2020-12-01,2020,12,Groundnuts,Oils & Meals,($/mt),1938.0,20.6,16.47,26.75,45.06,2.56
2021-01-01,2021,1,Groundnuts,Oils & Meals,($/mt),1893.0,-2.32,23.48,13.22,44.72,-0.51
2021-02-01,2021,2,Groundnuts,Oils & Meals,($/mt),1875.0,-0.95,16.68,9.08,46.48,-0.26
2021-03-01,2021,3,Groundnuts,Oils & Meals,($/mt),1623.0,-13.44,-16.25,-13.12,26.8,-1.62
2021-04-01,2021,4,Groundnuts,Oils & Meals,($/mt),1427.0,-12.08,-24.62,-30.39,10.28,-1.19
2021-05-01,2021,5,Groundnuts,Oils & Meals,($/mt),1450.0,1.61,-22.67,-29.27,20.83,0.45
2021-06-01,2021,6,Groundnuts,Oils & Meals,($/mt),1450.0,0.0,-10.66,-29.27,21.34,0.26
2021-07-01,2021,7,Groundnuts,Oils & Meals,($/mt),1457.0,0.48,2.1,-26.6,9.71,0.31
2021-08-01,2021,8,Groundnuts,Oils & Meals,($/mt),1443.0,-0.96,-0.48,-25.23,-7.85,0.12
2021-09-01,2021,9,Groundnuts,Oils & Meals,($/mt),1476.0,2.29,1.79,-11.3,-4.77,0.45
2021-10-01,2021,10,Groundnuts,Oils & Meals,($/mt),1539.0,4.27,5.63,0.39,-0.71,0.56
2021-11-01,2021,11,Groundnuts,Oils & Meals,($/mt),1552.0,0.84,7.55,-3.42,-0.77,0.06
2021-12-01,2021,12,Groundnuts,Oils & Meals,($/mt),1475.0,-4.96,-0.07,-23.89,-7.81,-0.59
2022-01-01,2022,1,Groundnuts,Oils & Meals,($/mt),1480.0,0.34,-3.83,-21.82,-9.98,0.44
2022-02-01,2022,2,Groundnuts,Oils & Meals,($/mt),1496.0,1.08,-3.61,-20.21,-9.55,0.53
2022-03-01,2022,3,Groundnuts,Oils & Meals,($/mt),1491.0,-0.33,1.08,-8.13,-9.14,0.25
2022-04-01,2022,4,Groundnuts,Oils & Meals,($/mt),1444.0,-3.15,-2.43,1.19,-9.75,-0.6
2022-05-01,2022,5,Groundnuts,Oils & Meals,($/mt),1483.0,2.7,-0.87,2.28,-6.91,1.07
2022-06-01,2022,6,Groundnuts,Oils & Meals,($/mt),1607.0,8.36,7.78,10.83,0.94,3.28
2022-07-01,2022,7,Groundnuts,Oils & Meals,($/mt),1621.0,0.87,12.26,11.26,9.08,-0.01
2022-08-01,2022,8,Groundnuts,Oils & Meals,($/mt),1625.0,0.25,9.58,12.61,13.4,-0.2
2022-09-01,2022,9,Groundnuts,Oils & Meals,($/mt),1642.0,1.05,2.18,11.25,18.81,0.0
2022-10-01,2022,10,Groundnuts,Oils & Meals,($/mt),1619.0,-1.4,-0.12,5.2,22.19,-0.7
2022-11-01,2022,11,Groundnuts,Oils & Meals,($/mt),1639.0,1.24,0.86,5.61,30.08,0.24
2022-12-01,2022,12,Groundnuts,Oils & Meals,($/mt),1670.0,1.89,1.71,13.22,35.66,0.43
2023-01-01,2023,1,Groundnuts,Oils & Meals,($/mt),1681.0,0.66,3.83,13.58,42.46,-0.15
2023-02-01,2023,2,Groundnuts,Oils & Meals,($/mt),1750.0,4.1,6.77,16.98,50.86,1.09
2023-03-01,2023,3,Groundnuts,Oils & Meals,($/mt),1750.0,0.0,4.79,17.37,42.62,-0.47
2023-04-01,2023,4,Groundnuts,Oils & Meals,($/mt),1738.0,-0.69,3.39,20.36,25.94,-0.72
2023-05-01,2023,5,Groundnuts,Oils & Meals,($/mt),1773.0,2.01,1.31,19.55,22.28,0.17
2023-06-01,2023,6,Groundnuts,Oils & Meals,($/mt),1850.0,4.34,5.71,15.12,23.09,1.1
2023-07-01,2023,7,Groundnuts,Oils & Meals,($/mt),1960.0,5.95,12.77,20.91,35.08,2.76
2023-08-01,2023,8,Groundnuts,Oils & Meals,($/mt),2000.0,2.04,12.8,23.08,42.35,0.19
2023-09-01,2023,9,Groundnuts,Oils & Meals,($/mt),2050.0,2.5,10.81,24.85,48.55,0.34
2023-10-01,2023,10,Groundnuts,Oils & Meals,($/mt),2050.0,0.0,4.59,26.62,62.06,-0.88
2023-11-01,2023,11,Groundnuts,Oils & Meals,($/mt),2050.0,0.0,2.5,25.08,67.48,-1.01
2023-12-01,2023,12,Groundnuts,Oils & Meals,($/mt),2050.0,0.0,0.0,22.75,69.0,-0.92
2024-01-01,2024,1,Groundnuts,Oils & Meals,($/mt),2056.0,0.29,0.29,22.31,66.48,-0.68
2024-02-01,2024,2,Groundnuts,Oils & Meals,($/mt),2025.0,-1.51,-1.22,15.71,48.03,-1.5
2024-03-01,2024,3,Groundnuts,Oils & Meals,($/mt),1950.0,-3.7,-4.88,11.43,41.0,-2.26
2024-04-01,2024,4,Groundnuts,Oils & Meals,($/mt),1850.0,-5.13,-10.02,6.44,40.26,-2.33
2024-05-01,2024,5,Groundnuts,Oils & Meals,($/mt),1800.0,-2.7,-11.11,1.52,37.09,-1.05
2024-06-01,2024,6,Groundnuts,Oils & Meals,($/mt),1813.0,0.72,-7.03,-2.0,37.87,0.17
2024-07-01,2024,7,Groundnuts,Oils & Meals,($/mt),1840.0,1.49,-0.54,-6.12,46.03,0.55
2024-08-01,2024,8,Groundnuts,Oils & Meals,($/mt),1688.0,-8.26,-6.22,-15.6,34.82,-3.33
2024-09-01,2024,9,Groundnuts,Oils & Meals,($/mt),1525.0,-9.66,-15.89,-25.61,15.44,-2.69
2024-10-01,2024,10,Groundnuts,Oils & Meals,($/mt),1575.0,3.28,-14.4,-23.17,15.89,1.55
2024-11-01,2024,11,Groundnuts,Oils & Meals,($/mt),1700.0,7.94,0.71,-17.07,21.43,2.54
2024-12-01,2024,12,Groundnuts,Oils & Meals,($/mt),1700.0,0.0,11.48,-17.07,11.18,0.29
2025-01-01,2025,1,Groundnuts,Oils & Meals,($/mt),1688.0,-0.71,7.17,-17.9,0.96,0.15
2025-02-01,2025,2,Groundnuts,Oils & Meals,($/mt),1650.0,-2.25,-2.94,-18.52,-4.01,-0.15
2025-03-01,2025,3,Groundnuts,Oils & Meals,($/mt),1550.0,-6.06,-8.82,-20.51,-17.02,-0.92
2025-04-01,2025,4,Groundnuts,Oils & Meals,($/mt),1375.0,-11.29,-18.54,-25.68,-32.93,-1.9
2025-05-01,2025,5,Groundnuts,Oils & Meals,($/mt),1313.0,-4.51,-20.42,-27.06,-35.95,-0.39
2025-06-01,2025,6,Groundnuts,Oils & Meals,($/mt),1300.0,-0.99,-16.13,-28.3,-36.59,0.26
2025-07-01,2025,7,Groundnuts,Oils & Meals,($/mt),1250.0,-3.85,-9.09,-32.07,-37.03,-0.22
2025-08-01,2025,8,Groundnuts,Oils & Meals,($/mt),1250.0,0.0,-4.8,-25.95,-35.23,0.55
2025-09-01,2025,9,Groundnuts,Oils & Meals,($/mt),1235.0,-1.2,-5.0,-19.02,-25.78,0.22
2025-10-01,2025,10,Groundnuts,Oils & Meals,($/mt),1200.0,-2.83,-4.0,-23.81,-21.72,-0.25
2025-11-01,2025,11,Groundnuts,Oils & Meals,($/mt),1200.0,0.0,-4.0,-29.41,-25.33,0.48
2025-12-01,2025,12,Groundnuts,Oils & Meals,($/mt),1200.0,0.0,-2.83,-29.41,-38.08,0.85
2026-01-01,2026,1,Groundnuts,Oils & Meals,($/mt),1206.0,0.5,0.5,-28.55,-36.29,1.0
2026-02-01,2026,2,Groundnuts,Oils & Meals,($/mt),1238.0,2.65,3.17,-24.97,-33.97,1.58
2026-03-01,2026,3,Groundnuts,Oils & Meals,($/mt),1250.0,0.97,4.17,-19.35,-22.98,0.87
2026-04-01,2026,4,Groundnuts,Oils & Meals,($/mt),1250.0,0.0,3.65,-9.09,-12.4,0.47
2026-05-01,2026,5,Groundnuts,Oils & Meals,($/mt),1250.0,0.0,0.97,-4.8,-13.79,0.37
2026-06-01,2026,6,Groundnuts,Oils & Meals,($/mt),1250.0,0.0,0.0,-3.85,-13.79,0.23
2026-07-01,2026,7,Groundnuts,Oils & Meals,($/mt),1250.0,0.0,0.0,0.0,-14.21,0.19
2026-08-01,2026,8,Groundnuts,Oils & Meals,($/mt),1500.0,20.0,20.0,20.0,3.95,15.76
2026-09-01,2026,9,Groundnuts,Oils & Meals,($/mt),1563.0,4.2,25.04,26.56,5.89,0.43
1960-01-01,1960,1,"Iron ore, cfr spot",Metals,($/dmtu),11.4,,,,,
1960-02-01,1960,2,"Iron ore, cfr spot",Metals,($/dmtu),11.4,0.0,,,,
1960-03-01,1960,3,"Iron ore, cfr spot",Metals,($/dmtu),11.4,0.0,,,,
1960-04-01,1960,4,"Iron ore, cfr spot",Metals,($/dmtu),11.4,0.0,0.0,,,
1960-05-01,1960,5,"Iron ore, cfr spot",Metals,($/dmtu),11.4,0.0,0.0,,,
1960-06-01,1960,6,"Iron ore, cfr spot",Metals,($/dmtu),11.4,0.0,0.0,,,
1960-07-01,1960,7,"Iron ore, cfr spot",Metals,($/dmtu),11.4,0.0,0.0,,,
1960-08-01,1960,8,"Iron ore, cfr spot",Metals,($/dmtu),11.4,0.0,0.0,,,0.0
1960-09-01,1960,9,"Iron ore, cfr spot",Metals,($/dmtu),11.4,0.0,0.0,,,0.0
1960-10-01,1960,10,"Iron ore, cfr spot",Metals,($/dmtu),11.4,0.0,0.0,,,0.0
1960-11-01,1960,11,"Iron ore, cfr spot",Metals,($/dmtu),11.4,0.0,0.0,,,0.0
1960-12-01,1960,12,"Iron ore, cfr spot",Metals,($/dmtu),11.4,0.0,0.0,,,0.0
1961-01-01,1961,1,"Iron ore, cfr spot",Metals,($/dmtu),11.0,-3.51,-3.51,-3.51,,0.0
1961-02-01,1961,2,"Iron ore, cfr spot",Metals,($/dmtu),11.0,0.0,-3.51,-3.51,,0.29
1961-03-01,1961,3,"Iron ore, cfr spot",Metals,($/dmtu),11.0,0.0,-3.51,-3.51,,0.29
1961-04-01,1961,4,"Iron ore, cfr spot",Metals,($/dmtu),11.0,0.0,0.0,-3.51,,0.29
1961-05-01,1961,5,"Iron ore, cfr spot",Metals,($/dmtu),11.0,0.0,0.0,-3.51,,0.29
1961-06-01,1961,6,"Iron ore, cfr spot",Metals,($/dmtu),11.0,0.0,0.0,-3.51,,0.29
1961-07-01,1961,7,"Iron ore, cfr spot",Metals,($/dmtu),11.0,0.0,0.0,-3.51,,0.29
1961-08-01,1961,8,"Iron ore, cfr spot",Metals,($/dmtu),11.0,0.0,0.0,-3.51,,0.29
1961-09-01,1961,9,"Iron ore, cfr spot",Metals,($/dmtu),11.0,0.0,0.0,-3.51,,0.29
1961-10-01,1961,10,"Iron ore, cfr spot",Metals,($/dmtu),11.0,0.0,0.0,-3.51,,0.29
1961-11-01,1961,11,"Iron ore, cfr spot",Metals,($/dmtu),11.0,0.0,0.0,-3.51,,0.29
1961-12-01,1961,12,"Iron ore, cfr spot",Metals,($/dmtu),11.0,0.0,0.0,-3.51,,0.29
1962-01-01,1962,1,"Iron ore, cfr spot",Metals,($/dmtu),11.0,0.0,0.0,0.0,,0.29
1962-02-01,1962,2,"Iron ore, cfr spot",Metals,($/dmtu),11.0,0.0,0.0,0.0,,0.0
1962-03-01,1962,3,"Iron ore, cfr spot",Metals,($/dmtu),11.0,0.0,0.0,0.0,,0.0
1962-04-01,1962,4,"Iron ore, cfr spot",Metals,($/dmtu),11.0,0.0,0.0,0.0,,0.0
1962-05-01,1962,5,"Iron ore, cfr spot",Metals,($/dmtu),11.0,0.0,0.0,0.0,,0.0
1962-06-01,1962,6,"Iron ore, cfr spot",Metals,($/dmtu),11.0,0.0,0.0,0.0,,0.0
1962-07-01,1962,7,"Iron ore, cfr spot",Metals,($/dmtu),11.0,0.0,0.0,0.0,,0.0
1962-08-01,1962,8,"Iron ore, cfr spot",Metals,($/dmtu),11.0,0.0,0.0,0.0,,0.0
1962-09-01,1962,9,"Iron ore, cfr spot",Metals,($/dmtu),11.0,0.0,0.0,0.0,,0.0
1962-10-01,1962,10,"Iron ore, cfr spot",Metals,($/dmtu),11.0,0.0,0.0,0.0,,0.0
1962-11-01,1962,11,"Iron ore, cfr spot",Metals,($/dmtu),11.0,0.0,0.0,0.0,,0.0
1962-12-01,1962,12,"Iron ore, cfr spot",Metals,($/dmtu),11.0,0.0,0.0,0.0,,0.0
1963-01-01,1963,1,"Iron ore, cfr spot",Metals,($/dmtu),11.0,0.0,0.0,0.0,,0.0
1963-02-01,1963,2,"Iron ore, cfr spot",Metals,($/dmtu),11.0,0.0,0.0,0.0,,0.0
1963-03-01,1963,3,"Iron ore, cfr spot",Metals,($/dmtu),11.0,0.0,0.0,0.0,,0.0
1963-04-01,1963,4,"Iron ore, cfr spot",Metals,($/dmtu),11.0,0.0,0.0,0.0,,0.0
1963-05-01,1963,5,"Iron ore, cfr spot",Metals,($/dmtu),11.0,0.0,0.0,0.0,,0.0
1963-06-01,1963,6,"Iron ore, cfr spot",Metals,($/dmtu),11.0,0.0,0.0,0.0,,0.0
1963-07-01,1963,7,"Iron ore, cfr spot",Metals,($/dmtu),11.0,0.0,0.0,0.0,,0.0
1963-08-01,1963,8,"Iron ore, cfr spot",Metals,($/dmtu),11.0,0.0,0.0,0.0,,0.0
1963-09-01,1963,9,"Iron ore, cfr spot",Metals,($/dmtu),11.0,0.0,0.0,0.0,,0.0
1963-10-01,1963,10,"Iron ore, cfr spot",Metals,($/dmtu),11.0,0.0,0.0,0.0,,0.0
1963-11-01,1963,11,"Iron ore, cfr spot",Metals,($/dmtu),11.0,0.0,0.0,0.0,,0.0
1963-12-01,1963,12,"Iron ore, cfr spot",Metals,($/dmtu),11.0,0.0,0.0,0.0,,0.0
1964-01-01,1964,1,"Iron ore, cfr spot",Metals,($/dmtu),10.2,-7.27,-7.27,-7.27,,0.0
1964-02-01,1964,2,"Iron ore, cfr spot",Metals,($/dmtu),10.2,0.0,-7.27,-7.27,,0.29
1964-03-01,1964,3,"Iron ore, cfr spot",Metals,($/dmtu),10.2,0.0,-7.27,-7.27,,0.29
1964-04-01,1964,4,"Iron ore, cfr spot",Metals,($/dmtu),10.2,0.0,0.0,-7.27,,0.29
1964-05-01,1964,5,"Iron ore, cfr spot",Metals,($/dmtu),10.2,0.0,0.0,-7.27,,0.29
1964-06-01,1964,6,"Iron ore, cfr spot",Metals,($/dmtu),10.2,0.0,0.0,-7.27,,0.29
1964-07-01,1964,7,"Iron ore, cfr spot",Metals,($/dmtu),10.2,0.0,0.0,-7.27,,0.29
1964-08-01,1964,8,"Iron ore, cfr spot",Metals,($/dmtu),10.2,0.0,0.0,-7.27,,0.29
1964-09-01,1964,9,"Iron ore, cfr spot",Metals,($/dmtu),10.2,0.0,0.0,-7.27,,0.29
1964-10-01,1964,10,"Iron ore, cfr spot",Metals,($/dmtu),10.2,0.0,0.0,-7.27,,0.29
1964-11-01,1964,11,"Iron ore, cfr spot",Metals,($/dmtu),10.2,0.0,0.0,-7.27,,0.29
1964-12-01,1964,12,"Iron ore, cfr spot",Metals,($/dmtu),10.2,0.0,0.0,-7.27,,0.29
1965-01-01,1965,1,"Iron ore, cfr spot",Metals,($/dmtu),10.2,0.0,0.0,0.0,-10.53,0.29
1965-02-01,1965,2,"Iron ore, cfr spot",Metals,($/dmtu),10.2,0.0,0.0,0.0,-10.53,0.0
1965-03-01,1965,3,"Iron ore, cfr spot",Metals,($/dmtu),10.2,0.0,0.0,0.0,-10.53,0.0
1965-04-01,1965,4,"Iron ore, cfr spot",Metals,($/dmtu),10.2,0.0,0.0,0.0,-10.53,0.0
1965-05-01,1965,5,"Iron ore, cfr spot",Metals,($/dmtu),15.3,50.0,50.0,50.0,34.21,0.0
1965-06-01,1965,6,"Iron ore, cfr spot",Metals,($/dmtu),10.2,-33.33,0.0,0.0,-10.53,-2.6
1965-07-01,1965,7,"Iron ore, cfr spot",Metals,($/dmtu),10.2,0.0,0.0,0.0,-10.53,-0.08
1965-08-01,1965,8,"Iron ore, cfr spot",Metals,($/dmtu),10.2,0.0,-33.33,0.0,-10.53,-0.08
1965-09-01,1965,9,"Iron ore, cfr spot",Metals,($/dmtu),10.2,0.0,0.0,0.0,-10.53,-0.08
1965-10-01,1965,10,"Iron ore, cfr spot",Metals,($/dmtu),10.2,0.0,0.0,0.0,-10.53,-0.08
1965-11-01,1965,11,"Iron ore, cfr spot",Metals,($/dmtu),10.2,0.0,0.0,0.0,-10.53,-0.08
1965-12-01,1965,12,"Iron ore, cfr spot",Metals,($/dmtu),10.2,0.0,0.0,0.0,-10.53,-0.08
1966-01-01,1966,1,"Iron ore, cfr spot",Metals,($/dmtu),9.5,-6.86,-6.86,-6.86,-13.64,-0.46
1966-02-01,1966,2,"Iron ore, cfr spot",Metals,($/dmtu),9.5,0.0,-6.86,-6.86,-13.64,-0.04
1966-03-01,1966,3,"Iron ore, cfr spot",Metals,($/dmtu),9.5,0.0,-6.86,-6.86,-13.64,-0.04
1966-04-01,1966,4,"Iron ore, cfr spot",Metals,($/dmtu),9.5,0.0,0.0,-6.86,-13.64,-0.04
1966-05-01,1966,5,"Iron ore, cfr spot",Metals,($/dmtu),9.5,0.0,0.0,-37.91,-13.64,-0.04
1966-06-01,1966,6,"Iron ore, cfr spot",Metals,($/dmtu),9.5,0.0,0.0,-6.86,-13.64,0.35
1966-07-01,1966,7,"Iron ore, cfr spot",Metals,($/dmtu),9.5,0.0,0.0,-6.86,-13.64,0.29
1966-08-01,1966,8,"Iron ore, cfr spot",Metals,($/dmtu),9.5,0.0,0.0,-6.86,-13.64,0.29
1966-09-01,1966,9,"Iron ore, cfr spot",Metals,($/dmtu),9.5,0.0,0.0,-6.86,-13.64,0.29
1966-10-01,1966,10,"Iron ore, cfr spot",Metals,($/dmtu),9.5,0.0,0.0,-6.86,-13.64,0.29
1966-11-01,1966,11,"Iron ore, cfr spot",Metals,($/dmtu),9.5,0.0,0.0,-6.86,-13.64,0.29
1966-12-01,1966,12,"Iron ore, cfr spot",Metals,($/dmtu),9.5,0.0,0.0,-6.86,-13.64,0.29
1967-01-01,1967,1,"Iron ore, cfr spot",Metals,($/dmtu),8.9,-6.32,-6.32,-6.32,-19.09,-2.9
1967-02-01,1967,2,"Iron ore, cfr spot",Metals,($/dmtu),8.9,0.0,-6.32,-6.32,-19.09,0.29
1967-03-01,1967,3,"Iron ore, cfr spot",Metals,($/dmtu),8.9,0.0,-6.32,-6.32,-19.09,0.29
1967-04-01,1967,4,"Iron ore, cfr spot",Metals,($/dmtu),8.9,0.0,0.0,-6.32,-19.09,0.29
1967-05-01,1967,5,"Iron ore, cfr spot",Metals,($/dmtu),8.9,0.0,0.0,-6.32,-19.09,0.29
1967-06-01,1967,6,"Iron ore, cfr spot",Metals,($/dmtu),8.9,0.0,0.0,-6.32,-19.09,0.29
1967-07-01,1967,7,"Iron ore, cfr spot",Metals,($/dmtu),8.9,0.0,0.0,-6.32,-19.09,0.29
1967-08-01,1967,8,"Iron ore, cfr spot",Metals,($/dmtu),8.9,0.0,0.0,-6.32,-19.09,0.29
1967-09-01,1967,9,"Iron ore, cfr spot",Metals,($/dmtu),8.9,0.0,0.0,-6.32,-19.09,0.29
1967-10-01,1967,10,"Iron ore, cfr spot",Metals,($/dmtu),8.9,0.0,0.0,-6.32,-19.09,0.29
1967-11-01,1967,11,"Iron ore, cfr spot",Metals,($/dmtu),8.9,0.0,0.0,-6.32,-19.09,0.29
1967-12-01,1967,12,"Iron ore, cfr spot",Metals,($/dmtu),8.9,0.0,0.0,-6.32,-19.09,0.29
1968-01-01,1968,1,"Iron ore, cfr spot",Metals,($/dmtu),8.8,-1.12,-1.12,-1.12,-20.0,-0.33
1968-02-01,1968,2,"Iron ore, cfr spot",Metals,($/dmtu),8.8,0.0,-1.12,-1.12,-20.0,0.29
1968-03-01,1968,3,"Iron ore, cfr spot",Metals,($/dmtu),8.8,0.0,-1.12,-1.12,-20.0,0.29
1968-04-01,1968,4,"Iron ore, cfr spot",Metals,($/dmtu),8.8,0.0,0.0,-1.12,-20.0,0.29
1968-05-01,1968,5,"Iron ore, cfr spot",Metals,($/dmtu),8.8,0.0,0.0,-1.12,-20.0,0.29
1968-06-01,1968,6,"Iron ore, cfr spot",Metals,($/dmtu),8.8,0.0,0.0,-1.12,-20.0,0.29
1968-07-01,1968,7,"Iron ore, cfr spot",Metals,($/dmtu),8.8,0.0,0.0,-1.12,-20.0,0.29
1968-08-01,1968,8,"Iron ore, cfr spot",Metals,($/dmtu),8.8,0.0,0.0,-1.12,-20.0,0.29
1968-09-01,1968,9,"Iron ore, cfr spot",Metals,($/dmtu),8.8,0.0,0.0,-1.12,-20.0,0.29
1968-10-01,1968,10,"Iron ore, cfr spot",Metals,($/dmtu),8.8,0.0,0.0,-1.12,-20.0,0.29
1968-11-01,1968,11,"Iron ore, cfr spot",Metals,($/dmtu),8.8,0.0,0.0,-1.12,-20.0,0.29
1968-12-01,1968,12,"Iron ore, cfr spot",Metals,($/dmtu),8.8,0.0,0.0,-1.12,-20.0,0.29
1969-01-01,1969,1,"Iron ore, cfr spot",Metals,($/dmtu),9.8,11.36,11.36,11.36,-3.92,35.32
1969-02-01,1969,2,"Iron ore, cfr spot",Metals,($/dmtu),9.8,0.0,11.36,11.36,-3.92,-0.29
1969-03-01,1969,3,"Iron ore, cfr spot",Metals,($/dmtu),9.8,0.0,11.36,11.36,-3.92,-0.29
1969-04-01,1969,4,"Iron ore, cfr spot",Metals,($/dmtu),9.8,0.0,0.0,11.36,-3.92,-0.29
1969-05-01,1969,5,"Iron ore, cfr spot",Metals,($/dmtu),9.8,0.0,0.0,11.36,-3.92,-0.29
1969-06-01,1969,6,"Iron ore, cfr spot",Metals,($/dmtu),9.8,0.0,0.0,11.36,-3.92,-0.29
1969-07-01,1969,7,"Iron ore, cfr spot",Metals,($/dmtu),9.8,0.0,0.0,11.36,-3.92,-0.29
1969-08-01,1969,8,"Iron ore, cfr spot",Metals,($/dmtu),9.8,0.0,0.0,11.36,-3.92,-0.29
1969-09-01,1969,9,"Iron ore, cfr spot",Metals,($/dmtu),9.8,0.0,0.0,11.36,-3.92,-0.29
1969-10-01,1969,10,"Iron ore, cfr spot",Metals,($/dmtu),9.8,0.0,0.0,11.36,-3.92,-0.29
1969-11-01,1969,11,"Iron ore, cfr spot",Metals,($/dmtu),9.8,0.0,0.0,11.36,-3.92,-0.29
1969-12-01,1969,12,"Iron ore, cfr spot",Metals,($/dmtu),9.8,0.0,0.0,11.36,-3.92,-0.29
1970-01-01,1970,1,"Iron ore, cfr spot",Metals,($/dmtu),9.8,0.0,0.0,0.0,-3.92,-0.29
1970-02-01,1970,2,"Iron ore, cfr spot",Metals,($/dmtu),9.8,0.0,0.0,0.0,-3.92,0.0
1970-03-01,1970,3,"Iron ore, cfr spot",Metals,($/dmtu),9.8,0.0,0.0,0.0,-3.92,0.0
1970-04-01,1970,4,"Iron ore, cfr spot",Metals,($/dmtu),9.8,0.0,0.0,0.0,-3.92,0.0
1970-05-01,1970,5,"Iron ore, cfr spot",Metals,($/dmtu),9.8,0.0,0.0,0.0,-35.95,0.0
1970-06-01,1970,6,"Iron ore, cfr spot",Metals,($/dmtu),9.8,0.0,0.0,0.0,-3.92,0.0
1970-07-01,1970,7,"Iron ore, cfr spot",Metals,($/dmtu),9.8,0.0,0.0,0.0,-3.92,0.0
1970-08-01,1970,8,"Iron ore, cfr spot",Metals,($/dmtu),9.8,0.0,0.0,0.0,-3.92,0.0
1970-09-01,1970,9,"Iron ore, cfr spot",Metals,($/dmtu),9.8,0.0,0.0,0.0,-3.92,0.0
1970-10-01,1970,10,"Iron ore, cfr spot",Metals,($/dmtu),9.8,0.0,0.0,0.0,-3.92,0.0
1970-11-01,1970,11,"Iron ore, cfr spot",Metals,($/dmtu),9.8,0.0,0.0,0.0,-3.92,0.0
1970-12-01,1970,12,"Iron ore, cfr spot",Metals,($/dmtu),9.8,0.0,0.0,0.0,-3.92,0.0
1971-01-01,1971,1,"Iron ore, cfr spot",Metals,($/dmtu),10.3,5.1,5.1,5.1,8.42,0.0
1971-02-01,1971,2,"Iron ore, cfr spot",Metals,($/dmtu),10.3,0.0,5.1,5.1,8.42,-0.29
1971-03-01,1971,3,"Iron ore, cfr spot",Metals,($/dmtu),10.3,0.0,5.1,5.1,8.42,-0.29
1971-04-01,1971,4,"Iron ore, cfr spot",Metals,($/dmtu),10.3,0.0,0.0,5.1,8.42,-0.29
1971-05-01,1971,5,"Iron ore, cfr spot",Metals,($/dmtu),10.3,0.0,0.0,5.1,8.42,-0.29
1971-06-01,1971,6,"Iron ore, cfr spot",Metals,($/dmtu),10.3,0.0,0.0,5.1,8.42,-0.29
1971-07-01,1971,7,"Iron ore, cfr spot",Metals,($/dmtu),10.3,0.0,0.0,5.1,8.42,-0.29
1971-08-01,1971,8,"Iron ore, cfr spot",Metals,($/dmtu),10.3,0.0,0.0,5.1,8.42,-0.29
1971-09-01,1971,9,"Iron ore, cfr spot",Metals,($/dmtu),10.3,0.0,0.0,5.1,8.42,-0.29
1971-10-01,1971,10,"Iron ore, cfr spot",Metals,($/dmtu),10.3,0.0,0.0,5.1,8.42,-0.29
1971-11-01,1971,11,"Iron ore, cfr spot",Metals,($/dmtu),10.3,0.0,0.0,5.1,8.42,-0.29
1971-12-01,1971,12,"Iron ore, cfr spot",Metals,($/dmtu),10.3,0.0,0.0,5.1,8.42,-0.29
1972-01-01,1972,1,"Iron ore, cfr spot",Metals,($/dmtu),10.3,0.0,0.0,0.0,15.73,-0.29
1972-02-01,1972,2,"Iron ore, cfr spot",Metals,($/dmtu),10.3,0.0,0.0,0.0,15.73,0.0
1972-03-01,1972,3,"Iron ore, cfr spot",Metals,($/dmtu),10.3,0.0,0.0,0.0,15.73,0.0
1972-04-01,1972,4,"Iron ore, cfr spot",Metals,($/dmtu),10.3,0.0,0.0,0.0,15.73,0.0
1972-05-01,1972,5,"Iron ore, cfr spot",Metals,($/dmtu),10.3,0.0,0.0,0.0,15.73,0.0
1972-06-01,1972,6,"Iron ore, cfr spot",Metals,($/dmtu),10.3,0.0,0.0,0.0,15.73,0.0
1972-07-01,1972,7,"Iron ore, cfr spot",Metals,($/dmtu),10.3,0.0,0.0,0.0,15.73,0.0
1972-08-01,1972,8,"Iron ore, cfr spot",Metals,($/dmtu),10.3,0.0,0.0,0.0,15.73,0.0
1972-09-01,1972,9,"Iron ore, cfr spot",Metals,($/dmtu),10.3,0.0,0.0,0.0,15.73,0.0
1972-10-01,1972,10,"Iron ore, cfr spot",Metals,($/dmtu),10.3,0.0,0.0,0.0,15.73,0.0
1972-11-01,1972,11,"Iron ore, cfr spot",Metals,($/dmtu),10.3,0.0,0.0,0.0,15.73,0.0
1972-12-01,1972,12,"Iron ore, cfr spot",Metals,($/dmtu),10.3,0.0,0.0,0.0,15.73,0.0
1973-01-01,1973,1,"Iron ore, cfr spot",Metals,($/dmtu),10.3,0.0,0.0,0.0,17.05,0.0
1973-02-01,1973,2,"Iron ore, cfr spot",Metals,($/dmtu),10.3,0.0,0.0,0.0,17.05,0.0
1973-03-01,1973,3,"Iron ore, cfr spot",Metals,($/dmtu),10.3,0.0,0.0,0.0,17.05,0.0
1973-04-01,1973,4,"Iron ore, cfr spot",Metals,($/dmtu),10.3,0.0,0.0,0.0,17.05,0.0
1973-05-01,1973,5,"Iron ore, cfr spot",Metals,($/dmtu),10.3,0.0,0.0,0.0,17.05,0.0
1973-06-01,1973,6,"Iron ore, cfr spot",Metals,($/dmtu),10.3,0.0,0.0,0.0,17.05,0.0
1973-07-01,1973,7,"Iron ore, cfr spot",Metals,($/dmtu),10.3,0.0,0.0,0.0,17.05,0.0
1973-08-01,1973,8,"Iron ore, cfr spot",Metals,($/dmtu),10.3,0.0,0.0,0.0,17.05,0.0
1973-09-01,1973,9,"Iron ore, cfr spot",Metals,($/dmtu),10.3,0.0,0.0,0.0,17.05,0.0
1973-10-01,1973,10,"Iron ore, cfr spot",Metals,($/dmtu),10.3,0.0,0.0,0.0,17.05,0.0
1973-11-01,1973,11,"Iron ore, cfr spot",Metals,($/dmtu),10.3,0.0,0.0,0.0,17.05,0.0
1973-12-01,1973,12,"Iron ore, cfr spot",Metals,($/dmtu),10.3,0.0,0.0,0.0,17.05,0.0
1974-01-01,1974,1,"Iron ore, cfr spot",Metals,($/dmtu),13.4,30.1,30.1,30.1,36.73,0.0
1974-02-01,1974,2,"Iron ore, cfr spot",Metals,($/dmtu),13.4,0.0,30.1,30.1,36.73,-0.29
1974-03-01,1974,3,"Iron ore, cfr spot",Metals,($/dmtu),13.4,0.0,30.1,30.1,36.73,-0.29
1974-04-01,1974,4,"Iron ore, cfr spot",Metals,($/dmtu),13.4,0.0,0.0,30.1,36.73,-0.29
1974-05-01,1974,5,"Iron ore, cfr spot",Metals,($/dmtu),13.4,0.0,0.0,30.1,36.73,-0.29
1974-06-01,1974,6,"Iron ore, cfr spot",Metals,($/dmtu),13.4,0.0,0.0,30.1,36.73,-0.29
1974-07-01,1974,7,"Iron ore, cfr spot",Metals,($/dmtu),13.4,0.0,0.0,30.1,36.73,-0.29
1974-08-01,1974,8,"Iron ore, cfr spot",Metals,($/dmtu),13.4,0.0,0.0,30.1,36.73,-0.29
1974-09-01,1974,9,"Iron ore, cfr spot",Metals,($/dmtu),13.4,0.0,0.0,30.1,36.73,-0.29
1974-10-01,1974,10,"Iron ore, cfr spot",Metals,($/dmtu),13.4,0.0,0.0,30.1,36.73,-0.29
1974-11-01,1974,11,"Iron ore, cfr spot",Metals,($/dmtu),13.4,0.0,0.0,30.1,36.73,-0.29
1974-12-01,1974,12,"Iron ore, cfr spot",Metals,($/dmtu),13.4,0.0,0.0,30.1,36.73,-0.29
1975-01-01,1975,1,"Iron ore, cfr spot",Metals,($/dmtu),17.3,29.1,29.1,29.1,76.53,3.06
1975-02-01,1975,2,"Iron ore, cfr spot",Metals,($/dmtu),17.3,0.0,29.1,29.1,76.53,-0.29
1975-03-01,1975,3,"Iron ore, cfr spot",Metals,($/dmtu),17.3,0.0,29.1,29.1,76.53,-0.29
1975-04-01,1975,4,"Iron ore, cfr spot",Metals,($/dmtu),17.3,0.0,0.0,29.1,76.53,-0.29
1975-05-01,1975,5,"Iron ore, cfr spot",Metals,($/dmtu),17.3,0.0,0.0,29.1,76.53,-0.29
1975-06-01,1975,6,"Iron ore, cfr spot",Metals,($/dmtu),17.3,0.0,0.0,29.1,76.53,-0.29
1975-07-01,1975,7,"Iron ore, cfr spot",Metals,($/dmtu),17.3,0.0,0.0,29.1,76.53,-0.29
1975-08-01,1975,8,"Iron ore, cfr spot",Metals,($/dmtu),17.3,0.0,0.0,29.1,76.53,-0.29
1975-09-01,1975,9,"Iron ore, cfr spot",Metals,($/dmtu),17.3,0.0,0.0,29.1,76.53,-0.29
1975-10-01,1975,10,"Iron ore, cfr spot",Metals,($/dmtu),17.3,0.0,0.0,29.1,76.53,-0.29
1975-11-01,1975,11,"Iron ore, cfr spot",Metals,($/dmtu),17.3,0.0,0.0,29.1,76.53,-0.29
1975-12-01,1975,12,"Iron ore, cfr spot",Metals,($/dmtu),17.3,0.0,0.0,29.1,76.53,-0.29
1976-01-01,1976,1,"Iron ore, cfr spot",Metals,($/dmtu),22.7,31.21,31.21,31.21,120.39,3.43
1976-02-01,1976,2,"Iron ore, cfr spot",Metals,($/dmtu),22.7,0.0,31.21,31.21,120.39,-0.29
1976-03-01,1976,3,"Iron ore, cfr spot",Metals,($/dmtu),22.7,0.0,31.21,31.21,120.39,-0.29
1976-04-01,1976,4,"Iron ore, cfr spot",Metals,($/dmtu),22.7,0.0,0.0,31.21,120.39,-0.29
1976-05-01,1976,5,"Iron ore, cfr spot",Metals,($/dmtu),22.7,0.0,0.0,31.21,120.39,-0.29
1976-06-01,1976,6,"Iron ore, cfr spot",Metals,($/dmtu),22.7,0.0,0.0,31.21,120.39,-0.29
1976-07-01,1976,7,"Iron ore, cfr spot",Metals,($/dmtu),22.7,0.0,0.0,31.21,120.39,-0.29
1976-08-01,1976,8,"Iron ore, cfr spot",Metals,($/dmtu),22.7,0.0,0.0,31.21,120.39,-0.29
1976-09-01,1976,9,"Iron ore, cfr spot",Metals,($/dmtu),22.7,0.0,0.0,31.21,120.39,-0.29
1976-10-01,1976,10,"Iron ore, cfr spot",Metals,($/dmtu),22.7,0.0,0.0,31.21,120.39,-0.29
1976-11-01,1976,11,"Iron ore, cfr spot",Metals,($/dmtu),22.7,0.0,0.0,31.21,120.39,-0.29
1976-12-01,1976,12,"Iron ore, cfr spot",Metals,($/dmtu),22.7,0.0,0.0,31.21,120.39,-0.29
1977-01-01,1977,1,"Iron ore, cfr spot",Metals,($/dmtu),23.1,1.76,1.76,1.76,124.27,-0.09
1977-02-01,1977,2,"Iron ore, cfr spot",Metals,($/dmtu),23.1,0.0,1.76,1.76,124.27,-0.29
1977-03-01,1977,3,"Iron ore, cfr spot",Metals,($/dmtu),23.1,0.0,1.76,1.76,124.27,-0.29
1977-04-01,1977,4,"Iron ore, cfr spot",Metals,($/dmtu),23.1,0.0,0.0,1.76,124.27,-0.29
1977-05-01,1977,5,"Iron ore, cfr spot",Metals,($/dmtu),23.1,0.0,0.0,1.76,124.27,-0.29
1977-06-01,1977,6,"Iron ore, cfr spot",Metals,($/dmtu),23.1,0.0,0.0,1.76,124.27,-0.29
1977-07-01,1977,7,"Iron ore, cfr spot",Metals,($/dmtu),23.1,0.0,0.0,1.76,124.27,-0.29
1977-08-01,1977,8,"Iron ore, cfr spot",Metals,($/dmtu),23.1,0.0,0.0,1.76,124.27,-0.29
1977-09-01,1977,9,"Iron ore, cfr spot",Metals,($/dmtu),23.1,0.0,0.0,1.76,124.27,-0.29
1977-10-01,1977,10,"Iron ore, cfr spot",Metals,($/dmtu),23.1,0.0,0.0,1.76,124.27,-0.29
1977-11-01,1977,11,"Iron ore, cfr spot",Metals,($/dmtu),23.1,0.0,0.0,1.76,124.27,-0.29
1977-12-01,1977,12,"Iron ore, cfr spot",Metals,($/dmtu),23.1,0.0,0.0,1.76,124.27,-0.29
1978-01-01,1978,1,"Iron ore, cfr spot",Metals,($/dmtu),21.5,-6.93,-6.93,-6.93,108.74,-13.91
1978-02-01,1978,2,"Iron ore, cfr spot",Metals,($/dmtu),21.5,0.0,-6.93,-6.93,108.74,0.29
1978-03-01,1978,3,"Iron ore, cfr spot",Metals,($/dmtu),21.5,0.0,-6.93,-6.93,108.74,0.29
1978-04-01,1978,4,"Iron ore, cfr spot",Metals,($/dmtu),21.5,0.0,0.0,-6.93,108.74,0.29
1978-05-01,1978,5,"Iron ore, cfr spot",Metals,($/dmtu),21.5,0.0,0.0,-6.93,108.74,0.29
1978-06-01,1978,6,"Iron ore, cfr spot",Metals,($/dmtu),21.5,0.0,0.0,-6.93,108.74,0.29
1978-07-01,1978,7,"Iron ore, cfr spot",Metals,($/dmtu),21.5,0.0,0.0,-6.93,108.74,0.29
1978-08-01,1978,8,"Iron ore, cfr spot",Metals,($/dmtu),21.5,0.0,0.0,-6.93,108.74,0.29
1978-09-01,1978,9,"Iron ore, cfr spot",Metals,($/dmtu),21.5,0.0,0.0,-6.93,108.74,0.29
1978-10-01,1978,10,"Iron ore, cfr spot",Metals,($/dmtu),21.5,0.0,0.0,-6.93,108.74,0.29
1978-11-01,1978,11,"Iron ore, cfr spot",Metals,($/dmtu),21.5,0.0,0.0,-6.93,108.74,0.29
1978-12-01,1978,12,"Iron ore, cfr spot",Metals,($/dmtu),21.5,0.0,0.0,-6.93,108.74,0.29
1979-01-01,1979,1,"Iron ore, cfr spot",Metals,($/dmtu),23.5,9.3,9.3,9.3,75.37,4.94
1979-02-01,1979,2,"Iron ore, cfr spot",Metals,($/dmtu),23.5,0.0,9.3,9.3,75.37,-0.29
1979-03-01,1979,3,"Iron ore, cfr spot",Metals,($/dmtu),23.5,0.0,9.3,9.3,75.37,-0.29
1979-04-01,1979,4,"Iron ore, cfr spot",Metals,($/dmtu),23.5,0.0,0.0,9.3,75.37,-0.29
1979-05-01,1979,5,"Iron ore, cfr spot",Metals,($/dmtu),23.5,0.0,0.0,9.3,75.37,-0.29
1979-06-01,1979,6,"Iron ore, cfr spot",Metals,($/dmtu),23.5,0.0,0.0,9.3,75.37,-0.29
1979-07-01,1979,7,"Iron ore, cfr spot",Metals,($/dmtu),23.5,0.0,0.0,9.3,75.37,-0.29
1979-08-01,1979,8,"Iron ore, cfr spot",Metals,($/dmtu),23.5,0.0,0.0,9.3,75.37,-0.29
1979-09-01,1979,9,"Iron ore, cfr spot",Metals,($/dmtu),23.5,0.0,0.0,9.3,75.37,-0.29
1979-10-01,1979,10,"Iron ore, cfr spot",Metals,($/dmtu),23.5,0.0,0.0,9.3,75.37,-0.29
1979-11-01,1979,11,"Iron ore, cfr spot",Metals,($/dmtu),23.5,0.0,0.0,9.3,75.37,-0.29
1979-12-01,1979,12,"Iron ore, cfr spot",Metals,($/dmtu),23.5,0.0,0.0,9.3,75.37,-0.29
1980-01-01,1980,1,"Iron ore, cfr spot",Metals,($/dmtu),28.1,19.57,19.57,19.57,62.43,7.0
1980-02-01,1980,2,"Iron ore, cfr spot",Metals,($/dmtu),28.1,0.0,19.57,19.57,62.43,-0.29
1980-03-01,1980,3,"Iron ore, cfr spot",Metals,($/dmtu),28.1,0.0,19.57,19.57,62.43,-0.29
1980-04-01,1980,4,"Iron ore, cfr spot",Metals,($/dmtu),28.1,0.0,0.0,19.57,62.43,-0.29
1980-05-01,1980,5,"Iron ore, cfr spot",Metals,($/dmtu),28.1,0.0,0.0,19.57,62.43,-0.29
1980-06-01,1980,6,"Iron ore, cfr spot",Metals,($/dmtu),28.1,0.0,0.0,19.57,62.43,-0.29
1980-07-01,1980,7,"Iron ore, cfr spot",Metals,($/dmtu),28.1,0.0,0.0,19.57,62.43,-0.29
1980-08-01,1980,8,"Iron ore, cfr spot",Metals,($/dmtu),28.1,0.0,0.0,19.57,62.43,-0.29
1980-09-01,1980,9,"Iron ore, cfr spot",Metals,($/dmtu),28.1,0.0,0.0,19.57,62.43,-0.29
1980-10-01,1980,10,"Iron ore, cfr spot",Metals,($/dmtu),28.1,0.0,0.0,19.57,62.43,-0.29
1980-11-01,1980,11,"Iron ore, cfr spot",Metals,($/dmtu),28.1,0.0,0.0,19.57,62.43,-0.29
1980-12-01,1980,12,"Iron ore, cfr spot",Metals,($/dmtu),28.1,0.0,0.0,19.57,62.43,-0.29
1981-01-01,1981,1,"Iron ore, cfr spot",Metals,($/dmtu),28.1,0.0,0.0,0.0,23.79,-0.29
1981-02-01,1981,2,"Iron ore, cfr spot",Metals,($/dmtu),28.1,0.0,0.0,0.0,23.79,0.0
1981-03-01,1981,3,"Iron ore, cfr spot",Metals,($/dmtu),28.1,0.0,0.0,0.0,23.79,0.0
1981-04-01,1981,4,"Iron ore, cfr spot",Metals,($/dmtu),28.1,0.0,0.0,0.0,23.79,0.0
1981-05-01,1981,5,"Iron ore, cfr spot",Metals,($/dmtu),28.1,0.0,0.0,0.0,23.79,0.0
1981-06-01,1981,6,"Iron ore, cfr spot",Metals,($/dmtu),28.1,0.0,0.0,0.0,23.79,0.0
1981-07-01,1981,7,"Iron ore, cfr spot",Metals,($/dmtu),28.1,0.0,0.0,0.0,23.79,0.0
1981-08-01,1981,8,"Iron ore, cfr spot",Metals,($/dmtu),28.1,0.0,0.0,0.0,23.79,0.0
1981-09-01,1981,9,"Iron ore, cfr spot",Metals,($/dmtu),28.1,0.0,0.0,0.0,23.79,0.0
1981-10-01,1981,10,"Iron ore, cfr spot",Metals,($/dmtu),28.1,0.0,0.0,0.0,23.79,0.0
1981-11-01,1981,11,"Iron ore, cfr spot",Metals,($/dmtu),28.1,0.0,0.0,0.0,23.79,0.0
1981-12-01,1981,12,"Iron ore, cfr spot",Metals,($/dmtu),28.1,0.0,0.0,0.0,23.79,0.0
1982-01-01,1982,1,"Iron ore, cfr spot",Metals,($/dmtu),32.5,15.66,15.66,15.66,40.69,0.0
1982-02-01,1982,2,"Iron ore, cfr spot",Metals,($/dmtu),32.5,0.0,15.66,15.66,40.69,-0.29
1982-03-01,1982,3,"Iron ore, cfr spot",Metals,($/dmtu),32.5,0.0,15.66,15.66,40.69,-0.29
1982-04-01,1982,4,"Iron ore, cfr spot",Metals,($/dmtu),32.5,0.0,0.0,15.66,40.69,-0.29
1982-05-01,1982,5,"Iron ore, cfr spot",Metals,($/dmtu),32.5,0.0,0.0,15.66,40.69,-0.29
1982-06-01,1982,6,"Iron ore, cfr spot",Metals,($/dmtu),32.5,0.0,0.0,15.66,40.69,-0.29
1982-07-01,1982,7,"Iron ore, cfr spot",Metals,($/dmtu),32.5,0.0,0.0,15.66,40.69,-0.29
1982-08-01,1982,8,"Iron ore, cfr spot",Metals,($/dmtu),32.5,0.0,0.0,15.66,40.69,-0.29
1982-09-01,1982,9,"Iron ore, cfr spot",Metals,($/dmtu),32.5,0.0,0.0,15.66,40.69,-0.29
1982-10-01,1982,10,"Iron ore, cfr spot",Metals,($/dmtu),32.5,0.0,0.0,15.66,40.69,-0.29
1982-11-01,1982,11,"Iron ore, cfr spot",Metals,($/dmtu),32.5,0.0,0.0,15.66,40.69,-0.29
1982-12-01,1982,12,"Iron ore, cfr spot",Metals,($/dmtu),32.5,0.0,0.0,15.66,40.69,-0.29
1983-01-01,1983,1,"Iron ore, cfr spot",Metals,($/dmtu),29.0,-10.77,-10.77,-10.77,34.88,-2.67
1983-02-01,1983,2,"Iron ore, cfr spot",Metals,($/dmtu),29.0,0.0,-10.77,-10.77,34.88,0.29
1983-03-01,1983,3,"Iron ore, cfr spot",Metals,($/dmtu),29.0,0.0,-10.77,-10.77,34.88,0.29
1983-04-01,1983,4,"Iron ore, cfr spot",Metals,($/dmtu),29.0,0.0,0.0,-10.77,34.88,0.29
1983-05-01,1983,5,"Iron ore, cfr spot",Metals,($/dmtu),29.0,0.0,0.0,-10.77,34.88,0.29
1983-06-01,1983,6,"Iron ore, cfr spot",Metals,($/dmtu),29.0,0.0,0.0,-10.77,34.88,0.29
1983-07-01,1983,7,"Iron ore, cfr spot",Metals,($/dmtu),29.0,0.0,0.0,-10.77,34.88,0.29
1983-08-01,1983,8,"Iron ore, cfr spot",Metals,($/dmtu),29.0,0.0,0.0,-10.77,34.88,0.29
1983-09-01,1983,9,"Iron ore, cfr spot",Metals,($/dmtu),29.0,0.0,0.0,-10.77,34.88,0.29
1983-10-01,1983,10,"Iron ore, cfr spot",Metals,($/dmtu),29.0,0.0,0.0,-10.77,34.88,0.29
1983-11-01,1983,11,"Iron ore, cfr spot",Metals,($/dmtu),29.0,0.0,0.0,-10.77,34.88,0.29
1983-12-01,1983,12,"Iron ore, cfr spot",Metals,($/dmtu),29.0,0.0,0.0,-10.77,34.88,0.29
1984-01-01,1984,1,"Iron ore, cfr spot",Metals,($/dmtu),26.2,-9.66,-9.66,-9.66,11.49,-2.82
1984-02-01,1984,2,"Iron ore, cfr spot",Metals,($/dmtu),26.2,0.0,-9.66,-9.66,11.49,0.29
1984-03-01,1984,3,"Iron ore, cfr spot",Metals,($/dmtu),26.2,0.0,-9.66,-9.66,11.49,0.29
1984-04-01,1984,4,"Iron ore, cfr spot",Metals,($/dmtu),26.2,0.0,0.0,-9.66,11.49,0.29
1984-05-01,1984,5,"Iron ore, cfr spot",Metals,($/dmtu),26.2,0.0,0.0,-9.66,11.49,0.29
1984-06-01,1984,6,"Iron ore, cfr spot",Metals,($/dmtu),26.2,0.0,0.0,-9.66,11.49,0.29
1984-07-01,1984,7,"Iron ore, cfr spot",Metals,($/dmtu),26.2,0.0,0.0,-9.66,11.49,0.29
1984-08-01,1984,8,"Iron ore, cfr spot",Metals,($/dmtu),26.2,0.0,0.0,-9.66,11.49,0.29
1984-09-01,1984,9,"Iron ore, cfr spot",Metals,($/dmtu),26.2,0.0,0.0,-9.66,11.49,0.29
1984-10-01,1984,10,"Iron ore, cfr spot",Metals,($/dmtu),26.2,0.0,0.0,-9.66,11.49,0.29
1984-11-01,1984,11,"Iron ore, cfr spot",Metals,($/dmtu),26.2,0.0,0.0,-9.66,11.49,0.29
1984-12-01,1984,12,"Iron ore, cfr spot",Metals,($/dmtu),26.2,0.0,0.0,-9.66,11.49,0.29
1985-01-01,1985,1,"Iron ore, cfr spot",Metals,($/dmtu),26.6,1.53,1.53,1.53,-5.34,0.84
1985-02-01,1985,2,"Iron ore, cfr spot",Metals,($/dmtu),26.6,0.0,1.53,1.53,-5.34,-0.29
1985-03-01,1985,3,"Iron ore, cfr spot",Metals,($/dmtu),26.6,0.0,1.53,1.53,-5.34,-0.29
1985-04-01,1985,4,"Iron ore, cfr spot",Metals,($/dmtu),26.6,0.0,0.0,1.53,-5.34,-0.29
1985-05-01,1985,5,"Iron ore, cfr spot",Metals,($/dmtu),26.6,0.0,0.0,1.53,-5.34,-0.29
1985-06-01,1985,6,"Iron ore, cfr spot",Metals,($/dmtu),26.6,0.0,0.0,1.53,-5.34,-0.29
1985-07-01,1985,7,"Iron ore, cfr spot",Metals,($/dmtu),26.6,0.0,0.0,1.53,-5.34,-0.29
1985-08-01,1985,8,"Iron ore, cfr spot",Metals,($/dmtu),26.6,0.0,0.0,1.53,-5.34,-0.29
1985-09-01,1985,9,"Iron ore, cfr spot",Metals,($/dmtu),26.6,0.0,0.0,1.53,-5.34,-0.29
1985-10-01,1985,10,"Iron ore, cfr spot",Metals,($/dmtu),26.6,0.0,0.0,1.53,-5.34,-0.29
1985-11-01,1985,11,"Iron ore, cfr spot",Metals,($/dmtu),26.6,0.0,0.0,1.53,-5.34,-0.29
1985-12-01,1985,12,"Iron ore, cfr spot",Metals,($/dmtu),26.6,0.0,0.0,1.53,-5.34,-0.29
1986-01-01,1986,1,"Iron ore, cfr spot",Metals,($/dmtu),26.3,-1.13,-1.13,-1.13,-6.41,-2.85
1986-02-01,1986,2,"Iron ore, cfr spot",Metals,($/dmtu),26.3,0.0,-1.13,-1.13,-6.41,0.29
1986-03-01,1986,3,"Iron ore, cfr spot",Metals,($/dmtu),26.3,0.0,-1.13,-1.13,-6.41,0.29
1986-04-01,1986,4,"Iron ore, cfr spot",Metals,($/dmtu),26.3,0.0,0.0,-1.13,-6.41,0.29
1986-05-01,1986,5,"Iron ore, cfr spot",Metals,($/dmtu),26.3,0.0,0.0,-1.13,-6.41,0.29
1986-06-01,1986,6,"Iron ore, cfr spot",Metals,($/dmtu),26.3,0.0,0.0,-1.13,-6.41,0.29
1986-07-01,1986,7,"Iron ore, cfr spot",Metals,($/dmtu),26.3,0.0,0.0,-1.13,-6.41,0.29
1986-08-01,1986,8,"Iron ore, cfr spot",Metals,($/dmtu),26.3,0.0,0.0,-1.13,-6.41,0.29
1986-09-01,1986,9,"Iron ore, cfr spot",Metals,($/dmtu),26.3,0.0,0.0,-1.13,-6.41,0.29
1986-10-01,1986,10,"Iron ore, cfr spot",Metals,($/dmtu),26.3,0.0,0.0,-1.13,-6.41,0.29
1986-11-01,1986,11,"Iron ore, cfr spot",Metals,($/dmtu),26.3,0.0,0.0,-1.13,-6.41,0.29
1986-12-01,1986,12,"Iron ore, cfr spot",Metals,($/dmtu),26.3,0.0,0.0,-1.13,-6.41,0.29
1987-01-01,1987,1,"Iron ore, cfr spot",Metals,($/dmtu),25.3,-3.8,-3.8,-3.8,-22.15,-11.39
1987-02-01,1987,2,"Iron ore, cfr spot",Metals,($/dmtu),25.3,0.0,-3.8,-3.8,-22.15,0.29
1987-03-01,1987,3,"Iron ore, cfr spot",Metals,($/dmtu),25.3,0.0,-3.8,-3.8,-22.15,0.29
1987-04-01,1987,4,"Iron ore, cfr spot",Metals,($/dmtu),25.3,0.0,0.0,-3.8,-22.15,0.29
1987-05-01,1987,5,"Iron ore, cfr spot",Metals,($/dmtu),25.3,0.0,0.0,-3.8,-22.15,0.29
1987-06-01,1987,6,"Iron ore, cfr spot",Metals,($/dmtu),25.3,0.0,0.0,-3.8,-22.15,0.29
1987-07-01,1987,7,"Iron ore, cfr spot",Metals,($/dmtu),25.3,0.0,0.0,-3.8,-22.15,0.29
1987-08-01,1987,8,"Iron ore, cfr spot",Metals,($/dmtu),25.3,0.0,0.0,-3.8,-22.15,0.29
1987-09-01,1987,9,"Iron ore, cfr spot",Metals,($/dmtu),25.3,0.0,0.0,-3.8,-22.15,0.29
1987-10-01,1987,10,"Iron ore, cfr spot",Metals,($/dmtu),25.3,0.0,0.0,-3.8,-22.15,0.29
1987-11-01,1987,11,"Iron ore, cfr spot",Metals,($/dmtu),25.3,0.0,0.0,-3.8,-22.15,0.29
1987-12-01,1987,12,"Iron ore, cfr spot",Metals,($/dmtu),25.3,0.0,0.0,-3.8,-22.15,0.29
1988-01-01,1988,1,"Iron ore, cfr spot",Metals,($/dmtu),24.3,-3.95,-3.95,-3.95,-16.21,-3.31
1988-02-01,1988,2,"Iron ore, cfr spot",Metals,($/dmtu),24.3,0.0,-3.95,-3.95,-16.21,0.29
1988-03-01,1988,3,"Iron ore, cfr spot",Metals,($/dmtu),24.3,0.0,-3.95,-3.95,-16.21,0.29
1988-04-01,1988,4,"Iron ore, cfr spot",Metals,($/dmtu),24.3,0.0,0.0,-3.95,-16.21,0.29
1988-05-01,1988,5,"Iron ore, cfr spot",Metals,($/dmtu),24.3,0.0,0.0,-3.95,-16.21,0.29
1988-06-01,1988,6,"Iron ore, cfr spot",Metals,($/dmtu),24.3,0.0,0.0,-3.95,-16.21,0.29
1988-07-01,1988,7,"Iron ore, cfr spot",Metals,($/dmtu),24.3,0.0,0.0,-3.95,-16.21,0.29
1988-08-01,1988,8,"Iron ore, cfr spot",Metals,($/dmtu),24.3,0.0,0.0,-3.95,-16.21,0.29
1988-09-01,1988,9,"Iron ore, cfr spot",Metals,($/dmtu),24.3,0.0,0.0,-3.95,-16.21,0.29
1988-10-01,1988,10,"Iron ore, cfr spot",Metals,($/dmtu),24.3,0.0,0.0,-3.95,-16.21,0.29
1988-11-01,1988,11,"Iron ore, cfr spot",Metals,($/dmtu),24.3,0.0,0.0,-3.95,-16.21,0.29
1988-12-01,1988,12,"Iron ore, cfr spot",Metals,($/dmtu),24.3,0.0,0.0,-3.95,-16.21,0.29
1989-01-01,1989,1,"Iron ore, cfr spot",Metals,($/dmtu),27.8,14.4,14.4,14.4,6.11,12.91
1989-02-01,1989,2,"Iron ore, cfr spot",Metals,($/dmtu),27.8,0.0,14.4,14.4,6.11,-0.29
1989-03-01,1989,3,"Iron ore, cfr spot",Metals,($/dmtu),27.8,0.0,14.4,14.4,6.11,-0.29
1989-04-01,1989,4,"Iron ore, cfr spot",Metals,($/dmtu),27.8,0.0,0.0,14.4,6.11,-0.29
1989-05-01,1989,5,"Iron ore, cfr spot",Metals,($/dmtu),27.8,0.0,0.0,14.4,6.11,-0.29
1989-06-01,1989,6,"Iron ore, cfr spot",Metals,($/dmtu),27.8,0.0,0.0,14.4,6.11,-0.29
1989-07-01,1989,7,"Iron ore, cfr spot",Metals,($/dmtu),27.8,0.0,0.0,14.4,6.11,-0.29
1989-08-01,1989,8,"Iron ore, cfr spot",Metals,($/dmtu),27.8,0.0,0.0,14.4,6.11,-0.29
1989-09-01,1989,9,"Iron ore, cfr spot",Metals,($/dmtu),27.8,0.0,0.0,14.4,6.11,-0.29
1989-10-01,1989,10,"Iron ore, cfr spot",Metals,($/dmtu),27.8,0.0,0.0,14.4,6.11,-0.29
1989-11-01,1989,11,"Iron ore, cfr spot",Metals,($/dmtu),27.8,0.0,0.0,14.4,6.11,-0.29
1989-12-01,1989,12,"Iron ore, cfr spot",Metals,($/dmtu),27.8,0.0,0.0,14.4,6.11,-0.29
1990-01-01,1990,1,"Iron ore, cfr spot",Metals,($/dmtu),32.5,16.91,16.91,16.91,22.18,3.78
1990-02-01,1990,2,"Iron ore, cfr spot",Metals,($/dmtu),32.5,0.0,16.91,16.91,22.18,-0.29
1990-03-01,1990,3,"Iron ore, cfr spot",Metals,($/dmtu),32.5,0.0,16.91,16.91,22.18,-0.29
1990-04-01,1990,4,"Iron ore, cfr spot",Metals,($/dmtu),32.5,0.0,0.0,16.91,22.18,-0.29
1990-05-01,1990,5,"Iron ore, cfr spot",Metals,($/dmtu),32.5,0.0,0.0,16.91,22.18,-0.29
1990-06-01,1990,6,"Iron ore, cfr spot",Metals,($/dmtu),32.5,0.0,0.0,16.91,22.18,-0.29
1990-07-01,1990,7,"Iron ore, cfr spot",Metals,($/dmtu),32.5,0.0,0.0,16.91,22.18,-0.29
1990-08-01,1990,8,"Iron ore, cfr spot",Metals,($/dmtu),32.5,0.0,0.0,16.91,22.18,-0.29
1990-09-01,1990,9,"Iron ore, cfr spot",Metals,($/dmtu),32.5,0.0,0.0,16.91,22.18,-0.29
1990-10-01,1990,10,"Iron ore, cfr spot",Metals,($/dmtu),32.5,0.0,0.0,16.91,22.18,-0.29
1990-11-01,1990,11,"Iron ore, cfr spot",Metals,($/dmtu),32.5,0.0,0.0,16.91,22.18,-0.29
1990-12-01,1990,12,"Iron ore, cfr spot",Metals,($/dmtu),32.5,0.0,0.0,16.91,22.18,-0.29
1991-01-01,1991,1,"Iron ore, cfr spot",Metals,($/dmtu),34.8,7.08,7.08,7.08,32.32,1.16
1991-02-01,1991,2,"Iron ore, cfr spot",Metals,($/dmtu),34.8,0.0,7.08,7.08,32.32,-0.29
1991-03-01,1991,3,"Iron ore, cfr spot",Metals,($/dmtu),34.8,0.0,7.08,7.08,32.32,-0.29
1991-04-01,1991,4,"Iron ore, cfr spot",Metals,($/dmtu),34.8,0.0,0.0,7.08,32.32,-0.29
1991-05-01,1991,5,"Iron ore, cfr spot",Metals,($/dmtu),34.8,0.0,0.0,7.08,32.32,-0.29
1991-06-01,1991,6,"Iron ore, cfr spot",Metals,($/dmtu),34.8,0.0,0.0,7.08,32.32,-0.29
1991-07-01,1991,7,"Iron ore, cfr spot",Metals,($/dmtu),34.8,0.0,0.0,7.08,32.32,-0.29
1991-08-01,1991,8,"Iron ore, cfr spot",Metals,($/dmtu),34.8,0.0,0.0,7.08,32.32,-0.29
1991-09-01,1991,9,"Iron ore, cfr spot",Metals,($/dmtu),34.8,0.0,0.0,7.08,32.32,-0.29
1991-10-01,1991,10,"Iron ore, cfr spot",Metals,($/dmtu),34.8,0.0,0.0,7.08,32.32,-0.29
1991-11-01,1991,11,"Iron ore, cfr spot",Metals,($/dmtu),34.8,0.0,0.0,7.08,32.32,-0.29
1991-12-01,1991,12,"Iron ore, cfr spot",Metals,($/dmtu),34.8,0.0,0.0,7.08,32.32,-0.29
1992-01-01,1992,1,"Iron ore, cfr spot",Metals,($/dmtu),33.1,-4.89,-4.89,-4.89,30.83,-2.68
1992-02-01,1992,2,"Iron ore, cfr spot",Metals,($/dmtu),33.1,0.0,-4.89,-4.89,30.83,0.29
1992-03-01,1992,3,"Iron ore, cfr spot",Metals,($/dmtu),33.1,0.0,-4.89,-4.89,30.83,0.29
1992-04-01,1992,4,"Iron ore, cfr spot",Metals,($/dmtu),33.1,0.0,0.0,-4.89,30.83,0.29
1992-05-01,1992,5,"Iron ore, cfr spot",Metals,($/dmtu),33.1,0.0,0.0,-4.89,30.83,0.29
1992-06-01,1992,6,"Iron ore, cfr spot",Metals,($/dmtu),33.1,0.0,0.0,-4.89,30.83,0.29
1992-07-01,1992,7,"Iron ore, cfr spot",Metals,($/dmtu),33.1,0.0,0.0,-4.89,30.83,0.29
1992-08-01,1992,8,"Iron ore, cfr spot",Metals,($/dmtu),33.1,0.0,0.0,-4.89,30.83,0.29
1992-09-01,1992,9,"Iron ore, cfr spot",Metals,($/dmtu),33.1,0.0,0.0,-4.89,30.83,0.29
1992-10-01,1992,10,"Iron ore, cfr spot",Metals,($/dmtu),33.1,0.0,0.0,-4.89,30.83,0.29
1992-11-01,1992,11,"Iron ore, cfr spot",Metals,($/dmtu),33.1,0.0,0.0,-4.89,30.83,0.29
1992-12-01,1992,12,"Iron ore, cfr spot",Metals,($/dmtu),33.1,0.0,0.0,-4.89,30.83,0.29
1993-01-01,1993,1,"Iron ore, cfr spot",Metals,($/dmtu),29.1,-12.08,-12.08,-12.08,19.75,-8.28
1993-02-01,1993,2,"Iron ore, cfr spot",Metals,($/dmtu),29.1,0.0,-12.08,-12.08,19.75,0.29
1993-03-01,1993,3,"Iron ore, cfr spot",Metals,($/dmtu),29.1,0.0,-12.08,-12.08,19.75,0.29
1993-04-01,1993,4,"Iron ore, cfr spot",Metals,($/dmtu),29.1,0.0,0.0,-12.08,19.75,0.29
1993-05-01,1993,5,"Iron ore, cfr spot",Metals,($/dmtu),29.1,0.0,0.0,-12.08,19.75,0.29
1993-06-01,1993,6,"Iron ore, cfr spot",Metals,($/dmtu),29.1,0.0,0.0,-12.08,19.75,0.29
1993-07-01,1993,7,"Iron ore, cfr spot",Metals,($/dmtu),29.1,0.0,0.0,-12.08,19.75,0.29
1993-08-01,1993,8,"Iron ore, cfr spot",Metals,($/dmtu),29.1,0.0,0.0,-12.08,19.75,0.29
1993-09-01,1993,9,"Iron ore, cfr spot",Metals,($/dmtu),29.1,0.0,0.0,-12.08,19.75,0.29
1993-10-01,1993,10,"Iron ore, cfr spot",Metals,($/dmtu),29.1,0.0,0.0,-12.08,19.75,0.29
1993-11-01,1993,11,"Iron ore, cfr spot",Metals,($/dmtu),29.1,0.0,0.0,-12.08,19.75,0.29
1993-12-01,1993,12,"Iron ore, cfr spot",Metals,($/dmtu),29.1,0.0,0.0,-12.08,19.75,0.29
1994-01-01,1994,1,"Iron ore, cfr spot",Metals,($/dmtu),26.5,-8.93,-8.93,-8.93,-4.68,-2.27
1994-02-01,1994,2,"Iron ore, cfr spot",Metals,($/dmtu),26.5,0.0,-8.93,-8.93,-4.68,0.29
1994-03-01,1994,3,"Iron ore, cfr spot",Metals,($/dmtu),26.5,0.0,-8.93,-8.93,-4.68,0.29
1994-04-01,1994,4,"Iron ore, cfr spot",Metals,($/dmtu),26.5,0.0,0.0,-8.93,-4.68,0.29
1994-05-01,1994,5,"Iron ore, cfr spot",Metals,($/dmtu),26.5,0.0,0.0,-8.93,-4.68,0.29
1994-06-01,1994,6,"Iron ore, cfr spot",Metals,($/dmtu),26.5,0.0,0.0,-8.93,-4.68,0.29
1994-07-01,1994,7,"Iron ore, cfr spot",Metals,($/dmtu),26.5,0.0,0.0,-8.93,-4.68,0.29
1994-08-01,1994,8,"Iron ore, cfr spot",Metals,($/dmtu),26.5,0.0,0.0,-8.93,-4.68,0.29
1994-09-01,1994,9,"Iron ore, cfr spot",Metals,($/dmtu),26.5,0.0,0.0,-8.93,-4.68,0.29
1994-10-01,1994,10,"Iron ore, cfr spot",Metals,($/dmtu),26.5,0.0,0.0,-8.93,-4.68,0.29
1994-11-01,1994,11,"Iron ore, cfr spot",Metals,($/dmtu),26.5,0.0,0.0,-8.93,-4.68,0.29
1994-12-01,1994,12,"Iron ore, cfr spot",Metals,($/dmtu),26.5,0.0,0.0,-8.93,-4.68,0.29
1995-01-01,1995,1,"Iron ore, cfr spot",Metals,($/dmtu),28.4,7.17,7.17,7.17,-12.62,3.07
1995-02-01,1995,2,"Iron ore, cfr spot",Metals,($/dmtu),28.4,0.0,7.17,7.17,-12.62,-0.29
1995-03-01,1995,3,"Iron ore, cfr spot",Metals,($/dmtu),28.4,0.0,7.17,7.17,-12.62,-0.29
1995-04-01,1995,4,"Iron ore, cfr spot",Metals,($/dmtu),28.4,0.0,0.0,7.17,-12.62,-0.29
1995-05-01,1995,5,"Iron ore, cfr spot",Metals,($/dmtu),28.4,0.0,0.0,7.17,-12.62,-0.29
1995-06-01,1995,6,"Iron ore, cfr spot",Metals,($/dmtu),28.4,0.0,0.0,7.17,-12.62,-0.29
1995-07-01,1995,7,"Iron ore, cfr spot",Metals,($/dmtu),28.4,0.0,0.0,7.17,-12.62,-0.29
1995-08-01,1995,8,"Iron ore, cfr spot",Metals,($/dmtu),28.4,0.0,0.0,7.17,-12.62,-0.29
1995-09-01,1995,9,"Iron ore, cfr spot",Metals,($/dmtu),28.4,0.0,0.0,7.17,-12.62,-0.29
1995-10-01,1995,10,"Iron ore, cfr spot",Metals,($/dmtu),28.4,0.0,0.0,7.17,-12.62,-0.29
1995-11-01,1995,11,"Iron ore, cfr spot",Metals,($/dmtu),28.4,0.0,0.0,7.17,-12.62,-0.29
1995-12-01,1995,12,"Iron ore, cfr spot",Metals,($/dmtu),28.4,0.0,0.0,7.17,-12.62,-0.29
1996-01-01,1996,1,"Iron ore, cfr spot",Metals,($/dmtu),30.0,5.63,5.63,5.63,-13.79,2.43
1996-02-01,1996,2,"Iron ore, cfr spot",Metals,($/dmtu),30.0,0.0,5.63,5.63,-13.79,-0.29
1996-03-01,1996,3,"Iron ore, cfr spot",Metals,($/dmtu),30.0,0.0,5.63,5.63,-13.79,-0.29
1996-04-01,1996,4,"Iron ore, cfr spot",Metals,($/dmtu),30.0,0.0,0.0,5.63,-13.79,-0.29
1996-05-01,1996,5,"Iron ore, cfr spot",Metals,($/dmtu),30.0,0.0,0.0,5.63,-13.79,-0.29
1996-06-01,1996,6,"Iron ore, cfr spot",Metals,($/dmtu),30.0,0.0,0.0,5.63,-13.79,-0.29
1996-07-01,1996,7,"Iron ore, cfr spot",Metals,($/dmtu),30.0,0.0,0.0,5.63,-13.79,-0.29
1996-08-01,1996,8,"Iron ore, cfr spot",Metals,($/dmtu),30.0,0.0,0.0,5.63,-13.79,-0.29
1996-09-01,1996,9,"Iron ore, cfr spot",Metals,($/dmtu),30.0,0.0,0.0,5.63,-13.79,-0.29
1996-10-01,1996,10,"Iron ore, cfr spot",Metals,($/dmtu),30.0,0.0,0.0,5.63,-13.79,-0.29
1996-11-01,1996,11,"Iron ore, cfr spot",Metals,($/dmtu),30.0,0.0,0.0,5.63,-13.79,-0.29
1996-12-01,1996,12,"Iron ore, cfr spot",Metals,($/dmtu),30.0,0.0,0.0,5.63,-13.79,-0.29
1997-01-01,1997,1,"Iron ore, cfr spot",Metals,($/dmtu),30.2,0.67,0.67,0.67,-8.76,0.12
1997-02-01,1997,2,"Iron ore, cfr spot",Metals,($/dmtu),30.2,0.0,0.67,0.67,-8.76,-0.29
1997-03-01,1997,3,"Iron ore, cfr spot",Metals,($/dmtu),30.2,0.0,0.67,0.67,-8.76,-0.29
1997-04-01,1997,4,"Iron ore, cfr spot",Metals,($/dmtu),30.2,0.0,0.0,0.67,-8.76,-0.29
1997-05-01,1997,5,"Iron ore, cfr spot",Metals,($/dmtu),30.2,0.0,0.0,0.67,-8.76,-0.29
1997-06-01,1997,6,"Iron ore, cfr spot",Metals,($/dmtu),30.2,0.0,0.0,0.67,-8.76,-0.29
1997-07-01,1997,7,"Iron ore, cfr spot",Metals,($/dmtu),30.2,0.0,0.0,0.67,-8.76,-0.29
1997-08-01,1997,8,"Iron ore, cfr spot",Metals,($/dmtu),30.2,0.0,0.0,0.67,-8.76,-0.29
1997-09-01,1997,9,"Iron ore, cfr spot",Metals,($/dmtu),30.2,0.0,0.0,0.67,-8.76,-0.29
1997-10-01,1997,10,"Iron ore, cfr spot",Metals,($/dmtu),30.2,0.0,0.0,0.67,-8.76,-0.29
1997-11-01,1997,11,"Iron ore, cfr spot",Metals,($/dmtu),30.2,0.0,0.0,0.67,-8.76,-0.29
1997-12-01,1997,12,"Iron ore, cfr spot",Metals,($/dmtu),30.2,0.0,0.0,0.67,-8.76,-0.29
1998-01-01,1998,1,"Iron ore, cfr spot",Metals,($/dmtu),31.0,2.65,2.65,2.65,6.53,13.48
1998-02-01,1998,2,"Iron ore, cfr spot",Metals,($/dmtu),31.0,0.0,2.65,2.65,6.53,-0.29
1998-03-01,1998,3,"Iron ore, cfr spot",Metals,($/dmtu),31.0,0.0,2.65,2.65,6.53,-0.29
1998-04-01,1998,4,"Iron ore, cfr spot",Metals,($/dmtu),31.0,0.0,0.0,2.65,6.53,-0.29
1998-05-01,1998,5,"Iron ore, cfr spot",Metals,($/dmtu),31.0,0.0,0.0,2.65,6.53,-0.29
1998-06-01,1998,6,"Iron ore, cfr spot",Metals,($/dmtu),31.0,0.0,0.0,2.65,6.53,-0.29
1998-07-01,1998,7,"Iron ore, cfr spot",Metals,($/dmtu),31.0,0.0,0.0,2.65,6.53,-0.29
1998-08-01,1998,8,"Iron ore, cfr spot",Metals,($/dmtu),31.0,0.0,0.0,2.65,6.53,-0.29
1998-09-01,1998,9,"Iron ore, cfr spot",Metals,($/dmtu),31.0,0.0,0.0,2.65,6.53,-0.29
1998-10-01,1998,10,"Iron ore, cfr spot",Metals,($/dmtu),31.0,0.0,0.0,2.65,6.53,-0.29
1998-11-01,1998,11,"Iron ore, cfr spot",Metals,($/dmtu),31.0,0.0,0.0,2.65,6.53,-0.29
1998-12-01,1998,12,"Iron ore, cfr spot",Metals,($/dmtu),31.0,0.0,0.0,2.65,6.53,-0.29
1999-01-01,1999,1,"Iron ore, cfr spot",Metals,($/dmtu),27.6,-10.97,-10.97,-10.97,4.15,-14.63
1999-02-01,1999,2,"Iron ore, cfr spot",Metals,($/dmtu),27.6,0.0,-10.97,-10.97,4.15,0.29
1999-03-01,1999,3,"Iron ore, cfr spot",Metals,($/dmtu),27.6,0.0,-10.97,-10.97,4.15,0.29
1999-04-01,1999,4,"Iron ore, cfr spot",Metals,($/dmtu),27.6,0.0,0.0,-10.97,4.15,0.29
1999-05-01,1999,5,"Iron ore, cfr spot",Metals,($/dmtu),27.6,0.0,0.0,-10.97,4.15,0.29
1999-06-01,1999,6,"Iron ore, cfr spot",Metals,($/dmtu),27.6,0.0,0.0,-10.97,4.15,0.29
1999-07-01,1999,7,"Iron ore, cfr spot",Metals,($/dmtu),27.6,0.0,0.0,-10.97,4.15,0.29
1999-08-01,1999,8,"Iron ore, cfr spot",Metals,($/dmtu),27.6,0.0,0.0,-10.97,4.15,0.29
1999-09-01,1999,9,"Iron ore, cfr spot",Metals,($/dmtu),27.6,0.0,0.0,-10.97,4.15,0.29
1999-10-01,1999,10,"Iron ore, cfr spot",Metals,($/dmtu),27.6,0.0,0.0,-10.97,4.15,0.29
1999-11-01,1999,11,"Iron ore, cfr spot",Metals,($/dmtu),27.6,0.0,0.0,-10.97,4.15,0.29
1999-12-01,1999,12,"Iron ore, cfr spot",Metals,($/dmtu),27.6,0.0,0.0,-10.97,4.15,0.29
2000-01-01,2000,1,"Iron ore, cfr spot",Metals,($/dmtu),28.8,4.35,4.35,4.35,1.41,1.66
2000-02-01,2000,2,"Iron ore, cfr spot",Metals,($/dmtu),28.8,0.0,4.35,4.35,1.41,-0.29
2000-03-01,2000,3,"Iron ore, cfr spot",Metals,($/dmtu),28.8,0.0,4.35,4.35,1.41,-0.29
2000-04-01,2000,4,"Iron ore, cfr spot",Metals,($/dmtu),28.8,0.0,0.0,4.35,1.41,-0.29
2000-05-01,2000,5,"Iron ore, cfr spot",Metals,($/dmtu),28.8,0.0,0.0,4.35,1.41,-0.29
2000-06-01,2000,6,"Iron ore, cfr spot",Metals,($/dmtu),28.8,0.0,0.0,4.35,1.41,-0.29
2000-07-01,2000,7,"Iron ore, cfr spot",Metals,($/dmtu),28.8,0.0,0.0,4.35,1.41,-0.29
2000-08-01,2000,8,"Iron ore, cfr spot",Metals,($/dmtu),28.8,0.0,0.0,4.35,1.41,-0.29
2000-09-01,2000,9,"Iron ore, cfr spot",Metals,($/dmtu),28.8,0.0,0.0,4.35,1.41,-0.29
2000-10-01,2000,10,"Iron ore, cfr spot",Metals,($/dmtu),28.8,0.0,0.0,4.35,1.41,-0.29
2000-11-01,2000,11,"Iron ore, cfr spot",Metals,($/dmtu),28.8,0.0,0.0,4.35,1.41,-0.29
2000-12-01,2000,12,"Iron ore, cfr spot",Metals,($/dmtu),28.8,0.0,0.0,4.35,1.41,-0.29
2001-01-01,2001,1,"Iron ore, cfr spot",Metals,($/dmtu),30.0,4.17,4.17,4.17,0.0,3.03
2001-02-01,2001,2,"Iron ore, cfr spot",Metals,($/dmtu),30.0,0.0,4.17,4.17,0.0,-0.29
2001-03-01,2001,3,"Iron ore, cfr spot",Metals,($/dmtu),30.0,0.0,4.17,4.17,0.0,-0.29
2001-04-01,2001,4,"Iron ore, cfr spot",Metals,($/dmtu),30.0,0.0,0.0,4.17,0.0,-0.29
2001-05-01,2001,5,"Iron ore, cfr spot",Metals,($/dmtu),30.0,0.0,0.0,4.17,0.0,-0.29
2001-06-01,2001,6,"Iron ore, cfr spot",Metals,($/dmtu),30.0,0.0,0.0,4.17,0.0,-0.29
2001-07-01,2001,7,"Iron ore, cfr spot",Metals,($/dmtu),30.0,0.0,0.0,4.17,0.0,-0.29
2001-08-01,2001,8,"Iron ore, cfr spot",Metals,($/dmtu),30.0,0.0,0.0,4.17,0.0,-0.29
2001-09-01,2001,9,"Iron ore, cfr spot",Metals,($/dmtu),30.0,0.0,0.0,4.17,0.0,-0.29
2001-10-01,2001,10,"Iron ore, cfr spot",Metals,($/dmtu),30.0,0.0,0.0,4.17,0.0,-0.29
2001-11-01,2001,11,"Iron ore, cfr spot",Metals,($/dmtu),30.0,0.0,0.0,4.17,0.0,-0.29
2001-12-01,2001,12,"Iron ore, cfr spot",Metals,($/dmtu),30.0,0.0,0.0,4.17,0.0,-0.29
2002-01-01,2002,1,"Iron ore, cfr spot",Metals,($/dmtu),29.3,-2.33,-2.33,-2.33,-2.98,-2.23
2002-02-01,2002,2,"Iron ore, cfr spot",Metals,($/dmtu),29.3,0.0,-2.33,-2.33,-2.98,0.29
2002-03-01,2002,3,"Iron ore, cfr spot",Metals,($/dmtu),29.3,0.0,-2.33,-2.33,-2.98,0.29
2002-04-01,2002,4,"Iron ore, cfr spot",Metals,($/dmtu),29.3,0.0,0.0,-2.33,-2.98,0.29
2002-05-01,2002,5,"Iron ore, cfr spot",Metals,($/dmtu),29.3,0.0,0.0,-2.33,-2.98,0.29
2002-06-01,2002,6,"Iron ore, cfr spot",Metals,($/dmtu),29.3,0.0,0.0,-2.33,-2.98,0.29
2002-07-01,2002,7,"Iron ore, cfr spot",Metals,($/dmtu),29.3,0.0,0.0,-2.33,-2.98,0.29
2002-08-01,2002,8,"Iron ore, cfr spot",Metals,($/dmtu),29.3,0.0,0.0,-2.33,-2.98,0.29
2002-09-01,2002,9,"Iron ore, cfr spot",Metals,($/dmtu),29.3,0.0,0.0,-2.33,-2.98,0.29
2002-10-01,2002,10,"Iron ore, cfr spot",Metals,($/dmtu),29.3,0.0,0.0,-2.33,-2.98,0.29
2002-11-01,2002,11,"Iron ore, cfr spot",Metals,($/dmtu),29.3,0.0,0.0,-2.33,-2.98,0.29
2002-12-01,2002,12,"Iron ore, cfr spot",Metals,($/dmtu),29.3,0.0,0.0,-2.33,-2.98,0.29
2003-01-01,2003,1,"Iron ore, cfr spot",Metals,($/dmtu),32.0,9.22,9.22,9.22,3.23,13.97
2003-02-01,2003,2,"Iron ore, cfr spot",Metals,($/dmtu),32.0,0.0,9.22,9.22,3.23,-0.29
2003-03-01,2003,3,"Iron ore, cfr spot",Metals,($/dmtu),32.0,0.0,9.22,9.22,3.23,-0.29
2003-04-01,2003,4,"Iron ore, cfr spot",Metals,($/dmtu),32.0,0.0,0.0,9.22,3.23,-0.29
2003-05-01,2003,5,"Iron ore, cfr spot",Metals,($/dmtu),32.0,0.0,0.0,9.22,3.23,-0.29
2003-06-01,2003,6,"Iron ore, cfr spot",Metals,($/dmtu),32.0,0.0,0.0,9.22,3.23,-0.29
2003-07-01,2003,7,"Iron ore, cfr spot",Metals,($/dmtu),32.0,0.0,0.0,9.22,3.23,-0.29
2003-08-01,2003,8,"Iron ore, cfr spot",Metals,($/dmtu),32.0,0.0,0.0,9.22,3.23,-0.29
2003-09-01,2003,9,"Iron ore, cfr spot",Metals,($/dmtu),32.0,0.0,0.0,9.22,3.23,-0.29
2003-10-01,2003,10,"Iron ore, cfr spot",Metals,($/dmtu),32.0,0.0,0.0,9.22,3.23,-0.29
2003-11-01,2003,11,"Iron ore, cfr spot",Metals,($/dmtu),32.0,0.0,0.0,9.22,3.23,-0.29
2003-12-01,2003,12,"Iron ore, cfr spot",Metals,($/dmtu),32.0,0.0,0.0,9.22,3.23,-0.29
2004-01-01,2004,1,"Iron ore, cfr spot",Metals,($/dmtu),37.9,18.44,18.44,18.44,37.32,6.64
2004-02-01,2004,2,"Iron ore, cfr spot",Metals,($/dmtu),37.9,0.0,18.44,18.44,37.32,-0.29
2004-03-01,2004,3,"Iron ore, cfr spot",Metals,($/dmtu),37.9,0.0,18.44,18.44,37.32,-0.29
2004-04-01,2004,4,"Iron ore, cfr spot",Metals,($/dmtu),37.9,0.0,0.0,18.44,37.32,-0.29
2004-05-01,2004,5,"Iron ore, cfr spot",Metals,($/dmtu),37.9,0.0,0.0,18.44,37.32,-0.29
2004-06-01,2004,6,"Iron ore, cfr spot",Metals,($/dmtu),37.9,0.0,0.0,18.44,37.32,-0.29
2004-07-01,2004,7,"Iron ore, cfr spot",Metals,($/dmtu),37.9,0.0,0.0,18.44,37.32,-0.29
2004-08-01,2004,8,"Iron ore, cfr spot",Metals,($/dmtu),37.9,0.0,0.0,18.44,37.32,-0.29
2004-09-01,2004,9,"Iron ore, cfr spot",Metals,($/dmtu),37.9,0.0,0.0,18.44,37.32,-0.29
2004-10-01,2004,10,"Iron ore, cfr spot",Metals,($/dmtu),37.9,0.0,0.0,18.44,37.32,-0.29
2004-11-01,2004,11,"Iron ore, cfr spot",Metals,($/dmtu),37.9,0.0,0.0,18.44,37.32,-0.29
2004-12-01,2004,12,"Iron ore, cfr spot",Metals,($/dmtu),37.9,0.0,0.0,18.44,37.32,-0.29
2005-01-01,2005,1,"Iron ore, cfr spot",Metals,($/dmtu),65.0,71.5,71.5,71.5,125.69,13.15
2005-02-01,2005,2,"Iron ore, cfr spot",Metals,($/dmtu),65.0,0.0,71.5,71.5,125.69,-0.29
2005-03-01,2005,3,"Iron ore, cfr spot",Metals,($/dmtu),65.0,0.0,71.5,71.5,125.69,-0.29
2005-04-01,2005,4,"Iron ore, cfr spot",Metals,($/dmtu),65.0,0.0,0.0,71.5,125.69,-0.29
2005-05-01,2005,5,"Iron ore, cfr spot",Metals,($/dmtu),65.0,0.0,0.0,71.5,125.69,-0.29
2005-06-01,2005,6,"Iron ore, cfr spot",Metals,($/dmtu),65.0,0.0,0.0,71.5,125.69,-0.29
2005-07-01,2005,7,"Iron ore, cfr spot",Metals,($/dmtu),65.0,0.0,0.0,71.5,125.69,-0.29
2005-08-01,2005,8,"Iron ore, cfr spot",Metals,($/dmtu),65.0,0.0,0.0,71.5,125.69,-0.29
2005-09-01,2005,9,"Iron ore, cfr spot",Metals,($/dmtu),65.0,0.0,0.0,71.5,125.69,-0.29
2005-10-01,2005,10,"Iron ore, cfr spot",Metals,($/dmtu),65.0,0.0,0.0,71.5,125.69,-0.29
2005-11-01,2005,11,"Iron ore, cfr spot",Metals,($/dmtu),65.0,0.0,0.0,71.5,125.69,-0.29
2005-12-01,2005,12,"Iron ore, cfr spot",Metals,($/dmtu),65.0,0.0,0.0,71.5,125.69,-0.29
2006-01-01,2006,1,"Iron ore, cfr spot",Metals,($/dmtu),67.2,3.38,3.38,3.38,124.0,-0.12
2006-02-01,2006,2,"Iron ore, cfr spot",Metals,($/dmtu),65.2,-2.98,0.31,0.31,117.33,-3.33
2006-03-01,2006,3,"Iron ore, cfr spot",Metals,($/dmtu),66.7,2.3,2.62,2.62,122.33,1.67
2006-04-01,2006,4,"Iron ore, cfr spot",Metals,($/dmtu),67.3,0.9,0.15,3.54,124.33,0.45
2006-05-01,2006,5,"Iron ore, cfr spot",Metals,($/dmtu),67.3,0.0,3.22,3.54,124.33,-0.2
2006-06-01,2006,6,"Iron ore, cfr spot",Metals,($/dmtu),69.3,2.97,3.9,6.62,131.0,1.76
2006-07-01,2006,7,"Iron ore, cfr spot",Metals,($/dmtu),70.5,1.73,4.75,8.46,135.0,0.7
2006-08-01,2006,8,"Iron ore, cfr spot",Metals,($/dmtu),69.8,-0.99,3.71,7.38,132.67,-0.98
2006-09-01,2006,9,"Iron ore, cfr spot",Metals,($/dmtu),70.0,0.29,1.01,7.69,133.33,-0.18
2006-10-01,2006,10,"Iron ore, cfr spot",Metals,($/dmtu),71.7,2.43,1.7,10.31,139.0,1.01
2006-11-01,2006,11,"Iron ore, cfr spot",Metals,($/dmtu),73.5,2.51,5.3,13.08,145.0,0.92
2006-12-01,2006,12,"Iron ore, cfr spot",Metals,($/dmtu),73.5,0.0,5.0,13.08,145.0,-0.56
2007-01-01,2007,1,"Iron ore, cfr spot",Metals,($/dmtu),78.2,6.39,9.07,16.37,166.89,2.86
2007-02-01,2007,2,"Iron ore, cfr spot",Metals,($/dmtu),82.7,5.75,12.52,26.84,182.25,1.9
2007-03-01,2007,3,"Iron ore, cfr spot",Metals,($/dmtu),88.6,7.13,20.54,32.83,202.39,2.26
2007-04-01,2007,4,"Iron ore, cfr spot",Metals,($/dmtu),91.3,3.05,16.75,35.66,211.6,0.23
2007-05-01,2007,5,"Iron ore, cfr spot",Metals,($/dmtu),102.0,11.72,23.34,51.56,248.12,3.43
2007-06-01,2007,6,"Iron ore, cfr spot",Metals,($/dmtu),103.2,1.18,16.48,48.92,252.22,-0.67
2007-07-01,2007,7,"Iron ore, cfr spot",Metals,($/dmtu),106.1,2.81,16.21,50.5,262.12,-0.17
2007-08-01,2007,8,"Iron ore, cfr spot",Metals,($/dmtu),121.9,14.89,19.51,74.64,316.04,3.13
2007-09-01,2007,9,"Iron ore, cfr spot",Metals,($/dmtu),148.7,21.99,44.09,112.43,407.51,3.72
2007-10-01,2007,10,"Iron ore, cfr spot",Metals,($/dmtu),168.1,13.05,58.44,134.45,473.72,0.98
2007-11-01,2007,11,"Iron ore, cfr spot",Metals,($/dmtu),195.1,16.06,60.05,165.44,565.87,1.29
2007-12-01,2007,12,"Iron ore, cfr spot",Metals,($/dmtu),190.1,-2.56,27.84,158.64,548.81,-1.65
2008-01-01,2008,1,"Iron ore, cfr spot",Metals,($/dmtu),193.4,1.74,15.05,147.31,504.38,-0.94
2008-02-01,2008,2,"Iron ore, cfr spot",Metals,($/dmtu),186.1,-3.77,-4.61,125.03,481.56,-1.6
2008-03-01,2008,3,"Iron ore, cfr spot",Metals,($/dmtu),197.1,5.91,3.68,122.46,515.94,-0.17
2008-04-01,2008,4,"Iron ore, cfr spot",Metals,($/dmtu),196.0,-0.56,1.34,114.68,512.5,-0.95
2008-05-01,2008,5,"Iron ore, cfr spot",Metals,($/dmtu),193.0,-1.53,3.71,89.22,503.12,-1.0
2008-06-01,2008,6,"Iron ore, cfr spot",Metals,($/dmtu),183.9,-4.72,-6.7,78.2,474.69,-1.23
2008-07-01,2008,7,"Iron ore, cfr spot",Metals,($/dmtu),180.5,-1.85,-7.91,70.12,464.06,-0.79
2008-08-01,2008,8,"Iron ore, cfr spot",Metals,($/dmtu),178.7,-1.0,-7.41,46.6,458.44,-0.64
2008-09-01,2008,9,"Iron ore, cfr spot",Metals,($/dmtu),139.6,-21.88,-24.09,-6.12,336.25,-2.9
2008-10-01,2008,10,"Iron ore, cfr spot",Metals,($/dmtu),88.7,-36.46,-50.86,-47.23,177.19,-3.82
2008-11-01,2008,11,"Iron ore, cfr spot",Metals,($/dmtu),65.0,-26.72,-63.63,-66.68,103.12,-1.69
2008-12-01,2008,12,"Iron ore, cfr spot",Metals,($/dmtu),70.0,7.69,-49.86,-63.18,118.75,1.18
2009-01-01,2009,1,"Iron ore, cfr spot",Metals,($/dmtu),72.5,3.57,-18.26,-62.51,91.29,0.76
2009-02-01,2009,2,"Iron ore, cfr spot",Metals,($/dmtu),75.6,4.28,16.31,-59.38,99.47,0.8
2009-03-01,2009,3,"Iron ore, cfr spot",Metals,($/dmtu),64.1,-15.21,-8.43,-67.48,69.13,-0.64
2009-04-01,2009,4,"Iron ore, cfr spot",Metals,($/dmtu),59.8,-6.71,-17.52,-69.49,57.78,0.08
2009-05-01,2009,5,"Iron ore, cfr spot",Metals,($/dmtu),62.7,4.85,-17.06,-67.51,65.44,0.96
2009-06-01,2009,6,"Iron ore, cfr spot",Metals,($/dmtu),71.7,14.35,11.86,-61.01,89.18,1.57
2009-07-01,2009,7,"Iron ore, cfr spot",Metals,($/dmtu),84.0,17.15,40.47,-53.46,121.64,1.51
2009-08-01,2009,8,"Iron ore, cfr spot",Metals,($/dmtu),97.7,16.31,55.82,-45.33,157.78,1.24
2009-09-01,2009,9,"Iron ore, cfr spot",Metals,($/dmtu),80.7,-17.4,12.55,-42.19,112.93,-0.79
2009-10-01,2009,10,"Iron ore, cfr spot",Metals,($/dmtu),86.8,7.56,3.33,-2.14,129.02,0.59
2009-11-01,2009,11,"Iron ore, cfr spot",Metals,($/dmtu),99.3,14.4,1.64,52.77,162.01,0.96
2009-12-01,2009,12,"Iron ore, cfr spot",Metals,($/dmtu),105.1,5.84,30.24,50.14,177.31,0.14
2010-01-01,2010,1,"Iron ore, cfr spot",Metals,($/dmtu),125.7,19.6,44.82,73.38,93.38,1.33
2010-02-01,2010,2,"Iron ore, cfr spot",Metals,($/dmtu),127.5,1.43,28.4,68.65,96.15,-0.32
2010-03-01,2010,3,"Iron ore, cfr spot",Metals,($/dmtu),139.7,9.57,32.92,117.94,114.92,0.35
2010-04-01,2010,4,"Iron ore, cfr spot",Metals,($/dmtu),172.5,23.48,37.23,188.46,165.38,1.5
2010-05-01,2010,5,"Iron ore, cfr spot",Metals,($/dmtu),161.4,-6.43,26.59,157.42,148.31,-1.5
2010-06-01,2010,6,"Iron ore, cfr spot",Metals,($/dmtu),143.6,-11.03,2.79,100.28,120.92,-1.7
2010-07-01,2010,7,"Iron ore, cfr spot",Metals,($/dmtu),126.4,-11.98,-26.72,50.48,94.46,-1.45
2010-08-01,2010,8,"Iron ore, cfr spot",Metals,($/dmtu),145.3,14.95,-9.98,48.72,123.54,0.79
2010-09-01,2010,9,"Iron ore, cfr spot",Metals,($/dmtu),140.6,-3.23,-2.09,74.23,116.31,-0.56
2010-10-01,2010,10,"Iron ore, cfr spot",Metals,($/dmtu),148.5,5.62,17.48,71.08,128.46,0.02
2010-11-01,2010,11,"Iron ore, cfr spot",Metals,($/dmtu),156.1,5.12,7.43,57.2,140.15,-0.01
2010-12-01,2010,12,"Iron ore, cfr spot",Metals,($/dmtu),163.1,4.48,16.0,55.19,150.92,0.01
2011-01-01,2011,1,"Iron ore, cfr spot",Metals,($/dmtu),179.2,9.87,20.67,42.56,166.67,0.49
2011-02-01,2011,2,"Iron ore, cfr spot",Metals,($/dmtu),187.2,4.46,19.92,46.82,187.12,0.09
2011-03-01,2011,3,"Iron ore, cfr spot",Metals,($/dmtu),169.4,-9.51,3.86,21.26,153.97,-1.26
2011-04-01,2011,4,"Iron ore, cfr spot",Metals,($/dmtu),179.3,5.84,0.06,3.94,166.42,0.34
2011-05-01,2011,5,"Iron ore, cfr spot",Metals,($/dmtu),177.1,-1.23,-5.4,9.73,163.15,-0.22
2011-06-01,2011,6,"Iron ore, cfr spot",Metals,($/dmtu),170.9,-3.5,0.89,19.01,146.61,-0.54
2011-07-01,2011,7,"Iron ore, cfr spot",Metals,($/dmtu),173.0,1.23,-3.51,36.87,145.39,-0.07
2011-08-01,2011,8,"Iron ore, cfr spot",Metals,($/dmtu),177.5,2.6,0.23,22.16,154.3,-0.04
2011-09-01,2011,9,"Iron ore, cfr spot",Metals,($/dmtu),177.2,-0.17,3.69,26.03,153.14,-0.37
2011-10-01,2011,10,"Iron ore, cfr spot",Metals,($/dmtu),150.4,-15.12,-13.06,1.28,109.76,-3.35
2011-11-01,2011,11,"Iron ore, cfr spot",Metals,($/dmtu),135.5,-9.91,-23.66,-13.2,84.35,-1.47
2011-12-01,2011,12,"Iron ore, cfr spot",Metals,($/dmtu),136.4,0.66,-23.02,-16.37,85.58,0.21
2012-01-01,2012,1,"Iron ore, cfr spot",Metals,($/dmtu),140.3,2.86,-6.72,-21.71,79.41,0.57
2012-02-01,2012,2,"Iron ore, cfr spot",Metals,($/dmtu),140.4,0.07,3.62,-25.0,69.77,0.29
2012-03-01,2012,3,"Iron ore, cfr spot",Metals,($/dmtu),144.7,3.06,6.09,-14.58,63.32,0.84
2012-04-01,2012,4,"Iron ore, cfr spot",Metals,($/dmtu),147.6,2.0,5.2,-17.68,61.66,0.53
2012-05-01,2012,5,"Iron ore, cfr spot",Metals,($/dmtu),136.6,-7.45,-2.71,-22.87,33.92,-1.07
2012-06-01,2012,6,"Iron ore, cfr spot",Metals,($/dmtu),134.7,-1.39,-6.91,-21.18,30.52,0.1
2012-07-01,2012,7,"Iron ore, cfr spot",Metals,($/dmtu),127.9,-5.05,-13.35,-26.07,20.55,-0.56
2012-08-01,2012,8,"Iron ore, cfr spot",Metals,($/dmtu),107.5,-15.95,-21.3,-39.44,-11.81,-2.34
2012-09-01,2012,9,"Iron ore, cfr spot",Metals,($/dmtu),99.5,-7.44,-26.13,-43.85,-33.09,-0.53
2012-10-01,2012,10,"Iron ore, cfr spot",Metals,($/dmtu),114.0,14.57,-10.87,-24.2,-32.18,2.82
2012-11-01,2012,11,"Iron ore, cfr spot",Metals,($/dmtu),120.4,5.61,12.0,-11.14,-38.29,0.97
2012-12-01,2012,12,"Iron ore, cfr spot",Metals,($/dmtu),128.5,6.73,29.15,-5.79,-32.4,0.96
2013-01-01,2013,1,"Iron ore, cfr spot",Metals,($/dmtu),150.5,17.12,32.02,7.27,-22.18,2.17
2013-02-01,2013,2,"Iron ore, cfr spot",Metals,($/dmtu),154.6,2.72,28.41,10.11,-16.93,0.18
2013-03-01,2013,3,"Iron ore, cfr spot",Metals,($/dmtu),139.9,-9.51,8.87,-3.32,-29.02,-1.14
2013-04-01,2013,4,"Iron ore, cfr spot",Metals,($/dmtu),137.4,-1.79,-8.7,-6.91,-29.9,-0.2
2013-05-01,2013,5,"Iron ore, cfr spot",Metals,($/dmtu),124.0,-9.75,-19.79,-9.22,-35.75,-0.97
2013-06-01,2013,6,"Iron ore, cfr spot",Metals,($/dmtu),114.8,-7.42,-17.94,-14.77,-37.57,-0.7
2013-07-01,2013,7,"Iron ore, cfr spot",Metals,($/dmtu),127.2,10.8,-7.42,-0.55,-29.53,1.13
2013-08-01,2013,8,"Iron ore, cfr spot",Metals,($/dmtu),137.1,7.78,10.56,27.53,-23.28,0.68
2013-09-01,2013,9,"Iron ore, cfr spot",Metals,($/dmtu),134.2,-2.12,16.9,34.87,-3.87,-0.48
2013-10-01,2013,10,"Iron ore, cfr spot",Metals,($/dmtu),132.6,-1.19,4.25,16.32,49.49,-0.45
2013-11-01,2013,11,"Iron ore, cfr spot",Metals,($/dmtu),136.3,2.79,-0.58,13.21,109.69,0.14
2013-12-01,2013,12,"Iron ore, cfr spot",Metals,($/dmtu),135.8,-0.37,1.19,5.68,94.0,-0.21
2014-01-01,2014,1,"Iron ore, cfr spot",Metals,($/dmtu),128.1,-5.67,-3.39,-14.88,76.69,-0.79
2014-02-01,2014,2,"Iron ore, cfr spot",Metals,($/dmtu),121.4,-5.23,-10.93,-21.47,60.58,-0.63
2014-03-01,2014,3,"Iron ore, cfr spot",Metals,($/dmtu),111.8,-7.91,-17.67,-20.09,74.41,-0.95
2014-04-01,2014,4,"Iron ore, cfr spot",Metals,($/dmtu),114.6,2.5,-10.54,-16.59,91.64,0.67
2014-05-01,2014,5,"Iron ore, cfr spot",Metals,($/dmtu),100.6,-12.22,-17.13,-18.87,60.45,-1.71
2014-06-01,2014,6,"Iron ore, cfr spot",Metals,($/dmtu),92.7,-7.85,-17.08,-19.25,29.29,-0.94
2014-07-01,2014,7,"Iron ore, cfr spot",Metals,($/dmtu),96.1,3.67,-16.14,-24.45,14.4,0.77
2014-08-01,2014,8,"Iron ore, cfr spot",Metals,($/dmtu),92.6,-3.64,-7.95,-32.46,-5.22,-0.26
2014-09-01,2014,9,"Iron ore, cfr spot",Metals,($/dmtu),82.4,-11.02,-11.11,-38.6,2.11,-1.61
2014-10-01,2014,10,"Iron ore, cfr spot",Metals,($/dmtu),81.1,-1.58,-15.61,-38.84,-6.57,0.42
2014-11-01,2014,11,"Iron ore, cfr spot",Metals,($/dmtu),73.7,-9.12,-20.41,-45.93,-25.78,-0.98
2014-12-01,2014,12,"Iron ore, cfr spot",Metals,($/dmtu),68.4,-7.19,-16.99,-49.63,-34.92,-0.45
2015-01-01,2015,1,"Iron ore, cfr spot",Metals,($/dmtu),68.2,-0.29,-15.91,-46.76,-45.74,1.04
2015-02-01,2015,2,"Iron ore, cfr spot",Metals,($/dmtu),62.8,-7.92,-14.79,-48.27,-50.75,-0.57
2015-03-01,2015,3,"Iron ore, cfr spot",Metals,($/dmtu),58.1,-7.48,-15.06,-48.03,-58.41,-0.43
2015-04-01,2015,4,"Iron ore, cfr spot",Metals,($/dmtu),52.3,-9.98,-23.31,-54.36,-69.68,-0.92
2015-05-01,2015,5,"Iron ore, cfr spot",Metals,($/dmtu),60.3,15.3,-3.98,-40.06,-62.64,4.51
2015-06-01,2015,6,"Iron ore, cfr spot",Metals,($/dmtu),62.6,3.81,7.75,-32.47,-56.41,1.04
2015-07-01,2015,7,"Iron ore, cfr spot",Metals,($/dmtu),52.4,-16.29,0.19,-45.47,-58.54,-1.74
2015-08-01,2015,8,"Iron ore, cfr spot",Metals,($/dmtu),56.2,7.25,-6.8,-39.31,-61.32,1.44
2015-09-01,2015,9,"Iron ore, cfr spot",Metals,($/dmtu),57.0,1.42,-8.95,-30.83,-59.46,0.57
2015-10-01,2015,10,"Iron ore, cfr spot",Metals,($/dmtu),53.1,-6.84,1.34,-34.53,-64.24,-0.48
2015-11-01,2015,11,"Iron ore, cfr spot",Metals,($/dmtu),46.9,-11.68,-16.55,-36.36,-69.96,-0.97
2015-12-01,2015,12,"Iron ore, cfr spot",Metals,($/dmtu),40.5,-13.65,-28.95,-40.79,-75.17,-1.15
2016-01-01,2016,1,"Iron ore, cfr spot",Metals,($/dmtu),41.9,3.46,-21.09,-38.56,-76.62,0.78
2016-02-01,2016,2,"Iron ore, cfr spot",Metals,($/dmtu),46.8,11.69,-0.21,-25.48,-75.0,1.59
2016-03-01,2016,3,"Iron ore, cfr spot",Metals,($/dmtu),56.2,20.09,38.77,-3.27,-66.82,2.11
2016-04-01,2016,4,"Iron ore, cfr spot",Metals,($/dmtu),60.9,8.36,45.35,16.44,-66.03,0.66
2016-05-01,2016,5,"Iron ore, cfr spot",Metals,($/dmtu),55.1,-9.52,17.74,-8.62,-68.89,-0.97
2016-06-01,2016,6,"Iron ore, cfr spot",Metals,($/dmtu),52.0,-5.63,-7.47,-16.93,-69.57,-0.48
2016-07-01,2016,7,"Iron ore, cfr spot",Metals,($/dmtu),57.3,10.19,-5.91,9.35,-66.88,0.98
2016-08-01,2016,8,"Iron ore, cfr spot",Metals,($/dmtu),60.9,6.28,10.53,8.36,-65.69,0.47
2016-09-01,2016,9,"Iron ore, cfr spot",Metals,($/dmtu),57.8,-5.09,11.15,1.4,-67.38,-0.59
2016-10-01,2016,10,"Iron ore, cfr spot",Metals,($/dmtu),59.1,2.25,3.14,11.3,-60.7,0.15
2016-11-01,2016,11,"Iron ore, cfr spot",Metals,($/dmtu),73.1,23.69,20.03,55.86,-46.05,2.12
2016-12-01,2016,12,"Iron ore, cfr spot",Metals,($/dmtu),80.0,9.44,38.41,97.53,-41.35,0.45
2017-01-01,2017,1,"Iron ore, cfr spot",Metals,($/dmtu),80.4,0.5,36.04,91.89,-42.69,-0.58
2017-02-01,2017,2,"Iron ore, cfr spot",Metals,($/dmtu),89.4,11.19,22.3,91.03,-36.32,0.51
2017-03-01,2017,3,"Iron ore, cfr spot",Metals,($/dmtu),87.7,-1.9,9.62,56.05,-39.39,-0.78
2017-04-01,2017,4,"Iron ore, cfr spot",Metals,($/dmtu),70.2,-19.95,-12.69,15.27,-52.44,-2.61
2017-05-01,2017,5,"Iron ore, cfr spot",Metals,($/dmtu),62.4,-11.11,-30.2,13.25,-54.32,-1.13
2017-06-01,2017,6,"Iron ore, cfr spot",Metals,($/dmtu),57.5,-7.85,-34.44,10.58,-57.31,-0.82
2017-07-01,2017,7,"Iron ore, cfr spot",Metals,($/dmtu),67.7,17.74,-3.56,18.15,-47.07,1.39
2017-08-01,2017,8,"Iron ore, cfr spot",Metals,($/dmtu),76.1,12.41,21.96,24.96,-29.21,0.83
2017-09-01,2017,9,"Iron ore, cfr spot",Metals,($/dmtu),71.5,-6.04,24.35,23.7,-28.14,-0.68
2017-10-01,2017,10,"Iron ore, cfr spot",Metals,($/dmtu),61.7,-13.71,-8.86,4.4,-45.88,-1.27
2017-11-01,2017,11,"Iron ore, cfr spot",Metals,($/dmtu),64.2,4.05,-15.64,-12.18,-46.68,0.21
2017-12-01,2017,12,"Iron ore, cfr spot",Metals,($/dmtu),72.3,12.62,1.12,-9.63,-43.74,1.11
2018-01-01,2018,1,"Iron ore, cfr spot",Metals,($/dmtu),76.3,5.53,23.66,-5.1,-49.3,0.48
2018-02-01,2018,2,"Iron ore, cfr spot",Metals,($/dmtu),77.5,1.57,20.72,-13.31,-49.87,0.11
2018-03-01,2018,3,"Iron ore, cfr spot",Metals,($/dmtu),70.4,-9.16,-2.63,-19.73,-49.68,-0.74
2018-04-01,2018,4,"Iron ore, cfr spot",Metals,($/dmtu),65.8,-6.53,-13.76,-6.27,-52.11,-0.45
2018-05-01,2018,5,"Iron ore, cfr spot",Metals,($/dmtu),66.1,0.46,-14.71,5.93,-46.69,0.05
2018-06-01,2018,6,"Iron ore, cfr spot",Metals,($/dmtu),65.0,-1.66,-7.67,13.04,-43.38,-0.26
2018-07-01,2018,7,"Iron ore, cfr spot",Metals,($/dmtu),64.6,-0.62,-1.82,-4.58,-49.21,-0.21
2018-08-01,2018,8,"Iron ore, cfr spot",Metals,($/dmtu),67.2,4.02,1.66,-11.7,-50.98,0.51
2018-09-01,2018,9,"Iron ore, cfr spot",Metals,($/dmtu),68.4,1.79,5.23,-4.34,-49.03,0.36
2018-10-01,2018,10,"Iron ore, cfr spot",Metals,($/dmtu),73.4,7.31,13.62,18.96,-44.65,1.06
2018-11-01,2018,11,"Iron ore, cfr spot",Metals,($/dmtu),73.3,-0.14,9.08,14.17,-46.22,-0.3
2018-12-01,2018,12,"Iron ore, cfr spot",Metals,($/dmtu),69.2,-5.59,1.17,-4.29,-49.04,-1.17
2019-01-01,2019,1,"Iron ore, cfr spot",Metals,($/dmtu),76.2,10.12,3.81,-0.13,-40.52,2.11
2019-02-01,2019,2,"Iron ore, cfr spot",Metals,($/dmtu),88.2,15.75,20.33,13.81,-27.35,2.81
2019-03-01,2019,3,"Iron ore, cfr spot",Metals,($/dmtu),86.5,-1.93,25.0,22.87,-22.63,-0.45
2019-04-01,2019,4,"Iron ore, cfr spot",Metals,($/dmtu),93.7,8.32,22.97,42.4,-18.24,0.99
2019-05-01,2019,5,"Iron ore, cfr spot",Metals,($/dmtu),100.2,6.94,13.61,51.59,-0.4,0.62
2019-06-01,2019,6,"Iron ore, cfr spot",Metals,($/dmtu),108.9,8.68,25.9,67.54,17.48,0.81
2019-07-01,2019,7,"Iron ore, cfr spot",Metals,($/dmtu),120.2,10.38,28.28,86.07,25.08,0.96
2019-08-01,2019,8,"Iron ore, cfr spot",Metals,($/dmtu),93.1,-22.55,-7.09,38.54,0.54,-4.65
2019-09-01,2019,9,"Iron ore, cfr spot",Metals,($/dmtu),93.1,0.0,-14.51,36.11,12.99,-0.32
2019-10-01,2019,10,"Iron ore, cfr spot",Metals,($/dmtu),88.5,-4.94,-26.37,20.57,9.12,-0.79
2019-11-01,2019,11,"Iron ore, cfr spot",Metals,($/dmtu),85.0,-3.95,-8.7,15.96,15.33,-0.59
2019-12-01,2019,12,"Iron ore, cfr spot",Metals,($/dmtu),92.7,9.06,-0.43,33.96,35.53,0.7
2020-01-01,2020,1,"Iron ore, cfr spot",Metals,($/dmtu),95.8,3.34,8.25,25.72,40.47,0.03
2020-02-01,2020,2,"Iron ore, cfr spot",Metals,($/dmtu),87.7,-8.46,3.18,-0.57,39.65,-1.08
2020-03-01,2020,3,"Iron ore, cfr spot",Metals,($/dmtu),89.0,1.48,-3.99,2.89,53.18,0.11
2020-04-01,2020,4,"Iron ore, cfr spot",Metals,($/dmtu),84.7,-4.83,-11.59,-9.61,61.95,-0.58
2020-05-01,2020,5,"Iron ore, cfr spot",Metals,($/dmtu),93.7,10.63,6.84,-6.49,55.39,1.18
2020-06-01,2020,6,"Iron ore, cfr spot",Metals,($/dmtu),103.3,10.25,16.07,-5.14,65.02,1.07
2020-07-01,2020,7,"Iron ore, cfr spot",Metals,($/dmtu),108.5,5.03,28.1,-9.73,107.06,0.51
2020-08-01,2020,8,"Iron ore, cfr spot",Metals,($/dmtu),121.1,11.61,29.24,30.08,115.48,1.27
2020-09-01,2020,9,"Iron ore, cfr spot",Metals,($/dmtu),123.8,2.23,19.85,32.98,117.19,-0.03
2020-10-01,2020,10,"Iron ore, cfr spot",Metals,($/dmtu),119.8,-3.23,10.41,35.37,125.61,-0.84
2020-11-01,2020,11,"Iron ore, cfr spot",Metals,($/dmtu),124.4,3.84,2.73,46.35,165.25,0.16
2020-12-01,2020,12,"Iron ore, cfr spot",Metals,($/dmtu),155.4,24.92,25.53,67.64,283.7,3.33
2021-01-01,2021,1,"Iron ore, cfr spot",Metals,($/dmtu),169.6,9.14,41.57,77.04,304.77,0.5
2021-02-01,2021,2,"Iron ore, cfr spot",Metals,($/dmtu),163.8,-3.42,31.67,86.77,250.0,-0.96
2021-03-01,2021,3,"Iron ore, cfr spot",Metals,($/dmtu),168.2,2.69,8.24,88.99,199.29,-0.35
2021-04-01,2021,4,"Iron ore, cfr spot",Metals,($/dmtu),179.8,6.9,6.01,112.28,195.24,0.14
2021-05-01,2021,5,"Iron ore, cfr spot",Metals,($/dmtu),207.7,15.52,26.8,121.66,276.95,1.16
2021-06-01,2021,6,"Iron ore, cfr spot",Metals,($/dmtu),214.4,3.23,27.47,107.55,312.31,-0.49
2021-07-01,2021,7,"Iron ore, cfr spot",Metals,($/dmtu),214.1,-0.14,19.08,97.33,273.65,-0.84
2021-08-01,2021,8,"Iron ore, cfr spot",Metals,($/dmtu),162.2,-24.24,-21.91,33.94,166.34,-3.7
2021-09-01,2021,9,"Iron ore, cfr spot",Metals,($/dmtu),124.5,-23.24,-41.93,0.57,115.4,-2.24
2021-10-01,2021,10,"Iron ore, cfr spot",Metals,($/dmtu),122.9,-1.29,-42.6,2.59,107.95,-0.16
2021-11-01,2021,11,"Iron ore, cfr spot",Metals,($/dmtu),96.2,-21.72,-40.69,-22.67,31.6,-1.64
2021-12-01,2021,12,"Iron ore, cfr spot",Metals,($/dmtu),117.0,21.62,-6.02,-24.71,46.25,1.47
2022-01-01,2022,1,"Iron ore, cfr spot",Metals,($/dmtu),132.5,13.25,7.81,-21.88,64.8,0.97
2022-02-01,2022,2,"Iron ore, cfr spot",Metals,($/dmtu),142.8,7.77,48.44,-12.82,59.73,0.57
2022-03-01,2022,3,"Iron ore, cfr spot",Metals,($/dmtu),152.1,6.51,30.0,-9.57,73.43,0.42
2022-04-01,2022,4,"Iron ore, cfr spot",Metals,($/dmtu),151.3,-0.53,14.19,-15.85,115.53,-0.06
2022-05-01,2022,5,"Iron ore, cfr spot",Metals,($/dmtu),131.2,-13.28,-8.12,-36.83,110.26,-0.85
2022-06-01,2022,6,"Iron ore, cfr spot",Metals,($/dmtu),130.7,-0.38,-14.07,-39.04,127.3,0.15
2022-07-01,2022,7,"Iron ore, cfr spot",Metals,($/dmtu),108.6,-16.91,-28.22,-49.28,60.41,-0.94
2022-08-01,2022,8,"Iron ore, cfr spot",Metals,($/dmtu),108.9,0.28,-17.0,-32.86,43.1,0.3
2022-09-01,2022,9,"Iron ore, cfr spot",Metals,($/dmtu),99.8,-8.36,-23.64,-19.84,39.58,-0.43
2022-10-01,2022,10,"Iron ore, cfr spot",Metals,($/dmtu),92.6,-7.21,-14.73,-24.65,50.08,-0.49
2022-11-01,2022,11,"Iron ore, cfr spot",Metals,($/dmtu),93.3,0.76,-14.33,-3.01,45.33,0.18
2022-12-01,2022,12,"Iron ore, cfr spot",Metals,($/dmtu),111.8,19.83,12.02,-4.44,54.63,1.78
2023-01-01,2023,1,"Iron ore, cfr spot",Metals,($/dmtu),122.2,9.3,31.97,-7.77,60.16,0.86
2023-02-01,2023,2,"Iron ore, cfr spot",Metals,($/dmtu),127.6,4.42,36.76,-10.64,64.65,0.45
2023-03-01,2023,3,"Iron ore, cfr spot",Metals,($/dmtu),128.4,0.63,14.85,-15.58,82.39,0.11
2023-04-01,2023,4,"Iron ore, cfr spot",Metals,($/dmtu),117.4,-8.57,-3.93,-22.41,78.42,-0.77
2023-05-01,2023,5,"Iron ore, cfr spot",Metals,($/dmtu),105.2,-10.39,-17.55,-19.82,59.15,-0.87
2023-06-01,2023,6,"Iron ore, cfr spot",Metals,($/dmtu),113.5,7.89,-11.6,-13.16,74.62,0.94
2023-07-01,2023,7,"Iron ore, cfr spot",Metals,($/dmtu),114.4,0.79,-2.56,5.34,77.09,0.15
2023-08-01,2023,8,"Iron ore, cfr spot",Metals,($/dmtu),110.2,-3.67,4.75,1.19,63.99,-0.5
2023-09-01,2023,9,"Iron ore, cfr spot",Metals,($/dmtu),121.0,9.8,6.61,21.24,76.9,1.05
2023-10-01,2023,10,"Iron ore, cfr spot",Metals,($/dmtu),119.0,-1.65,4.02,28.51,62.13,-0.41
2023-11-01,2023,11,"Iron ore, cfr spot",Metals,($/dmtu),131.1,10.17,18.97,40.51,78.85,0.92
2023-12-01,2023,12,"Iron ore, cfr spot",Metals,($/dmtu),137.1,4.58,13.31,22.63,98.12,0.16
2024-01-01,2024,1,"Iron ore, cfr spot",Metals,($/dmtu),135.8,-0.95,14.12,11.13,78.22,-0.41
2024-02-01,2024,2,"Iron ore, cfr spot",Metals,($/dmtu),124.4,-8.39,-5.11,-2.51,41.04,-1.42
2024-03-01,2024,3,"Iron ore, cfr spot",Metals,($/dmtu),109.8,-11.74,-19.91,-14.49,26.94,-1.66
2024-04-01,2024,4,"Iron ore, cfr spot",Metals,($/dmtu),112.8,2.73,-16.94,-3.92,20.38,0.48
2024-05-01,2024,5,"Iron ore, cfr spot",Metals,($/dmtu),118.9,5.41,-4.42,13.02,18.66,0.73
2024-06-01,2024,6,"Iron ore, cfr spot",Metals,($/dmtu),107.5,-9.59,-2.09,-5.29,-1.29,-1.57
2024-07-01,2024,7,"Iron ore, cfr spot",Metals,($/dmtu),106.9,-0.56,-5.23,-6.56,-11.06,-0.05
2024-08-01,2024,8,"Iron ore, cfr spot",Metals,($/dmtu),99.9,-6.55,-15.98,-9.35,7.3,-0.86
2024-09-01,2024,9,"Iron ore, cfr spot",Metals,($/dmtu),92.8,-7.11,-13.67,-23.31,-0.32,-0.89
2024-10-01,2024,10,"Iron ore, cfr spot",Metals,($/dmtu),101.4,9.27,-5.14,-14.79,14.58,1.65
2024-11-01,2024,11,"Iron ore, cfr spot",Metals,($/dmtu),100.5,-0.89,0.6,-23.34,18.24,0.02
2024-12-01,2024,12,"Iron ore, cfr spot",Metals,($/dmtu),102.2,1.69,10.13,-25.46,10.25,0.55
2025-01-01,2025,1,"Iron ore, cfr spot",Metals,($/dmtu),99.6,-2.54,-1.78,-26.66,3.97,-0.05
2025-02-01,2025,2,"Iron ore, cfr spot",Metals,($/dmtu),105.1,5.52,4.58,-15.51,19.84,1.22
2025-03-01,2025,3,"Iron ore, cfr spot",Metals,($/dmtu),100.1,-4.76,-2.05,-8.83,12.47,-0.55
2025-04-01,2025,4,"Iron ore, cfr spot",Metals,($/dmtu),97.2,-2.9,-2.41,-13.83,14.76,-0.4
2025-05-01,2025,5,"Iron ore, cfr spot",Metals,($/dmtu),97.0,-0.21,-7.71,-18.42,3.52,0.15
2025-06-01,2025,6,"Iron ore, cfr spot",Metals,($/dmtu),92.3,-4.85,-7.79,-14.14,-10.65,-0.62
2025-07-01,2025,7,"Iron ore, cfr spot",Metals,($/dmtu),97.3,5.42,0.1,-8.98,-10.32,1.36
2025-08-01,2025,8,"Iron ore, cfr spot",Metals,($/dmtu),99.7,2.47,2.78,-0.2,-17.67,0.6
2025-09-01,2025,9,"Iron ore, cfr spot",Metals,($/dmtu),103.3,3.61,11.92,11.31,-16.56,0.71
2025-10-01,2025,10,"Iron ore, cfr spot",Metals,($/dmtu),103.5,0.19,6.37,2.07,-13.61,-0.18
2025-11-01,2025,11,"Iron ore, cfr spot",Metals,($/dmtu),102.5,-0.97,2.81,1.99,-17.6,-0.33
2025-12-01,2025,12,"Iron ore, cfr spot",Metals,($/dmtu),104.6,2.05,1.26,2.35,-32.69,0.51
2026-01-01,2026,1,"Iron ore, cfr spot",Metals,($/dmtu),105.5,0.86,1.93,5.92,-37.79,0.17
2026-02-01,2026,2,"Iron ore, cfr spot",Metals,($/dmtu),98.8,-6.35,-3.61,-5.99,-39.68,-1.96
2026-03-01,2026,3,"Iron ore, cfr spot",Metals,($/dmtu),104.5,5.77,-0.1,4.4,-37.87,1.7
2026-04-01,2026,4,"Iron ore, cfr spot",Metals,($/dmtu),106.1,1.53,0.57,9.16,-40.99,0.29
2026-05-01,2026,5,"Iron ore, cfr spot",Metals,($/dmtu),108.6,2.36,9.92,11.96,-47.71,0.43
2026-06-01,2026,6,"Iron ore, cfr spot",Metals,($/dmtu),100.8,-7.18,-3.54,9.21,-52.99,-2.24
2026-07-01,2026,7,"Iron ore, cfr spot",Metals,($/dmtu),98.2,-2.58,-7.45,0.92,-54.13,-0.84
2026-08-01,2026,8,"Iron ore, cfr spot",Metals,($/dmtu),96.3,-1.93,-11.33,-3.41,-40.63,-0.54
2026-09-01,2026,9,"Iron ore, cfr spot",Metals,($/dmtu),97.7,1.45,-3.08,-5.42,-21.53,0.44
1971-01-01,1971,1,Lamb **,Other Food,($/kg),0.8,,,,,
1971-02-01,1971,2,Lamb **,Other Food,($/kg),0.79,-1.25,,,,
1971-03-01,1971,3,Lamb **,Other Food,($/kg),0.78,-1.27,,,,
1971-04-01,1971,4,Lamb **,Other Food,($/kg),0.82,5.13,2.5,,,
1971-05-01,1971,5,Lamb **,Other Food,($/kg),0.79,-3.66,0.0,,,
1971-06-01,1971,6,Lamb **,Other Food,($/kg),0.76,-3.8,-2.56,,,
1971-07-01,1971,7,Lamb **,Other Food,($/kg),0.75,-1.32,-8.54,,,
1971-08-01,1971,8,Lamb **,Other Food,($/kg),0.75,0.0,-5.06,,,0.32
1971-09-01,1971,9,Lamb **,Other Food,($/kg),0.79,5.33,3.95,,,2.08
1971-10-01,1971,10,Lamb **,Other Food,($/kg),0.8,1.27,6.67,,,0.39
1971-11-01,1971,11,Lamb **,Other Food,($/kg),0.85,6.25,13.33,,,1.86
1971-12-01,1971,12,Lamb **,Other Food,($/kg),0.88,3.53,11.39,,,0.77
1972-01-01,1972,1,Lamb **,Other Food,($/kg),0.92,4.55,15.0,15.0,,1.0
1972-02-01,1972,2,Lamb **,Other Food,($/kg),0.89,-3.26,4.71,12.66,,-1.25
1972-03-01,1972,3,Lamb **,Other Food,($/kg),0.92,3.37,4.55,17.95,,0.61
1972-04-01,1972,4,Lamb **,Other Food,($/kg),0.93,1.09,1.09,13.41,,-0.1
1972-05-01,1972,5,Lamb **,Other Food,($/kg),0.98,5.38,10.11,24.05,,1.19
1972-06-01,1972,6,Lamb **,Other Food,($/kg),1.23,25.51,33.7,61.84,,6.91
1972-07-01,1972,7,Lamb **,Other Food,($/kg),1.15,-6.5,23.66,53.33,,-1.48
1972-08-01,1972,8,Lamb **,Other Food,($/kg),1.22,6.09,24.49,62.67,,0.28
1972-09-01,1972,9,Lamb **,Other Food,($/kg),1.2,-1.64,-2.44,51.9,,-0.78
1972-10-01,1972,10,Lamb **,Other Food,($/kg),1.11,-7.5,-3.48,38.75,,-1.43
1972-11-01,1972,11,Lamb **,Other Food,($/kg),1.12,0.9,-8.2,31.76,,-0.25
1972-12-01,1972,12,Lamb **,Other Food,($/kg),1.14,1.79,-5.0,29.55,,-0.1
1973-01-01,1973,1,Lamb **,Other Food,($/kg),1.17,2.63,5.41,27.17,,0.02
1973-02-01,1973,2,Lamb **,Other Food,($/kg),1.18,0.85,5.36,32.58,,-0.17
1973-03-01,1973,3,Lamb **,Other Food,($/kg),1.23,4.24,7.89,33.7,,0.19
1973-04-01,1973,4,Lamb **,Other Food,($/kg),1.27,3.25,8.55,36.56,,0.06
1973-05-01,1973,5,Lamb **,Other Food,($/kg),1.24,-2.36,5.08,26.53,,-0.64
1973-06-01,1973,6,Lamb **,Other Food,($/kg),1.29,4.03,4.88,4.88,,0.21
1973-07-01,1973,7,Lamb **,Other Food,($/kg),1.44,11.63,13.39,25.22,,2.63
1973-08-01,1973,8,Lamb **,Other Food,($/kg),1.47,2.08,18.55,20.49,,0.02
1973-09-01,1973,9,Lamb **,Other Food,($/kg),1.56,6.12,20.93,30.0,,0.98
1973-10-01,1973,10,Lamb **,Other Food,($/kg),1.6,2.56,11.11,44.14,,0.06
1973-11-01,1973,11,Lamb **,Other Food,($/kg),1.61,0.63,9.52,43.75,,-0.74
1973-12-01,1973,12,Lamb **,Other Food,($/kg),1.62,0.62,3.85,42.11,,-0.73
1974-01-01,1974,1,Lamb **,Other Food,($/kg),1.6,-1.23,0.0,36.75,,-1.23
1974-02-01,1974,2,Lamb **,Other Food,($/kg),1.46,-8.75,-9.32,23.73,,-3.11
1974-03-01,1974,3,Lamb **,Other Food,($/kg),1.45,-0.68,-10.49,17.89,,-0.52
1974-04-01,1974,4,Lamb **,Other Food,($/kg),1.45,0.0,-9.38,14.17,,-0.3
1974-05-01,1974,5,Lamb **,Other Food,($/kg),1.42,-2.07,-2.74,14.52,,-0.67
1974-06-01,1974,6,Lamb **,Other Food,($/kg),1.39,-2.11,-4.14,7.75,,-0.68
1974-07-01,1974,7,Lamb **,Other Food,($/kg),1.31,-5.76,-9.66,-9.03,,-1.32
1974-08-01,1974,8,Lamb **,Other Food,($/kg),1.3,-0.76,-8.45,-11.56,,-0.01
1974-09-01,1974,9,Lamb **,Other Food,($/kg),1.35,3.85,-2.88,-13.46,,1.28
1974-10-01,1974,10,Lamb **,Other Food,($/kg),1.43,5.93,9.16,-10.63,,2.08
1974-11-01,1974,11,Lamb **,Other Food,($/kg),1.44,0.7,10.77,-10.56,,0.41
1974-12-01,1974,12,Lamb **,Other Food,($/kg),1.48,2.78,9.63,-8.64,,0.94
1975-01-01,1975,1,Lamb **,Other Food,($/kg),1.54,4.05,7.69,-3.75,,1.19
1975-02-01,1975,2,Lamb **,Other Food,($/kg),1.46,-5.19,1.39,0.0,,-1.18
1975-03-01,1975,3,Lamb **,Other Food,($/kg),1.57,7.53,6.08,8.28,,2.06
1975-04-01,1975,4,Lamb **,Other Food,($/kg),1.58,0.64,2.6,8.97,,-0.03
1975-05-01,1975,5,Lamb **,Other Food,($/kg),1.52,-3.8,4.11,7.04,,-1.1
1975-06-01,1975,6,Lamb **,Other Food,($/kg),1.53,0.66,-2.55,10.07,,0.0
1975-07-01,1975,7,Lamb **,Other Food,($/kg),1.44,-5.88,-8.86,9.92,,-1.6
1975-08-01,1975,8,Lamb **,Other Food,($/kg),1.35,-6.25,-11.18,3.85,,-1.67
1975-09-01,1975,9,Lamb **,Other Food,($/kg),1.39,2.96,-9.15,2.96,,0.54
1975-10-01,1975,10,Lamb **,Other Food,($/kg),1.41,1.44,-2.08,-1.4,,0.23
1975-11-01,1975,11,Lamb **,Other Food,($/kg),1.45,2.84,7.41,0.69,,0.66
1975-12-01,1975,12,Lamb **,Other Food,($/kg),1.49,2.76,7.19,0.68,,0.59
1976-01-01,1976,1,Lamb **,Other Food,($/kg),1.46,-2.01,3.55,-5.19,82.5,-0.49
1976-02-01,1976,2,Lamb **,Other Food,($/kg),1.36,-6.85,-6.21,-6.85,72.15,-1.52
1976-03-01,1976,3,Lamb **,Other Food,($/kg),1.52,11.76,2.01,-3.18,94.87,2.74
1976-04-01,1976,4,Lamb **,Other Food,($/kg),1.49,-1.97,2.05,-5.7,81.71,-0.35
1976-05-01,1976,5,Lamb **,Other Food,($/kg),1.56,4.7,14.71,2.63,97.47,0.96
1976-06-01,1976,6,Lamb **,Other Food,($/kg),1.53,-1.92,0.66,0.0,101.32,-0.42
1976-07-01,1976,7,Lamb **,Other Food,($/kg),1.55,1.31,4.03,7.64,106.67,0.22
1976-08-01,1976,8,Lamb **,Other Food,($/kg),1.61,3.87,3.21,19.26,114.67,0.62
1976-09-01,1976,9,Lamb **,Other Food,($/kg),1.62,0.62,5.88,16.55,105.06,-0.21
1976-10-01,1976,10,Lamb **,Other Food,($/kg),1.65,1.85,6.45,17.02,106.25,0.1
1976-11-01,1976,11,Lamb **,Other Food,($/kg),1.69,2.42,4.97,16.55,98.82,0.22
1976-12-01,1976,12,Lamb **,Other Food,($/kg),1.75,3.55,8.02,17.45,98.86,0.47
1977-01-01,1977,1,Lamb **,Other Food,($/kg),1.79,2.29,8.48,22.6,94.57,0.18
1977-02-01,1977,2,Lamb **,Other Food,($/kg),1.65,-7.82,-2.37,21.32,85.39,-2.15
1977-03-01,1977,3,Lamb **,Other Food,($/kg),1.59,-3.64,-9.14,4.61,72.83,-1.15
1977-04-01,1977,4,Lamb **,Other Food,($/kg),1.57,-1.26,-12.29,5.37,68.82,-0.47
1977-05-01,1977,5,Lamb **,Other Food,($/kg),1.6,1.91,-3.03,2.56,63.27,0.39
1977-06-01,1977,6,Lamb **,Other Food,($/kg),1.62,1.25,1.89,5.88,31.71,0.29
1977-07-01,1977,7,Lamb **,Other Food,($/kg),1.59,-1.85,1.27,2.58,38.26,-0.72
1977-08-01,1977,8,Lamb **,Other Food,($/kg),1.59,0.0,-0.62,-1.24,30.33,-0.08
1977-09-01,1977,9,Lamb **,Other Food,($/kg),1.68,5.66,3.7,3.7,40.0,1.79
1977-10-01,1977,10,Lamb **,Other Food,($/kg),1.86,10.71,16.98,12.73,67.57,2.88
1977-11-01,1977,11,Lamb **,Other Food,($/kg),1.92,3.23,20.75,13.61,71.43,0.45
1977-12-01,1977,12,Lamb **,Other Food,($/kg),1.94,1.04,15.48,10.86,70.18,-0.03
1978-01-01,1978,1,Lamb **,Other Food,($/kg),2.0,3.09,7.53,11.73,70.94,0.46
1978-02-01,1978,2,Lamb **,Other Food,($/kg),1.96,-2.0,2.08,18.79,66.1,-0.65
1978-03-01,1978,3,Lamb **,Other Food,($/kg),1.92,-2.04,-1.03,20.75,56.1,-0.91
1978-04-01,1978,4,Lamb **,Other Food,($/kg),1.9,-1.04,-5.0,21.02,49.61,-0.72
1978-05-01,1978,5,Lamb **,Other Food,($/kg),2.0,5.26,2.04,25.0,61.29,0.97
1978-06-01,1978,6,Lamb **,Other Food,($/kg),2.11,5.5,9.9,30.25,63.57,0.92
1978-07-01,1978,7,Lamb **,Other Food,($/kg),2.28,8.06,20.0,43.4,58.33,1.44
1978-08-01,1978,8,Lamb **,Other Food,($/kg),2.32,1.75,16.0,45.91,57.82,-0.34
1978-09-01,1978,9,Lamb **,Other Food,($/kg),2.41,3.88,14.22,43.45,54.49,0.15
1978-10-01,1978,10,Lamb **,Other Food,($/kg),2.54,5.39,11.4,36.56,58.75,0.58
1978-11-01,1978,11,Lamb **,Other Food,($/kg),2.48,-2.36,6.9,29.17,54.04,-1.56
1978-12-01,1978,12,Lamb **,Other Food,($/kg),2.41,-2.82,0.0,24.23,48.77,-1.43
1979-01-01,1979,1,Lamb **,Other Food,($/kg),2.34,-2.9,-7.87,17.0,46.25,-1.26
1979-02-01,1979,2,Lamb **,Other Food,($/kg),2.17,-7.26,-12.5,10.71,48.63,-2.15
1979-03-01,1979,3,Lamb **,Other Food,($/kg),2.18,0.46,-9.54,13.54,50.34,-0.11
1979-04-01,1979,4,Lamb **,Other Food,($/kg),2.26,3.67,-3.42,18.95,55.86,0.55
1979-05-01,1979,5,Lamb **,Other Food,($/kg),2.35,3.98,8.29,17.5,65.49,0.53
1979-06-01,1979,6,Lamb **,Other Food,($/kg),2.4,2.13,10.09,13.74,72.66,0.15
1979-07-01,1979,7,Lamb **,Other Food,($/kg),2.53,5.42,11.95,10.96,93.13,0.99
1979-08-01,1979,8,Lamb **,Other Food,($/kg),2.42,-4.35,2.98,4.31,86.15,-1.33
1979-09-01,1979,9,Lamb **,Other Food,($/kg),2.38,-1.65,-0.83,-1.24,76.3,-0.49
1979-10-01,1979,10,Lamb **,Other Food,($/kg),2.41,1.26,-4.74,-5.12,68.53,0.31
1979-11-01,1979,11,Lamb **,Other Food,($/kg),2.42,0.41,0.0,-2.42,68.06,0.21
1979-12-01,1979,12,Lamb **,Other Food,($/kg),2.6,7.44,9.24,7.88,75.68,2.01
1980-01-01,1980,1,Lamb **,Other Food,($/kg),2.6,0.0,7.88,11.11,68.83,-0.17
1980-02-01,1980,2,Lamb **,Other Food,($/kg),2.7,3.85,11.57,24.42,84.93,0.71
1980-03-01,1980,3,Lamb **,Other Food,($/kg),2.63,-2.59,1.15,20.64,67.52,-1.39
1980-04-01,1980,4,Lamb **,Other Food,($/kg),2.92,11.03,12.31,29.2,84.81,2.72
1980-05-01,1980,5,Lamb **,Other Food,($/kg),3.14,7.53,16.3,33.62,106.58,1.21
1980-06-01,1980,6,Lamb **,Other Food,($/kg),2.98,-5.1,13.31,24.17,94.77,-1.65
1980-07-01,1980,7,Lamb **,Other Food,($/kg),3.2,7.38,9.59,26.48,122.22,1.06
1980-08-01,1980,8,Lamb **,Other Food,($/kg),3.07,-4.06,-2.23,26.86,127.41,-1.17
1980-09-01,1980,9,Lamb **,Other Food,($/kg),3.0,-2.28,0.67,26.05,115.83,-0.84
1980-10-01,1980,10,Lamb **,Other Food,($/kg),2.92,-2.67,-8.75,21.16,107.09,-0.9
1980-11-01,1980,11,Lamb **,Other Food,($/kg),2.7,-7.53,-12.05,11.57,86.21,-1.7
1980-12-01,1980,12,Lamb **,Other Food,($/kg),2.71,0.37,-9.67,4.23,81.88,-0.12
1981-01-01,1981,1,Lamb **,Other Food,($/kg),2.92,7.75,0.0,12.31,100.0,1.26
1981-02-01,1981,2,Lamb **,Other Food,($/kg),2.97,1.71,10.0,10.0,118.38,0.09
1981-03-01,1981,3,Lamb **,Other Food,($/kg),2.73,-8.08,0.74,3.8,79.61,-1.49
1981-04-01,1981,4,Lamb **,Other Food,($/kg),2.97,8.79,1.71,1.71,99.33,1.27
1981-05-01,1981,5,Lamb **,Other Food,($/kg),3.22,8.42,8.42,2.55,106.41,1.3
1981-06-01,1981,6,Lamb **,Other Food,($/kg),2.99,-7.14,9.52,0.34,95.42,-1.19
1981-07-01,1981,7,Lamb **,Other Food,($/kg),2.49,-16.72,-16.16,-22.19,60.65,-2.6
1981-08-01,1981,8,Lamb **,Other Food,($/kg),2.18,-12.45,-32.3,-28.99,35.4,-1.38
1981-09-01,1981,9,Lamb **,Other Food,($/kg),2.47,13.3,-17.39,-17.67,52.47,1.9
1981-10-01,1981,10,Lamb **,Other Food,($/kg),2.64,6.88,6.02,-9.59,60.0,0.85
1981-11-01,1981,11,Lamb **,Other Food,($/kg),2.65,0.38,21.56,-1.85,56.8,0.08
1981-12-01,1981,12,Lamb **,Other Food,($/kg),2.62,-1.13,6.07,-3.32,49.71,-0.15
1982-01-01,1982,1,Lamb **,Other Food,($/kg),2.96,12.98,12.12,1.37,65.36,1.35
1982-02-01,1982,2,Lamb **,Other Food,($/kg),2.76,-6.76,4.15,-7.07,67.27,-0.74
1982-03-01,1982,3,Lamb **,Other Food,($/kg),2.66,-3.62,1.53,-2.56,67.3,-0.34
1982-04-01,1982,4,Lamb **,Other Food,($/kg),2.55,-4.14,-13.85,-14.14,62.42,-0.44
1982-05-01,1982,5,Lamb **,Other Food,($/kg),2.54,-0.39,-7.97,-21.12,58.75,0.05
1982-06-01,1982,6,Lamb **,Other Food,($/kg),2.43,-4.33,-8.65,-18.73,50.0,-0.3
1982-07-01,1982,7,Lamb **,Other Food,($/kg),2.38,-2.06,-6.67,-4.42,49.69,-0.08
1982-08-01,1982,8,Lamb **,Other Food,($/kg),2.27,-4.62,-10.63,4.13,42.77,-0.59
1982-09-01,1982,9,Lamb **,Other Food,($/kg),2.18,-3.96,-10.29,-11.74,29.76,-0.66
1982-10-01,1982,10,Lamb **,Other Food,($/kg),2.1,-3.67,-11.76,-20.45,12.9,-0.5
1982-11-01,1982,11,Lamb **,Other Food,($/kg),1.88,-10.48,-17.18,-29.06,-2.08,-1.72
1982-12-01,1982,12,Lamb **,Other Food,($/kg),1.82,-3.19,-16.51,-30.53,-6.19,-0.09
1983-01-01,1983,1,Lamb **,Other Food,($/kg),1.78,-2.2,-15.24,-39.86,-11.0,0.12
1983-02-01,1983,2,Lamb **,Other Food,($/kg),1.67,-6.18,-11.17,-39.49,-14.8,-0.81
1983-03-01,1983,3,Lamb **,Other Food,($/kg),1.82,8.98,0.0,-31.58,-5.21,5.25
1983-04-01,1983,4,Lamb **,Other Food,($/kg),2.12,16.48,19.1,-16.86,11.58,4.31
1983-05-01,1983,5,Lamb **,Other Food,($/kg),2.1,-0.94,25.75,-17.32,5.0,0.05
1983-06-01,1983,6,Lamb **,Other Food,($/kg),2.04,-2.86,12.09,-16.05,-3.32,-0.21
1983-07-01,1983,7,Lamb **,Other Food,($/kg),1.97,-3.43,-7.08,-17.23,-13.6,-0.31
1983-08-01,1983,8,Lamb **,Other Food,($/kg),1.93,-2.03,-8.1,-14.98,-16.81,-0.1
1983-09-01,1983,9,Lamb **,Other Food,($/kg),1.95,1.04,-4.41,-10.55,-19.09,0.3
1983-10-01,1983,10,Lamb **,Other Food,($/kg),1.98,1.54,0.51,-5.71,-22.05,0.32
1983-11-01,1983,11,Lamb **,Other Food,($/kg),1.94,-2.02,0.52,3.19,-21.77,-0.25
1983-12-01,1983,12,Lamb **,Other Food,($/kg),1.88,-3.09,-3.59,3.3,-21.99,-0.56
1984-01-01,1984,1,Lamb **,Other Food,($/kg),1.85,-1.6,-6.57,3.93,-20.94,-0.32
1984-02-01,1984,2,Lamb **,Other Food,($/kg),1.87,1.08,-3.61,11.98,-13.82,0.09
1984-03-01,1984,3,Lamb **,Other Food,($/kg),1.96,4.81,4.26,7.69,-10.09,0.63
1984-04-01,1984,4,Lamb **,Other Food,($/kg),2.07,5.61,11.89,-2.36,-8.41,0.88
1984-05-01,1984,5,Lamb **,Other Food,($/kg),2.08,0.48,11.23,-0.95,-11.49,0.21
1984-06-01,1984,6,Lamb **,Other Food,($/kg),2.05,-1.44,4.59,0.49,-14.58,-0.47
1984-07-01,1984,7,Lamb **,Other Food,($/kg),1.96,-4.39,-5.31,-0.51,-22.53,-1.53
1984-08-01,1984,8,Lamb **,Other Food,($/kg),1.95,-0.51,-6.25,1.04,-19.42,-0.17
1984-09-01,1984,9,Lamb **,Other Food,($/kg),1.86,-4.62,-9.27,-4.62,-21.85,-1.6
1984-10-01,1984,10,Lamb **,Other Food,($/kg),1.8,-3.23,-8.16,-9.09,-25.31,-0.89
1984-11-01,1984,11,Lamb **,Other Food,($/kg),1.84,2.22,-5.64,-5.15,-23.97,0.9
1984-12-01,1984,12,Lamb **,Other Food,($/kg),1.77,-3.8,-4.84,-5.85,-31.92,-1.01
1985-01-01,1985,1,Lamb **,Other Food,($/kg),1.73,-2.26,-3.89,-6.49,-33.46,-0.53
1985-02-01,1985,2,Lamb **,Other Food,($/kg),1.69,-2.31,-8.15,-9.63,-37.41,-0.52
1985-03-01,1985,3,Lamb **,Other Food,($/kg),1.71,1.18,-3.39,-12.76,-34.98,0.57
1985-04-01,1985,4,Lamb **,Other Food,($/kg),1.86,8.77,7.51,-10.14,-36.3,3.24
1985-05-01,1985,5,Lamb **,Other Food,($/kg),1.84,-1.08,8.88,-11.54,-41.4,-0.07
1985-06-01,1985,6,Lamb **,Other Food,($/kg),1.86,1.09,8.77,-9.27,-37.58,0.55
1985-07-01,1985,7,Lamb **,Other Food,($/kg),1.98,6.45,6.45,1.02,-38.13,1.92
1985-08-01,1985,8,Lamb **,Other Food,($/kg),1.96,-1.01,6.52,0.51,-36.16,-0.29
1985-09-01,1985,9,Lamb **,Other Food,($/kg),1.81,-7.65,-2.69,-2.69,-39.67,-1.9
1985-10-01,1985,10,Lamb **,Other Food,($/kg),1.87,3.31,-5.56,3.89,-35.96,0.77
1985-11-01,1985,11,Lamb **,Other Food,($/kg),1.91,2.14,-2.55,3.8,-29.26,0.39
1985-12-01,1985,12,Lamb **,Other Food,($/kg),1.92,0.52,6.08,8.47,-29.15,0.03
1986-01-01,1986,1,Lamb **,Other Food,($/kg),1.88,-2.08,0.53,8.67,-35.62,-0.67
1986-02-01,1986,2,Lamb **,Other Food,($/kg),1.88,0.0,-1.57,11.24,-36.7,-0.18
1986-03-01,1986,3,Lamb **,Other Food,($/kg),2.11,12.23,9.9,23.39,-22.71,2.7
1986-04-01,1986,4,Lamb **,Other Food,($/kg),2.32,9.95,23.4,24.73,-21.89,1.52
1986-05-01,1986,5,Lamb **,Other Food,($/kg),2.56,10.34,36.17,39.13,-20.5,1.54
1986-06-01,1986,6,Lamb **,Other Food,($/kg),2.57,0.39,21.8,38.17,-14.05,-0.44
1986-07-01,1986,7,Lamb **,Other Food,($/kg),2.37,-7.78,2.16,19.7,-4.82,-1.82
1986-08-01,1986,8,Lamb **,Other Food,($/kg),2.12,-10.55,-17.19,8.16,-2.75,-1.89
1986-09-01,1986,9,Lamb **,Other Food,($/kg),2.07,-2.36,-19.46,14.36,-16.19,-0.44
1986-10-01,1986,10,Lamb **,Other Food,($/kg),1.98,-4.35,-16.46,5.88,-25.0,-0.82
1986-11-01,1986,11,Lamb **,Other Food,($/kg),1.97,-0.51,-7.08,3.14,-25.66,-0.17
1986-12-01,1986,12,Lamb **,Other Food,($/kg),2.01,2.03,-2.9,4.69,-23.28,0.22
1987-01-01,1987,1,Lamb **,Other Food,($/kg),2.11,4.98,6.57,12.23,-28.72,0.61
1987-02-01,1987,2,Lamb **,Other Food,($/kg),2.09,-0.95,6.09,11.17,-24.28,-0.3
1987-03-01,1987,3,Lamb **,Other Food,($/kg),2.22,6.22,10.45,5.21,-16.54,0.71
1987-04-01,1987,4,Lamb **,Other Food,($/kg),2.17,-2.25,2.84,-6.47,-14.9,-0.44
1987-05-01,1987,5,Lamb **,Other Food,($/kg),2.22,2.3,6.22,-13.28,-12.6,0.46
1987-06-01,1987,6,Lamb **,Other Food,($/kg),2.16,-2.7,-2.7,-15.95,-11.11,-0.33
1987-07-01,1987,7,Lamb **,Other Food,($/kg),2.1,-2.78,-3.23,-11.39,-11.76,-0.3
1987-08-01,1987,8,Lamb **,Other Food,($/kg),2.06,-1.9,-7.21,-2.83,-9.25,-0.22
1987-09-01,1987,9,Lamb **,Other Food,($/kg),2.1,1.94,-2.78,1.45,-3.67,0.64
1987-10-01,1987,10,Lamb **,Other Food,($/kg),2.09,-0.48,-0.48,5.56,-0.48,-0.2
1987-11-01,1987,11,Lamb **,Other Food,($/kg),2.23,6.7,8.25,13.2,18.62,2.07
1987-12-01,1987,12,Lamb **,Other Food,($/kg),2.4,7.62,14.29,19.4,31.87,1.89
1988-01-01,1988,1,Lamb **,Other Food,($/kg),2.47,2.92,18.18,17.06,38.76,0.34
1988-02-01,1988,2,Lamb **,Other Food,($/kg),2.45,-0.81,9.87,17.22,46.71,-0.57
1988-03-01,1988,3,Lamb **,Other Food,($/kg),2.54,3.67,5.83,14.41,39.56,0.6
1988-04-01,1988,4,Lamb **,Other Food,($/kg),2.58,1.57,4.45,18.89,21.7,0.11
1988-05-01,1988,5,Lamb **,Other Food,($/kg),2.55,-1.16,4.08,14.86,21.43,-0.78
1988-06-01,1988,6,Lamb **,Other Food,($/kg),2.42,-5.1,-4.72,12.04,18.63,-1.81
1988-07-01,1988,7,Lamb **,Other Food,($/kg),2.3,-4.96,-10.85,9.52,16.75,-1.57
1988-08-01,1988,8,Lamb **,Other Food,($/kg),2.27,-1.3,-10.98,10.19,17.62,-0.53
1988-09-01,1988,9,Lamb **,Other Food,($/kg),2.26,-0.44,-6.61,7.62,15.9,-0.33
1988-10-01,1988,10,Lamb **,Other Food,($/kg),2.31,2.21,0.43,10.53,16.67,0.38
1988-11-01,1988,11,Lamb **,Other Food,($/kg),2.39,3.46,5.29,7.17,23.2,0.64
1988-12-01,1988,12,Lamb **,Other Food,($/kg),2.39,0.0,5.75,-0.42,27.13,-0.17
1989-01-01,1989,1,Lamb **,Other Food,($/kg),2.3,-3.77,-0.43,-6.88,24.32,-1.28
1989-02-01,1989,2,Lamb **,Other Food,($/kg),2.3,0.0,-3.77,-6.12,22.99,0.18
1989-03-01,1989,3,Lamb **,Other Food,($/kg),2.26,-1.74,-5.44,-11.02,15.31,-0.42
1989-04-01,1989,4,Lamb **,Other Food,($/kg),2.39,5.75,3.91,-7.36,15.46,2.48
1989-05-01,1989,5,Lamb **,Other Food,($/kg),2.34,-2.09,1.74,-8.24,12.5,-0.46
1989-06-01,1989,6,Lamb **,Other Food,($/kg),2.23,-4.7,-1.33,-7.85,8.78,-1.23
1989-07-01,1989,7,Lamb **,Other Food,($/kg),2.35,5.38,-1.67,2.17,19.9,1.86
1989-08-01,1989,8,Lamb **,Other Food,($/kg),2.31,-1.7,-1.28,1.76,18.46,-0.58
1989-09-01,1989,9,Lamb **,Other Food,($/kg),2.3,-0.43,3.14,1.77,23.66,-0.19
1989-10-01,1989,10,Lamb **,Other Food,($/kg),2.35,2.17,0.0,1.73,30.56,0.59
1989-11-01,1989,11,Lamb **,Other Food,($/kg),2.34,-0.43,1.3,-2.09,27.17,-0.18
1989-12-01,1989,12,Lamb **,Other Food,($/kg),2.39,2.14,3.91,0.0,35.03,0.71
1990-01-01,1990,1,Lamb **,Other Food,($/kg),2.46,2.93,4.68,6.96,42.2,0.88
1990-02-01,1990,2,Lamb **,Other Food,($/kg),2.56,4.07,9.4,11.3,51.48,1.1
1990-03-01,1990,3,Lamb **,Other Food,($/kg),2.51,-1.95,5.02,11.06,46.78,-0.88
1990-04-01,1990,4,Lamb **,Other Food,($/kg),2.63,4.78,6.91,10.04,41.4,1.17
1990-05-01,1990,5,Lamb **,Other Food,($/kg),2.71,3.04,5.86,15.81,47.28,0.69
1990-06-01,1990,6,Lamb **,Other Food,($/kg),2.72,0.37,8.37,21.97,46.24,-0.29
1990-07-01,1990,7,Lamb **,Other Food,($/kg),2.77,1.84,5.32,17.87,39.9,0.06
1990-08-01,1990,8,Lamb **,Other Food,($/kg),2.66,-3.97,-1.85,15.15,35.71,-2.44
1990-09-01,1990,9,Lamb **,Other Food,($/kg),2.7,1.5,-0.74,17.39,49.17,0.11
1990-10-01,1990,10,Lamb **,Other Food,($/kg),2.77,2.59,0.0,17.87,48.13,0.49
1990-11-01,1990,11,Lamb **,Other Food,($/kg),2.74,-1.08,3.01,17.09,43.46,-0.99
1990-12-01,1990,12,Lamb **,Other Food,($/kg),2.65,-3.28,-1.85,10.88,38.02,-1.8
1991-01-01,1991,1,Lamb **,Other Food,($/kg),2.63,-0.75,-5.05,6.91,39.89,-0.57
1991-02-01,1991,2,Lamb **,Other Food,($/kg),2.66,1.14,-2.92,3.91,41.49,0.19
1991-03-01,1991,3,Lamb **,Other Food,($/kg),2.45,-7.89,-7.55,-2.39,16.11,-3.13
1991-04-01,1991,4,Lamb **,Other Food,($/kg),2.3,-6.12,-12.55,-12.55,-0.86,-1.7
1991-05-01,1991,5,Lamb **,Other Food,($/kg),2.31,0.43,-13.16,-14.76,-9.77,0.42
1991-06-01,1991,6,Lamb **,Other Food,($/kg),2.2,-4.76,-10.2,-19.12,-14.4,-1.05
1991-07-01,1991,7,Lamb **,Other Food,($/kg),2.15,-2.27,-6.52,-22.38,-9.28,-0.17
1991-08-01,1991,8,Lamb **,Other Food,($/kg),2.18,1.4,-5.63,-18.05,2.83,1.06
1991-09-01,1991,9,Lamb **,Other Food,($/kg),2.23,2.29,1.36,-17.41,7.73,1.17
1991-10-01,1991,10,Lamb **,Other Food,($/kg),2.22,-0.45,3.26,-19.86,12.12,0.32
1991-11-01,1991,11,Lamb **,Other Food,($/kg),2.28,2.7,4.59,-16.79,15.74,1.41
1991-12-01,1991,12,Lamb **,Other Food,($/kg),2.37,3.95,6.28,-10.57,17.91,1.58
1992-01-01,1992,1,Lamb **,Other Food,($/kg),2.44,2.95,9.91,-7.22,15.64,1.03
1992-02-01,1992,2,Lamb **,Other Food,($/kg),2.52,3.28,10.53,-5.26,20.57,0.99
1992-03-01,1992,3,Lamb **,Other Food,($/kg),2.48,-1.59,4.64,1.22,11.71,-0.3
1992-04-01,1992,4,Lamb **,Other Food,($/kg),2.55,2.82,4.51,10.87,17.51,0.82
1992-05-01,1992,5,Lamb **,Other Food,($/kg),2.78,9.02,10.32,20.35,25.23,3.04
1992-06-01,1992,6,Lamb **,Other Food,($/kg),2.73,-1.8,10.08,24.09,26.39,-0.96
1992-07-01,1992,7,Lamb **,Other Food,($/kg),2.83,3.66,10.98,31.63,34.76,0.57
1992-08-01,1992,8,Lamb **,Other Food,($/kg),2.91,2.83,4.68,33.49,41.26,0.16
1992-09-01,1992,9,Lamb **,Other Food,($/kg),2.8,-3.78,2.56,25.56,33.33,-2.17
1992-10-01,1992,10,Lamb **,Other Food,($/kg),2.52,-10.0,-10.95,13.51,20.57,-3.52
1992-11-01,1992,11,Lamb **,Other Food,($/kg),2.55,1.19,-12.37,11.84,14.35,0.0
1992-12-01,1992,12,Lamb **,Other Food,($/kg),2.72,6.67,-2.86,14.77,13.33,1.17
1993-01-01,1993,1,Lamb **,Other Food,($/kg),2.69,-1.1,6.75,10.25,8.91,-0.47
1993-02-01,1993,2,Lamb **,Other Food,($/kg),2.59,-3.72,1.57,2.78,5.71,-0.92
1993-03-01,1993,3,Lamb **,Other Food,($/kg),2.7,4.25,-0.74,8.87,6.3,0.76
1993-04-01,1993,4,Lamb **,Other Food,($/kg),2.91,7.78,8.18,14.12,12.79,1.33
1993-05-01,1993,5,Lamb **,Other Food,($/kg),3.03,4.12,16.99,8.99,18.82,0.52
1993-06-01,1993,6,Lamb **,Other Food,($/kg),3.02,-0.33,11.85,10.62,24.79,-0.23
1993-07-01,1993,7,Lamb **,Other Food,($/kg),3.03,0.33,4.12,7.07,31.74,-0.13
1993-08-01,1993,8,Lamb **,Other Food,($/kg),2.88,-4.95,-4.95,-1.03,26.87,-1.13
1993-09-01,1993,9,Lamb **,Other Food,($/kg),3.11,7.99,2.98,11.07,37.61,1.53
1993-10-01,1993,10,Lamb **,Other Food,($/kg),2.98,-4.18,-1.65,18.25,29.0,-0.95
1993-11-01,1993,11,Lamb **,Other Food,($/kg),2.97,-0.34,3.12,16.47,24.27,-0.4
1993-12-01,1993,12,Lamb **,Other Food,($/kg),2.98,0.34,-4.18,9.56,24.69,-0.22
1994-01-01,1994,1,Lamb **,Other Food,($/kg),3.02,1.34,1.34,12.27,31.3,0.11
1994-02-01,1994,2,Lamb **,Other Food,($/kg),2.96,-1.99,-0.34,14.29,28.7,-0.71
1994-03-01,1994,3,Lamb **,Other Food,($/kg),2.96,0.0,-0.67,9.63,30.97,-0.29
1994-04-01,1994,4,Lamb **,Other Food,($/kg),2.93,-1.01,-2.98,0.69,22.59,-0.46
1994-05-01,1994,5,Lamb **,Other Food,($/kg),2.98,1.71,0.68,-1.65,27.35,0.46
1994-06-01,1994,6,Lamb **,Other Food,($/kg),2.96,-0.67,0.0,-1.99,32.74,-0.18
1994-07-01,1994,7,Lamb **,Other Food,($/kg),2.96,0.0,1.02,-2.31,25.96,0.04
1994-08-01,1994,8,Lamb **,Other Food,($/kg),2.97,0.34,-0.34,3.12,28.57,0.15
1994-09-01,1994,9,Lamb **,Other Food,($/kg),2.97,0.0,0.34,-4.5,29.13,-0.1
1994-10-01,1994,10,Lamb **,Other Food,($/kg),3.04,2.36,2.7,2.01,29.36,1.77
1994-11-01,1994,11,Lamb **,Other Food,($/kg),3.03,-0.33,2.02,2.02,29.49,-0.42
1994-12-01,1994,12,Lamb **,Other Food,($/kg),2.94,-2.97,-1.01,-1.34,23.01,-2.63
1995-01-01,1995,1,Lamb **,Other Food,($/kg),2.75,-6.46,-9.54,-8.94,11.79,-4.25
1995-02-01,1995,2,Lamb **,Other Food,($/kg),2.71,-1.45,-10.56,-8.45,5.86,-0.31
1995-03-01,1995,3,Lamb **,Other Food,($/kg),2.73,0.74,-7.14,-7.77,8.76,0.64
1995-04-01,1995,4,Lamb **,Other Food,($/kg),2.63,-3.66,-4.36,-10.24,0.0,-1.31
1995-05-01,1995,5,Lamb **,Other Food,($/kg),2.53,-3.8,-6.64,-15.1,-6.64,-1.19
1995-06-01,1995,6,Lamb **,Other Food,($/kg),2.53,0.0,-7.33,-14.53,-6.99,0.54
1995-07-01,1995,7,Lamb **,Other Food,($/kg),2.54,0.4,-3.42,-14.19,-8.3,0.67
1995-08-01,1995,8,Lamb **,Other Food,($/kg),2.52,-0.79,-0.4,-15.15,-5.26,0.18
1995-09-01,1995,9,Lamb **,Other Food,($/kg),2.56,1.59,1.19,-13.8,-5.19,1.19
1995-10-01,1995,10,Lamb **,Other Food,($/kg),2.67,4.3,5.12,-12.17,-3.61,2.14
1995-11-01,1995,11,Lamb **,Other Food,($/kg),2.65,-0.75,5.16,-12.54,-3.28,0.1
1995-12-01,1995,12,Lamb **,Other Food,($/kg),2.62,-1.13,2.34,-10.88,-1.13,-0.02
1996-01-01,1996,1,Lamb **,Other Food,($/kg),2.61,-0.38,-2.25,-5.09,-0.76,0.19
1996-02-01,1996,2,Lamb **,Other Food,($/kg),2.63,0.77,-0.75,-2.95,-1.13,0.54
1996-03-01,1996,3,Lamb **,Other Food,($/kg),2.64,0.38,0.76,-3.3,7.76,0.28
1996-04-01,1996,4,Lamb **,Other Food,($/kg),3.09,17.05,18.39,17.49,34.35,7.99
1996-05-01,1996,5,Lamb **,Other Food,($/kg),3.34,8.09,27.0,32.02,44.59,1.26
1996-06-01,1996,6,Lamb **,Other Food,($/kg),3.53,5.69,33.71,39.53,60.45,0.61
1996-07-01,1996,7,Lamb **,Other Food,($/kg),3.55,0.57,14.89,39.76,65.12,-0.45
1996-08-01,1996,8,Lamb **,Other Food,($/kg),3.51,-1.13,5.09,39.29,61.01,-0.77
1996-09-01,1996,9,Lamb **,Other Food,($/kg),3.47,-1.14,-1.7,35.55,55.61,-0.76
1996-10-01,1996,10,Lamb **,Other Food,($/kg),3.59,3.46,1.13,34.46,61.71,0.14
1996-11-01,1996,11,Lamb **,Other Food,($/kg),3.77,5.01,7.41,42.26,65.35,0.44
1996-12-01,1996,12,Lamb **,Other Food,($/kg),3.79,0.53,9.22,44.66,59.92,-0.48
1997-01-01,1997,1,Lamb **,Other Food,($/kg),3.79,0.0,5.57,45.21,55.33,-0.62
1997-02-01,1997,2,Lamb **,Other Food,($/kg),3.67,-3.17,-2.65,39.54,45.63,-1.23
1997-03-01,1997,3,Lamb **,Other Food,($/kg),3.5,-4.63,-7.65,32.58,41.13,-1.37
1997-04-01,1997,4,Lamb **,Other Food,($/kg),3.31,-5.43,-12.66,7.12,29.8,-1.35
1997-05-01,1997,5,Lamb **,Other Food,($/kg),3.34,0.91,-8.99,0.0,20.14,0.06
1997-06-01,1997,6,Lamb **,Other Food,($/kg),3.33,-0.3,-4.86,-5.67,21.98,-0.1
1997-07-01,1997,7,Lamb **,Other Food,($/kg),3.35,0.6,1.21,-5.63,18.37,0.35
1997-08-01,1997,8,Lamb **,Other Food,($/kg),3.22,-3.88,-3.59,-8.26,10.65,-1.14
1997-09-01,1997,9,Lamb **,Other Food,($/kg),3.21,-0.31,-3.6,-7.49,14.64,0.11
1997-10-01,1997,10,Lamb **,Other Food,($/kg),3.27,1.87,-2.39,-8.91,29.76,0.78
1997-11-01,1997,11,Lamb **,Other Food,($/kg),3.39,3.67,5.28,-10.08,32.94,1.46
1997-12-01,1997,12,Lamb **,Other Food,($/kg),3.33,-1.77,3.74,-12.14,22.43,-0.33
1998-01-01,1998,1,Lamb **,Other Food,($/kg),3.23,-3.0,-1.22,-14.78,20.07,-0.71
1998-02-01,1998,2,Lamb **,Other Food,($/kg),3.1,-4.02,-8.55,-15.53,19.69,-0.98
1998-03-01,1998,3,Lamb **,Other Food,($/kg),3.04,-1.94,-8.71,-13.14,12.59,-0.2
1998-04-01,1998,4,Lamb **,Other Food,($/kg),2.97,-2.3,-8.05,-10.27,2.06,-0.43
1998-05-01,1998,5,Lamb **,Other Food,($/kg),2.63,-11.45,-15.16,-21.26,-13.2,-4.47
1998-06-01,1998,6,Lamb **,Other Food,($/kg),2.57,-2.28,-15.46,-22.82,-14.9,-0.1
1998-07-01,1998,7,Lamb **,Other Food,($/kg),2.43,-5.45,-18.18,-27.46,-19.8,-0.9
1998-08-01,1998,8,Lamb **,Other Food,($/kg),2.45,0.82,-6.84,-23.91,-14.93,0.9
1998-09-01,1998,9,Lamb **,Other Food,($/kg),2.66,8.57,3.5,-17.13,-14.47,2.78
1998-10-01,1998,10,Lamb **,Other Food,($/kg),2.75,3.38,13.17,-15.9,-7.72,0.97
1998-11-01,1998,11,Lamb **,Other Food,($/kg),2.63,-4.36,7.35,-22.42,-11.45,-0.6
1998-12-01,1998,12,Lamb **,Other Food,($/kg),2.54,-3.42,-4.51,-23.72,-14.77,-0.3
1999-01-01,1999,1,Lamb **,Other Food,($/kg),2.5,-1.57,-9.09,-22.6,-17.22,0.11
1999-02-01,1999,2,Lamb **,Other Food,($/kg),2.46,-1.6,-6.46,-20.65,-16.89,0.08
1999-03-01,1999,3,Lamb **,Other Food,($/kg),2.46,0.0,-3.15,-19.08,-16.89,0.37
1999-04-01,1999,4,Lamb **,Other Food,($/kg),2.54,3.25,1.6,-14.48,-13.31,1.01
1999-05-01,1999,5,Lamb **,Other Food,($/kg),2.67,5.12,8.54,1.52,-10.4,1.24
1999-06-01,1999,6,Lamb **,Other Food,($/kg),2.68,0.37,8.94,4.28,-9.46,0.04
1999-07-01,1999,7,Lamb **,Other Food,($/kg),2.64,-1.49,3.94,8.64,-10.81,-0.47
1999-08-01,1999,8,Lamb **,Other Food,($/kg),2.69,1.89,0.75,9.8,-9.43,0.3
1999-09-01,1999,9,Lamb **,Other Food,($/kg),2.68,-0.37,0.0,0.75,-9.76,-0.32
1999-10-01,1999,10,Lamb **,Other Food,($/kg),2.72,1.49,3.03,-1.09,-10.53,0.49
1999-11-01,1999,11,Lamb **,Other Food,($/kg),2.67,-1.84,-0.74,1.52,-11.88,-0.66
1999-12-01,1999,12,Lamb **,Other Food,($/kg),2.61,-2.25,-2.61,2.76,-11.22,-0.99
2000-01-01,2000,1,Lamb **,Other Food,($/kg),2.73,4.6,0.37,9.2,-0.73,1.9
2000-02-01,2000,2,Lamb **,Other Food,($/kg),2.7,-1.1,1.12,9.76,-0.37,-0.74
2000-03-01,2000,3,Lamb **,Other Food,($/kg),2.7,0.0,3.45,9.76,-1.1,-0.32
2000-04-01,2000,4,Lamb **,Other Food,($/kg),2.7,0.0,-1.1,6.3,2.66,-0.32
2000-05-01,2000,5,Lamb **,Other Food,($/kg),2.56,-5.19,-5.19,-4.12,1.19,-2.41
2000-06-01,2000,6,Lamb **,Other Food,($/kg),2.57,0.39,-4.81,-4.1,1.58,0.29
2000-07-01,2000,7,Lamb **,Other Food,($/kg),2.58,0.39,-4.44,-2.27,1.57,0.29
2000-08-01,2000,8,Lamb **,Other Food,($/kg),2.58,0.0,0.78,-4.09,2.38,0.07
2000-09-01,2000,9,Lamb **,Other Food,($/kg),2.48,-3.88,-3.5,-7.46,-3.12,-1.53
2000-10-01,2000,10,Lamb **,Other Food,($/kg),2.54,2.42,-1.55,-6.62,-4.87,1.2
2000-11-01,2000,11,Lamb **,Other Food,($/kg),2.59,1.97,0.39,-3.0,-2.26,0.96
2000-12-01,2000,12,Lamb **,Other Food,($/kg),2.69,3.86,8.47,3.07,2.67,1.53
2001-01-01,2001,1,Lamb **,Other Food,($/kg),2.78,3.35,9.45,1.83,6.51,1.08
2001-02-01,2001,2,Lamb **,Other Food,($/kg),2.86,2.88,10.42,5.93,8.75,1.01
2001-03-01,2001,3,Lamb **,Other Food,($/kg),2.94,2.8,9.29,8.89,11.36,0.83
2001-04-01,2001,4,Lamb **,Other Food,($/kg),3.0,2.04,7.91,11.11,-2.91,0.46
2001-05-01,2001,5,Lamb **,Other Food,($/kg),2.92,-2.67,2.1,14.06,-12.57,-1.27
2001-06-01,2001,6,Lamb **,Other Food,($/kg),2.81,-3.77,-4.42,9.34,-20.4,-2.04
2001-07-01,2001,7,Lamb **,Other Food,($/kg),2.76,-1.78,-8.0,6.98,-22.25,-0.92
2001-08-01,2001,8,Lamb **,Other Food,($/kg),2.77,0.36,-5.14,7.36,-21.08,-0.08
2001-09-01,2001,9,Lamb **,Other Food,($/kg),2.99,7.94,6.41,20.56,-13.83,2.54
2001-10-01,2001,10,Lamb **,Other Food,($/kg),3.01,0.67,9.06,18.5,-16.16,-0.3
2001-11-01,2001,11,Lamb **,Other Food,($/kg),3.03,0.66,9.39,16.99,-19.63,-0.25
2001-12-01,2001,12,Lamb **,Other Food,($/kg),3.08,1.65,3.01,14.5,-18.73,0.09
2002-01-01,2002,1,Lamb **,Other Food,($/kg),3.12,1.3,3.65,12.23,-17.68,0.04
2002-02-01,2002,2,Lamb **,Other Food,($/kg),3.11,-0.32,2.64,8.74,-15.26,-0.44
2002-03-01,2002,3,Lamb **,Other Food,($/kg),3.1,-0.32,0.65,5.44,-11.43,-0.36
2002-04-01,2002,4,Lamb **,Other Food,($/kg),3.15,1.61,0.96,5.0,-4.83,0.39
2002-05-01,2002,5,Lamb **,Other Food,($/kg),3.18,0.95,2.25,8.9,-4.79,0.17
2002-06-01,2002,6,Lamb **,Other Food,($/kg),3.24,1.89,4.52,15.3,-2.7,0.42
2002-07-01,2002,7,Lamb **,Other Food,($/kg),3.39,4.63,7.62,22.83,1.19,1.45
2002-08-01,2002,8,Lamb **,Other Food,($/kg),3.37,-0.59,5.97,21.66,4.66,-1.0
2002-09-01,2002,9,Lamb **,Other Food,($/kg),3.44,2.08,6.17,15.05,7.17,0.17
2002-10-01,2002,10,Lamb **,Other Food,($/kg),3.47,0.87,2.36,15.28,6.12,-0.22
2002-11-01,2002,11,Lamb **,Other Food,($/kg),3.51,1.15,4.15,15.84,3.54,-0.03
2002-12-01,2002,12,Lamb **,Other Food,($/kg),3.57,1.71,3.78,15.91,7.21,0.34
2003-01-01,2003,1,Lamb **,Other Food,($/kg),3.6,0.84,3.75,15.38,11.46,-0.29
2003-02-01,2003,2,Lamb **,Other Food,($/kg),3.58,-0.56,1.99,15.11,15.48,-1.26
2003-03-01,2003,3,Lamb **,Other Food,($/kg),3.52,-1.68,-1.4,13.55,15.79,-2.01
2003-04-01,2003,4,Lamb **,Other Food,($/kg),3.5,-0.57,-2.78,11.11,17.85,-1.03
2003-05-01,2003,5,Lamb **,Other Food,($/kg),3.74,6.86,4.47,17.61,42.21,3.6
2003-06-01,2003,6,Lamb **,Other Food,($/kg),4.03,7.75,14.49,24.38,56.81,2.67
2003-07-01,2003,7,Lamb **,Other Food,($/kg),3.94,-2.23,12.57,16.22,62.14,-1.36
2003-08-01,2003,8,Lamb **,Other Food,($/kg),3.92,-0.51,4.81,16.32,60.0,-0.58
2003-09-01,2003,9,Lamb **,Other Food,($/kg),3.98,1.53,-1.24,15.7,49.62,0.07
2003-10-01,2003,10,Lamb **,Other Food,($/kg),4.16,4.52,5.58,19.88,51.27,1.06
2003-11-01,2003,11,Lamb **,Other Food,($/kg),4.22,1.44,7.65,20.23,60.46,-0.04
2003-12-01,2003,12,Lamb **,Other Food,($/kg),4.42,4.74,11.06,23.81,74.02,0.98
2004-01-01,2004,1,Lamb **,Other Food,($/kg),4.39,-0.68,5.53,21.94,75.6,-0.75
2004-02-01,2004,2,Lamb **,Other Food,($/kg),4.73,7.74,12.09,32.12,92.28,1.77
2004-03-01,2004,3,Lamb **,Other Food,($/kg),4.63,-2.11,4.75,31.53,88.21,-1.21
2004-04-01,2004,4,Lamb **,Other Food,($/kg),4.57,-1.3,4.1,30.57,79.92,-0.97
2004-05-01,2004,5,Lamb **,Other Food,($/kg),4.49,-1.75,-5.07,20.05,68.16,-1.06
2004-06-01,2004,6,Lamb **,Other Food,($/kg),4.55,1.34,-1.73,12.9,69.78,-0.07
2004-07-01,2004,7,Lamb **,Other Food,($/kg),4.59,0.88,0.44,16.5,73.86,-0.06
2004-08-01,2004,8,Lamb **,Other Food,($/kg),4.53,-1.31,0.89,15.56,68.4,-0.88
2004-09-01,2004,9,Lamb **,Other Food,($/kg),4.51,-0.44,-0.88,13.32,68.28,-0.56
2004-10-01,2004,10,Lamb **,Other Food,($/kg),4.58,1.55,-0.22,10.1,68.38,0.15
2004-11-01,2004,11,Lamb **,Other Food,($/kg),4.71,2.84,3.97,11.61,76.4,0.69
2004-12-01,2004,12,Lamb **,Other Food,($/kg),4.89,3.82,8.43,10.63,87.36,0.97
2005-01-01,2005,1,Lamb **,Other Food,($/kg),4.76,-2.66,3.93,8.43,74.36,-1.24
2005-02-01,2005,2,Lamb **,Other Food,($/kg),4.79,0.63,1.7,1.27,77.41,-0.03
2005-03-01,2005,3,Lamb **,Other Food,($/kg),4.8,0.21,-1.84,3.67,77.78,0.04
2005-04-01,2005,4,Lamb **,Other Food,($/kg),4.72,-1.67,-0.84,3.28,74.81,-1.03
2005-05-01,2005,5,Lamb **,Other Food,($/kg),4.54,-3.81,-5.22,1.11,77.34,-2.1
2005-06-01,2005,6,Lamb **,Other Food,($/kg),4.39,-3.3,-8.54,-3.52,70.82,-1.54
2005-07-01,2005,7,Lamb **,Other Food,($/kg),4.23,-3.64,-10.38,-7.84,63.95,-1.41
2005-08-01,2005,8,Lamb **,Other Food,($/kg),4.33,2.36,-4.63,-4.42,67.83,1.19
2005-09-01,2005,9,Lamb **,Other Food,($/kg),4.32,-0.23,-1.59,-4.21,74.19,0.04
2005-10-01,2005,10,Lamb **,Other Food,($/kg),4.2,-2.78,-0.71,-8.3,65.35,-0.92
2005-11-01,2005,11,Lamb **,Other Food,($/kg),4.1,-2.38,-5.31,-12.95,58.3,-0.63
2005-12-01,2005,12,Lamb **,Other Food,($/kg),4.1,0.0,-5.09,-16.16,52.42,0.45
2006-01-01,2006,1,Lamb **,Other Food,($/kg),4.02,-1.95,-4.29,-15.55,44.6,-0.26
2006-02-01,2006,2,Lamb **,Other Food,($/kg),3.98,-1.0,-2.93,-16.91,39.16,0.2
2006-03-01,2006,3,Lamb **,Other Food,($/kg),3.88,-2.51,-5.37,-19.17,31.97,-0.54
2006-04-01,2006,4,Lamb **,Other Food,($/kg),3.93,1.29,-2.24,-16.74,31.0,1.69
2006-05-01,2006,5,Lamb **,Other Food,($/kg),4.2,6.87,5.53,-7.49,43.84,4.2
2006-06-01,2006,6,Lamb **,Other Food,($/kg),4.19,-0.24,7.99,-4.56,49.11,0.12
2006-07-01,2006,7,Lamb **,Other Food,($/kg),4.14,-1.19,5.34,-2.13,50.0,-0.29
2006-08-01,2006,8,Lamb **,Other Food,($/kg),4.12,-0.48,-1.9,-4.85,48.74,-0.12
2006-09-01,2006,9,Lamb **,Other Food,($/kg),4.0,-2.91,-4.53,-7.41,33.78,-0.98
2006-10-01,2006,10,Lamb **,Other Food,($/kg),3.98,-0.5,-3.86,-5.24,32.23,0.04
2006-11-01,2006,11,Lamb **,Other Food,($/kg),3.95,-0.75,-4.13,-3.66,30.36,-0.13
2006-12-01,2006,12,Lamb **,Other Food,($/kg),4.06,2.78,1.5,-0.98,31.82,1.22
2007-01-01,2007,1,Lamb **,Other Food,($/kg),3.98,-1.97,0.0,-1.0,27.56,-0.72
2007-02-01,2007,2,Lamb **,Other Food,($/kg),3.94,-1.01,-0.25,-1.01,26.69,-0.36
2007-03-01,2007,3,Lamb **,Other Food,($/kg),3.9,-1.02,-3.94,0.52,25.81,-0.36
2007-04-01,2007,4,Lamb **,Other Food,($/kg),4.0,2.56,0.5,1.78,26.98,0.96
2007-05-01,2007,5,Lamb **,Other Food,($/kg),3.99,-0.25,1.27,-5.0,25.47,-0.16
2007-06-01,2007,6,Lamb **,Other Food,($/kg),3.99,0.0,2.31,-4.77,23.15,0.25
2007-07-01,2007,7,Lamb **,Other Food,($/kg),4.09,2.51,2.25,-1.21,20.65,1.77
2007-08-01,2007,8,Lamb **,Other Food,($/kg),4.11,0.49,3.01,-0.24,21.96,0.32
2007-09-01,2007,9,Lamb **,Other Food,($/kg),4.3,4.62,7.77,7.5,25.0,2.55
2007-10-01,2007,10,Lamb **,Other Food,($/kg),4.39,2.09,7.33,10.3,26.51,0.73
2007-11-01,2007,11,Lamb **,Other Food,($/kg),4.43,0.91,7.79,12.15,26.21,0.04
2007-12-01,2007,12,Lamb **,Other Food,($/kg),4.31,-2.71,0.23,6.16,20.73,-1.89
2008-01-01,2008,1,Lamb **,Other Food,($/kg),4.29,-0.46,-2.28,7.79,19.17,-0.46
2008-02-01,2008,2,Lamb **,Other Food,($/kg),4.52,5.36,2.03,14.72,26.26,2.35
2008-03-01,2008,3,Lamb **,Other Food,($/kg),4.79,5.97,11.14,22.82,36.08,2.05
2008-04-01,2008,4,Lamb **,Other Food,($/kg),4.89,2.09,13.99,22.25,39.71,0.13
2008-05-01,2008,5,Lamb **,Other Food,($/kg),4.95,1.23,9.51,24.06,32.35,-0.19
2008-06-01,2008,6,Lamb **,Other Food,($/kg),4.95,0.0,3.34,24.06,22.83,-0.73
2008-07-01,2008,7,Lamb **,Other Food,($/kg),5.01,1.21,2.45,22.49,27.16,-0.25
2008-08-01,2008,8,Lamb **,Other Food,($/kg),4.76,-4.99,-3.84,15.82,21.43,-2.66
2008-09-01,2008,9,Lamb **,Other Food,($/kg),4.54,-4.62,-8.28,5.58,14.07,-1.86
2008-10-01,2008,10,Lamb **,Other Food,($/kg),4.31,-5.07,-13.97,-1.82,3.61,-1.64
2008-11-01,2008,11,Lamb **,Other Food,($/kg),4.05,-6.03,-14.92,-8.58,-4.03,-1.6
2008-12-01,2008,12,Lamb **,Other Food,($/kg),3.93,-2.96,-13.44,-8.82,-11.09,-0.56
2009-01-01,2009,1,Lamb **,Other Food,($/kg),3.81,-3.05,-11.6,-11.19,-13.21,-0.58
2009-02-01,2009,2,Lamb **,Other Food,($/kg),3.8,-0.26,-6.17,-15.93,-19.66,0.16
2009-03-01,2009,3,Lamb **,Other Food,($/kg),3.75,-1.32,-4.58,-21.71,-19.01,0.02
2009-04-01,2009,4,Lamb **,Other Food,($/kg),4.04,7.73,6.04,-17.38,-11.6,3.43
2009-05-01,2009,5,Lamb **,Other Food,($/kg),4.28,5.94,12.63,-13.54,-4.68,1.93
2009-06-01,2009,6,Lamb **,Other Food,($/kg),4.54,6.07,21.07,-8.28,-0.22,1.65
2009-07-01,2009,7,Lamb **,Other Food,($/kg),4.54,0.0,12.38,-9.38,-1.09,0.13
2009-08-01,2009,8,Lamb **,Other Food,($/kg),4.56,0.44,6.54,-4.2,0.66,0.24
2009-09-01,2009,9,Lamb **,Other Food,($/kg),4.5,-1.32,-0.88,-0.88,-0.22,-0.23
2009-10-01,2009,10,Lamb **,Other Food,($/kg),4.46,-0.89,-1.76,3.48,-2.62,-0.2
2009-11-01,2009,11,Lamb **,Other Food,($/kg),4.57,2.47,0.22,12.84,-2.97,0.51
2009-12-01,2009,12,Lamb **,Other Food,($/kg),4.48,-1.97,-0.44,13.99,-8.38,-0.83
2010-01-01,2010,1,Lamb **,Other Food,($/kg),4.49,0.22,0.67,17.85,-5.67,-0.26
2010-02-01,2010,2,Lamb **,Other Food,($/kg),4.51,0.45,-1.31,18.68,-5.85,-0.29
2010-03-01,2010,3,Lamb **,Other Food,($/kg),4.43,-1.77,-1.12,18.13,-7.71,-0.99
2010-04-01,2010,4,Lamb **,Other Food,($/kg),4.56,2.93,1.56,12.87,-3.39,0.44
2010-05-01,2010,5,Lamb **,Other Food,($/kg),4.84,6.14,7.32,13.08,6.61,1.85
2010-06-01,2010,6,Lamb **,Other Food,($/kg),5.2,7.44,17.38,14.54,18.45,2.28
2010-07-01,2010,7,Lamb **,Other Food,($/kg),5.39,3.65,18.2,18.72,27.42,0.82
2010-08-01,2010,8,Lamb **,Other Food,($/kg),6.85,27.09,41.53,50.22,58.2,8.3
2010-09-01,2010,9,Lamb **,Other Food,($/kg),7.24,5.69,39.23,60.89,67.59,0.25
2010-10-01,2010,10,Lamb **,Other Food,($/kg),7.65,5.66,41.93,71.52,82.14,0.18
2010-11-01,2010,11,Lamb **,Other Food,($/kg),8.06,5.36,17.66,76.37,96.59,0.07
2010-12-01,2010,12,Lamb **,Other Food,($/kg),8.23,2.11,13.67,83.71,100.73,-0.39
2011-01-01,2011,1,Lamb **,Other Food,($/kg),8.27,0.49,8.1,84.19,105.72,-0.67
2011-02-01,2011,2,Lamb **,Other Food,($/kg),8.4,1.57,4.22,86.25,111.06,-0.53
2011-03-01,2011,3,Lamb **,Other Food,($/kg),8.97,6.79,8.99,102.48,131.19,0.17
2011-04-01,2011,4,Lamb **,Other Food,($/kg),10.17,13.38,22.97,123.03,158.78,1.03
2011-05-01,2011,5,Lamb **,Other Food,($/kg),10.28,1.08,22.38,112.4,144.76,-0.85
2011-06-01,2011,6,Lamb **,Other Food,($/kg),10.09,-1.85,12.49,94.04,140.81,-1.16
2011-07-01,2011,7,Lamb **,Other Food,($/kg),9.84,-2.48,-3.24,82.56,137.68,-1.09
2011-08-01,2011,8,Lamb **,Other Food,($/kg),9.56,-2.85,-7.0,39.56,132.04,-1.02
2011-09-01,2011,9,Lamb **,Other Food,($/kg),9.59,0.31,-4.96,32.46,139.75,-0.55
2011-10-01,2011,10,Lamb **,Other Food,($/kg),9.59,0.0,-2.54,25.36,140.95,-0.53
2011-11-01,2011,11,Lamb **,Other Food,($/kg),9.68,0.94,1.26,20.1,145.06,-0.23
2011-12-01,2011,12,Lamb **,Other Food,($/kg),9.97,3.0,3.96,21.14,145.57,0.31
2012-01-01,2012,1,Lamb **,Other Food,($/kg),9.91,-0.6,3.34,19.83,148.99,-0.51
2012-02-01,2012,2,Lamb **,Other Food,($/kg),9.54,-3.73,-1.45,13.57,142.13,-1.18
2012-03-01,2012,3,Lamb **,Other Food,($/kg),9.54,0.0,-4.31,6.35,144.62,-0.24
2012-04-01,2012,4,Lamb **,Other Food,($/kg),9.54,0.0,-3.73,-6.19,138.5,-0.13
2012-05-01,2012,5,Lamb **,Other Food,($/kg),9.52,-0.21,-0.21,-7.39,138.6,0.16
2012-06-01,2012,6,Lamb **,Other Food,($/kg),9.2,-3.36,-3.56,-8.82,130.58,-1.49
2012-07-01,2012,7,Lamb **,Other Food,($/kg),8.75,-4.89,-8.28,-11.08,113.94,-2.09
2012-08-01,2012,8,Lamb **,Other Food,($/kg),7.95,-9.14,-16.49,-16.84,93.43,-3.61
2012-09-01,2012,9,Lamb **,Other Food,($/kg),7.14,-10.19,-22.39,-25.55,66.05,-2.67
2012-10-01,2012,10,Lamb **,Other Food,($/kg),7.11,-0.42,-18.74,-25.86,61.96,0.48
2012-11-01,2012,11,Lamb **,Other Food,($/kg),7.16,0.7,-9.94,-26.03,61.63,0.77
2012-12-01,2012,12,Lamb **,Other Food,($/kg),7.22,0.84,1.12,-27.58,67.52,0.81
2013-01-01,2013,1,Lamb **,Other Food,($/kg),7.02,-2.77,-1.27,-29.16,63.64,-0.05
2013-02-01,2013,2,Lamb **,Other Food,($/kg),7.0,-0.28,-2.23,-26.62,54.87,0.66
2013-03-01,2013,3,Lamb **,Other Food,($/kg),7.0,0.0,-3.05,-26.62,46.14,0.65
2013-04-01,2013,4,Lamb **,Other Food,($/kg),7.0,0.0,-0.28,-26.62,43.15,0.65
2013-05-01,2013,5,Lamb **,Other Food,($/kg),6.99,-0.14,-0.14,-26.58,41.21,0.62
2013-06-01,2013,6,Lamb **,Other Food,($/kg),6.83,-2.29,-2.43,-25.76,37.98,0.05
2013-07-01,2013,7,Lamb **,Other Food,($/kg),6.5,-4.83,-7.14,-25.71,29.74,-0.65
2013-08-01,2013,8,Lamb **,Other Food,($/kg),6.5,0.0,-7.01,-18.24,36.55,0.63
2013-09-01,2013,9,Lamb **,Other Food,($/kg),6.37,-2.0,-6.73,-10.78,40.31,-0.12
2013-10-01,2013,10,Lamb **,Other Food,($/kg),6.81,6.91,4.77,-4.22,58.0,4.65
2013-11-01,2013,11,Lamb **,Other Food,($/kg),7.32,7.49,12.62,2.23,80.74,2.76
2013-12-01,2013,12,Lamb **,Other Food,($/kg),7.77,6.15,21.98,7.62,97.71,1.63
2014-01-01,2014,1,Lamb **,Other Food,($/kg),8.19,5.41,20.26,16.67,114.96,1.18
2014-02-01,2014,2,Lamb **,Other Food,($/kg),8.2,0.12,12.02,17.14,115.79,-0.31
2014-03-01,2014,3,Lamb **,Other Food,($/kg),8.05,-1.83,3.6,15.0,114.67,-0.8
2014-04-01,2014,4,Lamb **,Other Food,($/kg),8.28,2.86,1.1,18.29,104.95,0.39
2014-05-01,2014,5,Lamb **,Other Food,($/kg),8.24,-0.48,0.49,17.88,92.52,-0.48
2014-06-01,2014,6,Lamb **,Other Food,($/kg),7.9,-4.13,-1.86,15.67,74.01,-1.34
2014-07-01,2014,7,Lamb **,Other Food,($/kg),7.75,-1.9,-6.4,19.23,70.7,-0.74
2014-08-01,2014,8,Lamb **,Other Food,($/kg),7.72,-0.39,-6.31,18.77,69.3,-0.48
2014-09-01,2014,9,Lamb **,Other Food,($/kg),7.72,0.0,-2.28,21.19,71.56,-0.38
2014-10-01,2014,10,Lamb **,Other Food,($/kg),7.74,0.26,-0.13,13.66,73.54,-0.36
2014-11-01,2014,11,Lamb **,Other Food,($/kg),7.87,1.68,1.94,7.51,72.21,0.15
2014-12-01,2014,12,Lamb **,Other Food,($/kg),8.21,4.32,6.35,5.66,83.26,1.23
2015-01-01,2015,1,Lamb **,Other Food,($/kg),7.93,-3.41,2.45,-3.17,76.61,-1.44
2015-02-01,2015,2,Lamb **,Other Food,($/kg),7.71,-2.77,-2.03,-5.98,70.95,-1.04
2015-03-01,2015,3,Lamb **,Other Food,($/kg),7.58,-1.69,-7.67,-5.84,71.11,-0.47
2015-04-01,2015,4,Lamb **,Other Food,($/kg),7.77,2.51,-2.02,-6.16,70.39,1.18
2015-05-01,2015,5,Lamb **,Other Food,($/kg),7.48,-3.73,-2.98,-9.22,54.55,-1.3
2015-06-01,2015,6,Lamb **,Other Food,($/kg),7.28,-2.67,-3.96,-7.85,40.0,-0.72
2015-07-01,2015,7,Lamb **,Other Food,($/kg),7.28,0.0,-6.31,-6.06,35.06,0.26
2015-08-01,2015,8,Lamb **,Other Food,($/kg),7.28,0.0,-2.67,-5.7,6.28,0.2
2015-09-01,2015,9,Lamb **,Other Food,($/kg),7.28,0.0,0.0,-5.7,0.55,0.18
2015-10-01,2015,10,Lamb **,Other Food,($/kg),7.28,0.0,0.0,-5.94,-4.84,0.18
2015-11-01,2015,11,Lamb **,Other Food,($/kg),7.52,3.3,3.3,-4.45,-6.7,1.52
2015-12-01,2015,12,Lamb **,Other Food,($/kg),7.61,1.2,4.53,-7.31,-7.53,0.58
2016-01-01,2016,1,Lamb **,Other Food,($/kg),7.61,0.0,4.53,-4.04,-7.98,0.27
2016-02-01,2016,2,Lamb **,Other Food,($/kg),7.59,-0.26,0.93,-1.56,-9.64,0.03
2016-03-01,2016,3,Lamb **,Other Food,($/kg),7.39,-2.64,-2.89,-2.51,-17.61,-1.28
2016-04-01,2016,4,Lamb **,Other Food,($/kg),7.39,0.0,-2.89,-4.89,-27.34,0.09
2016-05-01,2016,5,Lamb **,Other Food,($/kg),7.39,0.0,-2.64,-1.2,-28.11,0.21
2016-06-01,2016,6,Lamb **,Other Food,($/kg),7.34,-0.68,-0.68,0.82,-27.25,-0.38
2016-07-01,2016,7,Lamb **,Other Food,($/kg),7.15,-2.59,-3.25,-1.79,-27.34,-1.99
2016-08-01,2016,8,Lamb **,Other Food,($/kg),6.83,-4.48,-7.58,-6.18,-28.56,-2.81
2016-09-01,2016,9,Lamb **,Other Food,($/kg),6.91,1.17,-5.86,-5.08,-27.95,0.85
2016-10-01,2016,10,Lamb **,Other Food,($/kg),7.28,5.35,1.82,0.0,-24.09,2.83
2016-11-01,2016,11,Lamb **,Other Food,($/kg),7.36,1.1,7.76,-2.13,-23.97,0.4
2016-12-01,2016,12,Lamb **,Other Food,($/kg),7.5,1.9,8.54,-1.45,-24.77,0.83
2017-01-01,2017,1,Lamb **,Other Food,($/kg),7.52,0.27,3.3,-1.18,-24.12,0.14
2017-02-01,2017,2,Lamb **,Other Food,($/kg),7.37,-1.99,0.14,-2.9,-22.75,-0.77
2017-03-01,2017,3,Lamb **,Other Food,($/kg),7.4,0.41,-1.33,0.14,-22.43,0.24
2017-04-01,2017,4,Lamb **,Other Food,($/kg),8.44,14.05,12.23,14.21,-11.53,5.71
2017-05-01,2017,5,Lamb **,Other Food,($/kg),8.57,1.54,16.28,15.97,-9.98,0.07
2017-06-01,2017,6,Lamb **,Other Food,($/kg),9.19,7.23,24.19,25.2,-0.11,1.25
2017-07-01,2017,7,Lamb **,Other Food,($/kg),9.37,1.96,11.02,31.05,7.09,-0.01
2017-08-01,2017,8,Lamb **,Other Food,($/kg),8.89,-5.12,3.73,30.16,11.82,-1.58
2017-09-01,2017,9,Lamb **,Other Food,($/kg),8.55,-3.82,-6.96,23.73,19.75,-1.27
2017-10-01,2017,10,Lamb **,Other Food,($/kg),8.24,-3.63,-12.06,13.19,15.89,-1.08
2017-11-01,2017,11,Lamb **,Other Food,($/kg),7.55,-8.37,-15.07,2.58,5.45,-1.82
2017-12-01,2017,12,Lamb **,Other Food,($/kg),7.94,5.17,-7.13,5.87,9.97,0.81
2018-01-01,2018,1,Lamb **,Other Food,($/kg),7.72,-2.77,-6.31,2.66,9.97,-0.56
2018-02-01,2018,2,Lamb **,Other Food,($/kg),7.87,1.94,4.24,6.78,12.43,0.25
2018-03-01,2018,3,Lamb **,Other Food,($/kg),8.05,2.29,1.39,8.78,15.0,0.26
2018-04-01,2018,4,Lamb **,Other Food,($/kg),8.38,4.1,8.55,-0.71,19.71,0.53
2018-05-01,2018,5,Lamb **,Other Food,($/kg),8.19,-2.27,4.07,-4.43,17.17,-0.49
2018-06-01,2018,6,Lamb **,Other Food,($/kg),7.83,-4.4,-2.73,-14.8,14.64,-0.87
2018-07-01,2018,7,Lamb **,Other Food,($/kg),7.83,0.0,-6.56,-16.44,20.46,0.3
2018-08-01,2018,8,Lamb **,Other Food,($/kg),7.83,0.0,-4.4,-11.92,20.46,0.34
2018-09-01,2018,9,Lamb **,Other Food,($/kg),7.83,0.0,0.0,-8.42,22.92,0.25
2018-10-01,2018,10,Lamb **,Other Food,($/kg),7.83,0.0,0.0,-4.98,14.98,0.17
2018-11-01,2018,11,Lamb **,Other Food,($/kg),7.46,-4.73,-4.73,-1.19,1.91,-1.17
2018-12-01,2018,12,Lamb **,Other Food,($/kg),7.44,-0.27,-4.98,-6.3,-4.25,-0.07
2019-01-01,2019,1,Lamb **,Other Food,($/kg),7.99,7.39,2.04,3.5,-2.44,2.98
2019-02-01,2019,2,Lamb **,Other Food,($/kg),8.02,0.38,7.51,1.91,-2.2,0.01
2019-03-01,2019,3,Lamb **,Other Food,($/kg),8.01,-0.12,7.66,-0.5,-0.5,-0.1
2019-04-01,2019,4,Lamb **,Other Food,($/kg),8.05,0.5,0.75,-3.94,-2.78,0.15
2019-05-01,2019,5,Lamb **,Other Food,($/kg),8.05,0.0,0.37,-1.71,-2.31,0.1
2019-06-01,2019,6,Lamb **,Other Food,($/kg),8.05,0.0,0.5,2.81,1.9,0.04
2019-07-01,2019,7,Lamb **,Other Food,($/kg),8.05,0.0,0.0,2.81,3.87,-0.1
2019-08-01,2019,8,Lamb **,Other Food,($/kg),8.05,0.0,0.0,2.81,4.27,-0.1
2019-09-01,2019,9,Lamb **,Other Food,($/kg),8.1,0.62,0.62,3.45,4.92,0.14
2019-10-01,2019,10,Lamb **,Other Food,($/kg),8.27,2.1,2.73,5.62,6.85,0.68
2019-11-01,2019,11,Lamb **,Other Food,($/kg),8.27,0.0,2.73,10.86,5.08,-0.18
2019-12-01,2019,12,Lamb **,Other Food,($/kg),8.35,0.97,3.09,12.23,1.71,0.04
2020-01-01,2020,1,Lamb **,Other Food,($/kg),6.62,-20.72,-19.95,-17.15,-16.52,-10.27
2020-02-01,2020,2,Lamb **,Other Food,($/kg),6.13,-7.4,-25.88,-23.57,-20.49,-0.99
2020-03-01,2020,3,Lamb **,Other Food,($/kg),6.32,3.1,-24.31,-21.1,-16.62,0.81
2020-04-01,2020,4,Lamb **,Other Food,($/kg),6.28,-0.63,-5.14,-21.99,-19.18,0.17
2020-05-01,2020,5,Lamb **,Other Food,($/kg),6.04,-3.82,-1.47,-24.97,-19.25,-0.31
2020-06-01,2020,6,Lamb **,Other Food,($/kg),5.77,-4.47,-8.7,-28.32,-20.74,-0.36
2020-07-01,2020,7,Lamb **,Other Food,($/kg),5.61,-2.77,-10.67,-30.31,-22.94,-0.04
2020-08-01,2020,8,Lamb **,Other Food,($/kg),6.15,9.63,1.82,-23.6,-15.52,1.93
2020-09-01,2020,9,Lamb **,Other Food,($/kg),6.31,2.6,9.36,-22.1,-13.32,0.62
2020-10-01,2020,10,Lamb **,Other Food,($/kg),6.7,6.18,19.43,-18.98,-7.97,1.08
2020-11-01,2020,11,Lamb **,Other Food,($/kg),7.29,8.81,18.54,-11.85,-3.06,1.33
2020-12-01,2020,12,Lamb **,Other Food,($/kg),7.09,-2.74,12.36,-15.09,-6.83,-0.25
2021-01-01,2021,1,Lamb **,Other Food,($/kg),7.28,2.68,8.66,9.97,-4.34,0.45
2021-02-01,2021,2,Lamb **,Other Food,($/kg),7.45,2.34,2.19,21.53,-1.84,0.26
2021-03-01,2021,3,Lamb **,Other Food,($/kg),7.99,7.25,12.69,26.42,8.12,1.15
2021-04-01,2021,4,Lamb **,Other Food,($/kg),8.37,4.76,14.97,33.28,13.26,0.53
2021-05-01,2021,5,Lamb **,Other Food,($/kg),8.8,5.14,18.12,45.7,19.08,0.52
2021-06-01,2021,6,Lamb **,Other Food,($/kg),8.86,0.68,10.89,53.55,20.71,-0.56
2021-07-01,2021,7,Lamb **,Other Food,($/kg),8.99,1.47,7.41,60.25,25.73,-0.56
2021-08-01,2021,8,Lamb **,Other Food,($/kg),9.05,0.67,2.84,47.15,32.5,-0.95
2021-09-01,2021,9,Lamb **,Other Food,($/kg),9.08,0.33,2.48,43.9,31.4,-0.92
2021-10-01,2021,10,Lamb **,Other Food,($/kg),9.3,2.42,3.45,38.81,27.75,-0.21
2021-11-01,2021,11,Lamb **,Other Food,($/kg),9.37,0.75,3.54,28.53,27.31,-0.64
2021-12-01,2021,12,Lamb **,Other Food,($/kg),9.44,0.75,3.96,33.15,25.87,-0.53
2022-01-01,2022,1,Lamb **,Other Food,($/kg),9.11,-3.5,-2.04,25.14,21.14,-2.7
2022-02-01,2022,2,Lamb **,Other Food,($/kg),8.95,-1.76,-4.48,20.13,21.44,-1.32
2022-03-01,2022,3,Lamb **,Other Food,($/kg),9.13,2.01,-3.28,14.27,23.38,0.15
2022-04-01,2022,4,Lamb **,Other Food,($/kg),9.0,-1.42,-1.21,7.53,6.64,-1.07
2022-05-01,2022,5,Lamb **,Other Food,($/kg),8.71,-3.22,-2.68,-1.02,1.63,-1.75
2022-06-01,2022,6,Lamb **,Other Food,($/kg),8.46,-2.87,-7.34,-4.51,-7.94,-1.44
2022-07-01,2022,7,Lamb **,Other Food,($/kg),8.46,0.0,-6.0,-5.9,-9.71,0.17
2022-08-01,2022,8,Lamb **,Other Food,($/kg),8.53,0.83,-2.07,-5.75,-4.05,0.65
2022-09-01,2022,9,Lamb **,Other Food,($/kg),8.49,-0.47,0.35,-6.5,-0.7,0.0
2022-10-01,2022,10,Lamb **,Other Food,($/kg),7.7,-9.31,-8.98,-17.2,-6.55,-4.36
2022-11-01,2022,11,Lamb **,Other Food,($/kg),6.54,-15.06,-23.33,-30.2,-13.38,-4.47
2022-12-01,2022,12,Lamb **,Other Food,($/kg),6.1,-6.73,-28.15,-35.38,-23.17,-0.8
2023-01-01,2023,1,Lamb **,Other Food,($/kg),6.11,0.16,-20.65,-32.93,-20.85,0.75
2023-02-01,2023,2,Lamb **,Other Food,($/kg),6.62,8.35,1.22,-26.03,-15.88,2.33
2023-03-01,2023,3,Lamb **,Other Food,($/kg),6.99,5.59,14.59,-23.44,-13.17,1.33
2023-04-01,2023,4,Lamb **,Other Food,($/kg),7.22,3.29,18.17,-19.78,-13.84,0.85
2023-05-01,2023,5,Lamb **,Other Food,($/kg),7.06,-2.22,6.65,-18.94,-13.8,-0.09
2023-06-01,2023,6,Lamb **,Other Food,($/kg),6.27,-11.19,-10.3,-25.89,-19.92,-1.5
2023-07-01,2023,7,Lamb **,Other Food,($/kg),5.43,-13.4,-24.79,-35.82,-30.65,-1.59
2023-08-01,2023,8,Lamb **,Other Food,($/kg),5.67,4.42,-19.69,-33.53,-27.59,1.01
2023-09-01,2023,9,Lamb **,Other Food,($/kg),5.98,5.47,-4.63,-29.56,-23.63,1.08
2023-10-01,2023,10,Lamb **,Other Food,($/kg),5.56,-7.02,2.39,-27.79,-28.99,-0.54
2023-11-01,2023,11,Lamb **,Other Food,($/kg),5.25,-5.58,-7.41,-19.72,-29.62,-0.4
2023-12-01,2023,12,Lamb **,Other Food,($/kg),5.31,1.14,-11.2,-12.95,-28.63,0.38
2024-01-01,2024,1,Lamb **,Other Food,($/kg),5.29,-0.38,-4.86,-13.42,-33.79,0.08
2024-02-01,2024,2,Lamb **,Other Food,($/kg),5.2,-1.7,-0.95,-21.45,-35.16,-0.11
2024-03-01,2024,3,Lamb **,Other Food,($/kg),5.19,-0.19,-2.26,-25.75,-35.21,0.25
2024-04-01,2024,4,Lamb **,Other Food,($/kg),5.18,-0.19,-2.08,-28.25,-35.65,0.35
2024-05-01,2024,5,Lamb **,Other Food,($/kg),5.17,-0.19,-0.58,-26.77,-35.78,0.41
2024-06-01,2024,6,Lamb **,Other Food,($/kg),5.02,-2.9,-3.28,-19.94,-37.64,-0.09
2024-07-01,2024,7,Lamb **,Other Food,($/kg),5.11,1.79,-1.35,-5.89,-36.52,0.69
2024-08-01,2024,8,Lamb **,Other Food,($/kg),5.24,2.54,1.35,-7.58,-34.91,0.83
2024-09-01,2024,9,Lamb **,Other Food,($/kg),5.49,4.77,9.36,-8.19,-32.22,1.57
2024-10-01,2024,10,Lamb **,Other Food,($/kg),5.6,2.0,9.59,0.72,-32.29,0.8
2024-11-01,2024,11,Lamb **,Other Food,($/kg),5.83,4.11,11.26,11.05,-29.5,1.49
2024-12-01,2024,12,Lamb **,Other Food,($/kg),5.84,0.17,6.38,9.98,-30.06,-0.32
2025-01-01,2025,1,Lamb **,Other Food,($/kg),5.83,-0.17,4.11,10.21,-11.93,-0.44
2025-02-01,2025,2,Lamb **,Other Food,($/kg),5.65,-3.09,-3.09,8.65,-7.83,-1.73
2025-03-01,2025,3,Lamb **,Other Food,($/kg),5.61,-0.71,-3.94,8.09,-11.23,-0.59
2025-04-01,2025,4,Lamb **,Other Food,($/kg),5.89,4.99,1.03,13.71,-6.21,1.76
2025-05-01,2025,5,Lamb **,Other Food,($/kg),6.08,3.23,7.61,17.6,0.66,0.77
2025-06-01,2025,6,Lamb **,Other Food,($/kg),6.4,5.26,14.08,27.49,10.92,1.4
2025-07-01,2025,7,Lamb **,Other Food,($/kg),6.33,-1.09,7.47,23.87,12.83,-1.22
2025-08-01,2025,8,Lamb **,Other Food,($/kg),6.24,-1.42,2.63,19.08,1.46,-1.18
2025-09-01,2025,9,Lamb **,Other Food,($/kg),6.24,0.0,-2.5,13.66,-1.11,-0.52
2025-10-01,2025,10,Lamb **,Other Food,($/kg),6.33,1.44,0.0,13.04,-5.52,0.12
2025-11-01,2025,11,Lamb **,Other Food,($/kg),6.45,1.9,3.37,10.63,-11.52,0.31
2025-12-01,2025,12,Lamb **,Other Food,($/kg),6.37,-1.24,2.08,9.08,-10.16,-0.82
2026-01-01,2026,1,Lamb **,Other Food,($/kg),6.57,3.14,3.79,12.69,-9.75,0.9
2026-02-01,2026,2,Lamb **,Other Food,($/kg),6.52,-0.76,1.09,15.4,-12.48,-0.66
2026-03-01,2026,3,Lamb **,Other Food,($/kg),6.54,0.31,2.67,16.58,-18.15,-0.38
2026-04-01,2026,4,Lamb **,Other Food,($/kg),7.11,8.72,8.22,20.71,-15.05,3.09
2026-05-01,2026,5,Lamb **,Other Food,($/kg),7.28,2.39,11.66,19.74,-17.27,0.25
2026-06-01,2026,6,Lamb **,Other Food,($/kg),7.47,2.61,14.22,16.72,-15.69,0.35
2026-07-01,2026,7,Lamb **,Other Food,($/kg),7.59,1.61,6.75,19.91,-15.57,0.1
2026-08-01,2026,8,Lamb **,Other Food,($/kg),7.43,-2.11,2.06,19.07,-17.9,-1.34
2026-09-01,2026,9,Lamb **,Other Food,($/kg),7.26,-2.29,-2.81,16.35,-20.04,-1.35
1960-01-01,1960,1,Lead,Metals,($/mt),206.0,,,,,
1960-02-01,1960,2,Lead,Metals,($/mt),204.0,-0.97,,,,
1960-03-01,1960,3,Lead,Metals,($/mt),210.0,2.94,,,,
1960-04-01,1960,4,Lead,Metals,($/mt),214.0,1.9,3.88,,,
1960-05-01,1960,5,Lead,Metals,($/mt),213.0,-0.47,4.41,,,
1960-06-01,1960,6,Lead,Metals,($/mt),202.0,-5.16,-3.81,,,
1960-07-01,1960,7,Lead,Metals,($/mt),196.0,-2.97,-8.41,,,
1960-08-01,1960,8,Lead,Metals,($/mt),195.0,-0.51,-8.45,,,0.09
1960-09-01,1960,9,Lead,Metals,($/mt),193.0,-1.03,-4.46,,,-0.1
1960-10-01,1960,10,Lead,Metals,($/mt),185.0,-4.15,-5.61,,,-1.32
1960-11-01,1960,11,Lead,Metals,($/mt),188.0,1.62,-3.59,,,1.06
1960-12-01,1960,12,Lead,Metals,($/mt),179.0,-4.79,-7.25,,,-1.49
1961-01-01,1961,1,Lead,Metals,($/mt),176.0,-1.68,-4.86,-14.56,,-0.16
1961-02-01,1961,2,Lead,Metals,($/mt),180.0,2.27,-4.26,-11.76,,1.34
1961-03-01,1961,3,Lead,Metals,($/mt),182.0,1.11,1.68,-13.33,,0.75
1961-04-01,1961,4,Lead,Metals,($/mt),185.0,1.65,5.11,-13.55,,1.06
1961-05-01,1961,5,Lead,Metals,($/mt),184.0,-0.54,2.22,-13.62,,0.24
1961-06-01,1961,6,Lead,Metals,($/mt),178.0,-3.26,-2.2,-11.88,,-0.8
1961-07-01,1961,7,Lead,Metals,($/mt),179.0,0.56,-3.24,-8.67,,0.66
1961-08-01,1961,8,Lead,Metals,($/mt),178.0,-0.56,-3.26,-8.72,,0.07
1961-09-01,1961,9,Lead,Metals,($/mt),176.0,-1.12,-1.12,-8.81,,-0.17
1961-10-01,1961,10,Lead,Metals,($/mt),173.0,-1.7,-3.35,-6.49,,-0.41
1961-11-01,1961,11,Lead,Metals,($/mt),166.0,-4.05,-6.74,-11.7,,-1.65
1961-12-01,1961,12,Lead,Metals,($/mt),167.0,0.6,-5.11,-6.7,,0.72
1962-01-01,1962,1,Lead,Metals,($/mt),163.0,-2.4,-5.78,-7.39,,-0.96
1962-02-01,1962,2,Lead,Metals,($/mt),162.0,-0.61,-2.41,-10.0,,0.0
1962-03-01,1962,3,Lead,Metals,($/mt),167.0,3.09,0.0,-8.24,,2.26
1962-04-01,1962,4,Lead,Metals,($/mt),167.0,0.0,2.45,-9.73,,0.34
1962-05-01,1962,5,Lead,Metals,($/mt),165.0,-1.2,1.85,-10.33,,-0.19
1962-06-01,1962,6,Lead,Metals,($/mt),159.0,-3.64,-4.79,-10.67,,-1.45
1962-07-01,1962,7,Lead,Metals,($/mt),148.0,-6.92,-11.38,-17.32,,-3.08
1962-08-01,1962,8,Lead,Metals,($/mt),141.0,-4.73,-14.55,-20.79,,-1.26
1962-09-01,1962,9,Lead,Metals,($/mt),143.0,1.42,-10.06,-18.75,,1.24
1962-10-01,1962,10,Lead,Metals,($/mt),146.0,2.1,-1.35,-15.61,,1.33
1962-11-01,1962,11,Lead,Metals,($/mt),150.0,2.74,6.38,-9.64,,1.35
1962-12-01,1962,12,Lead,Metals,($/mt),153.0,2.0,6.99,-8.38,,0.9
1963-01-01,1963,1,Lead,Metals,($/mt),149.0,-2.61,2.05,-8.59,,-0.6
1963-02-01,1963,2,Lead,Metals,($/mt),151.0,1.34,0.67,-6.79,,0.63
1963-03-01,1963,3,Lead,Metals,($/mt),154.0,1.99,0.65,-7.78,,0.77
1963-04-01,1963,4,Lead,Metals,($/mt),159.0,3.25,6.71,-4.79,,1.22
1963-05-01,1963,5,Lead,Metals,($/mt),167.0,5.03,10.6,1.21,,1.6
1963-06-01,1963,6,Lead,Metals,($/mt),179.0,7.19,16.23,12.58,,1.9
1963-07-01,1963,7,Lead,Metals,($/mt),180.0,0.56,13.21,21.62,,-0.13
1963-08-01,1963,8,Lead,Metals,($/mt),185.0,2.78,10.78,31.21,,0.35
1963-09-01,1963,9,Lead,Metals,($/mt),187.0,1.08,4.47,30.77,,-0.52
1963-10-01,1963,10,Lead,Metals,($/mt),192.0,2.67,6.67,31.51,,0.16
1963-11-01,1963,11,Lead,Metals,($/mt),191.0,-0.52,3.24,27.33,,-1.2
1963-12-01,1963,12,Lead,Metals,($/mt),205.0,7.33,9.63,33.99,,2.09
1964-01-01,1964,1,Lead,Metals,($/mt),218.0,6.34,13.54,46.31,,1.3
1964-02-01,1964,2,Lead,Metals,($/mt),223.0,2.29,16.75,47.68,,-0.36
1964-03-01,1964,3,Lead,Metals,($/mt),224.0,0.45,9.27,45.45,,-1.11
1964-04-01,1964,4,Lead,Metals,($/mt),227.0,1.34,4.13,42.77,,-0.69
1964-05-01,1964,5,Lead,Metals,($/mt),244.0,7.49,9.42,46.11,,1.61
1964-06-01,1964,6,Lead,Metals,($/mt),246.0,0.82,9.82,37.43,,-0.81
1964-07-01,1964,7,Lead,Metals,($/mt),271.0,10.16,19.38,50.56,,2.66
1964-08-01,1964,8,Lead,Metals,($/mt),301.0,11.07,23.36,62.7,,2.21
1964-09-01,1964,9,Lead,Metals,($/mt),301.0,0.0,22.36,60.96,,-1.04
1964-10-01,1964,10,Lead,Metals,($/mt),332.0,10.3,22.51,72.92,,1.5
1964-11-01,1964,11,Lead,Metals,($/mt),365.0,9.94,21.26,91.1,,1.16
1964-12-01,1964,12,Lead,Metals,($/mt),384.0,5.21,27.57,87.32,,-0.1
1965-01-01,1965,1,Lead,Metals,($/mt),348.0,-9.38,4.82,59.63,68.93,-3.43
1965-02-01,1965,2,Lead,Metals,($/mt),390.0,12.07,6.85,74.89,91.18,1.31
1965-03-01,1965,3,Lead,Metals,($/mt),395.0,1.28,2.86,76.34,88.1,-0.57
1965-04-01,1965,4,Lead,Metals,($/mt),353.0,-10.63,1.44,55.51,64.95,-2.45
1965-05-01,1965,5,Lead,Metals,($/mt),302.0,-14.45,-22.56,23.77,41.78,-2.37
1965-06-01,1965,6,Lead,Metals,($/mt),279.0,-7.62,-29.37,13.41,38.12,-1.05
1965-07-01,1965,7,Lead,Metals,($/mt),272.0,-2.51,-22.95,0.37,38.78,-0.41
1965-08-01,1965,8,Lead,Metals,($/mt),272.0,0.0,-9.93,-9.63,39.49,-0.05
1965-09-01,1965,9,Lead,Metals,($/mt),289.0,6.25,3.58,-3.99,49.74,0.77
1965-10-01,1965,10,Lead,Metals,($/mt),307.0,6.23,12.87,-7.53,65.95,0.69
1965-11-01,1965,11,Lead,Metals,($/mt),299.0,-2.61,9.93,-18.08,59.04,-0.27
1965-12-01,1965,12,Lead,Metals,($/mt),301.0,0.67,4.15,-21.61,68.16,0.25
1966-01-01,1966,1,Lead,Metals,($/mt),301.0,0.0,-1.95,-13.51,71.02,0.22
1966-02-01,1966,2,Lead,Metals,($/mt),292.0,-2.99,-2.34,-25.13,62.22,-0.28
1966-03-01,1966,3,Lead,Metals,($/mt),293.0,0.34,-2.66,-25.82,60.99,0.41
1966-04-01,1966,4,Lead,Metals,($/mt),280.0,-4.44,-6.98,-20.68,51.35,-0.35
1966-05-01,1966,5,Lead,Metals,($/mt),262.0,-6.43,-10.27,-13.25,42.39,-0.83
1966-06-01,1966,6,Lead,Metals,($/mt),259.0,-1.15,-11.6,-7.17,45.51,-0.01
1966-07-01,1966,7,Lead,Metals,($/mt),263.0,1.54,-6.07,-3.31,46.93,0.55
1966-08-01,1966,8,Lead,Metals,($/mt),243.0,-7.6,-7.25,-10.66,36.52,-1.95
1966-09-01,1966,9,Lead,Metals,($/mt),254.0,4.53,-1.93,-12.11,44.32,1.24
1966-10-01,1966,10,Lead,Metals,($/mt),234.0,-7.87,-11.03,-23.78,35.26,-1.67
1966-11-01,1966,11,Lead,Metals,($/mt),223.0,-4.7,-8.23,-25.42,34.34,-0.65
1966-12-01,1966,12,Lead,Metals,($/mt),224.0,0.45,-11.81,-25.58,34.13,0.71
1967-01-01,1967,1,Lead,Metals,($/mt),220.0,-1.79,-5.98,-26.91,34.97,0.15
1967-02-01,1967,2,Lead,Metals,($/mt),222.0,0.91,-0.45,-23.97,37.04,0.88
1967-03-01,1967,3,Lead,Metals,($/mt),228.0,2.7,1.79,-22.18,36.53,1.23
1967-04-01,1967,4,Lead,Metals,($/mt),227.0,-0.44,3.18,-18.93,35.93,0.37
1967-05-01,1967,5,Lead,Metals,($/mt),226.0,-0.44,1.8,-13.74,36.97,0.29
1967-06-01,1967,6,Lead,Metals,($/mt),228.0,0.88,0.0,-11.97,43.4,0.53
1967-07-01,1967,7,Lead,Metals,($/mt),231.0,1.32,1.76,-12.17,56.08,0.59
1967-08-01,1967,8,Lead,Metals,($/mt),232.0,0.43,2.65,-4.53,64.54,0.37
1967-09-01,1967,9,Lead,Metals,($/mt),227.0,-2.16,-0.44,-10.63,58.74,-0.56
1967-10-01,1967,10,Lead,Metals,($/mt),226.0,-0.44,-2.16,-3.42,54.79,0.15
1967-11-01,1967,11,Lead,Metals,($/mt),242.0,7.08,4.31,8.52,61.33,3.82
1967-12-01,1967,12,Lead,Metals,($/mt),222.0,-8.26,-2.2,-0.89,45.1,-3.73
1968-01-01,1968,1,Lead,Metals,($/mt),218.0,-1.8,-3.54,-0.91,46.31,-0.5
1968-02-01,1968,2,Lead,Metals,($/mt),228.0,4.59,-5.79,2.7,50.99,1.3
1968-03-01,1968,3,Lead,Metals,($/mt),234.0,2.63,5.41,2.63,51.95,0.62
1968-04-01,1968,4,Lead,Metals,($/mt),235.0,0.43,7.8,3.52,47.8,0.04
1968-05-01,1968,5,Lead,Metals,($/mt),238.0,1.28,4.39,5.31,42.51,0.24
1968-06-01,1968,6,Lead,Metals,($/mt),239.0,0.42,2.14,4.82,33.52,-0.02
1968-07-01,1968,7,Lead,Metals,($/mt),247.0,3.35,5.11,6.93,37.22,0.77
1968-08-01,1968,8,Lead,Metals,($/mt),250.0,1.21,5.04,7.76,35.14,0.15
1968-09-01,1968,9,Lead,Metals,($/mt),252.0,0.8,5.44,11.01,34.76,0.03
1968-10-01,1968,10,Lead,Metals,($/mt),248.0,-1.59,0.4,9.73,29.17,-0.67
1968-11-01,1968,11,Lead,Metals,($/mt),249.0,0.4,-0.4,2.89,30.37,-0.12
1968-12-01,1968,12,Lead,Metals,($/mt),250.0,0.4,-0.79,12.61,21.95,0.03
1969-01-01,1969,1,Lead,Metals,($/mt),254.0,1.6,2.42,16.51,16.51,0.32
1969-02-01,1969,2,Lead,Metals,($/mt),258.0,1.57,3.61,13.16,15.7,0.17
1969-03-01,1969,3,Lead,Metals,($/mt),261.0,1.16,4.4,11.54,16.52,0.1
1969-04-01,1969,4,Lead,Metals,($/mt),268.0,2.68,5.51,14.04,18.06,1.54
1969-05-01,1969,5,Lead,Metals,($/mt),278.0,3.73,7.75,16.81,13.93,2.12
1969-06-01,1969,6,Lead,Metals,($/mt),286.0,2.88,9.58,19.67,16.26,1.08
1969-07-01,1969,7,Lead,Metals,($/mt),311.0,8.74,16.04,25.91,14.76,4.86
1969-08-01,1969,8,Lead,Metals,($/mt),316.0,1.61,13.67,26.4,4.98,-0.14
1969-09-01,1969,9,Lead,Metals,($/mt),303.0,-4.11,5.94,20.24,0.66,-2.42
1969-10-01,1969,10,Lead,Metals,($/mt),294.0,-2.97,-5.47,18.55,-11.45,-1.48
1969-11-01,1969,11,Lead,Metals,($/mt),316.0,7.48,0.0,26.91,-13.42,1.86
1969-12-01,1969,12,Lead,Metals,($/mt),334.0,5.7,10.23,33.6,-13.02,1.0
1970-01-01,1970,1,Lead,Metals,($/mt),325.0,-2.69,10.54,27.95,-6.61,-1.39
1970-02-01,1970,2,Lead,Metals,($/mt),341.0,4.92,7.91,32.17,-12.56,0.69
1970-03-01,1970,3,Lead,Metals,($/mt),336.0,-1.47,0.6,28.74,-14.94,-0.95
1970-04-01,1970,4,Lead,Metals,($/mt),321.0,-4.46,-1.23,19.78,-9.07,-1.57
1970-05-01,1970,5,Lead,Metals,($/mt),292.0,-9.03,-14.37,5.04,-3.31,-2.29
1970-06-01,1970,6,Lead,Metals,($/mt),308.0,5.48,-8.33,7.69,10.39,0.9
1970-07-01,1970,7,Lead,Metals,($/mt),301.0,-2.27,-6.23,-3.22,10.66,-0.54
1970-08-01,1970,8,Lead,Metals,($/mt),285.0,-5.32,-2.4,-9.81,4.78,-1.01
1970-09-01,1970,9,Lead,Metals,($/mt),285.0,0.0,-7.47,-5.94,-1.38,0.14
1970-10-01,1970,10,Lead,Metals,($/mt),285.0,0.0,-5.32,-3.06,-7.17,0.07
1970-11-01,1970,11,Lead,Metals,($/mt),280.0,-1.75,-1.75,-11.39,-6.35,-0.32
1970-12-01,1970,12,Lead,Metals,($/mt),277.0,-1.07,-2.81,-17.07,-7.97,-0.04
1971-01-01,1971,1,Lead,Metals,($/mt),263.0,-5.05,-7.72,-19.08,-12.62,-0.89
1971-02-01,1971,2,Lead,Metals,($/mt),266.0,1.14,-5.0,-21.99,-8.9,0.68
1971-03-01,1971,3,Lead,Metals,($/mt),267.0,0.38,-3.61,-20.54,-8.87,0.64
1971-04-01,1971,4,Lead,Metals,($/mt),268.0,0.37,1.9,-16.51,-4.29,0.59
1971-05-01,1971,5,Lead,Metals,($/mt),265.0,-1.12,-0.38,-9.25,1.15,0.08
1971-06-01,1971,6,Lead,Metals,($/mt),273.0,3.02,2.25,-11.36,5.41,1.33
1971-07-01,1971,7,Lead,Metals,($/mt),262.0,-4.03,-2.24,-12.96,-0.38,-1.27
1971-08-01,1971,8,Lead,Metals,($/mt),258.0,-1.53,-2.64,-9.47,6.17,-0.16
1971-09-01,1971,9,Lead,Metals,($/mt),239.0,-7.36,-12.45,-16.14,-5.91,-3.0
1971-10-01,1971,10,Lead,Metals,($/mt),230.0,-3.77,-12.21,-19.3,-1.71,-0.82
1971-11-01,1971,11,Lead,Metals,($/mt),222.0,-3.48,-13.95,-20.71,-0.45,-0.6
1971-12-01,1971,12,Lead,Metals,($/mt),231.0,4.05,-3.35,-16.61,3.12,2.01
1972-01-01,1972,1,Lead,Metals,($/mt),252.0,9.09,9.57,-4.18,14.55,3.09
1972-02-01,1972,2,Lead,Metals,($/mt),294.0,16.67,32.43,10.53,32.43,3.88
1972-03-01,1972,3,Lead,Metals,($/mt),321.0,9.18,38.96,20.22,40.79,1.24
1972-04-01,1972,4,Lead,Metals,($/mt),316.0,-1.56,25.4,17.91,39.21,-0.48
1972-05-01,1972,5,Lead,Metals,($/mt),318.0,0.63,8.16,20.0,40.71,-0.14
1972-06-01,1972,6,Lead,Metals,($/mt),312.0,-1.89,-2.8,14.29,36.84,-0.52
1972-07-01,1972,7,Lead,Metals,($/mt),304.0,-2.56,-3.8,16.03,31.6,-0.55
1972-08-01,1972,8,Lead,Metals,($/mt),298.0,-1.97,-6.29,15.5,28.45,-0.49
1972-09-01,1972,9,Lead,Metals,($/mt),302.0,1.34,-3.21,26.36,33.04,-0.01
1972-10-01,1972,10,Lead,Metals,($/mt),297.0,-1.66,-2.3,29.13,31.42,-0.59
1972-11-01,1972,11,Lead,Metals,($/mt),298.0,0.34,0.0,34.23,23.14,-0.32
1972-12-01,1972,12,Lead,Metals,($/mt),308.0,3.36,1.99,33.33,38.74,0.12
1973-01-01,1973,1,Lead,Metals,($/mt),318.0,3.25,7.07,26.19,45.87,0.11
1973-02-01,1973,2,Lead,Metals,($/mt),340.0,6.92,14.09,15.65,49.12,0.85
1973-03-01,1973,3,Lead,Metals,($/mt),372.0,9.41,20.78,15.89,58.97,2.16
1973-04-01,1973,4,Lead,Metals,($/mt),387.0,4.03,21.7,22.47,64.68,0.72
1973-05-01,1973,5,Lead,Metals,($/mt),396.0,2.33,16.47,24.53,66.39,0.15
1973-06-01,1973,6,Lead,Metals,($/mt),425.0,7.32,14.25,36.22,77.82,1.44
1973-07-01,1973,7,Lead,Metals,($/mt),470.0,10.59,21.45,54.61,90.28,2.06
1973-08-01,1973,8,Lead,Metals,($/mt),448.0,-4.68,13.13,50.34,79.2,-2.07
1973-09-01,1973,9,Lead,Metals,($/mt),445.0,-0.67,4.71,47.35,76.59,-0.94
1973-10-01,1973,10,Lead,Metals,($/mt),472.0,6.07,0.43,58.92,90.32,0.58
1973-11-01,1973,11,Lead,Metals,($/mt),490.0,3.81,9.38,64.43,96.79,-0.05
1973-12-01,1973,12,Lead,Metals,($/mt),594.0,21.22,33.48,92.86,137.6,4.0
1974-01-01,1974,1,Lead,Metals,($/mt),566.0,-4.71,19.92,77.99,122.83,-1.63
1974-02-01,1974,2,Lead,Metals,($/mt),649.0,14.66,32.45,90.88,151.55,1.34
1974-03-01,1974,3,Lead,Metals,($/mt),708.0,9.09,19.19,90.32,171.26,0.44
1974-04-01,1974,4,Lead,Metals,($/mt),702.0,-0.85,24.03,81.4,161.94,-0.87
1974-05-01,1974,5,Lead,Metals,($/mt),669.0,-4.7,3.08,68.94,140.65,-1.29
1974-06-01,1974,6,Lead,Metals,($/mt),570.0,-14.8,-19.49,34.12,99.3,-2.35
1974-07-01,1974,7,Lead,Metals,($/mt),549.0,-3.68,-21.79,16.81,76.53,-0.66
1974-08-01,1974,8,Lead,Metals,($/mt),550.0,0.18,-17.79,22.77,74.05,-0.16
1974-09-01,1974,9,Lead,Metals,($/mt),539.0,-2.0,-5.44,21.12,77.89,-0.43
1974-10-01,1974,10,Lead,Metals,($/mt),537.0,-0.37,-2.19,13.77,82.65,-0.25
1974-11-01,1974,11,Lead,Metals,($/mt),534.0,-0.56,-2.91,8.98,68.99,-0.21
1974-12-01,1974,12,Lead,Metals,($/mt),534.0,0.0,-0.93,-10.1,59.88,-0.12
1975-01-01,1975,1,Lead,Metals,($/mt),538.0,0.75,0.19,-4.95,65.54,0.19
1975-02-01,1975,2,Lead,Metals,($/mt),541.0,0.56,1.31,-16.64,58.65,0.1
1975-03-01,1975,3,Lead,Metals,($/mt),543.0,0.37,1.69,-23.31,61.61,0.32
1975-04-01,1975,4,Lead,Metals,($/mt),480.0,-11.6,-10.78,-31.62,49.53,-2.19
1975-05-01,1975,5,Lead,Metals,($/mt),357.0,-25.62,-34.01,-46.64,22.26,-4.43
1975-06-01,1975,6,Lead,Metals,($/mt),353.0,-1.12,-34.99,-38.07,14.61,0.43
1975-07-01,1975,7,Lead,Metals,($/mt),359.0,1.7,-25.21,-34.61,19.27,0.68
1975-08-01,1975,8,Lead,Metals,($/mt),384.0,6.96,7.56,-30.18,34.74,1.28
1975-09-01,1975,9,Lead,Metals,($/mt),370.0,-3.65,4.82,-31.35,29.82,-0.13
1975-10-01,1975,10,Lead,Metals,($/mt),345.0,-6.76,-3.9,-35.75,21.05,-0.48
1975-11-01,1975,11,Lead,Metals,($/mt),337.0,-2.32,-12.24,-36.89,20.36,0.11
1975-12-01,1975,12,Lead,Metals,($/mt),333.0,-1.19,-10.0,-37.64,20.22,0.26
1976-01-01,1976,1,Lead,Metals,($/mt),337.0,1.2,-2.32,-37.36,28.14,0.56
1976-02-01,1976,2,Lead,Metals,($/mt),348.0,3.26,3.26,-35.67,30.83,0.8
1976-03-01,1976,3,Lead,Metals,($/mt),384.0,10.34,15.32,-29.28,43.82,1.6
1976-04-01,1976,4,Lead,Metals,($/mt),454.0,18.23,34.72,-5.42,69.4,2.21
1976-05-01,1976,5,Lead,Metals,($/mt),483.0,6.39,38.79,35.29,82.26,0.6
1976-06-01,1976,6,Lead,Metals,($/mt),476.0,-1.45,23.96,34.84,74.36,-0.61
1976-07-01,1976,7,Lead,Metals,($/mt),509.0,6.93,12.11,41.78,94.27,0.61
1976-08-01,1976,8,Lead,Metals,($/mt),483.0,-5.11,0.0,25.78,87.21,-1.18
1976-09-01,1976,9,Lead,Metals,($/mt),481.0,-0.41,1.05,30.0,101.26,-0.35
1976-10-01,1976,10,Lead,Metals,($/mt),465.0,-3.33,-8.64,34.78,102.17,-0.81
1976-11-01,1976,11,Lead,Metals,($/mt),459.0,-1.29,-4.97,36.2,106.76,-0.59
1976-12-01,1976,12,Lead,Metals,($/mt),478.0,4.14,-0.62,43.54,106.93,0.2
1977-01-01,1977,1,Lead,Metals,($/mt),560.0,17.15,20.43,66.17,122.22,2.12
1977-02-01,1977,2,Lead,Metals,($/mt),648.0,15.71,41.18,86.21,120.41,1.46
1977-03-01,1977,3,Lead,Metals,($/mt),703.0,8.49,47.07,83.07,119.0,0.35
1977-04-01,1977,4,Lead,Metals,($/mt),648.0,-7.82,15.71,42.73,105.06,-1.62
1977-05-01,1977,5,Lead,Metals,($/mt),661.0,2.01,2.01,36.85,107.86,-0.16
1977-06-01,1977,6,Lead,Metals,($/mt),567.0,-14.22,-19.35,19.12,81.73,-2.18
1977-07-01,1977,7,Lead,Metals,($/mt),562.0,-0.88,-13.27,10.41,84.87,-0.3
1977-08-01,1977,8,Lead,Metals,($/mt),551.0,-1.96,-16.64,14.08,84.9,-0.35
1977-09-01,1977,9,Lead,Metals,($/mt),582.0,5.63,2.65,21.0,92.72,0.46
1977-10-01,1977,10,Lead,Metals,($/mt),615.0,5.67,9.43,32.26,107.07,0.41
1977-11-01,1977,11,Lead,Metals,($/mt),633.0,2.93,14.88,37.91,112.42,0.02
1977-12-01,1977,12,Lead,Metals,($/mt),686.0,8.37,17.87,43.51,122.73,0.6
1978-01-01,1978,1,Lead,Metals,($/mt),664.0,-3.21,7.97,18.57,108.81,-0.74
1978-02-01,1978,2,Lead,Metals,($/mt),582.0,-12.35,-8.06,-10.19,71.18,-1.75
1978-03-01,1978,3,Lead,Metals,($/mt),582.0,0.0,-15.16,-17.21,56.45,0.08
1978-04-01,1978,4,Lead,Metals,($/mt),573.0,-1.55,-13.7,-11.57,48.06,-0.03
1978-05-01,1978,5,Lead,Metals,($/mt),545.0,-4.89,-6.36,-17.55,37.63,-0.6
1978-06-01,1978,6,Lead,Metals,($/mt),570.0,4.59,-2.06,0.53,34.12,0.87
1978-07-01,1978,7,Lead,Metals,($/mt),582.0,2.11,1.57,3.56,23.83,0.34
1978-08-01,1978,8,Lead,Metals,($/mt),639.0,9.79,17.25,15.97,42.63,1.64
1978-09-01,1978,9,Lead,Metals,($/mt),693.0,8.45,21.58,19.07,55.73,1.13
1978-10-01,1978,10,Lead,Metals,($/mt),830.0,19.77,42.61,34.96,75.85,2.8
1978-11-01,1978,11,Lead,Metals,($/mt),824.0,-0.72,28.95,30.17,68.16,-0.43
1978-12-01,1978,12,Lead,Metals,($/mt),859.0,4.25,23.95,25.22,44.61,0.21
1979-01-01,1979,1,Lead,Metals,($/mt),992.0,15.48,19.52,49.4,75.27,1.63
1979-02-01,1979,2,Lead,Metals,($/mt),1055.0,6.35,28.03,81.27,62.56,0.3
1979-03-01,1979,3,Lead,Metals,($/mt),1177.0,11.56,37.02,102.23,66.24,0.87
1979-04-01,1979,4,Lead,Metals,($/mt),1161.0,-1.36,17.04,102.62,65.38,-1.06
1979-05-01,1979,5,Lead,Metals,($/mt),1239.0,6.72,17.44,127.34,85.2,0.06
1979-06-01,1979,6,Lead,Metals,($/mt),1382.0,11.54,17.42,142.46,142.46,0.68
1979-07-01,1979,7,Lead,Metals,($/mt),1272.0,-7.96,9.56,118.56,131.69,-2.5
1979-08-01,1979,8,Lead,Metals,($/mt),1213.0,-4.64,-2.1,89.83,120.55,-1.52
1979-09-01,1979,9,Lead,Metals,($/mt),1231.0,1.48,-10.93,77.63,128.39,-0.52
1979-10-01,1979,10,Lead,Metals,($/mt),1319.0,7.15,3.69,58.92,145.62,0.23
1979-11-01,1979,11,Lead,Metals,($/mt),1225.0,-7.13,0.99,48.67,129.4,-1.6
1979-12-01,1979,12,Lead,Metals,($/mt),1233.0,0.65,0.16,43.54,130.9,-0.39
1980-01-01,1980,1,Lead,Metals,($/mt),1118.0,-9.33,-15.24,12.7,107.81,-1.64
1980-02-01,1980,2,Lead,Metals,($/mt),1168.0,4.47,-4.65,10.71,115.9,0.43
1980-03-01,1980,3,Lead,Metals,($/mt),1121.0,-4.02,-9.08,-4.76,106.45,-0.7
1980-04-01,1980,4,Lead,Metals,($/mt),969.0,-13.56,-13.33,-16.54,101.87,-2.0
1980-05-01,1980,5,Lead,Metals,($/mt),772.0,-20.33,-33.9,-37.69,116.25,-2.47
1980-06-01,1980,6,Lead,Metals,($/mt),739.0,-4.27,-34.08,-46.53,109.35,-0.09
1980-07-01,1980,7,Lead,Metals,($/mt),811.0,9.74,-16.31,-36.24,125.91,1.89
1980-08-01,1980,8,Lead,Metals,($/mt),853.0,5.18,10.49,-29.68,122.14,0.98
1980-09-01,1980,9,Lead,Metals,($/mt),883.0,3.52,19.49,-28.27,138.65,0.67
1980-10-01,1980,10,Lead,Metals,($/mt),879.0,-0.45,8.38,-33.36,154.78,0.21
1980-11-01,1980,11,Lead,Metals,($/mt),813.0,-7.51,-4.69,-33.63,141.25,-0.53
1980-12-01,1980,12,Lead,Metals,($/mt),743.0,-8.61,-15.86,-39.74,123.12,-0.65
1981-01-01,1981,1,Lead,Metals,($/mt),705.0,-5.11,-19.8,-36.94,109.2,-0.16
1981-02-01,1981,2,Lead,Metals,($/mt),689.0,-2.27,-15.25,-41.01,97.99,0.13
1981-03-01,1981,3,Lead,Metals,($/mt),730.0,5.95,-1.75,-34.88,90.1,1.21
1981-04-01,1981,4,Lead,Metals,($/mt),759.0,3.97,7.66,-21.67,67.18,0.82
1981-05-01,1981,5,Lead,Metals,($/mt),697.0,-8.17,1.16,-9.72,44.31,-0.79
1981-06-01,1981,6,Lead,Metals,($/mt),712.0,2.15,-2.47,-3.65,49.58,0.45
1981-07-01,1981,7,Lead,Metals,($/mt),784.0,10.11,3.29,-3.33,54.03,1.66
1981-08-01,1981,8,Lead,Metals,($/mt),824.0,5.1,18.22,-3.4,70.6,0.84
1981-09-01,1981,9,Lead,Metals,($/mt),764.0,-7.28,7.3,-13.48,58.84,-1.15
1981-10-01,1981,10,Lead,Metals,($/mt),717.0,-6.15,-8.55,-18.43,54.19,-0.8
1981-11-01,1981,11,Lead,Metals,($/mt),666.0,-7.11,-19.17,-18.08,45.1,-0.85
1981-12-01,1981,12,Lead,Metals,($/mt),674.0,1.2,-11.78,-9.29,41.0,0.4
1982-01-01,1982,1,Lead,Metals,($/mt),648.0,-3.86,-9.62,-8.09,15.71,-0.52
1982-02-01,1982,2,Lead,Metals,($/mt),618.0,-4.63,-7.21,-10.3,-4.63,-0.67
1982-03-01,1982,3,Lead,Metals,($/mt),613.0,-0.81,-9.05,-16.03,-12.8,-0.01
1982-04-01,1982,4,Lead,Metals,($/mt),575.0,-6.2,-11.27,-24.24,-11.27,-0.84
1982-05-01,1982,5,Lead,Metals,($/mt),575.0,0.0,-6.96,-17.5,-13.01,0.37
1982-06-01,1982,6,Lead,Metals,($/mt),521.0,-9.39,-15.01,-26.83,-8.11,-1.46
1982-07-01,1982,7,Lead,Metals,($/mt),552.0,5.95,-4.0,-29.59,-1.78,1.45
1982-08-01,1982,8,Lead,Metals,($/mt),523.0,-5.25,-9.04,-36.53,-5.08,-0.5
1982-09-01,1982,9,Lead,Metals,($/mt),515.0,-1.53,-1.15,-32.59,-11.51,0.48
1982-10-01,1982,10,Lead,Metals,($/mt),497.0,-3.5,-9.96,-30.68,-19.19,-0.08
1982-11-01,1982,11,Lead,Metals,($/mt),462.0,-7.04,-11.66,-30.63,-27.01,-0.99
1982-12-01,1982,12,Lead,Metals,($/mt),448.0,-3.03,-13.01,-33.53,-34.69,-0.03
1983-01-01,1983,1,Lead,Metals,($/mt),475.0,6.03,-4.43,-26.7,-28.46,2.36
1983-02-01,1983,2,Lead,Metals,($/mt),455.0,-4.21,-1.52,-26.38,-21.82,-0.37
1983-03-01,1983,3,Lead,Metals,($/mt),443.0,-2.64,-1.12,-27.73,-23.88,-0.05
1983-04-01,1983,4,Lead,Metals,($/mt),458.0,3.39,-3.58,-20.35,-20.07,1.26
1983-05-01,1983,5,Lead,Metals,($/mt),433.0,-5.46,-4.84,-24.7,-20.55,-0.76
1983-06-01,1983,6,Lead,Metals,($/mt),408.0,-5.77,-7.9,-21.69,-28.42,-0.72
1983-07-01,1983,7,Lead,Metals,($/mt),403.0,-1.23,-12.01,-26.99,-30.76,0.15
1983-08-01,1983,8,Lead,Metals,($/mt),398.0,-1.24,-8.08,-23.9,-37.72,0.33
1983-09-01,1983,9,Lead,Metals,($/mt),405.0,1.76,-0.74,-21.36,-41.56,1.05
1983-10-01,1983,10,Lead,Metals,($/mt),419.0,3.46,3.97,-15.69,-49.52,1.37
1983-11-01,1983,11,Lead,Metals,($/mt),405.0,-3.34,1.76,-12.34,-50.85,-0.48
1983-12-01,1983,12,Lead,Metals,($/mt),402.0,-0.74,-0.74,-10.27,-53.2,0.07
1984-01-01,1984,1,Lead,Metals,($/mt),398.0,-1.0,-5.01,-16.21,-59.88,-0.04
1984-02-01,1984,2,Lead,Metals,($/mt),405.0,1.76,0.0,-10.99,-61.61,1.02
1984-03-01,1984,3,Lead,Metals,($/mt),460.0,13.58,14.43,3.84,-60.92,4.69
1984-04-01,1984,4,Lead,Metals,($/mt),482.0,4.78,21.11,5.24,-58.48,0.85
1984-05-01,1984,5,Lead,Metals,($/mt),453.0,-6.02,11.85,4.62,-63.44,-1.26
1984-06-01,1984,6,Lead,Metals,($/mt),484.0,6.84,5.22,18.63,-64.98,1.2
1984-07-01,1984,7,Lead,Metals,($/mt),494.0,2.07,2.49,22.58,-61.16,0.1
1984-08-01,1984,8,Lead,Metals,($/mt),467.0,-5.47,3.09,17.34,-61.5,-1.43
1984-09-01,1984,9,Lead,Metals,($/mt),402.0,-13.92,-16.94,-0.74,-67.34,-2.81
1984-10-01,1984,10,Lead,Metals,($/mt),412.0,2.49,-16.6,-1.67,-68.76,0.33
1984-11-01,1984,11,Lead,Metals,($/mt),441.0,7.04,-5.57,8.89,-64.0,0.99
1984-12-01,1984,12,Lead,Metals,($/mt),416.0,-5.67,3.48,3.48,-66.26,-0.92
1985-01-01,1985,1,Lead,Metals,($/mt),421.0,1.2,2.18,5.78,-62.34,0.09
1985-02-01,1985,2,Lead,Metals,($/mt),368.0,-12.59,-16.55,-9.14,-68.49,-1.8
1985-03-01,1985,3,Lead,Metals,($/mt),352.0,-4.35,-15.38,-23.48,-68.6,-0.47
1985-04-01,1985,4,Lead,Metals,($/mt),390.0,10.8,-7.36,-19.09,-59.75,1.8
1985-05-01,1985,5,Lead,Metals,($/mt),376.0,-3.59,2.17,-17.0,-51.3,-0.27
1985-06-01,1985,6,Lead,Metals,($/mt),389.0,3.46,10.51,-19.63,-47.36,0.61
1985-07-01,1985,7,Lead,Metals,($/mt),403.0,3.6,3.33,-18.42,-50.31,0.69
1985-08-01,1985,8,Lead,Metals,($/mt),414.0,2.73,10.11,-11.35,-51.47,0.55
1985-09-01,1985,9,Lead,Metals,($/mt),400.0,-3.38,2.83,-0.5,-54.7,-0.35
1985-10-01,1985,10,Lead,Metals,($/mt),393.0,-1.75,-2.48,-4.61,-55.29,-0.3
1985-11-01,1985,11,Lead,Metals,($/mt),394.0,0.25,-4.83,-10.66,-51.54,0.07
1985-12-01,1985,12,Lead,Metals,($/mt),390.0,-1.02,-2.5,-6.25,-47.51,-0.04
1986-01-01,1986,1,Lead,Metals,($/mt),368.0,-5.64,-6.36,-12.59,-47.8,-0.93
1986-02-01,1986,2,Lead,Metals,($/mt),367.0,-0.27,-6.85,-0.27,-46.73,0.12
1986-03-01,1986,3,Lead,Metals,($/mt),367.0,0.0,-5.9,4.26,-49.73,-0.02
1986-04-01,1986,4,Lead,Metals,($/mt),370.0,0.82,0.54,-5.13,-51.25,0.09
1986-05-01,1986,5,Lead,Metals,($/mt),377.0,1.89,2.72,0.27,-45.91,0.79
1986-06-01,1986,6,Lead,Metals,($/mt),418.0,10.88,13.9,7.46,-41.29,3.91
1986-07-01,1986,7,Lead,Metals,($/mt),380.0,-9.09,2.7,-5.71,-51.53,-2.38
1986-08-01,1986,8,Lead,Metals,($/mt),392.0,3.16,3.98,-5.31,-52.43,0.73
1986-09-01,1986,9,Lead,Metals,($/mt),407.0,3.83,-2.63,1.75,-46.73,0.86
1986-10-01,1986,10,Lead,Metals,($/mt),435.0,6.88,14.47,10.69,-39.33,1.35
1986-11-01,1986,11,Lead,Metals,($/mt),473.0,8.74,20.66,20.05,-28.98,1.49
1986-12-01,1986,12,Lead,Metals,($/mt),518.0,9.51,27.27,32.82,-23.15,1.38
1987-01-01,1987,1,Lead,Metals,($/mt),464.0,-10.42,6.67,26.09,-28.4,-2.16
1987-02-01,1987,2,Lead,Metals,($/mt),460.0,-0.86,-2.75,25.34,-25.57,-0.45
1987-03-01,1987,3,Lead,Metals,($/mt),487.0,5.87,-5.98,32.7,-20.55,0.56
1987-04-01,1987,4,Lead,Metals,($/mt),556.0,14.17,19.83,50.27,-3.3,1.7
1987-05-01,1987,5,Lead,Metals,($/mt),693.0,24.64,50.65,83.82,20.52,2.78
1987-06-01,1987,6,Lead,Metals,($/mt),629.0,-9.24,29.16,50.48,20.73,-1.55
1987-07-01,1987,7,Lead,Metals,($/mt),664.0,5.56,19.42,74.74,20.29,0.16
1987-08-01,1987,8,Lead,Metals,($/mt),659.0,-0.75,-4.91,68.11,26.0,-0.62
1987-09-01,1987,9,Lead,Metals,($/mt),647.0,-1.82,2.86,58.97,25.63,-0.69
1987-10-01,1987,10,Lead,Metals,($/mt),601.0,-7.11,-9.49,38.16,20.93,-1.17
1987-11-01,1987,11,Lead,Metals,($/mt),642.0,6.82,-2.58,35.73,38.96,0.35
1987-12-01,1987,12,Lead,Metals,($/mt),659.0,2.65,1.85,27.22,47.1,-0.04
1988-01-01,1988,1,Lead,Metals,($/mt),667.0,1.21,10.98,43.75,40.42,-0.12
1988-02-01,1988,2,Lead,Metals,($/mt),656.0,-1.65,2.18,42.61,44.18,-0.55
1988-03-01,1988,3,Lead,Metals,($/mt),649.0,-1.07,-1.52,33.26,46.5,-0.48
1988-04-01,1988,4,Lead,Metals,($/mt),649.0,0.0,-2.7,16.73,41.7,-0.3
1988-05-01,1988,5,Lead,Metals,($/mt),668.0,2.93,1.83,-3.61,54.27,0.15
1988-06-01,1988,6,Lead,Metals,($/mt),678.0,1.5,4.47,7.79,66.18,0.37
1988-07-01,1988,7,Lead,Metals,($/mt),619.0,-8.7,-4.62,-6.78,53.6,-2.55
1988-08-01,1988,8,Lead,Metals,($/mt),602.0,-2.75,-9.88,-8.65,51.26,-0.53
1988-09-01,1988,9,Lead,Metals,($/mt),610.0,1.33,-10.03,-5.72,50.62,0.47
1988-10-01,1988,10,Lead,Metals,($/mt),655.0,7.38,5.82,8.99,56.32,1.81
1988-11-01,1988,11,Lead,Metals,($/mt),691.0,5.5,14.78,7.63,70.62,1.1
1988-12-01,1988,12,Lead,Metals,($/mt),731.0,5.79,19.84,10.93,81.84,1.24
1989-01-01,1989,1,Lead,Metals,($/mt),676.0,-7.52,3.21,1.35,69.85,-1.95
1989-02-01,1989,2,Lead,Metals,($/mt),622.0,-7.99,-9.99,-5.18,53.58,-1.65
1989-03-01,1989,3,Lead,Metals,($/mt),589.0,-5.31,-19.43,-9.24,28.04,-0.91
1989-04-01,1989,4,Lead,Metals,($/mt),608.0,3.23,-10.06,-6.32,26.14,0.68
1989-05-01,1989,5,Lead,Metals,($/mt),643.0,5.76,3.38,-3.74,41.94,1.06
1989-06-01,1989,6,Lead,Metals,($/mt),666.0,3.58,13.07,-1.77,37.6,0.62
1989-07-01,1989,7,Lead,Metals,($/mt),692.0,3.9,13.82,11.79,40.08,0.64
1989-08-01,1989,8,Lead,Metals,($/mt),702.0,1.45,9.18,16.61,50.32,0.07
1989-09-01,1989,9,Lead,Metals,($/mt),728.0,3.7,9.31,19.34,81.09,0.42
1989-10-01,1989,10,Lead,Metals,($/mt),752.0,3.3,8.67,14.81,82.52,0.31
1989-11-01,1989,11,Lead,Metals,($/mt),693.0,-7.85,-1.28,0.29,57.14,-1.78
1989-12-01,1989,12,Lead,Metals,($/mt),711.0,2.6,-2.34,-2.74,70.91,0.44
1990-01-01,1990,1,Lead,Metals,($/mt),708.0,-0.42,-5.85,4.73,68.17,-0.06
1990-02-01,1990,2,Lead,Metals,($/mt),780.0,10.17,12.55,25.4,111.96,2.01
1990-03-01,1990,3,Lead,Metals,($/mt),1062.0,36.15,49.37,80.31,201.7,7.16
1990-04-01,1990,4,Lead,Metals,($/mt),836.0,-21.28,18.08,37.5,114.36,-2.54
1990-05-01,1990,5,Lead,Metals,($/mt),826.0,-1.2,5.9,28.46,119.68,-0.35
1990-06-01,1990,6,Lead,Metals,($/mt),838.0,1.45,-21.09,25.83,115.42,-0.11
1990-07-01,1990,7,Lead,Metals,($/mt),875.0,4.42,4.67,26.45,117.12,0.13
1990-08-01,1990,8,Lead,Metals,($/mt),876.0,0.11,6.05,24.79,111.59,-0.2
1990-09-01,1990,9,Lead,Metals,($/mt),839.0,-4.22,0.12,15.25,109.75,-0.52
1990-10-01,1990,10,Lead,Metals,($/mt),761.0,-9.3,-13.03,1.2,93.64,-0.85
1990-11-01,1990,11,Lead,Metals,($/mt),701.0,-7.88,-19.98,1.15,77.92,-0.64
1990-12-01,1990,12,Lead,Metals,($/mt),625.0,-10.84,-25.51,-12.1,60.26,-0.86
1991-01-01,1991,1,Lead,Metals,($/mt),600.0,-4.0,-21.16,-15.25,63.04,-0.27
1991-02-01,1991,2,Lead,Metals,($/mt),594.0,-1.0,-15.26,-23.85,61.85,-0.03
1991-03-01,1991,3,Lead,Metals,($/mt),603.0,1.52,-3.52,-43.22,64.31,0.22
1991-04-01,1991,4,Lead,Metals,($/mt),601.0,-0.33,0.17,-28.11,62.43,0.57
1991-05-01,1991,5,Lead,Metals,($/mt),555.0,-7.65,-6.57,-32.81,47.21,-1.07
1991-06-01,1991,6,Lead,Metals,($/mt),549.0,-1.08,-8.96,-34.49,31.34,0.42
1991-07-01,1991,7,Lead,Metals,($/mt),548.0,-0.18,-8.82,-37.37,44.21,0.67
1991-08-01,1991,8,Lead,Metals,($/mt),540.0,-1.46,-2.7,-38.36,37.76,0.54
1991-09-01,1991,9,Lead,Metals,($/mt),540.0,0.0,-1.64,-35.64,32.68,0.94
1991-10-01,1991,10,Lead,Metals,($/mt),522.0,-3.33,-4.74,-31.41,20.0,0.04
1991-11-01,1991,11,Lead,Metals,($/mt),506.0,-3.07,-6.3,-27.82,6.98,-0.01
1991-12-01,1991,12,Lead,Metals,($/mt),532.0,5.14,-1.48,-14.88,2.7,2.2
1992-01-01,1992,1,Lead,Metals,($/mt),515.0,-3.2,-1.34,-14.17,10.99,-0.61
1992-02-01,1992,2,Lead,Metals,($/mt),505.0,-1.94,-0.2,-14.98,9.78,-0.23
1992-03-01,1992,3,Lead,Metals,($/mt),521.0,3.17,-2.07,-13.6,6.98,1.45
1992-04-01,1992,4,Lead,Metals,($/mt),533.0,2.3,3.5,-11.31,-4.14,1.06
1992-05-01,1992,5,Lead,Metals,($/mt),520.0,-2.44,2.97,-6.31,-24.96,-0.44
1992-06-01,1992,6,Lead,Metals,($/mt),548.0,5.38,5.18,-0.18,-12.88,2.15
1992-07-01,1992,7,Lead,Metals,($/mt),626.0,14.23,17.45,14.23,-5.72,4.42
1992-08-01,1992,8,Lead,Metals,($/mt),655.0,4.63,25.96,21.3,-0.61,0.65
1992-09-01,1992,9,Lead,Metals,($/mt),621.0,-5.19,13.32,15.0,-4.02,-1.33
1992-10-01,1992,10,Lead,Metals,($/mt),537.0,-13.53,-14.22,2.87,-10.65,-2.66
1992-11-01,1992,11,Lead,Metals,($/mt),460.0,-14.34,-29.77,-9.09,-28.35,-2.13
1992-12-01,1992,12,Lead,Metals,($/mt),455.0,-1.09,-26.73,-14.47,-30.96,-0.07
1993-01-01,1993,1,Lead,Metals,($/mt),437.0,-3.96,-18.62,-15.15,-34.48,-0.37
1993-02-01,1993,2,Lead,Metals,($/mt),414.0,-5.26,-10.0,-18.02,-36.89,-0.53
1993-03-01,1993,3,Lead,Metals,($/mt),406.0,-1.93,-10.77,-22.07,-37.44,-0.07
1993-04-01,1993,4,Lead,Metals,($/mt),421.0,3.69,-3.66,-21.01,-35.13,0.69
1993-05-01,1993,5,Lead,Metals,($/mt),407.0,-3.33,-1.69,-21.73,-39.07,-0.21
1993-06-01,1993,6,Lead,Metals,($/mt),394.0,-3.19,-2.96,-28.1,-41.89,-0.18
1993-07-01,1993,7,Lead,Metals,($/mt),388.0,-1.52,-7.84,-38.02,-37.32,0.12
1993-08-01,1993,8,Lead,Metals,($/mt),388.0,0.0,-4.67,-40.76,-35.55,0.66
1993-09-01,1993,9,Lead,Metals,($/mt),376.0,-3.09,-4.57,-39.45,-38.36,0.2
1993-10-01,1993,10,Lead,Metals,($/mt),384.0,2.13,-1.03,-28.49,-41.37,1.18
1993-11-01,1993,11,Lead,Metals,($/mt),400.0,4.17,3.09,-13.04,-42.11,1.52
1993-12-01,1993,12,Lead,Metals,($/mt),461.0,15.25,22.61,1.32,-36.94,5.37
1994-01-01,1994,1,Lead,Metals,($/mt),490.0,6.29,27.6,12.13,-27.51,1.08
1994-02-01,1994,2,Lead,Metals,($/mt),485.0,-1.02,21.25,17.15,-22.03,-0.37
1994-03-01,1994,3,Lead,Metals,($/mt),452.0,-6.8,-1.95,11.33,-23.26,-1.53
1994-04-01,1994,4,Lead,Metals,($/mt),440.0,-2.65,-10.2,4.51,-27.63,-0.63
1994-05-01,1994,5,Lead,Metals,($/mt),474.0,7.73,-2.27,16.46,-26.28,1.23
1994-06-01,1994,6,Lead,Metals,($/mt),525.0,10.76,16.15,33.25,-21.17,1.54
1994-07-01,1994,7,Lead,Metals,($/mt),580.0,10.48,31.82,49.48,-16.18,1.22
1994-08-01,1994,8,Lead,Metals,($/mt),571.0,-1.55,20.46,47.16,-18.66,-0.77
1994-09-01,1994,9,Lead,Metals,($/mt),614.0,7.53,16.95,63.3,-15.66,0.6
1994-10-01,1994,10,Lead,Metals,($/mt),642.0,4.56,10.69,67.19,-14.63,0.03
1994-11-01,1994,11,Lead,Metals,($/mt),667.0,3.89,16.81,66.75,-3.75,-0.1
1994-12-01,1994,12,Lead,Metals,($/mt),634.0,-4.95,3.26,37.53,-10.83,-1.47
1995-01-01,1995,1,Lead,Metals,($/mt),667.0,5.21,3.89,36.12,-5.79,0.39
1995-02-01,1995,2,Lead,Metals,($/mt),580.0,-13.04,-13.04,19.59,-25.64,-2.64
1995-03-01,1995,3,Lead,Metals,($/mt),586.0,1.03,-7.57,29.65,-44.82,-0.1
1995-04-01,1995,4,Lead,Metals,($/mt),609.0,3.92,-8.7,38.41,-27.15,0.22
1995-05-01,1995,5,Lead,Metals,($/mt),597.0,-1.97,2.93,25.95,-27.72,-0.72
1995-06-01,1995,6,Lead,Metals,($/mt),612.0,2.51,4.44,16.57,-26.97,0.05
1995-07-01,1995,7,Lead,Metals,($/mt),622.0,1.63,2.13,7.24,-28.91,0.03
1995-08-01,1995,8,Lead,Metals,($/mt),624.0,0.32,4.52,9.28,-28.77,-0.07
1995-09-01,1995,9,Lead,Metals,($/mt),593.0,-4.97,-3.1,-3.42,-29.32,-1.06
1995-10-01,1995,10,Lead,Metals,($/mt),639.0,7.76,2.73,-0.47,-16.03,1.49
1995-11-01,1995,11,Lead,Metals,($/mt),714.0,11.74,14.42,7.05,1.85,2.06
1995-12-01,1995,12,Lead,Metals,($/mt),732.0,2.52,23.44,15.46,17.12,0.27
1996-01-01,1996,1,Lead,Metals,($/mt),710.0,-3.01,11.11,6.45,18.33,-0.7
1996-02-01,1996,2,Lead,Metals,($/mt),770.0,8.45,7.84,32.76,29.63,1.24
1996-03-01,1996,3,Lead,Metals,($/mt),818.0,6.23,11.75,39.59,35.66,0.76
1996-04-01,1996,4,Lead,Metals,($/mt),815.0,-0.37,14.79,33.83,35.61,-0.66
1996-05-01,1996,5,Lead,Metals,($/mt),840.0,3.07,9.09,40.7,51.35,0.1
1996-06-01,1996,6,Lead,Metals,($/mt),797.0,-5.12,-2.57,30.23,45.17,-1.67
1996-07-01,1996,7,Lead,Metals,($/mt),784.0,-1.63,-3.8,26.05,43.07,-0.74
1996-08-01,1996,8,Lead,Metals,($/mt),816.0,4.08,-2.86,30.77,51.11,0.36
1996-09-01,1996,9,Lead,Metals,($/mt),796.0,-2.45,-0.13,34.23,47.41,-0.88
1996-10-01,1996,10,Lead,Metals,($/mt),742.0,-6.78,-5.36,16.12,42.15,-1.79
1996-11-01,1996,11,Lead,Metals,($/mt),717.0,-3.37,-12.13,0.42,41.7,-0.85
1996-12-01,1996,12,Lead,Metals,($/mt),689.0,-3.91,-13.44,-5.87,29.51,-0.86
1997-01-01,1997,1,Lead,Metals,($/mt),692.0,0.44,-6.74,-2.54,34.37,0.17
1997-02-01,1997,2,Lead,Metals,($/mt),660.0,-4.62,-7.95,-14.29,30.69,-0.96
1997-03-01,1997,3,Lead,Metals,($/mt),695.0,5.3,0.87,-15.04,33.4,1.62
1997-04-01,1997,4,Lead,Metals,($/mt),643.0,-7.48,-7.08,-21.1,20.64,-1.61
1997-05-01,1997,5,Lead,Metals,($/mt),619.0,-3.73,-6.21,-26.31,19.04,-0.44
1997-06-01,1997,6,Lead,Metals,($/mt),615.0,-0.65,-11.51,-22.84,12.23,0.45
1997-07-01,1997,7,Lead,Metals,($/mt),634.0,3.09,-1.4,-19.13,1.28,1.32
1997-08-01,1997,8,Lead,Metals,($/mt),608.0,-4.1,-1.78,-25.49,-7.18,-0.58
1997-09-01,1997,9,Lead,Metals,($/mt),634.0,4.28,3.09,-20.35,2.09,1.75
1997-10-01,1997,10,Lead,Metals,($/mt),600.0,-5.36,-5.36,-19.14,11.73,-0.84
1997-11-01,1997,11,Lead,Metals,($/mt),563.0,-6.17,-7.4,-21.48,22.39,-1.09
1997-12-01,1997,12,Lead,Metals,($/mt),527.0,-6.39,-16.88,-23.51,15.82,-1.04
1998-01-01,1998,1,Lead,Metals,($/mt),532.0,0.95,-11.33,-23.12,21.74,0.69
1998-02-01,1998,2,Lead,Metals,($/mt),516.0,-3.01,-8.35,-21.82,24.64,-0.21
1998-03-01,1998,3,Lead,Metals,($/mt),560.0,8.53,6.26,-19.42,37.93,2.36
1998-04-01,1998,4,Lead,Metals,($/mt),573.0,2.32,7.71,-10.89,36.1,0.8
1998-05-01,1998,5,Lead,Metals,($/mt),544.0,-5.06,5.43,-12.12,33.66,-0.89
1998-06-01,1998,6,Lead,Metals,($/mt),528.0,-2.94,-5.71,-14.15,34.01,-0.41
1998-07-01,1998,7,Lead,Metals,($/mt),546.0,3.41,-4.71,-13.88,40.72,0.94
1998-08-01,1998,8,Lead,Metals,($/mt),537.0,-1.65,-1.29,-11.68,38.4,-0.11
1998-09-01,1998,9,Lead,Metals,($/mt),520.0,-3.17,-1.52,-17.98,38.3,-0.47
1998-10-01,1998,10,Lead,Metals,($/mt),493.0,-5.19,-9.71,-17.83,28.39,-0.81
1998-11-01,1998,11,Lead,Metals,($/mt),494.0,0.2,-8.01,-12.26,23.5,0.38
1998-12-01,1998,12,Lead,Metals,($/mt),501.0,1.42,-3.65,-4.93,8.68,0.56
1999-01-01,1999,1,Lead,Metals,($/mt),492.0,-1.8,-0.2,-7.52,0.41,-0.36
1999-02-01,1999,2,Lead,Metals,($/mt),514.0,4.47,4.05,-0.39,5.98,1.27
1999-03-01,1999,3,Lead,Metals,($/mt),508.0,-1.17,1.4,-9.29,12.39,-0.29
1999-04-01,1999,4,Lead,Metals,($/mt),519.0,2.17,5.49,-9.42,17.95,0.92
1999-05-01,1999,5,Lead,Metals,($/mt),542.0,4.43,5.45,-0.37,14.35,1.65
1999-06-01,1999,6,Lead,Metals,($/mt),496.0,-8.49,-2.36,-6.06,-5.52,-2.68
1999-07-01,1999,7,Lead,Metals,($/mt),496.0,0.0,-4.43,-9.16,-14.48,0.11
1999-08-01,1999,8,Lead,Metals,($/mt),503.0,1.41,-7.2,-6.33,-11.91,0.57
1999-09-01,1999,9,Lead,Metals,($/mt),507.0,0.8,2.22,-2.5,-17.43,0.33
1999-10-01,1999,10,Lead,Metals,($/mt),497.0,-1.97,0.2,0.81,-22.59,-0.49
1999-11-01,1999,11,Lead,Metals,($/mt),478.0,-3.82,-4.97,-3.24,-28.34,-1.15
1999-12-01,1999,12,Lead,Metals,($/mt),479.0,0.21,-5.52,-4.39,-24.45,0.12
2000-01-01,2000,1,Lead,Metals,($/mt),472.0,-1.46,-5.03,-4.07,-29.24,-0.32
2000-02-01,2000,2,Lead,Metals,($/mt),452.0,-4.24,-5.44,-12.06,-22.07,-1.11
2000-03-01,2000,3,Lead,Metals,($/mt),441.0,-2.43,-7.93,-13.19,-24.74,-0.42
2000-04-01,2000,4,Lead,Metals,($/mt),421.0,-4.54,-10.81,-18.88,-30.87,-1.0
2000-05-01,2000,5,Lead,Metals,($/mt),412.0,-2.14,-8.85,-23.99,-30.99,-0.14
2000-06-01,2000,6,Lead,Metals,($/mt),420.0,1.94,-4.76,-15.32,-31.37,1.5
2000-07-01,2000,7,Lead,Metals,($/mt),452.0,7.62,7.36,-8.87,-27.33,4.05
2000-08-01,2000,8,Lead,Metals,($/mt),473.0,4.65,14.81,-5.96,-24.2,1.57
2000-09-01,2000,9,Lead,Metals,($/mt),487.0,2.96,15.95,-3.94,-17.88,0.92
2000-10-01,2000,10,Lead,Metals,($/mt),486.0,-0.21,7.52,-2.21,-23.94,0.02
2000-11-01,2000,11,Lead,Metals,($/mt),468.0,-3.7,-1.06,-2.09,-34.45,-0.95
2000-12-01,2000,12,Lead,Metals,($/mt),462.0,-1.28,-5.13,-3.55,-36.89,-0.31
2001-01-01,2001,1,Lead,Metals,($/mt),478.0,3.46,-1.65,1.27,-32.68,0.98
2001-02-01,2001,2,Lead,Metals,($/mt),502.0,5.02,7.26,11.06,-34.81,1.24
2001-03-01,2001,3,Lead,Metals,($/mt),498.0,-0.8,7.79,12.93,-39.12,-0.45
2001-04-01,2001,4,Lead,Metals,($/mt),478.0,-4.02,0.0,13.54,-41.35,-1.35
2001-05-01,2001,5,Lead,Metals,($/mt),467.0,-2.3,-6.97,13.35,-44.4,-0.93
2001-06-01,2001,6,Lead,Metals,($/mt),444.0,-4.93,-10.84,5.71,-44.29,-1.62
2001-07-01,2001,7,Lead,Metals,($/mt),462.0,4.05,-3.35,2.21,-41.07,0.86
2001-08-01,2001,8,Lead,Metals,($/mt),483.0,4.55,3.43,2.11,-40.81,1.19
2001-09-01,2001,9,Lead,Metals,($/mt),465.0,-3.73,4.73,-4.52,-41.58,-1.09
2001-10-01,2001,10,Lead,Metals,($/mt),468.0,0.65,1.3,-3.7,-36.93,0.26
2001-11-01,2001,11,Lead,Metals,($/mt),487.0,4.06,0.83,4.06,-32.08,1.17
2001-12-01,2001,12,Lead,Metals,($/mt),483.0,-0.82,3.87,4.55,-29.9,-0.33
2002-01-01,2002,1,Lead,Metals,($/mt),513.0,6.21,9.62,7.32,-25.87,1.57
2002-02-01,2002,2,Lead,Metals,($/mt),480.0,-6.43,-1.44,-4.38,-27.27,-1.79
2002-03-01,2002,3,Lead,Metals,($/mt),480.0,0.0,-0.62,-3.61,-30.94,0.07
2002-04-01,2002,4,Lead,Metals,($/mt),472.0,-1.67,-7.99,-1.26,-26.59,-0.34
2002-05-01,2002,5,Lead,Metals,($/mt),452.0,-4.24,-5.83,-3.21,-26.98,-1.04
2002-06-01,2002,6,Lead,Metals,($/mt),440.0,-2.65,-8.33,-0.9,-28.46,-0.59
2002-07-01,2002,7,Lead,Metals,($/mt),446.0,1.36,-5.51,-3.46,-29.65,0.34
2002-08-01,2002,8,Lead,Metals,($/mt),423.0,-5.16,-6.42,-12.42,-30.43,-1.29
2002-09-01,2002,9,Lead,Metals,($/mt),421.0,-0.47,-4.32,-9.46,-33.6,0.15
2002-10-01,2002,10,Lead,Metals,($/mt),418.0,-0.71,-6.28,-10.68,-30.33,0.01
2002-11-01,2002,11,Lead,Metals,($/mt),442.0,5.74,4.49,-9.24,-21.49,1.82
2002-12-01,2002,12,Lead,Metals,($/mt),444.0,0.45,5.46,-8.07,-15.75,0.31
2003-01-01,2003,1,Lead,Metals,($/mt),445.0,0.23,6.46,-13.26,-16.35,0.22
2003-02-01,2003,2,Lead,Metals,($/mt),476.0,6.97,7.69,-0.83,-7.75,2.49
2003-03-01,2003,3,Lead,Metals,($/mt),457.0,-3.99,2.93,-4.79,-18.39,-1.12
2003-04-01,2003,4,Lead,Metals,($/mt),437.0,-4.38,-1.8,-7.42,-23.73,-1.08
2003-05-01,2003,5,Lead,Metals,($/mt),464.0,6.18,-2.52,2.65,-14.71,1.73
2003-06-01,2003,6,Lead,Metals,($/mt),468.0,0.86,2.41,6.36,-11.36,0.14
2003-07-01,2003,7,Lead,Metals,($/mt),515.0,10.04,17.85,15.47,-5.68,2.33
2003-08-01,2003,8,Lead,Metals,($/mt),497.0,-3.5,7.11,17.49,-7.45,-0.98
2003-09-01,2003,9,Lead,Metals,($/mt),521.0,4.83,11.32,23.75,0.19,0.72
2003-10-01,2003,10,Lead,Metals,($/mt),587.0,12.67,13.98,40.43,19.07,2.26
2003-11-01,2003,11,Lead,Metals,($/mt),622.0,5.96,25.15,40.72,25.91,0.53
2003-12-01,2003,12,Lead,Metals,($/mt),692.0,11.25,32.82,55.86,38.12,1.47
2004-01-01,2004,1,Lead,Metals,($/mt),758.0,9.54,29.13,70.34,54.07,0.93
2004-02-01,2004,2,Lead,Metals,($/mt),888.0,17.15,42.77,86.55,72.76,2.05
2004-03-01,2004,3,Lead,Metals,($/mt),886.0,-0.23,28.03,93.87,74.41,-0.82
2004-04-01,2004,4,Lead,Metals,($/mt),754.0,-14.9,-0.53,72.54,45.28,-3.11
2004-05-01,2004,5,Lead,Metals,($/mt),809.0,7.29,-8.9,74.35,49.26,0.27
2004-06-01,2004,6,Lead,Metals,($/mt),870.0,7.54,-1.81,85.9,75.4,0.29
2004-07-01,2004,7,Lead,Metals,($/mt),940.0,8.05,24.67,82.52,89.52,0.28
2004-08-01,2004,8,Lead,Metals,($/mt),922.0,-1.91,13.97,85.51,83.3,-0.88
2004-09-01,2004,9,Lead,Metals,($/mt),935.0,1.41,7.47,79.46,84.42,-0.51
2004-10-01,2004,10,Lead,Metals,($/mt),933.0,-0.21,-0.74,58.94,87.73,-0.66
2004-11-01,2004,11,Lead,Metals,($/mt),968.0,3.75,4.99,55.63,102.51,-0.06
2004-12-01,2004,12,Lead,Metals,($/mt),975.0,0.72,4.28,40.9,103.55,-0.41
2005-01-01,2005,1,Lead,Metals,($/mt),953.0,-2.26,2.14,25.73,101.91,-0.69
2005-02-01,2005,2,Lead,Metals,($/mt),978.0,2.62,1.03,10.14,116.37,0.05
2005-03-01,2005,3,Lead,Metals,($/mt),1004.0,2.66,2.97,13.32,127.66,0.27
2005-04-01,2005,4,Lead,Metals,($/mt),986.0,-1.79,3.46,30.77,134.2,-0.49
2005-05-01,2005,5,Lead,Metals,($/mt),988.0,0.2,1.02,22.13,139.81,-0.57
2005-06-01,2005,6,Lead,Metals,($/mt),986.0,-0.2,-1.79,13.33,134.76,-0.57
2005-07-01,2005,7,Lead,Metals,($/mt),854.0,-13.39,-13.39,-9.15,88.94,-4.97
2005-08-01,2005,8,Lead,Metals,($/mt),887.0,3.86,-10.22,-3.8,87.53,1.03
2005-09-01,2005,9,Lead,Metals,($/mt),933.0,5.19,-5.38,-0.21,91.58,1.18
2005-10-01,2005,10,Lead,Metals,($/mt),1005.0,7.72,17.68,7.72,106.79,1.57
2005-11-01,2005,11,Lead,Metals,($/mt),1018.0,1.29,14.77,5.17,117.52,0.1
2005-12-01,2005,12,Lead,Metals,($/mt),1124.0,10.41,20.47,15.28,143.29,1.88
2006-01-01,2006,1,Lead,Metals,($/mt),1256.0,11.74,24.98,31.79,162.76,1.74
2006-02-01,2006,2,Lead,Metals,($/mt),1277.0,1.67,25.44,30.57,154.38,-0.13
2006-03-01,2006,3,Lead,Metals,($/mt),1192.0,-6.66,6.05,18.73,139.36,-1.39
2006-04-01,2006,4,Lead,Metals,($/mt),1170.0,-1.85,-6.85,18.66,144.77,-0.5
2006-05-01,2006,5,Lead,Metals,($/mt),1167.0,-0.26,-8.61,18.12,149.89,-0.27
2006-06-01,2006,6,Lead,Metals,($/mt),964.0,-17.4,-19.13,-2.23,117.12,-2.7
2006-07-01,2006,7,Lead,Metals,($/mt),1052.0,9.13,-10.09,23.19,127.71,1.0
2006-08-01,2006,8,Lead,Metals,($/mt),1174.0,11.6,0.6,32.36,143.06,1.17
2006-09-01,2006,9,Lead,Metals,($/mt),1342.0,14.31,39.21,43.84,188.6,1.35
2006-10-01,2006,10,Lead,Metals,($/mt),1531.0,14.08,45.53,52.34,227.14,1.15
2006-11-01,2006,11,Lead,Metals,($/mt),1625.0,6.14,38.42,59.63,233.68,0.22
2006-12-01,2006,12,Lead,Metals,($/mt),1726.0,6.22,28.61,53.56,257.35,0.19
2007-01-01,2007,1,Lead,Metals,($/mt),1666.0,-3.48,8.82,32.64,224.76,-0.79
2007-02-01,2007,2,Lead,Metals,($/mt),1780.0,6.84,9.54,39.39,270.83,0.43
2007-03-01,2007,3,Lead,Metals,($/mt),1914.0,7.53,10.89,60.57,298.75,0.46
2007-04-01,2007,4,Lead,Metals,($/mt),2001.0,4.55,20.11,71.03,323.94,0.02
2007-05-01,2007,5,Lead,Metals,($/mt),2101.0,5.0,18.03,80.03,364.82,0.01
2007-06-01,2007,6,Lead,Metals,($/mt),2425.0,15.42,26.7,151.56,451.14,1.17
2007-07-01,2007,7,Lead,Metals,($/mt),3083.0,27.13,54.07,193.06,591.26,3.6
2007-08-01,2007,8,Lead,Metals,($/mt),3119.0,1.17,48.45,165.67,637.35,-1.11
2007-09-01,2007,9,Lead,Metals,($/mt),3227.0,3.46,33.07,140.46,666.51,-0.66
2007-10-01,2007,10,Lead,Metals,($/mt),3720.0,15.28,20.66,142.98,789.95,0.94
2007-11-01,2007,11,Lead,Metals,($/mt),3328.0,-10.54,6.7,104.8,652.94,-2.31
2007-12-01,2007,12,Lead,Metals,($/mt),2596.0,-22.0,-19.55,50.41,484.68,-2.97
2008-01-01,2008,1,Lead,Metals,($/mt),2608.0,0.46,-29.89,56.54,486.07,-0.29
2008-02-01,2008,2,Lead,Metals,($/mt),3080.0,18.1,-7.45,73.03,547.06,1.09
2008-03-01,2008,3,Lead,Metals,($/mt),3009.0,-2.31,15.91,57.21,558.42,-0.59
2008-04-01,2008,4,Lead,Metals,($/mt),2823.0,-6.18,8.24,41.08,546.0,-0.82
2008-05-01,2008,5,Lead,Metals,($/mt),2235.0,-20.83,-27.44,6.38,381.68,-1.8
2008-06-01,2008,6,Lead,Metals,($/mt),1863.0,-16.64,-38.09,-23.18,298.08,-1.19
2008-07-01,2008,7,Lead,Metals,($/mt),1945.0,4.4,-31.1,-36.91,277.67,0.35
2008-08-01,2008,8,Lead,Metals,($/mt),1924.0,-1.08,-13.91,-38.31,287.12,0.15
2008-09-01,2008,9,Lead,Metals,($/mt),1868.0,-2.91,0.27,-42.11,258.54,0.02
2008-10-01,2008,10,Lead,Metals,($/mt),1480.0,-20.77,-23.91,-60.22,152.13,-1.34
2008-11-01,2008,11,Lead,Metals,($/mt),1291.0,-12.77,-32.9,-61.21,107.56,-0.5
2008-12-01,2008,12,Lead,Metals,($/mt),963.0,-25.41,-48.45,-62.9,39.16,-1.53
2009-01-01,2009,1,Lead,Metals,($/mt),1133.0,17.65,-23.45,-56.56,49.47,1.98
2009-02-01,2009,2,Lead,Metals,($/mt),1101.0,-2.82,-14.72,-64.25,23.99,0.2
2009-03-01,2009,3,Lead,Metals,($/mt),1239.0,12.53,28.66,-58.82,39.84,1.62
2009-04-01,2009,4,Lead,Metals,($/mt),1383.0,11.62,22.07,-51.01,83.42,1.32
2009-05-01,2009,5,Lead,Metals,($/mt),1440.0,4.12,30.79,-35.57,78.0,0.61
2009-06-01,2009,6,Lead,Metals,($/mt),1674.0,16.25,35.11,-10.14,92.41,1.37
2009-07-01,2009,7,Lead,Metals,($/mt),1679.0,0.3,21.4,-13.68,78.62,0.02
2009-08-01,2009,8,Lead,Metals,($/mt),1900.0,13.16,31.94,-1.25,106.07,0.96
2009-09-01,2009,9,Lead,Metals,($/mt),2205.0,16.05,31.72,18.04,135.83,1.05
2009-10-01,2009,10,Lead,Metals,($/mt),2241.0,1.63,33.47,51.42,140.19,-0.06
2009-11-01,2009,11,Lead,Metals,($/mt),2309.0,3.03,21.53,78.85,138.53,-0.1
2009-12-01,2009,12,Lead,Metals,($/mt),2329.0,0.87,5.62,141.85,138.87,-0.4
2010-01-01,2010,1,Lead,Metals,($/mt),2368.0,1.67,5.67,109.0,148.48,-0.84
2010-02-01,2010,2,Lead,Metals,($/mt),2124.0,-10.3,-8.01,92.92,117.18,-2.46
2010-03-01,2010,3,Lead,Metals,($/mt),2172.0,2.26,-6.74,75.3,116.33,-0.46
2010-04-01,2010,4,Lead,Metals,($/mt),2265.0,4.28,-4.35,63.77,129.72,-0.1
2010-05-01,2010,5,Lead,Metals,($/mt),1883.0,-16.87,-11.35,30.76,90.59,-2.84
2010-06-01,2010,6,Lead,Metals,($/mt),1704.0,-9.51,-21.55,1.79,72.82,-1.26
2010-07-01,2010,7,Lead,Metals,($/mt),1837.0,7.81,-18.9,9.41,115.11,0.78
2010-08-01,2010,8,Lead,Metals,($/mt),2075.0,12.96,10.2,9.21,133.93,1.24
2010-09-01,2010,9,Lead,Metals,($/mt),2184.0,5.25,28.17,-0.95,134.08,0.43
2010-10-01,2010,10,Lead,Metals,($/mt),2380.0,8.97,29.56,6.2,136.82,1.04
2010-11-01,2010,11,Lead,Metals,($/mt),2377.0,-0.13,14.55,2.94,133.5,-0.11
2010-12-01,2010,12,Lead,Metals,($/mt),2413.0,1.51,10.49,3.61,114.68,0.1
2011-01-01,2011,1,Lead,Metals,($/mt),2602.0,7.83,9.33,9.88,107.17,0.82
2011-02-01,2011,2,Lead,Metals,($/mt),2587.0,-0.58,8.83,21.8,102.58,-0.19
2011-03-01,2011,3,Lead,Metals,($/mt),2624.0,1.43,8.74,20.81,120.13,-0.07
2011-04-01,2011,4,Lead,Metals,($/mt),2701.0,2.93,3.8,19.25,130.85,0.12
2011-05-01,2011,5,Lead,Metals,($/mt),2428.0,-10.11,-6.15,28.94,108.05,-1.44
2011-06-01,2011,6,Lead,Metals,($/mt),2525.0,4.0,-3.77,48.18,161.93,0.23
2011-07-01,2011,7,Lead,Metals,($/mt),2681.0,6.18,-0.74,45.94,154.85,0.46
2011-08-01,2011,8,Lead,Metals,($/mt),2397.0,-10.59,-1.28,15.52,104.17,-2.4
2011-09-01,2011,9,Lead,Metals,($/mt),2288.0,-4.55,-9.39,4.76,70.49,-0.95
2011-10-01,2011,10,Lead,Metals,($/mt),1960.0,-14.34,-26.89,-17.65,28.02,-2.36
2011-11-01,2011,11,Lead,Metals,($/mt),1994.0,1.73,-16.81,-16.11,22.71,0.44
2011-12-01,2011,12,Lead,Metals,($/mt),2022.0,1.4,-11.63,-16.2,17.15,0.37
2012-01-01,2012,1,Lead,Metals,($/mt),2096.0,3.66,6.94,-19.45,25.81,0.69
2012-02-01,2012,2,Lead,Metals,($/mt),2121.0,1.19,6.37,-18.01,19.16,0.41
2012-03-01,2012,3,Lead,Metals,($/mt),2057.0,-3.02,1.73,-21.61,7.47,-0.24
2012-04-01,2012,4,Lead,Metals,($/mt),2071.0,0.68,-1.19,-23.32,3.5,0.37
2012-05-01,2012,5,Lead,Metals,($/mt),2013.0,-2.8,-5.09,-17.09,-4.19,-0.12
2012-06-01,2012,6,Lead,Metals,($/mt),1854.0,-7.9,-9.87,-26.57,-23.55,-1.07
2012-07-01,2012,7,Lead,Metals,($/mt),1881.0,1.46,-9.17,-29.84,-38.99,0.63
2012-08-01,2012,8,Lead,Metals,($/mt),1901.0,1.06,-5.56,-20.69,-39.05,0.68
2012-09-01,2012,9,Lead,Metals,($/mt),2178.0,14.57,17.48,-4.81,-32.51,3.18
2012-10-01,2012,10,Lead,Metals,($/mt),2142.0,-1.65,13.88,9.29,-42.42,-0.21
2012-11-01,2012,11,Lead,Metals,($/mt),2182.0,1.87,14.78,9.43,-34.44,0.19
2012-12-01,2012,12,Lead,Metals,($/mt),2280.0,4.49,4.68,12.76,-12.17,0.68
2013-01-01,2013,1,Lead,Metals,($/mt),2334.0,2.37,8.96,11.35,-10.51,0.23
2013-02-01,2013,2,Lead,Metals,($/mt),2366.0,1.37,8.43,11.55,-23.18,0.06
2013-03-01,2013,3,Lead,Metals,($/mt),2169.0,-8.33,-4.87,5.44,-27.92,-1.75
2013-04-01,2013,4,Lead,Metals,($/mt),2027.0,-6.55,-13.15,-2.12,-28.2,-1.21
2013-05-01,2013,5,Lead,Metals,($/mt),2033.0,0.3,-14.07,0.99,-9.04,0.05
2013-06-01,2013,6,Lead,Metals,($/mt),2100.0,3.3,-3.18,13.27,12.72,0.49
2013-07-01,2013,7,Lead,Metals,($/mt),2048.0,-2.48,1.04,8.88,5.3,-0.64
2013-08-01,2013,8,Lead,Metals,($/mt),2174.0,6.15,6.94,14.36,12.99,0.92
2013-09-01,2013,9,Lead,Metals,($/mt),2085.0,-4.09,-0.71,-4.27,11.62,-0.9
2013-10-01,2013,10,Lead,Metals,($/mt),2115.0,1.44,3.27,-1.26,42.91,0.39
2013-11-01,2013,11,Lead,Metals,($/mt),2090.0,-1.18,-3.86,-4.22,61.89,-0.26
2013-12-01,2013,12,Lead,Metals,($/mt),2137.0,2.25,2.49,-6.27,121.91,0.57
2014-01-01,2014,1,Lead,Metals,($/mt),2143.0,0.28,1.32,-8.18,89.14,0.17
2014-02-01,2014,2,Lead,Metals,($/mt),2108.0,-1.63,0.86,-10.9,91.46,-0.24
2014-03-01,2014,3,Lead,Metals,($/mt),2053.0,-2.61,-3.93,-5.35,65.7,-0.42
2014-04-01,2014,4,Lead,Metals,($/mt),2087.0,1.66,-2.61,2.96,50.9,0.6
2014-05-01,2014,5,Lead,Metals,($/mt),2097.0,0.48,-0.52,3.15,45.63,0.07
2014-06-01,2014,6,Lead,Metals,($/mt),2107.0,0.48,2.63,0.33,25.87,0.06
2014-07-01,2014,7,Lead,Metals,($/mt),2193.0,4.08,5.08,7.08,30.61,1.47
2014-08-01,2014,8,Lead,Metals,($/mt),2237.0,2.01,6.68,2.9,17.74,0.49
2014-09-01,2014,9,Lead,Metals,($/mt),2117.0,-5.36,0.47,1.53,-3.99,-2.45
2014-10-01,2014,10,Lead,Metals,($/mt),2034.0,-3.92,-7.25,-3.83,-9.24,-1.61
2014-11-01,2014,11,Lead,Metals,($/mt),2030.0,-0.2,-9.25,-2.87,-12.08,0.03
2014-12-01,2014,12,Lead,Metals,($/mt),1938.0,-4.53,-8.46,-9.31,-16.79,-1.58
2015-01-01,2015,1,Lead,Metals,($/mt),1843.0,-4.9,-9.39,-14.0,-22.17,-1.44
2015-02-01,2015,2,Lead,Metals,($/mt),1796.0,-2.55,-11.53,-14.8,-15.44,-0.44
2015-03-01,2015,3,Lead,Metals,($/mt),1792.0,-0.22,-7.53,-12.71,-17.5,0.34
2015-04-01,2015,4,Lead,Metals,($/mt),2005.0,11.89,8.79,-3.93,-11.48,4.19
2015-05-01,2015,5,Lead,Metals,($/mt),1992.0,-0.65,10.91,-5.01,5.79,-0.09
2015-06-01,2015,6,Lead,Metals,($/mt),1830.0,-8.13,2.12,-13.15,7.39,-1.62
2015-07-01,2015,7,Lead,Metals,($/mt),1763.0,-3.66,-12.07,-19.61,-4.03,-0.49
2015-08-01,2015,8,Lead,Metals,($/mt),1704.0,-3.35,-14.46,-23.83,-17.88,-0.33
2015-09-01,2015,9,Lead,Metals,($/mt),1684.0,-1.17,-7.98,-20.45,-22.89,0.19
2015-10-01,2015,10,Lead,Metals,($/mt),1720.0,2.14,-2.44,-15.44,-27.73,0.8
2015-11-01,2015,11,Lead,Metals,($/mt),1618.0,-5.93,-5.05,-20.3,-31.93,-0.94
2015-12-01,2015,12,Lead,Metals,($/mt),1707.0,5.5,1.37,-11.92,-29.26,1.42
2016-01-01,2016,1,Lead,Metals,($/mt),1646.0,-3.57,-4.3,-10.69,-36.74,-0.49
2016-02-01,2016,2,Lead,Metals,($/mt),1766.0,7.29,9.15,-1.67,-31.74,1.51
2016-03-01,2016,3,Lead,Metals,($/mt),1802.0,2.04,5.57,0.56,-31.33,0.35
2016-04-01,2016,4,Lead,Metals,($/mt),1732.0,-3.88,5.22,-13.62,-35.88,-0.7
2016-05-01,2016,5,Lead,Metals,($/mt),1708.0,-1.39,-3.28,-14.26,-29.65,-0.06
2016-06-01,2016,6,Lead,Metals,($/mt),1713.0,0.29,-4.94,-6.39,-32.16,0.32
2016-07-01,2016,7,Lead,Metals,($/mt),1835.0,7.12,5.95,4.08,-31.56,1.88
2016-08-01,2016,8,Lead,Metals,($/mt),1836.0,0.05,7.49,7.75,-23.4,-0.08
2016-09-01,2016,9,Lead,Metals,($/mt),1948.0,6.1,13.72,15.68,-14.86,1.25
2016-10-01,2016,10,Lead,Metals,($/mt),2024.0,3.9,10.3,17.67,3.27,0.57
2016-11-01,2016,11,Lead,Metals,($/mt),2181.0,7.76,18.79,34.8,9.38,1.38
2016-12-01,2016,12,Lead,Metals,($/mt),2210.0,1.33,13.45,29.47,9.3,-0.3
2017-01-01,2017,1,Lead,Metals,($/mt),2243.0,1.49,10.82,36.27,7.01,-0.18
2017-02-01,2017,2,Lead,Metals,($/mt),2312.0,3.08,6.01,30.92,9.01,0.11
2017-03-01,2017,3,Lead,Metals,($/mt),2281.0,-1.34,3.21,26.58,10.89,-1.05
2017-04-01,2017,4,Lead,Metals,($/mt),2221.0,-2.63,-0.98,28.23,7.24,-1.28
2017-05-01,2017,5,Lead,Metals,($/mt),2125.0,-4.32,-8.09,24.41,5.56,-1.87
2017-06-01,2017,6,Lead,Metals,($/mt),2133.0,0.38,-6.49,24.52,15.05,-0.4
2017-07-01,2017,7,Lead,Metals,($/mt),2270.0,6.42,2.21,23.71,20.68,1.18
2017-08-01,2017,8,Lead,Metals,($/mt),2348.0,3.44,10.49,27.89,23.51,0.42
2017-09-01,2017,9,Lead,Metals,($/mt),2374.0,1.11,11.3,21.87,9.0,-0.28
2017-10-01,2017,10,Lead,Metals,($/mt),2498.0,5.22,10.04,23.42,16.62,1.0
2017-11-01,2017,11,Lead,Metals,($/mt),2461.0,-1.48,4.81,12.84,12.79,-0.92
2017-12-01,2017,12,Lead,Metals,($/mt),2510.0,1.99,5.73,13.57,10.09,0.29
2018-01-01,2018,1,Lead,Metals,($/mt),2584.0,2.95,3.44,15.2,10.71,0.57
2018-02-01,2018,2,Lead,Metals,($/mt),2581.0,-0.12,4.88,11.63,9.09,-0.42
2018-03-01,2018,3,Lead,Metals,($/mt),2390.0,-7.4,-4.78,4.78,10.19,-2.61
2018-04-01,2018,4,Lead,Metals,($/mt),2352.0,-1.59,-8.98,5.9,16.03,-0.52
2018-05-01,2018,5,Lead,Metals,($/mt),2361.0,0.38,-8.52,11.11,16.13,-0.04
2018-06-01,2018,6,Lead,Metals,($/mt),2436.0,3.18,1.92,14.21,16.0,0.62
2018-07-01,2018,7,Lead,Metals,($/mt),2207.0,-9.4,-6.16,-2.78,7.76,-2.89
2018-08-01,2018,8,Lead,Metals,($/mt),2054.0,-6.93,-13.0,-12.52,-5.52,-1.55
2018-09-01,2018,9,Lead,Metals,($/mt),2023.0,-1.51,-16.95,-14.79,-2.97,-0.11
2018-10-01,2018,10,Lead,Metals,($/mt),1988.0,-1.73,-9.92,-20.42,-6.0,-0.11
2018-11-01,2018,11,Lead,Metals,($/mt),1937.0,-2.57,-5.7,-21.29,-7.32,-0.19
2018-12-01,2018,12,Lead,Metals,($/mt),1972.0,1.81,-2.52,-21.43,-7.72,0.9
2019-01-01,2019,1,Lead,Metals,($/mt),1997.0,1.27,0.45,-22.72,-6.81,0.78
2019-02-01,2019,2,Lead,Metals,($/mt),2063.0,3.3,6.5,-20.07,-2.13,1.36
2019-03-01,2019,3,Lead,Metals,($/mt),2046.0,-0.82,3.75,-14.39,-0.34,0.22
2019-04-01,2019,4,Lead,Metals,($/mt),1939.0,-5.23,-2.9,-17.56,-7.09,-1.05
2019-05-01,2019,5,Lead,Metals,($/mt),1815.0,-6.4,-12.02,-23.13,-13.45,-1.22
2019-06-01,2019,6,Lead,Metals,($/mt),1900.0,4.68,-7.14,-22.0,-9.82,1.62
2019-07-01,2019,7,Lead,Metals,($/mt),1976.0,4.0,1.91,-10.47,-9.9,1.37
2019-08-01,2019,8,Lead,Metals,($/mt),2045.0,3.49,12.67,-0.44,-8.58,1.09
2019-09-01,2019,9,Lead,Metals,($/mt),2072.0,1.32,9.05,2.42,-2.13,0.35
2019-10-01,2019,10,Lead,Metals,($/mt),2184.0,5.41,10.53,9.86,7.37,1.42
2019-11-01,2019,11,Lead,Metals,($/mt),2021.0,-7.46,-1.17,4.34,-0.44,-2.16
2019-12-01,2019,12,Lead,Metals,($/mt),1901.0,-5.94,-8.25,-3.6,-1.91,-1.43
2020-01-01,2020,1,Lead,Metals,($/mt),1924.0,1.21,-11.9,-3.66,4.4,0.29
2020-02-01,2020,2,Lead,Metals,($/mt),1873.0,-2.65,-7.32,-9.21,4.29,-0.51
2020-03-01,2020,3,Lead,Metals,($/mt),1734.0,-7.42,-8.78,-15.25,-3.24,-1.43
2020-04-01,2020,4,Lead,Metals,($/mt),1658.0,-4.38,-13.83,-14.49,-17.31,-0.62
2020-05-01,2020,5,Lead,Metals,($/mt),1626.0,-1.93,-13.19,-10.41,-18.37,-0.15
2020-06-01,2020,6,Lead,Metals,($/mt),1745.0,7.32,0.63,-8.16,-4.64,1.7
2020-07-01,2020,7,Lead,Metals,($/mt),1818.0,4.18,9.65,-8.0,3.12,0.94
2020-08-01,2020,8,Lead,Metals,($/mt),1936.0,6.49,19.07,-5.33,13.62,1.38
2020-09-01,2020,9,Lead,Metals,($/mt),1873.0,-3.25,7.34,-9.6,11.22,-0.54
2020-10-01,2020,10,Lead,Metals,($/mt),1776.0,-5.18,-2.31,-18.68,3.26,-0.82
2020-11-01,2020,11,Lead,Metals,($/mt),1916.0,7.88,-1.03,-5.2,18.42,1.82
2020-12-01,2020,12,Lead,Metals,($/mt),2020.0,5.43,7.85,6.26,18.34,1.04
2021-01-01,2021,1,Lead,Metals,($/mt),2015.0,-0.25,13.46,4.73,22.42,-0.16
2021-02-01,2021,2,Lead,Metals,($/mt),2080.0,3.23,8.56,11.05,17.78,0.5
2021-03-01,2021,3,Lead,Metals,($/mt),1948.0,-6.35,-3.56,12.34,8.1,-1.37
2021-04-01,2021,4,Lead,Metals,($/mt),2012.0,3.29,-0.15,21.35,16.17,0.42
2021-05-01,2021,5,Lead,Metals,($/mt),2182.0,8.45,4.9,34.19,27.75,1.35
2021-06-01,2021,6,Lead,Metals,($/mt),2191.0,0.41,12.47,25.56,27.9,-0.42
2021-07-01,2021,7,Lead,Metals,($/mt),2338.0,6.71,16.2,28.6,27.41,0.94
2021-08-01,2021,8,Lead,Metals,($/mt),2414.0,3.25,10.63,24.69,31.48,0.2
2021-09-01,2021,9,Lead,Metals,($/mt),2248.0,-6.88,2.6,20.02,15.4,-1.78
2021-10-01,2021,10,Lead,Metals,($/mt),2345.0,4.31,0.3,32.04,15.86,0.49
2021-11-01,2021,11,Lead,Metals,($/mt),2330.0,-0.64,-3.48,21.61,6.83,-0.62
2021-12-01,2021,12,Lead,Metals,($/mt),2302.0,-1.2,2.4,13.96,4.16,-0.62
2022-01-01,2022,1,Lead,Metals,($/mt),2332.0,1.3,-0.55,15.73,3.97,0.02
2022-02-01,2022,2,Lead,Metals,($/mt),2297.0,-1.5,-1.42,10.43,-0.65,-0.61
2022-03-01,2022,3,Lead,Metals,($/mt),2345.0,2.09,1.87,20.38,2.81,0.25
2022-04-01,2022,4,Lead,Metals,($/mt),2380.0,1.49,2.06,18.29,7.16,-0.03
2022-05-01,2022,5,Lead,Metals,($/mt),2142.0,-10.0,-6.75,-1.83,0.8,-2.85
2022-06-01,2022,6,Lead,Metals,($/mt),2066.0,-3.55,-11.9,-5.71,-3.14,-0.76
2022-07-01,2022,7,Lead,Metals,($/mt),1985.0,-3.92,-16.6,-15.1,-12.56,-0.75
2022-08-01,2022,8,Lead,Metals,($/mt),2073.0,4.43,-3.22,-14.13,-11.71,1.35
2022-09-01,2022,9,Lead,Metals,($/mt),1870.0,-9.79,-9.49,-16.81,-21.23,-1.98
2022-10-01,2022,10,Lead,Metals,($/mt),2000.0,6.95,0.76,-14.71,-19.94,1.75
2022-11-01,2022,11,Lead,Metals,($/mt),2100.0,5.0,1.3,-9.87,-14.67,1.21
2022-12-01,2022,12,Lead,Metals,($/mt),2216.0,5.52,18.5,-3.74,-11.71,1.15
2023-01-01,2023,1,Lead,Metals,($/mt),2201.0,-0.68,10.05,-5.62,-14.82,-0.09
2023-02-01,2023,2,Lead,Metals,($/mt),2093.0,-4.91,-0.33,-8.88,-18.91,-0.81
2023-03-01,2023,3,Lead,Metals,($/mt),2115.0,1.05,-4.56,-9.81,-11.51,0.29
2023-04-01,2023,4,Lead,Metals,($/mt),2149.0,1.61,-2.36,-9.71,-8.63,0.4
2023-05-01,2023,5,Lead,Metals,($/mt),2084.0,-3.02,-0.43,-2.71,-11.73,-0.4
2023-06-01,2023,6,Lead,Metals,($/mt),2123.0,1.87,0.38,2.76,-12.85,0.39
2023-07-01,2023,7,Lead,Metals,($/mt),2109.0,-0.66,-1.86,6.25,-4.44,-0.2
2023-08-01,2023,8,Lead,Metals,($/mt),2154.0,2.13,3.36,3.91,4.87,0.31
2023-09-01,2023,9,Lead,Metals,($/mt),2252.0,4.55,6.08,20.43,11.32,0.88
2023-10-01,2023,10,Lead,Metals,($/mt),2134.0,-5.24,1.19,6.7,7.34,-1.93
2023-11-01,2023,11,Lead,Metals,($/mt),2188.0,2.53,1.58,4.19,12.96,0.53
2023-12-01,2023,12,Lead,Metals,($/mt),2027.0,-7.36,-9.99,-8.53,2.79,-2.26
2024-01-01,2024,1,Lead,Metals,($/mt),2086.0,2.91,-2.25,-5.22,4.46,0.97
2024-02-01,2024,2,Lead,Metals,($/mt),2080.0,-0.29,-4.94,-0.62,0.82,0.02
2024-03-01,2024,3,Lead,Metals,($/mt),2056.0,-1.15,1.43,-2.79,0.49,-0.33
2024-04-01,2024,4,Lead,Metals,($/mt),2129.0,3.55,2.06,-0.93,9.8,1.05
2024-05-01,2024,5,Lead,Metals,($/mt),2221.0,4.32,6.78,6.57,22.37,1.18
2024-06-01,2024,6,Lead,Metals,($/mt),2147.0,-3.33,4.43,1.13,13.0,-1.05
2024-07-01,2024,7,Lead,Metals,($/mt),2107.0,-1.86,-1.03,-0.09,6.63,-0.52
2024-08-01,2024,8,Lead,Metals,($/mt),1995.0,-5.32,-10.18,-7.38,-2.44,-1.37
2024-09-01,2024,9,Lead,Metals,($/mt),2000.0,0.25,-6.85,-11.19,-3.47,0.19
2024-10-01,2024,10,Lead,Metals,($/mt),2034.0,1.7,-3.46,-4.69,-6.87,0.68
2024-11-01,2024,11,Lead,Metals,($/mt),1988.0,-2.26,-0.35,-9.14,-1.63,-0.53
2024-12-01,2024,12,Lead,Metals,($/mt),1990.0,0.1,-0.5,-1.83,4.68,0.23
2025-01-01,2025,1,Lead,Metals,($/mt),1921.0,-3.47,-5.56,-7.91,-0.16,-1.16
2025-02-01,2025,2,Lead,Metals,($/mt),1957.0,1.87,-1.56,-5.91,4.48,0.88
2025-03-01,2025,3,Lead,Metals,($/mt),2033.0,3.88,2.16,-1.12,17.24,1.47
2025-04-01,2025,4,Lead,Metals,($/mt),1903.0,-6.39,-0.94,-10.62,14.78,-1.98
2025-05-01,2025,5,Lead,Metals,($/mt),1958.0,2.89,0.05,-11.84,20.42,1.09
2025-06-01,2025,6,Lead,Metals,($/mt),1974.0,0.82,-2.9,-8.06,13.12,0.55
2025-07-01,2025,7,Lead,Metals,($/mt),1993.0,0.96,4.73,-5.41,9.63,0.5
2025-08-01,2025,8,Lead,Metals,($/mt),1947.0,-2.31,-0.56,-2.41,0.57,-0.58
2025-09-01,2025,9,Lead,Metals,($/mt),1955.0,0.41,-0.96,-2.25,4.38,0.2
2025-10-01,2025,10,Lead,Metals,($/mt),1968.0,0.66,-1.25,-3.24,10.81,0.28
2025-11-01,2025,11,Lead,Metals,($/mt),1998.0,1.52,2.62,0.5,4.28,0.61
2025-12-01,2025,12,Lead,Metals,($/mt),1940.0,-2.9,-0.77,-2.51,-3.96,-1.04
2026-01-01,2026,1,Lead,Metals,($/mt),1995.0,2.84,1.37,3.85,-0.99,1.01
2026-02-01,2026,2,Lead,Metals,($/mt),1917.0,-3.91,-4.05,-2.04,-7.84,-1.47
2026-03-01,2026,3,Lead,Metals,($/mt),1878.0,-2.03,-3.2,-7.62,-3.59,-0.62
2026-04-01,2026,4,Lead,Metals,($/mt),1930.0,2.77,-3.26,1.42,-4.08,1.18
2026-05-01,2026,5,Lead,Metals,($/mt),1991.0,3.16,3.86,1.69,-8.75,1.28
2026-06-01,2026,6,Lead,Metals,($/mt),1946.0,-2.26,3.62,-1.42,-11.18,-1.01
2026-07-01,2026,7,Lead,Metals,($/mt),1842.0,-5.34,-4.56,-7.58,-21.21,-2.12
2026-08-01,2026,8,Lead,Metals,($/mt),1855.0,0.71,-6.83,-4.73,-23.16,0.46
2026-09-01,2026,9,Lead,Metals,($/mt),1873.0,0.97,-3.75,-4.19,-16.68,0.47
1977-01-01,1977,1,"Liquefied natural gas, Japan",Energy,($/mmbtu),2.77,,,,,
1977-02-01,1977,2,"Liquefied natural gas, Japan",Energy,($/mmbtu),2.77,0.0,,,,
1977-03-01,1977,3,"Liquefied natural gas, Japan",Energy,($/mmbtu),2.77,0.0,,,,
1977-04-01,1977,4,"Liquefied natural gas, Japan",Energy,($/mmbtu),2.77,0.0,0.0,,,
1977-05-01,1977,5,"Liquefied natural gas, Japan",Energy,($/mmbtu),2.77,0.0,0.0,,,
1977-06-01,1977,6,"Liquefied natural gas, Japan",Energy,($/mmbtu),2.77,0.0,0.0,,,
1977-07-01,1977,7,"Liquefied natural gas, Japan",Energy,($/mmbtu),2.77,0.0,0.0,,,
1977-08-01,1977,8,"Liquefied natural gas, Japan",Energy,($/mmbtu),2.77,0.0,0.0,,,0.0
1977-09-01,1977,9,"Liquefied natural gas, Japan",Energy,($/mmbtu),2.77,0.0,0.0,,,0.0
1977-10-01,1977,10,"Liquefied natural gas, Japan",Energy,($/mmbtu),2.77,0.0,0.0,,,0.0
1977-11-01,1977,11,"Liquefied natural gas, Japan",Energy,($/mmbtu),2.77,0.0,0.0,,,0.0
1977-12-01,1977,12,"Liquefied natural gas, Japan",Energy,($/mmbtu),2.77,0.0,0.0,,,0.0
1978-01-01,1978,1,"Liquefied natural gas, Japan",Energy,($/mmbtu),3.04,9.75,9.75,9.75,,0.0
1978-02-01,1978,2,"Liquefied natural gas, Japan",Energy,($/mmbtu),3.04,0.0,9.75,9.75,,-0.29
1978-03-01,1978,3,"Liquefied natural gas, Japan",Energy,($/mmbtu),3.04,0.0,9.75,9.75,,-0.29
1978-04-01,1978,4,"Liquefied natural gas, Japan",Energy,($/mmbtu),3.04,0.0,0.0,9.75,,-0.29
1978-05-01,1978,5,"Liquefied natural gas, Japan",Energy,($/mmbtu),3.04,0.0,0.0,9.75,,-0.29
1978-06-01,1978,6,"Liquefied natural gas, Japan",Energy,($/mmbtu),3.04,0.0,0.0,9.75,,-0.29
1978-07-01,1978,7,"Liquefied natural gas, Japan",Energy,($/mmbtu),3.04,0.0,0.0,9.75,,-0.29
1978-08-01,1978,8,"Liquefied natural gas, Japan",Energy,($/mmbtu),3.04,0.0,0.0,9.75,,-0.29
1978-09-01,1978,9,"Liquefied natural gas, Japan",Energy,($/mmbtu),3.04,0.0,0.0,9.75,,-0.29
1978-10-01,1978,10,"Liquefied natural gas, Japan",Energy,($/mmbtu),3.04,0.0,0.0,9.75,,-0.29
1978-11-01,1978,11,"Liquefied natural gas, Japan",Energy,($/mmbtu),3.04,0.0,0.0,9.75,,-0.29
1978-12-01,1978,12,"Liquefied natural gas, Japan",Energy,($/mmbtu),3.04,0.0,0.0,9.75,,-0.29
1979-01-01,1979,1,"Liquefied natural gas, Japan",Energy,($/mmbtu),3.69,21.38,21.38,21.38,,7.31
1979-02-01,1979,2,"Liquefied natural gas, Japan",Energy,($/mmbtu),3.69,0.0,21.38,21.38,,-0.29
1979-03-01,1979,3,"Liquefied natural gas, Japan",Energy,($/mmbtu),3.69,0.0,21.38,21.38,,-0.29
1979-04-01,1979,4,"Liquefied natural gas, Japan",Energy,($/mmbtu),3.69,0.0,0.0,21.38,,-0.29
1979-05-01,1979,5,"Liquefied natural gas, Japan",Energy,($/mmbtu),3.69,0.0,0.0,21.38,,-0.29
1979-06-01,1979,6,"Liquefied natural gas, Japan",Energy,($/mmbtu),3.69,0.0,0.0,21.38,,-0.29
1979-07-01,1979,7,"Liquefied natural gas, Japan",Energy,($/mmbtu),3.69,0.0,0.0,21.38,,-0.29
1979-08-01,1979,8,"Liquefied natural gas, Japan",Energy,($/mmbtu),3.69,0.0,0.0,21.38,,-0.29
1979-09-01,1979,9,"Liquefied natural gas, Japan",Energy,($/mmbtu),3.69,0.0,0.0,21.38,,-0.29
1979-10-01,1979,10,"Liquefied natural gas, Japan",Energy,($/mmbtu),3.69,0.0,0.0,21.38,,-0.29
1979-11-01,1979,11,"Liquefied natural gas, Japan",Energy,($/mmbtu),3.69,0.0,0.0,21.38,,-0.29
1979-12-01,1979,12,"Liquefied natural gas, Japan",Energy,($/mmbtu),3.69,0.0,0.0,21.38,,-0.29
1980-01-01,1980,1,"Liquefied natural gas, Japan",Energy,($/mmbtu),5.7,54.47,54.47,54.47,,8.54
1980-02-01,1980,2,"Liquefied natural gas, Japan",Energy,($/mmbtu),5.7,0.0,54.47,54.47,,-0.29
1980-03-01,1980,3,"Liquefied natural gas, Japan",Energy,($/mmbtu),5.7,0.0,54.47,54.47,,-0.29
1980-04-01,1980,4,"Liquefied natural gas, Japan",Energy,($/mmbtu),5.7,0.0,0.0,54.47,,-0.29
1980-05-01,1980,5,"Liquefied natural gas, Japan",Energy,($/mmbtu),5.7,0.0,0.0,54.47,,-0.29
1980-06-01,1980,6,"Liquefied natural gas, Japan",Energy,($/mmbtu),5.7,0.0,0.0,54.47,,-0.29
1980-07-01,1980,7,"Liquefied natural gas, Japan",Energy,($/mmbtu),5.7,0.0,0.0,54.47,,-0.29
1980-08-01,1980,8,"Liquefied natural gas, Japan",Energy,($/mmbtu),5.7,0.0,0.0,54.47,,-0.29
1980-09-01,1980,9,"Liquefied natural gas, Japan",Energy,($/mmbtu),5.7,0.0,0.0,54.47,,-0.29
1980-10-01,1980,10,"Liquefied natural gas, Japan",Energy,($/mmbtu),5.7,0.0,0.0,54.47,,-0.29
1980-11-01,1980,11,"Liquefied natural gas, Japan",Energy,($/mmbtu),5.7,0.0,0.0,54.47,,-0.29
1980-12-01,1980,12,"Liquefied natural gas, Japan",Energy,($/mmbtu),5.7,0.0,0.0,54.47,,-0.29
1981-01-01,1981,1,"Liquefied natural gas, Japan",Energy,($/mmbtu),6.03,5.79,5.79,5.79,,0.08
1981-02-01,1981,2,"Liquefied natural gas, Japan",Energy,($/mmbtu),6.03,0.0,5.79,5.79,,-0.29
1981-03-01,1981,3,"Liquefied natural gas, Japan",Energy,($/mmbtu),6.03,0.0,5.79,5.79,,-0.29
1981-04-01,1981,4,"Liquefied natural gas, Japan",Energy,($/mmbtu),6.03,0.0,0.0,5.79,,-0.29
1981-05-01,1981,5,"Liquefied natural gas, Japan",Energy,($/mmbtu),6.03,0.0,0.0,5.79,,-0.29
1981-06-01,1981,6,"Liquefied natural gas, Japan",Energy,($/mmbtu),6.03,0.0,0.0,5.79,,-0.29
1981-07-01,1981,7,"Liquefied natural gas, Japan",Energy,($/mmbtu),6.03,0.0,0.0,5.79,,-0.29
1981-08-01,1981,8,"Liquefied natural gas, Japan",Energy,($/mmbtu),6.03,0.0,0.0,5.79,,-0.29
1981-09-01,1981,9,"Liquefied natural gas, Japan",Energy,($/mmbtu),6.03,0.0,0.0,5.79,,-0.29
1981-10-01,1981,10,"Liquefied natural gas, Japan",Energy,($/mmbtu),6.03,0.0,0.0,5.79,,-0.29
1981-11-01,1981,11,"Liquefied natural gas, Japan",Energy,($/mmbtu),6.03,0.0,0.0,5.79,,-0.29
1981-12-01,1981,12,"Liquefied natural gas, Japan",Energy,($/mmbtu),6.03,0.0,0.0,5.79,,-0.29
1982-01-01,1982,1,"Liquefied natural gas, Japan",Energy,($/mmbtu),6.05,0.33,0.33,0.33,118.41,-0.09
1982-02-01,1982,2,"Liquefied natural gas, Japan",Energy,($/mmbtu),6.05,0.0,0.33,0.33,118.41,-0.29
1982-03-01,1982,3,"Liquefied natural gas, Japan",Energy,($/mmbtu),6.05,0.0,0.33,0.33,118.41,-0.29
1982-04-01,1982,4,"Liquefied natural gas, Japan",Energy,($/mmbtu),6.05,0.0,0.0,0.33,118.41,-0.29
1982-05-01,1982,5,"Liquefied natural gas, Japan",Energy,($/mmbtu),6.05,0.0,0.0,0.33,118.41,-0.29
1982-06-01,1982,6,"Liquefied natural gas, Japan",Energy,($/mmbtu),6.05,0.0,0.0,0.33,118.41,-0.29
1982-07-01,1982,7,"Liquefied natural gas, Japan",Energy,($/mmbtu),6.05,0.0,0.0,0.33,118.41,-0.29
1982-08-01,1982,8,"Liquefied natural gas, Japan",Energy,($/mmbtu),6.05,0.0,0.0,0.33,118.41,-0.29
1982-09-01,1982,9,"Liquefied natural gas, Japan",Energy,($/mmbtu),6.05,0.0,0.0,0.33,118.41,-0.29
1982-10-01,1982,10,"Liquefied natural gas, Japan",Energy,($/mmbtu),6.05,0.0,0.0,0.33,118.41,-0.29
1982-11-01,1982,11,"Liquefied natural gas, Japan",Energy,($/mmbtu),6.05,0.0,0.0,0.33,118.41,-0.29
1982-12-01,1982,12,"Liquefied natural gas, Japan",Energy,($/mmbtu),6.05,0.0,0.0,0.33,118.41,-0.29
1983-01-01,1983,1,"Liquefied natural gas, Japan",Energy,($/mmbtu),5.55,-8.26,-8.26,-8.26,82.57,-86.6
1983-02-01,1983,2,"Liquefied natural gas, Japan",Energy,($/mmbtu),5.55,0.0,-8.26,-8.26,82.57,0.29
1983-03-01,1983,3,"Liquefied natural gas, Japan",Energy,($/mmbtu),5.55,0.0,-8.26,-8.26,82.57,0.29
1983-04-01,1983,4,"Liquefied natural gas, Japan",Energy,($/mmbtu),5.55,0.0,0.0,-8.26,82.57,0.29
1983-05-01,1983,5,"Liquefied natural gas, Japan",Energy,($/mmbtu),5.55,0.0,0.0,-8.26,82.57,0.29
1983-06-01,1983,6,"Liquefied natural gas, Japan",Energy,($/mmbtu),5.55,0.0,0.0,-8.26,82.57,0.29
1983-07-01,1983,7,"Liquefied natural gas, Japan",Energy,($/mmbtu),5.55,0.0,0.0,-8.26,82.57,0.29
1983-08-01,1983,8,"Liquefied natural gas, Japan",Energy,($/mmbtu),5.55,0.0,0.0,-8.26,82.57,0.29
1983-09-01,1983,9,"Liquefied natural gas, Japan",Energy,($/mmbtu),5.55,0.0,0.0,-8.26,82.57,0.29
1983-10-01,1983,10,"Liquefied natural gas, Japan",Energy,($/mmbtu),5.55,0.0,0.0,-8.26,82.57,0.29
1983-11-01,1983,11,"Liquefied natural gas, Japan",Energy,($/mmbtu),5.55,0.0,0.0,-8.26,82.57,0.29
1983-12-01,1983,12,"Liquefied natural gas, Japan",Energy,($/mmbtu),5.55,0.0,0.0,-8.26,82.57,0.29
1984-01-01,1984,1,"Liquefied natural gas, Japan",Energy,($/mmbtu),5.24,-5.59,-5.59,-5.59,42.01,-2.05
1984-02-01,1984,2,"Liquefied natural gas, Japan",Energy,($/mmbtu),5.24,0.0,-5.59,-5.59,42.01,0.29
1984-03-01,1984,3,"Liquefied natural gas, Japan",Energy,($/mmbtu),5.24,0.0,-5.59,-5.59,42.01,0.29
1984-04-01,1984,4,"Liquefied natural gas, Japan",Energy,($/mmbtu),5.24,0.0,0.0,-5.59,42.01,0.29
1984-05-01,1984,5,"Liquefied natural gas, Japan",Energy,($/mmbtu),5.24,0.0,0.0,-5.59,42.01,0.29
1984-06-01,1984,6,"Liquefied natural gas, Japan",Energy,($/mmbtu),5.24,0.0,0.0,-5.59,42.01,0.29
1984-07-01,1984,7,"Liquefied natural gas, Japan",Energy,($/mmbtu),5.24,0.0,0.0,-5.59,42.01,0.29
1984-08-01,1984,8,"Liquefied natural gas, Japan",Energy,($/mmbtu),5.24,0.0,0.0,-5.59,42.01,0.29
1984-09-01,1984,9,"Liquefied natural gas, Japan",Energy,($/mmbtu),5.24,0.0,0.0,-5.59,42.01,0.29
1984-10-01,1984,10,"Liquefied natural gas, Japan",Energy,($/mmbtu),5.24,0.0,0.0,-5.59,42.01,0.29
1984-11-01,1984,11,"Liquefied natural gas, Japan",Energy,($/mmbtu),5.24,0.0,0.0,-5.59,42.01,0.29
1984-12-01,1984,12,"Liquefied natural gas, Japan",Energy,($/mmbtu),5.24,0.0,0.0,-5.59,42.01,0.29
1985-01-01,1985,1,"Liquefied natural gas, Japan",Energy,($/mmbtu),5.23,-0.19,-0.19,-0.19,-8.25,0.17
1985-02-01,1985,2,"Liquefied natural gas, Japan",Energy,($/mmbtu),5.23,0.0,-0.19,-0.19,-8.25,0.29
1985-03-01,1985,3,"Liquefied natural gas, Japan",Energy,($/mmbtu),5.23,0.0,-0.19,-0.19,-8.25,0.29
1985-04-01,1985,4,"Liquefied natural gas, Japan",Energy,($/mmbtu),5.23,0.0,0.0,-0.19,-8.25,0.29
1985-05-01,1985,5,"Liquefied natural gas, Japan",Energy,($/mmbtu),5.23,0.0,0.0,-0.19,-8.25,0.29
1985-06-01,1985,6,"Liquefied natural gas, Japan",Energy,($/mmbtu),5.23,0.0,0.0,-0.19,-8.25,0.29
1985-07-01,1985,7,"Liquefied natural gas, Japan",Energy,($/mmbtu),5.23,0.0,0.0,-0.19,-8.25,0.29
1985-08-01,1985,8,"Liquefied natural gas, Japan",Energy,($/mmbtu),5.23,0.0,0.0,-0.19,-8.25,0.29
1985-09-01,1985,9,"Liquefied natural gas, Japan",Energy,($/mmbtu),5.23,0.0,0.0,-0.19,-8.25,0.29
1985-10-01,1985,10,"Liquefied natural gas, Japan",Energy,($/mmbtu),5.23,0.0,0.0,-0.19,-8.25,0.29
1985-11-01,1985,11,"Liquefied natural gas, Japan",Energy,($/mmbtu),5.23,0.0,0.0,-0.19,-8.25,0.29
1985-12-01,1985,12,"Liquefied natural gas, Japan",Energy,($/mmbtu),5.23,0.0,0.0,-0.19,-8.25,0.29
1986-01-01,1986,1,"Liquefied natural gas, Japan",Energy,($/mmbtu),4.1,-21.61,-21.61,-21.61,-32.01,-391.9
1986-02-01,1986,2,"Liquefied natural gas, Japan",Energy,($/mmbtu),4.1,0.0,-21.61,-21.61,-32.01,0.29
1986-03-01,1986,3,"Liquefied natural gas, Japan",Energy,($/mmbtu),4.1,0.0,-21.61,-21.61,-32.01,0.29
1986-04-01,1986,4,"Liquefied natural gas, Japan",Energy,($/mmbtu),4.1,0.0,0.0,-21.61,-32.01,0.29
1986-05-01,1986,5,"Liquefied natural gas, Japan",Energy,($/mmbtu),4.1,0.0,0.0,-21.61,-32.01,0.29
1986-06-01,1986,6,"Liquefied natural gas, Japan",Energy,($/mmbtu),4.1,0.0,0.0,-21.61,-32.01,0.29
1986-07-01,1986,7,"Liquefied natural gas, Japan",Energy,($/mmbtu),4.1,0.0,0.0,-21.61,-32.01,0.29
1986-08-01,1986,8,"Liquefied natural gas, Japan",Energy,($/mmbtu),4.1,0.0,0.0,-21.61,-32.01,0.29
1986-09-01,1986,9,"Liquefied natural gas, Japan",Energy,($/mmbtu),4.1,0.0,0.0,-21.61,-32.01,0.29
1986-10-01,1986,10,"Liquefied natural gas, Japan",Energy,($/mmbtu),4.1,0.0,0.0,-21.61,-32.01,0.29
1986-11-01,1986,11,"Liquefied natural gas, Japan",Energy,($/mmbtu),4.1,0.0,0.0,-21.61,-32.01,0.29
1986-12-01,1986,12,"Liquefied natural gas, Japan",Energy,($/mmbtu),4.1,0.0,0.0,-21.61,-32.01,0.29
1987-01-01,1987,1,"Liquefied natural gas, Japan",Energy,($/mmbtu),3.35,-18.29,-18.29,-18.29,-44.63,-2.64
1987-02-01,1987,2,"Liquefied natural gas, Japan",Energy,($/mmbtu),3.35,0.0,-18.29,-18.29,-44.63,0.29
1987-03-01,1987,3,"Liquefied natural gas, Japan",Energy,($/mmbtu),3.35,0.0,-18.29,-18.29,-44.63,0.29
1987-04-01,1987,4,"Liquefied natural gas, Japan",Energy,($/mmbtu),3.35,0.0,0.0,-18.29,-44.63,0.29
1987-05-01,1987,5,"Liquefied natural gas, Japan",Energy,($/mmbtu),3.35,0.0,0.0,-18.29,-44.63,0.29
1987-06-01,1987,6,"Liquefied natural gas, Japan",Energy,($/mmbtu),3.35,0.0,0.0,-18.29,-44.63,0.29
1987-07-01,1987,7,"Liquefied natural gas, Japan",Energy,($/mmbtu),3.35,0.0,0.0,-18.29,-44.63,0.29
1987-08-01,1987,8,"Liquefied natural gas, Japan",Energy,($/mmbtu),3.35,0.0,0.0,-18.29,-44.63,0.29
1987-09-01,1987,9,"Liquefied natural gas, Japan",Energy,($/mmbtu),3.35,0.0,0.0,-18.29,-44.63,0.29
1987-10-01,1987,10,"Liquefied natural gas, Japan",Energy,($/mmbtu),3.35,0.0,0.0,-18.29,-44.63,0.29
1987-11-01,1987,11,"Liquefied natural gas, Japan",Energy,($/mmbtu),3.35,0.0,0.0,-18.29,-44.63,0.29
1987-12-01,1987,12,"Liquefied natural gas, Japan",Energy,($/mmbtu),3.35,0.0,0.0,-18.29,-44.63,0.29
1988-01-01,1988,1,"Liquefied natural gas, Japan",Energy,($/mmbtu),3.34,-0.3,-0.3,-0.3,-39.82,0.23
1988-02-01,1988,2,"Liquefied natural gas, Japan",Energy,($/mmbtu),3.34,0.0,-0.3,-0.3,-39.82,0.29
1988-03-01,1988,3,"Liquefied natural gas, Japan",Energy,($/mmbtu),3.34,0.0,-0.3,-0.3,-39.82,0.29
1988-04-01,1988,4,"Liquefied natural gas, Japan",Energy,($/mmbtu),3.34,0.0,0.0,-0.3,-39.82,0.29
1988-05-01,1988,5,"Liquefied natural gas, Japan",Energy,($/mmbtu),3.34,0.0,0.0,-0.3,-39.82,0.29
1988-06-01,1988,6,"Liquefied natural gas, Japan",Energy,($/mmbtu),3.34,0.0,0.0,-0.3,-39.82,0.29
1988-07-01,1988,7,"Liquefied natural gas, Japan",Energy,($/mmbtu),3.34,0.0,0.0,-0.3,-39.82,0.29
1988-08-01,1988,8,"Liquefied natural gas, Japan",Energy,($/mmbtu),3.34,0.0,0.0,-0.3,-39.82,0.29
1988-09-01,1988,9,"Liquefied natural gas, Japan",Energy,($/mmbtu),3.34,0.0,0.0,-0.3,-39.82,0.29
1988-10-01,1988,10,"Liquefied natural gas, Japan",Energy,($/mmbtu),3.34,0.0,0.0,-0.3,-39.82,0.29
1988-11-01,1988,11,"Liquefied natural gas, Japan",Energy,($/mmbtu),3.34,0.0,0.0,-0.3,-39.82,0.29
1988-12-01,1988,12,"Liquefied natural gas, Japan",Energy,($/mmbtu),3.34,0.0,0.0,-0.3,-39.82,0.29
1989-01-01,1989,1,"Liquefied natural gas, Japan",Energy,($/mmbtu),3.28,-1.8,-1.8,-1.8,-37.4,-20.56
1989-02-01,1989,2,"Liquefied natural gas, Japan",Energy,($/mmbtu),3.28,0.0,-1.8,-1.8,-37.4,0.29
1989-03-01,1989,3,"Liquefied natural gas, Japan",Energy,($/mmbtu),3.28,0.0,-1.8,-1.8,-37.4,0.29
1989-04-01,1989,4,"Liquefied natural gas, Japan",Energy,($/mmbtu),3.28,0.0,0.0,-1.8,-37.4,0.29
1989-05-01,1989,5,"Liquefied natural gas, Japan",Energy,($/mmbtu),3.28,0.0,0.0,-1.8,-37.4,0.29
1989-06-01,1989,6,"Liquefied natural gas, Japan",Energy,($/mmbtu),3.28,0.0,0.0,-1.8,-37.4,0.29
1989-07-01,1989,7,"Liquefied natural gas, Japan",Energy,($/mmbtu),3.28,0.0,0.0,-1.8,-37.4,0.29
1989-08-01,1989,8,"Liquefied natural gas, Japan",Energy,($/mmbtu),3.28,0.0,0.0,-1.8,-37.4,0.29
1989-09-01,1989,9,"Liquefied natural gas, Japan",Energy,($/mmbtu),3.28,0.0,0.0,-1.8,-37.4,0.29
1989-10-01,1989,10,"Liquefied natural gas, Japan",Energy,($/mmbtu),3.28,0.0,0.0,-1.8,-37.4,0.29
1989-11-01,1989,11,"Liquefied natural gas, Japan",Energy,($/mmbtu),3.28,0.0,0.0,-1.8,-37.4,0.29
1989-12-01,1989,12,"Liquefied natural gas, Japan",Energy,($/mmbtu),3.28,0.0,0.0,-1.8,-37.4,0.29
1990-01-01,1990,1,"Liquefied natural gas, Japan",Energy,($/mmbtu),3.64,10.98,10.98,10.98,-30.4,21.45
1990-02-01,1990,2,"Liquefied natural gas, Japan",Energy,($/mmbtu),3.64,0.0,10.98,10.98,-30.4,-0.29
1990-03-01,1990,3,"Liquefied natural gas, Japan",Energy,($/mmbtu),3.64,0.0,10.98,10.98,-30.4,-0.29
1990-04-01,1990,4,"Liquefied natural gas, Japan",Energy,($/mmbtu),3.64,0.0,0.0,10.98,-30.4,-0.29
1990-05-01,1990,5,"Liquefied natural gas, Japan",Energy,($/mmbtu),3.64,0.0,0.0,10.98,-30.4,-0.29
1990-06-01,1990,6,"Liquefied natural gas, Japan",Energy,($/mmbtu),3.64,0.0,0.0,10.98,-30.4,-0.29
1990-07-01,1990,7,"Liquefied natural gas, Japan",Energy,($/mmbtu),3.64,0.0,0.0,10.98,-30.4,-0.29
1990-08-01,1990,8,"Liquefied natural gas, Japan",Energy,($/mmbtu),3.64,0.0,0.0,10.98,-30.4,-0.29
1990-09-01,1990,9,"Liquefied natural gas, Japan",Energy,($/mmbtu),3.64,0.0,0.0,10.98,-30.4,-0.29
1990-10-01,1990,10,"Liquefied natural gas, Japan",Energy,($/mmbtu),3.64,0.0,0.0,10.98,-30.4,-0.29
1990-11-01,1990,11,"Liquefied natural gas, Japan",Energy,($/mmbtu),3.64,0.0,0.0,10.98,-30.4,-0.29
1990-12-01,1990,12,"Liquefied natural gas, Japan",Energy,($/mmbtu),3.64,0.0,0.0,10.98,-30.4,-0.29
1991-01-01,1991,1,"Liquefied natural gas, Japan",Energy,($/mmbtu),3.99,9.62,9.62,9.62,-2.68,2.75
1991-02-01,1991,2,"Liquefied natural gas, Japan",Energy,($/mmbtu),3.99,0.0,9.62,9.62,-2.68,-0.29
1991-03-01,1991,3,"Liquefied natural gas, Japan",Energy,($/mmbtu),3.99,0.0,9.62,9.62,-2.68,-0.29
1991-04-01,1991,4,"Liquefied natural gas, Japan",Energy,($/mmbtu),3.99,0.0,0.0,9.62,-2.68,-0.29
1991-05-01,1991,5,"Liquefied natural gas, Japan",Energy,($/mmbtu),3.99,0.0,0.0,9.62,-2.68,-0.29
1991-06-01,1991,6,"Liquefied natural gas, Japan",Energy,($/mmbtu),3.99,0.0,0.0,9.62,-2.68,-0.29
1991-07-01,1991,7,"Liquefied natural gas, Japan",Energy,($/mmbtu),3.99,0.0,0.0,9.62,-2.68,-0.29
1991-08-01,1991,8,"Liquefied natural gas, Japan",Energy,($/mmbtu),3.99,0.0,0.0,9.62,-2.68,-0.29
1991-09-01,1991,9,"Liquefied natural gas, Japan",Energy,($/mmbtu),3.99,0.0,0.0,9.62,-2.68,-0.29
1991-10-01,1991,10,"Liquefied natural gas, Japan",Energy,($/mmbtu),3.99,0.0,0.0,9.62,-2.68,-0.29
1991-11-01,1991,11,"Liquefied natural gas, Japan",Energy,($/mmbtu),3.99,0.0,0.0,9.62,-2.68,-0.29
1991-12-01,1991,12,"Liquefied natural gas, Japan",Energy,($/mmbtu),3.99,0.0,0.0,9.62,-2.68,-0.29
1992-01-01,1992,1,"Liquefied natural gas, Japan",Energy,($/mmbtu),3.6,-9.77,-9.77,-9.77,7.46,-3.81
1992-02-01,1992,2,"Liquefied natural gas, Japan",Energy,($/mmbtu),3.51,-2.5,-12.03,-12.03,4.78,-0.6
1992-03-01,1992,3,"Liquefied natural gas, Japan",Energy,($/mmbtu),3.59,2.28,-10.03,-10.03,7.16,1.16
1992-04-01,1992,4,"Liquefied natural gas, Japan",Energy,($/mmbtu),3.53,-1.67,-1.94,-11.53,5.37,-0.28
1992-05-01,1992,5,"Liquefied natural gas, Japan",Energy,($/mmbtu),3.47,-1.7,-1.14,-13.03,3.58,-0.24
1992-06-01,1992,6,"Liquefied natural gas, Japan",Energy,($/mmbtu),3.49,0.58,-2.79,-12.53,4.18,0.57
1992-07-01,1992,7,"Liquefied natural gas, Japan",Energy,($/mmbtu),3.61,3.44,2.27,-9.52,7.76,1.5
1992-08-01,1992,8,"Liquefied natural gas, Japan",Energy,($/mmbtu),3.65,1.11,5.19,-8.52,8.96,0.58
1992-09-01,1992,9,"Liquefied natural gas, Japan",Energy,($/mmbtu),3.63,-0.55,4.01,-9.02,8.36,0.04
1992-10-01,1992,10,"Liquefied natural gas, Japan",Energy,($/mmbtu),3.7,1.93,2.49,-7.27,10.45,0.81
1992-11-01,1992,11,"Liquefied natural gas, Japan",Energy,($/mmbtu),3.65,-1.35,0.0,-8.52,8.96,-0.23
1992-12-01,1992,12,"Liquefied natural gas, Japan",Energy,($/mmbtu),3.71,1.64,2.2,-7.02,10.75,0.69
1993-01-01,1993,1,"Liquefied natural gas, Japan",Energy,($/mmbtu),3.64,-1.89,-1.62,1.11,8.98,-0.39
1993-02-01,1993,2,"Liquefied natural gas, Japan",Energy,($/mmbtu),3.61,-0.82,-1.1,2.85,8.08,-0.48
1993-03-01,1993,3,"Liquefied natural gas, Japan",Energy,($/mmbtu),3.59,-0.55,-3.23,0.0,7.49,-0.44
1993-04-01,1993,4,"Liquefied natural gas, Japan",Energy,($/mmbtu),3.62,0.84,-0.55,2.55,8.38,0.48
1993-05-01,1993,5,"Liquefied natural gas, Japan",Energy,($/mmbtu),3.57,-1.38,-1.11,2.88,6.89,-0.98
1993-06-01,1993,6,"Liquefied natural gas, Japan",Energy,($/mmbtu),3.54,-0.84,-1.39,1.43,5.99,-0.68
1993-07-01,1993,7,"Liquefied natural gas, Japan",Energy,($/mmbtu),3.54,0.0,-2.21,-1.94,5.99,-0.08
1993-08-01,1993,8,"Liquefied natural gas, Japan",Energy,($/mmbtu),3.49,-1.41,-2.24,-4.38,4.49,-1.0
1993-09-01,1993,9,"Liquefied natural gas, Japan",Energy,($/mmbtu),3.48,-0.29,-1.69,-4.13,4.19,0.06
1993-10-01,1993,10,"Liquefied natural gas, Japan",Energy,($/mmbtu),3.39,-2.59,-4.24,-8.38,1.5,-1.82
1993-11-01,1993,11,"Liquefied natural gas, Japan",Energy,($/mmbtu),3.36,-0.88,-3.72,-7.95,0.6,-0.14
1993-12-01,1993,12,"Liquefied natural gas, Japan",Energy,($/mmbtu),3.25,-3.27,-6.61,-12.4,-2.69,-2.26
1994-01-01,1994,1,"Liquefied natural gas, Japan",Energy,($/mmbtu),3.12,-4.0,-7.96,-14.29,-4.88,-2.59
1994-02-01,1994,2,"Liquefied natural gas, Japan",Energy,($/mmbtu),3.19,2.24,-5.06,-11.63,-2.74,2.52
1994-03-01,1994,3,"Liquefied natural gas, Japan",Energy,($/mmbtu),3.15,-1.25,-3.08,-12.26,-3.96,-0.14
1994-04-01,1994,4,"Liquefied natural gas, Japan",Energy,($/mmbtu),3.07,-2.54,-1.6,-15.19,-6.4,-0.86
1994-05-01,1994,5,"Liquefied natural gas, Japan",Energy,($/mmbtu),3.06,-0.33,-4.08,-14.29,-6.71,0.62
1994-06-01,1994,6,"Liquefied natural gas, Japan",Energy,($/mmbtu),3.1,1.31,-1.59,-12.43,-5.49,1.53
1994-07-01,1994,7,"Liquefied natural gas, Japan",Energy,($/mmbtu),3.14,1.29,2.28,-11.3,-4.27,1.29
1994-08-01,1994,8,"Liquefied natural gas, Japan",Energy,($/mmbtu),3.24,3.18,5.88,-7.16,-1.22,2.15
1994-09-01,1994,9,"Liquefied natural gas, Japan",Energy,($/mmbtu),3.28,1.23,5.81,-5.75,0.0,0.81
1994-10-01,1994,10,"Liquefied natural gas, Japan",Energy,($/mmbtu),3.26,-0.61,3.82,-3.83,-0.61,-0.06
1994-11-01,1994,11,"Liquefied natural gas, Japan",Energy,($/mmbtu),3.26,0.0,0.62,-2.98,-0.61,0.14
1994-12-01,1994,12,"Liquefied natural gas, Japan",Energy,($/mmbtu),3.29,0.92,0.3,1.23,0.3,0.52
1995-01-01,1995,1,"Liquefied natural gas, Japan",Energy,($/mmbtu),3.36,2.13,3.07,7.69,-7.69,0.99
1995-02-01,1995,2,"Liquefied natural gas, Japan",Energy,($/mmbtu),3.4,1.19,4.29,6.58,-6.59,0.34
1995-03-01,1995,3,"Liquefied natural gas, Japan",Energy,($/mmbtu),3.46,1.76,5.17,9.84,-4.95,0.78
1995-04-01,1995,4,"Liquefied natural gas, Japan",Energy,($/mmbtu),3.45,-0.29,2.68,12.38,-5.22,-0.73
1995-05-01,1995,5,"Liquefied natural gas, Japan",Energy,($/mmbtu),3.53,2.32,3.82,15.36,-3.02,1.19
1995-06-01,1995,6,"Liquefied natural gas, Japan",Energy,($/mmbtu),3.56,0.85,2.89,14.84,-2.2,-0.32
1995-07-01,1995,7,"Liquefied natural gas, Japan",Energy,($/mmbtu),3.48,-2.25,0.87,10.83,-4.4,-3.08
1995-08-01,1995,8,"Liquefied natural gas, Japan",Energy,($/mmbtu),3.46,-0.57,-1.98,6.79,-4.95,-0.98
1995-09-01,1995,9,"Liquefied natural gas, Japan",Energy,($/mmbtu),3.46,0.0,-2.81,5.49,-4.95,-0.42
1995-10-01,1995,10,"Liquefied natural gas, Japan",Energy,($/mmbtu),3.45,-0.29,-0.86,5.83,-5.22,-0.56
1995-11-01,1995,11,"Liquefied natural gas, Japan",Energy,($/mmbtu),3.41,-1.16,-1.45,4.6,-6.32,-1.26
1995-12-01,1995,12,"Liquefied natural gas, Japan",Energy,($/mmbtu),3.37,-1.17,-2.6,2.43,-7.42,-1.12
1996-01-01,1996,1,"Liquefied natural gas, Japan",Energy,($/mmbtu),3.43,1.78,-0.58,2.08,-14.04,1.09
1996-02-01,1996,2,"Liquefied natural gas, Japan",Energy,($/mmbtu),3.48,1.46,2.05,2.35,-12.78,0.91
1996-03-01,1996,3,"Liquefied natural gas, Japan",Energy,($/mmbtu),3.47,-0.29,2.97,0.29,-13.03,-0.34
1996-04-01,1996,4,"Liquefied natural gas, Japan",Energy,($/mmbtu),3.56,2.59,3.79,3.19,-10.78,1.91
1996-05-01,1996,5,"Liquefied natural gas, Japan",Energy,($/mmbtu),3.6,1.12,3.45,1.98,-9.77,0.56
1996-06-01,1996,6,"Liquefied natural gas, Japan",Energy,($/mmbtu),3.6,0.0,3.75,1.12,-9.77,-0.12
1996-07-01,1996,7,"Liquefied natural gas, Japan",Energy,($/mmbtu),3.61,0.28,1.4,3.74,-9.52,0.13
1996-08-01,1996,8,"Liquefied natural gas, Japan",Energy,($/mmbtu),3.68,1.94,2.22,6.36,-7.77,1.37
1996-09-01,1996,9,"Liquefied natural gas, Japan",Energy,($/mmbtu),3.68,0.0,2.22,6.36,-7.77,-0.42
1996-10-01,1996,10,"Liquefied natural gas, Japan",Energy,($/mmbtu),3.79,2.99,4.99,9.86,-5.01,2.0
1996-11-01,1996,11,"Liquefied natural gas, Japan",Energy,($/mmbtu),4.03,6.33,9.51,18.18,1.0,3.98
1996-12-01,1996,12,"Liquefied natural gas, Japan",Energy,($/mmbtu),4.08,1.24,10.87,21.07,2.26,-0.09
1997-01-01,1997,1,"Liquefied natural gas, Japan",Energy,($/mmbtu),4.13,1.23,8.97,20.41,14.72,-0.22
1997-02-01,1997,2,"Liquefied natural gas, Japan",Energy,($/mmbtu),4.22,2.18,4.71,21.26,20.23,0.33
1997-03-01,1997,3,"Liquefied natural gas, Japan",Energy,($/mmbtu),4.25,0.71,4.17,22.48,18.38,-0.51
1997-04-01,1997,4,"Liquefied natural gas, Japan",Energy,($/mmbtu),4.07,-4.24,-1.45,14.33,15.3,-3.4
1997-05-01,1997,5,"Liquefied natural gas, Japan",Energy,($/mmbtu),4.03,-0.98,-4.5,11.94,16.14,-0.88
1997-06-01,1997,6,"Liquefied natural gas, Japan",Energy,($/mmbtu),4.03,0.0,-5.18,11.94,15.47,-0.39
1997-07-01,1997,7,"Liquefied natural gas, Japan",Energy,($/mmbtu),3.89,-3.47,-4.42,7.76,7.76,-1.78
1997-08-01,1997,8,"Liquefied natural gas, Japan",Energy,($/mmbtu),3.69,-5.14,-8.44,0.27,1.1,-2.07
1997-09-01,1997,9,"Liquefied natural gas, Japan",Energy,($/mmbtu),3.69,0.0,-8.44,0.27,1.65,-0.02
1997-10-01,1997,10,"Liquefied natural gas, Japan",Energy,($/mmbtu),3.62,-1.9,-6.94,-4.49,-2.16,-0.61
1997-11-01,1997,11,"Liquefied natural gas, Japan",Energy,($/mmbtu),3.68,1.66,-0.27,-8.68,0.82,0.64
1997-12-01,1997,12,"Liquefied natural gas, Japan",Energy,($/mmbtu),3.6,-2.17,-2.44,-11.76,-2.96,-0.59
1998-01-01,1998,1,"Liquefied natural gas, Japan",Energy,($/mmbtu),3.54,-1.67,-2.21,-14.29,-2.75,-0.27
1998-02-01,1998,2,"Liquefied natural gas, Japan",Energy,($/mmbtu),3.43,-3.11,-6.79,-18.72,-4.99,-0.81
1998-03-01,1998,3,"Liquefied natural gas, Japan",Energy,($/mmbtu),3.44,0.29,-4.44,-19.06,-4.18,0.96
1998-04-01,1998,4,"Liquefied natural gas, Japan",Energy,($/mmbtu),3.19,-7.27,-9.89,-21.62,-11.88,-2.73
1998-05-01,1998,5,"Liquefied natural gas, Japan",Energy,($/mmbtu),3.0,-5.96,-12.54,-25.56,-15.97,-1.59
1998-06-01,1998,6,"Liquefied natural gas, Japan",Energy,($/mmbtu),3.0,0.0,-12.79,-25.56,-15.25,0.88
1998-07-01,1998,7,"Liquefied natural gas, Japan",Energy,($/mmbtu),2.84,-5.33,-10.97,-26.99,-19.77,-1.08
1998-08-01,1998,8,"Liquefied natural gas, Japan",Energy,($/mmbtu),2.79,-1.76,-7.0,-24.39,-20.06,0.28
1998-09-01,1998,9,"Liquefied natural gas, Japan",Energy,($/mmbtu),2.74,-1.79,-8.67,-25.75,-21.26,0.17
1998-10-01,1998,10,"Liquefied natural gas, Japan",Energy,($/mmbtu),2.76,0.73,-2.82,-23.76,-18.58,1.19
1998-11-01,1998,11,"Liquefied natural gas, Japan",Energy,($/mmbtu),2.78,0.72,-0.36,-24.46,-17.26,1.05
1998-12-01,1998,12,"Liquefied natural gas, Japan",Energy,($/mmbtu),2.72,-2.16,-0.73,-24.44,-16.31,0.04
1999-01-01,1999,1,"Liquefied natural gas, Japan",Energy,($/mmbtu),2.77,1.84,0.36,-21.75,-11.22,1.53
1999-02-01,1999,2,"Liquefied natural gas, Japan",Energy,($/mmbtu),2.78,0.36,0.0,-18.95,-12.85,0.8
1999-03-01,1999,3,"Liquefied natural gas, Japan",Energy,($/mmbtu),2.78,0.0,2.21,-19.19,-11.75,0.57
1999-04-01,1999,4,"Liquefied natural gas, Japan",Energy,($/mmbtu),2.76,-0.72,-0.36,-13.48,-10.1,0.34
1999-05-01,1999,5,"Liquefied natural gas, Japan",Energy,($/mmbtu),2.88,4.35,3.6,-4.0,-5.88,2.3
1999-06-01,1999,6,"Liquefied natural gas, Japan",Energy,($/mmbtu),2.93,1.74,5.4,-2.33,-5.48,0.86
1999-07-01,1999,7,"Liquefied natural gas, Japan",Energy,($/mmbtu),2.99,2.05,8.33,5.28,-4.78,0.9
1999-08-01,1999,8,"Liquefied natural gas, Japan",Energy,($/mmbtu),3.17,6.02,10.07,13.62,-2.16,2.93
1999-09-01,1999,9,"Liquefied natural gas, Japan",Energy,($/mmbtu),3.35,5.68,14.33,22.26,2.13,1.95
1999-10-01,1999,10,"Liquefied natural gas, Japan",Energy,($/mmbtu),3.57,6.57,19.4,29.35,9.51,1.94
1999-11-01,1999,11,"Liquefied natural gas, Japan",Energy,($/mmbtu),3.73,4.48,17.67,34.17,14.42,0.8
1999-12-01,1999,12,"Liquefied natural gas, Japan",Energy,($/mmbtu),3.94,5.63,17.61,44.85,19.76,1.09
2000-01-01,2000,1,"Liquefied natural gas, Japan",Energy,($/mmbtu),4.15,5.33,16.25,49.82,23.51,0.84
2000-02-01,2000,2,"Liquefied natural gas, Japan",Energy,($/mmbtu),4.21,1.45,12.87,51.44,23.82,-0.77
2000-03-01,2000,3,"Liquefied natural gas, Japan",Energy,($/mmbtu),4.46,5.94,13.2,60.43,28.9,0.95
2000-04-01,2000,4,"Liquefied natural gas, Japan",Energy,($/mmbtu),4.64,4.04,11.81,68.12,34.49,-0.0
2000-05-01,2000,5,"Liquefied natural gas, Japan",Energy,($/mmbtu),4.53,-2.37,7.6,57.29,28.33,-3.81
2000-06-01,2000,6,"Liquefied natural gas, Japan",Energy,($/mmbtu),4.74,4.64,6.28,61.77,33.15,0.28
2000-07-01,2000,7,"Liquefied natural gas, Japan",Energy,($/mmbtu),4.86,2.53,4.74,62.54,39.66,-0.62
2000-08-01,2000,8,"Liquefied natural gas, Japan",Energy,($/mmbtu),4.84,-0.41,6.84,52.68,39.88,-1.8
2000-09-01,2000,9,"Liquefied natural gas, Japan",Energy,($/mmbtu),4.9,1.24,3.38,46.27,41.62,-0.86
2000-10-01,2000,10,"Liquefied natural gas, Japan",Energy,($/mmbtu),5.04,2.86,3.7,41.18,46.09,-0.14
2000-11-01,2000,11,"Liquefied natural gas, Japan",Energy,($/mmbtu),5.13,1.79,5.99,37.53,50.44,-0.45
2000-12-01,2000,12,"Liquefied natural gas, Japan",Energy,($/mmbtu),5.05,-1.56,3.06,28.17,49.85,-1.68
2001-01-01,2001,1,"Liquefied natural gas, Japan",Energy,($/mmbtu),4.88,-3.37,-3.17,17.59,42.27,-2.07
2001-02-01,2001,2,"Liquefied natural gas, Japan",Energy,($/mmbtu),4.8,-1.64,-6.43,14.01,37.93,-1.06
2001-03-01,2001,3,"Liquefied natural gas, Japan",Energy,($/mmbtu),4.87,1.46,-3.56,9.19,40.35,0.11
2001-04-01,2001,4,"Liquefied natural gas, Japan",Energy,($/mmbtu),4.73,-2.87,-3.07,1.94,32.87,-1.4
2001-05-01,2001,5,"Liquefied natural gas, Japan",Energy,($/mmbtu),4.66,-1.48,-2.92,2.87,29.44,-0.65
2001-06-01,2001,6,"Liquefied natural gas, Japan",Energy,($/mmbtu),4.69,0.64,-3.7,-1.05,30.28,0.15
2001-07-01,2001,7,"Liquefied natural gas, Japan",Energy,($/mmbtu),4.66,-0.64,-1.48,-4.12,29.09,-0.27
2001-08-01,2001,8,"Liquefied natural gas, Japan",Energy,($/mmbtu),4.54,-2.58,-2.58,-6.2,23.37,-1.15
2001-09-01,2001,9,"Liquefied natural gas, Japan",Energy,($/mmbtu),4.54,0.0,-3.2,-7.35,23.37,0.25
2001-10-01,2001,10,"Liquefied natural gas, Japan",Energy,($/mmbtu),4.59,1.1,-1.5,-8.93,21.11,0.87
2001-11-01,2001,11,"Liquefied natural gas, Japan",Energy,($/mmbtu),4.38,-4.58,-3.52,-14.62,8.68,-2.17
2001-12-01,2001,12,"Liquefied natural gas, Japan",Energy,($/mmbtu),4.27,-2.51,-5.95,-15.45,4.66,-0.65
2002-01-01,2002,1,"Liquefied natural gas, Japan",Energy,($/mmbtu),4.21,-1.41,-8.28,-13.73,1.94,-0.02
2002-02-01,2002,2,"Liquefied natural gas, Japan",Energy,($/mmbtu),4.12,-2.14,-5.94,-14.17,-2.37,-0.52
2002-03-01,2002,3,"Liquefied natural gas, Japan",Energy,($/mmbtu),3.99,-3.16,-6.56,-18.07,-6.12,-1.05
2002-04-01,2002,4,"Liquefied natural gas, Japan",Energy,($/mmbtu),3.96,-0.75,-5.94,-16.28,-2.7,0.53
2002-05-01,2002,5,"Liquefied natural gas, Japan",Energy,($/mmbtu),4.01,1.26,-2.67,-13.95,-0.5,1.66
2002-06-01,2002,6,"Liquefied natural gas, Japan",Energy,($/mmbtu),4.06,1.25,1.75,-13.43,0.74,1.36
2002-07-01,2002,7,"Liquefied natural gas, Japan",Energy,($/mmbtu),4.56,12.32,15.15,-2.15,17.22,7.16
2002-08-01,2002,8,"Liquefied natural gas, Japan",Energy,($/mmbtu),4.35,-4.61,8.48,-4.19,17.89,-1.04
2002-09-01,2002,9,"Liquefied natural gas, Japan",Energy,($/mmbtu),4.46,2.53,9.85,-1.76,20.87,0.62
2002-10-01,2002,10,"Liquefied natural gas, Japan",Energy,($/mmbtu),4.54,1.79,-0.44,-1.09,25.41,0.41
2002-11-01,2002,11,"Liquefied natural gas, Japan",Energy,($/mmbtu),4.56,0.44,4.83,4.11,23.91,0.1
2002-12-01,2002,12,"Liquefied natural gas, Japan",Energy,($/mmbtu),4.56,0.0,2.24,6.79,26.67,-0.1
2003-01-01,2003,1,"Liquefied natural gas, Japan",Energy,($/mmbtu),4.69,2.85,3.3,11.4,32.49,0.52
2003-02-01,2003,2,"Liquefied natural gas, Japan",Energy,($/mmbtu),4.8,2.35,5.26,16.5,39.94,0.32
2003-03-01,2003,3,"Liquefied natural gas, Japan",Energy,($/mmbtu),4.78,-0.42,4.82,19.8,38.95,-0.43
2003-04-01,2003,4,"Liquefied natural gas, Japan",Energy,($/mmbtu),4.78,0.0,1.92,20.71,49.84,-0.4
2003-05-01,2003,5,"Liquefied natural gas, Japan",Energy,($/mmbtu),4.74,-0.84,-1.25,18.2,58.0,-0.64
2003-06-01,2003,6,"Liquefied natural gas, Japan",Energy,($/mmbtu),4.77,0.63,-0.21,17.49,59.0,-0.21
2003-07-01,2003,7,"Liquefied natural gas, Japan",Energy,($/mmbtu),4.75,-0.42,-0.63,4.17,67.25,-0.46
2003-08-01,2003,8,"Liquefied natural gas, Japan",Energy,($/mmbtu),4.67,-1.68,-1.48,7.36,67.38,-1.02
2003-09-01,2003,9,"Liquefied natural gas, Japan",Energy,($/mmbtu),4.7,0.64,-1.47,5.38,71.53,0.03
2003-10-01,2003,10,"Liquefied natural gas, Japan",Energy,($/mmbtu),4.62,-1.7,-2.74,1.76,67.39,-1.62
2003-11-01,2003,11,"Liquefied natural gas, Japan",Energy,($/mmbtu),4.72,2.16,1.07,3.51,69.78,1.45
2003-12-01,2003,12,"Liquefied natural gas, Japan",Energy,($/mmbtu),4.75,0.64,1.06,4.17,74.63,0.22
2004-01-01,2004,1,"Liquefied natural gas, Japan",Energy,($/mmbtu),4.75,0.0,2.81,1.28,71.48,-0.23
2004-02-01,2004,2,"Liquefied natural gas, Japan",Energy,($/mmbtu),4.81,1.26,1.91,0.21,73.02,0.9
2004-03-01,2004,3,"Liquefied natural gas, Japan",Energy,($/mmbtu),4.88,1.46,2.74,2.09,75.54,1.26
2004-04-01,2004,4,"Liquefied natural gas, Japan",Energy,($/mmbtu),4.91,0.61,3.37,2.72,77.9,0.36
2004-05-01,2004,5,"Liquefied natural gas, Japan",Energy,($/mmbtu),4.91,0.0,2.08,3.59,70.49,-0.19
2004-06-01,2004,6,"Liquefied natural gas, Japan",Energy,($/mmbtu),5.04,2.65,3.28,5.66,72.01,2.02
2004-07-01,2004,7,"Liquefied natural gas, Japan",Energy,($/mmbtu),5.07,0.6,3.26,6.74,69.57,0.09
2004-08-01,2004,8,"Liquefied natural gas, Japan",Energy,($/mmbtu),5.16,1.78,5.09,10.49,62.78,0.93
2004-09-01,2004,9,"Liquefied natural gas, Japan",Energy,($/mmbtu),5.43,5.23,7.74,15.53,62.09,3.82
2004-10-01,2004,10,"Liquefied natural gas, Japan",Energy,($/mmbtu),5.55,2.21,9.47,20.13,55.46,0.58
2004-11-01,2004,11,"Liquefied natural gas, Japan",Energy,($/mmbtu),5.45,-1.8,5.62,15.47,46.11,-2.31
2004-12-01,2004,12,"Liquefied natural gas, Japan",Energy,($/mmbtu),5.57,2.2,2.58,17.26,41.37,0.57
2005-01-01,2005,1,"Liquefied natural gas, Japan",Energy,($/mmbtu),5.42,-2.69,-2.34,14.11,30.6,-2.33
2005-02-01,2005,2,"Liquefied natural gas, Japan",Energy,($/mmbtu),5.58,2.95,2.39,16.01,32.54,0.88
2005-03-01,2005,3,"Liquefied natural gas, Japan",Energy,($/mmbtu),5.59,0.18,0.36,14.55,25.34,-0.51
2005-04-01,2005,4,"Liquefied natural gas, Japan",Energy,($/mmbtu),5.67,1.43,4.61,15.48,22.2,0.13
2005-05-01,2005,5,"Liquefied natural gas, Japan",Energy,($/mmbtu),5.74,1.23,2.87,16.9,26.71,0.0
2005-06-01,2005,6,"Liquefied natural gas, Japan",Energy,($/mmbtu),5.68,-1.05,1.61,12.7,19.83,-1.12
2005-07-01,2005,7,"Liquefied natural gas, Japan",Energy,($/mmbtu),6.03,6.16,6.35,18.93,24.07,2.36
2005-08-01,2005,8,"Liquefied natural gas, Japan",Energy,($/mmbtu),6.2,2.82,8.01,20.16,28.1,0.51
2005-09-01,2005,9,"Liquefied natural gas, Japan",Energy,($/mmbtu),6.39,3.06,12.5,17.68,30.41,0.56
2005-10-01,2005,10,"Liquefied natural gas, Japan",Energy,($/mmbtu),6.48,1.41,7.46,16.76,28.57,0.01
2005-11-01,2005,11,"Liquefied natural gas, Japan",Energy,($/mmbtu),6.61,2.01,6.61,21.28,28.85,0.28
2005-12-01,2005,12,"Liquefied natural gas, Japan",Energy,($/mmbtu),6.49,-1.82,1.56,16.52,28.51,-1.56
2006-01-01,2006,1,"Liquefied natural gas, Japan",Energy,($/mmbtu),6.53,0.62,0.77,20.48,33.81,-0.29
2006-02-01,2006,2,"Liquefied natural gas, Japan",Energy,($/mmbtu),7.04,7.81,6.51,26.16,46.67,2.97
2006-03-01,2006,3,"Liquefied natural gas, Japan",Energy,($/mmbtu),6.88,-2.27,6.01,23.08,41.27,-1.55
2006-04-01,2006,4,"Liquefied natural gas, Japan",Energy,($/mmbtu),6.93,0.73,6.13,22.22,46.51,-0.36
2006-05-01,2006,5,"Liquefied natural gas, Japan",Energy,($/mmbtu),6.92,-0.14,-1.7,20.56,48.5,-0.62
2006-06-01,2006,6,"Liquefied natural gas, Japan",Energy,($/mmbtu),7.1,2.6,3.2,25.0,51.39,0.33
2006-07-01,2006,7,"Liquefied natural gas, Japan",Energy,($/mmbtu),6.86,-3.38,-1.01,13.76,47.21,-1.81
2006-08-01,2006,8,"Liquefied natural gas, Japan",Energy,($/mmbtu),7.23,5.39,4.48,16.61,59.25,1.44
2006-09-01,2006,9,"Liquefied natural gas, Japan",Energy,($/mmbtu),7.65,5.81,7.75,19.72,68.5,1.4
2006-10-01,2006,10,"Liquefied natural gas, Japan",Energy,($/mmbtu),7.2,-5.88,4.96,11.11,56.86,-2.18
2006-11-01,2006,11,"Liquefied natural gas, Japan",Energy,($/mmbtu),7.21,0.14,-0.28,9.08,64.61,-0.2
2006-12-01,2006,12,"Liquefied natural gas, Japan",Energy,($/mmbtu),7.35,1.94,-3.92,13.25,72.13,0.28
2007-01-01,2007,1,"Liquefied natural gas, Japan",Energy,($/mmbtu),7.11,-3.27,-1.25,8.88,68.88,-1.11
2007-02-01,2007,2,"Liquefied natural gas, Japan",Energy,($/mmbtu),6.89,-3.09,-4.44,-2.13,67.23,-0.94
2007-03-01,2007,3,"Liquefied natural gas, Japan",Energy,($/mmbtu),6.86,-0.44,-6.67,-0.29,71.93,-0.09
2007-04-01,2007,4,"Liquefied natural gas, Japan",Energy,($/mmbtu),7.09,3.35,-0.28,2.31,79.04,0.93
2007-05-01,2007,5,"Liquefied natural gas, Japan",Energy,($/mmbtu),7.22,1.83,4.79,4.34,80.05,0.43
2007-06-01,2007,6,"Liquefied natural gas, Japan",Energy,($/mmbtu),7.11,-1.52,3.64,0.14,75.12,-0.52
2007-07-01,2007,7,"Liquefied natural gas, Japan",Energy,($/mmbtu),7.26,2.11,2.4,5.83,59.21,0.55
2007-08-01,2007,8,"Liquefied natural gas, Japan",Energy,($/mmbtu),7.7,6.06,6.65,6.5,77.01,1.55
2007-09-01,2007,9,"Liquefied natural gas, Japan",Energy,($/mmbtu),8.09,5.06,13.78,5.75,81.39,1.23
2007-10-01,2007,10,"Liquefied natural gas, Japan",Energy,($/mmbtu),8.55,5.69,17.77,18.75,88.33,1.45
2007-11-01,2007,11,"Liquefied natural gas, Japan",Energy,($/mmbtu),9.14,6.9,18.7,26.77,100.44,1.68
2007-12-01,2007,12,"Liquefied natural gas, Japan",Energy,($/mmbtu),9.18,0.44,13.47,24.9,101.32,-0.46
2008-01-01,2008,1,"Liquefied natural gas, Japan",Energy,($/mmbtu),9.94,8.28,16.26,39.8,111.94,1.78
2008-02-01,2008,2,"Liquefied natural gas, Japan",Energy,($/mmbtu),10.46,5.23,14.44,51.81,117.92,0.65
2008-03-01,2008,3,"Liquefied natural gas, Japan",Energy,($/mmbtu),10.96,4.78,19.39,59.77,129.29,0.39
2008-04-01,2008,4,"Liquefied natural gas, Japan",Energy,($/mmbtu),11.42,4.2,14.89,61.07,138.91,0.06
2008-05-01,2008,5,"Liquefied natural gas, Japan",Energy,($/mmbtu),11.63,1.84,11.19,61.08,145.36,-0.79
2008-06-01,2008,6,"Liquefied natural gas, Japan",Energy,($/mmbtu),12.07,3.78,10.13,69.76,153.04,-0.11
2008-07-01,2008,7,"Liquefied natural gas, Japan",Energy,($/mmbtu),12.35,2.32,8.14,70.11,160.0,-0.99
2008-08-01,2008,8,"Liquefied natural gas, Japan",Energy,($/mmbtu),13.25,7.29,13.93,72.08,183.73,1.24
2008-09-01,2008,9,"Liquefied natural gas, Japan",Energy,($/mmbtu),14.39,8.6,19.22,77.87,206.17,1.71
2008-10-01,2008,10,"Liquefied natural gas, Japan",Energy,($/mmbtu),15.01,4.31,21.54,75.56,224.89,-0.25
2008-11-01,2008,11,"Liquefied natural gas, Japan",Energy,($/mmbtu),15.06,0.33,13.66,64.77,219.07,-1.75
2008-12-01,2008,12,"Liquefied natural gas, Japan",Energy,($/mmbtu),13.78,-8.5,-4.24,50.11,190.11,-4.59
2009-01-01,2009,1,"Liquefied natural gas, Japan",Energy,($/mmbtu),12.71,-7.76,-15.32,27.87,167.58,-2.49
2009-02-01,2009,2,"Liquefied natural gas, Japan",Energy,($/mmbtu),10.52,-17.23,-30.15,0.57,118.71,-3.65
2009-03-01,2009,3,"Liquefied natural gas, Japan",Energy,($/mmbtu),9.48,-9.89,-31.2,-13.5,94.26,-1.34
2009-04-01,2009,4,"Liquefied natural gas, Japan",Energy,($/mmbtu),8.12,-14.35,-36.11,-28.9,65.38,-1.68
2009-05-01,2009,5,"Liquefied natural gas, Japan",Energy,($/mmbtu),7.5,-7.64,-28.71,-35.51,52.75,-0.6
2009-06-01,2009,6,"Liquefied natural gas, Japan",Energy,($/mmbtu),7.18,-4.27,-24.26,-40.51,42.46,-0.12
2009-07-01,2009,7,"Liquefied natural gas, Japan",Energy,($/mmbtu),7.55,5.15,-7.02,-38.87,48.92,1.08
2009-08-01,2009,8,"Liquefied natural gas, Japan",Energy,($/mmbtu),7.76,2.78,3.47,-41.43,50.39,0.75
2009-09-01,2009,9,"Liquefied natural gas, Japan",Energy,($/mmbtu),8.42,8.51,17.27,-41.49,55.06,1.53
2009-10-01,2009,10,"Liquefied natural gas, Japan",Energy,($/mmbtu),9.1,8.08,20.53,-39.37,63.96,1.48
2009-11-01,2009,11,"Liquefied natural gas, Japan",Energy,($/mmbtu),9.13,0.33,17.65,-39.38,67.52,0.47
2009-12-01,2009,12,"Liquefied natural gas, Japan",Energy,($/mmbtu),9.76,6.9,15.91,-29.17,75.22,1.24
2010-01-01,2010,1,"Liquefied natural gas, Japan",Energy,($/mmbtu),10.02,2.66,10.11,-21.16,84.87,0.57
2010-02-01,2010,2,"Liquefied natural gas, Japan",Energy,($/mmbtu),10.52,4.99,15.22,0.0,88.53,0.74
2010-03-01,2010,3,"Liquefied natural gas, Japan",Energy,($/mmbtu),10.42,-0.95,6.76,9.92,86.4,-0.16
2010-04-01,2010,4,"Liquefied natural gas, Japan",Energy,($/mmbtu),10.98,5.37,9.58,35.22,93.65,0.63
2010-05-01,2010,5,"Liquefied natural gas, Japan",Energy,($/mmbtu),11.39,3.73,8.27,51.87,98.43,0.22
2010-06-01,2010,6,"Liquefied natural gas, Japan",Energy,($/mmbtu),10.48,-7.99,0.58,45.96,84.51,-3.07
2010-07-01,2010,7,"Liquefied natural gas, Japan",Energy,($/mmbtu),11.32,8.02,3.1,49.93,87.73,1.03
2010-08-01,2010,8,"Liquefied natural gas, Japan",Energy,($/mmbtu),11.3,-0.18,-0.79,45.62,82.26,-0.78
2010-09-01,2010,9,"Liquefied natural gas, Japan",Energy,($/mmbtu),11.03,-2.39,5.25,31.0,72.61,-1.17
2010-10-01,2010,10,"Liquefied natural gas, Japan",Energy,($/mmbtu),11.13,0.91,-1.68,22.31,71.76,-0.31
2010-11-01,2010,11,"Liquefied natural gas, Japan",Energy,($/mmbtu),10.84,-2.61,-4.07,18.73,63.99,-0.98
2010-12-01,2010,12,"Liquefied natural gas, Japan",Energy,($/mmbtu),10.75,-0.83,-2.54,10.14,65.64,-0.51
2011-01-01,2011,1,"Liquefied natural gas, Japan",Energy,($/mmbtu),11.45,6.51,2.88,14.27,75.34,1.29
2011-02-01,2011,2,"Liquefied natural gas, Japan",Energy,($/mmbtu),12.02,4.98,10.89,14.26,70.74,0.81
2011-03-01,2011,3,"Liquefied natural gas, Japan",Energy,($/mmbtu),12.5,3.99,16.28,19.96,81.69,0.6
2011-04-01,2011,4,"Liquefied natural gas, Japan",Energy,($/mmbtu),12.99,3.92,13.45,18.31,87.45,0.49
2011-05-01,2011,5,"Liquefied natural gas, Japan",Energy,($/mmbtu),13.61,4.77,13.23,19.49,96.68,0.72
2011-06-01,2011,6,"Liquefied natural gas, Japan",Energy,($/mmbtu),14.52,6.69,16.16,38.55,104.51,1.11
2011-07-01,2011,7,"Liquefied natural gas, Japan",Energy,($/mmbtu),16.22,11.71,24.87,43.29,136.44,2.41
2011-08-01,2011,8,"Liquefied natural gas, Japan",Energy,($/mmbtu),16.55,2.03,21.6,46.46,128.91,-0.26
2011-09-01,2011,9,"Liquefied natural gas, Japan",Energy,($/mmbtu),16.27,-1.69,12.05,47.51,112.68,-1.2
2011-10-01,2011,10,"Liquefied natural gas, Japan",Energy,($/mmbtu),16.48,1.29,1.6,48.07,128.89,-0.51
2011-11-01,2011,11,"Liquefied natural gas, Japan",Energy,($/mmbtu),16.78,1.82,1.39,54.8,132.73,-0.39
2011-12-01,2011,12,"Liquefied natural gas, Japan",Energy,($/mmbtu),16.48,-1.79,1.29,53.3,124.22,-1.53
2012-01-01,2012,1,"Liquefied natural gas, Japan",Energy,($/mmbtu),16.71,1.4,1.4,45.94,135.02,-0.61
2012-02-01,2012,2,"Liquefied natural gas, Japan",Energy,($/mmbtu),16.03,-4.07,-4.47,33.36,132.66,-1.98
2012-03-01,2012,3,"Liquefied natural gas, Japan",Energy,($/mmbtu),16.34,1.93,-0.85,30.72,138.19,-0.14
2012-04-01,2012,4,"Liquefied natural gas, Japan",Energy,($/mmbtu),16.85,3.12,0.84,29.72,137.66,0.19
2012-05-01,2012,5,"Liquefied natural gas, Japan",Energy,($/mmbtu),17.12,1.6,6.8,25.79,137.12,-0.16
2012-06-01,2012,6,"Liquefied natural gas, Japan",Energy,($/mmbtu),17.2,0.47,5.26,18.46,141.91,-0.38
2012-07-01,2012,7,"Liquefied natural gas, Japan",Energy,($/mmbtu),18.11,5.29,7.48,11.65,149.45,1.0
2012-08-01,2012,8,"Liquefied natural gas, Japan",Energy,($/mmbtu),17.74,-2.04,3.62,7.19,130.39,-1.21
2012-09-01,2012,9,"Liquefied natural gas, Japan",Energy,($/mmbtu),16.83,-5.13,-2.15,3.44,108.03,-2.22
2012-10-01,2012,10,"Liquefied natural gas, Japan",Energy,($/mmbtu),15.3,-9.09,-15.52,-7.16,78.95,-3.12
2012-11-01,2012,11,"Liquefied natural gas, Japan",Energy,($/mmbtu),15.0,-1.96,-15.45,-10.61,64.11,-0.35
2012-12-01,2012,12,"Liquefied natural gas, Japan",Energy,($/mmbtu),15.41,2.73,-8.44,-6.49,67.86,0.9
2013-01-01,2013,1,"Liquefied natural gas, Japan",Energy,($/mmbtu),15.89,3.11,3.86,-4.91,59.86,0.88
2013-02-01,2013,2,"Liquefied natural gas, Japan",Energy,($/mmbtu),16.47,3.65,9.8,2.74,57.46,0.95
2013-03-01,2013,3,"Liquefied natural gas, Japan",Energy,($/mmbtu),16.27,-1.21,5.58,-0.43,48.45,-0.37
2013-04-01,2013,4,"Liquefied natural gas, Japan",Energy,($/mmbtu),16.2,-0.43,1.95,-3.86,41.86,-0.11
2013-05-01,2013,5,"Liquefied natural gas, Japan",Energy,($/mmbtu),16.22,0.12,-1.52,-5.26,39.47,0.09
2013-06-01,2013,6,"Liquefied natural gas, Japan",Energy,($/mmbtu),16.61,2.4,2.09,-3.43,37.61,0.7
2013-07-01,2013,7,"Liquefied natural gas, Japan",Energy,($/mmbtu),16.17,-2.65,-0.19,-10.71,30.93,-0.6
2013-08-01,2013,8,"Liquefied natural gas, Japan",Energy,($/mmbtu),15.6,-3.53,-3.82,-12.06,17.74,-0.71
2013-09-01,2013,9,"Liquefied natural gas, Japan",Energy,($/mmbtu),14.96,-4.1,-9.93,-11.11,3.96,-0.82
2013-10-01,2013,10,"Liquefied natural gas, Japan",Energy,($/mmbtu),15.3,2.27,-5.38,0.0,1.93,0.86
2013-11-01,2013,11,"Liquefied natural gas, Japan",Energy,($/mmbtu),15.4,0.65,-1.28,2.67,2.26,0.22
2013-12-01,2013,12,"Liquefied natural gas, Japan",Energy,($/mmbtu),16.38,6.36,9.49,6.29,18.87,2.28
2014-01-01,2014,1,"Liquefied natural gas, Japan",Energy,($/mmbtu),16.67,1.77,8.95,4.91,31.16,0.39
2014-02-01,2014,2,"Liquefied natural gas, Japan",Energy,($/mmbtu),16.76,0.54,8.83,1.76,59.32,0.03
2014-03-01,2014,3,"Liquefied natural gas, Japan",Energy,($/mmbtu),16.55,-1.25,1.04,1.72,74.58,-0.49
2014-04-01,2014,4,"Liquefied natural gas, Japan",Energy,($/mmbtu),16.79,1.45,0.72,3.64,106.77,0.44
2014-05-01,2014,5,"Liquefied natural gas, Japan",Energy,($/mmbtu),16.32,-2.8,-2.63,0.62,117.6,-1.07
2014-06-01,2014,6,"Liquefied natural gas, Japan",Energy,($/mmbtu),16.13,-1.16,-2.54,-2.89,124.65,-0.41
2014-07-01,2014,7,"Liquefied natural gas, Japan",Energy,($/mmbtu),15.21,-5.7,-9.41,-5.94,101.46,-1.84
2014-08-01,2014,8,"Liquefied natural gas, Japan",Energy,($/mmbtu),15.74,3.48,-3.55,0.9,102.84,1.19
2014-09-01,2014,9,"Liquefied natural gas, Japan",Energy,($/mmbtu),15.16,-3.68,-6.01,1.34,80.05,-1.14
2014-10-01,2014,10,"Liquefied natural gas, Japan",Energy,($/mmbtu),15.89,4.82,4.47,3.86,74.62,1.41
2014-11-01,2014,11,"Liquefied natural gas, Japan",Energy,($/mmbtu),15.59,-1.89,-0.95,1.23,70.76,-0.64
2014-12-01,2014,12,"Liquefied natural gas, Japan",Energy,($/mmbtu),15.62,0.19,3.03,-4.64,60.04,0.01
2015-01-01,2015,1,"Liquefied natural gas, Japan",Energy,($/mmbtu),16.19,3.65,1.89,-2.88,61.58,1.33
2015-02-01,2015,2,"Liquefied natural gas, Japan",Energy,($/mmbtu),14.2,-12.29,-8.92,-15.27,34.98,-3.81
2015-03-01,2015,3,"Liquefied natural gas, Japan",Energy,($/mmbtu),13.04,-8.17,-16.52,-21.21,25.14,-1.47
2015-04-01,2015,4,"Liquefied natural gas, Japan",Energy,($/mmbtu),10.94,-16.1,-32.43,-34.84,-0.36,-2.79
2015-05-01,2015,5,"Liquefied natural gas, Japan",Energy,($/mmbtu),9.34,-14.63,-34.23,-42.77,-18.0,-1.76
2015-06-01,2015,6,"Liquefied natural gas, Japan",Energy,($/mmbtu),9.19,-1.61,-29.52,-43.03,-12.31,0.37
2015-07-01,2015,7,"Liquefied natural gas, Japan",Energy,($/mmbtu),9.5,3.37,-13.16,-37.54,-16.08,1.07
2015-08-01,2015,8,"Liquefied natural gas, Japan",Energy,($/mmbtu),9.82,3.37,5.14,-37.61,-13.1,0.93
2015-09-01,2015,9,"Liquefied natural gas, Japan",Energy,($/mmbtu),10.31,4.99,12.19,-31.99,-6.53,1.15
2015-10-01,2015,10,"Liquefied natural gas, Japan",Energy,($/mmbtu),10.11,-1.94,6.42,-36.38,-9.16,0.12
2015-11-01,2015,11,"Liquefied natural gas, Japan",Energy,($/mmbtu),9.52,-5.84,-3.05,-38.94,-12.18,-0.32
2015-12-01,2015,12,"Liquefied natural gas, Japan",Energy,($/mmbtu),9.08,-4.62,-11.93,-41.87,-15.53,-0.12
2016-01-01,2016,1,"Liquefied natural gas, Japan",Energy,($/mmbtu),8.4,-7.49,-16.91,-48.12,-26.64,-0.45
2016-02-01,2016,2,"Liquefied natural gas, Japan",Energy,($/mmbtu),8.56,1.9,-10.08,-39.72,-28.79,0.99
2016-03-01,2016,3,"Liquefied natural gas, Japan",Energy,($/mmbtu),7.74,-9.58,-14.76,-40.64,-38.08,-0.82
2016-04-01,2016,4,"Liquefied natural gas, Japan",Energy,($/mmbtu),6.82,-11.89,-18.81,-37.66,-47.5,-1.12
2016-05-01,2016,5,"Liquefied natural gas, Japan",Energy,($/mmbtu),6.27,-8.06,-26.75,-32.87,-53.93,-0.68
2016-06-01,2016,6,"Liquefied natural gas, Japan",Energy,($/mmbtu),6.4,2.07,-17.31,-30.36,-55.92,0.92
2016-07-01,2016,7,"Liquefied natural gas, Japan",Energy,($/mmbtu),6.76,5.62,-0.88,-28.84,-58.32,1.45
2016-08-01,2016,8,"Liquefied natural gas, Japan",Energy,($/mmbtu),7.14,5.62,13.88,-27.29,-56.86,1.36
2016-09-01,2016,9,"Liquefied natural gas, Japan",Energy,($/mmbtu),7.54,5.6,17.81,-26.87,-53.66,1.27
2016-10-01,2016,10,"Liquefied natural gas, Japan",Energy,($/mmbtu),7.65,1.46,13.17,-24.33,-53.58,0.6
2016-11-01,2016,11,"Liquefied natural gas, Japan",Energy,($/mmbtu),7.59,-0.78,6.3,-20.27,-54.77,0.2
2016-12-01,2016,12,"Liquefied natural gas, Japan",Energy,($/mmbtu),7.59,0.0,0.66,-16.41,-53.94,0.26
2017-01-01,2017,1,"Liquefied natural gas, Japan",Energy,($/mmbtu),8.04,5.93,5.1,-4.29,-51.89,1.14
2017-02-01,2017,2,"Liquefied natural gas, Japan",Energy,($/mmbtu),8.41,4.6,10.8,-1.75,-47.54,0.76
2017-03-01,2017,3,"Liquefied natural gas, Japan",Energy,($/mmbtu),8.25,-1.9,8.7,6.59,-49.51,-0.3
2017-04-01,2017,4,"Liquefied natural gas, Japan",Energy,($/mmbtu),8.76,6.18,8.96,28.45,-48.01,0.96
2017-05-01,2017,5,"Liquefied natural gas, Japan",Energy,($/mmbtu),9.1,3.88,8.2,45.14,-46.85,0.39
2017-06-01,2017,6,"Liquefied natural gas, Japan",Energy,($/mmbtu),8.88,-2.42,7.64,38.75,-48.37,-1.93
2017-07-01,2017,7,"Liquefied natural gas, Japan",Energy,($/mmbtu),8.86,-0.23,1.14,31.07,-51.08,-0.92
2017-08-01,2017,8,"Liquefied natural gas, Japan",Energy,($/mmbtu),8.92,0.68,-1.98,24.93,-49.72,-0.5
2017-09-01,2017,9,"Liquefied natural gas, Japan",Energy,($/mmbtu),8.64,-3.14,-2.7,14.59,-48.66,-1.6
2017-10-01,2017,10,"Liquefied natural gas, Japan",Energy,($/mmbtu),8.31,-3.82,-6.21,8.63,-45.69,-1.55
2017-11-01,2017,11,"Liquefied natural gas, Japan",Energy,($/mmbtu),8.45,1.68,-5.27,11.33,-43.67,0.26
2017-12-01,2017,12,"Liquefied natural gas, Japan",Energy,($/mmbtu),8.65,2.37,0.12,13.97,-43.87,0.4
2018-01-01,2018,1,"Liquefied natural gas, Japan",Energy,($/mmbtu),9.34,7.98,12.39,16.17,-41.22,1.94
2018-02-01,2018,2,"Liquefied natural gas, Japan",Energy,($/mmbtu),9.83,5.25,16.33,16.88,-40.32,1.03
2018-03-01,2018,3,"Liquefied natural gas, Japan",Energy,($/mmbtu),10.11,2.85,16.88,22.55,-37.86,0.38
2018-04-01,2018,4,"Liquefied natural gas, Japan",Energy,($/mmbtu),10.09,-0.2,8.03,15.18,-37.72,-0.53
2018-05-01,2018,5,"Liquefied natural gas, Japan",Energy,($/mmbtu),10.25,1.59,4.27,12.64,-36.81,0.1
2018-06-01,2018,6,"Liquefied natural gas, Japan",Energy,($/mmbtu),10.44,1.85,3.26,17.57,-37.15,0.24
2018-07-01,2018,7,"Liquefied natural gas, Japan",Energy,($/mmbtu),10.44,0.0,3.47,17.83,-35.44,-0.43
2018-08-01,2018,8,"Liquefied natural gas, Japan",Energy,($/mmbtu),10.88,4.21,6.15,21.97,-30.26,0.87
2018-09-01,2018,9,"Liquefied natural gas, Japan",Energy,($/mmbtu),11.3,3.86,8.24,30.79,-24.47,0.65
2018-10-01,2018,10,"Liquefied natural gas, Japan",Energy,($/mmbtu),11.66,3.19,11.69,40.31,-23.79,0.3
2018-11-01,2018,11,"Liquefied natural gas, Japan",Energy,($/mmbtu),11.7,0.34,7.54,38.46,-24.03,-1.12
2018-12-01,2018,12,"Liquefied natural gas, Japan",Energy,($/mmbtu),12.0,2.56,6.19,38.73,-26.74,-0.09
2019-01-01,2019,1,"Liquefied natural gas, Japan",Energy,($/mmbtu),12.01,0.08,3.0,28.59,-27.95,-1.15
2019-02-01,2019,2,"Liquefied natural gas, Japan",Energy,($/mmbtu),11.81,-1.67,0.94,20.14,-29.53,-2.08
2019-03-01,2019,3,"Liquefied natural gas, Japan",Energy,($/mmbtu),11.29,-4.4,-5.92,11.67,-31.78,-3.24
2019-04-01,2019,4,"Liquefied natural gas, Japan",Energy,($/mmbtu),10.27,-9.03,-14.49,1.78,-38.83,-4.05
2019-05-01,2019,5,"Liquefied natural gas, Japan",Energy,($/mmbtu),10.15,-1.17,-14.06,-0.98,-37.81,-0.36
2019-06-01,2019,6,"Liquefied natural gas, Japan",Energy,($/mmbtu),10.04,-1.08,-11.07,-3.83,-37.76,-0.28
2019-07-01,2019,7,"Liquefied natural gas, Japan",Energy,($/mmbtu),10.13,0.9,-1.36,-2.97,-33.4,0.31
2019-08-01,2019,8,"Liquefied natural gas, Japan",Energy,($/mmbtu),10.86,7.21,7.0,-0.18,-31.0,1.96
2019-09-01,2019,9,"Liquefied natural gas, Japan",Energy,($/mmbtu),10.14,-6.63,1.0,-10.27,-33.11,-1.61
2019-10-01,2019,10,"Liquefied natural gas, Japan",Energy,($/mmbtu),9.98,-1.58,-1.48,-14.41,-37.19,-0.18
2019-11-01,2019,11,"Liquefied natural gas, Japan",Energy,($/mmbtu),10.04,0.6,-7.55,-14.19,-35.6,0.43
2019-12-01,2019,12,"Liquefied natural gas, Japan",Energy,($/mmbtu),10.06,0.2,-0.79,-16.17,-35.6,0.33
2020-01-01,2020,1,"Liquefied natural gas, Japan",Energy,($/mmbtu),9.89,-1.69,-0.9,-17.65,-38.91,-0.08
2020-02-01,2020,2,"Liquefied natural gas, Japan",Energy,($/mmbtu),9.89,0.0,-1.49,-16.26,-30.35,0.38
2020-03-01,2020,3,"Liquefied natural gas, Japan",Energy,($/mmbtu),10.21,3.24,1.49,-9.57,-21.7,1.13
2020-04-01,2020,4,"Liquefied natural gas, Japan",Energy,($/mmbtu),10.01,-1.96,1.21,-2.53,-8.5,-0.29
2020-05-01,2020,5,"Liquefied natural gas, Japan",Energy,($/mmbtu),10.08,0.7,1.92,-0.69,7.92,0.26
2020-06-01,2020,6,"Liquefied natural gas, Japan",Energy,($/mmbtu),8.97,-11.01,-12.14,-10.66,-2.39,-3.35
2020-07-01,2020,7,"Liquefied natural gas, Japan",Energy,($/mmbtu),7.79,-13.15,-22.18,-23.1,-18.0,-2.69
2020-08-01,2020,8,"Liquefied natural gas, Japan",Energy,($/mmbtu),6.34,-18.61,-37.1,-41.62,-35.44,-2.89
2020-09-01,2020,9,"Liquefied natural gas, Japan",Energy,($/mmbtu),5.88,-7.26,-34.45,-42.01,-42.97,-0.46
2020-10-01,2020,10,"Liquefied natural gas, Japan",Energy,($/mmbtu),6.18,5.1,-20.67,-38.08,-38.87,1.38
2020-11-01,2020,11,"Liquefied natural gas, Japan",Energy,($/mmbtu),6.86,11.0,8.2,-31.67,-27.94,2.02
2020-12-01,2020,12,"Liquefied natural gas, Japan",Energy,($/mmbtu),7.66,11.66,30.27,-23.86,-15.64,1.73
2021-01-01,2021,1,"Liquefied natural gas, Japan",Energy,($/mmbtu),9.0,17.49,45.63,-9.0,7.14,2.08
2021-02-01,2021,2,"Liquefied natural gas, Japan",Energy,($/mmbtu),9.88,9.78,44.02,-0.1,15.42,0.92
2021-03-01,2021,3,"Liquefied natural gas, Japan",Energy,($/mmbtu),7.9,-20.04,3.13,-22.62,2.07,-1.84
2021-04-01,2021,4,"Liquefied natural gas, Japan",Energy,($/mmbtu),8.28,4.81,-8.0,-17.28,21.41,0.49
2021-05-01,2021,5,"Liquefied natural gas, Japan",Energy,($/mmbtu),8.92,7.73,-9.72,-11.51,42.26,0.67
2021-06-01,2021,6,"Liquefied natural gas, Japan",Energy,($/mmbtu),9.62,7.85,21.77,7.25,50.31,0.62
2021-07-01,2021,7,"Liquefied natural gas, Japan",Energy,($/mmbtu),10.36,7.69,25.12,32.99,53.25,0.5
2021-08-01,2021,8,"Liquefied natural gas, Japan",Energy,($/mmbtu),10.8,4.25,21.08,70.35,51.26,0.1
2021-09-01,2021,9,"Liquefied natural gas, Japan",Energy,($/mmbtu),11.44,5.93,18.92,94.56,51.72,0.09
2021-10-01,2021,10,"Liquefied natural gas, Japan",Energy,($/mmbtu),12.38,8.22,19.5,100.32,61.83,0.23
2021-11-01,2021,11,"Liquefied natural gas, Japan",Energy,($/mmbtu),15.25,23.18,41.2,122.3,100.92,1.86
2021-12-01,2021,12,"Liquefied natural gas, Japan",Energy,($/mmbtu),15.32,0.46,33.92,100.0,101.84,-0.68
2022-01-01,2022,1,"Liquefied natural gas, Japan",Energy,($/mmbtu),14.69,-4.11,18.66,63.22,82.71,-1.03
2022-02-01,2022,2,"Liquefied natural gas, Japan",Energy,($/mmbtu),17.0,15.72,11.48,72.06,102.14,1.1
2022-03-01,2022,3,"Liquefied natural gas, Japan",Energy,($/mmbtu),15.11,-11.12,-1.37,91.27,83.15,-1.55
2022-04-01,2022,4,"Liquefied natural gas, Japan",Energy,($/mmbtu),16.29,7.81,10.89,96.74,85.96,0.22
2022-05-01,2022,5,"Liquefied natural gas, Japan",Energy,($/mmbtu),16.68,2.39,-1.88,87.0,83.3,-0.43
2022-06-01,2022,6,"Liquefied natural gas, Japan",Energy,($/mmbtu),15.53,-6.89,2.78,61.43,74.89,-1.44
2022-07-01,2022,7,"Liquefied natural gas, Japan",Energy,($/mmbtu),18.88,21.57,15.9,82.24,113.09,1.81
2022-08-01,2022,8,"Liquefied natural gas, Japan",Energy,($/mmbtu),21.21,12.34,27.16,96.39,137.78,0.63
2022-09-01,2022,9,"Liquefied natural gas, Japan",Energy,($/mmbtu),23.73,11.88,52.8,107.43,174.65,0.52
2022-10-01,2022,10,"Liquefied natural gas, Japan",Energy,($/mmbtu),21.84,-7.96,15.68,76.41,162.82,-1.35
2022-11-01,2022,11,"Liquefied natural gas, Japan",Energy,($/mmbtu),19.59,-10.3,-7.64,28.46,131.83,-1.34
2022-12-01,2022,12,"Liquefied natural gas, Japan",Energy,($/mmbtu),20.58,5.05,-13.27,34.33,137.92,0.22
2023-01-01,2023,1,"Liquefied natural gas, Japan",Energy,($/mmbtu),20.19,-1.9,-7.55,37.44,116.17,-0.45
2023-02-01,2023,2,"Liquefied natural gas, Japan",Energy,($/mmbtu),18.42,-8.77,-5.97,8.35,87.39,-1.09
2023-03-01,2023,3,"Liquefied natural gas, Japan",Energy,($/mmbtu),16.03,-12.98,-22.11,6.09,58.56,-1.32
2023-04-01,2023,4,"Liquefied natural gas, Japan",Energy,($/mmbtu),14.37,-10.36,-28.83,-11.79,42.42,-1.04
2023-05-01,2023,5,"Liquefied natural gas, Japan",Energy,($/mmbtu),13.43,-6.54,-27.09,-19.48,31.02,-0.54
2023-06-01,2023,6,"Liquefied natural gas, Japan",Energy,($/mmbtu),12.68,-5.58,-20.9,-18.35,21.46,-0.39
2023-07-01,2023,7,"Liquefied natural gas, Japan",Energy,($/mmbtu),12.99,2.44,-9.6,-31.2,24.43,0.32
2023-08-01,2023,8,"Liquefied natural gas, Japan",Energy,($/mmbtu),12.54,-3.46,-6.63,-40.88,15.26,-0.09
2023-09-01,2023,9,"Liquefied natural gas, Japan",Energy,($/mmbtu),12.21,-2.63,-3.71,-48.55,8.05,0.19
2023-10-01,2023,10,"Liquefied natural gas, Japan",Energy,($/mmbtu),12.62,3.36,-2.85,-42.22,8.23,1.6
2023-11-01,2023,11,"Liquefied natural gas, Japan",Energy,($/mmbtu),12.72,0.79,1.44,-35.07,8.72,0.87
2023-12-01,2023,12,"Liquefied natural gas, Japan",Energy,($/mmbtu),14.44,13.52,18.26,-29.83,20.33,2.97
2024-01-01,2024,1,"Liquefied natural gas, Japan",Energy,($/mmbtu),14.34,-0.69,13.63,-28.97,19.4,0.28
2024-02-01,2024,2,"Liquefied natural gas, Japan",Energy,($/mmbtu),13.64,-4.88,7.23,-25.95,15.5,-0.32
2024-03-01,2024,3,"Liquefied natural gas, Japan",Energy,($/mmbtu),13.19,-3.3,-8.66,-17.72,16.83,-0.15
2024-04-01,2024,4,"Liquefied natural gas, Japan",Energy,($/mmbtu),11.88,-9.93,-17.15,-17.33,15.68,-1.39
2024-05-01,2024,5,"Liquefied natural gas, Japan",Energy,($/mmbtu),12.16,2.36,-10.85,-9.46,19.8,0.62
2024-06-01,2024,6,"Liquefied natural gas, Japan",Energy,($/mmbtu),12.13,-0.25,-8.04,-4.34,20.82,0.07
2024-07-01,2024,7,"Liquefied natural gas, Japan",Energy,($/mmbtu),12.49,2.97,5.13,-3.85,23.3,0.56
2024-08-01,2024,8,"Liquefied natural gas, Japan",Energy,($/mmbtu),13.32,6.65,9.54,6.22,22.65,1.19
2024-09-01,2024,9,"Liquefied natural gas, Japan",Energy,($/mmbtu),12.97,-2.63,6.92,6.22,27.91,-0.55
2024-10-01,2024,10,"Liquefied natural gas, Japan",Energy,($/mmbtu),12.54,-3.32,0.4,-0.63,25.65,-0.67
2024-11-01,2024,11,"Liquefied natural gas, Japan",Energy,($/mmbtu),12.82,2.23,-3.75,0.79,27.69,0.36
2024-12-01,2024,12,"Liquefied natural gas, Japan",Energy,($/mmbtu),12.64,-1.4,-2.54,-12.47,25.65,-0.27
2025-01-01,2025,1,"Liquefied natural gas, Japan",Energy,($/mmbtu),13.19,4.35,5.18,-8.02,33.37,1.24
2025-02-01,2025,2,"Liquefied natural gas, Japan",Energy,($/mmbtu),12.78,-3.11,-0.31,-6.3,29.22,-0.55
2025-03-01,2025,3,"Liquefied natural gas, Japan",Energy,($/mmbtu),12.55,-1.8,-0.71,-4.85,22.92,-0.3
2025-04-01,2025,4,"Liquefied natural gas, Japan",Energy,($/mmbtu),12.68,1.04,-3.87,6.73,26.67,0.31
2025-05-01,2025,5,"Liquefied natural gas, Japan",Energy,($/mmbtu),12.32,-2.84,-3.6,1.32,22.22,-1.07
2025-06-01,2025,6,"Liquefied natural gas, Japan",Energy,($/mmbtu),12.17,-1.22,-3.03,0.33,35.67,-0.42
2025-07-01,2025,7,"Liquefied natural gas, Japan",Energy,($/mmbtu),11.91,-2.14,-6.07,-4.64,52.89,-0.67
2025-08-01,2025,8,"Liquefied natural gas, Japan",Energy,($/mmbtu),11.79,-1.01,-4.3,-11.49,85.96,-0.2
2025-09-01,2025,9,"Liquefied natural gas, Japan",Energy,($/mmbtu),11.47,-2.71,-5.75,-11.57,95.07,-0.73
2025-10-01,2025,10,"Liquefied natural gas, Japan",Energy,($/mmbtu),11.1,-3.23,-6.8,-11.48,79.61,-0.94
2025-11-01,2025,11,"Liquefied natural gas, Japan",Energy,($/mmbtu),11.15,0.45,-5.43,-13.03,62.54,0.61
2025-12-01,2025,12,"Liquefied natural gas, Japan",Energy,($/mmbtu),11.32,1.52,-1.31,-10.44,47.78,1.22
2026-01-01,2026,1,"Liquefied natural gas, Japan",Energy,($/mmbtu),11.49,1.5,3.51,-12.89,27.67,1.03
2026-02-01,2026,2,"Liquefied natural gas, Japan",Energy,($/mmbtu),11.32,-1.48,1.52,-11.42,14.57,-0.19
2026-03-01,2026,3,"Liquefied natural gas, Japan",Energy,($/mmbtu),11.42,0.88,0.88,-9.0,44.56,1.09
2026-04-01,2026,4,"Liquefied natural gas, Japan",Energy,($/mmbtu),15.65,37.04,36.21,23.42,89.01,21.31
2026-05-01,2026,5,"Liquefied natural gas, Japan",Energy,($/mmbtu),12.88,-17.7,13.78,4.55,44.39,-1.8
2026-06-01,2026,6,"Liquefied natural gas, Japan",Energy,($/mmbtu),11.79,-8.46,3.24,-3.12,22.56,-0.76
2026-07-01,2026,7,"Liquefied natural gas, Japan",Energy,($/mmbtu),13.85,17.47,-11.5,16.29,33.69,1.34
2026-08-01,2026,8,"Liquefied natural gas, Japan",Energy,($/mmbtu),15.27,10.25,18.56,29.52,41.39,0.6
2026-09-01,2026,9,"Liquefied natural gas, Japan",Energy,($/mmbtu),14.25,-6.68,20.87,24.24,24.56,-0.7
1970-01-01,1970,1,"Logs, Cameroon",Raw Materials,($/cubic meter),43.0,,,,,
1970-02-01,1970,2,"Logs, Cameroon",Raw Materials,($/cubic meter),43.0,0.0,,,,
1970-03-01,1970,3,"Logs, Cameroon",Raw Materials,($/cubic meter),43.0,0.0,,,,
1970-04-01,1970,4,"Logs, Cameroon",Raw Materials,($/cubic meter),43.0,0.0,0.0,,,
1970-05-01,1970,5,"Logs, Cameroon",Raw Materials,($/cubic meter),43.0,0.0,0.0,,,
1970-06-01,1970,6,"Logs, Cameroon",Raw Materials,($/cubic meter),43.0,0.0,0.0,,,
1970-07-01,1970,7,"Logs, Cameroon",Raw Materials,($/cubic meter),43.0,0.0,0.0,,,
1970-08-01,1970,8,"Logs, Cameroon",Raw Materials,($/cubic meter),43.0,0.0,0.0,,,0.0
1970-09-01,1970,9,"Logs, Cameroon",Raw Materials,($/cubic meter),43.0,0.0,0.0,,,0.0
1970-10-01,1970,10,"Logs, Cameroon",Raw Materials,($/cubic meter),43.0,0.0,0.0,,,0.0
1970-11-01,1970,11,"Logs, Cameroon",Raw Materials,($/cubic meter),43.0,0.0,0.0,,,0.0
1970-12-01,1970,12,"Logs, Cameroon",Raw Materials,($/cubic meter),43.0,0.0,0.0,,,0.0
1971-01-01,1971,1,"Logs, Cameroon",Raw Materials,($/cubic meter),44.4,3.26,3.26,3.26,,0.0
1971-02-01,1971,2,"Logs, Cameroon",Raw Materials,($/cubic meter),44.4,0.0,3.26,3.26,,-0.29
1971-03-01,1971,3,"Logs, Cameroon",Raw Materials,($/cubic meter),44.4,0.0,3.26,3.26,,-0.29
1971-04-01,1971,4,"Logs, Cameroon",Raw Materials,($/cubic meter),44.4,0.0,0.0,3.26,,-0.29
1971-05-01,1971,5,"Logs, Cameroon",Raw Materials,($/cubic meter),44.4,0.0,0.0,3.26,,-0.29
1971-06-01,1971,6,"Logs, Cameroon",Raw Materials,($/cubic meter),44.4,0.0,0.0,3.26,,-0.29
1971-07-01,1971,7,"Logs, Cameroon",Raw Materials,($/cubic meter),44.4,0.0,0.0,3.26,,-0.29
1971-08-01,1971,8,"Logs, Cameroon",Raw Materials,($/cubic meter),44.4,0.0,0.0,3.26,,-0.29
1971-09-01,1971,9,"Logs, Cameroon",Raw Materials,($/cubic meter),44.4,0.0,0.0,3.26,,-0.29
1971-10-01,1971,10,"Logs, Cameroon",Raw Materials,($/cubic meter),44.4,0.0,0.0,3.26,,-0.29
1971-11-01,1971,11,"Logs, Cameroon",Raw Materials,($/cubic meter),44.4,0.0,0.0,3.26,,-0.29
1971-12-01,1971,12,"Logs, Cameroon",Raw Materials,($/cubic meter),44.4,0.0,0.0,3.26,,-0.29
1972-01-01,1972,1,"Logs, Cameroon",Raw Materials,($/cubic meter),52.5,18.24,18.24,18.24,,19.12
1972-02-01,1972,2,"Logs, Cameroon",Raw Materials,($/cubic meter),52.5,0.0,18.24,18.24,,-0.29
1972-03-01,1972,3,"Logs, Cameroon",Raw Materials,($/cubic meter),52.5,0.0,18.24,18.24,,-0.29
1972-04-01,1972,4,"Logs, Cameroon",Raw Materials,($/cubic meter),52.5,0.0,0.0,18.24,,-0.29
1972-05-01,1972,5,"Logs, Cameroon",Raw Materials,($/cubic meter),52.5,0.0,0.0,18.24,,-0.29
1972-06-01,1972,6,"Logs, Cameroon",Raw Materials,($/cubic meter),52.5,0.0,0.0,18.24,,-0.29
1972-07-01,1972,7,"Logs, Cameroon",Raw Materials,($/cubic meter),52.5,0.0,0.0,18.24,,-0.29
1972-08-01,1972,8,"Logs, Cameroon",Raw Materials,($/cubic meter),52.5,0.0,0.0,18.24,,-0.29
1972-09-01,1972,9,"Logs, Cameroon",Raw Materials,($/cubic meter),52.5,0.0,0.0,18.24,,-0.29
1972-10-01,1972,10,"Logs, Cameroon",Raw Materials,($/cubic meter),52.5,0.0,0.0,18.24,,-0.29
1972-11-01,1972,11,"Logs, Cameroon",Raw Materials,($/cubic meter),52.5,0.0,0.0,18.24,,-0.29
1972-12-01,1972,12,"Logs, Cameroon",Raw Materials,($/cubic meter),52.5,0.0,0.0,18.24,,-0.29
1973-01-01,1973,1,"Logs, Cameroon",Raw Materials,($/cubic meter),133.5,154.29,154.29,154.29,,29.01
1973-02-01,1973,2,"Logs, Cameroon",Raw Materials,($/cubic meter),133.5,0.0,154.29,154.29,,-0.29
1973-03-01,1973,3,"Logs, Cameroon",Raw Materials,($/cubic meter),133.5,0.0,154.29,154.29,,-0.29
1973-04-01,1973,4,"Logs, Cameroon",Raw Materials,($/cubic meter),133.5,0.0,0.0,154.29,,-0.29
1973-05-01,1973,5,"Logs, Cameroon",Raw Materials,($/cubic meter),133.5,0.0,0.0,154.29,,-0.29
1973-06-01,1973,6,"Logs, Cameroon",Raw Materials,($/cubic meter),133.5,0.0,0.0,154.29,,-0.29
1973-07-01,1973,7,"Logs, Cameroon",Raw Materials,($/cubic meter),133.5,0.0,0.0,154.29,,-0.29
1973-08-01,1973,8,"Logs, Cameroon",Raw Materials,($/cubic meter),133.5,0.0,0.0,154.29,,-0.29
1973-09-01,1973,9,"Logs, Cameroon",Raw Materials,($/cubic meter),133.5,0.0,0.0,154.29,,-0.29
1973-10-01,1973,10,"Logs, Cameroon",Raw Materials,($/cubic meter),133.5,0.0,0.0,154.29,,-0.29
1973-11-01,1973,11,"Logs, Cameroon",Raw Materials,($/cubic meter),133.5,0.0,0.0,154.29,,-0.29
1973-12-01,1973,12,"Logs, Cameroon",Raw Materials,($/cubic meter),133.5,0.0,0.0,154.29,,-0.29
1974-01-01,1974,1,"Logs, Cameroon",Raw Materials,($/cubic meter),120.4,-9.81,-9.81,-9.81,,-0.51
1974-02-01,1974,2,"Logs, Cameroon",Raw Materials,($/cubic meter),120.4,0.0,-9.81,-9.81,,0.29
1974-03-01,1974,3,"Logs, Cameroon",Raw Materials,($/cubic meter),120.4,0.0,-9.81,-9.81,,0.29
1974-04-01,1974,4,"Logs, Cameroon",Raw Materials,($/cubic meter),120.4,0.0,0.0,-9.81,,0.29
1974-05-01,1974,5,"Logs, Cameroon",Raw Materials,($/cubic meter),120.4,0.0,0.0,-9.81,,0.29
1974-06-01,1974,6,"Logs, Cameroon",Raw Materials,($/cubic meter),120.4,0.0,0.0,-9.81,,0.29
1974-07-01,1974,7,"Logs, Cameroon",Raw Materials,($/cubic meter),120.4,0.0,0.0,-9.81,,0.29
1974-08-01,1974,8,"Logs, Cameroon",Raw Materials,($/cubic meter),120.4,0.0,0.0,-9.81,,0.29
1974-09-01,1974,9,"Logs, Cameroon",Raw Materials,($/cubic meter),120.4,0.0,0.0,-9.81,,0.29
1974-10-01,1974,10,"Logs, Cameroon",Raw Materials,($/cubic meter),120.4,0.0,0.0,-9.81,,0.29
1974-11-01,1974,11,"Logs, Cameroon",Raw Materials,($/cubic meter),120.4,0.0,0.0,-9.81,,0.29
1974-12-01,1974,12,"Logs, Cameroon",Raw Materials,($/cubic meter),120.4,0.0,0.0,-9.81,,0.29
1975-01-01,1975,1,"Logs, Cameroon",Raw Materials,($/cubic meter),126.6,5.15,5.15,5.15,194.42,2.11
1975-02-01,1975,2,"Logs, Cameroon",Raw Materials,($/cubic meter),126.6,0.0,5.15,5.15,194.42,-0.29
1975-03-01,1975,3,"Logs, Cameroon",Raw Materials,($/cubic meter),126.6,0.0,5.15,5.15,194.42,-0.29
1975-04-01,1975,4,"Logs, Cameroon",Raw Materials,($/cubic meter),126.6,0.0,0.0,5.15,194.42,-0.29
1975-05-01,1975,5,"Logs, Cameroon",Raw Materials,($/cubic meter),126.6,0.0,0.0,5.15,194.42,-0.29
1975-06-01,1975,6,"Logs, Cameroon",Raw Materials,($/cubic meter),126.6,0.0,0.0,5.15,194.42,-0.29
1975-07-01,1975,7,"Logs, Cameroon",Raw Materials,($/cubic meter),126.6,0.0,0.0,5.15,194.42,-0.29
1975-08-01,1975,8,"Logs, Cameroon",Raw Materials,($/cubic meter),126.6,0.0,0.0,5.15,194.42,-0.29
1975-09-01,1975,9,"Logs, Cameroon",Raw Materials,($/cubic meter),126.6,0.0,0.0,5.15,194.42,-0.29
1975-10-01,1975,10,"Logs, Cameroon",Raw Materials,($/cubic meter),126.6,0.0,0.0,5.15,194.42,-0.29
1975-11-01,1975,11,"Logs, Cameroon",Raw Materials,($/cubic meter),126.6,0.0,0.0,5.15,194.42,-0.29
1975-12-01,1975,12,"Logs, Cameroon",Raw Materials,($/cubic meter),126.6,0.0,0.0,5.15,194.42,-0.29
1976-01-01,1976,1,"Logs, Cameroon",Raw Materials,($/cubic meter),145.7,15.09,15.09,15.09,228.15,9.86
1976-02-01,1976,2,"Logs, Cameroon",Raw Materials,($/cubic meter),145.4,-0.21,14.85,14.85,227.48,-0.34
1976-03-01,1976,3,"Logs, Cameroon",Raw Materials,($/cubic meter),140.6,-3.3,11.06,11.06,216.67,-1.04
1976-04-01,1976,4,"Logs, Cameroon",Raw Materials,($/cubic meter),143.5,2.06,-1.51,13.35,223.2,0.24
1976-05-01,1976,5,"Logs, Cameroon",Raw Materials,($/cubic meter),142.6,-0.63,-1.93,12.64,221.17,-0.39
1976-06-01,1976,6,"Logs, Cameroon",Raw Materials,($/cubic meter),141.4,-0.84,0.57,11.69,218.47,-0.42
1976-07-01,1976,7,"Logs, Cameroon",Raw Materials,($/cubic meter),138.3,-2.19,-3.62,9.24,211.49,-0.7
1976-08-01,1976,8,"Logs, Cameroon",Raw Materials,($/cubic meter),135.0,-2.39,-5.33,6.64,204.05,-0.69
1976-09-01,1976,9,"Logs, Cameroon",Raw Materials,($/cubic meter),136.3,0.96,-3.61,7.66,206.98,0.07
1976-10-01,1976,10,"Logs, Cameroon",Raw Materials,($/cubic meter),134.5,-1.32,-2.75,6.24,202.93,-0.43
1976-11-01,1976,11,"Logs, Cameroon",Raw Materials,($/cubic meter),148.3,10.26,9.85,17.14,234.01,2.01
1976-12-01,1976,12,"Logs, Cameroon",Raw Materials,($/cubic meter),156.4,5.46,14.75,23.54,252.25,0.72
1977-01-01,1977,1,"Logs, Cameroon",Raw Materials,($/cubic meter),157.0,0.38,16.73,7.76,199.05,-0.27
1977-02-01,1977,2,"Logs, Cameroon",Raw Materials,($/cubic meter),156.7,-0.19,5.66,7.77,198.48,-0.23
1977-03-01,1977,3,"Logs, Cameroon",Raw Materials,($/cubic meter),156.6,-0.06,0.13,11.38,198.29,-0.2
1977-04-01,1977,4,"Logs, Cameroon",Raw Materials,($/cubic meter),157.1,0.32,0.06,9.48,199.24,-0.18
1977-05-01,1977,5,"Logs, Cameroon",Raw Materials,($/cubic meter),157.5,0.25,0.51,10.45,200.0,-0.16
1977-06-01,1977,6,"Logs, Cameroon",Raw Materials,($/cubic meter),157.9,0.25,0.83,11.67,200.76,-0.18
1977-07-01,1977,7,"Logs, Cameroon",Raw Materials,($/cubic meter),160.8,1.84,2.36,16.27,206.29,0.24
1977-08-01,1977,8,"Logs, Cameroon",Raw Materials,($/cubic meter),159.4,-0.87,1.21,18.07,203.62,-0.64
1977-09-01,1977,9,"Logs, Cameroon",Raw Materials,($/cubic meter),158.5,-0.56,0.38,16.29,201.9,-0.61
1977-10-01,1977,10,"Logs, Cameroon",Raw Materials,($/cubic meter),160.5,1.26,-0.19,19.33,205.71,-0.02
1977-11-01,1977,11,"Logs, Cameroon",Raw Materials,($/cubic meter),160.7,0.12,0.82,8.36,206.1,-0.44
1977-12-01,1977,12,"Logs, Cameroon",Raw Materials,($/cubic meter),162.7,1.24,2.65,4.03,209.9,0.34
1978-01-01,1978,1,"Logs, Cameroon",Raw Materials,($/cubic meter),165.4,1.66,3.05,5.35,23.9,1.7
1978-02-01,1978,2,"Logs, Cameroon",Raw Materials,($/cubic meter),161.2,-2.54,0.31,2.87,20.75,-3.42
1978-03-01,1978,3,"Logs, Cameroon",Raw Materials,($/cubic meter),165.5,2.67,1.72,5.68,23.97,1.99
1978-04-01,1978,4,"Logs, Cameroon",Raw Materials,($/cubic meter),170.1,2.78,2.84,8.27,27.42,1.65
1978-05-01,1978,5,"Logs, Cameroon",Raw Materials,($/cubic meter),193.5,13.76,20.04,22.86,44.94,8.46
1978-06-01,1978,6,"Logs, Cameroon",Raw Materials,($/cubic meter),196.5,1.55,18.73,24.45,47.19,-0.06
1978-07-01,1978,7,"Logs, Cameroon",Raw Materials,($/cubic meter),202.7,3.16,19.17,26.06,51.84,0.31
1978-08-01,1978,8,"Logs, Cameroon",Raw Materials,($/cubic meter),206.4,1.83,6.67,29.49,54.61,-0.05
1978-09-01,1978,9,"Logs, Cameroon",Raw Materials,($/cubic meter),206.3,-0.05,4.99,30.16,54.53,-0.58
1978-10-01,1978,10,"Logs, Cameroon",Raw Materials,($/cubic meter),213.1,3.3,5.13,32.77,59.63,0.26
1978-11-01,1978,11,"Logs, Cameroon",Raw Materials,($/cubic meter),206.3,-3.19,-0.05,28.38,54.53,-1.44
1978-12-01,1978,12,"Logs, Cameroon",Raw Materials,($/cubic meter),208.3,0.97,0.97,28.03,56.03,-0.29
1979-01-01,1979,1,"Logs, Cameroon",Raw Materials,($/cubic meter),212.2,1.87,-0.42,28.3,76.25,-0.07
1979-02-01,1979,2,"Logs, Cameroon",Raw Materials,($/cubic meter),191.8,-9.61,-7.03,18.98,59.3,-2.8
1979-03-01,1979,3,"Logs, Cameroon",Raw Materials,($/cubic meter),199.4,3.96,-4.27,20.48,65.61,0.45
1979-04-01,1979,4,"Logs, Cameroon",Raw Materials,($/cubic meter),204.6,2.61,-3.58,20.28,69.93,0.17
1979-05-01,1979,5,"Logs, Cameroon",Raw Materials,($/cubic meter),201.9,-1.32,5.27,4.34,67.69,-0.56
1979-06-01,1979,6,"Logs, Cameroon",Raw Materials,($/cubic meter),203.9,0.99,2.26,3.77,69.35,0.15
1979-07-01,1979,7,"Logs, Cameroon",Raw Materials,($/cubic meter),209.7,2.84,2.49,3.45,74.17,0.66
1979-08-01,1979,8,"Logs, Cameroon",Raw Materials,($/cubic meter),209.0,-0.33,3.52,1.26,73.59,-0.18
1979-09-01,1979,9,"Logs, Cameroon",Raw Materials,($/cubic meter),212.5,1.67,4.22,3.01,76.5,0.41
1979-10-01,1979,10,"Logs, Cameroon",Raw Materials,($/cubic meter),226.4,6.54,7.96,6.24,88.04,1.67
1979-11-01,1979,11,"Logs, Cameroon",Raw Materials,($/cubic meter),229.5,1.37,9.81,11.25,90.61,0.19
1979-12-01,1979,12,"Logs, Cameroon",Raw Materials,($/cubic meter),237.4,3.44,11.72,13.97,97.18,0.64
1980-01-01,1980,1,"Logs, Cameroon",Raw Materials,($/cubic meter),245.2,3.29,8.3,15.55,93.68,0.53
1980-02-01,1980,2,"Logs, Cameroon",Raw Materials,($/cubic meter),249.0,1.55,8.5,29.82,96.68,0.07
1980-03-01,1980,3,"Logs, Cameroon",Raw Materials,($/cubic meter),243.4,-2.25,2.53,22.07,92.26,-2.16
1980-04-01,1980,4,"Logs, Cameroon",Raw Materials,($/cubic meter),241.8,-0.66,-1.39,18.18,91.0,-1.0
1980-05-01,1980,5,"Logs, Cameroon",Raw Materials,($/cubic meter),251.1,3.85,0.84,24.37,98.34,1.0
1980-06-01,1980,6,"Logs, Cameroon",Raw Materials,($/cubic meter),255.3,1.67,4.89,25.21,101.66,-0.08
1980-07-01,1980,7,"Logs, Cameroon",Raw Materials,($/cubic meter),259.9,1.8,7.49,23.94,105.29,-0.05
1980-08-01,1980,8,"Logs, Cameroon",Raw Materials,($/cubic meter),253.0,-2.65,0.76,21.05,99.84,-1.94
1980-09-01,1980,9,"Logs, Cameroon",Raw Materials,($/cubic meter),252.5,-0.2,-1.1,18.82,99.45,-0.71
1980-10-01,1980,10,"Logs, Cameroon",Raw Materials,($/cubic meter),258.9,2.53,-0.38,14.36,104.5,0.4
1980-11-01,1980,11,"Logs, Cameroon",Raw Materials,($/cubic meter),258.4,-0.19,2.13,12.59,104.11,-0.62
1980-12-01,1980,12,"Logs, Cameroon",Raw Materials,($/cubic meter),251.8,-2.55,-0.28,6.07,98.89,-1.63
1981-01-01,1981,1,"Logs, Cameroon",Raw Materials,($/cubic meter),248.0,-1.51,-4.21,1.14,70.21,-0.89
1981-02-01,1981,2,"Logs, Cameroon",Raw Materials,($/cubic meter),231.5,-6.65,-10.41,-7.03,59.22,-3.15
1981-03-01,1981,3,"Logs, Cameroon",Raw Materials,($/cubic meter),231.4,-0.04,-8.1,-4.93,64.58,0.18
1981-04-01,1981,4,"Logs, Cameroon",Raw Materials,($/cubic meter),225.3,-2.64,-9.15,-6.82,57.0,-0.8
1981-05-01,1981,5,"Logs, Cameroon",Raw Materials,($/cubic meter),209.5,-7.01,-9.5,-16.57,46.91,-2.25
1981-06-01,1981,6,"Logs, Cameroon",Raw Materials,($/cubic meter),203.1,-3.05,-12.23,-20.45,43.64,-0.52
1981-07-01,1981,7,"Logs, Cameroon",Raw Materials,($/cubic meter),198.3,-2.36,-11.98,-23.7,43.38,-0.18
1981-08-01,1981,8,"Logs, Cameroon",Raw Materials,($/cubic meter),192.3,-3.03,-8.21,-23.99,42.44,-0.31
1981-09-01,1981,9,"Logs, Cameroon",Raw Materials,($/cubic meter),203.8,5.98,0.34,-19.29,49.52,3.04
1981-10-01,1981,10,"Logs, Cameroon",Raw Materials,($/cubic meter),204.5,0.34,3.13,-21.01,52.04,0.58
1981-11-01,1981,11,"Logs, Cameroon",Raw Materials,($/cubic meter),204.8,0.15,6.5,-20.74,38.1,0.6
1981-12-01,1981,12,"Logs, Cameroon",Raw Materials,($/cubic meter),201.2,-1.76,-1.28,-20.1,28.64,0.03
1982-01-01,1982,1,"Logs, Cameroon",Raw Materials,($/cubic meter),197.4,-1.89,-3.47,-20.4,25.73,-0.03
1982-02-01,1982,2,"Logs, Cameroon",Raw Materials,($/cubic meter),191.1,-3.19,-6.69,-17.45,21.95,-0.4
1982-03-01,1982,3,"Logs, Cameroon",Raw Materials,($/cubic meter),187.2,-2.04,-6.96,-19.1,19.54,-0.16
1982-04-01,1982,4,"Logs, Cameroon",Raw Materials,($/cubic meter),184.2,-1.6,-6.69,-18.24,17.25,0.03
1982-05-01,1982,5,"Logs, Cameroon",Raw Materials,($/cubic meter),191.1,3.75,0.0,-8.78,21.33,1.77
1982-06-01,1982,6,"Logs, Cameroon",Raw Materials,($/cubic meter),174.8,-8.53,-6.62,-13.93,10.7,-2.71
1982-07-01,1982,7,"Logs, Cameroon",Raw Materials,($/cubic meter),168.0,-3.89,-8.79,-15.28,4.48,-0.75
1982-08-01,1982,8,"Logs, Cameroon",Raw Materials,($/cubic meter),166.3,-1.01,-12.98,-13.52,4.33,0.08
1982-09-01,1982,9,"Logs, Cameroon",Raw Materials,($/cubic meter),162.8,-2.1,-6.86,-20.12,2.71,-0.26
1982-10-01,1982,10,"Logs, Cameroon",Raw Materials,($/cubic meter),161.0,-1.11,-4.17,-21.27,0.31,0.25
1982-11-01,1982,11,"Logs, Cameroon",Raw Materials,($/cubic meter),159.4,-0.99,-4.15,-22.17,-0.81,0.33
1982-12-01,1982,12,"Logs, Cameroon",Raw Materials,($/cubic meter),167.7,5.21,3.01,-16.65,3.07,2.62
1983-01-01,1983,1,"Logs, Cameroon",Raw Materials,($/cubic meter),169.9,1.31,5.53,-13.93,2.72,0.8
1983-02-01,1983,2,"Logs, Cameroon",Raw Materials,($/cubic meter),167.1,-1.65,4.83,-12.56,3.66,-0.13
1983-03-01,1983,3,"Logs, Cameroon",Raw Materials,($/cubic meter),164.0,-1.86,-2.21,-12.39,-0.91,-0.23
1983-04-01,1983,4,"Logs, Cameroon",Raw Materials,($/cubic meter),157.2,-4.15,-7.47,-14.66,-7.58,-0.89
1983-05-01,1983,5,"Logs, Cameroon",Raw Materials,($/cubic meter),154.8,-1.53,-7.36,-19.0,-20.0,-0.08
1983-06-01,1983,6,"Logs, Cameroon",Raw Materials,($/cubic meter),150.1,-3.04,-8.48,-14.13,-23.61,-0.41
1983-07-01,1983,7,"Logs, Cameroon",Raw Materials,($/cubic meter),147.8,-1.53,-5.98,-12.02,-27.08,-0.12
1983-08-01,1983,8,"Logs, Cameroon",Raw Materials,($/cubic meter),143.0,-3.25,-7.62,-14.01,-30.72,-0.94
1983-09-01,1983,9,"Logs, Cameroon",Raw Materials,($/cubic meter),156.6,9.51,4.33,-3.81,-24.09,4.4
1983-10-01,1983,10,"Logs, Cameroon",Raw Materials,($/cubic meter),168.3,7.47,13.87,4.53,-21.02,1.97
1983-11-01,1983,11,"Logs, Cameroon",Raw Materials,($/cubic meter),177.4,5.41,24.06,11.29,-14.01,1.1
1983-12-01,1983,12,"Logs, Cameroon",Raw Materials,($/cubic meter),173.0,-2.48,10.47,3.16,-16.95,-0.74
1984-01-01,1984,1,"Logs, Cameroon",Raw Materials,($/cubic meter),168.7,-2.49,0.24,-0.71,-20.5,-0.62
1984-02-01,1984,2,"Logs, Cameroon",Raw Materials,($/cubic meter),174.2,3.26,-1.8,4.25,-9.18,0.7
1984-03-01,1984,3,"Logs, Cameroon",Raw Materials,($/cubic meter),190.6,9.41,10.17,16.22,-4.41,1.92
1984-04-01,1984,4,"Logs, Cameroon",Raw Materials,($/cubic meter),190.8,0.1,13.1,21.37,-6.74,-0.24
1984-05-01,1984,5,"Logs, Cameroon",Raw Materials,($/cubic meter),183.4,-3.88,5.28,18.48,-9.16,-1.12
1984-06-01,1984,6,"Logs, Cameroon",Raw Materials,($/cubic meter),184.1,0.38,-3.41,22.65,-9.71,-0.22
1984-07-01,1984,7,"Logs, Cameroon",Raw Materials,($/cubic meter),177.4,-3.64,-7.02,20.03,-15.4,-1.09
1984-08-01,1984,8,"Logs, Cameroon",Raw Materials,($/cubic meter),174.9,-1.41,-4.63,22.31,-16.32,-0.59
1984-09-01,1984,9,"Logs, Cameroon",Raw Materials,($/cubic meter),167.0,-4.52,-9.29,6.64,-21.41,-1.26
1984-10-01,1984,10,"Logs, Cameroon",Raw Materials,($/cubic meter),164.5,-1.5,-7.27,-2.26,-27.34,-0.45
1984-11-01,1984,11,"Logs, Cameroon",Raw Materials,($/cubic meter),169.0,2.74,-3.37,-4.74,-26.36,0.68
1984-12-01,1984,12,"Logs, Cameroon",Raw Materials,($/cubic meter),163.2,-3.43,-2.28,-5.66,-31.26,-0.79
1985-01-01,1985,1,"Logs, Cameroon",Raw Materials,($/cubic meter),159.8,-2.08,-2.86,-5.28,-34.83,-0.42
1985-02-01,1985,2,"Logs, Cameroon",Raw Materials,($/cubic meter),153.9,-3.69,-8.93,-11.65,-38.19,-0.83
1985-03-01,1985,3,"Logs, Cameroon",Raw Materials,($/cubic meter),153.3,-0.39,-6.07,-19.57,-37.02,0.15
1985-04-01,1985,4,"Logs, Cameroon",Raw Materials,($/cubic meter),164.7,7.44,3.07,-13.68,-31.89,4.21
1985-05-01,1985,5,"Logs, Cameroon",Raw Materials,($/cubic meter),163.7,-0.61,6.37,-10.74,-34.81,0.16
1985-06-01,1985,6,"Logs, Cameroon",Raw Materials,($/cubic meter),166.0,1.41,8.28,-9.83,-34.98,0.69
1985-07-01,1985,7,"Logs, Cameroon",Raw Materials,($/cubic meter),174.6,5.18,6.01,-1.58,-32.82,1.78
1985-08-01,1985,8,"Logs, Cameroon",Raw Materials,($/cubic meter),181.8,4.12,11.06,3.95,-28.14,1.15
1985-09-01,1985,9,"Logs, Cameroon",Raw Materials,($/cubic meter),179.0,-1.54,7.83,7.19,-29.11,-0.51
1985-10-01,1985,10,"Logs, Cameroon",Raw Materials,($/cubic meter),192.1,7.32,10.02,16.78,-25.8,1.88
1985-11-01,1985,11,"Logs, Cameroon",Raw Materials,($/cubic meter),196.3,2.19,7.98,16.15,-24.03,0.21
1985-12-01,1985,12,"Logs, Cameroon",Raw Materials,($/cubic meter),201.3,2.55,12.46,23.35,-20.06,0.31
1986-01-01,1986,1,"Logs, Cameroon",Raw Materials,($/cubic meter),206.7,2.68,7.6,29.35,-16.65,0.24
1986-02-01,1986,2,"Logs, Cameroon",Raw Materials,($/cubic meter),216.4,4.69,10.24,40.61,-6.52,0.72
1986-03-01,1986,3,"Logs, Cameroon",Raw Materials,($/cubic meter),192.1,-11.23,-4.57,25.31,-16.98,-4.8
1986-04-01,1986,4,"Logs, Cameroon",Raw Materials,($/cubic meter),215.4,12.13,4.21,30.78,-4.39,2.02
1986-05-01,1986,5,"Logs, Cameroon",Raw Materials,($/cubic meter),217.9,1.16,0.69,33.11,4.01,-0.22
1986-06-01,1986,6,"Logs, Cameroon",Raw Materials,($/cubic meter),217.4,-0.23,13.17,30.96,7.04,-0.5
1986-07-01,1986,7,"Logs, Cameroon",Raw Materials,($/cubic meter),223.8,2.94,3.9,28.18,12.86,0.09
1986-08-01,1986,8,"Logs, Cameroon",Raw Materials,($/cubic meter),230.4,2.95,5.74,26.73,19.81,0.13
1986-09-01,1986,9,"Logs, Cameroon",Raw Materials,($/cubic meter),232.0,0.69,6.72,29.61,13.84,-0.26
1986-10-01,1986,10,"Logs, Cameroon",Raw Materials,($/cubic meter),236.7,2.03,5.76,23.22,15.75,-0.05
1986-11-01,1986,11,"Logs, Cameroon",Raw Materials,($/cubic meter),234.0,-1.14,1.56,19.21,14.26,-0.58
1986-12-01,1986,12,"Logs, Cameroon",Raw Materials,($/cubic meter),236.9,1.24,2.11,17.69,17.74,-0.07
1987-01-01,1987,1,"Logs, Cameroon",Raw Materials,($/cubic meter),250.2,5.61,5.7,21.04,26.75,0.79
1987-02-01,1987,2,"Logs, Cameroon",Raw Materials,($/cubic meter),254.8,1.84,8.89,17.74,33.33,0.02
1987-03-01,1987,3,"Logs, Cameroon",Raw Materials,($/cubic meter),253.9,-0.35,7.18,32.17,35.63,-0.35
1987-04-01,1987,4,"Logs, Cameroon",Raw Materials,($/cubic meter),257.0,1.22,2.72,19.31,39.52,-0.33
1987-05-01,1987,5,"Logs, Cameroon",Raw Materials,($/cubic meter),259.7,1.05,1.92,19.18,35.9,-0.25
1987-06-01,1987,6,"Logs, Cameroon",Raw Materials,($/cubic meter),255.1,-1.77,0.47,17.34,45.94,-1.8
1987-07-01,1987,7,"Logs, Cameroon",Raw Materials,($/cubic meter),252.8,-0.9,-1.63,12.96,50.48,-1.14
1987-08-01,1987,8,"Logs, Cameroon",Raw Materials,($/cubic meter),251.5,-0.51,-3.16,9.16,51.23,-0.77
1987-09-01,1987,9,"Logs, Cameroon",Raw Materials,($/cubic meter),257.8,2.5,1.06,11.12,58.35,0.89
1987-10-01,1987,10,"Logs, Cameroon",Raw Materials,($/cubic meter),259.1,0.5,2.49,9.46,60.93,-0.2
1987-11-01,1987,11,"Logs, Cameroon",Raw Materials,($/cubic meter),273.4,5.52,8.71,16.84,71.52,2.37
1987-12-01,1987,12,"Logs, Cameroon",Raw Materials,($/cubic meter),281.8,3.07,9.31,18.95,68.04,0.75
1988-01-01,1988,1,"Logs, Cameroon",Raw Materials,($/cubic meter),279.8,-0.71,7.99,11.83,64.69,-0.92
1988-02-01,1988,2,"Logs, Cameroon",Raw Materials,($/cubic meter),271.9,-2.82,-0.55,6.71,62.72,-1.84
1988-03-01,1988,3,"Logs, Cameroon",Raw Materials,($/cubic meter),274.0,0.77,-2.77,7.92,67.07,0.09
1988-04-01,1988,4,"Logs, Cameroon",Raw Materials,($/cubic meter),274.6,0.22,-1.86,6.85,74.68,-0.19
1988-05-01,1988,5,"Logs, Cameroon",Raw Materials,($/cubic meter),272.1,-0.91,0.07,4.77,75.78,-0.65
1988-06-01,1988,6,"Logs, Cameroon",Raw Materials,($/cubic meter),263.4,-3.2,-3.87,3.25,75.48,-1.57
1988-07-01,1988,7,"Logs, Cameroon",Raw Materials,($/cubic meter),264.9,0.57,-3.53,4.79,79.23,0.11
1988-08-01,1988,8,"Logs, Cameroon",Raw Materials,($/cubic meter),262.1,-1.06,-3.68,4.21,83.29,-0.61
1988-09-01,1988,9,"Logs, Cameroon",Raw Materials,($/cubic meter),263.8,0.65,0.15,2.33,68.45,0.11
1988-10-01,1988,10,"Logs, Cameroon",Raw Materials,($/cubic meter),269.4,2.12,1.7,3.98,60.07,0.81
1988-11-01,1988,11,"Logs, Cameroon",Raw Materials,($/cubic meter),280.6,4.16,7.06,2.63,58.17,1.57
1988-12-01,1988,12,"Logs, Cameroon",Raw Materials,($/cubic meter),279.3,-0.46,5.88,-0.89,61.45,-0.32
1989-01-01,1989,1,"Logs, Cameroon",Raw Materials,($/cubic meter),270.4,-3.19,0.37,-3.36,60.28,-1.57
1989-02-01,1989,2,"Logs, Cameroon",Raw Materials,($/cubic meter),277.5,2.63,-1.1,2.06,59.3,1.32
1989-03-01,1989,3,"Logs, Cameroon",Raw Materials,($/cubic meter),276.7,-0.29,-0.93,0.99,45.17,-0.22
1989-04-01,1989,4,"Logs, Cameroon",Raw Materials,($/cubic meter),276.7,0.0,2.33,0.76,45.02,-0.05
1989-05-01,1989,5,"Logs, Cameroon",Raw Materials,($/cubic meter),264.5,-4.41,-4.68,-2.79,44.22,-2.07
1989-06-01,1989,6,"Logs, Cameroon",Raw Materials,($/cubic meter),260.4,-1.55,-5.89,-1.14,41.44,-0.53
1989-07-01,1989,7,"Logs, Cameroon",Raw Materials,($/cubic meter),272.4,4.61,-1.55,2.83,53.55,1.96
1989-08-01,1989,8,"Logs, Cameroon",Raw Materials,($/cubic meter),269.2,-1.17,1.78,2.71,53.92,-0.53
1989-09-01,1989,9,"Logs, Cameroon",Raw Materials,($/cubic meter),265.4,-1.41,1.92,0.61,58.92,-0.61
1989-10-01,1989,10,"Logs, Cameroon",Raw Materials,($/cubic meter),276.3,4.11,1.43,2.56,67.96,1.44
1989-11-01,1989,11,"Logs, Cameroon",Raw Materials,($/cubic meter),281.4,1.85,4.53,0.29,66.51,0.54
1989-12-01,1989,12,"Logs, Cameroon",Raw Materials,($/cubic meter),294.3,4.58,10.89,5.37,80.33,1.64
1990-01-01,1990,1,"Logs, Cameroon",Raw Materials,($/cubic meter),303.8,3.23,9.95,12.35,90.11,0.9
1990-02-01,1990,2,"Logs, Cameroon",Raw Materials,($/cubic meter),325.0,6.98,15.49,17.12,111.18,2.05
1990-03-01,1990,3,"Logs, Cameroon",Raw Materials,($/cubic meter),321.5,-1.08,9.24,16.19,109.72,-0.73
1990-04-01,1990,4,"Logs, Cameroon",Raw Materials,($/cubic meter),326.3,1.49,7.41,17.93,98.12,0.05
1990-05-01,1990,5,"Logs, Cameroon",Raw Materials,($/cubic meter),337.6,3.46,3.88,27.64,106.23,0.6
1990-06-01,1990,6,"Logs, Cameroon",Raw Materials,($/cubic meter),335.4,-0.65,4.32,28.8,102.05,-0.96
1990-07-01,1990,7,"Logs, Cameroon",Raw Materials,($/cubic meter),345.4,2.98,5.85,26.8,97.82,0.29
1990-08-01,1990,8,"Logs, Cameroon",Raw Materials,($/cubic meter),360.3,4.31,6.72,33.84,98.18,0.85
1990-09-01,1990,9,"Logs, Cameroon",Raw Materials,($/cubic meter),361.4,0.31,7.75,36.17,101.9,-0.86
1990-10-01,1990,10,"Logs, Cameroon",Raw Materials,($/cubic meter),369.7,2.3,7.04,33.8,92.45,-0.14
1990-11-01,1990,11,"Logs, Cameroon",Raw Materials,($/cubic meter),370.0,0.08,2.69,31.49,88.49,-1.04
1990-12-01,1990,12,"Logs, Cameroon",Raw Materials,($/cubic meter),365.2,-1.3,1.05,24.09,81.42,-1.51
1991-01-01,1991,1,"Logs, Cameroon",Raw Materials,($/cubic meter),360.6,-1.26,-2.46,18.7,74.46,-1.24
1991-02-01,1991,2,"Logs, Cameroon",Raw Materials,($/cubic meter),367.1,1.8,-0.78,12.95,69.64,0.13
1991-03-01,1991,3,"Logs, Cameroon",Raw Materials,($/cubic meter),338.8,-7.71,-7.23,5.38,76.37,-4.46
1991-04-01,1991,4,"Logs, Cameroon",Raw Materials,($/cubic meter),303.9,-10.3,-15.72,-6.86,41.09,-3.4
1991-05-01,1991,5,"Logs, Cameroon",Raw Materials,($/cubic meter),300.8,-1.02,-18.06,-10.9,38.04,-0.12
1991-06-01,1991,6,"Logs, Cameroon",Raw Materials,($/cubic meter),288.9,-3.96,-14.73,-13.86,32.89,-0.73
1991-07-01,1991,7,"Logs, Cameroon",Raw Materials,($/cubic meter),288.2,-0.24,-5.17,-16.56,28.78,0.21
1991-08-01,1991,8,"Logs, Cameroon",Raw Materials,($/cubic meter),295.1,2.39,-1.89,-18.1,28.08,0.92
1991-09-01,1991,9,"Logs, Cameroon",Raw Materials,($/cubic meter),302.8,2.61,4.81,-16.21,30.52,1.06
1991-10-01,1991,10,"Logs, Cameroon",Raw Materials,($/cubic meter),303.7,0.3,5.38,-17.85,28.31,0.41
1991-11-01,1991,11,"Logs, Cameroon",Raw Materials,($/cubic meter),316.1,4.08,7.12,-14.57,35.09,1.42
1991-12-01,1991,12,"Logs, Cameroon",Raw Materials,($/cubic meter),326.7,3.35,7.89,-10.54,37.91,1.07
1992-01-01,1992,1,"Logs, Cameroon",Raw Materials,($/cubic meter),325.3,-0.43,7.11,-9.79,30.02,0.09
1992-02-01,1992,2,"Logs, Cameroon",Raw Materials,($/cubic meter),317.5,-2.4,0.44,-13.51,24.61,-0.37
1992-03-01,1992,3,"Logs, Cameroon",Raw Materials,($/cubic meter),310.3,-2.27,-5.02,-8.41,22.21,-0.26
1992-04-01,1992,4,"Logs, Cameroon",Raw Materials,($/cubic meter),314.0,1.19,-3.47,3.32,22.18,0.47
1992-05-01,1992,5,"Logs, Cameroon",Raw Materials,($/cubic meter),321.1,2.26,1.13,6.75,23.64,0.78
1992-06-01,1992,6,"Logs, Cameroon",Raw Materials,($/cubic meter),330.3,2.87,6.45,14.33,29.48,0.91
1992-07-01,1992,7,"Logs, Cameroon",Raw Materials,($/cubic meter),347.8,5.3,10.76,20.68,37.58,1.93
1992-08-01,1992,8,"Logs, Cameroon",Raw Materials,($/cubic meter),355.3,2.16,10.65,20.4,41.27,0.23
1992-09-01,1992,9,"Logs, Cameroon",Raw Materials,($/cubic meter),355.4,0.03,7.6,17.37,37.86,-0.65
1992-10-01,1992,10,"Logs, Cameroon",Raw Materials,($/cubic meter),347.9,-2.11,0.03,14.55,34.27,-1.44
1992-11-01,1992,11,"Logs, Cameroon",Raw Materials,($/cubic meter),325.9,-6.32,-8.27,3.1,19.2,-2.88
1992-12-01,1992,12,"Logs, Cameroon",Raw Materials,($/cubic meter),324.5,-0.43,-8.69,-0.67,15.15,-0.23
1993-01-01,1993,1,"Logs, Cameroon",Raw Materials,($/cubic meter),319.3,-1.6,-8.22,-1.84,14.12,-0.52
1993-02-01,1993,2,"Logs, Cameroon",Raw Materials,($/cubic meter),314.5,-1.5,-3.5,-0.94,15.67,-0.45
1993-03-01,1993,3,"Logs, Cameroon",Raw Materials,($/cubic meter),312.8,-0.54,-3.61,0.81,14.16,-0.17
1993-04-01,1993,4,"Logs, Cameroon",Raw Materials,($/cubic meter),324.2,3.64,1.53,3.25,18.06,1.19
1993-05-01,1993,5,"Logs, Cameroon",Raw Materials,($/cubic meter),323.3,-0.28,2.8,0.69,18.82,-0.19
1993-06-01,1993,6,"Logs, Cameroon",Raw Materials,($/cubic meter),314.5,-2.72,0.54,-4.78,19.4,-0.92
1993-07-01,1993,7,"Logs, Cameroon",Raw Materials,($/cubic meter),300.0,-4.61,-7.46,-13.74,13.25,-1.4
1993-08-01,1993,8,"Logs, Cameroon",Raw Materials,($/cubic meter),295.2,-1.6,-8.69,-16.92,12.63,-0.15
1993-09-01,1993,9,"Logs, Cameroon",Raw Materials,($/cubic meter),308.4,4.47,-1.94,-13.22,16.91,2.42
1993-10-01,1993,10,"Logs, Cameroon",Raw Materials,($/cubic meter),304.4,-1.3,1.47,-12.5,12.99,-0.05
1993-11-01,1993,11,"Logs, Cameroon",Raw Materials,($/cubic meter),299.5,-1.61,1.46,-8.1,6.74,-0.18
1993-12-01,1993,12,"Logs, Cameroon",Raw Materials,($/cubic meter),307.8,2.77,-0.19,-5.15,10.2,1.38
1994-01-01,1994,1,"Logs, Cameroon",Raw Materials,($/cubic meter),304.0,-1.23,-0.13,-4.79,12.43,-0.31
1994-02-01,1994,2,"Logs, Cameroon",Raw Materials,($/cubic meter),304.7,0.23,1.74,-3.12,9.8,0.23
1994-03-01,1994,3,"Logs, Cameroon",Raw Materials,($/cubic meter),311.6,2.26,1.23,-0.38,12.61,0.94
1994-04-01,1994,4,"Logs, Cameroon",Raw Materials,($/cubic meter),309.6,-0.64,1.84,-4.5,11.89,-0.23
1994-05-01,1994,5,"Logs, Cameroon",Raw Materials,($/cubic meter),318.1,2.75,4.4,-1.61,20.26,1.24
1994-06-01,1994,6,"Logs, Cameroon",Raw Materials,($/cubic meter),331.2,4.12,6.29,5.31,27.19,1.59
1994-07-01,1994,7,"Logs, Cameroon",Raw Materials,($/cubic meter),343.8,3.8,11.05,14.6,26.21,1.2
1994-08-01,1994,8,"Logs, Cameroon",Raw Materials,($/cubic meter),344.8,0.29,8.39,16.8,28.08,-0.36
1994-09-01,1994,9,"Logs, Cameroon",Raw Materials,($/cubic meter),347.8,0.87,5.01,12.78,31.05,-0.2
1994-10-01,1994,10,"Logs, Cameroon",Raw Materials,($/cubic meter),354.5,1.93,3.11,16.46,28.3,0.44
1994-11-01,1994,11,"Logs, Cameroon",Raw Materials,($/cubic meter),351.4,-0.87,1.91,17.33,24.88,-1.13
1994-12-01,1994,12,"Logs, Cameroon",Raw Materials,($/cubic meter),341.7,-2.76,-1.75,11.01,16.11,-2.24
1995-01-01,1995,1,"Logs, Cameroon",Raw Materials,($/cubic meter),341.0,-0.2,-3.81,12.17,12.24,-0.52
1995-02-01,1995,2,"Logs, Cameroon",Raw Materials,($/cubic meter),334.1,-2.02,-4.92,9.65,2.8,-1.47
1995-03-01,1995,3,"Logs, Cameroon",Raw Materials,($/cubic meter),346.8,3.8,1.49,11.3,7.87,1.36
1995-04-01,1995,4,"Logs, Cameroon",Raw Materials,($/cubic meter),350.6,1.1,2.82,13.24,7.45,0.07
1995-05-01,1995,5,"Logs, Cameroon",Raw Materials,($/cubic meter),341.0,-2.74,2.07,7.2,1.01,-1.66
1995-06-01,1995,6,"Logs, Cameroon",Raw Materials,($/cubic meter),345.8,1.41,-0.29,4.41,3.1,0.32
1995-07-01,1995,7,"Logs, Cameroon",Raw Materials,($/cubic meter),351.8,1.74,0.34,2.33,1.85,0.61
1995-08-01,1995,8,"Logs, Cameroon",Raw Materials,($/cubic meter),342.0,-2.79,0.29,-0.81,-5.08,-1.49
1995-09-01,1995,9,"Logs, Cameroon",Raw Materials,($/cubic meter),337.1,-1.43,-2.52,-3.08,-6.72,-0.63
1995-10-01,1995,10,"Logs, Cameroon",Raw Materials,($/cubic meter),344.1,2.08,-2.19,-2.93,-6.92,1.05
1995-11-01,1995,11,"Logs, Cameroon",Raw Materials,($/cubic meter),337.7,-1.86,-1.26,-3.9,-8.73,-0.74
1995-12-01,1995,12,"Logs, Cameroon",Raw Materials,($/cubic meter),302.2,-10.51,-10.35,-11.56,-17.25,-4.51
1996-01-01,1996,1,"Logs, Cameroon",Raw Materials,($/cubic meter),279.7,-7.45,-18.72,-17.98,-22.43,-1.76
1996-02-01,1996,2,"Logs, Cameroon",Raw Materials,($/cubic meter),272.8,-2.47,-19.22,-18.35,-25.69,-0.22
1996-03-01,1996,3,"Logs, Cameroon",Raw Materials,($/cubic meter),271.8,-0.37,-10.06,-21.63,-19.78,0.3
1996-04-01,1996,4,"Logs, Cameroon",Raw Materials,($/cubic meter),270.3,-0.55,-3.36,-22.9,-11.06,0.37
1996-05-01,1996,5,"Logs, Cameroon",Raw Materials,($/cubic meter),279.3,3.33,2.38,-18.09,-7.15,1.46
1996-06-01,1996,6,"Logs, Cameroon",Raw Materials,($/cubic meter),280.1,0.29,3.05,-19.0,-3.05,0.46
1996-07-01,1996,7,"Logs, Cameroon",Raw Materials,($/cubic meter),284.7,1.64,5.33,-19.07,-1.21,0.84
1996-08-01,1996,8,"Logs, Cameroon",Raw Materials,($/cubic meter),286.6,0.67,2.61,-16.2,-2.88,0.6
1996-09-01,1996,9,"Logs, Cameroon",Raw Materials,($/cubic meter),282.7,-1.36,0.93,-16.14,-6.64,0.01
1996-10-01,1996,10,"Logs, Cameroon",Raw Materials,($/cubic meter),300.0,6.12,5.37,-12.82,-1.22,1.89
1996-11-01,1996,11,"Logs, Cameroon",Raw Materials,($/cubic meter),303.5,1.17,5.9,-10.13,-3.99,0.5
1996-12-01,1996,12,"Logs, Cameroon",Raw Materials,($/cubic meter),300.4,-1.02,6.26,-0.6,-8.05,-0.05
1997-01-01,1997,1,"Logs, Cameroon",Raw Materials,($/cubic meter),286.1,-4.76,-4.63,2.29,-12.05,-1.45
1997-02-01,1997,2,"Logs, Cameroon",Raw Materials,($/cubic meter),283.0,-1.08,-6.75,3.74,-10.87,-0.47
1997-03-01,1997,3,"Logs, Cameroon",Raw Materials,($/cubic meter),279.7,-1.17,-6.89,2.91,-9.86,-0.56
1997-04-01,1997,4,"Logs, Cameroon",Raw Materials,($/cubic meter),277.7,-0.72,-2.94,2.74,-11.56,-0.36
1997-05-01,1997,5,"Logs, Cameroon",Raw Materials,($/cubic meter),278.6,0.32,-1.55,-0.25,-13.24,0.02
1997-06-01,1997,6,"Logs, Cameroon",Raw Materials,($/cubic meter),283.1,1.62,1.22,1.07,-14.29,0.63
1997-07-01,1997,7,"Logs, Cameroon",Raw Materials,($/cubic meter),283.8,0.25,2.2,-0.32,-18.4,0.05
1997-08-01,1997,8,"Logs, Cameroon",Raw Materials,($/cubic meter),285.7,0.67,2.55,-0.31,-19.59,0.26
1997-09-01,1997,9,"Logs, Cameroon",Raw Materials,($/cubic meter),283.8,-0.67,0.25,0.39,-20.15,-0.26
1997-10-01,1997,10,"Logs, Cameroon",Raw Materials,($/cubic meter),296.0,4.3,4.3,-1.33,-14.92,1.69
1997-11-01,1997,11,"Logs, Cameroon",Raw Materials,($/cubic meter),293.5,-0.84,2.73,-3.29,-9.94,-0.35
1997-12-01,1997,12,"Logs, Cameroon",Raw Materials,($/cubic meter),286.1,-2.52,0.81,-4.76,-11.83,-1.07
1998-01-01,1998,1,"Logs, Cameroon",Raw Materials,($/cubic meter),287.7,0.56,-2.8,0.56,-9.9,0.43
1998-02-01,1998,2,"Logs, Cameroon",Raw Materials,($/cubic meter),287.8,0.03,-1.94,1.7,-8.49,-0.01
1998-03-01,1998,3,"Logs, Cameroon",Raw Materials,($/cubic meter),287.6,-0.07,0.52,2.82,-8.06,-0.13
1998-04-01,1998,4,"Logs, Cameroon",Raw Materials,($/cubic meter),287.7,0.03,0.0,3.6,-11.26,-0.13
1998-05-01,1998,5,"Logs, Cameroon",Raw Materials,($/cubic meter),285.9,-0.63,-0.66,2.62,-11.57,-0.58
1998-06-01,1998,6,"Logs, Cameroon",Raw Materials,($/cubic meter),274.5,-3.99,-4.55,-3.04,-12.72,-2.59
1998-07-01,1998,7,"Logs, Cameroon",Raw Materials,($/cubic meter),273.8,-0.26,-4.83,-3.52,-8.73,-0.01
1998-08-01,1998,8,"Logs, Cameroon",Raw Materials,($/cubic meter),275.2,0.51,-3.74,-3.68,-6.78,0.4
1998-09-01,1998,9,"Logs, Cameroon",Raw Materials,($/cubic meter),289.1,5.05,5.32,1.87,-6.26,2.74
1998-10-01,1998,10,"Logs, Cameroon",Raw Materials,($/cubic meter),300.3,3.87,9.68,1.45,-1.35,1.49
1998-11-01,1998,11,"Logs, Cameroon",Raw Materials,($/cubic meter),292.7,-2.53,6.36,-0.27,-2.27,-1.11
1998-12-01,1998,12,"Logs, Cameroon",Raw Materials,($/cubic meter),294.6,0.65,1.9,2.97,-4.29,0.25
1999-01-01,1999,1,"Logs, Cameroon",Raw Materials,($/cubic meter),291.2,-1.15,-3.03,1.22,-4.21,-0.59
1999-02-01,1999,2,"Logs, Cameroon",Raw Materials,($/cubic meter),281.8,-3.23,-3.72,-2.08,-7.52,-1.38
1999-03-01,1999,3,"Logs, Cameroon",Raw Materials,($/cubic meter),273.7,-2.87,-7.09,-4.83,-12.16,-1.04
1999-04-01,1999,4,"Logs, Cameroon",Raw Materials,($/cubic meter),269.3,-1.61,-7.52,-6.4,-13.02,-0.45
1999-05-01,1999,5,"Logs, Cameroon",Raw Materials,($/cubic meter),251.3,-6.68,-10.82,-12.1,-21.0,-2.24
1999-06-01,1999,6,"Logs, Cameroon",Raw Materials,($/cubic meter),245.2,-2.43,-10.41,-10.67,-25.97,-0.43
1999-07-01,1999,7,"Logs, Cameroon",Raw Materials,($/cubic meter),243.8,-0.57,-9.47,-10.96,-29.09,0.1
1999-08-01,1999,8,"Logs, Cameroon",Raw Materials,($/cubic meter),250.5,2.75,-0.32,-8.98,-27.35,1.15
1999-09-01,1999,9,"Logs, Cameroon",Raw Materials,($/cubic meter),247.2,-1.32,0.82,-14.49,-28.92,-0.18
1999-10-01,1999,10,"Logs, Cameroon",Raw Materials,($/cubic meter),269.3,8.94,10.46,-10.32,-24.03,3.66
1999-11-01,1999,11,"Logs, Cameroon",Raw Materials,($/cubic meter),307.5,14.18,22.75,5.06,-12.49,3.93
1999-12-01,1999,12,"Logs, Cameroon",Raw Materials,($/cubic meter),300.5,-2.28,21.56,2.0,-12.06,-0.49
2000-01-01,2000,1,"Logs, Cameroon",Raw Materials,($/cubic meter),301.3,0.27,11.88,3.47,-11.64,-0.01
2000-02-01,2000,2,"Logs, Cameroon",Raw Materials,($/cubic meter),292.3,-2.99,-4.94,3.73,-12.51,-0.59
2000-03-01,2000,3,"Logs, Cameroon",Raw Materials,($/cubic meter),286.7,-1.92,-4.59,4.75,-17.33,-0.41
2000-04-01,2000,4,"Logs, Cameroon",Raw Materials,($/cubic meter),281.4,-1.85,-6.6,4.49,-19.74,-0.42
2000-05-01,2000,5,"Logs, Cameroon",Raw Materials,($/cubic meter),269.2,-4.34,-7.9,7.12,-21.06,-0.85
2000-06-01,2000,6,"Logs, Cameroon",Raw Materials,($/cubic meter),282.1,4.79,-1.6,15.05,-18.42,0.75
2000-07-01,2000,7,"Logs, Cameroon",Raw Materials,($/cubic meter),279.3,-0.99,-0.75,14.56,-20.61,-0.42
2000-08-01,2000,8,"Logs, Cameroon",Raw Materials,($/cubic meter),278.2,-0.39,3.34,11.06,-18.65,-0.3
2000-09-01,2000,9,"Logs, Cameroon",Raw Materials,($/cubic meter),259.2,-6.83,-8.12,4.85,-23.11,-1.42
2000-10-01,2000,10,"Logs, Cameroon",Raw Materials,($/cubic meter),254.1,-1.97,-9.02,-5.64,-26.16,-0.42
2000-11-01,2000,11,"Logs, Cameroon",Raw Materials,($/cubic meter),254.6,0.2,-8.48,-17.2,-24.61,0.1
2000-12-01,2000,12,"Logs, Cameroon",Raw Materials,($/cubic meter),266.6,4.71,2.85,-11.28,-11.78,2.22
2001-01-01,2001,1,"Logs, Cameroon",Raw Materials,($/cubic meter),278.9,4.61,9.76,-7.43,-0.29,1.67
2001-02-01,2001,2,"Logs, Cameroon",Raw Materials,($/cubic meter),274.0,-1.76,7.62,-6.26,0.44,-0.32
2001-03-01,2001,3,"Logs, Cameroon",Raw Materials,($/cubic meter),268.5,-2.01,0.71,-6.35,-1.21,-0.42
2001-04-01,2001,4,"Logs, Cameroon",Raw Materials,($/cubic meter),265.1,-1.27,-4.95,-5.79,-1.92,-0.22
2001-05-01,2001,5,"Logs, Cameroon",Raw Materials,($/cubic meter),259.8,-2.0,-5.18,-3.49,-6.98,-0.43
2001-06-01,2001,6,"Logs, Cameroon",Raw Materials,($/cubic meter),253.6,-2.39,-5.55,-10.1,-9.46,-0.62
2001-07-01,2001,7,"Logs, Cameroon",Raw Materials,($/cubic meter),255.8,0.87,-3.51,-8.41,-10.15,0.55
2001-08-01,2001,8,"Logs, Cameroon",Raw Materials,($/cubic meter),267.6,4.61,3.0,-3.81,-6.63,1.69
2001-09-01,2001,9,"Logs, Cameroon",Raw Materials,($/cubic meter),270.8,1.2,6.78,4.48,-4.21,0.42
2001-10-01,2001,10,"Logs, Cameroon",Raw Materials,($/cubic meter),269.3,-0.55,5.28,5.98,-10.23,-0.34
2001-11-01,2001,11,"Logs, Cameroon",Raw Materials,($/cubic meter),264.1,-1.93,-1.31,3.73,-12.98,-0.89
2001-12-01,2001,12,"Logs, Cameroon",Raw Materials,($/cubic meter),265.2,0.42,-2.07,-0.53,-11.72,0.03
2002-01-01,2002,1,"Logs, Cameroon",Raw Materials,($/cubic meter),262.5,-1.02,-2.53,-5.88,-8.25,-0.4
2002-02-01,2002,2,"Logs, Cameroon",Raw Materials,($/cubic meter),220.5,-16.0,-16.51,-19.53,-22.08,-7.73
2002-03-01,2002,3,"Logs, Cameroon",Raw Materials,($/cubic meter),221.1,0.27,-16.63,-17.65,-20.95,0.4
2002-04-01,2002,4,"Logs, Cameroon",Raw Materials,($/cubic meter),223.6,1.13,-14.82,-15.65,-19.48,0.53
2002-05-01,2002,5,"Logs, Cameroon",Raw Materials,($/cubic meter),225.7,0.94,2.36,-13.13,-18.99,0.44
2002-06-01,2002,6,"Logs, Cameroon",Raw Materials,($/cubic meter),237.0,5.01,7.19,-6.55,-16.28,1.2
2002-07-01,2002,7,"Logs, Cameroon",Raw Materials,($/cubic meter),242.6,2.36,8.5,-5.16,-14.52,0.52
2002-08-01,2002,8,"Logs, Cameroon",Raw Materials,($/cubic meter),236.8,-2.39,4.92,-11.51,-17.12,-0.39
2002-09-01,2002,9,"Logs, Cameroon",Raw Materials,($/cubic meter),235.7,-0.46,-0.55,-12.96,-16.95,0.08
2002-10-01,2002,10,"Logs, Cameroon",Raw Materials,($/cubic meter),237.3,0.68,-2.18,-11.88,-19.83,0.33
2002-11-01,2002,11,"Logs, Cameroon",Raw Materials,($/cubic meter),243.7,2.7,2.91,-7.72,-16.97,0.7
2002-12-01,2002,12,"Logs, Cameroon",Raw Materials,($/cubic meter),245.9,0.9,4.33,-7.28,-14.05,0.27
2003-01-01,2003,1,"Logs, Cameroon",Raw Materials,($/cubic meter),260.2,5.82,9.65,-0.88,-9.56,1.2
2003-02-01,2003,2,"Logs, Cameroon",Raw Materials,($/cubic meter),263.9,1.42,8.29,19.68,-8.3,0.24
2003-03-01,2003,3,"Logs, Cameroon",Raw Materials,($/cubic meter),264.7,0.3,7.65,19.72,-7.96,-0.55
2003-04-01,2003,4,"Logs, Cameroon",Raw Materials,($/cubic meter),265.7,0.38,2.11,18.83,-7.65,-0.52
2003-05-01,2003,5,"Logs, Cameroon",Raw Materials,($/cubic meter),283.4,6.66,7.39,25.56,-0.87,2.3
2003-06-01,2003,6,"Logs, Cameroon",Raw Materials,($/cubic meter),285.7,0.81,7.93,20.55,4.08,-0.42
2003-07-01,2003,7,"Logs, Cameroon",Raw Materials,($/cubic meter),278.6,-2.49,4.86,14.84,1.75,-1.61
2003-08-01,2003,8,"Logs, Cameroon",Raw Materials,($/cubic meter),272.8,-2.08,-3.74,15.2,-0.87,-1.18
2003-09-01,2003,9,"Logs, Cameroon",Raw Materials,($/cubic meter),274.8,0.73,-3.82,16.59,-4.95,-0.18
2003-10-01,2003,10,"Logs, Cameroon",Raw Materials,($/cubic meter),292.3,6.37,4.92,23.18,-2.66,1.87
2003-11-01,2003,11,"Logs, Cameroon",Raw Materials,($/cubic meter),298.3,2.05,9.35,22.4,1.91,0.08
2003-12-01,2003,12,"Logs, Cameroon",Raw Materials,($/cubic meter),313.4,5.06,14.05,27.45,6.38,1.09
2004-01-01,2004,1,"Logs, Cameroon",Raw Materials,($/cubic meter),315.3,0.61,7.87,21.18,8.28,-0.47
2004-02-01,2004,2,"Logs, Cameroon",Raw Materials,($/cubic meter),325.6,3.27,9.15,23.38,15.54,0.55
2004-03-01,2004,3,"Logs, Cameroon",Raw Materials,($/cubic meter),315.7,-3.04,0.73,19.27,15.35,-1.62
2004-04-01,2004,4,"Logs, Cameroon",Raw Materials,($/cubic meter),308.7,-2.22,-2.09,16.18,14.63,-1.14
2004-05-01,2004,5,"Logs, Cameroon",Raw Materials,($/cubic meter),319.4,3.47,-1.9,12.7,27.1,0.62
2004-06-01,2004,6,"Logs, Cameroon",Raw Materials,($/cubic meter),323.2,1.19,2.38,13.13,31.81,0.05
2004-07-01,2004,7,"Logs, Cameroon",Raw Materials,($/cubic meter),326.5,1.02,5.77,17.19,33.92,-0.02
2004-08-01,2004,8,"Logs, Cameroon",Raw Materials,($/cubic meter),331.8,1.62,3.88,21.63,32.46,0.09
2004-09-01,2004,9,"Logs, Cameroon",Raw Materials,($/cubic meter),339.3,2.26,4.98,23.47,37.26,0.22
2004-10-01,2004,10,"Logs, Cameroon",Raw Materials,($/cubic meter),347.0,2.27,6.28,18.71,28.85,0.17
2004-11-01,2004,11,"Logs, Cameroon",Raw Materials,($/cubic meter),360.9,4.01,8.77,20.99,17.37,1.12
2004-12-01,2004,12,"Logs, Cameroon",Raw Materials,($/cubic meter),362.2,0.36,6.75,15.57,20.53,-0.53
2005-01-01,2005,1,"Logs, Cameroon",Raw Materials,($/cubic meter),354.0,-2.26,2.02,12.27,17.49,-1.63
2005-02-01,2005,2,"Logs, Cameroon",Raw Materials,($/cubic meter),351.4,-0.73,-2.63,7.92,20.22,-0.73
2005-03-01,2005,3,"Logs, Cameroon",Raw Materials,($/cubic meter),355.9,1.28,-1.74,12.73,24.14,0.27
2005-04-01,2005,4,"Logs, Cameroon",Raw Materials,($/cubic meter),323.5,-9.1,-8.62,4.79,14.96,-5.11
2005-05-01,2005,5,"Logs, Cameroon",Raw Materials,($/cubic meter),342.5,5.87,-2.53,7.23,27.23,1.57
2005-06-01,2005,6,"Logs, Cameroon",Raw Materials,($/cubic meter),328.3,-4.15,-7.75,1.58,16.38,-1.29
2005-07-01,2005,7,"Logs, Cameroon",Raw Materials,($/cubic meter),328.3,0.0,1.48,0.55,17.54,-0.05
2005-08-01,2005,8,"Logs, Cameroon",Raw Materials,($/cubic meter),335.0,2.04,-2.19,0.96,20.42,0.49
2005-09-01,2005,9,"Logs, Cameroon",Raw Materials,($/cubic meter),330.9,-1.22,0.79,-2.48,27.66,-0.35
2005-10-01,2005,10,"Logs, Cameroon",Raw Materials,($/cubic meter),324.4,-1.96,-1.19,-6.51,27.67,-0.47
2005-11-01,2005,11,"Logs, Cameroon",Raw Materials,($/cubic meter),318.2,-1.91,-5.01,-11.83,24.98,-0.37
2005-12-01,2005,12,"Logs, Cameroon",Raw Materials,($/cubic meter),320.1,0.6,-3.26,-11.62,20.07,0.44
2006-01-01,2006,1,"Logs, Cameroon",Raw Materials,($/cubic meter),323.8,1.16,-0.18,-8.53,16.1,0.59
2006-02-01,2006,2,"Logs, Cameroon",Raw Materials,($/cubic meter),316.4,-2.29,-0.57,-9.96,15.47,-0.44
2006-03-01,2006,3,"Logs, Cameroon",Raw Materials,($/cubic meter),306.5,-3.13,-4.25,-13.88,14.15,-0.63
2006-04-01,2006,4,"Logs, Cameroon",Raw Materials,($/cubic meter),312.9,2.09,-3.37,-3.28,18.03,0.89
2006-05-01,2006,5,"Logs, Cameroon",Raw Materials,($/cubic meter),325.6,4.06,2.91,-4.93,25.33,1.55
2006-06-01,2006,6,"Logs, Cameroon",Raw Materials,($/cubic meter),309.9,-4.82,1.11,-5.6,22.2,-1.81
2006-07-01,2006,7,"Logs, Cameroon",Raw Materials,($/cubic meter),312.3,0.77,-0.19,-4.87,22.09,0.48
2006-08-01,2006,8,"Logs, Cameroon",Raw Materials,($/cubic meter),317.1,1.54,-2.61,-5.34,18.5,0.75
2006-09-01,2006,9,"Logs, Cameroon",Raw Materials,($/cubic meter),315.0,-0.66,1.65,-4.81,16.32,-0.09
2006-10-01,2006,10,"Logs, Cameroon",Raw Materials,($/cubic meter),316.9,0.6,1.47,-2.31,17.68,0.39
2006-11-01,2006,11,"Logs, Cameroon",Raw Materials,($/cubic meter),328.5,3.66,3.6,3.24,24.38,1.54
2006-12-01,2006,12,"Logs, Cameroon",Raw Materials,($/cubic meter),336.9,2.56,6.95,5.25,27.04,0.85
2007-01-01,2007,1,"Logs, Cameroon",Raw Materials,($/cubic meter),358.7,6.47,13.19,10.78,36.65,2.21
2007-02-01,2007,2,"Logs, Cameroon",Raw Materials,($/cubic meter),375.2,4.6,14.22,18.58,70.16,1.14
2007-03-01,2007,3,"Logs, Cameroon",Raw Materials,($/cubic meter),380.0,1.28,12.79,23.98,71.87,-0.06
2007-04-01,2007,4,"Logs, Cameroon",Raw Materials,($/cubic meter),387.9,2.08,8.14,23.97,73.48,0.08
2007-05-01,2007,5,"Logs, Cameroon",Raw Materials,($/cubic meter),373.6,-3.69,-0.43,14.74,65.53,-1.92
2007-06-01,2007,6,"Logs, Cameroon",Raw Materials,($/cubic meter),356.9,-4.47,-6.08,15.17,50.59,-1.77
2007-07-01,2007,7,"Logs, Cameroon",Raw Materials,($/cubic meter),364.8,2.21,-5.96,16.81,50.37,0.31
2007-08-01,2007,8,"Logs, Cameroon",Raw Materials,($/cubic meter),371.2,1.75,-0.64,17.06,56.76,0.13
2007-09-01,2007,9,"Logs, Cameroon",Raw Materials,($/cubic meter),378.7,2.02,6.11,20.22,60.67,0.21
2007-10-01,2007,10,"Logs, Cameroon",Raw Materials,($/cubic meter),387.7,2.38,6.28,22.34,63.38,0.26
2007-11-01,2007,11,"Logs, Cameroon",Raw Materials,($/cubic meter),422.1,8.87,13.71,28.49,73.2,2.32
2007-12-01,2007,12,"Logs, Cameroon",Raw Materials,($/cubic meter),418.9,-0.76,10.62,24.34,70.35,-0.8
2008-01-01,2008,1,"Logs, Cameroon",Raw Materials,($/cubic meter),483.9,15.52,24.81,34.9,85.97,3.61
2008-02-01,2008,2,"Logs, Cameroon",Raw Materials,($/cubic meter),545.7,12.77,29.28,45.44,106.78,1.89
2008-03-01,2008,3,"Logs, Cameroon",Raw Materials,($/cubic meter),562.8,3.13,34.35,48.11,112.62,-0.03
2008-04-01,2008,4,"Logs, Cameroon",Raw Materials,($/cubic meter),558.9,-0.69,15.5,44.08,110.35,-0.69
2008-05-01,2008,5,"Logs, Cameroon",Raw Materials,($/cubic meter),552.3,-1.18,1.21,47.83,94.88,-0.72
2008-06-01,2008,6,"Logs, Cameroon",Raw Materials,($/cubic meter),552.1,-0.04,-1.9,54.69,93.24,-0.59
2008-07-01,2008,7,"Logs, Cameroon",Raw Materials,($/cubic meter),559.6,1.36,0.13,53.4,100.86,-0.45
2008-08-01,2008,8,"Logs, Cameroon",Raw Materials,($/cubic meter),554.1,-0.98,0.33,49.27,103.12,-0.85
2008-09-01,2008,9,"Logs, Cameroon",Raw Materials,($/cubic meter),531.7,-4.04,-3.69,40.4,93.49,-1.33
2008-10-01,2008,10,"Logs, Cameroon",Raw Materials,($/cubic meter),492.9,-7.3,-11.92,27.13,68.63,-1.69
2008-11-01,2008,11,"Logs, Cameroon",Raw Materials,($/cubic meter),452.0,-8.3,-18.43,7.08,51.53,-1.55
2008-12-01,2008,12,"Logs, Cameroon",Raw Materials,($/cubic meter),476.6,5.44,-10.36,13.77,52.07,0.66
2009-01-01,2009,1,"Logs, Cameroon",Raw Materials,($/cubic meter),470.2,-1.34,-4.61,-2.83,49.13,-0.37
2009-02-01,2009,2,"Logs, Cameroon",Raw Materials,($/cubic meter),421.9,-10.27,-6.66,-22.69,29.58,-1.81
2009-03-01,2009,3,"Logs, Cameroon",Raw Materials,($/cubic meter),388.2,-7.99,-18.55,-31.02,22.96,-1.28
2009-04-01,2009,4,"Logs, Cameroon",Raw Materials,($/cubic meter),382.5,-1.47,-18.65,-31.56,23.91,0.32
2009-05-01,2009,5,"Logs, Cameroon",Raw Materials,($/cubic meter),395.4,3.37,-6.28,-28.41,23.79,1.38
2009-06-01,2009,6,"Logs, Cameroon",Raw Materials,($/cubic meter),406.5,2.81,4.71,-26.37,25.77,1.09
2009-07-01,2009,7,"Logs, Cameroon",Raw Materials,($/cubic meter),408.6,0.52,6.82,-26.98,25.15,0.56
2009-08-01,2009,8,"Logs, Cameroon",Raw Materials,($/cubic meter),413.8,1.27,4.65,-25.32,24.71,0.73
2009-09-01,2009,9,"Logs, Cameroon",Raw Materials,($/cubic meter),422.3,2.05,3.89,-20.58,24.46,0.83
2009-10-01,2009,10,"Logs, Cameroon",Raw Materials,($/cubic meter),444.5,5.26,8.79,-9.82,28.1,1.32
2009-11-01,2009,11,"Logs, Cameroon",Raw Materials,($/cubic meter),451.1,1.48,9.01,-0.2,24.99,0.41
2009-12-01,2009,12,"Logs, Cameroon",Raw Materials,($/cubic meter),452.7,0.35,7.2,-5.01,24.99,0.05
2010-01-01,2010,1,"Logs, Cameroon",Raw Materials,($/cubic meter),442.4,-2.28,-0.47,-5.91,24.97,-0.43
2010-02-01,2010,2,"Logs, Cameroon",Raw Materials,($/cubic meter),424.3,-4.09,-5.94,0.57,20.75,-0.81
2010-03-01,2010,3,"Logs, Cameroon",Raw Materials,($/cubic meter),427.6,0.78,-5.54,10.15,20.15,0.19
2010-04-01,2010,4,"Logs, Cameroon",Raw Materials,($/cubic meter),429.6,0.47,-2.89,12.31,32.8,-0.15
2010-05-01,2010,5,"Logs, Cameroon",Raw Materials,($/cubic meter),403.5,-6.08,-4.9,2.05,17.81,-2.89
2010-06-01,2010,6,"Logs, Cameroon",Raw Materials,($/cubic meter),390.8,-3.15,-8.61,-3.86,19.04,-1.1
2010-07-01,2010,7,"Logs, Cameroon",Raw Materials,($/cubic meter),421.4,7.83,-1.91,3.13,28.36,2.63
2010-08-01,2010,8,"Logs, Cameroon",Raw Materials,($/cubic meter),425.6,1.0,5.48,2.85,27.04,0.17
2010-09-01,2010,9,"Logs, Cameroon",Raw Materials,($/cubic meter),432.0,1.5,10.54,2.3,30.55,0.31
2010-10-01,2010,10,"Logs, Cameroon",Raw Materials,($/cubic meter),458.9,6.23,8.9,3.24,41.46,1.55
2010-11-01,2010,11,"Logs, Cameroon",Raw Materials,($/cubic meter),450.2,-1.9,5.78,-0.2,41.48,-0.56
2010-12-01,2010,12,"Logs, Cameroon",Raw Materials,($/cubic meter),436.5,-3.04,1.04,-3.58,36.36,-0.77
2011-01-01,2011,1,"Logs, Cameroon",Raw Materials,($/cubic meter),441.3,1.1,-3.84,-0.25,36.29,0.32
2011-02-01,2011,2,"Logs, Cameroon",Raw Materials,($/cubic meter),450.8,2.15,0.13,6.25,42.48,0.52
2011-03-01,2011,3,"Logs, Cameroon",Raw Materials,($/cubic meter),462.6,2.62,5.98,8.19,50.93,0.53
2011-04-01,2011,4,"Logs, Cameroon",Raw Materials,($/cubic meter),477.5,3.22,8.2,11.15,52.6,0.63
2011-05-01,2011,5,"Logs, Cameroon",Raw Materials,($/cubic meter),487.2,2.03,8.07,20.74,49.63,0.27
2011-06-01,2011,6,"Logs, Cameroon",Raw Materials,($/cubic meter),504.0,3.45,8.95,28.97,62.63,0.55
2011-07-01,2011,7,"Logs, Cameroon",Raw Materials,($/cubic meter),521.6,3.49,9.24,23.78,67.02,0.44
2011-08-01,2011,8,"Logs, Cameroon",Raw Materials,($/cubic meter),523.3,0.33,7.41,22.96,65.03,-0.61
2011-09-01,2011,9,"Logs, Cameroon",Raw Materials,($/cubic meter),500.4,-4.38,-0.71,15.83,58.86,-2.47
2011-10-01,2011,10,"Logs, Cameroon",Raw Materials,($/cubic meter),501.0,0.12,-3.95,9.17,58.09,-0.38
2011-11-01,2011,11,"Logs, Cameroon",Raw Materials,($/cubic meter),481.1,-3.97,-8.06,6.86,46.45,-1.8
2011-12-01,2011,12,"Logs, Cameroon",Raw Materials,($/cubic meter),466.7,-2.99,-6.73,6.92,38.53,-1.24
2012-01-01,2012,1,"Logs, Cameroon",Raw Materials,($/cubic meter),458.3,-1.8,-8.52,3.85,27.77,-0.83
2012-02-01,2012,2,"Logs, Cameroon",Raw Materials,($/cubic meter),466.6,1.81,-3.01,3.5,24.36,0.49
2012-03-01,2012,3,"Logs, Cameroon",Raw Materials,($/cubic meter),465.8,-0.17,-0.19,0.69,22.58,-0.17
2012-04-01,2012,4,"Logs, Cameroon",Raw Materials,($/cubic meter),464.0,-0.39,1.24,-2.83,19.62,-0.17
2012-05-01,2012,5,"Logs, Cameroon",Raw Materials,($/cubic meter),451.5,-2.69,-3.24,-7.33,20.85,-0.93
2012-06-01,2012,6,"Logs, Cameroon",Raw Materials,($/cubic meter),442.3,-2.04,-5.05,-12.24,23.93,-0.54
2012-07-01,2012,7,"Logs, Cameroon",Raw Materials,($/cubic meter),430.3,-2.71,-7.26,-17.5,17.96,-0.7
2012-08-01,2012,8,"Logs, Cameroon",Raw Materials,($/cubic meter),431.0,0.16,-4.54,-17.64,16.11,0.91
2012-09-01,2012,9,"Logs, Cameroon",Raw Materials,($/cubic meter),447.4,3.81,1.15,-10.59,18.14,2.86
2012-10-01,2012,10,"Logs, Cameroon",Raw Materials,($/cubic meter),450.7,0.74,4.74,-10.04,16.25,0.74
2012-11-01,2012,11,"Logs, Cameroon",Raw Materials,($/cubic meter),449.3,-0.31,4.25,-6.61,6.44,0.24
2012-12-01,2012,12,"Logs, Cameroon",Raw Materials,($/cubic meter),459.4,2.25,2.68,-1.56,9.67,1.37
2013-01-01,2013,1,"Logs, Cameroon",Raw Materials,($/cubic meter),465.6,1.35,3.31,1.59,-3.78,0.72
2013-02-01,2013,2,"Logs, Cameroon",Raw Materials,($/cubic meter),466.9,0.28,3.92,0.06,-14.44,0.06
2013-03-01,2013,3,"Logs, Cameroon",Raw Materials,($/cubic meter),436.2,-6.58,-5.05,-6.35,-22.49,-3.42
2013-04-01,2013,4,"Logs, Cameroon",Raw Materials,($/cubic meter),455.9,4.52,-2.08,-1.75,-18.43,1.85
2013-05-01,2013,5,"Logs, Cameroon",Raw Materials,($/cubic meter),454.2,-0.37,-2.72,0.6,-17.76,-0.09
2013-06-01,2013,6,"Logs, Cameroon",Raw Materials,($/cubic meter),462.0,1.72,5.91,4.45,-16.32,0.55
2013-07-01,2013,7,"Logs, Cameroon",Raw Materials,($/cubic meter),458.3,-0.8,0.53,6.51,-18.1,-0.41
2013-08-01,2013,8,"Logs, Cameroon",Raw Materials,($/cubic meter),466.2,1.72,2.64,8.17,-15.86,0.42
2013-09-01,2013,9,"Logs, Cameroon",Raw Materials,($/cubic meter),467.7,0.32,1.23,4.54,-12.04,-0.13
2013-10-01,2013,10,"Logs, Cameroon",Raw Materials,($/cubic meter),477.4,2.07,4.17,5.92,-3.14,0.64
2013-11-01,2013,11,"Logs, Cameroon",Raw Materials,($/cubic meter),472.4,-1.05,1.33,5.14,4.51,-0.58
2013-12-01,2013,12,"Logs, Cameroon",Raw Materials,($/cubic meter),479.6,1.52,2.54,4.4,0.63,0.4
2014-01-01,2014,1,"Logs, Cameroon",Raw Materials,($/cubic meter),476.8,-0.58,-0.13,2.41,1.4,-0.37
2014-02-01,2014,2,"Logs, Cameroon",Raw Materials,($/cubic meter),478.1,0.27,1.21,2.4,13.32,0.02
2014-03-01,2014,3,"Logs, Cameroon",Raw Materials,($/cubic meter),483.8,1.19,0.88,10.91,24.63,0.36
2014-04-01,2014,4,"Logs, Cameroon",Raw Materials,($/cubic meter),483.5,-0.06,1.41,6.05,26.41,-0.59
2014-05-01,2014,5,"Logs, Cameroon",Raw Materials,($/cubic meter),480.9,-0.54,0.59,5.88,21.62,-0.94
2014-06-01,2014,6,"Logs, Cameroon",Raw Materials,($/cubic meter),475.7,-1.08,-1.67,2.97,17.02,-1.4
2014-07-01,2014,7,"Logs, Cameroon",Raw Materials,($/cubic meter),474.0,-0.36,-1.96,3.43,16.01,-0.54
2014-08-01,2014,8,"Logs, Cameroon",Raw Materials,($/cubic meter),466.1,-1.67,-3.08,-0.02,12.64,-1.78
2014-09-01,2014,9,"Logs, Cameroon",Raw Materials,($/cubic meter),451.8,-3.07,-5.02,-3.4,6.99,-2.72
2014-10-01,2014,10,"Logs, Cameroon",Raw Materials,($/cubic meter),443.5,-1.84,-6.43,-7.1,-0.22,-1.09
2014-11-01,2014,11,"Logs, Cameroon",Raw Materials,($/cubic meter),436.6,-1.56,-6.33,-7.58,-3.21,-0.74
2014-12-01,2014,12,"Logs, Cameroon",Raw Materials,($/cubic meter),431.2,-1.24,-4.56,-10.09,-4.75,-0.45
2015-01-01,2015,1,"Logs, Cameroon",Raw Materials,($/cubic meter),407.6,-5.47,-8.09,-14.51,-7.87,-4.12
2015-02-01,2015,2,"Logs, Cameroon",Raw Materials,($/cubic meter),397.5,-2.48,-8.96,-16.86,-6.32,-0.69
2015-03-01,2015,3,"Logs, Cameroon",Raw Materials,($/cubic meter),379.2,-4.6,-12.06,-21.62,-11.32,-1.84
2015-04-01,2015,4,"Logs, Cameroon",Raw Materials,($/cubic meter),377.8,-0.37,-7.31,-21.86,-12.06,0.98
2015-05-01,2015,5,"Logs, Cameroon",Raw Materials,($/cubic meter),390.8,3.44,-1.69,-18.74,-3.15,3.34
2015-06-01,2015,6,"Logs, Cameroon",Raw Materials,($/cubic meter),392.5,0.44,3.51,-17.49,0.44,0.94
2015-07-01,2015,7,"Logs, Cameroon",Raw Materials,($/cubic meter),385.1,-1.89,1.93,-18.76,-8.61,-0.14
2015-08-01,2015,8,"Logs, Cameroon",Raw Materials,($/cubic meter),389.8,1.22,-0.26,-16.37,-8.41,1.27
2015-09-01,2015,9,"Logs, Cameroon",Raw Materials,($/cubic meter),393.0,0.82,0.13,-13.01,-9.03,0.93
2015-10-01,2015,10,"Logs, Cameroon",Raw Materials,($/cubic meter),393.3,0.08,2.13,-11.32,-14.3,0.49
2015-11-01,2015,11,"Logs, Cameroon",Raw Materials,($/cubic meter),375.9,-4.42,-3.57,-13.9,-16.5,-1.39
2015-12-01,2015,12,"Logs, Cameroon",Raw Materials,($/cubic meter),380.6,1.25,-3.16,-11.73,-12.81,0.92
2016-01-01,2016,1,"Logs, Cameroon",Raw Materials,($/cubic meter),380.2,-0.11,-3.33,-6.72,-13.85,0.32
2016-02-01,2016,2,"Logs, Cameroon",Raw Materials,($/cubic meter),388.4,2.16,3.33,-2.29,-13.84,1.13
2016-03-01,2016,3,"Logs, Cameroon",Raw Materials,($/cubic meter),388.9,0.13,2.18,2.56,-15.93,0.12
2016-04-01,2016,4,"Logs, Cameroon",Raw Materials,($/cubic meter),396.7,2.01,4.34,5.0,-16.92,0.9
2016-05-01,2016,5,"Logs, Cameroon",Raw Materials,($/cubic meter),395.8,-0.23,1.91,1.28,-18.76,-0.32
2016-06-01,2016,6,"Logs, Cameroon",Raw Materials,($/cubic meter),393.2,-0.66,1.11,0.18,-21.98,-0.43
2016-07-01,2016,7,"Logs, Cameroon",Raw Materials,($/cubic meter),387.3,-1.5,-2.37,0.57,-25.75,-0.85
2016-08-01,2016,8,"Logs, Cameroon",Raw Materials,($/cubic meter),392.3,1.29,-0.88,0.64,-25.03,0.69
2016-09-01,2016,9,"Logs, Cameroon",Raw Materials,($/cubic meter),392.4,0.03,-0.2,-0.15,-21.58,-0.02
2016-10-01,2016,10,"Logs, Cameroon",Raw Materials,($/cubic meter),386.0,-1.63,-0.34,-1.86,-22.95,-0.93
2016-11-01,2016,11,"Logs, Cameroon",Raw Materials,($/cubic meter),378.3,-1.99,-3.57,0.64,-21.37,-1.02
2016-12-01,2016,12,"Logs, Cameroon",Raw Materials,($/cubic meter),369.3,-2.38,-5.89,-2.97,-20.87,-1.76
2017-01-01,2017,1,"Logs, Cameroon",Raw Materials,($/cubic meter),371.6,0.62,-3.73,-2.26,-18.92,0.58
2017-02-01,2017,2,"Logs, Cameroon",Raw Materials,($/cubic meter),372.4,0.22,-1.56,-4.12,-20.19,0.26
2017-03-01,2017,3,"Logs, Cameroon",Raw Materials,($/cubic meter),374.0,0.43,1.27,-3.83,-19.71,0.58
2017-04-01,2017,4,"Logs, Cameroon",Raw Materials,($/cubic meter),375.0,0.27,0.91,-5.47,-19.18,0.43
2017-05-01,2017,5,"Logs, Cameroon",Raw Materials,($/cubic meter),386.8,3.15,3.87,-2.27,-14.33,3.11
2017-06-01,2017,6,"Logs, Cameroon",Raw Materials,($/cubic meter),392.9,1.58,5.05,-0.08,-11.17,1.12
2017-07-01,2017,7,"Logs, Cameroon",Raw Materials,($/cubic meter),402.7,2.49,7.39,3.98,-6.41,1.52
2017-08-01,2017,8,"Logs, Cameroon",Raw Materials,($/cubic meter),413.2,2.61,6.83,5.33,-4.13,1.33
2017-09-01,2017,9,"Logs, Cameroon",Raw Materials,($/cubic meter),417.2,0.97,6.18,6.32,-6.75,0.29
2017-10-01,2017,10,"Logs, Cameroon",Raw Materials,($/cubic meter),411.6,-1.34,2.21,6.63,-8.68,-1.03
2017-11-01,2017,11,"Logs, Cameroon",Raw Materials,($/cubic meter),410.9,-0.17,-0.56,8.62,-8.55,-0.41
2017-12-01,2017,12,"Logs, Cameroon",Raw Materials,($/cubic meter),414.3,0.83,-0.7,12.19,-9.82,0.08
2018-01-01,2018,1,"Logs, Cameroon",Raw Materials,($/cubic meter),426.7,2.99,3.67,14.83,-8.35,1.57
2018-02-01,2018,2,"Logs, Cameroon",Raw Materials,($/cubic meter),432.5,1.36,5.26,16.14,-7.37,0.14
2018-03-01,2018,3,"Logs, Cameroon",Raw Materials,($/cubic meter),431.7,-0.18,4.2,15.43,-1.03,-1.05
2018-04-01,2018,4,"Logs, Cameroon",Raw Materials,($/cubic meter),429.7,-0.46,0.7,14.59,-5.75,-1.18
2018-05-01,2018,5,"Logs, Cameroon",Raw Materials,($/cubic meter),413.9,-3.68,-4.3,7.01,-8.87,-3.27
2018-06-01,2018,6,"Logs, Cameroon",Raw Materials,($/cubic meter),408.8,-1.23,-5.3,4.05,-11.52,-0.96
2018-07-01,2018,7,"Logs, Cameroon",Raw Materials,($/cubic meter),408.8,0.0,-4.86,1.51,-10.8,-0.18
2018-08-01,2018,8,"Logs, Cameroon",Raw Materials,($/cubic meter),404.1,-1.15,-2.37,-2.2,-13.32,-0.71
2018-09-01,2018,9,"Logs, Cameroon",Raw Materials,($/cubic meter),408.1,0.99,-0.17,-2.18,-12.74,0.7
2018-10-01,2018,10,"Logs, Cameroon",Raw Materials,($/cubic meter),402.0,-1.49,-1.66,-2.33,-15.79,-0.79
2018-11-01,2018,11,"Logs, Cameroon",Raw Materials,($/cubic meter),397.7,-1.07,-1.58,-3.21,-15.81,-0.53
2018-12-01,2018,12,"Logs, Cameroon",Raw Materials,($/cubic meter),398.5,0.2,-2.35,-3.81,-16.91,0.27
2019-01-01,2019,1,"Logs, Cameroon",Raw Materials,($/cubic meter),399.7,0.3,-0.57,-6.33,-16.17,0.37
2019-02-01,2019,2,"Logs, Cameroon",Raw Materials,($/cubic meter),397.3,-0.6,-0.1,-8.14,-16.9,-0.05
2019-03-01,2019,3,"Logs, Cameroon",Raw Materials,($/cubic meter),395.7,-0.4,-0.7,-8.34,-18.21,0.25
2019-04-01,2019,4,"Logs, Cameroon",Raw Materials,($/cubic meter),393.4,-0.58,-1.58,-8.45,-18.63,0.11
2019-05-01,2019,5,"Logs, Cameroon",Raw Materials,($/cubic meter),391.5,-0.48,-1.46,-5.41,-18.59,0.21
2019-06-01,2019,6,"Logs, Cameroon",Raw Materials,($/cubic meter),395.2,0.95,-0.13,-3.33,-16.92,1.92
2019-07-01,2019,7,"Logs, Cameroon",Raw Materials,($/cubic meter),392.7,-0.63,-0.18,-3.94,-17.15,-0.45
2019-08-01,2019,8,"Logs, Cameroon",Raw Materials,($/cubic meter),389.4,-0.84,-0.54,-3.64,-16.46,-0.64
2019-09-01,2019,9,"Logs, Cameroon",Raw Materials,($/cubic meter),385.3,-1.05,-2.51,-5.59,-14.72,-0.97
2019-10-01,2019,10,"Logs, Cameroon",Raw Materials,($/cubic meter),386.9,0.42,-1.48,-3.76,-12.76,1.32
2019-11-01,2019,11,"Logs, Cameroon",Raw Materials,($/cubic meter),386.9,0.0,-0.64,-2.72,-11.38,0.5
2019-12-01,2019,12,"Logs, Cameroon",Raw Materials,($/cubic meter),388.9,0.52,0.93,-2.41,-9.81,1.25
2020-01-01,2020,1,"Logs, Cameroon",Raw Materials,($/cubic meter),388.7,-0.05,0.47,-2.75,-4.64,0.24
2020-02-01,2020,2,"Logs, Cameroon",Raw Materials,($/cubic meter),381.8,-1.78,-1.32,-3.9,-3.95,-2.56
2020-03-01,2020,3,"Logs, Cameroon",Raw Materials,($/cubic meter),387.2,1.41,-0.44,-2.15,2.11,2.33
2020-04-01,2020,4,"Logs, Cameroon",Raw Materials,($/cubic meter),380.4,-1.76,-2.14,-3.3,0.69,-1.76
2020-05-01,2020,5,"Logs, Cameroon",Raw Materials,($/cubic meter),381.6,0.32,-0.05,-2.53,-2.35,0.59
2020-06-01,2020,6,"Logs, Cameroon",Raw Materials,($/cubic meter),393.9,3.22,1.73,-0.33,0.36,3.38
2020-07-01,2020,7,"Logs, Cameroon",Raw Materials,($/cubic meter),401.1,1.83,5.44,2.14,4.15,1.32
2020-08-01,2020,8,"Logs, Cameroon",Raw Materials,($/cubic meter),414.0,3.22,8.49,6.32,6.21,2.06
2020-09-01,2020,9,"Logs, Cameroon",Raw Materials,($/cubic meter),412.8,-0.29,4.8,7.14,5.04,-0.49
2020-10-01,2020,10,"Logs, Cameroon",Raw Materials,($/cubic meter),412.0,-0.19,2.72,6.49,4.75,-0.48
2020-11-01,2020,11,"Logs, Cameroon",Raw Materials,($/cubic meter),414.3,0.56,0.07,7.08,10.22,0.01
2020-12-01,2020,12,"Logs, Cameroon",Raw Materials,($/cubic meter),425.8,2.78,3.15,9.49,11.88,1.35
2021-01-01,2021,1,"Logs, Cameroon",Raw Materials,($/cubic meter),426.1,0.07,3.42,9.62,12.07,-0.4
2021-02-01,2021,2,"Logs, Cameroon",Raw Materials,($/cubic meter),423.4,-0.63,2.2,10.9,9.01,-0.81
2021-03-01,2021,3,"Logs, Cameroon",Raw Materials,($/cubic meter),416.6,-1.61,-2.16,7.59,7.12,-1.54
2021-04-01,2021,4,"Logs, Cameroon",Raw Materials,($/cubic meter),418.5,0.46,-1.78,10.02,5.5,-0.1
2021-05-01,2021,5,"Logs, Cameroon",Raw Materials,($/cubic meter),425.2,1.6,0.43,11.43,7.43,0.5
2021-06-01,2021,6,"Logs, Cameroon",Raw Materials,($/cubic meter),421.8,-0.8,1.25,7.08,7.27,-1.08
2021-07-01,2021,7,"Logs, Cameroon",Raw Materials,($/cubic meter),413.8,-1.9,-1.12,3.17,6.84,-1.67
2021-08-01,2021,8,"Logs, Cameroon",Raw Materials,($/cubic meter),412.0,-0.43,-3.1,-0.48,5.02,-0.45
2021-09-01,2021,9,"Logs, Cameroon",Raw Materials,($/cubic meter),412.0,0.0,-2.32,-0.19,4.99,0.03
2021-10-01,2021,10,"Logs, Cameroon",Raw Materials,($/cubic meter),406.0,-1.46,-1.88,-1.46,5.18,-1.12
2021-11-01,2021,11,"Logs, Cameroon",Raw Materials,($/cubic meter),399.6,-1.58,-3.01,-3.55,5.63,-1.08
2021-12-01,2021,12,"Logs, Cameroon",Raw Materials,($/cubic meter),395.6,-1.0,-3.98,-7.09,7.12,-0.51
2022-01-01,2022,1,"Logs, Cameroon",Raw Materials,($/cubic meter),396.2,0.15,-2.41,-7.02,6.62,0.75
2022-02-01,2022,2,"Logs, Cameroon",Raw Materials,($/cubic meter),397.0,0.2,-0.65,-6.24,6.61,0.78
2022-03-01,2022,3,"Logs, Cameroon",Raw Materials,($/cubic meter),385.7,-2.85,-2.5,-7.42,3.13,-2.21
2022-04-01,2022,4,"Logs, Cameroon",Raw Materials,($/cubic meter),378.8,-1.79,-4.39,-9.49,1.01,-0.95
2022-05-01,2022,5,"Logs, Cameroon",Raw Materials,($/cubic meter),370.3,-2.24,-6.73,-12.91,-4.27,-1.18
2022-06-01,2022,6,"Logs, Cameroon",Raw Materials,($/cubic meter),370.1,-0.05,-4.04,-12.26,-5.8,1.1
2022-07-01,2022,7,"Logs, Cameroon",Raw Materials,($/cubic meter),356.5,-3.67,-5.89,-13.85,-11.47,-2.5
2022-08-01,2022,8,"Logs, Cameroon",Raw Materials,($/cubic meter),354.5,-0.56,-4.27,-13.96,-14.21,0.53
2022-09-01,2022,9,"Logs, Cameroon",Raw Materials,($/cubic meter),346.9,-2.14,-6.27,-15.8,-16.85,-0.72
2022-10-01,2022,10,"Logs, Cameroon",Raw Materials,($/cubic meter),344.0,-0.84,-3.51,-15.27,-16.42,0.48
2022-11-01,2022,11,"Logs, Cameroon",Raw Materials,($/cubic meter),356.9,3.75,0.68,-10.69,-13.14,4.16
2022-12-01,2022,12,"Logs, Cameroon",Raw Materials,($/cubic meter),370.5,3.81,6.8,-6.34,-10.57,2.47
2023-01-01,2023,1,"Logs, Cameroon",Raw Materials,($/cubic meter),377.1,1.78,9.62,-4.82,-11.62,0.98
2023-02-01,2023,2,"Logs, Cameroon",Raw Materials,($/cubic meter),375.1,-0.53,5.1,-5.52,-13.27,-0.06
2023-03-01,2023,3,"Logs, Cameroon",Raw Materials,($/cubic meter),374.7,-0.11,1.13,-2.85,-13.2,0.14
2023-04-01,2023,4,"Logs, Cameroon",Raw Materials,($/cubic meter),383.8,2.43,1.78,1.32,-10.68,1.14
2023-05-01,2023,5,"Logs, Cameroon",Raw Materials,($/cubic meter),380.5,-0.86,1.44,2.75,-8.07,-0.42
2023-06-01,2023,6,"Logs, Cameroon",Raw Materials,($/cubic meter),379.4,-0.29,1.25,2.51,-7.19,-0.24
2023-07-01,2023,7,"Logs, Cameroon",Raw Materials,($/cubic meter),387.1,2.03,0.86,8.58,-5.31,0.79
2023-08-01,2023,8,"Logs, Cameroon",Raw Materials,($/cubic meter),381.9,-1.34,0.37,7.73,-5.49,-1.04
2023-09-01,2023,9,"Logs, Cameroon",Raw Materials,($/cubic meter),374.0,-2.07,-1.42,7.81,-8.36,-1.34
2023-10-01,2023,10,"Logs, Cameroon",Raw Materials,($/cubic meter),369.7,-1.15,-4.49,7.47,-8.03,-0.89
2023-11-01,2023,11,"Logs, Cameroon",Raw Materials,($/cubic meter),378.1,2.27,-1.0,5.94,-4.93,0.81
2023-12-01,2023,12,"Logs, Cameroon",Raw Materials,($/cubic meter),382.0,1.03,2.14,3.1,-4.14,0.29
2024-01-01,2024,1,"Logs, Cameroon",Raw Materials,($/cubic meter),381.7,-0.08,3.25,1.22,-4.5,-0.22
2024-02-01,2024,2,"Logs, Cameroon",Raw Materials,($/cubic meter),377.7,-1.05,-0.11,0.69,-4.93,-0.77
2024-03-01,2024,3,"Logs, Cameroon",Raw Materials,($/cubic meter),380.4,0.71,-0.42,1.52,-3.87,0.42
2024-04-01,2024,4,"Logs, Cameroon",Raw Materials,($/cubic meter),375.6,-1.26,-1.6,-2.14,-4.52,-0.91
2024-05-01,2024,5,"Logs, Cameroon",Raw Materials,($/cubic meter),378.2,0.69,0.13,-0.6,-3.4,0.62
2024-06-01,2024,6,"Logs, Cameroon",Raw Materials,($/cubic meter),376.6,-0.42,-1.0,-0.74,-4.71,-0.27
2024-07-01,2024,7,"Logs, Cameroon",Raw Materials,($/cubic meter),379.6,0.8,1.06,-1.94,-3.34,0.61
2024-08-01,2024,8,"Logs, Cameroon",Raw Materials,($/cubic meter),385.4,1.53,1.9,0.92,-1.03,1.32
2024-09-01,2024,9,"Logs, Cameroon",Raw Materials,($/cubic meter),388.7,0.86,3.21,3.93,0.88,0.59
2024-10-01,2024,10,"Logs, Cameroon",Raw Materials,($/cubic meter),381.7,-1.8,0.55,3.25,-1.34,-1.9
2024-11-01,2024,11,"Logs, Cameroon",Raw Materials,($/cubic meter),372.0,-2.54,-3.48,-1.61,-3.85,-2.32
2024-12-01,2024,12,"Logs, Cameroon",Raw Materials,($/cubic meter),366.5,-1.48,-5.71,-4.06,-5.76,-1.05
2025-01-01,2025,1,"Logs, Cameroon",Raw Materials,($/cubic meter),362.4,-1.12,-5.06,-5.06,-6.77,-0.61
2025-02-01,2025,2,"Logs, Cameroon",Raw Materials,($/cubic meter),364.5,0.58,-2.02,-3.49,-4.53,0.77
2025-03-01,2025,3,"Logs, Cameroon",Raw Materials,($/cubic meter),378.3,3.79,3.22,-0.55,-2.3,3.1
2025-04-01,2025,4,"Logs, Cameroon",Raw Materials,($/cubic meter),393.1,3.91,8.47,4.66,3.34,2.25
2025-05-01,2025,5,"Logs, Cameroon",Raw Materials,($/cubic meter),394.9,0.46,8.34,4.42,3.49,0.03
2025-06-01,2025,6,"Logs, Cameroon",Raw Materials,($/cubic meter),403.1,2.08,6.56,7.04,2.34,0.83
2025-07-01,2025,7,"Logs, Cameroon",Raw Materials,($/cubic meter),408.9,1.44,4.02,7.72,1.94,0.41
2025-08-01,2025,8,"Logs, Cameroon",Raw Materials,($/cubic meter),407.2,-0.42,3.11,5.66,-1.64,-0.51
2025-09-01,2025,9,"Logs, Cameroon",Raw Materials,($/cubic meter),410.7,0.86,1.89,5.66,-0.51,0.18
2025-10-01,2025,10,"Logs, Cameroon",Raw Materials,($/cubic meter),407.3,-0.83,-0.39,6.71,-1.14,-0.63
2025-11-01,2025,11,"Logs, Cameroon",Raw Materials,($/cubic meter),404.4,-0.71,-0.69,8.71,-2.39,-0.63
2025-12-01,2025,12,"Logs, Cameroon",Raw Materials,($/cubic meter),410.0,1.38,-0.17,11.87,-3.71,0.37
2026-01-01,2026,1,"Logs, Cameroon",Raw Materials,($/cubic meter),410.8,0.2,0.86,13.36,-3.59,-0.45
2026-02-01,2026,2,"Logs, Cameroon",Raw Materials,($/cubic meter),413.9,0.75,2.35,13.55,-2.24,-0.2
2026-03-01,2026,3,"Logs, Cameroon",Raw Materials,($/cubic meter),404.5,-2.27,-1.34,6.93,-2.9,-2.14
2026-04-01,2026,4,"Logs, Cameroon",Raw Materials,($/cubic meter),409.2,1.16,-0.39,4.1,-2.22,0.37
2026-05-01,2026,5,"Logs, Cameroon",Raw Materials,($/cubic meter),408.8,-0.1,-1.23,3.52,-3.86,-0.36
2026-06-01,2026,6,"Logs, Cameroon",Raw Materials,($/cubic meter),403.2,-1.37,-0.32,0.02,-4.41,-1.36
2026-07-01,2026,7,"Logs, Cameroon",Raw Materials,($/cubic meter),399.7,-0.87,-2.32,-2.25,-3.41,-0.75
2026-08-01,2026,8,"Logs, Cameroon",Raw Materials,($/cubic meter),405.7,1.5,-0.76,-0.37,-1.53,1.53
2026-09-01,2026,9,"Logs, Cameroon",Raw Materials,($/cubic meter),402.9,-0.69,-0.07,-1.9,-2.21,-0.55
1960-01-01,1960,1,"Logs, Malaysian",Raw Materials,($/cubic meter),31.9,,,,,
1960-02-01,1960,2,"Logs, Malaysian",Raw Materials,($/cubic meter),31.9,0.0,,,,
1960-03-01,1960,3,"Logs, Malaysian",Raw Materials,($/cubic meter),31.9,0.0,,,,
1960-04-01,1960,4,"Logs, Malaysian",Raw Materials,($/cubic meter),31.9,0.0,0.0,,,
1960-05-01,1960,5,"Logs, Malaysian",Raw Materials,($/cubic meter),31.9,0.0,0.0,,,
1960-06-01,1960,6,"Logs, Malaysian",Raw Materials,($/cubic meter),31.9,0.0,0.0,,,
1960-07-01,1960,7,"Logs, Malaysian",Raw Materials,($/cubic meter),31.9,0.0,0.0,,,
1960-08-01,1960,8,"Logs, Malaysian",Raw Materials,($/cubic meter),31.9,0.0,0.0,,,0.0
1960-09-01,1960,9,"Logs, Malaysian",Raw Materials,($/cubic meter),31.9,0.0,0.0,,,0.0
1960-10-01,1960,10,"Logs, Malaysian",Raw Materials,($/cubic meter),31.9,0.0,0.0,,,0.0
1960-11-01,1960,11,"Logs, Malaysian",Raw Materials,($/cubic meter),31.9,0.0,0.0,,,0.0
1960-12-01,1960,12,"Logs, Malaysian",Raw Materials,($/cubic meter),31.9,0.0,0.0,,,0.0
1961-01-01,1961,1,"Logs, Malaysian",Raw Materials,($/cubic meter),33.1,3.76,3.76,3.76,,0.0
1961-02-01,1961,2,"Logs, Malaysian",Raw Materials,($/cubic meter),33.1,0.0,3.76,3.76,,-0.29
1961-03-01,1961,3,"Logs, Malaysian",Raw Materials,($/cubic meter),33.1,0.0,3.76,3.76,,-0.29
1961-04-01,1961,4,"Logs, Malaysian",Raw Materials,($/cubic meter),33.1,0.0,0.0,3.76,,-0.29
1961-05-01,1961,5,"Logs, Malaysian",Raw Materials,($/cubic meter),33.1,0.0,0.0,3.76,,-0.29
1961-06-01,1961,6,"Logs, Malaysian",Raw Materials,($/cubic meter),33.1,0.0,0.0,3.76,,-0.29
1961-07-01,1961,7,"Logs, Malaysian",Raw Materials,($/cubic meter),33.1,0.0,0.0,3.76,,-0.29
1961-08-01,1961,8,"Logs, Malaysian",Raw Materials,($/cubic meter),33.1,0.0,0.0,3.76,,-0.29
1961-09-01,1961,9,"Logs, Malaysian",Raw Materials,($/cubic meter),33.1,0.0,0.0,3.76,,-0.29
1961-10-01,1961,10,"Logs, Malaysian",Raw Materials,($/cubic meter),33.1,0.0,0.0,3.76,,-0.29
1961-11-01,1961,11,"Logs, Malaysian",Raw Materials,($/cubic meter),33.1,0.0,0.0,3.76,,-0.29
1961-12-01,1961,12,"Logs, Malaysian",Raw Materials,($/cubic meter),33.1,0.0,0.0,3.76,,-0.29
1962-01-01,1962,1,"Logs, Malaysian",Raw Materials,($/cubic meter),36.4,9.97,9.97,9.97,,8.89
1962-02-01,1962,2,"Logs, Malaysian",Raw Materials,($/cubic meter),36.4,0.0,9.97,9.97,,-0.29
1962-03-01,1962,3,"Logs, Malaysian",Raw Materials,($/cubic meter),36.4,0.0,9.97,9.97,,-0.29
1962-04-01,1962,4,"Logs, Malaysian",Raw Materials,($/cubic meter),36.4,0.0,0.0,9.97,,-0.29
1962-05-01,1962,5,"Logs, Malaysian",Raw Materials,($/cubic meter),36.4,0.0,0.0,9.97,,-0.29
1962-06-01,1962,6,"Logs, Malaysian",Raw Materials,($/cubic meter),36.4,0.0,0.0,9.97,,-0.29
1962-07-01,1962,7,"Logs, Malaysian",Raw Materials,($/cubic meter),36.4,0.0,0.0,9.97,,-0.29
1962-08-01,1962,8,"Logs, Malaysian",Raw Materials,($/cubic meter),36.4,0.0,0.0,9.97,,-0.29
1962-09-01,1962,9,"Logs, Malaysian",Raw Materials,($/cubic meter),36.4,0.0,0.0,9.97,,-0.29
1962-10-01,1962,10,"Logs, Malaysian",Raw Materials,($/cubic meter),36.4,0.0,0.0,9.97,,-0.29
1962-11-01,1962,11,"Logs, Malaysian",Raw Materials,($/cubic meter),36.4,0.0,0.0,9.97,,-0.29
1962-12-01,1962,12,"Logs, Malaysian",Raw Materials,($/cubic meter),36.4,0.0,0.0,9.97,,-0.29
1963-01-01,1963,1,"Logs, Malaysian",Raw Materials,($/cubic meter),36.7,0.82,0.82,0.82,,-0.0
1963-02-01,1963,2,"Logs, Malaysian",Raw Materials,($/cubic meter),36.7,0.0,0.82,0.82,,-0.29
1963-03-01,1963,3,"Logs, Malaysian",Raw Materials,($/cubic meter),36.9,0.54,1.37,1.37,,2.0
1963-04-01,1963,4,"Logs, Malaysian",Raw Materials,($/cubic meter),36.9,0.0,0.54,1.37,,-0.42
1963-05-01,1963,5,"Logs, Malaysian",Raw Materials,($/cubic meter),37.8,2.44,3.0,3.85,,8.52
1963-06-01,1963,6,"Logs, Malaysian",Raw Materials,($/cubic meter),37.5,-0.79,1.63,3.02,,-1.54
1963-07-01,1963,7,"Logs, Malaysian",Raw Materials,($/cubic meter),36.1,-3.73,-2.17,-0.82,,-5.07
1963-08-01,1963,8,"Logs, Malaysian",Raw Materials,($/cubic meter),34.7,-3.88,-8.2,-4.67,,-2.73
1963-09-01,1963,9,"Logs, Malaysian",Raw Materials,($/cubic meter),33.9,-2.31,-9.6,-6.87,,-1.08
1963-10-01,1963,10,"Logs, Malaysian",Raw Materials,($/cubic meter),32.8,-3.24,-9.14,-9.89,,-1.44
1963-11-01,1963,11,"Logs, Malaysian",Raw Materials,($/cubic meter),32.5,-0.91,-6.34,-10.71,,-0.03
1963-12-01,1963,12,"Logs, Malaysian",Raw Materials,($/cubic meter),33.3,2.46,-1.77,-8.52,,1.71
1964-01-01,1964,1,"Logs, Malaysian",Raw Materials,($/cubic meter),32.8,-1.5,0.0,-10.63,,-0.36
1964-02-01,1964,2,"Logs, Malaysian",Raw Materials,($/cubic meter),32.8,0.0,0.92,-10.63,,0.42
1964-03-01,1964,3,"Logs, Malaysian",Raw Materials,($/cubic meter),31.9,-2.74,-4.2,-13.55,,-0.85
1964-04-01,1964,4,"Logs, Malaysian",Raw Materials,($/cubic meter),30.6,-4.08,-6.71,-17.07,,-1.34
1964-05-01,1964,5,"Logs, Malaysian",Raw Materials,($/cubic meter),29.4,-3.92,-10.37,-22.22,,-1.05
1964-06-01,1964,6,"Logs, Malaysian",Raw Materials,($/cubic meter),29.4,0.0,-7.84,-21.6,,1.03
1964-07-01,1964,7,"Logs, Malaysian",Raw Materials,($/cubic meter),29.2,-0.68,-4.58,-19.11,,0.64
1964-08-01,1964,8,"Logs, Malaysian",Raw Materials,($/cubic meter),29.2,0.0,-0.68,-15.85,,0.87
1964-09-01,1964,9,"Logs, Malaysian",Raw Materials,($/cubic meter),28.9,-1.03,-1.7,-14.75,,0.2
1964-10-01,1964,10,"Logs, Malaysian",Raw Materials,($/cubic meter),28.9,0.0,-1.03,-11.89,,0.68
1964-11-01,1964,11,"Logs, Malaysian",Raw Materials,($/cubic meter),29.4,1.73,0.68,-9.54,,1.5
1964-12-01,1964,12,"Logs, Malaysian",Raw Materials,($/cubic meter),30.6,4.08,5.88,-8.11,,2.44
1965-01-01,1965,1,"Logs, Malaysian",Raw Materials,($/cubic meter),30.6,0.0,5.88,-6.71,-4.08,0.3
1965-02-01,1965,2,"Logs, Malaysian",Raw Materials,($/cubic meter),33.3,8.82,13.27,1.52,4.39,4.12
1965-03-01,1965,3,"Logs, Malaysian",Raw Materials,($/cubic meter),34.2,2.7,11.76,7.21,7.21,0.71
1965-04-01,1965,4,"Logs, Malaysian",Raw Materials,($/cubic meter),35.6,4.09,16.34,16.34,11.6,0.99
1965-05-01,1965,5,"Logs, Malaysian",Raw Materials,($/cubic meter),35.6,0.0,6.91,21.09,11.6,-0.4
1965-06-01,1965,6,"Logs, Malaysian",Raw Materials,($/cubic meter),35.6,0.0,4.09,21.09,11.6,-0.57
1965-07-01,1965,7,"Logs, Malaysian",Raw Materials,($/cubic meter),35.6,0.0,0.0,21.92,11.6,-0.57
1965-08-01,1965,8,"Logs, Malaysian",Raw Materials,($/cubic meter),35.6,0.0,0.0,21.92,11.6,-0.6
1965-09-01,1965,9,"Logs, Malaysian",Raw Materials,($/cubic meter),36.1,1.4,1.4,24.91,13.17,-0.1
1965-10-01,1965,10,"Logs, Malaysian",Raw Materials,($/cubic meter),36.1,0.0,1.4,24.91,13.17,-0.71
1965-11-01,1965,11,"Logs, Malaysian",Raw Materials,($/cubic meter),36.1,0.0,1.4,22.79,13.17,-0.71
1965-12-01,1965,12,"Logs, Malaysian",Raw Materials,($/cubic meter),36.1,0.0,0.0,17.97,13.17,-0.64
1966-01-01,1966,1,"Logs, Malaysian",Raw Materials,($/cubic meter),36.1,0.0,0.0,17.97,9.06,-0.53
1966-02-01,1966,2,"Logs, Malaysian",Raw Materials,($/cubic meter),36.9,2.22,2.22,10.81,11.48,0.3
1966-03-01,1966,3,"Logs, Malaysian",Raw Materials,($/cubic meter),36.9,0.0,2.22,7.89,11.48,-0.62
1966-04-01,1966,4,"Logs, Malaysian",Raw Materials,($/cubic meter),36.4,-1.36,0.83,2.25,9.97,-1.53
1966-05-01,1966,5,"Logs, Malaysian",Raw Materials,($/cubic meter),36.9,1.37,0.0,3.65,11.48,1.36
1966-06-01,1966,6,"Logs, Malaysian",Raw Materials,($/cubic meter),36.9,0.0,0.0,3.65,11.48,-0.33
1966-07-01,1966,7,"Logs, Malaysian",Raw Materials,($/cubic meter),36.9,0.0,1.37,3.65,11.48,-0.33
1966-08-01,1966,8,"Logs, Malaysian",Raw Materials,($/cubic meter),36.9,0.0,0.0,3.65,11.48,-0.33
1966-09-01,1966,9,"Logs, Malaysian",Raw Materials,($/cubic meter),36.9,0.0,0.0,2.22,11.48,-0.33
1966-10-01,1966,10,"Logs, Malaysian",Raw Materials,($/cubic meter),36.9,0.0,0.0,2.22,11.48,-0.22
1966-11-01,1966,11,"Logs, Malaysian",Raw Materials,($/cubic meter),36.9,0.0,0.0,2.22,11.48,-0.22
1966-12-01,1966,12,"Logs, Malaysian",Raw Materials,($/cubic meter),36.9,0.0,0.0,2.22,11.48,-0.22
1967-01-01,1967,1,"Logs, Malaysian",Raw Materials,($/cubic meter),36.9,0.0,0.0,2.22,1.37,-0.22
1967-02-01,1967,2,"Logs, Malaysian",Raw Materials,($/cubic meter),37.5,1.63,1.63,1.63,3.02,1.67
1967-03-01,1967,3,"Logs, Malaysian",Raw Materials,($/cubic meter),38.3,2.13,3.79,3.79,5.22,2.67
1967-04-01,1967,4,"Logs, Malaysian",Raw Materials,($/cubic meter),38.3,0.0,3.79,5.22,5.22,-0.33
1967-05-01,1967,5,"Logs, Malaysian",Raw Materials,($/cubic meter),38.9,1.57,3.73,5.42,6.87,1.44
1967-06-01,1967,6,"Logs, Malaysian",Raw Materials,($/cubic meter),38.9,0.0,1.57,5.42,6.87,-0.55
1967-07-01,1967,7,"Logs, Malaysian",Raw Materials,($/cubic meter),38.9,0.0,1.57,5.42,6.87,-0.55
1967-08-01,1967,8,"Logs, Malaysian",Raw Materials,($/cubic meter),38.9,0.0,0.0,5.42,6.87,-0.55
1967-09-01,1967,9,"Logs, Malaysian",Raw Materials,($/cubic meter),40.3,3.6,3.6,9.21,10.71,3.88
1967-10-01,1967,10,"Logs, Malaysian",Raw Materials,($/cubic meter),41.7,3.47,7.2,13.01,14.56,2.27
1967-11-01,1967,11,"Logs, Malaysian",Raw Materials,($/cubic meter),41.7,0.0,7.2,13.01,14.56,-0.73
1967-12-01,1967,12,"Logs, Malaysian",Raw Materials,($/cubic meter),41.7,0.0,3.47,13.01,14.56,-0.73
1968-01-01,1968,1,"Logs, Malaysian",Raw Materials,($/cubic meter),41.7,0.0,0.0,13.01,13.62,-0.73
1968-02-01,1968,2,"Logs, Malaysian",Raw Materials,($/cubic meter),41.7,0.0,0.0,11.2,13.62,-0.73
1968-03-01,1968,3,"Logs, Malaysian",Raw Materials,($/cubic meter),41.7,0.0,0.0,8.88,13.01,-0.63
1968-04-01,1968,4,"Logs, Malaysian",Raw Materials,($/cubic meter),41.7,0.0,0.0,8.88,13.01,-0.52
1968-05-01,1968,5,"Logs, Malaysian",Raw Materials,($/cubic meter),41.7,0.0,0.0,7.2,10.32,-0.52
1968-06-01,1968,6,"Logs, Malaysian",Raw Materials,($/cubic meter),38.9,-6.71,-6.71,0.0,3.73,-5.3
1968-07-01,1968,7,"Logs, Malaysian",Raw Materials,($/cubic meter),38.9,0.0,-6.71,0.0,7.76,-0.01
1968-08-01,1968,8,"Logs, Malaysian",Raw Materials,($/cubic meter),38.9,0.0,-6.71,0.0,12.1,-0.01
1968-09-01,1968,9,"Logs, Malaysian",Raw Materials,($/cubic meter),38.9,0.0,0.0,-3.47,14.75,-0.01
1968-10-01,1968,10,"Logs, Malaysian",Raw Materials,($/cubic meter),38.9,0.0,0.0,-6.71,18.6,0.12
1968-11-01,1968,11,"Logs, Malaysian",Raw Materials,($/cubic meter),38.9,0.0,0.0,-6.71,19.69,0.29
1968-12-01,1968,12,"Logs, Malaysian",Raw Materials,($/cubic meter),38.9,0.0,0.0,-6.71,16.82,0.29
1969-01-01,1969,1,"Logs, Malaysian",Raw Materials,($/cubic meter),38.9,0.0,0.0,-6.71,18.6,0.29
1969-02-01,1969,2,"Logs, Malaysian",Raw Materials,($/cubic meter),38.9,0.0,0.0,-6.71,18.6,0.29
1969-03-01,1969,3,"Logs, Malaysian",Raw Materials,($/cubic meter),38.9,0.0,0.0,-6.71,21.94,0.29
1969-04-01,1969,4,"Logs, Malaysian",Raw Materials,($/cubic meter),38.9,0.0,0.0,-6.71,27.12,0.29
1969-05-01,1969,5,"Logs, Malaysian",Raw Materials,($/cubic meter),38.9,0.0,0.0,-6.71,32.31,0.29
1969-06-01,1969,6,"Logs, Malaysian",Raw Materials,($/cubic meter),38.9,0.0,0.0,0.0,32.31,0.29
1969-07-01,1969,7,"Logs, Malaysian",Raw Materials,($/cubic meter),38.9,0.0,0.0,0.0,33.22,0.0
1969-08-01,1969,8,"Logs, Malaysian",Raw Materials,($/cubic meter),38.9,0.0,0.0,0.0,33.22,0.0
1969-09-01,1969,9,"Logs, Malaysian",Raw Materials,($/cubic meter),38.9,0.0,0.0,0.0,34.6,0.0
1969-10-01,1969,10,"Logs, Malaysian",Raw Materials,($/cubic meter),38.9,0.0,0.0,0.0,34.6,0.0
1969-11-01,1969,11,"Logs, Malaysian",Raw Materials,($/cubic meter),38.9,0.0,0.0,0.0,32.31,0.0
1969-12-01,1969,12,"Logs, Malaysian",Raw Materials,($/cubic meter),38.9,0.0,0.0,0.0,27.12,0.0
1970-01-01,1970,1,"Logs, Malaysian",Raw Materials,($/cubic meter),38.9,0.0,0.0,0.0,27.12,0.0
1970-02-01,1970,2,"Logs, Malaysian",Raw Materials,($/cubic meter),40.6,4.37,4.37,4.37,21.92,0.0
1970-03-01,1970,3,"Logs, Malaysian",Raw Materials,($/cubic meter),41.7,2.71,7.2,7.2,21.93,1.86
1970-04-01,1970,4,"Logs, Malaysian",Raw Materials,($/cubic meter),41.8,0.24,7.46,7.46,17.42,-0.25
1970-05-01,1970,5,"Logs, Malaysian",Raw Materials,($/cubic meter),43.5,4.07,7.14,11.83,22.19,2.44
1970-06-01,1970,6,"Logs, Malaysian",Raw Materials,($/cubic meter),44.4,2.07,6.47,14.14,24.72,0.65
1970-07-01,1970,7,"Logs, Malaysian",Raw Materials,($/cubic meter),44.4,0.0,6.22,14.14,24.72,-0.66
1970-08-01,1970,8,"Logs, Malaysian",Raw Materials,($/cubic meter),44.4,0.0,2.07,14.14,24.72,-0.66
1970-09-01,1970,9,"Logs, Malaysian",Raw Materials,($/cubic meter),44.4,0.0,0.0,14.14,22.99,-0.66
1970-10-01,1970,10,"Logs, Malaysian",Raw Materials,($/cubic meter),44.4,0.0,0.0,14.14,22.99,-0.66
1970-11-01,1970,11,"Logs, Malaysian",Raw Materials,($/cubic meter),44.4,0.0,0.0,14.14,22.99,-0.66
1970-12-01,1970,12,"Logs, Malaysian",Raw Materials,($/cubic meter),44.4,0.0,0.0,14.14,22.99,-0.66
1971-01-01,1971,1,"Logs, Malaysian",Raw Materials,($/cubic meter),44.4,0.0,0.0,14.14,22.99,-0.66
1971-02-01,1971,2,"Logs, Malaysian",Raw Materials,($/cubic meter),44.4,0.0,0.0,9.36,20.33,-0.66
1971-03-01,1971,3,"Logs, Malaysian",Raw Materials,($/cubic meter),44.4,0.0,0.0,6.47,20.33,-0.54
1971-04-01,1971,4,"Logs, Malaysian",Raw Materials,($/cubic meter),44.4,0.0,0.0,6.22,21.98,-0.42
1971-05-01,1971,5,"Logs, Malaysian",Raw Materials,($/cubic meter),44.3,-0.23,-0.23,1.84,20.05,-0.58
1971-06-01,1971,6,"Logs, Malaysian",Raw Materials,($/cubic meter),43.3,-2.26,-2.48,-2.48,17.34,-3.97
1971-07-01,1971,7,"Logs, Malaysian",Raw Materials,($/cubic meter),41.9,-3.23,-5.63,-5.63,13.55,-4.66
1971-08-01,1971,8,"Logs, Malaysian",Raw Materials,($/cubic meter),42.2,0.72,-4.74,-4.95,14.36,1.1
1971-09-01,1971,9,"Logs, Malaysian",Raw Materials,($/cubic meter),43.1,2.13,-0.46,-2.93,16.8,2.26
1971-10-01,1971,10,"Logs, Malaysian",Raw Materials,($/cubic meter),43.6,1.16,4.06,-1.8,18.16,1.04
1971-11-01,1971,11,"Logs, Malaysian",Raw Materials,($/cubic meter),41.6,-4.59,-1.42,-6.31,12.74,-3.16
1971-12-01,1971,12,"Logs, Malaysian",Raw Materials,($/cubic meter),41.5,-0.24,-3.71,-6.53,12.47,0.15
1972-01-01,1972,1,"Logs, Malaysian",Raw Materials,($/cubic meter),40.4,-2.65,-7.34,-9.01,9.49,-1.11
1972-02-01,1972,2,"Logs, Malaysian",Raw Materials,($/cubic meter),42.1,4.21,1.2,-5.18,12.27,2.51
1972-03-01,1972,3,"Logs, Malaysian",Raw Materials,($/cubic meter),44.0,4.51,6.02,-0.9,14.88,2.02
1972-04-01,1972,4,"Logs, Malaysian",Raw Materials,($/cubic meter),43.6,-0.91,7.92,-1.8,13.84,-0.31
1972-05-01,1972,5,"Logs, Malaysian",Raw Materials,($/cubic meter),42.5,-2.52,0.95,-4.06,9.25,-0.85
1972-06-01,1972,6,"Logs, Malaysian",Raw Materials,($/cubic meter),40.8,-4.0,-7.27,-5.77,4.88,-1.26
1972-07-01,1972,7,"Logs, Malaysian",Raw Materials,($/cubic meter),39.0,-4.41,-10.55,-6.92,0.26,-1.29
1972-08-01,1972,8,"Logs, Malaysian",Raw Materials,($/cubic meter),39.3,0.77,-7.53,-6.87,1.03,0.41
1972-09-01,1972,9,"Logs, Malaysian",Raw Materials,($/cubic meter),39.4,0.25,-3.43,-8.58,-2.23,0.25
1972-10-01,1972,10,"Logs, Malaysian",Raw Materials,($/cubic meter),39.5,0.25,1.28,-9.4,-5.28,0.31
1972-11-01,1972,11,"Logs, Malaysian",Raw Materials,($/cubic meter),39.5,0.0,0.51,-5.05,-5.28,0.25
1972-12-01,1972,12,"Logs, Malaysian",Raw Materials,($/cubic meter),43.5,10.13,10.41,4.82,4.32,3.75
1973-01-01,1973,1,"Logs, Malaysian",Raw Materials,($/cubic meter),48.9,12.41,23.8,21.04,17.27,2.89
1973-02-01,1973,2,"Logs, Malaysian",Raw Materials,($/cubic meter),63.3,29.45,60.25,50.36,51.8,5.29
1973-03-01,1973,3,"Logs, Malaysian",Raw Materials,($/cubic meter),74.1,17.06,70.34,68.41,77.7,1.38
1973-04-01,1973,4,"Logs, Malaysian",Raw Materials,($/cubic meter),71.0,-4.18,45.19,62.84,70.26,-0.88
1973-05-01,1973,5,"Logs, Malaysian",Raw Materials,($/cubic meter),61.7,-13.1,-2.53,45.18,47.96,-1.68
1973-06-01,1973,6,"Logs, Malaysian",Raw Materials,($/cubic meter),55.7,-9.72,-24.83,36.52,43.19,-1.16
1973-07-01,1973,7,"Logs, Malaysian",Raw Materials,($/cubic meter),56.4,1.26,-20.56,44.62,44.99,-0.17
1973-08-01,1973,8,"Logs, Malaysian",Raw Materials,($/cubic meter),63.6,12.77,3.08,61.83,63.5,0.77
1973-09-01,1973,9,"Logs, Malaysian",Raw Materials,($/cubic meter),70.3,10.53,26.21,78.43,80.72,0.48
1973-10-01,1973,10,"Logs, Malaysian",Raw Materials,($/cubic meter),78.0,10.95,38.3,97.47,100.51,0.45
1973-11-01,1973,11,"Logs, Malaysian",Raw Materials,($/cubic meter),77.0,-1.28,21.07,94.94,97.94,-0.64
1973-12-01,1973,12,"Logs, Malaysian",Raw Materials,($/cubic meter),96.4,25.19,37.13,121.61,147.81,1.56
1974-01-01,1974,1,"Logs, Malaysian",Raw Materials,($/cubic meter),95.4,-1.04,22.31,95.09,145.24,-0.65
1974-02-01,1974,2,"Logs, Malaysian",Raw Materials,($/cubic meter),97.9,2.62,27.14,54.66,151.67,-0.29
1974-03-01,1974,3,"Logs, Malaysian",Raw Materials,($/cubic meter),99.7,1.84,3.42,34.55,156.3,-0.21
1974-04-01,1974,4,"Logs, Malaysian",Raw Materials,($/cubic meter),94.7,-5.02,-0.73,33.38,143.44,-0.76
1974-05-01,1974,5,"Logs, Malaysian",Raw Materials,($/cubic meter),87.1,-8.03,-11.03,41.17,123.91,-1.03
1974-06-01,1974,6,"Logs, Malaysian",Raw Materials,($/cubic meter),79.5,-8.73,-20.26,42.73,104.37,-1.21
1974-07-01,1974,7,"Logs, Malaysian",Raw Materials,($/cubic meter),83.2,4.65,-12.14,47.52,113.88,0.12
1974-08-01,1974,8,"Logs, Malaysian",Raw Materials,($/cubic meter),80.1,-3.73,-8.04,25.94,105.91,-0.76
1974-09-01,1974,9,"Logs, Malaysian",Raw Materials,($/cubic meter),71.4,-10.86,-10.19,1.56,83.55,-1.37
1974-10-01,1974,10,"Logs, Malaysian",Raw Materials,($/cubic meter),65.1,-8.82,-21.75,-16.54,67.35,-0.94
1974-11-01,1974,11,"Logs, Malaysian",Raw Materials,($/cubic meter),60.0,-7.83,-25.09,-22.08,54.24,-0.7
1974-12-01,1974,12,"Logs, Malaysian",Raw Materials,($/cubic meter),65.9,9.83,-7.7,-31.64,69.41,1.16
1975-01-01,1975,1,"Logs, Malaysian",Raw Materials,($/cubic meter),68.4,3.79,5.07,-28.3,75.84,1.03
1975-02-01,1975,2,"Logs, Malaysian",Raw Materials,($/cubic meter),61.6,-9.94,2.67,-37.08,51.72,-1.1
1975-03-01,1975,3,"Logs, Malaysian",Raw Materials,($/cubic meter),68.1,10.55,3.34,-31.7,63.31,2.06
1975-04-01,1975,4,"Logs, Malaysian",Raw Materials,($/cubic meter),67.1,-1.47,-1.9,-29.14,60.53,0.17
1975-05-01,1975,5,"Logs, Malaysian",Raw Materials,($/cubic meter),67.3,0.3,9.25,-22.73,54.71,0.36
1975-06-01,1975,6,"Logs, Malaysian",Raw Materials,($/cubic meter),66.8,-0.74,-1.91,-15.97,50.45,0.14
1975-07-01,1975,7,"Logs, Malaysian",Raw Materials,($/cubic meter),66.2,-0.9,-1.34,-20.43,49.1,0.04
1975-08-01,1975,8,"Logs, Malaysian",Raw Materials,($/cubic meter),69.5,4.98,3.27,-13.23,56.53,0.93
1975-09-01,1975,9,"Logs, Malaysian",Raw Materials,($/cubic meter),68.2,-1.87,2.1,-4.48,53.6,-0.13
1975-10-01,1975,10,"Logs, Malaysian",Raw Materials,($/cubic meter),67.1,-1.61,1.36,3.07,51.13,-0.21
1975-11-01,1975,11,"Logs, Malaysian",Raw Materials,($/cubic meter),69.3,3.28,-0.29,15.5,56.08,0.46
1975-12-01,1975,12,"Logs, Malaysian",Raw Materials,($/cubic meter),70.7,2.02,3.67,7.28,59.23,0.12
1976-01-01,1976,1,"Logs, Malaysian",Raw Materials,($/cubic meter),73.2,3.54,9.09,7.02,64.86,0.57
1976-02-01,1976,2,"Logs, Malaysian",Raw Materials,($/cubic meter),77.5,5.87,11.83,25.81,74.55,1.06
1976-03-01,1976,3,"Logs, Malaysian",Raw Materials,($/cubic meter),79.6,2.71,12.59,16.89,79.28,0.19
1976-04-01,1976,4,"Logs, Malaysian",Raw Materials,($/cubic meter),83.0,4.27,13.39,23.7,86.94,1.07
1976-05-01,1976,5,"Logs, Malaysian",Raw Materials,($/cubic meter),83.1,0.12,7.23,23.48,87.58,-0.63
1976-06-01,1976,6,"Logs, Malaysian",Raw Materials,($/cubic meter),86.6,4.21,8.79,29.64,100.0,0.89
1976-07-01,1976,7,"Logs, Malaysian",Raw Materials,($/cubic meter),94.0,8.55,13.25,41.99,124.34,2.38
1976-08-01,1976,8,"Logs, Malaysian",Raw Materials,($/cubic meter),100.9,7.34,21.42,45.18,139.1,1.43
1976-09-01,1976,9,"Logs, Malaysian",Raw Materials,($/cubic meter),105.1,4.16,21.36,54.11,143.85,0.3
1976-10-01,1976,10,"Logs, Malaysian",Raw Materials,($/cubic meter),107.0,1.81,13.83,59.46,145.41,-0.67
1976-11-01,1976,11,"Logs, Malaysian",Raw Materials,($/cubic meter),107.0,0.0,6.05,54.4,157.21,-1.69
1976-12-01,1976,12,"Logs, Malaysian",Raw Materials,($/cubic meter),107.0,0.0,1.81,51.34,157.83,-1.41
1977-01-01,1977,1,"Logs, Malaysian",Raw Materials,($/cubic meter),92.0,-14.02,-14.02,25.68,127.72,-6.26
1977-02-01,1977,2,"Logs, Malaysian",Raw Materials,($/cubic meter),95.2,3.48,-11.03,22.84,126.13,0.24
1977-03-01,1977,3,"Logs, Malaysian",Raw Materials,($/cubic meter),96.6,1.47,-9.72,21.36,119.55,-0.07
1977-04-01,1977,4,"Logs, Malaysian",Raw Materials,($/cubic meter),94.7,-1.97,2.93,14.1,117.2,-0.66
1977-05-01,1977,5,"Logs, Malaysian",Raw Materials,($/cubic meter),91.1,-3.8,-4.31,9.63,114.35,-0.88
1977-06-01,1977,6,"Logs, Malaysian",Raw Materials,($/cubic meter),90.8,-0.33,-6.0,4.85,122.55,-0.21
1977-07-01,1977,7,"Logs, Malaysian",Raw Materials,($/cubic meter),91.5,0.77,-3.38,-2.66,134.62,0.04
1977-08-01,1977,8,"Logs, Malaysian",Raw Materials,($/cubic meter),90.9,-0.66,-0.22,-9.91,131.3,-0.11
1977-09-01,1977,9,"Logs, Malaysian",Raw Materials,($/cubic meter),90.9,0.0,0.11,-13.51,130.71,0.16
1977-10-01,1977,10,"Logs, Malaysian",Raw Materials,($/cubic meter),92.3,1.54,0.87,-13.74,133.67,0.59
1977-11-01,1977,11,"Logs, Malaysian",Raw Materials,($/cubic meter),93.1,0.87,2.42,-12.99,135.7,0.45
1977-12-01,1977,12,"Logs, Malaysian",Raw Materials,($/cubic meter),91.7,-1.5,0.88,-14.3,110.8,-0.1
1978-01-01,1978,1,"Logs, Malaysian",Raw Materials,($/cubic meter),93.9,2.4,1.73,2.07,92.02,0.8
1978-02-01,1978,2,"Logs, Malaysian",Raw Materials,($/cubic meter),96.6,2.88,3.76,1.47,52.61,1.34
1978-03-01,1978,3,"Logs, Malaysian",Raw Materials,($/cubic meter),96.0,-0.62,4.69,-0.62,29.55,-0.39
1978-04-01,1978,4,"Logs, Malaysian",Raw Materials,($/cubic meter),100.4,4.58,6.92,6.02,41.41,2.45
1978-05-01,1978,5,"Logs, Malaysian",Raw Materials,($/cubic meter),93.8,-6.57,-2.9,2.96,52.03,-3.22
1978-06-01,1978,6,"Logs, Malaysian",Raw Materials,($/cubic meter),92.4,-1.49,-3.75,1.76,65.89,-0.64
1978-07-01,1978,7,"Logs, Malaysian",Raw Materials,($/cubic meter),94.3,2.06,-6.08,3.06,67.2,0.67
1978-08-01,1978,8,"Logs, Malaysian",Raw Materials,($/cubic meter),100.4,6.47,7.04,10.45,57.86,2.16
1978-09-01,1978,9,"Logs, Malaysian",Raw Materials,($/cubic meter),99.3,-1.1,7.47,9.24,41.25,-0.59
1978-10-01,1978,10,"Logs, Malaysian",Raw Materials,($/cubic meter),101.6,2.32,7.74,10.08,30.26,0.45
1978-11-01,1978,11,"Logs, Malaysian",Raw Materials,($/cubic meter),97.8,-3.74,-2.59,5.05,27.01,-1.35
1978-12-01,1978,12,"Logs, Malaysian",Raw Materials,($/cubic meter),101.8,4.09,2.52,11.01,5.6,0.99
1979-01-01,1979,1,"Logs, Malaysian",Raw Materials,($/cubic meter),116.2,14.15,14.37,23.75,21.8,3.53
1979-02-01,1979,2,"Logs, Malaysian",Raw Materials,($/cubic meter),127.8,9.98,30.67,32.3,30.54,1.51
1979-03-01,1979,3,"Logs, Malaysian",Raw Materials,($/cubic meter),131.7,3.05,29.37,37.19,32.1,0.09
1979-04-01,1979,4,"Logs, Malaysian",Raw Materials,($/cubic meter),133.1,1.06,14.54,32.57,40.55,-0.3
1979-05-01,1979,5,"Logs, Malaysian",Raw Materials,($/cubic meter),148.4,11.5,16.12,58.21,70.38,1.56
1979-06-01,1979,6,"Logs, Malaysian",Raw Materials,($/cubic meter),180.5,21.63,37.05,95.35,127.04,3.2
1979-07-01,1979,7,"Logs, Malaysian",Raw Materials,($/cubic meter),208.0,15.24,56.27,120.57,150.0,1.29
1979-08-01,1979,8,"Logs, Malaysian",Raw Materials,($/cubic meter),222.5,6.97,49.93,121.61,177.78,-0.01
1979-09-01,1979,9,"Logs, Malaysian",Raw Materials,($/cubic meter),218.5,-1.8,21.05,120.04,206.02,-1.18
1979-10-01,1979,10,"Logs, Malaysian",Raw Materials,($/cubic meter),191.4,-12.4,-7.98,88.39,194.01,-2.56
1979-11-01,1979,11,"Logs, Malaysian",Raw Materials,($/cubic meter),179.7,-6.11,-19.24,83.74,199.5,-1.27
1979-12-01,1979,12,"Logs, Malaysian",Raw Materials,($/cubic meter),182.7,1.67,-16.38,79.47,177.24,-0.41
1980-01-01,1980,1,"Logs, Malaysian",Raw Materials,($/cubic meter),200.1,9.52,4.55,72.2,192.54,0.42
1980-02-01,1980,2,"Logs, Malaysian",Raw Materials,($/cubic meter),213.6,6.75,18.86,67.14,246.75,0.18
1980-03-01,1980,3,"Logs, Malaysian",Raw Materials,($/cubic meter),209.3,-2.01,14.56,58.92,207.34,-0.73
1980-04-01,1980,4,"Logs, Malaysian",Raw Materials,($/cubic meter),206.8,-1.19,3.35,55.37,208.2,-0.58
1980-05-01,1980,5,"Logs, Malaysian",Raw Materials,($/cubic meter),216.7,4.79,1.45,46.02,221.99,0.07
1980-06-01,1980,6,"Logs, Malaysian",Raw Materials,($/cubic meter),218.4,0.78,4.35,21.0,226.95,-0.3
1980-07-01,1980,7,"Logs, Malaysian",Raw Materials,($/cubic meter),195.1,-10.67,-5.66,-6.2,194.71,-1.69
1980-08-01,1980,8,"Logs, Malaysian",Raw Materials,($/cubic meter),188.5,-3.38,-13.01,-15.28,171.22,-0.45
1980-09-01,1980,9,"Logs, Malaysian",Raw Materials,($/cubic meter),213.1,13.05,-2.43,-2.47,212.46,2.17
1980-10-01,1980,10,"Logs, Malaysian",Raw Materials,($/cubic meter),159.1,-25.34,-18.45,-16.88,137.11,-3.29
1980-11-01,1980,11,"Logs, Malaysian",Raw Materials,($/cubic meter),162.0,1.82,-14.06,-9.85,133.77,0.28
1980-12-01,1980,12,"Logs, Malaysian",Raw Materials,($/cubic meter),163.4,0.86,-23.32,-10.56,131.12,0.12
1981-01-01,1981,1,"Logs, Malaysian",Raw Materials,($/cubic meter),166.3,1.77,4.53,-16.89,127.19,0.22
1981-02-01,1981,2,"Logs, Malaysian",Raw Materials,($/cubic meter),163.1,-1.92,0.68,-23.64,110.45,-0.09
1981-03-01,1981,3,"Logs, Malaysian",Raw Materials,($/cubic meter),160.8,-1.41,-1.59,-23.17,102.01,0.04
1981-04-01,1981,4,"Logs, Malaysian",Raw Materials,($/cubic meter),156.3,-2.8,-6.01,-24.42,88.31,-0.11
1981-05-01,1981,5,"Logs, Malaysian",Raw Materials,($/cubic meter),158.6,1.47,-2.76,-26.81,90.85,0.36
1981-06-01,1981,6,"Logs, Malaysian",Raw Materials,($/cubic meter),156.4,-1.39,-2.74,-28.39,80.6,0.08
1981-07-01,1981,7,"Logs, Malaysian",Raw Materials,($/cubic meter),145.6,-6.91,-6.85,-25.37,54.89,-0.51
1981-08-01,1981,8,"Logs, Malaysian",Raw Materials,($/cubic meter),142.8,-1.92,-9.96,-24.24,41.53,0.01
1981-09-01,1981,9,"Logs, Malaysian",Raw Materials,($/cubic meter),142.2,-0.42,-9.08,-33.27,35.3,0.17
1981-10-01,1981,10,"Logs, Malaysian",Raw Materials,($/cubic meter),146.2,2.81,0.41,-8.11,36.64,0.78
1981-11-01,1981,11,"Logs, Malaysian",Raw Materials,($/cubic meter),156.4,6.98,9.52,-3.46,46.17,2.85
1981-12-01,1981,12,"Logs, Malaysian",Raw Materials,($/cubic meter),160.0,2.3,12.52,-2.08,49.53,0.74
1982-01-01,1982,1,"Logs, Malaysian",Raw Materials,($/cubic meter),163.3,2.06,11.7,-1.8,77.5,0.63
1982-02-01,1982,2,"Logs, Malaysian",Raw Materials,($/cubic meter),154.8,-5.21,-1.02,-5.09,62.61,-1.46
1982-03-01,1982,3,"Logs, Malaysian",Raw Materials,($/cubic meter),151.2,-2.33,-5.5,-5.97,56.52,-0.52
1982-04-01,1982,4,"Logs, Malaysian",Raw Materials,($/cubic meter),148.9,-1.52,-8.82,-4.73,57.23,-0.28
1982-05-01,1982,5,"Logs, Malaysian",Raw Materials,($/cubic meter),152.7,2.55,-1.36,-3.72,67.62,0.77
1982-06-01,1982,6,"Logs, Malaysian",Raw Materials,($/cubic meter),140.4,-8.06,-7.14,-10.23,54.63,-2.05
1982-07-01,1982,7,"Logs, Malaysian",Raw Materials,($/cubic meter),140.6,0.14,-5.57,-3.43,53.66,0.21
1982-08-01,1982,8,"Logs, Malaysian",Raw Materials,($/cubic meter),140.1,-0.36,-8.25,-1.89,54.13,-0.03
1982-09-01,1982,9,"Logs, Malaysian",Raw Materials,($/cubic meter),140.6,0.36,0.14,-1.13,54.68,0.11
1982-10-01,1982,10,"Logs, Malaysian",Raw Materials,($/cubic meter),136.7,-2.77,-2.77,-6.5,48.1,-0.69
1982-11-01,1982,11,"Logs, Malaysian",Raw Materials,($/cubic meter),140.8,3.0,0.5,-9.97,51.24,0.89
1982-12-01,1982,12,"Logs, Malaysian",Raw Materials,($/cubic meter),147.5,4.76,4.91,-7.81,60.85,1.66
1983-01-01,1983,1,"Logs, Malaysian",Raw Materials,($/cubic meter),145.5,-1.36,6.44,-10.9,54.95,-0.2
1983-02-01,1983,2,"Logs, Malaysian",Raw Materials,($/cubic meter),127.5,-12.37,-9.45,-17.64,31.99,-3.24
1983-03-01,1983,3,"Logs, Malaysian",Raw Materials,($/cubic meter),125.5,-1.57,-14.92,-17.0,30.73,-0.02
1983-04-01,1983,4,"Logs, Malaysian",Raw Materials,($/cubic meter),127.1,1.27,-12.65,-14.64,26.59,0.57
1983-05-01,1983,5,"Logs, Malaysian",Raw Materials,($/cubic meter),131.9,3.78,3.45,-13.62,40.62,1.04
1983-06-01,1983,6,"Logs, Malaysian",Raw Materials,($/cubic meter),129.8,-1.59,3.43,-7.55,40.48,-0.1
1983-07-01,1983,7,"Logs, Malaysian",Raw Materials,($/cubic meter),129.2,-0.46,1.65,-8.11,37.01,0.02
1983-08-01,1983,8,"Logs, Malaysian",Raw Materials,($/cubic meter),134.5,4.1,1.97,-4.0,33.96,1.08
1983-09-01,1983,9,"Logs, Malaysian",Raw Materials,($/cubic meter),138.5,2.97,6.7,-1.49,39.48,0.7
1983-10-01,1983,10,"Logs, Malaysian",Raw Materials,($/cubic meter),152.8,10.32,18.27,11.78,50.39,2.21
1983-11-01,1983,11,"Logs, Malaysian",Raw Materials,($/cubic meter),152.9,0.07,13.68,8.59,56.34,-0.18
1983-12-01,1983,12,"Logs, Malaysian",Raw Materials,($/cubic meter),157.2,2.81,13.5,6.58,54.42,0.37
1984-01-01,1984,1,"Logs, Malaysian",Raw Materials,($/cubic meter),160.6,2.16,5.1,10.38,38.21,0.28
1984-02-01,1984,2,"Logs, Malaysian",Raw Materials,($/cubic meter),158.6,-1.25,3.73,24.39,24.1,-0.42
1984-03-01,1984,3,"Logs, Malaysian",Raw Materials,($/cubic meter),169.7,7.0,7.95,35.22,28.85,1.52
1984-04-01,1984,4,"Logs, Malaysian",Raw Materials,($/cubic meter),181.8,7.13,13.2,43.04,36.59,1.3
1984-05-01,1984,5,"Logs, Malaysian",Raw Materials,($/cubic meter),184.4,1.43,16.27,39.8,24.26,-0.45
1984-06-01,1984,6,"Logs, Malaysian",Raw Materials,($/cubic meter),175.1,-5.04,3.18,34.9,-2.99,-2.14
1984-07-01,1984,7,"Logs, Malaysian",Raw Materials,($/cubic meter),157.9,-9.82,-13.15,22.21,-24.09,-2.97
1984-08-01,1984,8,"Logs, Malaysian",Raw Materials,($/cubic meter),147.5,-6.59,-20.01,9.67,-33.71,-1.53
1984-09-01,1984,9,"Logs, Malaysian",Raw Materials,($/cubic meter),142.8,-3.19,-18.45,3.1,-34.65,-0.7
1984-10-01,1984,10,"Logs, Malaysian",Raw Materials,($/cubic meter),135.9,-4.83,-13.93,-11.06,-29.0,-0.88
1984-11-01,1984,11,"Logs, Malaysian",Raw Materials,($/cubic meter),136.1,0.15,-7.73,-10.99,-24.26,0.19
1984-12-01,1984,12,"Logs, Malaysian",Raw Materials,($/cubic meter),130.6,-4.04,-8.54,-16.92,-28.52,-0.61
1985-01-01,1985,1,"Logs, Malaysian",Raw Materials,($/cubic meter),120.4,-7.81,-11.41,-25.03,-39.83,-1.23
1985-02-01,1985,2,"Logs, Malaysian",Raw Materials,($/cubic meter),116.5,-3.24,-14.4,-26.54,-45.46,-0.19
1985-03-01,1985,3,"Logs, Malaysian",Raw Materials,($/cubic meter),116.8,0.26,-10.57,-31.17,-44.19,0.49
1985-04-01,1985,4,"Logs, Malaysian",Raw Materials,($/cubic meter),121.1,3.68,0.58,-33.39,-41.44,1.44
1985-05-01,1985,5,"Logs, Malaysian",Raw Materials,($/cubic meter),120.5,-0.5,3.43,-34.65,-44.39,0.69
1985-06-01,1985,6,"Logs, Malaysian",Raw Materials,($/cubic meter),118.0,-2.07,1.03,-32.61,-45.97,0.35
1985-07-01,1985,7,"Logs, Malaysian",Raw Materials,($/cubic meter),120.8,2.37,-0.25,-23.5,-38.08,1.46
1985-08-01,1985,8,"Logs, Malaysian",Raw Materials,($/cubic meter),118.3,-2.07,-1.83,-19.8,-37.24,0.02
1985-09-01,1985,9,"Logs, Malaysian",Raw Materials,($/cubic meter),115.7,-2.2,-1.95,-18.98,-45.71,-0.13
1985-10-01,1985,10,"Logs, Malaysian",Raw Materials,($/cubic meter),122.2,5.62,1.16,-10.08,-23.19,2.31
1985-11-01,1985,11,"Logs, Malaysian",Raw Materials,($/cubic meter),130.9,7.12,10.65,-3.82,-19.2,2.19
1985-12-01,1985,12,"Logs, Malaysian",Raw Materials,($/cubic meter),139.6,6.65,20.66,6.89,-14.57,1.61
1986-01-01,1986,1,"Logs, Malaysian",Raw Materials,($/cubic meter),145.0,3.87,18.66,20.43,-12.81,0.71
1986-02-01,1986,2,"Logs, Malaysian",Raw Materials,($/cubic meter),148.7,2.55,13.6,27.64,-8.83,0.25
1986-03-01,1986,3,"Logs, Malaysian",Raw Materials,($/cubic meter),142.1,-4.44,1.79,21.66,-11.63,-1.92
1986-04-01,1986,4,"Logs, Malaysian",Raw Materials,($/cubic meter),136.5,-3.94,-5.86,12.72,-12.67,-1.46
1986-05-01,1986,5,"Logs, Malaysian",Raw Materials,($/cubic meter),145.2,6.37,-2.35,20.5,-8.45,1.28
1986-06-01,1986,6,"Logs, Malaysian",Raw Materials,($/cubic meter),136.7,-5.85,-3.8,15.85,-12.6,-1.72
1986-07-01,1986,7,"Logs, Malaysian",Raw Materials,($/cubic meter),136.0,-0.51,-0.37,12.58,-6.59,-0.39
1986-08-01,1986,8,"Logs, Malaysian",Raw Materials,($/cubic meter),132.6,-2.5,-8.68,12.09,-7.14,-0.75
1986-09-01,1986,9,"Logs, Malaysian",Raw Materials,($/cubic meter),126.2,-4.83,-7.68,9.08,-11.25,-1.22
1986-10-01,1986,10,"Logs, Malaysian",Raw Materials,($/cubic meter),123.9,-1.82,-8.9,1.39,-15.25,-0.53
1986-11-01,1986,11,"Logs, Malaysian",Raw Materials,($/cubic meter),134.1,8.23,1.13,2.44,-14.26,1.65
1986-12-01,1986,12,"Logs, Malaysian",Raw Materials,($/cubic meter),156.0,16.33,23.61,11.75,-2.5,3.2
1987-01-01,1987,1,"Logs, Malaysian",Raw Materials,($/cubic meter),170.0,8.97,37.21,17.24,4.1,1.18
1987-02-01,1987,2,"Logs, Malaysian",Raw Materials,($/cubic meter),167.4,-1.53,24.83,12.58,8.14,-0.44
1987-03-01,1987,3,"Logs, Malaysian",Raw Materials,($/cubic meter),171.3,2.33,9.81,20.55,13.29,0.16
1987-04-01,1987,4,"Logs, Malaysian",Raw Materials,($/cubic meter),174.3,1.75,2.53,27.69,17.06,-0.0
1987-05-01,1987,5,"Logs, Malaysian",Raw Materials,($/cubic meter),159.6,-8.43,-4.66,9.92,4.52,-1.63
1987-06-01,1987,6,"Logs, Malaysian",Raw Materials,($/cubic meter),160.4,0.5,-6.36,17.34,14.25,-0.07
1987-07-01,1987,7,"Logs, Malaysian",Raw Materials,($/cubic meter),166.8,3.99,-4.3,22.65,18.63,0.36
1987-08-01,1987,8,"Logs, Malaysian",Raw Materials,($/cubic meter),199.6,19.66,25.06,50.53,42.47,2.63
1987-09-01,1987,9,"Logs, Malaysian",Raw Materials,($/cubic meter),254.5,27.51,58.67,101.66,81.01,2.86
1987-10-01,1987,10,"Logs, Malaysian",Raw Materials,($/cubic meter),259.8,2.08,55.76,109.69,90.05,-0.43
1987-11-01,1987,11,"Logs, Malaysian",Raw Materials,($/cubic meter),275.7,6.12,38.13,105.59,95.81,-0.07
1987-12-01,1987,12,"Logs, Malaysian",Raw Materials,($/cubic meter),262.0,-4.97,2.95,67.95,77.63,-1.15
1988-01-01,1988,1,"Logs, Malaysian",Raw Materials,($/cubic meter),238.7,-8.89,-8.12,40.41,64.05,-1.37
1988-02-01,1988,2,"Logs, Malaysian",Raw Materials,($/cubic meter),196.8,-17.55,-28.62,17.56,54.35,-1.96
1988-03-01,1988,3,"Logs, Malaysian",Raw Materials,($/cubic meter),199.5,1.37,-23.85,16.46,58.96,-0.05
1988-04-01,1988,4,"Logs, Malaysian",Raw Materials,($/cubic meter),212.6,6.57,-10.93,21.97,67.27,0.38
1988-05-01,1988,5,"Logs, Malaysian",Raw Materials,($/cubic meter),210.7,-0.89,7.06,32.02,59.74,-0.26
1988-06-01,1988,6,"Logs, Malaysian",Raw Materials,($/cubic meter),198.4,-5.84,-0.55,23.69,52.85,-0.74
1988-07-01,1988,7,"Logs, Malaysian",Raw Materials,($/cubic meter),188.3,-5.09,-11.43,12.89,45.74,-0.62
1988-08-01,1988,8,"Logs, Malaysian",Raw Materials,($/cubic meter),175.3,-6.9,-16.8,-12.17,30.33,-0.7
1988-09-01,1988,9,"Logs, Malaysian",Raw Materials,($/cubic meter),178.1,1.6,-10.23,-30.02,28.59,0.19
1988-10-01,1988,10,"Logs, Malaysian",Raw Materials,($/cubic meter),199.3,11.9,5.84,-23.29,30.43,2.12
1988-11-01,1988,11,"Logs, Malaysian",Raw Materials,($/cubic meter),208.7,4.72,19.05,-24.3,36.49,0.82
1988-12-01,1988,12,"Logs, Malaysian",Raw Materials,($/cubic meter),204.0,-2.25,14.54,-22.14,29.77,-0.03
1989-01-01,1989,1,"Logs, Malaysian",Raw Materials,($/cubic meter),199.4,-2.25,0.05,-16.46,24.16,-0.06
1989-02-01,1989,2,"Logs, Malaysian",Raw Materials,($/cubic meter),196.0,-1.71,-6.09,-0.41,23.58,-0.06
1989-03-01,1989,3,"Logs, Malaysian",Raw Materials,($/cubic meter),187.5,-4.34,-8.09,-6.02,10.49,-0.81
1989-04-01,1989,4,"Logs, Malaysian",Raw Materials,($/cubic meter),184.8,-1.44,-7.32,-13.08,1.65,-0.19
1989-05-01,1989,5,"Logs, Malaysian",Raw Materials,($/cubic meter),180.2,-2.49,-8.06,-14.48,-2.28,-0.28
1989-06-01,1989,6,"Logs, Malaysian",Raw Materials,($/cubic meter),198.1,9.93,5.65,-0.15,13.14,2.14
1989-07-01,1989,7,"Logs, Malaysian",Raw Materials,($/cubic meter),204.6,3.28,10.71,8.66,29.58,0.54
1989-08-01,1989,8,"Logs, Malaysian",Raw Materials,($/cubic meter),197.8,-3.32,9.77,12.84,34.1,-0.73
1989-09-01,1989,9,"Logs, Malaysian",Raw Materials,($/cubic meter),188.7,-4.6,-4.75,5.95,32.14,-1.08
1989-10-01,1989,10,"Logs, Malaysian",Raw Materials,($/cubic meter),187.2,-0.79,-8.5,-6.07,37.75,-0.25
1989-11-01,1989,11,"Logs, Malaysian",Raw Materials,($/cubic meter),184.3,-1.55,-6.83,-11.69,35.42,-0.26
1989-12-01,1989,12,"Logs, Malaysian",Raw Materials,($/cubic meter),178.7,-3.04,-5.3,-12.4,36.83,-0.52
1990-01-01,1990,1,"Logs, Malaysian",Raw Materials,($/cubic meter),176.2,-1.4,-5.88,-11.63,46.35,-0.09
1990-02-01,1990,2,"Logs, Malaysian",Raw Materials,($/cubic meter),174.8,-0.79,-5.15,-10.82,50.04,0.04
1990-03-01,1990,3,"Logs, Malaysian",Raw Materials,($/cubic meter),160.3,-8.3,-10.3,-14.51,37.24,-1.86
1990-04-01,1990,4,"Logs, Malaysian",Raw Materials,($/cubic meter),161.2,0.56,-8.51,-12.77,33.11,0.4
1990-05-01,1990,5,"Logs, Malaysian",Raw Materials,($/cubic meter),172.9,7.26,-1.09,-4.05,43.49,1.86
1990-06-01,1990,6,"Logs, Malaysian",Raw Materials,($/cubic meter),181.7,5.09,13.35,-8.28,53.98,1.06
1990-07-01,1990,7,"Logs, Malaysian",Raw Materials,($/cubic meter),188.0,3.47,16.63,-8.11,55.63,0.96
1990-08-01,1990,8,"Logs, Malaysian",Raw Materials,($/cubic meter),186.1,-1.01,7.63,-5.92,57.31,-0.09
1990-09-01,1990,9,"Logs, Malaysian",Raw Materials,($/cubic meter),185.3,-0.43,1.98,-1.8,60.16,-0.0
1990-10-01,1990,10,"Logs, Malaysian",Raw Materials,($/cubic meter),189.8,2.43,0.96,1.39,55.32,0.63
1990-11-01,1990,11,"Logs, Malaysian",Raw Materials,($/cubic meter),179.0,-5.69,-3.82,-2.88,36.75,-1.45
1990-12-01,1990,12,"Logs, Malaysian",Raw Materials,($/cubic meter),171.1,-4.41,-7.66,-4.25,22.56,-0.97
1991-01-01,1991,1,"Logs, Malaysian",Raw Materials,($/cubic meter),169.2,-1.11,-10.85,-3.97,16.69,-0.19
1991-02-01,1991,2,"Logs, Malaysian",Raw Materials,($/cubic meter),176.9,4.55,-1.17,1.2,18.96,1.07
1991-03-01,1991,3,"Logs, Malaysian",Raw Materials,($/cubic meter),162.6,-8.08,-4.97,1.43,14.43,-1.77
1991-04-01,1991,4,"Logs, Malaysian",Raw Materials,($/cubic meter),175.6,8.0,3.78,8.93,28.64,1.68
1991-05-01,1991,5,"Logs, Malaysian",Raw Materials,($/cubic meter),174.0,-0.91,-1.64,0.64,19.83,-0.34
1991-06-01,1991,6,"Logs, Malaysian",Raw Materials,($/cubic meter),200.2,15.06,23.12,10.18,46.45,3.13
1991-07-01,1991,7,"Logs, Malaysian",Raw Materials,($/cubic meter),207.8,3.8,18.34,10.53,52.79,0.45
1991-08-01,1991,8,"Logs, Malaysian",Raw Materials,($/cubic meter),210.6,1.35,21.03,13.16,58.82,0.05
1991-09-01,1991,9,"Logs, Malaysian",Raw Materials,($/cubic meter),210.7,0.05,5.24,13.71,66.96,-0.19
1991-10-01,1991,10,"Logs, Malaysian",Raw Materials,($/cubic meter),214.4,1.76,3.18,12.96,73.04,0.08
1991-11-01,1991,11,"Logs, Malaysian",Raw Materials,($/cubic meter),195.5,-8.82,-7.17,9.22,45.79,-1.6
1991-12-01,1991,12,"Logs, Malaysian",Raw Materials,($/cubic meter),200.3,2.46,-4.94,17.07,28.4,0.23
1992-01-01,1992,1,"Logs, Malaysian",Raw Materials,($/cubic meter),202.9,1.3,-5.36,19.92,19.35,-0.03
1992-02-01,1992,2,"Logs, Malaysian",Raw Materials,($/cubic meter),214.0,5.47,9.46,20.97,27.84,0.59
1992-03-01,1992,3,"Logs, Malaysian",Raw Materials,($/cubic meter),202.0,-5.61,0.85,24.23,17.92,-1.15
1992-04-01,1992,4,"Logs, Malaysian",Raw Materials,($/cubic meter),199.7,-1.14,-1.58,13.72,14.57,-0.51
1992-05-01,1992,5,"Logs, Malaysian",Raw Materials,($/cubic meter),200.8,0.55,-6.17,15.4,25.81,-0.12
1992-06-01,1992,6,"Logs, Malaysian",Raw Materials,($/cubic meter),205.1,2.14,1.53,2.45,27.87,0.14
1992-07-01,1992,7,"Logs, Malaysian",Raw Materials,($/cubic meter),201.1,-1.95,0.7,-3.22,20.56,-0.56
1992-08-01,1992,8,"Logs, Malaysian",Raw Materials,($/cubic meter),197.3,-1.89,-1.74,-6.32,-1.15,-0.44
1992-09-01,1992,9,"Logs, Malaysian",Raw Materials,($/cubic meter),205.5,4.16,0.2,-2.47,-19.25,1.21
1992-10-01,1992,10,"Logs, Malaysian",Raw Materials,($/cubic meter),220.2,7.15,9.5,2.71,-15.24,1.8
1992-11-01,1992,11,"Logs, Malaysian",Raw Materials,($/cubic meter),220.1,-0.05,11.56,12.58,-20.17,-0.08
1992-12-01,1992,12,"Logs, Malaysian",Raw Materials,($/cubic meter),245.6,11.59,19.51,22.62,-6.26,2.98
1993-01-01,1993,1,"Logs, Malaysian",Raw Materials,($/cubic meter),250.0,1.79,13.53,23.21,4.73,-0.0
1993-02-01,1993,2,"Logs, Malaysian",Raw Materials,($/cubic meter),286.7,14.68,30.26,33.97,45.68,2.75
1993-03-01,1993,3,"Logs, Malaysian",Raw Materials,($/cubic meter),345.3,20.44,40.59,70.94,73.08,3.02
1993-04-01,1993,4,"Logs, Malaysian",Raw Materials,($/cubic meter),463.4,34.2,85.36,132.05,117.97,4.06
1993-05-01,1993,5,"Logs, Malaysian",Raw Materials,($/cubic meter),520.8,12.39,81.65,159.36,147.18,0.43
1993-06-01,1993,6,"Logs, Malaysian",Raw Materials,($/cubic meter),493.8,-5.18,43.01,140.76,148.89,-1.3
1993-07-01,1993,7,"Logs, Malaysian",Raw Materials,($/cubic meter),467.0,-5.43,0.78,132.22,148.01,-1.2
1993-08-01,1993,8,"Logs, Malaysian",Raw Materials,($/cubic meter),450.5,-3.53,-13.5,128.33,156.99,-0.98
1993-09-01,1993,9,"Logs, Malaysian",Raw Materials,($/cubic meter),384.0,-14.76,-22.24,86.86,115.61,-1.91
1993-10-01,1993,10,"Logs, Malaysian",Raw Materials,($/cubic meter),378.1,-1.54,-19.04,71.71,89.71,-0.57
1993-11-01,1993,11,"Logs, Malaysian",Raw Materials,($/cubic meter),333.4,-11.82,-25.99,51.48,59.75,-1.26
1993-12-01,1993,12,"Logs, Malaysian",Raw Materials,($/cubic meter),304.7,-8.61,-20.65,24.06,49.36,-0.9
1994-01-01,1994,1,"Logs, Malaysian",Raw Materials,($/cubic meter),294.8,-3.25,-22.03,17.92,47.84,-0.41
1994-02-01,1994,2,"Logs, Malaysian",Raw Materials,($/cubic meter),303.4,2.92,-9.0,5.82,54.8,0.04
1994-03-01,1994,3,"Logs, Malaysian",Raw Materials,($/cubic meter),310.5,2.34,1.9,-10.08,65.6,0.07
1994-04-01,1994,4,"Logs, Malaysian",Raw Materials,($/cubic meter),326.2,5.06,10.65,-29.61,76.52,0.4
1994-05-01,1994,5,"Logs, Malaysian",Raw Materials,($/cubic meter),343.5,5.3,13.22,-34.04,90.62,1.05
1994-06-01,1994,6,"Logs, Malaysian",Raw Materials,($/cubic meter),344.6,0.32,10.98,-30.21,73.95,0.55
1994-07-01,1994,7,"Logs, Malaysian",Raw Materials,($/cubic meter),332.0,-3.66,1.78,-28.91,62.27,-0.14
1994-08-01,1994,8,"Logs, Malaysian",Raw Materials,($/cubic meter),316.7,-4.61,-7.8,-29.7,60.11,-0.31
1994-09-01,1994,9,"Logs, Malaysian",Raw Materials,($/cubic meter),299.9,-5.3,-12.97,-21.9,58.93,-0.4
1994-10-01,1994,10,"Logs, Malaysian",Raw Materials,($/cubic meter),291.6,-2.77,-12.17,-22.88,55.77,-0.16
1994-11-01,1994,11,"Logs, Malaysian",Raw Materials,($/cubic meter),279.4,-4.18,-11.78,-16.2,51.6,-0.41
1994-12-01,1994,12,"Logs, Malaysian",Raw Materials,($/cubic meter),248.0,-11.24,-17.31,-18.61,38.78,-2.22
1995-01-01,1995,1,"Logs, Malaysian",Raw Materials,($/cubic meter),248.4,0.16,-14.81,-15.74,40.98,0.36
1995-02-01,1995,2,"Logs, Malaysian",Raw Materials,($/cubic meter),251.8,1.37,-9.88,-17.01,44.05,0.55
1995-03-01,1995,3,"Logs, Malaysian",Raw Materials,($/cubic meter),283.1,12.43,14.15,-8.82,76.61,2.9
1995-04-01,1995,4,"Logs, Malaysian",Raw Materials,($/cubic meter),300.9,6.29,21.14,-7.76,86.66,1.11
1995-05-01,1995,5,"Logs, Malaysian",Raw Materials,($/cubic meter),285.4,-5.15,13.34,-16.91,65.07,-0.74
1995-06-01,1995,6,"Logs, Malaysian",Raw Materials,($/cubic meter),274.2,-3.92,-3.14,-20.43,50.91,-0.42
1995-07-01,1995,7,"Logs, Malaysian",Raw Materials,($/cubic meter),259.6,-5.32,-13.73,-21.81,38.09,-0.59
1995-08-01,1995,8,"Logs, Malaysian",Raw Materials,($/cubic meter),235.7,-9.21,-17.41,-25.58,26.65,-1.18
1995-09-01,1995,9,"Logs, Malaysian",Raw Materials,($/cubic meter),221.7,-5.94,-19.15,-26.08,19.64,-0.57
1995-10-01,1995,10,"Logs, Malaysian",Raw Materials,($/cubic meter),233.9,5.5,-9.9,-19.79,23.23,1.19
1995-11-01,1995,11,"Logs, Malaysian",Raw Materials,($/cubic meter),231.0,-1.24,-1.99,-17.32,29.05,0.05
1995-12-01,1995,12,"Logs, Malaysian",Raw Materials,($/cubic meter),241.8,4.68,9.07,-2.5,41.32,0.88
1996-01-01,1996,1,"Logs, Malaysian",Raw Materials,($/cubic meter),234.3,-3.1,0.17,-5.68,38.48,-0.49
1996-02-01,1996,2,"Logs, Malaysian",Raw Materials,($/cubic meter),246.4,5.16,6.67,-2.14,39.29,0.86
1996-03-01,1996,3,"Logs, Malaysian",Raw Materials,($/cubic meter),253.0,2.68,4.63,-10.63,55.6,0.41
1996-04-01,1996,4,"Logs, Malaysian",Raw Materials,($/cubic meter),252.5,-0.2,7.77,-16.09,43.79,0.11
1996-05-01,1996,5,"Logs, Malaysian",Raw Materials,($/cubic meter),261.7,3.64,6.21,-8.3,50.4,1.01
1996-06-01,1996,6,"Logs, Malaysian",Raw Materials,($/cubic meter),255.9,-2.22,1.15,-6.67,27.82,-0.33
1996-07-01,1996,7,"Logs, Malaysian",Raw Materials,($/cubic meter),259.7,1.48,2.85,0.04,24.98,0.4
1996-08-01,1996,8,"Logs, Malaysian",Raw Materials,($/cubic meter),263.5,1.46,0.69,11.79,25.12,0.29
1996-09-01,1996,9,"Logs, Malaysian",Raw Materials,($/cubic meter),258.7,-1.82,1.09,16.69,22.78,-0.78
1996-10-01,1996,10,"Logs, Malaysian",Raw Materials,($/cubic meter),252.7,-2.32,-2.7,8.04,17.86,-1.2
1996-11-01,1996,11,"Logs, Malaysian",Raw Materials,($/cubic meter),253.2,0.2,-3.91,9.61,29.51,-0.17
1996-12-01,1996,12,"Logs, Malaysian",Raw Materials,($/cubic meter),233.8,-7.66,-9.63,-3.31,16.72,-2.98
1997-01-01,1997,1,"Logs, Malaysian",Raw Materials,($/cubic meter),240.6,2.91,-4.79,2.69,18.58,0.9
1997-02-01,1997,2,"Logs, Malaysian",Raw Materials,($/cubic meter),235.2,-2.24,-7.11,-4.55,9.91,-0.73
1997-03-01,1997,3,"Logs, Malaysian",Raw Materials,($/cubic meter),242.0,2.89,3.51,-4.35,19.8,1.03
1997-04-01,1997,4,"Logs, Malaysian",Raw Materials,($/cubic meter),240.2,-0.74,-0.17,-4.87,20.28,-0.13
1997-05-01,1997,5,"Logs, Malaysian",Raw Materials,($/cubic meter),252.2,5.0,7.23,-3.63,25.6,1.69
1997-06-01,1997,6,"Logs, Malaysian",Raw Materials,($/cubic meter),264.3,4.8,9.21,3.28,28.86,1.51
1997-07-01,1997,7,"Logs, Malaysian",Raw Materials,($/cubic meter),254.3,-3.78,5.87,-2.08,26.45,-1.15
1997-08-01,1997,8,"Logs, Malaysian",Raw Materials,($/cubic meter),244.2,-3.97,-3.17,-7.32,23.77,-1.03
1997-09-01,1997,9,"Logs, Malaysian",Raw Materials,($/cubic meter),232.7,-4.71,-11.96,-10.05,13.24,-1.07
1997-10-01,1997,10,"Logs, Malaysian",Raw Materials,($/cubic meter),227.4,-2.28,-10.58,-10.01,3.27,-0.37
1997-11-01,1997,11,"Logs, Malaysian",Raw Materials,($/cubic meter),214.8,-5.54,-12.04,-15.17,-2.41,-1.18
1997-12-01,1997,12,"Logs, Malaysian",Raw Materials,($/cubic meter),211.1,-1.72,-9.28,-9.71,-14.05,-0.1
1998-01-01,1998,1,"Logs, Malaysian",Raw Materials,($/cubic meter),197.1,-6.63,-13.32,-18.08,-21.16,-1.56
1998-02-01,1998,2,"Logs, Malaysian",Raw Materials,($/cubic meter),202.5,2.74,-5.73,-13.9,-29.37,1.11
1998-03-01,1998,3,"Logs, Malaysian",Raw Materials,($/cubic meter),190.9,-5.73,-9.57,-21.12,-44.71,-1.12
1998-04-01,1998,4,"Logs, Malaysian",Raw Materials,($/cubic meter),166.5,-12.78,-15.53,-30.68,-64.07,-2.68
1998-05-01,1998,5,"Logs, Malaysian",Raw Materials,($/cubic meter),146.7,-11.89,-27.56,-41.83,-71.83,-1.76
1998-06-01,1998,6,"Logs, Malaysian",Raw Materials,($/cubic meter),137.4,-6.34,-28.03,-48.01,-72.17,-0.4
1998-07-01,1998,7,"Logs, Malaysian",Raw Materials,($/cubic meter),135.0,-1.75,-18.92,-46.91,-71.09,0.83
1998-08-01,1998,8,"Logs, Malaysian",Raw Materials,($/cubic meter),136.9,1.41,-6.68,-43.94,-69.61,1.5
1998-09-01,1998,9,"Logs, Malaysian",Raw Materials,($/cubic meter),150.2,9.72,9.32,-35.45,-60.89,3.06
1998-10-01,1998,10,"Logs, Malaysian",Raw Materials,($/cubic meter),163.0,8.52,20.74,-28.32,-56.89,1.91
1998-11-01,1998,11,"Logs, Malaysian",Raw Materials,($/cubic meter),159.5,-2.15,16.51,-25.74,-52.16,0.05
1998-12-01,1998,12,"Logs, Malaysian",Raw Materials,($/cubic meter),163.5,2.51,8.85,-22.55,-46.34,0.67
1999-01-01,1999,1,"Logs, Malaysian",Raw Materials,($/cubic meter),176.2,7.77,8.1,-10.6,-40.23,1.34
1999-02-01,1999,2,"Logs, Malaysian",Raw Materials,($/cubic meter),177.1,0.51,11.03,-12.54,-41.63,0.16
1999-03-01,1999,3,"Logs, Malaysian",Raw Materials,($/cubic meter),172.5,-2.6,5.5,-9.64,-44.44,-0.23
1999-04-01,1999,4,"Logs, Malaysian",Raw Materials,($/cubic meter),175.2,1.57,-0.57,5.23,-46.29,0.29
1999-05-01,1999,5,"Logs, Malaysian",Raw Materials,($/cubic meter),176.5,0.74,-0.34,20.31,-48.62,0.02
1999-06-01,1999,6,"Logs, Malaysian",Raw Materials,($/cubic meter),183.6,4.02,6.43,33.62,-46.72,0.49
1999-07-01,1999,7,"Logs, Malaysian",Raw Materials,($/cubic meter),186.5,1.58,6.45,38.15,-43.83,-0.23
1999-08-01,1999,8,"Logs, Malaysian",Raw Materials,($/cubic meter),198.4,6.38,12.41,44.92,-37.35,0.9
1999-09-01,1999,9,"Logs, Malaysian",Raw Materials,($/cubic meter),202.8,2.22,10.46,35.02,-32.38,-0.24
1999-10-01,1999,10,"Logs, Malaysian",Raw Materials,($/cubic meter),198.4,-2.17,6.38,21.72,-31.96,-1.34
1999-11-01,1999,11,"Logs, Malaysian",Raw Materials,($/cubic meter),198.6,0.1,0.1,24.51,-28.92,-0.49
1999-12-01,1999,12,"Logs, Malaysian",Raw Materials,($/cubic meter),199.5,0.45,-1.63,22.02,-19.56,-0.47
2000-01-01,2000,1,"Logs, Malaysian",Raw Materials,($/cubic meter),193.1,-3.21,-2.67,9.59,-22.26,-1.6
2000-02-01,2000,2,"Logs, Malaysian",Raw Materials,($/cubic meter),184.1,-4.66,-7.3,3.95,-26.89,-2.0
2000-03-01,2000,3,"Logs, Malaysian",Raw Materials,($/cubic meter),190.9,3.69,-4.31,10.67,-32.57,1.05
2000-04-01,2000,4,"Logs, Malaysian",Raw Materials,($/cubic meter),194.2,1.73,0.57,10.84,-35.46,0.27
2000-05-01,2000,5,"Logs, Malaysian",Raw Materials,($/cubic meter),189.5,-2.42,2.93,7.37,-33.6,-1.06
2000-06-01,2000,6,"Logs, Malaysian",Raw Materials,($/cubic meter),194.2,2.48,1.73,5.77,-29.18,0.56
2000-07-01,2000,7,"Logs, Malaysian",Raw Materials,($/cubic meter),191.1,-1.6,-1.6,2.47,-26.39,-0.67
2000-08-01,2000,8,"Logs, Malaysian",Raw Materials,($/cubic meter),191.1,0.0,0.84,-3.68,-18.92,-0.08
2000-09-01,2000,9,"Logs, Malaysian",Raw Materials,($/cubic meter),193.6,1.31,-0.31,-4.54,-12.67,0.62
2000-10-01,2000,10,"Logs, Malaysian",Raw Materials,($/cubic meter),189.4,-2.17,-0.89,-4.54,-19.03,-0.73
2000-11-01,2000,11,"Logs, Malaysian",Raw Materials,($/cubic meter),188.1,-0.69,-1.57,-5.29,-18.57,-0.13
2000-12-01,2000,12,"Logs, Malaysian",Raw Materials,($/cubic meter),180.2,-4.2,-6.92,-9.67,-25.48,-1.52
2001-01-01,2001,1,"Logs, Malaysian",Raw Materials,($/cubic meter),171.9,-4.61,-9.24,-10.98,-26.63,-1.41
2001-02-01,2001,2,"Logs, Malaysian",Raw Materials,($/cubic meter),173.4,0.87,-7.81,-5.81,-29.63,0.64
2001-03-01,2001,3,"Logs, Malaysian",Raw Materials,($/cubic meter),166.2,-4.15,-7.77,-12.94,-34.31,-1.41
2001-04-01,2001,4,"Logs, Malaysian",Raw Materials,($/cubic meter),162.5,-2.23,-5.47,-16.32,-35.64,-0.45
2001-05-01,2001,5,"Logs, Malaysian",Raw Materials,($/cubic meter),165.1,1.6,-4.79,-12.88,-36.91,1.33
2001-06-01,2001,6,"Logs, Malaysian",Raw Materials,($/cubic meter),164.8,-0.18,-0.84,-15.14,-35.6,0.38
2001-07-01,2001,7,"Logs, Malaysian",Raw Materials,($/cubic meter),159.3,-3.34,-1.97,-16.64,-38.66,-0.92
2001-08-01,2001,8,"Logs, Malaysian",Raw Materials,($/cubic meter),159.0,-0.19,-3.69,-16.8,-39.66,0.57
2001-09-01,2001,9,"Logs, Malaysian",Raw Materials,($/cubic meter),156.3,-1.7,-5.16,-19.27,-39.58,-0.09
2001-10-01,2001,10,"Logs, Malaysian",Raw Materials,($/cubic meter),149.6,-4.29,-6.09,-21.01,-40.8,-1.23
2001-11-01,2001,11,"Logs, Malaysian",Raw Materials,($/cubic meter),142.5,-4.75,-10.38,-24.24,-43.72,-1.29
2001-12-01,2001,12,"Logs, Malaysian",Raw Materials,($/cubic meter),138.1,-3.09,-11.64,-23.36,-40.93,-0.36
2002-01-01,2002,1,"Logs, Malaysian",Raw Materials,($/cubic meter),133.3,-3.48,-10.9,-22.45,-44.6,-0.59
2002-02-01,2002,2,"Logs, Malaysian",Raw Materials,($/cubic meter),134.6,0.98,-5.54,-22.38,-42.77,1.42
2002-03-01,2002,3,"Logs, Malaysian",Raw Materials,($/cubic meter),143.8,6.84,4.13,-13.48,-40.58,4.13
2002-04-01,2002,4,"Logs, Malaysian",Raw Materials,($/cubic meter),143.9,0.07,7.95,-11.45,-40.09,0.38
2002-05-01,2002,5,"Logs, Malaysian",Raw Materials,($/cubic meter),153.4,6.6,13.97,-7.09,-39.18,2.33
2002-06-01,2002,6,"Logs, Malaysian",Raw Materials,($/cubic meter),163.6,6.65,13.77,-0.73,-38.1,1.86
2002-07-01,2002,7,"Logs, Malaysian",Raw Materials,($/cubic meter),178.8,9.29,24.25,12.24,-29.69,2.11
2002-08-01,2002,8,"Logs, Malaysian",Raw Materials,($/cubic meter),181.9,1.73,18.58,14.4,-25.51,0.13
2002-09-01,2002,9,"Logs, Malaysian",Raw Materials,($/cubic meter),182.0,0.05,11.25,16.44,-21.79,-0.24
2002-10-01,2002,10,"Logs, Malaysian",Raw Materials,($/cubic meter),179.9,-1.15,0.62,20.25,-20.89,-0.52
2002-11-01,2002,11,"Logs, Malaysian",Raw Materials,($/cubic meter),183.5,2.0,0.88,28.77,-14.57,0.08
2002-12-01,2002,12,"Logs, Malaysian",Raw Materials,($/cubic meter),182.2,-0.71,0.11,31.93,-13.69,-0.7
2003-01-01,2003,1,"Logs, Malaysian",Raw Materials,($/cubic meter),187.8,3.07,4.39,40.89,-4.72,0.17
2003-02-01,2003,2,"Logs, Malaysian",Raw Materials,($/cubic meter),186.8,-0.53,1.8,38.78,-7.75,-0.99
2003-03-01,2003,3,"Logs, Malaysian",Raw Materials,($/cubic meter),184.2,-1.39,1.1,28.09,-3.51,-1.17
2003-04-01,2003,4,"Logs, Malaysian",Raw Materials,($/cubic meter),180.0,-2.28,-4.15,25.09,8.11,-1.24
2003-05-01,2003,5,"Logs, Malaysian",Raw Materials,($/cubic meter),183.9,2.17,-1.55,19.88,25.36,0.06
2003-06-01,2003,6,"Logs, Malaysian",Raw Materials,($/cubic meter),182.3,-0.87,-1.03,11.43,32.68,-0.71
2003-07-01,2003,7,"Logs, Malaysian",Raw Materials,($/cubic meter),181.7,-0.33,0.94,1.62,34.59,-0.41
2003-08-01,2003,8,"Logs, Malaysian",Raw Materials,($/cubic meter),181.5,-0.11,-1.31,-0.22,32.58,-0.15
2003-09-01,2003,9,"Logs, Malaysian",Raw Materials,($/cubic meter),187.2,3.14,2.69,2.86,24.63,1.96
2003-10-01,2003,10,"Logs, Malaysian",Raw Materials,($/cubic meter),196.8,5.13,8.31,9.39,20.74,2.65
2003-11-01,2003,11,"Logs, Malaysian",Raw Materials,($/cubic meter),197.5,0.36,8.82,7.63,23.82,-0.19
2003-12-01,2003,12,"Logs, Malaysian",Raw Materials,($/cubic meter),196.4,-0.56,4.91,7.79,20.12,-0.54
2004-01-01,2004,1,"Logs, Malaysian",Raw Materials,($/cubic meter),199.1,1.37,1.17,6.02,13.0,0.33
2004-02-01,2004,2,"Logs, Malaysian",Raw Materials,($/cubic meter),199.0,-0.05,0.76,6.53,12.37,-0.27
2004-03-01,2004,3,"Logs, Malaysian",Raw Materials,($/cubic meter),195.2,-1.91,-0.61,5.97,13.16,-1.18
2004-04-01,2004,4,"Logs, Malaysian",Raw Materials,($/cubic meter),198.0,1.43,-0.55,10.0,13.01,0.44
2004-05-01,2004,5,"Logs, Malaysian",Raw Materials,($/cubic meter),188.4,-4.85,-5.33,2.45,6.74,-2.9
2004-06-01,2004,6,"Logs, Malaysian",Raw Materials,($/cubic meter),198.6,5.41,1.74,8.94,8.17,2.09
2004-07-01,2004,7,"Logs, Malaysian",Raw Materials,($/cubic meter),200.4,0.91,1.21,10.29,7.45,0.05
2004-08-01,2004,8,"Logs, Malaysian",Raw Materials,($/cubic meter),198.6,-0.9,5.41,9.42,0.1,-0.62
2004-09-01,2004,9,"Logs, Malaysian",Raw Materials,($/cubic meter),199.3,0.35,0.35,6.46,-1.73,-0.15
2004-10-01,2004,10,"Logs, Malaysian",Raw Materials,($/cubic meter),198.0,-0.65,-1.2,0.61,-0.2,-0.44
2004-11-01,2004,11,"Logs, Malaysian",Raw Materials,($/cubic meter),202.1,2.07,1.76,2.33,1.76,0.83
2004-12-01,2004,12,"Logs, Malaysian",Raw Materials,($/cubic meter),190.4,-5.79,-4.47,-3.05,-4.56,-2.44
2005-01-01,2005,1,"Logs, Malaysian",Raw Materials,($/cubic meter),191.4,0.53,-3.33,-3.87,-0.88,0.25
2005-02-01,2005,2,"Logs, Malaysian",Raw Materials,($/cubic meter),191.0,-0.21,-5.49,-4.02,3.75,0.03
2005-03-01,2005,3,"Logs, Malaysian",Raw Materials,($/cubic meter),193.7,1.41,1.73,-0.77,1.47,0.57
2005-04-01,2005,4,"Logs, Malaysian",Raw Materials,($/cubic meter),194.1,0.21,1.41,-1.97,-0.05,0.08
2005-05-01,2005,5,"Logs, Malaysian",Raw Materials,($/cubic meter),202.5,4.33,6.02,7.48,6.86,1.52
2005-06-01,2005,6,"Logs, Malaysian",Raw Materials,($/cubic meter),203.1,0.3,4.85,2.27,4.58,-0.12
2005-07-01,2005,7,"Logs, Malaysian",Raw Materials,($/cubic meter),205.5,1.18,5.87,2.54,7.54,0.41
2005-08-01,2005,8,"Logs, Malaysian",Raw Materials,($/cubic meter),211.9,3.11,4.64,6.7,10.88,1.22
2005-09-01,2005,9,"Logs, Malaysian",Raw Materials,($/cubic meter),216.8,2.31,6.75,8.78,11.98,0.71
2005-10-01,2005,10,"Logs, Malaysian",Raw Materials,($/cubic meter),211.3,-2.54,2.82,6.72,11.56,-1.3
2005-11-01,2005,11,"Logs, Malaysian",Raw Materials,($/cubic meter),205.5,-2.74,-3.02,1.68,9.25,-1.25
2005-12-01,2005,12,"Logs, Malaysian",Raw Materials,($/cubic meter),210.5,2.43,-2.91,10.56,16.81,0.81
2006-01-01,2006,1,"Logs, Malaysian",Raw Materials,($/cubic meter),221.0,4.99,4.59,15.46,28.56,1.96
2006-02-01,2006,2,"Logs, Malaysian",Raw Materials,($/cubic meter),222.5,0.68,8.27,16.49,28.32,-0.23
2006-03-01,2006,3,"Logs, Malaysian",Raw Materials,($/cubic meter),225.2,1.21,6.98,16.26,35.5,-0.04
2006-04-01,2006,4,"Logs, Malaysian",Raw Materials,($/cubic meter),229.4,1.87,3.8,18.19,41.17,0.24
2006-05-01,2006,5,"Logs, Malaysian",Raw Materials,($/cubic meter),244.2,6.45,9.75,20.59,47.91,2.13
2006-06-01,2006,6,"Logs, Malaysian",Raw Materials,($/cubic meter),238.5,-2.33,5.91,17.43,44.72,-1.48
2006-07-01,2006,7,"Logs, Malaysian",Raw Materials,($/cubic meter),236.1,-1.01,2.92,14.89,48.21,-0.83
2006-08-01,2006,8,"Logs, Malaysian",Raw Materials,($/cubic meter),240.0,1.65,-1.72,13.26,50.94,0.15
2006-09-01,2006,9,"Logs, Malaysian",Raw Materials,($/cubic meter),246.5,2.71,3.35,13.7,57.71,0.56
2006-10-01,2006,10,"Logs, Malaysian",Raw Materials,($/cubic meter),245.3,-0.49,3.9,16.09,63.97,-0.55
2006-11-01,2006,11,"Logs, Malaysian",Raw Materials,($/cubic meter),256.0,4.36,6.67,24.57,79.65,1.12
2006-12-01,2006,12,"Logs, Malaysian",Raw Materials,($/cubic meter),268.5,4.88,8.92,27.55,94.42,1.18
2007-01-01,2007,1,"Logs, Malaysian",Raw Materials,($/cubic meter),262.3,-2.31,6.93,18.69,96.77,-1.63
2007-02-01,2007,2,"Logs, Malaysian",Raw Materials,($/cubic meter),262.6,0.11,2.58,18.02,95.1,-0.49
2007-03-01,2007,3,"Logs, Malaysian",Raw Materials,($/cubic meter),269.7,2.7,0.45,19.76,87.55,0.45
2007-04-01,2007,4,"Logs, Malaysian",Raw Materials,($/cubic meter),266.0,-1.37,1.41,15.95,84.85,-1.03
2007-05-01,2007,5,"Logs, Malaysian",Raw Materials,($/cubic meter),261.9,-1.54,-0.27,7.25,70.73,-0.95
2007-06-01,2007,6,"Logs, Malaysian",Raw Materials,($/cubic meter),257.9,-1.53,-4.38,8.13,57.64,-0.84
2007-07-01,2007,7,"Logs, Malaysian",Raw Materials,($/cubic meter),263.1,2.02,-1.09,11.44,47.15,0.54
2007-08-01,2007,8,"Logs, Malaysian",Raw Materials,($/cubic meter),270.9,2.96,3.44,12.87,48.93,0.83
2007-09-01,2007,9,"Logs, Malaysian",Raw Materials,($/cubic meter),275.0,1.51,6.63,11.56,51.1,0.19
2007-10-01,2007,10,"Logs, Malaysian",Raw Materials,($/cubic meter),271.7,-1.2,3.27,10.76,51.03,-0.87
2007-11-01,2007,11,"Logs, Malaysian",Raw Materials,($/cubic meter),279.4,2.83,3.14,9.14,52.26,0.78
2007-12-01,2007,12,"Logs, Malaysian",Raw Materials,($/cubic meter),275.3,-1.47,0.11,2.53,51.1,-0.95
2008-01-01,2008,1,"Logs, Malaysian",Raw Materials,($/cubic meter),287.1,4.29,5.67,9.45,52.88,2.0
2008-02-01,2008,2,"Logs, Malaysian",Raw Materials,($/cubic meter),288.4,0.45,3.22,9.82,54.39,-0.15
2008-03-01,2008,3,"Logs, Malaysian",Raw Materials,($/cubic meter),304.9,5.72,10.75,13.05,65.53,2.27
2008-04-01,2008,4,"Logs, Malaysian",Raw Materials,($/cubic meter),291.8,-4.3,1.64,9.7,62.11,-2.1
2008-05-01,2008,5,"Logs, Malaysian",Raw Materials,($/cubic meter),283.0,-3.02,-1.87,8.06,53.89,-1.31
2008-06-01,2008,6,"Logs, Malaysian",Raw Materials,($/cubic meter),272.3,-3.78,-10.69,5.58,49.37,-1.47
2008-07-01,2008,7,"Logs, Malaysian",Raw Materials,($/cubic meter),275.8,1.29,-5.48,4.83,51.79,0.24
2008-08-01,2008,8,"Logs, Malaysian",Raw Materials,($/cubic meter),272.9,-1.05,-3.57,0.74,50.36,-0.46
2008-09-01,2008,9,"Logs, Malaysian",Raw Materials,($/cubic meter),284.5,4.25,4.48,3.45,51.98,1.31
2008-10-01,2008,10,"Logs, Malaysian",Raw Materials,($/cubic meter),304.4,6.99,10.37,12.04,54.67,1.98
2008-11-01,2008,11,"Logs, Malaysian",Raw Materials,($/cubic meter),316.0,3.81,15.79,13.1,60.0,0.73
2008-12-01,2008,12,"Logs, Malaysian",Raw Materials,($/cubic meter),326.6,3.35,14.8,18.63,66.29,0.58
2009-01-01,2009,1,"Logs, Malaysian",Raw Materials,($/cubic meter),329.7,0.95,8.31,14.84,65.6,-0.14
2009-02-01,2009,2,"Logs, Malaysian",Raw Materials,($/cubic meter),322.5,-2.18,2.06,11.82,62.06,-0.91
2009-03-01,2009,3,"Logs, Malaysian",Raw Materials,($/cubic meter),288.6,-10.51,-11.64,-5.35,47.85,-2.98
2009-04-01,2009,4,"Logs, Malaysian",Raw Materials,($/cubic meter),283.1,-1.91,-14.13,-2.98,42.98,-0.33
2009-05-01,2009,5,"Logs, Malaysian",Raw Materials,($/cubic meter),291.1,2.83,-9.74,2.86,54.51,0.64
2009-06-01,2009,6,"Logs, Malaysian",Raw Materials,($/cubic meter),279.3,-4.05,-3.22,2.57,40.63,-0.95
2009-07-01,2009,7,"Logs, Malaysian",Raw Materials,($/cubic meter),281.4,0.75,-0.6,2.03,40.42,0.09
2009-08-01,2009,8,"Logs, Malaysian",Raw Materials,($/cubic meter),276.6,-1.71,-4.98,1.36,39.27,-0.42
2009-09-01,2009,9,"Logs, Malaysian",Raw Materials,($/cubic meter),280.8,1.52,0.54,-1.3,40.89,0.28
2009-10-01,2009,10,"Logs, Malaysian",Raw Materials,($/cubic meter),276.6,-1.5,-1.71,-9.13,39.7,-0.33
2009-11-01,2009,11,"Logs, Malaysian",Raw Materials,($/cubic meter),272.0,-1.66,-1.66,-13.92,34.59,-0.24
2009-12-01,2009,12,"Logs, Malaysian",Raw Materials,($/cubic meter),264.8,-2.65,-5.7,-18.92,39.08,-0.4
2010-01-01,2010,1,"Logs, Malaysian",Raw Materials,($/cubic meter),258.2,-2.49,-6.65,-21.69,34.9,-0.24
2010-02-01,2010,2,"Logs, Malaysian",Raw Materials,($/cubic meter),252.8,-2.09,-7.06,-21.61,32.36,-0.04
2010-03-01,2010,3,"Logs, Malaysian",Raw Materials,($/cubic meter),249.8,-1.19,-5.66,-13.44,28.96,0.23
2010-04-01,2010,4,"Logs, Malaysian",Raw Materials,($/cubic meter),246.0,-1.52,-4.73,-13.1,26.74,-0.18
2010-05-01,2010,5,"Logs, Malaysian",Raw Materials,($/cubic meter),253.7,3.13,0.36,-12.85,25.28,2.22
2010-06-01,2010,6,"Logs, Malaysian",Raw Materials,($/cubic meter),260.8,2.8,4.4,-6.62,28.41,1.98
2010-07-01,2010,7,"Logs, Malaysian",Raw Materials,($/cubic meter),274.9,5.41,11.75,-2.31,33.77,2.91
2010-08-01,2010,8,"Logs, Malaysian",Raw Materials,($/cubic meter),294.7,7.2,16.16,6.54,39.08,2.76
2010-09-01,2010,9,"Logs, Malaysian",Raw Materials,($/cubic meter),310.9,5.5,19.21,10.72,43.4,1.47
2010-10-01,2010,10,"Logs, Malaysian",Raw Materials,($/cubic meter),316.4,1.77,15.1,14.39,49.74,0.24
2010-11-01,2010,11,"Logs, Malaysian",Raw Materials,($/cubic meter),313.3,-0.98,6.31,15.18,52.46,-0.61
2010-12-01,2010,12,"Logs, Malaysian",Raw Materials,($/cubic meter),306.5,-2.17,-1.42,15.75,45.61,-0.97
2011-01-01,2011,1,"Logs, Malaysian",Raw Materials,($/cubic meter),315.3,2.87,-0.35,22.11,42.67,0.46
2011-02-01,2011,2,"Logs, Malaysian",Raw Materials,($/cubic meter),328.6,4.22,4.88,29.98,47.69,0.76
2011-03-01,2011,3,"Logs, Malaysian",Raw Materials,($/cubic meter),334.8,1.89,9.23,34.03,48.67,-0.12
2011-04-01,2011,4,"Logs, Malaysian",Raw Materials,($/cubic meter),343.5,2.6,8.94,39.63,49.74,0.03
2011-05-01,2011,5,"Logs, Malaysian",Raw Materials,($/cubic meter),385.2,12.14,17.22,51.83,57.74,3.52
2011-06-01,2011,6,"Logs, Malaysian",Raw Materials,($/cubic meter),417.6,8.41,24.73,60.12,75.09,1.28
2011-07-01,2011,7,"Logs, Malaysian",Raw Materials,($/cubic meter),430.5,3.09,25.33,56.6,82.34,-0.25
2011-08-01,2011,8,"Logs, Malaysian",Raw Materials,($/cubic meter),450.0,4.53,16.82,52.7,87.5,0.16
2011-09-01,2011,9,"Logs, Malaysian",Raw Materials,($/cubic meter),453.6,0.8,8.62,45.9,84.02,-0.74
2011-10-01,2011,10,"Logs, Malaysian",Raw Materials,($/cubic meter),435.9,-3.9,1.25,37.77,77.7,-1.84
2011-11-01,2011,11,"Logs, Malaysian",Raw Materials,($/cubic meter),403.3,-7.48,-10.38,28.73,57.54,-2.34
2011-12-01,2011,12,"Logs, Malaysian",Raw Materials,($/cubic meter),387.9,-3.82,-14.48,26.56,44.47,-1.16
2012-01-01,2012,1,"Logs, Malaysian",Raw Materials,($/cubic meter),387.7,-0.05,-11.06,22.96,47.81,-0.4
2012-02-01,2012,2,"Logs, Malaysian",Raw Materials,($/cubic meter),375.0,-3.28,-7.02,14.12,42.8,-0.95
2012-03-01,2012,3,"Logs, Malaysian",Raw Materials,($/cubic meter),357.1,-4.77,-7.94,6.66,32.41,-1.09
2012-04-01,2012,4,"Logs, Malaysian",Raw Materials,($/cubic meter),353.7,-0.95,-8.77,2.97,32.97,-0.28
2012-05-01,2012,5,"Logs, Malaysian",Raw Materials,($/cubic meter),367.0,3.76,-2.13,-4.72,40.13,0.58
2012-06-01,2012,6,"Logs, Malaysian",Raw Materials,($/cubic meter),362.3,-1.28,1.46,-13.24,40.48,-0.21
2012-07-01,2012,7,"Logs, Malaysian",Raw Materials,($/cubic meter),357.2,-1.41,0.99,-17.03,35.77,-0.08
2012-08-01,2012,8,"Logs, Malaysian",Raw Materials,($/cubic meter),354.7,-0.7,-3.35,-21.18,30.93,0.23
2012-09-01,2012,9,"Logs, Malaysian",Raw Materials,($/cubic meter),353.3,-0.39,-2.48,-22.11,28.47,0.52
2012-10-01,2012,10,"Logs, Malaysian",Raw Materials,($/cubic meter),350.2,-0.88,-1.96,-19.66,28.89,0.4
2012-11-01,2012,11,"Logs, Malaysian",Raw Materials,($/cubic meter),353.0,0.8,-0.48,-12.47,26.34,0.92
2012-12-01,2012,12,"Logs, Malaysian",Raw Materials,($/cubic meter),354.8,0.51,0.42,-8.53,28.88,0.71
2013-01-01,2013,1,"Logs, Malaysian",Raw Materials,($/cubic meter),334.1,-5.83,-4.6,-13.83,16.37,-2.44
2013-02-01,2013,2,"Logs, Malaysian",Raw Materials,($/cubic meter),319.7,-4.31,-9.43,-14.75,10.85,-1.22
2013-03-01,2013,3,"Logs, Malaysian",Raw Materials,($/cubic meter),313.8,-1.85,-11.56,-12.13,2.92,-0.21
2013-04-01,2013,4,"Logs, Malaysian",Raw Materials,($/cubic meter),304.5,-2.96,-8.86,-13.91,4.35,-0.8
2013-05-01,2013,5,"Logs, Malaysian",Raw Materials,($/cubic meter),294.8,-3.19,-7.79,-19.67,4.17,-0.8
2013-06-01,2013,6,"Logs, Malaysian",Raw Materials,($/cubic meter),306.0,3.8,-2.49,-15.54,12.38,2.85
2013-07-01,2013,7,"Logs, Malaysian",Raw Materials,($/cubic meter),298.8,-2.35,-1.87,-16.35,8.34,-0.39
2013-08-01,2013,8,"Logs, Malaysian",Raw Materials,($/cubic meter),304.4,1.87,3.26,-14.18,11.54,1.3
2013-09-01,2013,9,"Logs, Malaysian",Raw Materials,($/cubic meter),300.1,-1.41,-1.93,-15.06,5.48,-0.07
2013-10-01,2013,10,"Logs, Malaysian",Raw Materials,($/cubic meter),304.3,1.4,1.84,-13.11,-0.03,1.0
2013-11-01,2013,11,"Logs, Malaysian",Raw Materials,($/cubic meter),297.4,-2.27,-2.3,-15.75,-5.89,-0.4
2013-12-01,2013,12,"Logs, Malaysian",Raw Materials,($/cubic meter),287.3,-3.4,-4.27,-19.02,-12.03,-0.72
2014-01-01,2014,1,"Logs, Malaysian",Raw Materials,($/cubic meter),286.6,-0.24,-5.82,-14.22,-13.07,0.53
2014-02-01,2014,2,"Logs, Malaysian",Raw Materials,($/cubic meter),291.8,1.81,-1.88,-8.73,-9.52,1.24
2014-03-01,2014,3,"Logs, Malaysian",Raw Materials,($/cubic meter),290.9,-0.31,1.25,-7.3,0.8,0.18
2014-04-01,2014,4,"Logs, Malaysian",Raw Materials,($/cubic meter),290.3,-0.21,1.29,-4.66,2.54,0.17
2014-05-01,2014,5,"Logs, Malaysian",Raw Materials,($/cubic meter),292.5,0.76,0.24,-0.78,0.48,0.5
2014-06-01,2014,6,"Logs, Malaysian",Raw Materials,($/cubic meter),291.7,-0.27,0.28,-4.67,4.44,-0.11
2014-07-01,2014,7,"Logs, Malaysian",Raw Materials,($/cubic meter),292.7,0.34,0.83,-2.04,4.02,0.43
2014-08-01,2014,8,"Logs, Malaysian",Raw Materials,($/cubic meter),289.2,-1.2,-1.13,-4.99,4.56,-0.65
2014-09-01,2014,9,"Logs, Malaysian",Raw Materials,($/cubic meter),277.6,-4.01,-4.83,-7.5,-1.14,-2.42
2014-10-01,2014,10,"Logs, Malaysian",Raw Materials,($/cubic meter),275.6,-0.72,-5.84,-9.43,-0.36,-0.05
2014-11-01,2014,11,"Logs, Malaysian",Raw Materials,($/cubic meter),256.1,-7.08,-11.45,-13.89,-5.85,-3.73
2014-12-01,2014,12,"Logs, Malaysian",Raw Materials,($/cubic meter),249.4,-2.62,-10.16,-13.19,-5.82,-0.57
2015-01-01,2015,1,"Logs, Malaysian",Raw Materials,($/cubic meter),251.5,0.84,-8.74,-12.25,-2.59,0.83
2015-02-01,2015,2,"Logs, Malaysian",Raw Materials,($/cubic meter),250.9,-0.24,-2.03,-14.02,-0.75,0.33
2015-03-01,2015,3,"Logs, Malaysian",Raw Materials,($/cubic meter),247.3,-1.43,-0.84,-14.99,-1.0,-0.09
2015-04-01,2015,4,"Logs, Malaysian",Raw Materials,($/cubic meter),249.1,0.73,-0.95,-14.19,1.26,0.89
2015-05-01,2015,5,"Logs, Malaysian",Raw Materials,($/cubic meter),246.5,-1.04,-1.75,-15.73,-2.84,0.08
2015-06-01,2015,6,"Logs, Malaysian",Raw Materials,($/cubic meter),240.6,-2.39,-2.71,-17.52,-7.75,-0.44
2015-07-01,2015,7,"Logs, Malaysian",Raw Materials,($/cubic meter),241.3,0.29,-3.13,-17.56,-12.22,0.83
2015-08-01,2015,8,"Logs, Malaysian",Raw Materials,($/cubic meter),241.7,0.17,-1.95,-16.42,-17.98,0.77
2015-09-01,2015,9,"Logs, Malaysian",Raw Materials,($/cubic meter),247.8,2.52,2.99,-10.73,-20.3,1.73
2015-10-01,2015,10,"Logs, Malaysian",Raw Materials,($/cubic meter),248.1,0.12,2.82,-9.98,-21.59,0.43
2015-11-01,2015,11,"Logs, Malaysian",Raw Materials,($/cubic meter),242.9,-2.1,0.5,-5.15,-22.47,-0.51
2015-12-01,2015,12,"Logs, Malaysian",Raw Materials,($/cubic meter),244.6,0.7,-1.29,-1.92,-20.2,0.74
2016-01-01,2016,1,"Logs, Malaysian",Raw Materials,($/cubic meter),251.8,2.94,1.49,0.12,-20.14,2.23
2016-02-01,2016,2,"Logs, Malaysian",Raw Materials,($/cubic meter),259.3,2.98,6.75,3.35,-21.09,1.81
2016-03-01,2016,3,"Logs, Malaysian",Raw Materials,($/cubic meter),263.6,1.66,7.77,6.59,-21.27,0.74
2016-04-01,2016,4,"Logs, Malaysian",Raw Materials,($/cubic meter),271.7,3.07,7.9,9.07,-20.9,1.41
2016-05-01,2016,5,"Logs, Malaysian",Raw Materials,($/cubic meter),273.3,0.59,5.4,10.87,-29.05,-0.08
2016-06-01,2016,6,"Logs, Malaysian",Raw Materials,($/cubic meter),282.3,3.29,7.09,17.33,-32.4,1.3
2016-07-01,2016,7,"Logs, Malaysian",Raw Materials,($/cubic meter),286.0,1.31,5.26,18.52,-33.57,-0.03
2016-08-01,2016,8,"Logs, Malaysian",Raw Materials,($/cubic meter),294.0,2.8,7.57,21.64,-34.67,0.84
2016-09-01,2016,9,"Logs, Malaysian",Raw Materials,($/cubic meter),292.2,-0.61,3.51,17.92,-35.58,-1.4
2016-10-01,2016,10,"Logs, Malaysian",Raw Materials,($/cubic meter),286.9,-1.81,0.31,15.64,-34.18,-1.87
2016-11-01,2016,11,"Logs, Malaysian",Raw Materials,($/cubic meter),275.1,-4.11,-6.43,13.26,-31.79,-2.78
2016-12-01,2016,12,"Logs, Malaysian",Raw Materials,($/cubic meter),256.4,-6.8,-12.25,4.82,-33.9,-3.43
2017-01-01,2017,1,"Logs, Malaysian",Raw Materials,($/cubic meter),258.6,0.86,-9.86,2.7,-33.3,0.13
2017-02-01,2017,2,"Logs, Malaysian",Raw Materials,($/cubic meter),263.5,1.89,-4.22,1.62,-29.73,0.52
2017-03-01,2017,3,"Logs, Malaysian",Raw Materials,($/cubic meter),263.5,0.0,2.77,-0.04,-26.21,-0.06
2017-04-01,2017,4,"Logs, Malaysian",Raw Materials,($/cubic meter),270.3,2.58,4.52,-0.52,-23.58,0.84
2017-05-01,2017,5,"Logs, Malaysian",Raw Materials,($/cubic meter),265.3,-1.85,0.68,-2.93,-27.71,-0.62
2017-06-01,2017,6,"Logs, Malaysian",Raw Materials,($/cubic meter),268.4,1.17,1.86,-4.92,-25.92,0.45
2017-07-01,2017,7,"Logs, Malaysian",Raw Materials,($/cubic meter),264.6,-1.42,-2.11,-7.48,-25.92,-0.36
2017-08-01,2017,8,"Logs, Malaysian",Raw Materials,($/cubic meter),271.0,2.42,2.15,-7.82,-23.6,1.07
2017-09-01,2017,9,"Logs, Malaysian",Raw Materials,($/cubic meter),268.9,-0.77,0.19,-7.97,-23.89,-0.05
2017-10-01,2017,10,"Logs, Malaysian",Raw Materials,($/cubic meter),263.6,-1.97,-0.38,-8.12,-24.73,-0.47
2017-11-01,2017,11,"Logs, Malaysian",Raw Materials,($/cubic meter),263.8,0.08,-2.66,-4.11,-25.27,0.27
2017-12-01,2017,12,"Logs, Malaysian",Raw Materials,($/cubic meter),263.6,-0.08,-1.97,2.81,-25.7,0.09
2018-01-01,2018,1,"Logs, Malaysian",Raw Materials,($/cubic meter),268.3,1.78,1.78,3.75,-19.69,0.98
2018-02-01,2018,2,"Logs, Malaysian",Raw Materials,($/cubic meter),275.8,2.8,4.55,4.67,-13.73,1.52
2018-03-01,2018,3,"Logs, Malaysian",Raw Materials,($/cubic meter),280.7,1.78,6.49,6.53,-10.55,0.8
2018-04-01,2018,4,"Logs, Malaysian",Raw Materials,($/cubic meter),276.7,-1.43,3.13,2.37,-9.13,-1.11
2018-05-01,2018,5,"Logs, Malaysian",Raw Materials,($/cubic meter),271.4,-1.92,-1.6,2.3,-7.94,-1.23
2018-06-01,2018,6,"Logs, Malaysian",Raw Materials,($/cubic meter),270.6,-0.29,-3.6,0.82,-11.57,-0.29
2018-07-01,2018,7,"Logs, Malaysian",Raw Materials,($/cubic meter),267.0,-1.33,-3.51,0.91,-10.64,-0.83
2018-08-01,2018,8,"Logs, Malaysian",Raw Materials,($/cubic meter),268.1,0.41,-1.22,-1.07,-11.93,0.19
2018-09-01,2018,9,"Logs, Malaysian",Raw Materials,($/cubic meter),265.9,-0.82,-1.74,-1.12,-11.4,-0.48
2018-10-01,2018,10,"Logs, Malaysian",Raw Materials,($/cubic meter),263.8,-0.79,-1.2,0.08,-13.31,-0.46
2018-11-01,2018,11,"Logs, Malaysian",Raw Materials,($/cubic meter),262.7,-0.42,-2.01,-0.42,-11.67,-0.3
2018-12-01,2018,12,"Logs, Malaysian",Raw Materials,($/cubic meter),265.4,1.03,-0.19,0.68,-7.62,0.72
2019-01-01,2019,1,"Logs, Malaysian",Raw Materials,($/cubic meter),273.2,2.94,3.56,1.83,-4.68,1.93
2019-02-01,2019,2,"Logs, Malaysian",Raw Materials,($/cubic meter),269.7,-1.28,2.66,-2.21,-7.57,-0.88
2019-03-01,2019,3,"Logs, Malaysian",Raw Materials,($/cubic meter),267.7,-0.74,0.87,-4.63,-7.98,-0.39
2019-04-01,2019,4,"Logs, Malaysian",Raw Materials,($/cubic meter),266.7,-0.37,-2.38,-3.61,-8.13,0.01
2019-05-01,2019,5,"Logs, Malaysian",Raw Materials,($/cubic meter),270.6,1.46,0.33,-0.29,-7.49,1.37
2019-06-01,2019,6,"Logs, Malaysian",Raw Materials,($/cubic meter),275.4,1.77,2.88,1.77,-5.59,1.41
2019-07-01,2019,7,"Logs, Malaysian",Raw Materials,($/cubic meter),275.1,-0.11,3.15,3.03,-6.01,-0.19
2019-08-01,2019,8,"Logs, Malaysian",Raw Materials,($/cubic meter),280.2,1.85,3.55,4.51,-3.11,1.24
2019-09-01,2019,9,"Logs, Malaysian",Raw Materials,($/cubic meter),277.1,-1.11,0.62,4.21,-0.18,-1.09
2019-10-01,2019,10,"Logs, Malaysian",Raw Materials,($/cubic meter),275.3,-0.65,0.07,4.36,-0.11,-0.72
2019-11-01,2019,11,"Logs, Malaysian",Raw Materials,($/cubic meter),273.4,-0.69,-2.43,4.07,6.76,-0.76
2019-12-01,2019,12,"Logs, Malaysian",Raw Materials,($/cubic meter),272.8,-0.22,-1.55,2.79,9.38,-0.4
2020-01-01,2020,1,"Logs, Malaysian",Raw Materials,($/cubic meter),272.4,-0.15,-1.05,-0.29,8.31,-0.28
2020-02-01,2020,2,"Logs, Malaysian",Raw Materials,($/cubic meter),270.6,-0.66,-1.02,0.33,7.85,-0.58
2020-03-01,2020,3,"Logs, Malaysian",Raw Materials,($/cubic meter),276.9,2.33,1.5,3.44,11.97,2.19
2020-04-01,2020,4,"Logs, Malaysian",Raw Materials,($/cubic meter),276.2,-0.25,1.4,3.56,10.88,-0.45
2020-05-01,2020,5,"Logs, Malaysian",Raw Materials,($/cubic meter),277.7,0.54,2.62,2.62,12.66,0.2
2020-06-01,2020,6,"Logs, Malaysian",Raw Materials,($/cubic meter),276.7,-0.36,-0.07,0.47,15.0,-0.51
2020-07-01,2020,7,"Logs, Malaysian",Raw Materials,($/cubic meter),278.9,0.8,0.98,1.38,15.58,0.72
2020-08-01,2020,8,"Logs, Malaysian",Raw Materials,($/cubic meter),280.8,0.68,1.12,0.21,16.18,0.53
2020-09-01,2020,9,"Logs, Malaysian",Raw Materials,($/cubic meter),282.0,0.43,1.92,1.77,13.8,0.43
2020-10-01,2020,10,"Logs, Malaysian",Raw Materials,($/cubic meter),283.0,0.35,1.47,2.8,14.07,0.24
2020-11-01,2020,11,"Logs, Malaysian",Raw Materials,($/cubic meter),285.2,0.78,1.57,4.32,17.41,0.65
2020-12-01,2020,12,"Logs, Malaysian",Raw Materials,($/cubic meter),286.9,0.6,1.74,5.17,17.29,0.3
2021-01-01,2021,1,"Logs, Malaysian",Raw Materials,($/cubic meter),287.0,0.03,1.41,5.36,13.98,-0.5
2021-02-01,2021,2,"Logs, Malaysian",Raw Materials,($/cubic meter),282.5,-1.57,-0.95,4.4,8.95,-2.63
2021-03-01,2021,3,"Logs, Malaysian",Raw Materials,($/cubic meter),273.8,-3.08,-4.57,-1.12,3.87,-3.77
2021-04-01,2021,4,"Logs, Malaysian",Raw Materials,($/cubic meter),272.9,-0.33,-4.91,-1.19,0.44,-0.21
2021-05-01,2021,5,"Logs, Malaysian",Raw Materials,($/cubic meter),272.7,-0.07,-3.47,-1.8,-0.22,0.02
2021-06-01,2021,6,"Logs, Malaysian",Raw Materials,($/cubic meter),270.4,-0.84,-1.24,-2.28,-4.22,-0.61
2021-07-01,2021,7,"Logs, Malaysian",Raw Materials,($/cubic meter),270.0,-0.15,-1.06,-3.19,-5.59,0.03
2021-08-01,2021,8,"Logs, Malaysian",Raw Materials,($/cubic meter),271.0,0.37,-0.62,-3.49,-7.82,0.57
2021-09-01,2021,9,"Logs, Malaysian",Raw Materials,($/cubic meter),270.2,-0.3,-0.07,-4.18,-7.53,-0.0
2021-10-01,2021,10,"Logs, Malaysian",Raw Materials,($/cubic meter),263.2,-2.59,-2.52,-7.0,-8.26,-2.09
2021-11-01,2021,11,"Logs, Malaysian",Raw Materials,($/cubic meter),261.2,-0.76,-3.62,-8.42,-5.05,-0.13
2021-12-01,2021,12,"Logs, Malaysian",Raw Materials,($/cubic meter),261.2,0.0,-3.33,-8.96,1.87,0.63
2022-01-01,2022,1,"Logs, Malaysian",Raw Materials,($/cubic meter),259.1,-0.8,-1.56,-9.72,0.19,-0.03
2022-02-01,2022,2,"Logs, Malaysian",Raw Materials,($/cubic meter),258.5,-0.23,-1.03,-8.5,-1.9,0.58
2022-03-01,2022,3,"Logs, Malaysian",Raw Materials,($/cubic meter),250.9,-2.94,-3.94,-8.36,-4.78,-2.1
2022-04-01,2022,4,"Logs, Malaysian",Raw Materials,($/cubic meter),235.7,-6.06,-9.03,-13.63,-12.8,-5.23
2022-05-01,2022,5,"Logs, Malaysian",Raw Materials,($/cubic meter),231.1,-1.95,-10.6,-15.25,-12.89,-0.41
2022-06-01,2022,6,"Logs, Malaysian",Raw Materials,($/cubic meter),222.3,-3.81,-11.4,-17.79,-17.18,-1.35
2022-07-01,2022,7,"Logs, Malaysian",Raw Materials,($/cubic meter),217.8,-2.02,-7.59,-19.33,-17.69,-0.22
2022-08-01,2022,8,"Logs, Malaysian",Raw Materials,($/cubic meter),220.2,1.1,-4.72,-18.75,-18.75,1.52
2022-09-01,2022,9,"Logs, Malaysian",Raw Materials,($/cubic meter),208.2,-5.45,-6.34,-22.95,-22.57,-1.91
2022-10-01,2022,10,"Logs, Malaysian",Raw Materials,($/cubic meter),202.1,-2.93,-7.21,-23.21,-23.33,-0.37
2022-11-01,2022,11,"Logs, Malaysian",Raw Materials,($/cubic meter),209.2,3.51,-5.0,-19.91,-20.7,2.59
2022-12-01,2022,12,"Logs, Malaysian",Raw Materials,($/cubic meter),220.7,5.5,6.0,-15.51,-16.27,2.68
2023-01-01,2023,1,"Logs, Malaysian",Raw Materials,($/cubic meter),228.2,3.4,12.91,-11.93,-14.95,1.38
2023-02-01,2023,2,"Logs, Malaysian",Raw Materials,($/cubic meter),224.0,-1.84,7.07,-13.35,-18.78,-0.23
2023-03-01,2023,3,"Logs, Malaysian",Raw Materials,($/cubic meter),222.6,-0.62,0.86,-11.28,-20.7,0.14
2023-04-01,2023,4,"Logs, Malaysian",Raw Materials,($/cubic meter),223.1,0.22,-2.23,-5.35,-19.37,0.32
2023-05-01,2023,5,"Logs, Malaysian",Raw Materials,($/cubic meter),217.2,-2.64,-3.04,-6.01,-19.97,-0.68
2023-06-01,2023,6,"Logs, Malaysian",Raw Materials,($/cubic meter),210.7,-2.99,-5.35,-5.22,-22.14,-0.76
2023-07-01,2023,7,"Logs, Malaysian",Raw Materials,($/cubic meter),211.0,0.14,-5.42,-3.12,-20.97,0.17
2023-08-01,2023,8,"Logs, Malaysian",Raw Materials,($/cubic meter),205.6,-2.56,-5.34,-6.63,-23.31,-0.73
2023-09-01,2023,9,"Logs, Malaysian",Raw Materials,($/cubic meter),201.5,-1.99,-4.37,-3.22,-24.22,-0.45
2023-10-01,2023,10,"Logs, Malaysian",Raw Materials,($/cubic meter),199.0,-1.24,-5.69,-1.53,-24.56,-0.35
2023-11-01,2023,11,"Logs, Malaysian",Raw Materials,($/cubic meter),198.7,-0.15,-3.36,-5.02,-24.36,-0.02
2023-12-01,2023,12,"Logs, Malaysian",Raw Materials,($/cubic meter),206.7,4.03,2.58,-6.34,-22.12,1.73
2024-01-01,2024,1,"Logs, Malaysian",Raw Materials,($/cubic meter),203.7,-1.45,2.36,-10.74,-25.44,-0.41
2024-02-01,2024,2,"Logs, Malaysian",Raw Materials,($/cubic meter),199.1,-2.26,0.2,-11.12,-26.18,-0.7
2024-03-01,2024,3,"Logs, Malaysian",Raw Materials,($/cubic meter),198.8,-0.15,-3.82,-10.69,-25.74,0.42
2024-04-01,2024,4,"Logs, Malaysian",Raw Materials,($/cubic meter),193.7,-2.57,-4.91,-13.18,-27.37,-0.85
2024-05-01,2024,5,"Logs, Malaysian",Raw Materials,($/cubic meter),190.9,-1.45,-4.12,-12.11,-29.45,-0.15
2024-06-01,2024,6,"Logs, Malaysian",Raw Materials,($/cubic meter),188.7,-1.15,-5.08,-10.44,-31.48,-0.05
2024-07-01,2024,7,"Logs, Malaysian",Raw Materials,($/cubic meter),188.6,-0.05,-2.63,-10.62,-31.44,0.47
2024-08-01,2024,8,"Logs, Malaysian",Raw Materials,($/cubic meter),203.5,7.9,6.6,-1.02,-27.37,4.91
2024-09-01,2024,9,"Logs, Malaysian",Raw Materials,($/cubic meter),207.9,2.16,10.17,3.18,-24.97,0.73
2024-10-01,2024,10,"Logs, Malaysian",Raw Materials,($/cubic meter),199.0,-4.28,5.51,0.0,-27.72,-1.51
2024-11-01,2024,11,"Logs, Malaysian",Raw Materials,($/cubic meter),193.8,-2.61,-4.77,-2.47,-29.11,-0.81
2024-12-01,2024,12,"Logs, Malaysian",Raw Materials,($/cubic meter),193.3,-0.26,-7.02,-6.48,-29.14,-0.03
2025-01-01,2025,1,"Logs, Malaysian",Raw Materials,($/cubic meter),190.2,-1.6,-4.42,-6.63,-30.18,-0.35
2025-02-01,2025,2,"Logs, Malaysian",Raw Materials,($/cubic meter),196.1,3.1,1.19,-1.51,-27.53,1.17
2025-03-01,2025,3,"Logs, Malaysian",Raw Materials,($/cubic meter),199.7,1.84,3.31,0.45,-27.88,0.59
2025-04-01,2025,4,"Logs, Malaysian",Raw Materials,($/cubic meter),206.6,3.46,8.62,6.66,-25.2,1.03
2025-05-01,2025,5,"Logs, Malaysian",Raw Materials,($/cubic meter),205.7,-0.44,4.9,7.75,-25.93,-0.31
2025-06-01,2025,6,"Logs, Malaysian",Raw Materials,($/cubic meter),206.0,0.15,3.15,9.17,-25.55,-0.16
2025-07-01,2025,7,"Logs, Malaysian",Raw Materials,($/cubic meter),202.7,-1.6,-1.89,7.48,-27.32,-0.74
2025-08-01,2025,8,"Logs, Malaysian",Raw Materials,($/cubic meter),201.6,-0.54,-1.99,-0.93,-28.21,-0.37
2025-09-01,2025,9,"Logs, Malaysian",Raw Materials,($/cubic meter),201.3,-0.15,-2.28,-3.17,-28.62,-0.04
2025-10-01,2025,10,"Logs, Malaysian",Raw Materials,($/cubic meter),196.6,-2.33,-3.01,-1.21,-30.53,-0.93
2025-11-01,2025,11,"Logs, Malaysian",Raw Materials,($/cubic meter),191.8,-2.44,-4.86,-1.03,-32.75,-1.19
2025-12-01,2025,12,"Logs, Malaysian",Raw Materials,($/cubic meter),190.9,-0.47,-5.17,-1.24,-33.46,-0.2
2026-01-01,2026,1,"Logs, Malaysian",Raw Materials,($/cubic meter),190.0,-0.47,-3.36,-0.11,-33.8,-0.2
2026-02-01,2026,2,"Logs, Malaysian",Raw Materials,($/cubic meter),191.9,1.0,0.05,-2.14,-32.07,0.52
2026-03-01,2026,3,"Logs, Malaysian",Raw Materials,($/cubic meter),187.6,-2.24,-1.73,-6.06,-31.48,-1.24
2026-04-01,2026,4,"Logs, Malaysian",Raw Materials,($/cubic meter),187.0,-0.32,-1.58,-9.49,-31.48,0.11
2026-05-01,2026,5,"Logs, Malaysian",Raw Materials,($/cubic meter),188.3,0.7,-1.88,-8.46,-30.95,1.4
2026-06-01,2026,6,"Logs, Malaysian",Raw Materials,($/cubic meter),185.3,-1.59,-1.23,-10.05,-31.47,-0.74
2026-07-01,2026,7,"Logs, Malaysian",Raw Materials,($/cubic meter),183.2,-1.13,-2.03,-9.62,-32.15,-0.23
2026-08-01,2026,8,"Logs, Malaysian",Raw Materials,($/cubic meter),187.4,2.29,-0.48,-7.04,-30.85,2.74
2026-09-01,2026,9,"Logs, Malaysian",Raw Materials,($/cubic meter),190.3,1.55,2.7,-5.46,-29.57,1.47
1960-01-01,1960,1,Maize,Grains,($/mt),45.0,,,,,
1960-02-01,1960,2,Maize,Grains,($/mt),44.0,-2.22,,,,
1960-03-01,1960,3,Maize,Grains,($/mt),45.0,2.27,,,,
1960-04-01,1960,4,Maize,Grains,($/mt),45.0,0.0,0.0,,,
1960-05-01,1960,5,Maize,Grains,($/mt),48.0,6.67,9.09,,,
1960-06-01,1960,6,Maize,Grains,($/mt),47.0,-2.08,4.44,,,
1960-07-01,1960,7,Maize,Grains,($/mt),47.0,0.0,4.44,,,
1960-08-01,1960,8,Maize,Grains,($/mt),47.0,0.0,-2.08,,,-0.23
1960-09-01,1960,9,Maize,Grains,($/mt),46.0,-2.13,-2.13,,,-0.91
1960-10-01,1960,10,Maize,Grains,($/mt),42.0,-8.7,-10.64,,,-3.01
1960-11-01,1960,11,Maize,Grains,($/mt),38.0,-9.52,-19.15,,,-2.15
1960-12-01,1960,12,Maize,Grains,($/mt),40.0,5.26,-13.04,,,1.43
1961-01-01,1961,1,Maize,Grains,($/mt),43.0,7.5,2.38,-4.44,,1.7
1961-02-01,1961,2,Maize,Grains,($/mt),44.0,2.33,15.79,0.0,,0.48
1961-03-01,1961,3,Maize,Grains,($/mt),44.0,0.0,10.0,-2.22,,-0.02
1961-04-01,1961,4,Maize,Grains,($/mt),43.0,-2.27,0.0,-4.44,,-0.42
1961-05-01,1961,5,Maize,Grains,($/mt),45.0,4.65,2.27,-6.25,,0.92
1961-06-01,1961,6,Maize,Grains,($/mt),44.0,-2.22,0.0,-6.38,,-0.35
1961-07-01,1961,7,Maize,Grains,($/mt),45.0,2.27,4.65,-4.26,,0.53
1961-08-01,1961,8,Maize,Grains,($/mt),44.0,-2.22,-2.22,-6.38,,-0.38
1961-09-01,1961,9,Maize,Grains,($/mt),43.0,-2.27,-2.27,-6.52,,-0.35
1961-10-01,1961,10,Maize,Grains,($/mt),47.6,10.7,5.78,13.33,,2.13
1961-11-01,1961,11,Maize,Grains,($/mt),48.4,1.68,10.0,27.37,,0.09
1961-12-01,1961,12,Maize,Grains,($/mt),48.4,0.0,12.56,21.0,,-0.5
1962-01-01,1962,1,Maize,Grains,($/mt),48.0,-0.83,0.84,11.63,,-0.6
1962-02-01,1962,2,Maize,Grains,($/mt),48.0,0.0,-0.83,9.09,,-0.26
1962-03-01,1962,3,Maize,Grains,($/mt),48.8,1.67,0.83,10.91,,0.23
1962-04-01,1962,4,Maize,Grains,($/mt),48.8,0.0,1.67,13.49,,-0.25
1962-05-01,1962,5,Maize,Grains,($/mt),49.6,1.64,3.33,10.22,,0.14
1962-06-01,1962,6,Maize,Grains,($/mt),49.6,0.0,1.64,12.73,,-0.25
1962-07-01,1962,7,Maize,Grains,($/mt),48.8,-1.61,0.0,8.44,,-0.79
1962-08-01,1962,8,Maize,Grains,($/mt),47.2,-3.28,-4.84,7.27,,-1.17
1962-09-01,1962,9,Maize,Grains,($/mt),47.6,0.85,-4.03,10.7,,0.06
1962-10-01,1962,10,Maize,Grains,($/mt),47.6,0.0,-2.46,0.0,,-0.26
1962-11-01,1962,11,Maize,Grains,($/mt),48.4,1.68,2.54,0.0,,1.15
1962-12-01,1962,12,Maize,Grains,($/mt),51.2,5.79,7.56,5.79,,3.99
1963-01-01,1963,1,Maize,Grains,($/mt),52.8,3.12,10.92,10.0,,1.19
1963-02-01,1963,2,Maize,Grains,($/mt),53.2,0.76,9.92,10.83,,-0.03
1963-03-01,1963,3,Maize,Grains,($/mt),52.4,-1.5,2.34,7.38,,-1.05
1963-04-01,1963,4,Maize,Grains,($/mt),52.0,-0.76,-1.52,6.56,,-0.59
1963-05-01,1963,5,Maize,Grains,($/mt),52.4,0.77,-1.5,5.65,,0.09
1963-06-01,1963,6,Maize,Grains,($/mt),55.5,5.92,5.92,11.9,,2.3
1963-07-01,1963,7,Maize,Grains,($/mt),56.7,2.16,9.04,16.19,,0.42
1963-08-01,1963,8,Maize,Grains,($/mt),55.5,-2.12,5.92,17.58,,-1.25
1963-09-01,1963,9,Maize,Grains,($/mt),55.9,0.72,0.72,17.44,,-0.26
1963-10-01,1963,10,Maize,Grains,($/mt),53.2,-4.83,-6.17,11.76,,-2.43
1963-11-01,1963,11,Maize,Grains,($/mt),52.4,-1.5,-5.59,8.26,,-0.8
1963-12-01,1963,12,Maize,Grains,($/mt),53.5,2.1,-4.29,4.49,,0.44
1964-01-01,1964,1,Maize,Grains,($/mt),55.1,2.99,3.57,4.36,,0.92
1964-02-01,1964,2,Maize,Grains,($/mt),52.8,-4.17,0.76,-0.75,,-1.63
1964-03-01,1964,3,Maize,Grains,($/mt),54.3,2.84,1.5,3.63,,0.93
1964-04-01,1964,4,Maize,Grains,($/mt),55.5,2.21,0.73,6.73,,0.59
1964-05-01,1964,5,Maize,Grains,($/mt),55.9,0.72,5.87,6.68,,0.04
1964-06-01,1964,6,Maize,Grains,($/mt),56.3,0.72,3.68,1.44,,0.04
1964-07-01,1964,7,Maize,Grains,($/mt),55.9,-0.71,0.72,-1.41,,-0.32
1964-08-01,1964,8,Maize,Grains,($/mt),54.7,-2.15,-2.15,-1.44,,-0.79
1964-09-01,1964,9,Maize,Grains,($/mt),55.1,0.73,-2.13,-1.43,,0.31
1964-10-01,1964,10,Maize,Grains,($/mt),52.8,-4.17,-5.55,-0.75,,-1.56
1964-11-01,1964,11,Maize,Grains,($/mt),52.8,0.0,-3.47,0.76,,0.01
1964-12-01,1964,12,Maize,Grains,($/mt),54.3,2.84,-1.45,1.5,,1.11
1965-01-01,1965,1,Maize,Grains,($/mt),55.9,2.95,5.87,1.45,24.22,1.1
1965-02-01,1965,2,Maize,Grains,($/mt),56.7,1.43,7.39,7.39,28.86,0.5
1965-03-01,1965,3,Maize,Grains,($/mt),57.1,0.71,5.16,5.16,26.89,0.04
1965-04-01,1965,4,Maize,Grains,($/mt),57.5,0.7,2.86,3.6,27.78,0.13
1965-05-01,1965,5,Maize,Grains,($/mt),58.7,2.09,3.53,5.01,22.29,0.9
1965-06-01,1965,6,Maize,Grains,($/mt),58.3,-0.68,2.1,3.55,24.04,-0.54
1965-07-01,1965,7,Maize,Grains,($/mt),56.7,-2.74,-1.39,1.43,20.64,-1.49
1965-08-01,1965,8,Maize,Grains,($/mt),55.1,-2.82,-6.13,0.73,17.23,-1.33
1965-09-01,1965,9,Maize,Grains,($/mt),53.9,-2.18,-7.55,-2.18,17.17,-0.99
1965-10-01,1965,10,Maize,Grains,($/mt),51.6,-4.27,-8.99,-2.27,22.86,-1.73
1965-11-01,1965,11,Maize,Grains,($/mt),51.6,0.0,-6.35,-2.27,35.79,0.07
1965-12-01,1965,12,Maize,Grains,($/mt),55.1,6.78,2.23,1.47,37.75,2.91
1966-01-01,1966,1,Maize,Grains,($/mt),57.1,3.63,10.66,2.15,32.79,1.15
1966-02-01,1966,2,Maize,Grains,($/mt),57.1,0.0,10.66,0.71,29.77,-0.07
1966-03-01,1966,3,Maize,Grains,($/mt),55.5,-2.8,0.73,-2.8,26.14,-0.95
1966-04-01,1966,4,Maize,Grains,($/mt),55.9,0.72,-2.1,-2.78,30.0,0.29
1966-05-01,1966,5,Maize,Grains,($/mt),55.1,-1.43,-3.5,-6.13,22.44,-0.39
1966-06-01,1966,6,Maize,Grains,($/mt),57.1,3.63,2.88,-2.06,29.77,1.33
1966-07-01,1966,7,Maize,Grains,($/mt),59.1,3.5,5.72,4.23,31.33,1.09
1966-08-01,1966,8,Maize,Grains,($/mt),62.6,5.92,13.61,13.61,42.27,1.65
1966-09-01,1966,9,Maize,Grains,($/mt),61.0,-2.56,6.83,13.17,41.86,-1.04
1966-10-01,1966,10,Maize,Grains,($/mt),58.7,-3.77,-0.68,13.76,23.32,-1.36
1966-11-01,1966,11,Maize,Grains,($/mt),59.1,0.68,-5.59,14.53,22.11,-0.13
1966-12-01,1966,12,Maize,Grains,($/mt),61.4,3.89,0.66,11.43,26.86,0.77
1967-01-01,1967,1,Maize,Grains,($/mt),60.2,-1.95,2.56,5.43,25.42,-0.92
1967-02-01,1967,2,Maize,Grains,($/mt),59.1,-1.83,0.0,3.5,23.12,-0.74
1967-03-01,1967,3,Maize,Grains,($/mt),59.1,0.0,-3.75,6.49,21.11,-0.1
1967-04-01,1967,4,Maize,Grains,($/mt),57.9,-2.03,-3.82,3.58,18.65,-0.85
1967-05-01,1967,5,Maize,Grains,($/mt),57.1,-1.38,-3.38,3.63,15.12,-0.55
1967-06-01,1967,6,Maize,Grains,($/mt),57.1,0.0,-3.38,0.0,15.12,-0.11
1967-07-01,1967,7,Maize,Grains,($/mt),55.1,-3.5,-4.84,-6.77,12.91,-1.19
1967-08-01,1967,8,Maize,Grains,($/mt),52.0,-5.63,-8.93,-16.93,10.17,-1.74
1967-09-01,1967,9,Maize,Grains,($/mt),49.2,-5.38,-13.84,-19.34,3.36,-1.58
1967-10-01,1967,10,Maize,Grains,($/mt),48.0,-2.44,-12.89,-18.23,0.84,-0.26
1967-11-01,1967,11,Maize,Grains,($/mt),47.6,-0.83,-8.46,-19.46,-1.65,0.3
1967-12-01,1967,12,Maize,Grains,($/mt),46.9,-1.47,-4.67,-23.62,-8.4,0.11
1968-01-01,1968,1,Maize,Grains,($/mt),51.6,10.02,7.5,-14.29,-2.27,6.7
1968-02-01,1968,2,Maize,Grains,($/mt),51.2,-0.78,7.56,-13.37,-3.76,0.11
1968-03-01,1968,3,Maize,Grains,($/mt),50.0,-2.34,6.61,-15.4,-4.58,-0.31
1968-04-01,1968,4,Maize,Grains,($/mt),48.0,-4.0,-6.98,-17.1,-7.69,-0.68
1968-05-01,1968,5,Maize,Grains,($/mt),48.4,0.83,-5.47,-15.24,-7.63,0.57
1968-06-01,1968,6,Maize,Grains,($/mt),47.6,-1.65,-4.8,-16.64,-14.23,-0.09
1968-07-01,1968,7,Maize,Grains,($/mt),47.2,-0.84,-1.67,-14.34,-16.75,0.14
1968-08-01,1968,8,Maize,Grains,($/mt),44.9,-4.87,-7.23,-13.65,-19.1,-0.91
1968-09-01,1968,9,Maize,Grains,($/mt),44.1,-1.78,-7.35,-10.37,-21.11,-0.16
1968-10-01,1968,10,Maize,Grains,($/mt),44.9,1.81,-4.87,-6.46,-15.6,0.71
1968-11-01,1968,11,Maize,Grains,($/mt),49.2,9.58,9.58,3.36,-6.11,2.67
1968-12-01,1968,12,Maize,Grains,($/mt),48.4,-1.63,9.75,3.2,-9.53,-0.42
1969-01-01,1969,1,Maize,Grains,($/mt),50.4,4.13,12.25,-2.33,-8.53,0.79
1969-02-01,1969,2,Maize,Grains,($/mt),50.4,0.0,2.44,-1.56,-4.55,0.03
1969-03-01,1969,3,Maize,Grains,($/mt),50.4,0.0,4.13,0.8,-7.18,0.02
1969-04-01,1969,4,Maize,Grains,($/mt),51.6,2.38,2.38,7.5,-7.03,0.59
1969-05-01,1969,5,Maize,Grains,($/mt),54.3,5.23,7.74,12.19,-2.86,1.25
1969-06-01,1969,6,Maize,Grains,($/mt),54.3,0.0,7.74,14.08,-3.55,-0.27
1969-07-01,1969,7,Maize,Grains,($/mt),53.9,-0.74,4.46,14.19,-3.58,-0.5
1969-08-01,1969,8,Maize,Grains,($/mt),53.5,-0.74,-1.47,19.15,-2.19,-0.51
1969-09-01,1969,9,Maize,Grains,($/mt),51.2,-4.3,-5.71,16.1,-7.08,-1.73
1969-10-01,1969,10,Maize,Grains,($/mt),51.9,1.37,-3.71,15.59,-1.7,0.02
1969-11-01,1969,11,Maize,Grains,($/mt),53.2,2.5,-0.56,8.13,0.76,0.34
1969-12-01,1969,12,Maize,Grains,($/mt),52.4,-1.5,2.34,8.26,-3.5,-0.84
1970-01-01,1970,1,Maize,Grains,($/mt),58.4,11.45,12.52,15.87,4.47,4.14
1970-02-01,1970,2,Maize,Grains,($/mt),58.4,0.0,9.77,15.87,3.0,-0.33
1970-03-01,1970,3,Maize,Grains,($/mt),58.4,0.0,11.45,15.87,2.28,-0.33
1970-04-01,1970,4,Maize,Grains,($/mt),58.4,0.0,0.0,13.18,1.57,-0.33
1970-05-01,1970,5,Maize,Grains,($/mt),58.4,0.0,0.0,7.55,-0.51,-0.28
1970-06-01,1970,6,Maize,Grains,($/mt),58.4,0.0,0.0,7.55,0.17,-0.18
1970-07-01,1970,7,Maize,Grains,($/mt),58.4,0.0,0.0,8.35,3.0,-0.18
1970-08-01,1970,8,Maize,Grains,($/mt),58.4,0.0,0.0,9.16,5.99,-0.2
1970-09-01,1970,9,Maize,Grains,($/mt),58.4,0.0,0.0,14.06,8.35,-0.21
1970-10-01,1970,10,Maize,Grains,($/mt),58.4,0.0,0.0,12.52,13.18,-0.34
1970-11-01,1970,11,Maize,Grains,($/mt),58.4,0.0,0.0,9.77,13.18,-0.31
1970-12-01,1970,12,Maize,Grains,($/mt),58.4,0.0,0.0,11.45,5.99,-0.25
1971-01-01,1971,1,Maize,Grains,($/mt),58.4,0.0,0.0,0.0,2.28,-0.29
1971-02-01,1971,2,Maize,Grains,($/mt),58.4,0.0,0.0,0.0,2.28,0.0
1971-03-01,1971,3,Maize,Grains,($/mt),58.4,0.0,0.0,0.0,5.23,0.0
1971-04-01,1971,4,Maize,Grains,($/mt),58.4,0.0,0.0,0.0,4.47,0.0
1971-05-01,1971,5,Maize,Grains,($/mt),58.4,0.0,0.0,0.0,5.99,0.0
1971-06-01,1971,6,Maize,Grains,($/mt),58.4,0.0,0.0,0.0,2.28,0.0
1971-07-01,1971,7,Maize,Grains,($/mt),58.4,0.0,0.0,0.0,-1.18,0.0
1971-08-01,1971,8,Maize,Grains,($/mt),58.4,0.0,0.0,0.0,-6.71,0.0
1971-09-01,1971,9,Maize,Grains,($/mt),58.4,0.0,0.0,0.0,-4.26,0.0
1971-10-01,1971,10,Maize,Grains,($/mt),58.4,0.0,0.0,0.0,-0.51,0.0
1971-11-01,1971,11,Maize,Grains,($/mt),58.4,0.0,0.0,0.0,-1.18,0.0
1971-12-01,1971,12,Maize,Grains,($/mt),58.4,0.0,0.0,0.0,-4.89,0.0
1972-01-01,1972,1,Maize,Grains,($/mt),51.3,-12.16,-12.16,-12.16,-14.78,0.0
1972-02-01,1972,2,Maize,Grains,($/mt),51.7,0.78,-11.47,-11.47,-12.52,0.51
1972-03-01,1972,3,Maize,Grains,($/mt),52.5,1.55,-10.1,-10.1,-11.17,0.71
1972-04-01,1972,4,Maize,Grains,($/mt),53.7,2.29,4.68,-8.05,-7.25,0.86
1972-05-01,1972,5,Maize,Grains,($/mt),54.5,1.49,5.42,-6.68,-4.55,0.57
1972-06-01,1972,6,Maize,Grains,($/mt),52.9,-2.94,0.76,-9.42,-7.36,-0.65
1972-07-01,1972,7,Maize,Grains,($/mt),54.1,2.27,0.74,-7.36,-1.81,0.79
1972-08-01,1972,8,Maize,Grains,($/mt),55.7,2.96,2.2,-4.62,7.12,0.9
1972-09-01,1972,9,Maize,Grains,($/mt),59.2,6.28,11.91,1.37,20.33,1.63
1972-10-01,1972,10,Maize,Grains,($/mt),57.2,-3.38,5.73,-2.05,19.17,-0.8
1972-11-01,1972,11,Maize,Grains,($/mt),59.2,3.5,6.28,1.37,24.37,0.78
1972-12-01,1972,12,Maize,Grains,($/mt),67.1,13.34,13.34,14.9,43.07,2.79
1973-01-01,1973,1,Maize,Grains,($/mt),79.1,17.88,38.29,54.19,53.29,2.74
1973-02-01,1973,2,Maize,Grains,($/mt),81.1,2.53,36.99,56.87,58.4,-0.21
1973-03-01,1973,3,Maize,Grains,($/mt),79.9,-1.48,19.08,52.19,59.8,-0.89
1973-04-01,1973,4,Maize,Grains,($/mt),77.8,-2.63,-1.64,44.88,62.08,-1.01
1973-05-01,1973,5,Maize,Grains,($/mt),89.0,14.4,9.74,63.3,83.88,1.7
1973-06-01,1973,6,Maize,Grains,($/mt),101.2,13.71,26.66,91.3,112.61,1.29
1973-07-01,1973,7,Maize,Grains,($/mt),109.4,8.1,40.62,102.22,131.78,0.32
1973-08-01,1973,8,Maize,Grains,($/mt),122.4,11.88,37.53,119.75,172.61,0.78
1973-09-01,1973,9,Maize,Grains,($/mt),107.1,-12.5,5.83,80.91,142.86,-2.67
1973-10-01,1973,10,Maize,Grains,($/mt),106.4,-0.65,-2.74,86.01,136.97,-0.66
1973-11-01,1973,11,Maize,Grains,($/mt),107.9,1.41,-11.85,82.26,119.31,-0.47
1973-12-01,1973,12,Maize,Grains,($/mt),112.6,4.36,5.14,67.81,132.64,-0.13
1974-01-01,1974,1,Maize,Grains,($/mt),112.3,-0.27,5.55,41.97,122.82,-0.57
1974-02-01,1974,2,Maize,Grains,($/mt),131.1,16.74,21.5,61.65,160.12,1.73
1974-03-01,1974,3,Maize,Grains,($/mt),126.4,-3.59,12.26,58.2,150.79,-0.92
1974-04-01,1974,4,Maize,Grains,($/mt),114.2,-9.65,1.69,46.79,121.32,-1.57
1974-05-01,1974,5,Maize,Grains,($/mt),113.7,-0.44,-13.27,27.75,109.39,-0.43
1974-06-01,1974,6,Maize,Grains,($/mt),116.6,2.55,-7.75,15.22,114.73,0.01
1974-07-01,1974,7,Maize,Grains,($/mt),132.3,13.46,15.85,20.93,145.45,1.45
1974-08-01,1974,8,Maize,Grains,($/mt),145.8,10.2,28.23,19.12,172.52,0.94
1974-09-01,1974,9,Maize,Grains,($/mt),141.4,-3.02,21.27,32.03,176.17,-0.56
1974-10-01,1974,10,Maize,Grains,($/mt),151.6,7.21,14.59,42.48,192.1,0.61
1974-11-01,1974,11,Maize,Grains,($/mt),144.1,-4.95,-1.17,33.55,170.86,-1.08
1974-12-01,1974,12,Maize,Grains,($/mt),145.3,0.83,2.76,29.04,177.29,-0.24
1975-01-01,1975,1,Maize,Grains,($/mt),131.7,-9.36,-13.13,17.28,125.51,-1.48
1975-02-01,1975,2,Maize,Grains,($/mt),120.5,-8.5,-16.38,-8.09,106.34,-1.18
1975-03-01,1975,3,Maize,Grains,($/mt),120.2,-0.25,-17.27,-4.91,105.82,0.02
1975-04-01,1975,4,Maize,Grains,($/mt),119.7,-0.42,-9.11,4.82,104.97,-0.03
1975-05-01,1975,5,Maize,Grains,($/mt),114.5,-4.34,-4.98,0.7,96.06,-0.71
1975-06-01,1975,6,Maize,Grains,($/mt),119.1,4.02,-0.92,2.14,103.94,0.52
1975-07-01,1975,7,Maize,Grains,($/mt),119.8,0.59,0.08,-9.45,105.14,0.03
1975-08-01,1975,8,Maize,Grains,($/mt),131.6,9.85,14.93,-9.74,125.34,1.79
1975-09-01,1975,9,Maize,Grains,($/mt),122.3,-7.07,2.69,-13.51,109.42,-1.09
1975-10-01,1975,10,Maize,Grains,($/mt),116.9,-4.42,-2.42,-22.89,100.17,-0.56
1975-11-01,1975,11,Maize,Grains,($/mt),110.3,-5.65,-16.19,-23.46,88.87,-0.66
1975-12-01,1975,12,Maize,Grains,($/mt),109.2,-1.0,-10.71,-24.85,86.99,0.19
1976-01-01,1976,1,Maize,Grains,($/mt),110.3,1.01,-5.65,-16.25,88.87,0.58
1976-02-01,1976,2,Maize,Grains,($/mt),113.2,2.63,2.63,-6.06,93.84,0.78
1976-03-01,1976,3,Maize,Grains,($/mt),113.1,-0.09,3.57,-5.91,93.66,0.07
1976-04-01,1976,4,Maize,Grains,($/mt),111.1,-1.77,0.73,-7.18,90.24,-0.29
1976-05-01,1976,5,Maize,Grains,($/mt),118.2,6.39,4.42,3.23,102.4,1.47
1976-06-01,1976,6,Maize,Grains,($/mt),121.8,3.05,7.69,2.27,108.56,0.54
1976-07-01,1976,7,Maize,Grains,($/mt),121.3,-0.41,9.18,1.25,107.71,-0.14
1976-08-01,1976,8,Maize,Grains,($/mt),116.1,-4.29,-1.78,-11.78,98.8,-0.92
1976-09-01,1976,9,Maize,Grains,($/mt),115.0,-0.95,-5.58,-5.97,96.92,0.01
1976-10-01,1976,10,Maize,Grains,($/mt),106.2,-7.65,-12.45,-9.15,81.85,-2.09
1976-11-01,1976,11,Maize,Grains,($/mt),98.7,-7.06,-14.99,-10.52,69.01,-1.63
1976-12-01,1976,12,Maize,Grains,($/mt),103.5,4.86,-10.0,-5.22,77.23,1.41
1977-01-01,1977,1,Maize,Grains,($/mt),111.6,7.83,5.08,1.18,117.54,1.87
1977-02-01,1977,2,Maize,Grains,($/mt),110.6,-0.9,12.06,-2.3,113.93,-0.22
1977-03-01,1977,3,Maize,Grains,($/mt),108.0,-2.35,4.35,-4.51,105.71,-0.46
1977-04-01,1977,4,Maize,Grains,($/mt),105.8,-2.04,-5.2,-4.77,97.02,-0.36
1977-05-01,1977,5,Maize,Grains,($/mt),100.9,-4.63,-8.77,-14.64,85.14,-0.87
1977-06-01,1977,6,Maize,Grains,($/mt),94.5,-6.34,-12.5,-22.41,78.64,-1.11
1977-07-01,1977,7,Maize,Grains,($/mt),85.0,-10.05,-19.66,-29.93,57.12,-1.74
1977-08-01,1977,8,Maize,Grains,($/mt),76.9,-9.53,-23.79,-33.76,38.06,-1.31
1977-09-01,1977,9,Maize,Grains,($/mt),78.3,1.82,-17.14,-31.91,32.26,0.92
1977-10-01,1977,10,Maize,Grains,($/mt),83.2,6.26,-2.12,-21.66,45.45,1.64
1977-11-01,1977,11,Maize,Grains,($/mt),93.4,12.26,21.46,-5.37,57.77,2.34
1977-12-01,1977,12,Maize,Grains,($/mt),96.0,2.78,22.61,-7.25,43.07,0.43
1978-01-01,1978,1,Maize,Grains,($/mt),95.8,-0.21,15.14,-14.16,21.11,0.03
1978-02-01,1978,2,Maize,Grains,($/mt),101.0,5.43,8.14,-8.68,24.54,1.02
1978-03-01,1978,3,Maize,Grains,($/mt),106.1,5.05,10.52,-1.76,32.79,0.84
1978-04-01,1978,4,Maize,Grains,($/mt),111.5,5.09,16.39,5.39,43.32,0.74
1978-05-01,1978,5,Maize,Grains,($/mt),112.7,1.08,11.58,11.69,26.63,0.06
1978-06-01,1978,6,Maize,Grains,($/mt),106.6,-5.41,0.47,12.8,5.34,-0.97
1978-07-01,1978,7,Maize,Grains,($/mt),97.3,-8.72,-12.74,14.47,-11.06,-1.49
1978-08-01,1978,8,Maize,Grains,($/mt),92.0,-5.45,-18.37,19.64,-24.84,-1.05
1978-09-01,1978,9,Maize,Grains,($/mt),91.0,-1.09,-14.63,16.22,-15.03,-0.47
1978-10-01,1978,10,Maize,Grains,($/mt),95.9,5.38,-1.44,15.26,-9.87,0.66
1978-11-01,1978,11,Maize,Grains,($/mt),100.5,4.8,9.24,7.6,-6.86,0.58
1978-12-01,1978,12,Maize,Grains,($/mt),98.5,-1.99,8.24,2.6,-12.52,-0.55
1979-01-01,1979,1,Maize,Grains,($/mt),105.4,7.01,9.91,10.02,-6.14,1.34
1979-02-01,1979,2,Maize,Grains,($/mt),107.0,1.52,6.47,5.94,-18.38,0.11
1979-03-01,1979,3,Maize,Grains,($/mt),109.5,2.34,11.17,3.2,-13.37,0.34
1979-04-01,1979,4,Maize,Grains,($/mt),111.5,1.83,5.79,0.0,-2.36,0.29
1979-05-01,1979,5,Maize,Grains,($/mt),112.6,0.99,5.23,-0.09,-0.97,0.18
1979-06-01,1979,6,Maize,Grains,($/mt),120.4,6.93,9.95,12.95,3.26,1.42
1979-07-01,1979,7,Maize,Grains,($/mt),130.5,8.39,17.04,34.12,-1.36,1.5
1979-08-01,1979,8,Maize,Grains,($/mt),118.9,-8.89,5.6,29.24,-18.45,-2.77
1979-09-01,1979,9,Maize,Grains,($/mt),118.0,-0.76,-1.99,29.67,-16.55,-0.63
1979-10-01,1979,10,Maize,Grains,($/mt),119.1,0.93,-8.74,24.19,-21.44,-0.28
1979-11-01,1979,11,Maize,Grains,($/mt),118.2,-0.76,-0.59,17.61,-17.97,-0.57
1979-12-01,1979,12,Maize,Grains,($/mt),115.3,-2.45,-2.29,17.06,-20.65,-0.84
1980-01-01,1980,1,Maize,Grains,($/mt),105.4,-8.59,-11.5,0.0,-19.97,-2.13
1980-02-01,1980,2,Maize,Grains,($/mt),113.9,8.06,-3.64,6.45,-5.48,1.54
1980-03-01,1980,3,Maize,Grains,($/mt),110.4,-3.07,-4.25,0.82,-8.15,-0.66
1980-04-01,1980,4,Maize,Grains,($/mt),108.2,-1.99,2.66,-2.96,-9.61,-0.39
1980-05-01,1980,5,Maize,Grains,($/mt),110.0,1.66,-3.42,-2.31,-3.93,0.31
1980-06-01,1980,6,Maize,Grains,($/mt),113.6,3.27,2.9,-5.65,-4.62,0.58
1980-07-01,1980,7,Maize,Grains,($/mt),128.9,13.47,19.13,-1.23,7.6,2.56
1980-08-01,1980,8,Maize,Grains,($/mt),143.5,11.33,30.45,20.69,9.04,1.79
1980-09-01,1980,9,Maize,Grains,($/mt),140.8,-1.88,23.94,19.32,15.13,-0.57
1980-10-01,1980,10,Maize,Grains,($/mt),140.4,-0.28,8.92,17.88,20.1,-0.3
1980-11-01,1980,11,Maize,Grains,($/mt),146.6,4.42,2.16,24.03,32.91,0.44
1980-12-01,1980,12,Maize,Grains,($/mt),141.5,-3.48,0.5,22.72,29.58,-0.85
1981-01-01,1981,1,Maize,Grains,($/mt),148.8,5.16,5.98,41.18,34.9,0.5
1981-02-01,1981,2,Maize,Grains,($/mt),143.3,-3.7,-2.25,25.81,26.59,-1.19
1981-03-01,1981,3,Maize,Grains,($/mt),142.1,-0.84,0.42,28.71,25.64,-0.51
1981-04-01,1981,4,Maize,Grains,($/mt),145.5,2.39,-2.22,34.47,30.96,0.02
1981-05-01,1981,5,Maize,Grains,($/mt),141.3,-2.89,-1.4,28.45,19.54,-1.02
1981-06-01,1981,6,Maize,Grains,($/mt),136.1,-3.68,-4.22,19.81,11.74,-1.05
1981-07-01,1981,7,Maize,Grains,($/mt),137.6,1.1,-5.43,6.75,13.44,-0.1
1981-08-01,1981,8,Maize,Grains,($/mt),127.1,-7.63,-10.05,-11.43,9.47,-1.81
1981-09-01,1981,9,Maize,Grains,($/mt),115.5,-9.13,-15.14,-17.97,0.43,-2.2
1981-10-01,1981,10,Maize,Grains,($/mt),112.7,-2.42,-18.1,-19.73,6.12,-0.2
1981-11-01,1981,11,Maize,Grains,($/mt),111.8,-0.8,-12.04,-23.74,13.27,0.21
1981-12-01,1981,12,Maize,Grains,($/mt),107.6,-3.76,-6.84,-23.96,3.96,-0.4
1982-01-01,1982,1,Maize,Grains,($/mt),115.4,7.25,2.4,-22.45,3.41,2.37
1982-02-01,1982,2,Maize,Grains,($/mt),112.6,-2.43,0.72,-21.42,1.81,-0.1
1982-03-01,1982,3,Maize,Grains,($/mt),114.2,1.42,6.13,-19.63,5.74,0.77
1982-04-01,1982,4,Maize,Grains,($/mt),117.8,3.15,2.08,-19.04,11.34,1.1
1982-05-01,1982,5,Maize,Grains,($/mt),118.1,0.25,4.88,-16.42,17.05,0.42
1982-06-01,1982,6,Maize,Grains,($/mt),115.0,-2.62,0.7,-15.5,21.69,-0.27
1982-07-01,1982,7,Maize,Grains,($/mt),115.0,0.0,-2.38,-16.42,35.29,0.29
1982-08-01,1982,8,Maize,Grains,($/mt),102.3,-11.04,-13.38,-19.51,33.03,-2.18
1982-09-01,1982,9,Maize,Grains,($/mt),100.9,-1.37,-12.26,-12.64,28.86,0.06
1982-10-01,1982,10,Maize,Grains,($/mt),91.7,-9.12,-20.26,-18.63,10.22,-1.86
1982-11-01,1982,11,Maize,Grains,($/mt),102.9,12.21,0.59,-7.96,10.17,2.79
1982-12-01,1982,12,Maize,Grains,($/mt),105.5,2.53,4.56,-1.95,9.9,0.48
1983-01-01,1983,1,Maize,Grains,($/mt),107.8,2.18,17.56,-6.59,12.53,0.34
1983-02-01,1983,2,Maize,Grains,($/mt),117.3,8.81,13.99,4.17,16.14,1.55
1983-03-01,1983,3,Maize,Grains,($/mt),125.2,6.73,18.67,9.63,18.0,0.96
1983-04-01,1983,4,Maize,Grains,($/mt),133.4,6.55,23.75,13.24,19.64,0.83
1983-05-01,1983,5,Maize,Grains,($/mt),133.9,0.37,14.15,13.38,18.81,-0.13
1983-06-01,1983,6,Maize,Grains,($/mt),135.0,0.82,7.83,17.39,26.64,-0.07
1983-07-01,1983,7,Maize,Grains,($/mt),140.6,4.15,5.4,22.26,44.5,0.38
1983-08-01,1983,8,Maize,Grains,($/mt),152.8,8.68,14.12,49.36,66.09,1.0
1983-09-01,1983,9,Maize,Grains,($/mt),147.8,-3.27,9.48,46.48,62.42,-1.2
1983-10-01,1983,10,Maize,Grains,($/mt),148.2,0.27,5.41,61.61,54.54,-0.53
1983-11-01,1983,11,Maize,Grains,($/mt),147.0,-0.81,-3.8,42.86,46.27,-1.11
1983-12-01,1983,12,Maize,Grains,($/mt),143.3,-2.52,-3.04,35.83,45.48,-1.43
1984-01-01,1984,1,Maize,Grains,($/mt),141.9,-0.98,-4.25,31.63,34.63,-0.86
1984-02-01,1984,2,Maize,Grains,($/mt),137.0,-3.45,-6.8,16.79,28.04,-1.34
1984-03-01,1984,3,Maize,Grains,($/mt),147.1,7.37,2.65,17.49,34.34,1.44
1984-04-01,1984,4,Maize,Grains,($/mt),148.0,0.61,4.3,10.94,32.74,-0.19
1984-05-01,1984,5,Maize,Grains,($/mt),146.1,-1.28,6.64,9.11,29.75,-0.57
1984-06-01,1984,6,Maize,Grains,($/mt),147.0,0.62,-0.07,8.89,22.09,-0.05
1984-07-01,1984,7,Maize,Grains,($/mt),142.6,-2.99,-3.65,1.42,9.27,-0.95
1984-08-01,1984,8,Maize,Grains,($/mt),138.8,-2.66,-5.0,-9.16,16.74,-0.72
1984-09-01,1984,9,Maize,Grains,($/mt),130.4,-6.05,-11.29,-11.77,10.51,-1.79
1984-10-01,1984,10,Maize,Grains,($/mt),121.2,-7.06,-15.01,-18.22,1.76,-1.85
1984-11-01,1984,11,Maize,Grains,($/mt),117.4,-3.14,-15.42,-20.14,-0.68,-0.42
1984-12-01,1984,12,Maize,Grains,($/mt),114.0,-2.9,-12.58,-20.45,-1.13,-0.3
1985-01-01,1985,1,Maize,Grains,($/mt),119.0,4.39,-1.82,-16.14,12.9,1.68
1985-02-01,1985,2,Maize,Grains,($/mt),119.8,0.67,2.04,-12.55,5.18,0.5
1985-03-01,1985,3,Maize,Grains,($/mt),120.2,0.33,5.44,-18.29,8.88,0.33
1985-04-01,1985,4,Maize,Grains,($/mt),120.1,-0.08,0.92,-18.85,11.0,0.48
1985-05-01,1985,5,Maize,Grains,($/mt),116.7,-2.83,-2.59,-20.12,6.09,-0.37
1985-06-01,1985,6,Maize,Grains,($/mt),116.0,-0.6,-3.49,-21.09,2.11,0.38
1985-07-01,1985,7,Maize,Grains,($/mt),114.9,-0.95,-4.33,-19.42,-10.86,0.31
1985-08-01,1985,8,Maize,Grains,($/mt),105.5,-8.18,-9.6,-23.99,-26.48,-2.09
1985-09-01,1985,9,Maize,Grains,($/mt),101.9,-3.41,-12.16,-21.86,-27.63,-0.34
1985-10-01,1985,10,Maize,Grains,($/mt),98.6,-3.24,-14.19,-18.65,-29.77,-0.37
1985-11-01,1985,11,Maize,Grains,($/mt),106.2,7.71,0.66,-9.54,-27.56,3.06
1985-12-01,1985,12,Maize,Grains,($/mt),107.9,1.6,5.89,-5.35,-23.75,0.58
1986-01-01,1986,1,Maize,Grains,($/mt),107.8,-0.09,9.33,-9.41,-27.55,0.07
1986-02-01,1986,2,Maize,Grains,($/mt),103.2,-4.27,-2.82,-13.86,-27.98,-0.94
1986-03-01,1986,3,Maize,Grains,($/mt),100.9,-2.23,-6.49,-16.06,-28.99,-0.28
1986-04-01,1986,4,Maize,Grains,($/mt),101.3,0.4,-6.03,-15.65,-30.38,0.47
1986-05-01,1986,5,Maize,Grains,($/mt),105.6,4.24,2.33,-9.51,-25.27,1.46
1986-06-01,1986,6,Maize,Grains,($/mt),103.5,-1.99,2.58,-10.78,-23.95,-0.3
1986-07-01,1986,7,Maize,Grains,($/mt),83.0,-19.81,-18.07,-27.76,-39.68,-4.58
1986-08-01,1986,8,Maize,Grains,($/mt),72.3,-12.89,-31.53,-31.47,-43.12,-1.52
1986-09-01,1986,9,Maize,Grains,($/mt),65.7,-9.13,-36.52,-35.53,-43.12,-0.86
1986-10-01,1986,10,Maize,Grains,($/mt),65.3,-0.61,-21.33,-33.77,-42.06,0.36
1986-11-01,1986,11,Maize,Grains,($/mt),72.4,10.87,0.14,-31.83,-35.24,1.84
1986-12-01,1986,12,Maize,Grains,($/mt),69.6,-3.87,5.94,-35.5,-35.32,-0.13
1987-01-01,1987,1,Maize,Grains,($/mt),67.9,-2.44,3.98,-37.01,-41.16,0.11
1987-02-01,1987,2,Maize,Grains,($/mt),66.1,-2.65,-8.7,-35.95,-41.3,0.1
1987-03-01,1987,3,Maize,Grains,($/mt),71.6,8.32,2.87,-29.04,-37.3,1.48
1987-04-01,1987,4,Maize,Grains,($/mt),74.9,4.61,10.31,-26.06,-36.42,0.83
1987-05-01,1987,5,Maize,Grains,($/mt),81.8,9.21,23.75,-22.54,-30.74,1.29
1987-06-01,1987,6,Maize,Grains,($/mt),80.7,-1.34,12.71,-22.03,-29.83,0.04
1987-07-01,1987,7,Maize,Grains,($/mt),76.4,-5.33,2.0,-7.95,-33.57,-0.4
1987-08-01,1987,8,Maize,Grains,($/mt),71.7,-6.15,-12.35,-0.83,-29.91,-0.77
1987-09-01,1987,9,Maize,Grains,($/mt),73.6,2.65,-8.8,12.02,-27.06,0.39
1987-10-01,1987,10,Maize,Grains,($/mt),78.9,7.2,3.27,20.83,-13.96,1.03
1987-11-01,1987,11,Maize,Grains,($/mt),81.7,3.55,13.95,12.85,-20.6,0.29
1987-12-01,1987,12,Maize,Grains,($/mt),83.2,1.84,13.04,19.54,-21.14,0.13
1988-01-01,1988,1,Maize,Grains,($/mt),85.9,3.25,8.87,26.51,-20.32,0.31
1988-02-01,1988,2,Maize,Grains,($/mt),88.0,2.44,7.71,33.13,-24.98,0.07
1988-03-01,1988,3,Maize,Grains,($/mt),90.2,2.5,8.41,25.98,-27.96,-0.0
1988-04-01,1988,4,Maize,Grains,($/mt),89.5,-0.78,4.19,19.49,-32.91,-0.63
1988-05-01,1988,5,Maize,Grains,($/mt),89.3,-0.22,1.48,9.17,-33.31,-0.4
1988-06-01,1988,6,Maize,Grains,($/mt),120.3,34.71,33.37,49.07,-10.89,8.93
1988-07-01,1988,7,Maize,Grains,($/mt),125.5,4.32,40.22,64.27,-10.74,0.05
1988-08-01,1988,8,Maize,Grains,($/mt),119.9,-4.46,34.27,67.22,-21.53,-0.91
1988-09-01,1988,9,Maize,Grains,($/mt),121.4,1.25,0.91,64.95,-17.86,-0.35
1988-10-01,1988,10,Maize,Grains,($/mt),121.4,0.0,-3.27,53.87,-18.08,-0.47
1988-11-01,1988,11,Maize,Grains,($/mt),114.4,-5.77,-4.59,40.02,-22.18,-0.98
1988-12-01,1988,12,Maize,Grains,($/mt),116.9,2.19,-3.71,40.5,-18.42,-0.1
1989-01-01,1989,1,Maize,Grains,($/mt),118.2,1.11,-2.64,37.6,-16.7,-0.21
1989-02-01,1989,2,Maize,Grains,($/mt),117.4,-0.68,2.62,33.41,-14.31,-0.37
1989-03-01,1989,3,Maize,Grains,($/mt),118.4,0.85,1.28,31.26,-19.51,-0.19
1989-04-01,1989,4,Maize,Grains,($/mt),115.7,-2.28,-2.12,29.27,-21.82,-0.48
1989-05-01,1989,5,Maize,Grains,($/mt),117.6,1.64,0.17,31.69,-19.51,-0.09
1989-06-01,1989,6,Maize,Grains,($/mt),113.0,-3.91,-4.56,-6.07,-23.13,-0.64
1989-07-01,1989,7,Maize,Grains,($/mt),108.7,-3.81,-6.05,-13.39,-23.77,-1.1
1989-08-01,1989,8,Maize,Grains,($/mt),100.9,-7.18,-14.2,-15.85,-27.31,-2.18
1989-09-01,1989,9,Maize,Grains,($/mt),103.4,2.48,-8.5,-14.83,-20.71,1.23
1989-10-01,1989,10,Maize,Grains,($/mt),107.3,3.77,-1.29,-11.61,-11.47,1.55
1989-11-01,1989,11,Maize,Grains,($/mt),108.5,1.12,7.53,-5.16,-7.58,0.59
1989-12-01,1989,12,Maize,Grains,($/mt),109.2,0.65,5.61,-6.59,-4.21,0.32
1990-01-01,1990,1,Maize,Grains,($/mt),105.6,-3.3,-1.58,-10.66,-11.26,-0.88
1990-02-01,1990,2,Maize,Grains,($/mt),106.1,0.47,-2.21,-9.63,-11.44,0.42
1990-03-01,1990,3,Maize,Grains,($/mt),109.7,3.39,0.46,-7.35,-8.74,1.29
1990-04-01,1990,4,Maize,Grains,($/mt),118.8,8.3,12.5,2.68,-1.08,2.58
1990-05-01,1990,5,Maize,Grains,($/mt),121.0,1.85,14.04,2.89,3.68,0.37
1990-06-01,1990,6,Maize,Grains,($/mt),120.9,-0.08,10.21,6.99,4.22,-0.1
1990-07-01,1990,7,Maize,Grains,($/mt),114.9,-4.96,-3.28,5.7,0.0,-1.39
1990-08-01,1990,8,Maize,Grains,($/mt),110.1,-4.18,-9.01,9.12,4.36,-1.14
1990-09-01,1990,9,Maize,Grains,($/mt),101.5,-7.81,-16.05,-1.84,-0.39,-2.32
1990-10-01,1990,10,Maize,Grains,($/mt),100.3,-1.18,-12.71,-6.52,1.72,-0.25
1990-11-01,1990,11,Maize,Grains,($/mt),100.4,0.1,-8.81,-7.47,-5.46,0.14
1990-12-01,1990,12,Maize,Grains,($/mt),102.0,1.59,0.49,-6.59,-5.47,0.51
1991-01-01,1991,1,Maize,Grains,($/mt),105.7,3.63,5.38,0.09,-1.95,0.97
1991-02-01,1991,2,Maize,Grains,($/mt),106.1,0.38,5.68,0.0,2.81,0.07
1991-03-01,1991,3,Maize,Grains,($/mt),109.5,3.2,7.35,-0.18,8.52,0.72
1991-04-01,1991,4,Maize,Grains,($/mt),110.3,0.73,4.35,-7.15,8.88,0.15
1991-05-01,1991,5,Maize,Grains,($/mt),105.7,-4.17,-0.38,-12.64,0.09,-1.05
1991-06-01,1991,6,Maize,Grains,($/mt),104.2,-1.42,-4.84,-13.81,0.68,-0.1
1991-07-01,1991,7,Maize,Grains,($/mt),105.1,0.86,-4.71,-8.53,26.63,0.58
1991-08-01,1991,8,Maize,Grains,($/mt),110.4,5.04,4.45,0.27,52.7,1.73
1991-09-01,1991,9,Maize,Grains,($/mt),108.9,-1.36,4.51,7.29,65.75,-0.41
1991-10-01,1991,10,Maize,Grains,($/mt),109.7,0.73,4.38,9.37,67.99,0.05
1991-11-01,1991,11,Maize,Grains,($/mt),106.5,-2.92,-3.53,6.08,47.1,-1.49
1991-12-01,1991,12,Maize,Grains,($/mt),106.9,0.38,-1.84,4.8,53.59,-0.06
1992-01-01,1992,1,Maize,Grains,($/mt),109.3,2.25,-0.36,3.41,60.97,0.68
1992-02-01,1992,2,Maize,Grains,($/mt),113.6,3.93,6.67,7.07,71.86,1.42
1992-03-01,1992,3,Maize,Grains,($/mt),117.0,2.99,9.45,6.85,63.41,0.87
1992-04-01,1992,4,Maize,Grains,($/mt),108.5,-7.26,-0.73,-1.63,44.86,-2.87
1992-05-01,1992,5,Maize,Grains,($/mt),109.6,1.01,-3.52,3.69,33.99,0.31
1992-06-01,1992,6,Maize,Grains,($/mt),110.9,1.19,-5.21,6.43,37.42,0.25
1992-07-01,1992,7,Maize,Grains,($/mt),102.8,-7.3,-5.25,-2.19,34.55,-2.4
1992-08-01,1992,8,Maize,Grains,($/mt),97.0,-5.64,-11.5,-12.14,35.29,-1.39
1992-09-01,1992,9,Maize,Grains,($/mt),98.1,1.13,-11.54,-9.92,33.29,0.54
1992-10-01,1992,10,Maize,Grains,($/mt),95.1,-3.06,-7.49,-13.31,20.53,-0.57
1992-11-01,1992,11,Maize,Grains,($/mt),94.5,-0.63,-2.58,-11.27,15.67,0.12
1992-12-01,1992,12,Maize,Grains,($/mt),94.6,0.11,-3.57,-11.51,13.7,0.26
1993-01-01,1993,1,Maize,Grains,($/mt),94.2,-0.42,-0.95,-13.82,9.66,0.13
1993-02-01,1993,2,Maize,Grains,($/mt),94.4,0.21,-0.11,-16.9,7.27,0.36
1993-03-01,1993,3,Maize,Grains,($/mt),97.1,2.86,2.64,-17.01,7.65,1.24
1993-04-01,1993,4,Maize,Grains,($/mt),100.6,3.6,6.79,-7.28,12.4,1.46
1993-05-01,1993,5,Maize,Grains,($/mt),98.6,-1.99,4.45,-10.04,10.41,-0.43
1993-06-01,1993,6,Maize,Grains,($/mt),92.8,-5.88,-4.43,-16.32,-22.86,-1.56
1993-07-01,1993,7,Maize,Grains,($/mt),101.3,9.16,0.7,-1.46,-19.28,3.05
1993-08-01,1993,8,Maize,Grains,($/mt),100.3,-0.99,1.72,3.4,-16.35,-0.23
1993-09-01,1993,9,Maize,Grains,($/mt),100.9,0.6,8.73,2.85,-16.89,0.07
1993-10-01,1993,10,Maize,Grains,($/mt),106.5,5.55,5.13,11.99,-12.27,1.4
1993-11-01,1993,11,Maize,Grains,($/mt),116.7,9.58,16.35,23.49,2.01,2.22
1993-12-01,1993,12,Maize,Grains,($/mt),121.8,4.37,20.71,28.75,4.19,0.55
1994-01-01,1994,1,Maize,Grains,($/mt),127.2,4.43,19.44,35.03,7.61,0.49
1994-02-01,1994,2,Maize,Grains,($/mt),123.2,-3.14,5.57,30.51,4.94,-1.28
1994-03-01,1994,3,Maize,Grains,($/mt),119.4,-3.08,-1.97,22.97,0.84,-1.14
1994-04-01,1994,4,Maize,Grains,($/mt),113.2,-5.19,-11.01,12.52,-2.16,-1.41
1994-05-01,1994,5,Maize,Grains,($/mt),109.6,-3.18,-11.04,11.16,-6.8,-0.8
1994-06-01,1994,6,Maize,Grains,($/mt),112.2,2.37,-6.03,20.91,-0.71,0.25
1994-07-01,1994,7,Maize,Grains,($/mt),97.8,-12.83,-13.6,-3.46,-10.03,-2.91
1994-08-01,1994,8,Maize,Grains,($/mt),96.0,-1.84,-12.41,-4.29,-4.86,-0.29
1994-09-01,1994,9,Maize,Grains,($/mt),97.5,1.56,-13.1,-3.37,-5.71,0.3
1994-10-01,1994,10,Maize,Grains,($/mt),96.5,-1.03,-1.33,-9.39,-10.07,-0.15
1994-11-01,1994,11,Maize,Grains,($/mt),95.5,-1.04,-0.52,-18.17,-11.98,-0.06
1994-12-01,1994,12,Maize,Grains,($/mt),102.5,7.33,5.13,-15.85,-6.14,1.88
1995-01-01,1995,1,Maize,Grains,($/mt),107.0,4.39,10.88,-15.88,1.33,1.11
1995-02-01,1995,2,Maize,Grains,($/mt),106.7,-0.28,11.73,-13.39,0.57,0.2
1995-03-01,1995,3,Maize,Grains,($/mt),109.7,2.81,7.02,-8.12,0.0,0.76
1995-04-01,1995,4,Maize,Grains,($/mt),109.3,-0.36,2.15,-3.45,-8.0,0.04
1995-05-01,1995,5,Maize,Grains,($/mt),112.0,2.47,4.97,2.19,-7.44,0.53
1995-06-01,1995,6,Maize,Grains,($/mt),119.9,7.05,9.3,6.86,-0.83,1.38
1995-07-01,1995,7,Maize,Grains,($/mt),127.0,5.92,16.19,29.86,10.53,1.0
1995-08-01,1995,8,Maize,Grains,($/mt),126.4,-0.47,12.86,31.67,14.8,-0.83
1995-09-01,1995,9,Maize,Grains,($/mt),130.5,3.24,8.84,33.85,28.57,0.28
1995-10-01,1995,10,Maize,Grains,($/mt),140.9,7.97,10.94,46.01,40.48,1.73
1995-11-01,1995,11,Maize,Grains,($/mt),144.0,2.2,13.92,50.79,43.43,-0.32
1995-12-01,1995,12,Maize,Grains,($/mt),148.7,3.26,13.95,45.07,45.78,-0.08
1996-01-01,1996,1,Maize,Grains,($/mt),156.1,4.98,10.79,45.89,47.68,0.64
1996-02-01,1996,2,Maize,Grains,($/mt),164.8,5.57,14.44,54.45,55.33,0.83
1996-03-01,1996,3,Maize,Grains,($/mt),184.9,12.2,24.34,68.55,68.86,3.17
1996-04-01,1996,4,Maize,Grains,($/mt),190.4,2.97,21.97,74.2,72.62,-0.43
1996-05-01,1996,5,Maize,Grains,($/mt),204.0,7.14,23.79,82.14,93.0,0.72
1996-06-01,1996,6,Maize,Grains,($/mt),197.6,-3.14,6.87,64.8,89.64,-2.53
1996-07-01,1996,7,Maize,Grains,($/mt),197.8,0.1,3.89,55.75,88.2,-1.06
1996-08-01,1996,8,Maize,Grains,($/mt),185.5,-6.22,-9.07,46.76,68.03,-2.44
1996-09-01,1996,9,Maize,Grains,($/mt),145.4,-21.62,-26.42,11.42,33.52,-5.07
1996-10-01,1996,10,Maize,Grains,($/mt),127.9,-12.04,-35.34,-9.23,16.59,-1.52
1996-11-01,1996,11,Maize,Grains,($/mt),117.7,-7.97,-36.55,-18.26,10.52,-0.82
1996-12-01,1996,12,Maize,Grains,($/mt),117.7,0.0,-19.05,-20.85,10.1,0.13
1997-01-01,1997,1,Maize,Grains,($/mt),118.4,0.59,-7.43,-24.15,8.33,0.22
1997-02-01,1997,2,Maize,Grains,($/mt),121.7,2.79,3.4,-26.15,7.13,0.51
1997-03-01,1997,3,Maize,Grains,($/mt),127.6,4.85,8.41,-30.99,9.06,0.77
1997-04-01,1997,4,Maize,Grains,($/mt),124.4,-2.51,5.07,-34.66,14.65,0.03
1997-05-01,1997,5,Maize,Grains,($/mt),118.8,-4.5,-2.38,-41.76,8.39,-0.17
1997-06-01,1997,6,Maize,Grains,($/mt),112.1,-5.64,-12.15,-43.27,1.08,-0.21
1997-07-01,1997,7,Maize,Grains,($/mt),106.1,-5.35,-14.71,-46.36,3.21,-0.14
1997-08-01,1997,8,Maize,Grains,($/mt),112.9,6.41,-4.97,-39.14,16.39,1.58
1997-09-01,1997,9,Maize,Grains,($/mt),112.2,-0.62,0.09,-22.83,14.37,0.4
1997-10-01,1997,10,Maize,Grains,($/mt),120.4,7.31,13.48,-5.86,26.6,1.72
1997-11-01,1997,11,Maize,Grains,($/mt),117.2,-2.66,3.81,-0.42,24.02,-0.45
1997-12-01,1997,12,Maize,Grains,($/mt),113.5,-3.16,1.16,-3.57,19.98,-0.72
1998-01-01,1998,1,Maize,Grains,($/mt),114.7,1.06,-4.73,-3.12,21.76,0.28
1998-02-01,1998,2,Maize,Grains,($/mt),113.4,-1.13,-3.24,-6.82,20.13,-0.21
1998-03-01,1998,3,Maize,Grains,($/mt),114.2,0.71,0.62,-10.5,17.61,0.27
1998-04-01,1998,4,Maize,Grains,($/mt),107.1,-6.22,-6.63,-13.91,6.46,-1.28
1998-05-01,1998,5,Maize,Grains,($/mt),106.1,-0.93,-6.44,-10.69,7.61,0.05
1998-06-01,1998,6,Maize,Grains,($/mt),104.2,-1.79,-8.76,-7.05,12.28,-0.22
1998-07-01,1998,7,Maize,Grains,($/mt),100.5,-3.55,-6.16,-5.28,-0.79,-0.74
1998-08-01,1998,8,Maize,Grains,($/mt),87.9,-12.54,-17.15,-22.14,-12.36,-3.11
1998-09-01,1998,9,Maize,Grains,($/mt),86.3,-1.82,-17.18,-23.08,-14.47,0.03
1998-10-01,1998,10,Maize,Grains,($/mt),95.5,10.66,-4.98,-20.68,-10.33,2.73
1998-11-01,1998,11,Maize,Grains,($/mt),98.1,2.72,11.6,-16.3,-15.94,0.85
1998-12-01,1998,12,Maize,Grains,($/mt),95.8,-2.34,11.01,-15.59,-21.35,-0.19
1999-01-01,1999,1,Maize,Grains,($/mt),97.4,1.67,1.99,-15.08,-23.43,0.54
1999-02-01,1999,2,Maize,Grains,($/mt),94.2,-3.29,-3.98,-16.93,-23.54,-0.38
1999-03-01,1999,3,Maize,Grains,($/mt),96.2,2.12,0.42,-15.76,-19.43,0.64
1999-04-01,1999,4,Maize,Grains,($/mt),94.1,-2.18,-3.39,-12.14,-16.87,-0.16
1999-05-01,1999,5,Maize,Grains,($/mt),92.5,-1.7,-1.8,-12.82,-15.6,-0.14
1999-06-01,1999,6,Maize,Grains,($/mt),93.7,1.3,-2.6,-10.08,-16.49,0.43
1999-07-01,1999,7,Maize,Grains,($/mt),84.0,-10.35,-10.73,-16.42,-14.11,-1.78
1999-08-01,1999,8,Maize,Grains,($/mt),85.7,2.02,-7.35,-2.5,-10.73,0.55
1999-09-01,1999,9,Maize,Grains,($/mt),86.5,0.93,-7.68,0.23,-11.28,0.21
1999-10-01,1999,10,Maize,Grains,($/mt),85.8,-0.81,2.14,-10.16,-11.09,-0.19
1999-11-01,1999,11,Maize,Grains,($/mt),85.4,-0.47,-0.35,-12.95,-10.58,0.1
1999-12-01,1999,12,Maize,Grains,($/mt),87.2,2.11,0.81,-8.98,-14.93,0.92
2000-01-01,2000,1,Maize,Grains,($/mt),93.3,7.0,8.74,-4.21,-12.8,2.17
2000-02-01,2000,2,Maize,Grains,($/mt),95.2,2.04,11.48,1.06,-10.78,0.56
2000-03-01,2000,3,Maize,Grains,($/mt),95.1,-0.11,9.06,-1.14,-13.31,-0.07
2000-04-01,2000,4,Maize,Grains,($/mt),95.2,0.11,2.04,1.17,-12.9,0.03
2000-05-01,2000,5,Maize,Grains,($/mt),96.4,1.26,1.26,4.22,-13.93,0.27
2000-06-01,2000,6,Maize,Grains,($/mt),84.3,-12.55,-11.36,-10.03,-29.69,-3.28
2000-07-01,2000,7,Maize,Grains,($/mt),75.3,-10.68,-20.9,-10.36,-40.71,-1.83
2000-08-01,2000,8,Maize,Grains,($/mt),75.6,0.4,-21.58,-11.79,-40.19,0.21
2000-09-01,2000,9,Maize,Grains,($/mt),80.4,6.35,-4.63,-7.05,-38.39,1.34
2000-10-01,2000,10,Maize,Grains,($/mt),85.0,5.72,12.88,-0.93,-39.67,1.06
2000-11-01,2000,11,Maize,Grains,($/mt),89.2,4.94,17.99,4.45,-38.06,0.8
2000-12-01,2000,12,Maize,Grains,($/mt),97.6,9.42,21.39,11.93,-34.36,1.43
2001-01-01,2001,1,Maize,Grains,($/mt),95.2,-2.46,12.0,2.04,-39.01,-0.54
2001-02-01,2001,2,Maize,Grains,($/mt),92.0,-3.36,3.14,-3.36,-44.17,-0.57
2001-03-01,2001,3,Maize,Grains,($/mt),90.3,-1.85,-7.48,-5.05,-51.16,-0.27
2001-04-01,2001,4,Maize,Grains,($/mt),88.0,-2.55,-7.56,-7.56,-53.78,-0.35
2001-05-01,2001,5,Maize,Grains,($/mt),84.1,-4.43,-8.59,-12.76,-58.77,-0.6
2001-06-01,2001,6,Maize,Grains,($/mt),83.3,-0.95,-7.75,-1.19,-57.84,-0.0
2001-07-01,2001,7,Maize,Grains,($/mt),91.7,10.08,4.2,21.78,-53.64,1.78
2001-08-01,2001,8,Maize,Grains,($/mt),93.1,1.53,10.7,23.15,-49.81,-0.05
2001-09-01,2001,9,Maize,Grains,($/mt),90.1,-3.22,8.16,12.06,-38.03,-0.98
2001-10-01,2001,10,Maize,Grains,($/mt),86.6,-3.88,-5.56,1.88,-32.29,-0.96
2001-11-01,2001,11,Maize,Grains,($/mt),89.5,3.35,-3.87,0.34,-23.96,0.6
2001-12-01,2001,12,Maize,Grains,($/mt),91.9,2.68,2.0,-5.84,-21.92,0.51
2002-01-01,2002,1,Maize,Grains,($/mt),92.0,0.11,6.24,-3.36,-22.3,0.13
2002-02-01,2002,2,Maize,Grains,($/mt),90.8,-1.3,1.45,-1.3,-25.39,-0.26
2002-03-01,2002,3,Maize,Grains,($/mt),89.6,-1.32,-2.5,-0.78,-29.78,-0.32
2002-04-01,2002,4,Maize,Grains,($/mt),87.1,-2.79,-5.33,-1.02,-29.98,-0.69
2002-05-01,2002,5,Maize,Grains,($/mt),90.3,3.67,-0.55,7.37,-23.99,0.91
2002-06-01,2002,6,Maize,Grains,($/mt),94.1,4.21,5.02,12.97,-16.06,0.91
2002-07-01,2002,7,Maize,Grains,($/mt),98.7,4.89,13.32,7.63,-6.97,0.95
2002-08-01,2002,8,Maize,Grains,($/mt),108.9,10.33,20.6,16.97,-3.54,3.1
2002-09-01,2002,9,Maize,Grains,($/mt),114.1,4.78,21.25,26.64,1.69,0.81
2002-10-01,2002,10,Maize,Grains,($/mt),109.7,-3.86,11.14,26.67,-8.89,-1.47
2002-11-01,2002,11,Maize,Grains,($/mt),108.9,-0.73,0.0,21.68,-7.08,-0.69
2002-12-01,2002,12,Maize,Grains,($/mt),107.0,-1.74,-6.22,16.43,-5.73,-0.85
2003-01-01,2003,1,Maize,Grains,($/mt),106.1,-0.84,-3.28,15.33,-7.5,-0.52
2003-02-01,2003,2,Maize,Grains,($/mt),105.9,-0.19,-2.75,16.63,-6.61,-0.35
2003-03-01,2003,3,Maize,Grains,($/mt),105.6,-0.28,-1.31,17.86,-7.53,-0.4
2003-04-01,2003,4,Maize,Grains,($/mt),105.5,-0.09,-0.57,21.13,-1.49,-0.38
2003-05-01,2003,5,Maize,Grains,($/mt),107.5,1.9,1.51,19.05,1.32,0.06
2003-06-01,2003,6,Maize,Grains,($/mt),107.3,-0.19,1.61,14.03,2.98,-0.44
2003-07-01,2003,7,Maize,Grains,($/mt),96.8,-9.79,-8.25,-1.93,-3.68,-2.87
2003-08-01,2003,8,Maize,Grains,($/mt),100.7,4.03,-6.33,-7.53,14.56,0.86
2003-09-01,2003,9,Maize,Grains,($/mt),104.1,3.38,-2.98,-8.76,20.63,1.06
2003-10-01,2003,10,Maize,Grains,($/mt),105.4,1.25,8.88,-3.92,10.37,0.55
2003-11-01,2003,11,Maize,Grains,($/mt),108.5,2.94,7.75,-0.37,10.6,0.93
2003-12-01,2003,12,Maize,Grains,($/mt),111.2,2.49,6.82,3.93,16.08,0.69
2004-01-01,2004,1,Maize,Grains,($/mt),115.5,3.87,9.58,8.86,18.58,0.97
2004-02-01,2004,2,Maize,Grains,($/mt),123.5,6.93,13.82,16.62,31.1,1.66
2004-03-01,2004,3,Maize,Grains,($/mt),127.8,3.48,14.93,21.02,32.85,0.52
2004-04-01,2004,4,Maize,Grains,($/mt),133.5,4.46,15.58,26.54,41.87,0.68
2004-05-01,2004,5,Maize,Grains,($/mt),128.2,-3.97,3.81,19.26,38.59,-1.46
2004-06-01,2004,6,Maize,Grains,($/mt),123.3,-3.82,-3.52,14.91,31.59,-1.2
2004-07-01,2004,7,Maize,Grains,($/mt),104.8,-15.0,-21.5,8.26,24.76,-3.44
2004-08-01,2004,8,Maize,Grains,($/mt),104.1,-0.67,-18.8,3.38,21.47,-0.25
2004-09-01,2004,9,Maize,Grains,($/mt),97.9,-5.96,-20.6,-5.96,13.18,-1.09
2004-10-01,2004,10,Maize,Grains,($/mt),93.8,-4.19,-10.5,-11.01,9.32,-0.64
2004-11-01,2004,11,Maize,Grains,($/mt),93.7,-0.11,-9.99,-13.64,9.72,0.11
2004-12-01,2004,12,Maize,Grains,($/mt),95.4,1.81,-2.55,-14.21,9.4,0.48
2005-01-01,2005,1,Maize,Grains,($/mt),96.3,0.94,2.67,-16.62,3.22,0.34
2005-02-01,2005,2,Maize,Grains,($/mt),94.1,-2.28,0.43,-23.81,-1.16,-0.16
2005-03-01,2005,3,Maize,Grains,($/mt),99.9,6.16,4.72,-21.83,5.05,1.59
2005-04-01,2005,4,Maize,Grains,($/mt),96.3,-3.6,0.0,-27.87,1.16,-0.31
2005-05-01,2005,5,Maize,Grains,($/mt),95.4,-0.93,1.38,-25.59,-1.04,0.32
2005-06-01,2005,6,Maize,Grains,($/mt),97.1,1.78,-2.8,-21.25,15.18,0.79
2005-07-01,2005,7,Maize,Grains,($/mt),107.5,10.71,11.63,2.58,42.76,2.39
2005-08-01,2005,8,Maize,Grains,($/mt),101.7,-5.4,6.6,-2.31,34.52,-1.24
2005-09-01,2005,9,Maize,Grains,($/mt),96.4,-5.21,-0.72,-1.53,19.9,-1.05
2005-10-01,2005,10,Maize,Grains,($/mt),101.9,5.71,-5.21,8.64,19.88,1.2
2005-11-01,2005,11,Maize,Grains,($/mt),95.4,-6.38,-6.19,1.81,6.95,-1.48
2005-12-01,2005,12,Maize,Grains,($/mt),102.1,7.02,5.91,7.02,4.61,1.28
2006-01-01,2006,1,Maize,Grains,($/mt),102.7,0.59,0.79,6.65,7.88,-0.02
2006-02-01,2006,2,Maize,Grains,($/mt),107.1,4.28,12.26,13.82,16.41,0.64
2006-03-01,2006,3,Maize,Grains,($/mt),105.3,-1.68,3.13,5.41,16.61,-0.52
2006-04-01,2006,4,Maize,Grains,($/mt),107.7,2.28,4.87,11.84,22.39,0.31
2006-05-01,2006,5,Maize,Grains,($/mt),110.6,2.69,3.27,15.93,31.51,0.31
2006-06-01,2006,6,Maize,Grains,($/mt),109.4,-1.08,3.89,12.67,31.33,-0.46
2006-07-01,2006,7,Maize,Grains,($/mt),114.0,4.2,5.85,6.05,24.32,0.58
2006-08-01,2006,8,Maize,Grains,($/mt),116.6,2.28,5.42,14.65,25.24,0.37
2006-09-01,2006,9,Maize,Grains,($/mt),121.7,4.37,11.24,26.24,35.07,0.76
2006-10-01,2006,10,Maize,Grains,($/mt),142.2,16.84,24.74,39.55,64.2,4.01
2006-11-01,2006,11,Maize,Grains,($/mt),164.5,15.68,41.08,72.43,83.8,2.27
2006-12-01,2006,12,Maize,Grains,($/mt),160.4,-2.49,31.8,57.1,74.54,-1.24
2007-01-01,2007,1,Maize,Grains,($/mt),164.8,2.74,15.89,60.47,79.13,-0.2
2007-02-01,2007,2,Maize,Grains,($/mt),177.3,7.58,7.78,65.55,95.26,0.56
2007-03-01,2007,3,Maize,Grains,($/mt),170.5,-3.84,6.3,61.92,90.29,-1.34
2007-04-01,2007,4,Maize,Grains,($/mt),152.7,-10.44,-7.34,41.78,75.32,-2.29
2007-05-01,2007,5,Maize,Grains,($/mt),160.2,4.91,-9.64,44.85,77.41,0.22
2007-06-01,2007,6,Maize,Grains,($/mt),165.2,3.12,-3.11,51.01,75.56,-0.04
2007-07-01,2007,7,Maize,Grains,($/mt),146.8,-11.14,-3.86,28.77,48.73,-1.96
2007-08-01,2007,8,Maize,Grains,($/mt),151.2,3.0,-5.62,29.67,38.84,0.06
2007-09-01,2007,9,Maize,Grains,($/mt),159.4,5.42,-3.51,30.98,39.7,0.33
2007-10-01,2007,10,Maize,Grains,($/mt),164.2,3.01,11.85,15.47,49.68,0.05
2007-11-01,2007,11,Maize,Grains,($/mt),171.3,4.32,13.29,4.13,57.3,0.38
2007-12-01,2007,12,Maize,Grains,($/mt),180.3,5.25,13.11,12.41,68.5,0.77
2008-01-01,2008,1,Maize,Grains,($/mt),206.7,14.64,25.88,25.42,94.82,2.17
2008-02-01,2008,2,Maize,Grains,($/mt),220.1,6.48,28.49,24.14,107.84,0.59
2008-03-01,2008,3,Maize,Grains,($/mt),234.4,6.5,30.01,37.48,121.97,0.61
2008-04-01,2008,4,Maize,Grains,($/mt),246.4,5.12,19.21,61.36,133.55,0.31
2008-05-01,2008,5,Maize,Grains,($/mt),243.5,-1.18,10.63,52.0,126.51,-0.94
2008-06-01,2008,6,Maize,Grains,($/mt),287.1,17.91,22.48,73.79,167.57,2.39
2008-07-01,2008,7,Maize,Grains,($/mt),265.3,-7.59,7.67,80.72,174.07,-1.74
2008-08-01,2008,8,Maize,Grains,($/mt),235.0,-11.42,-3.49,55.42,133.37,-2.55
2008-09-01,2008,9,Maize,Grains,($/mt),233.8,-0.51,-18.56,46.68,124.59,-0.56
2008-10-01,2008,10,Maize,Grains,($/mt),183.1,-21.69,-30.98,11.51,73.72,-3.08
2008-11-01,2008,11,Maize,Grains,($/mt),163.8,-10.54,-30.3,-4.38,50.97,-1.1
2008-12-01,2008,12,Maize,Grains,($/mt),158.3,-3.36,-32.29,-12.2,42.36,-0.31
2009-01-01,2009,1,Maize,Grains,($/mt),172.8,9.16,-5.63,-16.4,49.61,0.85
2009-02-01,2009,2,Maize,Grains,($/mt),163.4,-5.44,-0.24,-25.76,32.31,-0.42
2009-03-01,2009,3,Maize,Grains,($/mt),164.6,0.73,3.98,-29.78,28.79,0.25
2009-04-01,2009,4,Maize,Grains,($/mt),168.5,2.37,-2.49,-31.62,26.22,0.46
2009-05-01,2009,5,Maize,Grains,($/mt),179.9,6.77,10.1,-26.12,40.33,0.92
2009-06-01,2009,6,Maize,Grains,($/mt),179.5,-0.22,9.05,-37.48,45.58,0.17
2009-07-01,2009,7,Maize,Grains,($/mt),151.6,-15.54,-10.03,-42.86,44.66,-1.41
2009-08-01,2009,8,Maize,Grains,($/mt),152.0,0.26,-15.51,-35.32,46.01,0.48
2009-09-01,2009,9,Maize,Grains,($/mt),150.4,-1.05,-16.21,-35.67,53.63,0.24
2009-10-01,2009,10,Maize,Grains,($/mt),167.3,11.24,10.36,-8.63,78.36,1.62
2009-11-01,2009,11,Maize,Grains,($/mt),171.6,2.57,12.89,4.76,83.14,0.39
2009-12-01,2009,12,Maize,Grains,($/mt),164.6,-4.08,9.44,3.98,72.54,-0.67
2010-01-01,2010,1,Maize,Grains,($/mt),167.3,1.64,0.0,-3.18,73.73,0.15
2010-02-01,2010,2,Maize,Grains,($/mt),161.8,-3.29,-5.71,-0.98,71.94,-0.49
2010-03-01,2010,3,Maize,Grains,($/mt),159.0,-1.73,-3.4,-3.4,59.16,-0.29
2010-04-01,2010,4,Maize,Grains,($/mt),157.1,-1.19,-6.1,-6.77,63.14,-0.17
2010-05-01,2010,5,Maize,Grains,($/mt),163.4,4.01,0.99,-9.17,71.28,0.68
2010-06-01,2010,6,Maize,Grains,($/mt),152.7,-6.55,-3.96,-14.93,57.26,-0.96
2010-07-01,2010,7,Maize,Grains,($/mt),163.8,7.27,4.26,8.05,52.37,1.31
2010-08-01,2010,8,Maize,Grains,($/mt),175.6,7.2,7.47,15.53,72.66,1.29
2010-09-01,2010,9,Maize,Grains,($/mt),205.9,17.26,34.84,36.9,113.59,2.99
2010-10-01,2010,10,Maize,Grains,($/mt),235.8,14.52,43.96,40.94,131.4,1.68
2010-11-01,2010,11,Maize,Grains,($/mt),238.2,1.02,35.65,38.81,149.69,-0.29
2010-12-01,2010,12,Maize,Grains,($/mt),250.4,5.12,21.61,52.13,145.25,0.29
2011-01-01,2011,1,Maize,Grains,($/mt),264.9,5.79,12.34,58.34,157.94,0.29
2011-02-01,2011,2,Maize,Grains,($/mt),292.9,10.57,22.96,81.03,173.48,0.92
2011-03-01,2011,3,Maize,Grains,($/mt),290.5,-0.82,16.01,82.7,175.88,-0.89
2011-04-01,2011,4,Maize,Grains,($/mt),319.3,9.91,20.54,103.25,196.47,0.67
2011-05-01,2011,5,Maize,Grains,($/mt),307.9,-3.57,5.12,88.43,178.39,-1.5
2011-06-01,2011,6,Maize,Grains,($/mt),310.6,0.88,6.92,103.41,183.91,-0.67
2011-07-01,2011,7,Maize,Grains,($/mt),300.8,-3.16,-5.79,83.64,163.86,-1.51
2011-08-01,2011,8,Maize,Grains,($/mt),310.2,3.12,0.75,76.65,166.04,-0.33
2011-09-01,2011,9,Maize,Grains,($/mt),295.3,-4.8,-4.93,43.42,142.65,-1.45
2011-10-01,2011,10,Maize,Grains,($/mt),274.8,-6.94,-8.64,16.54,93.25,-1.65
2011-11-01,2011,11,Maize,Grains,($/mt),274.4,-0.15,-11.54,15.2,66.81,-0.28
2011-12-01,2011,12,Maize,Grains,($/mt),258.6,-5.76,-12.43,3.27,61.22,-1.25
2012-01-01,2012,1,Maize,Grains,($/mt),272.8,5.49,-0.73,2.98,65.53,0.86
2012-02-01,2012,2,Maize,Grains,($/mt),279.5,2.46,1.86,-4.57,57.64,0.35
2012-03-01,2012,3,Maize,Grains,($/mt),280.7,0.43,8.55,-3.37,64.63,0.14
2012-04-01,2012,4,Maize,Grains,($/mt),274.0,-2.39,0.44,-14.19,79.44,-0.45
2012-05-01,2012,5,Maize,Grains,($/mt),269.3,-1.72,-3.65,-12.54,68.1,-0.13
2012-06-01,2012,6,Maize,Grains,($/mt),267.3,-0.74,-4.77,-13.94,61.8,0.08
2012-07-01,2012,7,Maize,Grains,($/mt),333.1,24.62,21.57,10.74,126.91,6.92
2012-08-01,2012,8,Maize,Grains,($/mt),332.0,-0.33,23.28,7.03,119.58,-0.18
2012-09-01,2012,9,Maize,Grains,($/mt),320.8,-3.37,20.01,8.64,101.25,-0.51
2012-10-01,2012,10,Maize,Grains,($/mt),321.2,0.12,-3.57,16.89,95.62,-0.1
2012-11-01,2012,11,Maize,Grains,($/mt),321.6,0.12,-3.13,17.2,87.74,-0.18
2012-12-01,2012,12,Maize,Grains,($/mt),308.6,-4.04,-3.8,19.33,71.16,-0.72
2013-01-01,2013,1,Maize,Grains,($/mt),303.1,-1.78,-5.64,11.11,46.64,-0.46
2013-02-01,2013,2,Maize,Grains,($/mt),302.7,-0.13,-5.88,8.3,37.53,-0.16
2013-03-01,2013,3,Maize,Grains,($/mt),309.0,2.08,0.13,10.08,31.83,0.16
2013-04-01,2013,4,Maize,Grains,($/mt),279.9,-9.42,-7.65,2.15,13.6,-1.37
2013-05-01,2013,5,Maize,Grains,($/mt),295.5,5.57,-2.38,9.73,21.36,0.63
2013-06-01,2013,6,Maize,Grains,($/mt),298.4,0.98,-3.43,11.63,3.94,-0.01
2013-07-01,2013,7,Maize,Grains,($/mt),279.5,-6.33,-0.14,-16.09,5.35,-0.92
2013-08-01,2013,8,Maize,Grains,($/mt),238.7,-14.6,-19.22,-28.1,1.57,-3.33
2013-09-01,2013,9,Maize,Grains,($/mt),207.4,-13.11,-30.5,-35.35,-11.29,-1.93
2013-10-01,2013,10,Maize,Grains,($/mt),201.7,-2.75,-27.84,-37.2,10.16,0.1
2013-11-01,2013,11,Maize,Grains,($/mt),199.1,-1.29,-16.59,-38.09,21.55,0.38
2013-12-01,2013,12,Maize,Grains,($/mt),197.4,-0.85,-4.82,-36.03,24.7,0.47
2014-01-01,2014,1,Maize,Grains,($/mt),198.1,0.35,-1.78,-34.64,14.64,0.62
2014-02-01,2014,2,Maize,Grains,($/mt),209.3,5.65,5.12,-30.86,28.09,1.43
2014-03-01,2014,3,Maize,Grains,($/mt),222.3,6.21,12.61,-28.06,35.05,1.34
2014-04-01,2014,4,Maize,Grains,($/mt),222.4,0.04,12.27,-20.54,31.99,0.35
2014-05-01,2014,5,Maize,Grains,($/mt),217.3,-2.29,3.82,-26.46,20.79,-0.09
2014-06-01,2014,6,Maize,Grains,($/mt),202.4,-6.86,-8.95,-32.17,12.76,-0.71
2014-07-01,2014,7,Maize,Grains,($/mt),182.7,-9.73,-17.85,-34.63,20.51,-1.05
2014-08-01,2014,8,Maize,Grains,($/mt),176.4,-3.45,-18.82,-26.1,16.05,-0.03
2014-09-01,2014,9,Maize,Grains,($/mt),163.1,-7.54,-19.42,-21.36,8.44,-0.93
2014-10-01,2014,10,Maize,Grains,($/mt),163.1,0.0,-10.73,-19.14,-2.51,0.39
2014-11-01,2014,11,Maize,Grains,($/mt),178.7,9.56,1.3,-10.25,4.14,2.32
2014-12-01,2014,12,Maize,Grains,($/mt),178.7,0.0,9.56,-9.47,8.57,0.13
2015-01-01,2015,1,Maize,Grains,($/mt),174.7,-2.24,7.11,-11.81,4.42,-0.27
2015-02-01,2015,2,Maize,Grains,($/mt),173.7,-0.57,-2.8,-17.01,7.35,0.05
2015-03-01,2015,3,Maize,Grains,($/mt),174.2,0.29,-2.52,-21.64,9.56,0.31
2015-04-01,2015,4,Maize,Grains,($/mt),172.1,-1.21,-1.49,-22.62,9.55,0.14
2015-05-01,2015,5,Maize,Grains,($/mt),166.3,-3.37,-4.26,-23.47,1.77,-0.28
2015-06-01,2015,6,Maize,Grains,($/mt),166.7,0.24,-4.31,-17.64,9.17,0.47
2015-07-01,2015,7,Maize,Grains,($/mt),179.6,7.74,4.36,-1.7,9.65,1.95
2015-08-01,2015,8,Maize,Grains,($/mt),162.6,-9.47,-2.22,-7.82,-7.4,-2.02
2015-09-01,2015,9,Maize,Grains,($/mt),165.6,1.85,-0.66,1.53,-19.57,0.45
2015-10-01,2015,10,Maize,Grains,($/mt),171.4,3.5,-4.57,5.09,-27.31,0.67
2015-11-01,2015,11,Maize,Grains,($/mt),166.2,-3.03,2.21,-6.99,-30.23,-0.72
2015-12-01,2015,12,Maize,Grains,($/mt),163.9,-1.38,-1.03,-8.28,-34.54,-0.21
2016-01-01,2016,1,Maize,Grains,($/mt),161.0,-1.77,-6.07,-7.84,-39.22,-0.27
2016-02-01,2016,2,Maize,Grains,($/mt),159.7,-0.81,-3.91,-8.06,-45.48,-0.05
2016-03-01,2016,3,Maize,Grains,($/mt),159.1,-0.38,-2.93,-8.67,-45.23,0.06
2016-04-01,2016,4,Maize,Grains,($/mt),164.4,3.33,2.11,-4.47,-48.51,0.97
2016-05-01,2016,5,Maize,Grains,($/mt),169.0,2.8,5.82,1.62,-45.11,0.72
2016-06-01,2016,6,Maize,Grains,($/mt),179.9,6.45,13.07,7.92,-42.08,1.47
2016-07-01,2016,7,Maize,Grains,($/mt),161.8,-10.06,-1.58,-9.91,-46.21,-2.34
2016-08-01,2016,8,Maize,Grains,($/mt),150.2,-7.17,-11.12,-7.63,-51.58,-1.28
2016-09-01,2016,9,Maize,Grains,($/mt),148.4,-1.2,-17.51,-10.39,-49.75,-0.14
2016-10-01,2016,10,Maize,Grains,($/mt),152.3,2.63,-5.87,-11.14,-44.58,0.75
2016-11-01,2016,11,Maize,Grains,($/mt),151.8,-0.33,1.07,-8.66,-44.68,0.12
2016-12-01,2016,12,Maize,Grains,($/mt),152.4,0.4,2.7,-7.02,-41.07,0.23
2017-01-01,2017,1,Maize,Grains,($/mt),160.0,4.99,5.06,-0.62,-41.35,1.22
2017-02-01,2017,2,Maize,Grains,($/mt),162.9,1.81,7.31,2.0,-41.72,0.37
2017-03-01,2017,3,Maize,Grains,($/mt),159.0,-2.39,4.33,-0.06,-43.36,-0.56
2017-04-01,2017,4,Maize,Grains,($/mt),156.4,-1.64,-2.25,-4.87,-42.92,-0.36
2017-05-01,2017,5,Maize,Grains,($/mt),158.6,1.41,-2.64,-6.15,-41.11,0.36
2017-06-01,2017,6,Maize,Grains,($/mt),157.9,-0.44,-0.69,-12.23,-40.93,-0.0
2017-07-01,2017,7,Maize,Grains,($/mt),157.5,-0.25,0.7,-2.66,-52.72,0.18
2017-08-01,2017,8,Maize,Grains,($/mt),148.5,-5.71,-6.37,-1.13,-55.27,-1.85
2017-09-01,2017,9,Maize,Grains,($/mt),147.3,-0.81,-6.71,-0.74,-54.08,-0.28
2017-10-01,2017,10,Maize,Grains,($/mt),148.6,0.88,-5.65,-2.43,-53.74,0.34
2017-11-01,2017,11,Maize,Grains,($/mt),148.7,0.07,0.13,-2.04,-53.76,0.09
2017-12-01,2017,12,Maize,Grains,($/mt),149.0,0.2,1.15,-2.23,-51.72,0.13
2018-01-01,2018,1,Maize,Grains,($/mt),155.8,4.56,4.85,-2.62,-48.6,1.84
2018-02-01,2018,2,Maize,Grains,($/mt),163.4,4.88,9.89,0.31,-46.02,2.03
2018-03-01,2018,3,Maize,Grains,($/mt),172.0,5.26,15.44,8.18,-44.34,1.82
2018-04-01,2018,4,Maize,Grains,($/mt),175.6,2.09,12.71,12.28,-37.26,0.45
2018-05-01,2018,5,Maize,Grains,($/mt),179.1,1.99,9.61,12.93,-39.39,0.32
2018-06-01,2018,6,Maize,Grains,($/mt),165.1,-7.82,-4.01,4.56,-44.67,-2.92
2018-07-01,2018,7,Maize,Grains,($/mt),156.5,-5.21,-10.88,-0.63,-44.01,-1.42
2018-08-01,2018,8,Maize,Grains,($/mt),162.4,3.77,-9.32,9.36,-31.96,0.87
2018-09-01,2018,9,Maize,Grains,($/mt),154.8,-4.68,-6.24,5.09,-25.36,-1.37
2018-10-01,2018,10,Maize,Grains,($/mt),160.3,3.55,2.43,7.87,-20.53,0.71
2018-11-01,2018,11,Maize,Grains,($/mt),160.7,0.25,-1.05,8.07,-19.29,-0.11
2018-12-01,2018,12,Maize,Grains,($/mt),167.4,4.17,8.14,12.35,-15.2,0.78
2019-01-01,2019,1,Maize,Grains,($/mt),166.7,-0.42,3.99,7.0,-15.85,-0.33
2019-02-01,2019,2,Maize,Grains,($/mt),169.5,1.68,5.48,3.73,-19.02,0.24
2019-03-01,2019,3,Maize,Grains,($/mt),166.2,-1.95,-0.72,-3.37,-25.24,-0.56
2019-04-01,2019,4,Maize,Grains,($/mt),161.5,-2.83,-3.12,-8.03,-27.38,-0.67
2019-05-01,2019,5,Maize,Grains,($/mt),171.1,5.94,0.94,-4.47,-21.26,1.68
2019-06-01,2019,6,Maize,Grains,($/mt),195.1,14.03,17.39,18.17,-3.61,3.33
2019-07-01,2019,7,Maize,Grains,($/mt),189.4,-2.92,17.28,21.02,3.67,-0.83
2019-08-01,2019,8,Maize,Grains,($/mt),163.6,-13.62,-4.38,0.74,-7.26,-3.01
2019-09-01,2019,9,Maize,Grains,($/mt),157.3,-3.85,-19.37,1.61,-3.56,-0.62
2019-10-01,2019,10,Maize,Grains,($/mt),167.1,6.23,-11.77,4.24,2.45,0.89
2019-11-01,2019,11,Maize,Grains,($/mt),166.3,-0.48,1.65,3.48,-6.94,-0.15
2019-12-01,2019,12,Maize,Grains,($/mt),167.0,0.42,6.17,-0.24,-6.55,-0.01
2020-01-01,2020,1,Maize,Grains,($/mt),171.8,2.87,2.81,3.06,-1.66,0.4
2020-02-01,2020,2,Maize,Grains,($/mt),168.7,-1.8,1.44,-0.47,-2.88,-0.34
2020-03-01,2020,3,Maize,Grains,($/mt),162.4,-3.73,-2.75,-2.29,-6.77,-0.58
2020-04-01,2020,4,Maize,Grains,($/mt),146.9,-9.54,-14.49,-9.04,-14.64,-1.4
2020-05-01,2020,5,Maize,Grains,($/mt),143.9,-2.04,-14.7,-15.9,-13.47,-0.2
2020-06-01,2020,6,Maize,Grains,($/mt),148.0,2.85,-8.87,-24.14,-11.22,0.57
2020-07-01,2020,7,Maize,Grains,($/mt),152.6,3.11,3.88,-19.43,-15.03,0.97
2020-08-01,2020,8,Maize,Grains,($/mt),149.3,-2.16,3.75,-8.74,-8.18,-0.09
2020-09-01,2020,9,Maize,Grains,($/mt),166.1,11.25,12.23,5.59,0.3,2.86
2020-10-01,2020,10,Maize,Grains,($/mt),186.7,12.4,22.35,11.73,8.93,2.25
2020-11-01,2020,11,Maize,Grains,($/mt),190.4,1.98,27.53,14.49,14.56,0.15
2020-12-01,2020,12,Maize,Grains,($/mt),198.8,4.41,19.69,19.04,21.29,0.51
2021-01-01,2021,1,Maize,Grains,($/mt),234.5,17.96,25.6,36.5,45.65,2.66
2021-02-01,2021,2,Maize,Grains,($/mt),245.2,4.56,28.78,45.35,53.54,0.22
2021-03-01,2021,3,Maize,Grains,($/mt),245.2,0.0,23.34,50.99,54.12,-0.45
2021-04-01,2021,4,Maize,Grains,($/mt),268.2,9.38,14.37,82.57,63.14,0.77
2021-05-01,2021,5,Maize,Grains,($/mt),305.3,13.83,24.51,112.16,80.65,1.37
2021-06-01,2021,6,Maize,Grains,($/mt),292.6,-4.16,19.33,97.7,62.65,-1.74
2021-07-01,2021,7,Maize,Grains,($/mt),278.4,-4.85,3.8,82.44,72.06,-1.59
2021-08-01,2021,8,Maize,Grains,($/mt),256.6,-7.83,-15.95,71.87,70.84,-1.75
2021-09-01,2021,9,Maize,Grains,($/mt),235.6,-8.18,-19.48,41.84,58.76,-1.6
2021-10-01,2021,10,Maize,Grains,($/mt),239.6,1.7,-13.94,28.33,57.32,-0.18
2021-11-01,2021,11,Maize,Grains,($/mt),248.7,3.8,-3.08,30.62,63.83,0.17
2021-12-01,2021,12,Maize,Grains,($/mt),264.5,6.35,12.27,33.05,73.56,0.46
2022-01-01,2022,1,Maize,Grains,($/mt),276.6,4.57,15.44,17.95,72.88,0.22
2022-02-01,2022,2,Maize,Grains,($/mt),292.6,5.78,17.65,19.33,79.62,0.61
2022-03-01,2022,3,Maize,Grains,($/mt),335.5,14.66,26.84,36.83,111.01,1.87
2022-04-01,2022,4,Maize,Grains,($/mt),348.2,3.79,25.89,29.83,122.63,0.11
2022-05-01,2022,5,Maize,Grains,($/mt),344.8,-0.98,17.84,12.94,117.4,-0.45
2022-06-01,2022,6,Maize,Grains,($/mt),335.7,-2.64,0.06,14.73,112.6,-0.58
2022-07-01,2022,7,Maize,Grains,($/mt),323.0,-3.78,-7.24,16.02,105.08,-0.78
2022-08-01,2022,8,Maize,Grains,($/mt),289.8,-10.28,-15.95,12.94,95.15,-1.8
2022-09-01,2022,9,Maize,Grains,($/mt),312.7,7.9,-6.85,32.72,112.29,0.97
2022-10-01,2022,10,Maize,Grains,($/mt),343.6,9.88,6.38,43.41,131.22,1.14
2022-11-01,2022,11,Maize,Grains,($/mt),320.9,-6.61,10.73,29.03,115.8,-1.46
2022-12-01,2022,12,Maize,Grains,($/mt),302.2,-5.83,-3.36,14.25,102.82,-1.12
2023-01-01,2023,1,Maize,Grains,($/mt),302.8,0.2,-11.87,9.47,94.35,-0.16
2023-02-01,2023,2,Maize,Grains,($/mt),298.2,-1.52,-7.07,1.91,82.5,-0.34
2023-03-01,2023,3,Maize,Grains,($/mt),282.5,-5.26,-6.52,-15.8,64.24,-0.77
2023-04-01,2023,4,Maize,Grains,($/mt),291.1,3.04,-3.86,-16.4,65.77,0.72
2023-05-01,2023,5,Maize,Grains,($/mt),268.1,-7.9,-10.09,-22.24,49.69,-1.11
2023-06-01,2023,6,Maize,Grains,($/mt),266.9,-0.45,-5.52,-20.49,61.66,0.23
2023-07-01,2023,7,Maize,Grains,($/mt),242.4,-9.18,-16.73,-24.95,54.89,-1.2
2023-08-01,2023,8,Maize,Grains,($/mt),207.6,-14.36,-22.57,-28.36,27.83,-1.86
2023-09-01,2023,9,Maize,Grains,($/mt),223.8,7.8,-16.15,-28.43,44.57,1.45
2023-10-01,2023,10,Maize,Grains,($/mt),230.7,3.08,-4.83,-32.86,43.92,0.79
2023-11-01,2023,11,Maize,Grains,($/mt),211.3,-8.41,1.78,-34.15,31.49,-0.86
2023-12-01,2023,12,Maize,Grains,($/mt),206.5,-2.27,-7.73,-31.67,23.36,0.15
2024-01-01,2024,1,Maize,Grains,($/mt),198.6,-3.83,-13.91,-34.41,19.14,-0.14
2024-02-01,2024,2,Maize,Grains,($/mt),189.1,-4.78,-10.51,-36.59,11.56,-0.24
2024-03-01,2024,3,Maize,Grains,($/mt),190.6,0.79,-7.7,-32.53,14.68,0.7
2024-04-01,2024,4,Maize,Grains,($/mt),191.7,0.58,-3.47,-34.15,18.7,0.57
2024-05-01,2024,5,Maize,Grains,($/mt),197.8,3.18,4.6,-26.22,15.6,1.05
2024-06-01,2024,6,Maize,Grains,($/mt),192.5,-2.68,1.0,-27.88,-1.33,-0.06
2024-07-01,2024,7,Maize,Grains,($/mt),177.4,-7.84,-7.46,-26.82,-6.34,-0.87
2024-08-01,2024,8,Maize,Grains,($/mt),170.3,-4.0,-13.9,-17.97,4.1,-0.27
2024-09-01,2024,9,Maize,Grains,($/mt),185.0,8.63,-3.9,-17.34,17.61,2.13
2024-10-01,2024,10,Maize,Grains,($/mt),190.3,2.86,7.27,-17.51,13.88,0.88
2024-11-01,2024,11,Maize,Grains,($/mt),201.3,5.78,18.2,-4.73,21.05,1.48
2024-12-01,2024,12,Maize,Grains,($/mt),202.6,0.65,9.51,-1.89,21.32,0.2
2025-01-01,2025,1,Maize,Grains,($/mt),214.4,5.82,12.66,7.96,24.8,1.23
2025-02-01,2025,2,Maize,Grains,($/mt),220.9,3.03,9.74,16.82,30.94,0.47
2025-03-01,2025,3,Maize,Grains,($/mt),207.4,-6.11,2.37,8.81,27.71,-1.64
2025-04-01,2025,4,Maize,Grains,($/mt),215.0,3.66,0.28,12.15,46.36,0.56
2025-05-01,2025,5,Maize,Grains,($/mt),203.9,-5.16,-7.7,3.08,41.7,-1.21
2025-06-01,2025,6,Maize,Grains,($/mt),196.1,-3.83,-5.45,1.87,32.5,-0.78
2025-07-01,2025,7,Maize,Grains,($/mt),192.0,-2.09,-10.7,8.23,25.82,-0.44
2025-08-01,2025,8,Maize,Grains,($/mt),185.5,-3.39,-9.02,8.93,24.25,-0.85
2025-09-01,2025,9,Maize,Grains,($/mt),197.4,6.42,0.66,6.7,18.84,1.15
2025-10-01,2025,10,Maize,Grains,($/mt),198.1,0.35,3.18,4.1,6.11,-0.06
2025-11-01,2025,11,Maize,Grains,($/mt),202.0,1.97,8.89,0.35,6.09,0.34
2025-12-01,2025,12,Maize,Grains,($/mt),205.7,1.83,4.2,1.53,3.47,0.41
2026-01-01,2026,1,Maize,Grains,($/mt),204.5,-0.58,3.23,-4.62,-12.79,-0.19
2026-02-01,2026,2,Maize,Grains,($/mt),209.6,2.49,3.76,-5.12,-14.52,0.73
2026-03-01,2026,3,Maize,Grains,($/mt),212.7,1.48,3.4,2.56,-13.25,0.48
2026-04-01,2026,4,Maize,Grains,($/mt),214.0,0.61,4.65,-0.47,-20.21,0.1
2026-05-01,2026,5,Maize,Grains,($/mt),216.2,1.03,3.15,6.03,-29.18,0.32
2026-06-01,2026,6,Maize,Grains,($/mt),197.1,-8.83,-7.33,0.51,-32.64,-3.35
2026-07-01,2026,7,Maize,Grains,($/mt),213.4,8.27,-0.28,11.15,-23.35,2.19
2026-08-01,2026,8,Maize,Grains,($/mt),224.0,4.97,3.61,20.75,-12.7,0.93
2026-09-01,2026,9,Maize,Grains,($/mt),239.6,6.96,21.56,21.38,1.7,1.25
1977-01-01,1977,1,Natural gas index,Energy,(2010=100),18.5,,,,,
1977-02-01,1977,2,Natural gas index,Energy,(2010=100),19.0,2.7,,,,
1977-03-01,1977,3,Natural gas index,Energy,(2010=100),19.5,2.63,,,,
1977-04-01,1977,4,Natural gas index,Energy,(2010=100),19.7,1.03,6.49,,,
1977-05-01,1977,5,Natural gas index,Energy,(2010=100),19.7,0.0,3.68,,,
1977-06-01,1977,6,Natural gas index,Energy,(2010=100),20.4,3.55,4.62,,,
1977-07-01,1977,7,Natural gas index,Energy,(2010=100),20.5,0.49,4.06,,,
1977-08-01,1977,8,Natural gas index,Energy,(2010=100),20.4,-0.49,3.55,,,-1.56
1977-09-01,1977,9,Natural gas index,Energy,(2010=100),20.5,0.49,0.49,,,-0.6
1977-10-01,1977,10,Natural gas index,Energy,(2010=100),20.6,0.49,0.49,,,-0.55
1977-11-01,1977,11,Natural gas index,Energy,(2010=100),20.5,-0.49,0.49,,,-1.21
1977-12-01,1977,12,Natural gas index,Energy,(2010=100),20.6,0.49,0.49,,,-0.39
1978-01-01,1978,1,Natural gas index,Energy,(2010=100),23.6,14.56,14.56,27.57,,9.97
1978-02-01,1978,2,Natural gas index,Energy,(2010=100),23.7,0.42,15.61,24.74,,-0.41
1978-03-01,1978,3,Natural gas index,Energy,(2010=100),23.8,0.42,15.53,22.05,,-0.36
1978-04-01,1978,4,Natural gas index,Energy,(2010=100),23.7,-0.42,0.42,20.3,,-0.52
1978-05-01,1978,5,Natural gas index,Energy,(2010=100),24.1,1.69,1.69,22.34,,0.01
1978-06-01,1978,6,Natural gas index,Energy,(2010=100),24.1,0.0,1.26,18.14,,-0.42
1978-07-01,1978,7,Natural gas index,Energy,(2010=100),23.8,-1.24,0.42,16.1,,-0.65
1978-08-01,1978,8,Natural gas index,Energy,(2010=100),24.1,1.26,0.0,18.14,,-0.02
1978-09-01,1978,9,Natural gas index,Energy,(2010=100),24.2,0.41,0.41,18.05,,-0.25
1978-10-01,1978,10,Natural gas index,Energy,(2010=100),24.2,0.0,1.68,17.48,,-0.35
1978-11-01,1978,11,Natural gas index,Energy,(2010=100),24.3,0.41,0.83,18.54,,-0.24
1978-12-01,1978,12,Natural gas index,Energy,(2010=100),24.7,1.65,2.07,19.9,,0.03
1979-01-01,1979,1,Natural gas index,Energy,(2010=100),30.4,23.08,25.62,28.81,,5.15
1979-02-01,1979,2,Natural gas index,Energy,(2010=100),30.7,0.99,26.34,29.54,,-0.2
1979-03-01,1979,3,Natural gas index,Energy,(2010=100),31.4,2.28,27.13,31.93,,-0.01
1979-04-01,1979,4,Natural gas index,Energy,(2010=100),31.5,0.32,3.62,32.91,,-0.33
1979-05-01,1979,5,Natural gas index,Energy,(2010=100),32.0,1.59,4.23,32.78,,-0.15
1979-06-01,1979,6,Natural gas index,Energy,(2010=100),32.2,0.63,2.55,33.61,,-0.3
1979-07-01,1979,7,Natural gas index,Energy,(2010=100),32.6,1.24,3.49,36.97,,-0.21
1979-08-01,1979,8,Natural gas index,Energy,(2010=100),33.1,1.53,3.44,37.34,,-0.2
1979-09-01,1979,9,Natural gas index,Energy,(2010=100),33.1,0.0,2.8,36.78,,-0.44
1979-10-01,1979,10,Natural gas index,Energy,(2010=100),33.5,1.21,2.76,38.43,,-0.25
1979-11-01,1979,11,Natural gas index,Energy,(2010=100),33.7,0.6,1.81,38.68,,-0.36
1979-12-01,1979,12,Natural gas index,Energy,(2010=100),33.9,0.59,2.42,37.25,,-0.37
1980-01-01,1980,1,Natural gas index,Energy,(2010=100),40.6,19.76,21.19,33.55,,2.64
1980-02-01,1980,2,Natural gas index,Energy,(2010=100),41.2,1.48,22.26,34.2,,-0.2
1980-03-01,1980,3,Natural gas index,Energy,(2010=100),41.7,1.21,23.01,32.8,,-0.26
1980-04-01,1980,4,Natural gas index,Energy,(2010=100),42.3,1.44,4.19,34.29,,-0.2
1980-05-01,1980,5,Natural gas index,Energy,(2010=100),42.9,1.42,4.13,34.06,,-0.22
1980-06-01,1980,6,Natural gas index,Energy,(2010=100),43.0,0.23,3.12,33.54,,-0.43
1980-07-01,1980,7,Natural gas index,Energy,(2010=100),43.8,1.86,3.55,34.36,,-0.13
1980-08-01,1980,8,Natural gas index,Energy,(2010=100),43.8,0.0,2.1,32.33,,-0.48
1980-09-01,1980,9,Natural gas index,Energy,(2010=100),44.4,1.37,3.26,34.14,,-0.2
1980-10-01,1980,10,Natural gas index,Energy,(2010=100),44.7,0.68,2.05,33.43,,-0.35
1980-11-01,1980,11,Natural gas index,Energy,(2010=100),45.3,1.34,3.42,34.42,,-0.22
1980-12-01,1980,12,Natural gas index,Energy,(2010=100),45.1,-0.44,1.58,33.04,,-0.56
1981-01-01,1981,1,Natural gas index,Energy,(2010=100),47.4,5.1,6.04,16.75,,0.47
1981-02-01,1981,2,Natural gas index,Energy,(2010=100),47.9,1.05,5.74,16.26,,-0.18
1981-03-01,1981,3,Natural gas index,Energy,(2010=100),48.5,1.25,7.54,16.31,,-0.01
1981-04-01,1981,4,Natural gas index,Energy,(2010=100),49.4,1.86,4.22,16.78,,0.42
1981-05-01,1981,5,Natural gas index,Energy,(2010=100),49.6,0.4,3.55,15.62,,-0.65
1981-06-01,1981,6,Natural gas index,Energy,(2010=100),49.6,0.0,2.27,15.35,,-0.86
1981-07-01,1981,7,Natural gas index,Energy,(2010=100),50.4,1.61,2.02,15.07,,0.28
1981-08-01,1981,8,Natural gas index,Energy,(2010=100),50.5,0.2,1.81,15.3,,-0.69
1981-09-01,1981,9,Natural gas index,Energy,(2010=100),51.2,1.39,3.23,15.32,,0.13
1981-10-01,1981,10,Natural gas index,Energy,(2010=100),51.6,0.78,2.38,15.44,,-0.3
1981-11-01,1981,11,Natural gas index,Energy,(2010=100),52.1,0.97,3.17,15.01,,-0.17
1981-12-01,1981,12,Natural gas index,Energy,(2010=100),52.2,0.19,1.95,15.74,,-0.7
1982-01-01,1982,1,Natural gas index,Energy,(2010=100),52.3,0.19,1.36,10.34,182.7,-0.77
1982-02-01,1982,2,Natural gas index,Energy,(2010=100),53.2,1.72,2.11,11.06,180.0,1.43
1982-03-01,1982,3,Natural gas index,Energy,(2010=100),53.8,1.13,3.07,10.93,175.9,0.37
1982-04-01,1982,4,Natural gas index,Energy,(2010=100),54.4,1.12,4.02,10.12,176.14,0.37
1982-05-01,1982,5,Natural gas index,Energy,(2010=100),55.0,1.1,3.38,10.89,179.19,0.49
1982-06-01,1982,6,Natural gas index,Energy,(2010=100),55.0,0.0,2.23,10.89,169.61,-1.46
1982-07-01,1982,7,Natural gas index,Energy,(2010=100),55.2,0.36,1.47,9.52,169.27,-0.85
1982-08-01,1982,8,Natural gas index,Energy,(2010=100),56.0,1.45,1.82,10.89,174.51,1.23
1982-09-01,1982,9,Natural gas index,Energy,(2010=100),56.3,0.54,2.36,9.96,174.63,-0.59
1982-10-01,1982,10,Natural gas index,Energy,(2010=100),56.8,0.89,2.9,10.08,175.73,0.17
1982-11-01,1982,11,Natural gas index,Energy,(2010=100),57.1,0.53,1.96,9.6,178.54,-0.51
1982-12-01,1982,12,Natural gas index,Energy,(2010=100),57.1,0.0,1.42,9.39,177.18,-1.41
1983-01-01,1983,1,Natural gas index,Energy,(2010=100),55.3,-3.15,-2.64,5.74,134.32,-6.89
1983-02-01,1983,2,Natural gas index,Energy,(2010=100),55.3,0.0,-3.15,3.95,133.33,-0.37
1983-03-01,1983,3,Natural gas index,Energy,(2010=100),54.3,-1.81,-4.9,0.93,128.15,-1.78
1983-04-01,1983,4,Natural gas index,Energy,(2010=100),53.7,-1.1,-2.89,-1.29,126.58,-0.9
1983-05-01,1983,5,Natural gas index,Energy,(2010=100),53.7,0.0,-2.89,-2.36,122.82,0.08
1983-06-01,1983,6,Natural gas index,Energy,(2010=100),54.5,1.49,0.37,-0.91,126.14,1.33
1983-07-01,1983,7,Natural gas index,Energy,(2010=100),53.6,-1.65,-0.19,-2.9,125.21,-1.17
1983-08-01,1983,8,Natural gas index,Energy,(2010=100),54.3,1.31,1.12,-3.04,125.31,1.09
1983-09-01,1983,9,Natural gas index,Energy,(2010=100),55.4,2.03,1.65,-1.6,128.93,1.62
1983-10-01,1983,10,Natural gas index,Energy,(2010=100),54.3,-1.99,1.31,-4.4,124.38,-1.21
1983-11-01,1983,11,Natural gas index,Energy,(2010=100),54.6,0.55,0.55,-4.38,124.69,0.58
1983-12-01,1983,12,Natural gas index,Energy,(2010=100),54.7,0.18,-1.26,-4.2,121.46,0.34
1984-01-01,1984,1,Natural gas index,Energy,(2010=100),53.8,-1.65,-0.92,-2.71,76.97,-0.81
1984-02-01,1984,2,Natural gas index,Energy,(2010=100),54.3,0.93,-0.55,-1.81,76.87,0.82
1984-03-01,1984,3,Natural gas index,Energy,(2010=100),53.8,-0.92,-1.65,-0.92,71.34,-0.54
1984-04-01,1984,4,Natural gas index,Energy,(2010=100),53.5,-0.56,-0.56,-0.37,69.84,-0.36
1984-05-01,1984,5,Natural gas index,Energy,(2010=100),53.8,0.56,-0.92,0.19,68.12,0.44
1984-06-01,1984,6,Natural gas index,Energy,(2010=100),54.2,0.74,0.74,-0.55,68.32,0.53
1984-07-01,1984,7,Natural gas index,Energy,(2010=100),54.0,-0.37,0.93,0.75,65.64,-0.26
1984-08-01,1984,8,Natural gas index,Energy,(2010=100),54.1,0.19,0.56,-0.37,63.44,0.1
1984-09-01,1984,9,Natural gas index,Energy,(2010=100),53.2,-1.66,-1.85,-3.97,60.73,-1.45
1984-10-01,1984,10,Natural gas index,Energy,(2010=100),53.4,0.38,-1.11,-1.66,59.4,0.69
1984-11-01,1984,11,Natural gas index,Energy,(2010=100),53.1,-0.56,-1.85,-2.75,57.57,-0.48
1984-12-01,1984,12,Natural gas index,Energy,(2010=100),52.6,-0.94,-1.13,-3.84,55.16,-0.82
1985-01-01,1985,1,Natural gas index,Energy,(2010=100),53.0,0.76,-0.75,-1.49,30.54,1.22
1985-02-01,1985,2,Natural gas index,Energy,(2010=100),53.8,1.51,1.32,-0.92,30.58,1.97
1985-03-01,1985,3,Natural gas index,Energy,(2010=100),52.7,-2.04,0.19,-2.04,26.38,-2.17
1985-04-01,1985,4,Natural gas index,Energy,(2010=100),53.0,0.57,0.0,-0.93,25.3,0.7
1985-05-01,1985,5,Natural gas index,Energy,(2010=100),51.6,-2.64,-4.09,-4.09,20.28,-2.41
1985-06-01,1985,6,Natural gas index,Energy,(2010=100),52.2,1.16,-0.95,-3.69,21.4,1.18
1985-07-01,1985,7,Natural gas index,Energy,(2010=100),51.4,-1.53,-3.02,-4.81,17.35,-0.94
1985-08-01,1985,8,Natural gas index,Energy,(2010=100),50.9,-0.97,-1.36,-5.91,16.21,-0.42
1985-09-01,1985,9,Natural gas index,Energy,(2010=100),50.3,-1.18,-3.64,-5.45,13.29,-0.5
1985-10-01,1985,10,Natural gas index,Energy,(2010=100),49.7,-1.19,-3.31,-6.93,11.19,-0.56
1985-11-01,1985,11,Natural gas index,Energy,(2010=100),49.6,-0.2,-2.55,-6.59,9.49,0.3
1985-12-01,1985,12,Natural gas index,Energy,(2010=100),48.6,-2.02,-3.38,-7.6,7.76,-1.11
1986-01-01,1986,1,Natural gas index,Energy,(2010=100),47.8,-1.65,-3.82,-9.81,0.84,-0.72
1986-02-01,1986,2,Natural gas index,Energy,(2010=100),47.6,-0.42,-4.03,-11.52,-0.63,0.32
1986-03-01,1986,3,Natural gas index,Energy,(2010=100),46.4,-2.52,-4.53,-11.95,-4.33,-1.35
1986-04-01,1986,4,Natural gas index,Energy,(2010=100),45.6,-1.72,-4.6,-13.96,-7.69,-0.58
1986-05-01,1986,5,Natural gas index,Energy,(2010=100),43.9,-3.73,-7.77,-14.92,-11.49,-2.35
1986-06-01,1986,6,Natural gas index,Energy,(2010=100),42.6,-2.96,-8.19,-18.39,-14.11,-1.33
1986-07-01,1986,7,Natural gas index,Energy,(2010=100),42.0,-1.41,-7.89,-18.29,-16.67,0.26
1986-08-01,1986,8,Natural gas index,Energy,(2010=100),41.6,-0.95,-5.24,-18.27,-17.62,0.7
1986-09-01,1986,9,Natural gas index,Energy,(2010=100),41.7,0.24,-2.11,-17.1,-18.55,1.86
1986-10-01,1986,10,Natural gas index,Energy,(2010=100),41.1,-1.44,-2.14,-17.3,-20.35,0.09
1986-11-01,1986,11,Natural gas index,Energy,(2010=100),41.6,1.22,0.0,-16.13,-20.15,2.41
1986-12-01,1986,12,Natural gas index,Energy,(2010=100),41.5,-0.24,-0.48,-14.61,-20.5,0.89
1987-01-01,1987,1,Natural gas index,Energy,(2010=100),35.7,-13.98,-13.14,-25.31,-31.74,-9.13
1987-02-01,1987,2,Natural gas index,Energy,(2010=100),35.6,-0.28,-14.42,-25.21,-33.08,0.52
1987-03-01,1987,3,Natural gas index,Energy,(2010=100),35.6,0.0,-14.22,-23.28,-33.83,0.59
1987-04-01,1987,4,Natural gas index,Energy,(2010=100),35.1,-1.4,-1.68,-23.03,-35.48,0.18
1987-05-01,1987,5,Natural gas index,Energy,(2010=100),34.6,-1.42,-2.81,-21.18,-37.09,0.16
1987-06-01,1987,6,Natural gas index,Energy,(2010=100),34.6,0.0,-2.81,-18.78,-37.09,0.48
1987-07-01,1987,7,Natural gas index,Energy,(2010=100),34.7,0.29,-1.14,-17.38,-37.14,0.49
1987-08-01,1987,8,Natural gas index,Energy,(2010=100),34.4,-0.86,-0.58,-17.31,-38.57,0.16
1987-09-01,1987,9,Natural gas index,Energy,(2010=100),33.5,-2.62,-3.18,-19.66,-40.5,-0.28
1987-10-01,1987,10,Natural gas index,Energy,(2010=100),33.6,0.3,-3.17,-18.25,-40.85,0.51
1987-11-01,1987,11,Natural gas index,Energy,(2010=100),34.5,2.68,0.29,-17.07,-39.58,1.06
1987-12-01,1987,12,Natural gas index,Energy,(2010=100),35.2,2.03,5.07,-15.18,-38.35,0.84
1988-01-01,1988,1,Natural gas index,Energy,(2010=100),37.3,5.97,11.01,4.48,-32.55,1.7
1988-02-01,1988,2,Natural gas index,Energy,(2010=100),35.8,-4.02,3.77,0.56,-35.26,-1.94
1988-03-01,1988,3,Natural gas index,Energy,(2010=100),34.1,-4.75,-3.12,-4.21,-37.2,-1.85
1988-04-01,1988,4,Natural gas index,Energy,(2010=100),32.8,-3.81,-12.06,-6.55,-38.92,-1.18
1988-05-01,1988,5,Natural gas index,Energy,(2010=100),31.9,-2.74,-10.89,-7.8,-40.6,-0.71
1988-06-01,1988,6,Natural gas index,Energy,(2010=100),32.1,0.63,-5.87,-7.23,-41.1,0.4
1988-07-01,1988,7,Natural gas index,Energy,(2010=100),32.4,0.93,-1.22,-6.63,-39.55,0.47
1988-08-01,1988,8,Natural gas index,Energy,(2010=100),33.2,2.47,4.08,-3.49,-38.86,0.93
1988-09-01,1988,9,Natural gas index,Energy,(2010=100),32.1,-3.31,0.0,-4.18,-42.06,-0.92
1988-10-01,1988,10,Natural gas index,Energy,(2010=100),33.9,5.61,4.63,0.89,-37.57,1.75
1988-11-01,1988,11,Natural gas index,Energy,(2010=100),34.9,2.95,5.12,1.16,-36.08,0.74
1988-12-01,1988,12,Natural gas index,Energy,(2010=100),36.4,4.3,13.4,3.41,-33.46,1.09
1989-01-01,1989,1,Natural gas index,Energy,(2010=100),33.8,-7.14,-0.29,-9.38,-37.17,-1.9
1989-02-01,1989,2,Natural gas index,Energy,(2010=100),32.9,-2.66,-5.73,-8.1,-39.41,-0.47
1989-03-01,1989,3,Natural gas index,Energy,(2010=100),30.3,-7.9,-16.76,-11.14,-43.68,-1.82
1989-04-01,1989,4,Natural gas index,Energy,(2010=100),30.7,1.32,-9.17,-6.4,-42.62,0.51
1989-05-01,1989,5,Natural gas index,Energy,(2010=100),32.3,5.21,-1.82,1.25,-39.96,1.32
1989-06-01,1989,6,Natural gas index,Energy,(2010=100),32.8,1.55,8.25,2.18,-39.48,0.3
1989-07-01,1989,7,Natural gas index,Energy,(2010=100),32.1,-2.13,4.56,-0.93,-40.56,-0.53
1989-08-01,1989,8,Natural gas index,Energy,(2010=100),31.3,-2.49,-3.1,-5.72,-42.14,-0.55
1989-09-01,1989,9,Natural gas index,Energy,(2010=100),30.7,-1.92,-6.4,-4.36,-42.29,-0.33
1989-10-01,1989,10,Natural gas index,Energy,(2010=100),31.6,2.93,-1.56,-6.78,-40.82,0.71
1989-11-01,1989,11,Natural gas index,Energy,(2010=100),35.2,11.39,12.46,0.86,-33.71,2.8
1989-12-01,1989,12,Natural gas index,Energy,(2010=100),39.4,11.93,28.34,8.24,-25.1,2.17
1990-01-01,1990,1,Natural gas index,Energy,(2010=100),44.9,13.96,42.09,32.84,-15.28,2.08
1990-02-01,1990,2,Natural gas index,Energy,(2010=100),38.9,-13.36,10.51,18.24,-27.7,-2.34
1990-03-01,1990,3,Natural gas index,Energy,(2010=100),34.7,-10.8,-11.93,14.52,-34.16,-1.54
1990-04-01,1990,4,Natural gas index,Energy,(2010=100),34.0,-2.02,-24.28,10.75,-35.85,-0.41
1990-05-01,1990,5,Natural gas index,Energy,(2010=100),33.7,-0.88,-13.37,4.33,-34.69,-0.24
1990-06-01,1990,6,Natural gas index,Energy,(2010=100),33.7,0.0,-2.88,2.74,-35.44,-0.08
1990-07-01,1990,7,Natural gas index,Energy,(2010=100),33.0,-2.08,-2.94,2.8,-35.8,-0.31
1990-08-01,1990,8,Natural gas index,Energy,(2010=100),32.4,-1.82,-3.86,3.51,-36.35,-0.28
1990-09-01,1990,9,Natural gas index,Energy,(2010=100),33.4,3.09,-0.89,8.79,-33.6,0.29
1990-10-01,1990,10,Natural gas index,Energy,(2010=100),36.4,8.98,10.3,15.19,-26.76,0.94
1990-11-01,1990,11,Natural gas index,Energy,(2010=100),41.4,13.74,27.78,17.61,-16.53,1.4
1990-12-01,1990,12,Natural gas index,Energy,(2010=100),41.5,0.24,24.25,5.33,-14.61,-0.17
1991-01-01,1991,1,Natural gas index,Energy,(2010=100),39.3,-5.3,7.97,-12.47,-17.78,-0.72
1991-02-01,1991,2,Natural gas index,Energy,(2010=100),35.4,-9.92,-14.49,-9.0,-25.63,-1.22
1991-03-01,1991,3,Natural gas index,Energy,(2010=100),34.8,-1.69,-16.14,0.29,-25.0,-0.16
1991-04-01,1991,4,Natural gas index,Energy,(2010=100),35.4,1.72,-9.92,4.12,-22.37,0.25
1991-05-01,1991,5,Natural gas index,Energy,(2010=100),34.6,-2.26,-2.26,2.67,-21.18,-0.45
1991-06-01,1991,6,Natural gas index,Energy,(2010=100),32.9,-4.91,-5.46,-2.37,-22.77,-0.86
1991-07-01,1991,7,Natural gas index,Energy,(2010=100),31.4,-4.56,-11.3,-4.85,-25.24,-0.71
1991-08-01,1991,8,Natural gas index,Energy,(2010=100),32.8,4.46,-5.2,1.23,-21.15,0.72
1991-09-01,1991,9,Natural gas index,Energy,(2010=100),36.6,11.59,11.25,9.58,-12.23,1.71
1991-10-01,1991,10,Natural gas index,Energy,(2010=100),37.1,1.37,18.15,1.92,-9.73,0.05
1991-11-01,1991,11,Natural gas index,Energy,(2010=100),37.5,1.08,14.33,-9.42,-9.86,0.1
1991-12-01,1991,12,Natural gas index,Energy,(2010=100),38.9,3.73,6.28,-6.27,-6.27,0.8
1992-01-01,1992,1,Natural gas index,Energy,(2010=100),30.2,-22.37,-18.6,-23.16,-15.41,-3.89
1992-02-01,1992,2,Natural gas index,Energy,(2010=100),29.0,-3.97,-22.67,-18.08,-18.54,-0.26
1992-03-01,1992,3,Natural gas index,Energy,(2010=100),30.2,4.14,-22.37,-13.22,-15.17,0.67
1992-04-01,1992,4,Natural gas index,Energy,(2010=100),32.0,5.96,5.96,-9.6,-8.83,0.82
1992-05-01,1992,5,Natural gas index,Energy,(2010=100),33.5,4.69,15.52,-3.18,-3.18,0.61
1992-06-01,1992,6,Natural gas index,Energy,(2010=100),33.2,-0.9,9.93,0.91,-4.05,-0.12
1992-07-01,1992,7,Natural gas index,Energy,(2010=100),35.8,7.83,11.87,14.01,3.17,0.88
1992-08-01,1992,8,Natural gas index,Energy,(2010=100),38.6,7.82,15.22,17.68,12.21,0.75
1992-09-01,1992,9,Natural gas index,Energy,(2010=100),43.0,11.4,29.52,17.49,28.36,1.11
1992-10-01,1992,10,Natural gas index,Energy,(2010=100),44.4,3.26,24.02,19.68,32.14,0.18
1992-11-01,1992,11,Natural gas index,Energy,(2010=100),42.2,-4.95,9.33,12.53,22.32,-0.79
1992-12-01,1992,12,Natural gas index,Energy,(2010=100),41.3,-2.13,-3.95,6.17,17.33,-0.4
1993-01-01,1993,1,Natural gas index,Energy,(2010=100),38.4,-7.02,-13.51,27.15,2.95,-0.89
1993-02-01,1993,2,Natural gas index,Energy,(2010=100),36.0,-6.25,-14.69,24.14,0.56,-1.44
1993-03-01,1993,3,Natural gas index,Energy,(2010=100),42.0,16.67,1.69,39.07,23.17,2.41
1993-04-01,1993,4,Natural gas index,Energy,(2010=100),43.7,4.05,13.8,36.56,33.23,0.14
1993-05-01,1993,5,Natural gas index,Energy,(2010=100),41.5,-5.03,15.28,23.88,30.09,-1.07
1993-06-01,1993,6,Natural gas index,Energy,(2010=100),39.1,-5.78,-6.9,17.77,21.81,-1.02
1993-07-01,1993,7,Natural gas index,Energy,(2010=100),40.1,2.56,-8.24,12.01,23.77,0.11
1993-08-01,1993,8,Natural gas index,Energy,(2010=100),42.4,5.74,2.17,9.84,27.71,0.58
1993-09-01,1993,9,Natural gas index,Energy,(2010=100),42.4,0.0,8.44,-1.4,32.09,-0.14
1993-10-01,1993,10,Natural gas index,Energy,(2010=100),39.3,-7.31,-2.0,-11.49,15.93,-1.08
1993-11-01,1993,11,Natural gas index,Energy,(2010=100),42.2,7.38,-0.47,0.0,20.92,1.15
1993-12-01,1993,12,Natural gas index,Energy,(2010=100),43.0,1.9,1.42,4.12,18.13,0.23
1994-01-01,1994,1,Natural gas index,Energy,(2010=100),42.3,-1.63,7.63,10.16,25.15,-0.3
1994-02-01,1994,2,Natural gas index,Energy,(2010=100),46.3,9.46,9.72,28.61,40.73,1.21
1994-03-01,1994,3,Natural gas index,Energy,(2010=100),40.2,-13.17,-6.51,-4.29,32.67,-2.23
1994-04-01,1994,4,Natural gas index,Energy,(2010=100),38.1,-5.22,-9.93,-12.81,24.1,-0.76
1994-05-01,1994,5,Natural gas index,Energy,(2010=100),36.6,-3.94,-20.95,-11.81,13.31,-0.45
1994-06-01,1994,6,Natural gas index,Energy,(2010=100),36.4,-0.55,-9.45,-6.91,10.98,0.04
1994-07-01,1994,7,Natural gas index,Energy,(2010=100),37.4,2.75,-1.84,-6.73,16.51,0.49
1994-08-01,1994,8,Natural gas index,Energy,(2010=100),34.0,-9.09,-7.1,-19.81,8.63,-1.35
1994-09-01,1994,9,Natural gas index,Energy,(2010=100),32.1,-5.59,-11.81,-24.29,4.56,-0.6
1994-10-01,1994,10,Natural gas index,Energy,(2010=100),32.7,1.87,-12.57,-16.79,3.48,0.59
1994-11-01,1994,11,Natural gas index,Energy,(2010=100),33.6,2.75,-1.18,-20.38,-4.55,0.62
1994-12-01,1994,12,Natural gas index,Energy,(2010=100),35.3,5.06,9.97,-17.91,-10.41,1.11
1995-01-01,1995,1,Natural gas index,Energy,(2010=100),33.3,-5.67,1.83,-21.28,-25.84,-0.67
1995-02-01,1995,2,Natural gas index,Energy,(2010=100),34.1,2.4,1.49,-26.35,-12.34,0.65
1995-03-01,1995,3,Natural gas index,Energy,(2010=100),33.6,-1.47,-4.82,-16.42,-3.17,0.16
1995-04-01,1995,4,Natural gas index,Energy,(2010=100),34.9,3.87,4.8,-8.4,2.65,1.18
1995-05-01,1995,5,Natural gas index,Energy,(2010=100),35.2,0.86,3.23,-3.83,4.45,0.33
1995-06-01,1995,6,Natural gas index,Energy,(2010=100),35.1,-0.28,4.46,-3.57,4.15,-0.01
1995-07-01,1995,7,Natural gas index,Energy,(2010=100),33.2,-5.41,-4.87,-11.23,0.61,-1.18
1995-08-01,1995,8,Natural gas index,Energy,(2010=100),34.6,4.22,-1.7,1.76,6.79,1.13
1995-09-01,1995,9,Natural gas index,Energy,(2010=100),35.5,2.6,1.14,10.59,6.29,0.61
1995-10-01,1995,10,Natural gas index,Energy,(2010=100),36.9,3.94,11.14,12.84,1.37,0.86
1995-11-01,1995,11,Natural gas index,Energy,(2010=100),40.2,8.94,16.18,19.64,-2.9,2.17
1995-12-01,1995,12,Natural gas index,Energy,(2010=100),48.2,19.9,35.77,36.54,16.14,4.29
1996-01-01,1996,1,Natural gas index,Energy,(2010=100),51.0,5.81,38.21,53.15,29.77,0.44
1996-02-01,1996,2,Natural gas index,Energy,(2010=100),69.0,35.29,71.64,102.35,94.92,5.03
1996-03-01,1996,3,Natural gas index,Energy,(2010=100),50.9,-26.23,5.6,51.49,46.26,-2.98
1996-04-01,1996,4,Natural gas index,Energy,(2010=100),44.2,-13.16,-13.33,26.65,24.86,-1.22
1996-05-01,1996,5,Natural gas index,Energy,(2010=100),43.0,-2.71,-37.68,22.16,24.28,-0.38
1996-06-01,1996,6,Natural gas index,Energy,(2010=100),46.0,6.98,-9.63,31.05,39.82,0.28
1996-07-01,1996,7,Natural gas index,Energy,(2010=100),45.8,-0.43,3.62,37.95,45.86,-0.25
1996-08-01,1996,8,Natural gas index,Energy,(2010=100),40.4,-11.79,-6.05,16.76,23.17,-1.02
1996-09-01,1996,9,Natural gas index,Energy,(2010=100),38.1,-5.69,-17.17,7.32,4.1,-0.51
1996-10-01,1996,10,Natural gas index,Energy,(2010=100),45.3,18.9,-1.09,22.76,22.1,1.07
1996-11-01,1996,11,Natural gas index,Energy,(2010=100),53.6,18.32,32.67,33.33,42.93,0.91
1996-12-01,1996,12,Natural gas index,Energy,(2010=100),63.2,17.91,65.88,31.12,62.47,0.82
1997-01-01,1997,1,Natural gas index,Energy,(2010=100),56.7,-10.28,25.17,11.18,87.75,-0.81
1997-02-01,1997,2,Natural gas index,Energy,(2010=100),43.6,-23.1,-18.66,-36.81,50.34,-1.44
1997-03-01,1997,3,Natural gas index,Energy,(2010=100),39.3,-9.86,-37.82,-22.79,30.13,-0.47
1997-04-01,1997,4,Natural gas index,Energy,(2010=100),40.6,3.31,-28.4,-8.14,26.88,0.33
1997-05-01,1997,5,Natural gas index,Energy,(2010=100),43.0,5.91,-1.38,0.0,28.36,0.43
1997-06-01,1997,6,Natural gas index,Energy,(2010=100),42.6,-0.93,8.4,-7.39,28.31,-0.13
1997-07-01,1997,7,Natural gas index,Energy,(2010=100),41.9,-1.64,3.2,-8.52,17.04,-0.14
1997-08-01,1997,8,Natural gas index,Energy,(2010=100),45.2,7.88,5.12,11.88,17.1,0.58
1997-09-01,1997,9,Natural gas index,Energy,(2010=100),49.8,10.18,16.9,30.71,15.81,0.65
1997-10-01,1997,10,Natural gas index,Energy,(2010=100),51.9,4.22,23.87,14.57,16.89,0.09
1997-11-01,1997,11,Natural gas index,Energy,(2010=100),51.8,-0.19,14.6,-3.36,22.75,-0.17
1997-12-01,1997,12,Natural gas index,Energy,(2010=100),43.3,-16.41,-13.05,-31.49,4.84,-1.54
1998-01-01,1998,1,Natural gas index,Energy,(2010=100),40.5,-6.47,-21.97,-28.57,5.47,-0.38
1998-02-01,1998,2,Natural gas index,Energy,(2010=100),41.8,3.21,-19.31,-4.13,16.11,0.54
1998-03-01,1998,3,Natural gas index,Energy,(2010=100),41.8,0.0,-3.46,6.36,-0.48,0.01
1998-04-01,1998,4,Natural gas index,Energy,(2010=100),43.6,4.31,7.65,7.39,-0.23,0.5
1998-05-01,1998,5,Natural gas index,Energy,(2010=100),40.0,-8.26,-4.31,-6.98,-3.61,-1.28
1998-06-01,1998,6,Natural gas index,Energy,(2010=100),40.3,0.75,-3.59,-5.4,3.07,0.15
1998-07-01,1998,7,Natural gas index,Energy,(2010=100),39.7,-1.49,-8.94,-5.25,-1.0,-0.17
1998-08-01,1998,8,Natural gas index,Energy,(2010=100),35.6,-10.33,-11.0,-21.24,-16.04,-1.38
1998-09-01,1998,9,Natural gas index,Energy,(2010=100),37.3,4.78,-7.44,-25.1,-12.03,0.87
1998-10-01,1998,10,Natural gas index,Energy,(2010=100),35.1,-5.9,-11.59,-32.37,-10.69,-0.55
1998-11-01,1998,11,Natural gas index,Energy,(2010=100),37.6,7.12,5.62,-27.41,-10.9,1.55
1998-12-01,1998,12,Natural gas index,Energy,(2010=100),33.1,-11.97,-11.26,-23.56,-23.02,-1.35
1999-01-01,1999,1,Natural gas index,Energy,(2010=100),34.1,3.02,-2.85,-15.8,-19.39,0.79
1999-02-01,1999,2,Natural gas index,Energy,(2010=100),32.9,-3.52,-12.5,-21.29,-28.94,-0.36
1999-03-01,1999,3,Natural gas index,Energy,(2010=100),32.9,0.0,-0.6,-21.29,-18.16,0.29
1999-04-01,1999,4,Natural gas index,Energy,(2010=100),36.9,12.16,8.21,-15.37,-3.15,2.23
1999-05-01,1999,5,Natural gas index,Energy,(2010=100),38.3,3.79,16.41,-4.25,4.64,0.68
1999-06-01,1999,6,Natural gas index,Energy,(2010=100),39.0,1.83,18.54,-3.23,7.14,0.28
1999-07-01,1999,7,Natural gas index,Energy,(2010=100),39.6,1.54,7.32,-0.25,5.88,0.22
1999-08-01,1999,8,Natural gas index,Energy,(2010=100),45.9,15.91,19.84,28.93,35.0,2.23
1999-09-01,1999,9,Natural gas index,Energy,(2010=100),43.6,-5.01,11.79,16.89,35.83,-0.98
1999-10-01,1999,10,Natural gas index,Energy,(2010=100),47.2,8.26,19.19,34.47,44.34,0.86
1999-11-01,1999,11,Natural gas index,Energy,(2010=100),43.1,-8.69,-6.1,14.63,28.27,-1.5
1999-12-01,1999,12,Natural gas index,Energy,(2010=100),44.0,2.09,0.92,32.93,24.65,0.08
2000-01-01,2000,1,Natural gas index,Energy,(2010=100),48.2,9.55,2.12,41.35,44.74,1.0
2000-02-01,2000,2,Natural gas index,Energy,(2010=100),51.5,6.85,19.49,56.53,51.03,0.51
2000-03-01,2000,3,Natural gas index,Energy,(2010=100),53.6,4.08,21.82,62.92,59.52,0.01
2000-04-01,2000,4,Natural gas index,Energy,(2010=100),57.4,7.09,19.09,55.56,64.47,0.4
2000-05-01,2000,5,Natural gas index,Energy,(2010=100),63.4,10.45,23.11,65.54,80.11,1.0
2000-06-01,2000,6,Natural gas index,Energy,(2010=100),72.3,14.04,34.89,85.38,105.98,1.41
2000-07-01,2000,7,Natural gas index,Energy,(2010=100),70.2,-2.9,22.3,77.27,111.45,-1.16
2000-08-01,2000,8,Natural gas index,Energy,(2010=100),75.9,8.12,19.72,65.36,119.36,0.39
2000-09-01,2000,9,Natural gas index,Energy,(2010=100),83.9,10.54,16.04,92.43,136.34,0.88
2000-10-01,2000,10,Natural gas index,Energy,(2010=100),84.9,1.19,20.94,79.87,130.08,-0.72
2000-11-01,2000,11,Natural gas index,Energy,(2010=100),91.7,8.01,20.82,112.76,128.11,0.44
2000-12-01,2000,12,Natural gas index,Energy,(2010=100),133.2,45.26,58.76,202.73,176.35,8.19
2001-01-01,2001,1,Natural gas index,Energy,(2010=100),124.6,-6.46,46.76,158.51,144.31,-1.4
2001-02-01,2001,2,Natural gas index,Energy,(2010=100),93.4,-25.04,1.85,81.36,35.36,-2.64
2001-03-01,2001,3,Natural gas index,Energy,(2010=100),87.7,-6.1,-34.16,63.62,72.3,-0.76
2001-04-01,2001,4,Natural gas index,Energy,(2010=100),87.3,-0.46,-29.94,52.09,97.51,-0.35
2001-05-01,2001,5,Natural gas index,Energy,(2010=100),75.0,-14.09,-19.7,18.3,74.42,-1.13
2001-06-01,2001,6,Natural gas index,Energy,(2010=100),68.8,-8.27,-21.55,-4.84,49.57,-0.63
2001-07-01,2001,7,Natural gas index,Energy,(2010=100),58.6,-14.83,-32.88,-16.52,27.95,-0.91
2001-08-01,2001,8,Natural gas index,Energy,(2010=100),56.9,-2.9,-24.13,-25.03,40.84,-0.15
2001-09-01,2001,9,Natural gas index,Energy,(2010=100),47.2,-17.05,-31.4,-43.74,23.88,-0.91
2001-10-01,2001,10,Natural gas index,Energy,(2010=100),49.6,5.08,-15.36,-41.58,9.49,0.48
2001-11-01,2001,11,Natural gas index,Energy,(2010=100),48.1,-3.02,-15.47,-47.55,-10.26,0.0
2001-12-01,2001,12,Natural gas index,Energy,(2010=100),48.3,0.42,2.33,-63.74,-23.58,0.25
2002-01-01,2002,1,Natural gas index,Energy,(2010=100),44.7,-7.45,-9.88,-64.13,-21.16,0.03
2002-02-01,2002,2,Natural gas index,Energy,(2010=100),45.2,1.12,-6.03,-51.61,3.67,1.04
2002-03-01,2002,3,Natural gas index,Energy,(2010=100),53.6,18.58,10.97,-38.88,36.39,3.47
2002-04-01,2002,4,Natural gas index,Energy,(2010=100),57.6,7.46,28.86,-34.02,41.87,1.12
2002-05-01,2002,5,Natural gas index,Energy,(2010=100),58.6,1.74,29.65,-21.87,36.28,0.45
2002-06-01,2002,6,Natural gas index,Energy,(2010=100),55.6,-5.12,3.73,-19.19,30.52,-0.36
2002-07-01,2002,7,Natural gas index,Energy,(2010=100),53.3,-4.14,-7.47,-9.04,27.21,-0.29
2002-08-01,2002,8,Natural gas index,Energy,(2010=100),54.8,2.81,-6.48,-3.69,21.24,0.37
2002-09-01,2002,9,Natural gas index,Energy,(2010=100),61.0,11.31,9.71,29.24,22.49,1.29
2002-10-01,2002,10,Natural gas index,Energy,(2010=100),68.7,12.62,28.89,38.51,32.37,1.38
2002-11-01,2002,11,Natural gas index,Energy,(2010=100),68.0,-1.02,24.09,41.37,31.27,-0.51
2002-12-01,2002,12,Natural gas index,Energy,(2010=100),76.6,12.65,25.57,58.59,76.91,1.2
2003-01-01,2003,1,Natural gas index,Energy,(2010=100),86.0,12.27,25.18,92.39,112.35,0.98
2003-02-01,2003,2,Natural gas index,Energy,(2010=100),115.1,33.84,69.26,154.65,175.36,3.66
2003-03-01,2003,3,Natural gas index,Energy,(2010=100),93.2,-19.03,21.67,73.88,122.97,-2.53
2003-04-01,2003,4,Natural gas index,Energy,(2010=100),86.6,-7.08,0.7,50.35,98.62,-0.96
2003-05-01,2003,5,Natural gas index,Energy,(2010=100),93.3,7.74,-18.94,59.22,133.25,0.26
2003-06-01,2003,6,Natural gas index,Energy,(2010=100),92.6,-0.75,-0.64,66.55,129.78,-0.41
2003-07-01,2003,7,Natural gas index,Energy,(2010=100),83.2,-10.15,-3.93,56.1,109.57,-1.15
2003-08-01,2003,8,Natural gas index,Energy,(2010=100),82.4,-0.96,-11.68,50.36,131.46,-0.41
2003-09-01,2003,9,Natural gas index,Energy,(2010=100),78.1,-5.22,-15.66,28.03,109.38,-0.69
2003-10-01,2003,10,Natural gas index,Energy,(2010=100),77.9,-0.26,-6.37,13.39,121.94,-0.23
2003-11-01,2003,11,Natural gas index,Energy,(2010=100),76.7,-1.54,-6.92,12.79,103.99,-0.25
2003-12-01,2003,12,Natural gas index,Energy,(2010=100),96.5,25.81,23.56,25.98,191.54,1.77
2004-01-01,2004,1,Natural gas index,Energy,(2010=100),95.6,-0.93,22.72,11.16,180.35,-0.26
2004-02-01,2004,2,Natural gas index,Energy,(2010=100),87.1,-8.89,13.56,-24.33,164.74,-0.73
2004-03-01,2004,3,Natural gas index,Energy,(2010=100),87.2,0.11,-9.64,-6.44,165.05,0.17
2004-04-01,2004,4,Natural gas index,Energy,(2010=100),91.4,4.82,-4.39,5.54,147.7,0.53
2004-05-01,2004,5,Natural gas index,Energy,(2010=100),99.0,8.32,13.66,6.11,158.49,0.8
2004-06-01,2004,6,Natural gas index,Energy,(2010=100),98.6,-0.4,13.07,6.48,152.82,-0.14
2004-07-01,2004,7,Natural gas index,Energy,(2010=100),95.8,-2.84,4.81,15.14,141.92,-0.4
2004-08-01,2004,8,Natural gas index,Energy,(2010=100),89.6,-6.47,-9.49,8.74,95.21,-0.91
2004-09-01,2004,9,Natural gas index,Energy,(2010=100),87.0,-2.9,-11.76,11.4,99.54,-0.43
2004-10-01,2004,10,Natural gas index,Energy,(2010=100),104.6,20.23,9.19,34.27,121.61,2.12
2004-11-01,2004,11,Natural gas index,Energy,(2010=100),101.2,-3.25,12.95,31.94,134.8,-0.59
2004-12-01,2004,12,Natural gas index,Energy,(2010=100),107.5,6.23,23.56,11.4,144.32,0.32
2005-01-01,2005,1,Natural gas index,Energy,(2010=100),104.4,-2.88,-0.19,9.21,116.6,-0.52
2005-02-01,2005,2,Natural gas index,Energy,(2010=100),104.5,0.1,3.26,19.98,102.91,-0.12
2005-03-01,2005,3,Natural gas index,Energy,(2010=100),114.6,9.67,6.6,31.42,113.81,1.09
2005-04-01,2005,4,Natural gas index,Energy,(2010=100),118.6,3.49,13.6,29.76,106.62,0.12
2005-05-01,2005,5,Natural gas index,Energy,(2010=100),110.4,-6.91,5.65,11.52,74.13,-1.24
2005-06-01,2005,6,Natural gas index,Energy,(2010=100),119.2,7.97,4.01,20.89,64.87,0.88
2005-07-01,2005,7,Natural gas index,Energy,(2010=100),127.2,6.71,7.25,32.78,81.2,0.61
2005-08-01,2005,8,Natural gas index,Energy,(2010=100),152.3,19.73,37.95,69.98,100.66,2.15
2005-09-01,2005,9,Natural gas index,Energy,(2010=100),192.0,26.07,61.07,120.69,128.84,2.42
2005-10-01,2005,10,Natural gas index,Energy,(2010=100),203.2,5.83,59.75,94.26,139.34,-0.14
2005-11-01,2005,11,Natural gas index,Energy,(2010=100),166.6,-18.01,9.39,64.62,81.68,-2.55
2005-12-01,2005,12,Natural gas index,Energy,(2010=100),195.8,17.53,1.98,82.14,47.0,1.1
2006-01-01,2006,1,Natural gas index,Energy,(2010=100),147.4,-24.72,-27.46,41.19,18.3,-2.52
2006-02-01,2006,2,Natural gas index,Energy,(2010=100),133.5,-9.43,-19.87,27.75,42.93,-0.9
2006-03-01,2006,3,Natural gas index,Energy,(2010=100),126.4,-5.32,-35.44,10.3,44.13,-0.55
2006-04-01,2006,4,Natural gas index,Energy,(2010=100),130.0,2.85,-11.8,9.61,48.91,0.06
2006-05-01,2006,5,Natural gas index,Energy,(2010=100),119.3,-8.23,-10.64,8.06,59.07,-0.66
2006-06-01,2006,6,Natural gas index,Energy,(2010=100),119.4,0.08,-5.54,0.17,73.55,-0.11
2006-07-01,2006,7,Natural gas index,Energy,(2010=100),121.3,1.59,-6.69,-4.64,107.0,0.03
2006-08-01,2006,8,Natural gas index,Energy,(2010=100),131.2,8.16,9.97,-13.85,130.58,0.49
2006-09-01,2006,9,Natural gas index,Energy,(2010=100),105.9,-19.28,-11.31,-44.84,124.36,-1.34
2006-10-01,2006,10,Natural gas index,Energy,(2010=100),119.9,13.22,-1.15,-40.99,141.73,1.39
2006-11-01,2006,11,Natural gas index,Energy,(2010=100),138.1,15.18,5.26,-17.11,187.11,1.42
2006-12-01,2006,12,Natural gas index,Energy,(2010=100),127.3,-7.82,20.21,-34.98,163.56,-0.53
2007-01-01,2007,1,Natural gas index,Energy,(2010=100),125.6,-1.34,4.75,-14.79,180.98,0.12
2007-02-01,2007,2,Natural gas index,Energy,(2010=100),142.2,13.22,2.97,6.52,214.6,1.41
2007-03-01,2007,3,Natural gas index,Energy,(2010=100),130.9,-7.95,2.83,3.56,144.22,-0.87
2007-04-01,2007,4,Natural gas index,Energy,(2010=100),135.0,3.13,7.48,3.85,134.38,0.22
2007-05-01,2007,5,Natural gas index,Energy,(2010=100),135.3,0.22,-4.85,13.41,130.89,-0.06
2007-06-01,2007,6,Natural gas index,Energy,(2010=100),131.7,-2.66,0.61,10.3,136.87,-0.41
2007-07-01,2007,7,Natural gas index,Energy,(2010=100),119.1,-9.57,-11.78,-1.81,123.45,-1.07
2007-08-01,2007,8,Natural gas index,Energy,(2010=100),120.1,0.84,-11.23,-8.46,119.16,0.04
2007-09-01,2007,9,Natural gas index,Energy,(2010=100),120.1,0.0,-8.81,13.41,96.89,0.02
2007-10-01,2007,10,Natural gas index,Energy,(2010=100),131.9,9.83,10.75,10.01,91.99,1.0
2007-11-01,2007,11,Natural gas index,Energy,(2010=100),137.9,4.55,14.82,-0.14,102.79,0.43
2007-12-01,2007,12,Natural gas index,Energy,(2010=100),138.2,0.22,15.07,8.56,80.42,0.0
2008-01-01,2008,1,Natural gas index,Energy,(2010=100),154.7,11.94,17.29,23.17,79.88,1.72
2008-02-01,2008,2,Natural gas index,Energy,(2010=100),162.4,4.98,17.77,14.21,41.09,0.42
2008-03-01,2008,3,Natural gas index,Energy,(2010=100),174.1,7.2,25.98,33.0,86.8,0.94
2008-04-01,2008,4,Natural gas index,Energy,(2010=100),188.7,8.39,21.98,39.78,117.9,1.01
2008-05-01,2008,5,Natural gas index,Energy,(2010=100),203.1,7.63,25.06,50.11,117.68,0.77
2008-06-01,2008,6,Natural gas index,Energy,(2010=100),222.2,9.4,27.63,68.72,139.96,0.95
2008-07-01,2008,7,Natural gas index,Energy,(2010=100),212.1,-4.55,12.4,78.09,154.93,-1.54
2008-08-01,2008,8,Natural gas index,Energy,(2010=100),178.8,-15.7,-11.96,48.88,116.99,-4.18
2008-09-01,2008,9,Natural gas index,Energy,(2010=100),173.8,-2.8,-21.78,44.71,122.54,-0.83
2008-10-01,2008,10,Natural gas index,Energy,(2010=100),167.7,-3.51,-20.93,27.14,115.28,-0.88
2008-11-01,2008,11,Natural gas index,Energy,(2010=100),166.4,-0.78,-6.94,20.67,116.95,-0.39
2008-12-01,2008,12,Natural gas index,Energy,(2010=100),153.4,-7.81,-11.74,11.0,58.96,-1.23
2009-01-01,2009,1,Natural gas index,Energy,(2010=100),138.3,-9.84,-17.53,-10.6,44.67,-1.32
2009-02-01,2009,2,Natural gas index,Energy,(2010=100),114.5,-17.21,-31.19,-29.5,31.46,-2.03
2009-03-01,2009,3,Natural gas index,Energy,(2010=100),106.2,-7.25,-30.77,-39.0,21.79,-0.52
2009-04-01,2009,4,Natural gas index,Energy,(2010=100),88.5,-16.67,-36.01,-53.1,-3.17,-1.48
2009-05-01,2009,5,Natural gas index,Energy,(2010=100),89.8,1.47,-21.57,-55.79,-9.29,0.84
2009-06-01,2009,6,Natural gas index,Energy,(2010=100),88.9,-1.0,-16.29,-59.99,-9.84,0.66
2009-07-01,2009,7,Natural gas index,Energy,(2010=100),78.0,-12.26,-11.86,-63.22,-18.58,-0.79
2009-08-01,2009,8,Natural gas index,Energy,(2010=100),76.4,-2.05,-14.92,-57.27,-14.73,0.87
2009-09-01,2009,9,Natural gas index,Energy,(2010=100),75.6,-1.05,-14.96,-56.5,-13.1,0.89
2009-10-01,2009,10,Natural gas index,Energy,(2010=100),91.2,20.63,16.92,-45.62,-12.81,4.24
2009-11-01,2009,11,Natural gas index,Energy,(2010=100),88.1,-3.4,15.31,-47.06,-12.94,0.11
2009-12-01,2009,12,Natural gas index,Energy,(2010=100),109.8,24.63,45.24,-28.42,2.14,2.91
2010-01-01,2010,1,Natural gas index,Energy,(2010=100),119.1,8.47,30.59,-13.88,14.08,0.8
2010-02-01,2010,2,Natural gas index,Energy,(2010=100),113.8,-4.45,29.17,-0.61,8.9,-0.3
2010-03-01,2010,3,Natural gas index,Energy,(2010=100),101.6,-10.72,-7.47,-4.33,-11.34,-0.93
2010-04-01,2010,4,Natural gas index,Energy,(2010=100),91.8,-9.65,-22.92,3.73,-22.6,-0.8
2010-05-01,2010,5,Natural gas index,Energy,(2010=100),92.7,0.98,-18.54,3.23,-16.03,0.01
2010-06-01,2010,6,Natural gas index,Energy,(2010=100),102.1,10.14,0.49,14.85,-14.35,0.8
2010-07-01,2010,7,Natural gas index,Energy,(2010=100),102.1,0.0,11.22,30.9,-19.73,-0.15
2010-08-01,2010,8,Natural gas index,Energy,(2010=100),100.1,-1.96,7.98,31.02,-34.27,-0.43
2010-09-01,2010,9,Natural gas index,Energy,(2010=100),94.2,-5.89,-7.74,24.6,-50.94,-0.78
2010-10-01,2010,10,Natural gas index,Energy,(2010=100),88.6,-5.94,-13.22,-2.85,-56.4,-0.74
2010-11-01,2010,11,Natural gas index,Energy,(2010=100),93.4,5.42,-6.69,6.02,-43.94,0.52
2010-12-01,2010,12,Natural gas index,Energy,(2010=100),100.3,7.39,6.48,-8.65,-48.77,0.65
2011-01-01,2011,1,Natural gas index,Energy,(2010=100),108.0,7.68,21.9,-9.32,-26.73,1.15
2011-02-01,2011,2,Natural gas index,Energy,(2010=100),102.1,-5.46,9.31,-10.28,-23.52,-0.69
2011-03-01,2011,3,Natural gas index,Energy,(2010=100),101.2,-0.88,0.9,-0.39,-19.94,-0.03
2011-04-01,2011,4,Natural gas index,Energy,(2010=100),109.6,8.3,1.48,19.39,-15.69,1.28
2011-05-01,2011,5,Natural gas index,Energy,(2010=100),110.5,0.82,8.23,19.2,-7.38,-0.14
2011-06-01,2011,6,Natural gas index,Energy,(2010=100),113.9,3.08,12.55,11.56,-4.61,0.24
2011-07-01,2011,7,Natural gas index,Energy,(2010=100),116.8,2.55,6.57,14.4,-3.71,0.28
2011-08-01,2011,8,Natural gas index,Energy,(2010=100),111.8,-4.28,1.18,11.69,-14.79,-1.04
2011-09-01,2011,9,Natural gas index,Energy,(2010=100),110.0,-1.61,-3.42,16.77,3.87,-0.49
2011-10-01,2011,10,Natural gas index,Energy,(2010=100),108.8,-1.09,-6.85,22.8,-9.26,-0.49
2011-11-01,2011,11,Natural gas index,Energy,(2010=100),104.6,-3.86,-6.44,11.99,-24.26,-1.21
2011-12-01,2011,12,Natural gas index,Energy,(2010=100),104.4,-0.19,-5.09,4.09,-17.99,-0.26
2012-01-01,2012,1,Natural gas index,Energy,(2010=100),98.3,-5.84,-9.65,-8.98,-21.74,-1.43
2012-02-01,2012,2,Natural gas index,Energy,(2010=100),94.3,-4.07,-9.85,-7.64,-33.68,-0.83
2012-03-01,2012,3,Natural gas index,Energy,(2010=100),94.3,0.0,-9.67,-6.82,-27.96,0.15
2012-04-01,2012,4,Natural gas index,Energy,(2010=100),89.3,-5.3,-9.16,-18.52,-33.85,-1.22
2012-05-01,2012,5,Natural gas index,Energy,(2010=100),96.5,8.06,2.33,-12.67,-28.68,3.22
2012-06-01,2012,6,Natural gas index,Energy,(2010=100),96.1,-0.41,1.91,-15.63,-27.03,0.15
2012-07-01,2012,7,Natural gas index,Energy,(2010=100),100.9,4.99,12.99,-13.61,-15.28,1.63
2012-08-01,2012,8,Natural gas index,Energy,(2010=100),99.6,-1.29,3.21,-10.91,-17.07,-0.04
2012-09-01,2012,9,Natural gas index,Energy,(2010=100),98.6,-1.0,2.6,-10.36,-17.9,-0.03
2012-10-01,2012,10,Natural gas index,Energy,(2010=100),105.7,7.2,4.76,-2.85,-19.86,1.99
2012-11-01,2012,11,Natural gas index,Energy,(2010=100),109.4,3.5,9.84,4.59,-20.67,0.78
2012-12-01,2012,12,Natural gas index,Energy,(2010=100),107.0,-2.19,8.52,2.49,-22.58,-0.58
2013-01-01,2013,1,Natural gas index,Energy,(2010=100),107.6,0.56,1.8,9.46,-30.45,0.06
2013-02-01,2013,2,Natural gas index,Energy,(2010=100),107.5,-0.09,-1.74,14.0,-33.81,-0.22
2013-03-01,2013,3,Natural gas index,Energy,(2010=100),113.7,5.77,6.26,20.57,-34.69,1.16
2013-04-01,2013,4,Natural gas index,Energy,(2010=100),122.8,8.0,14.13,37.51,-34.92,1.53
2013-05-01,2013,5,Natural gas index,Energy,(2010=100),118.5,-3.5,10.23,22.8,-41.65,-1.6
2013-06-01,2013,6,Natural gas index,Energy,(2010=100),114.4,-3.46,0.62,19.04,-48.51,-1.34
2013-07-01,2013,7,Natural gas index,Energy,(2010=100),110.1,-3.76,-10.34,9.12,-48.09,-1.28
2013-08-01,2013,8,Natural gas index,Energy,(2010=100),107.5,-2.36,-9.28,7.93,-39.88,-0.74
2013-09-01,2013,9,Natural gas index,Energy,(2010=100),107.5,0.0,-6.03,9.03,-38.15,-0.17
2013-10-01,2013,10,Natural gas index,Energy,(2010=100),109.0,1.4,-1.0,3.12,-35.0,0.14
2013-11-01,2013,11,Natural gas index,Energy,(2010=100),108.7,-0.28,1.12,-0.64,-34.68,-0.16
2013-12-01,2013,12,Natural gas index,Energy,(2010=100),117.5,8.1,9.3,9.81,-23.4,2.2
2014-01-01,2014,1,Natural gas index,Energy,(2010=100),123.5,5.11,13.3,14.78,-10.7,0.99
2014-02-01,2014,2,Natural gas index,Energy,(2010=100),137.6,11.42,26.59,28.0,20.17,2.29
2014-03-01,2014,3,Natural gas index,Energy,(2010=100),122.2,-11.19,4.0,7.48,15.07,-2.54
2014-04-01,2014,4,Natural gas index,Energy,(2010=100),118.7,-2.86,-3.89,-3.34,34.12,-0.57
2014-05-01,2014,5,Natural gas index,Energy,(2010=100),115.0,-3.12,-16.42,-2.95,28.06,-0.5
2014-06-01,2014,6,Natural gas index,Energy,(2010=100),112.9,-1.83,-7.61,-1.31,27.0,-0.29
2014-07-01,2014,7,Natural gas index,Energy,(2010=100),103.1,-8.68,-13.14,-6.36,32.18,-1.47
2014-08-01,2014,8,Natural gas index,Energy,(2010=100),101.3,-1.75,-11.91,-5.77,32.59,-0.22
2014-09-01,2014,9,Natural gas index,Energy,(2010=100),101.8,0.49,-9.83,-5.3,34.66,0.13
2014-10-01,2014,10,Natural gas index,Energy,(2010=100),103.0,1.18,-0.1,-5.5,12.94,0.23
2014-11-01,2014,11,Natural gas index,Energy,(2010=100),102.7,-0.29,1.38,-5.52,16.57,-0.0
2014-12-01,2014,12,Natural gas index,Energy,(2010=100),99.0,-3.6,-2.75,-15.74,-9.84,-0.52
2015-01-01,2015,1,Natural gas index,Energy,(2010=100),91.1,-7.98,-11.55,-26.23,-23.51,-1.15
2015-02-01,2015,2,Natural gas index,Energy,(2010=100),83.5,-8.34,-18.7,-39.32,-26.63,-1.04
2015-03-01,2015,3,Natural gas index,Energy,(2010=100),82.2,-1.56,-16.97,-32.73,-19.09,0.6
2015-04-01,2015,4,Natural gas index,Energy,(2010=100),70.9,-13.75,-22.17,-40.27,-22.77,-3.1
2015-05-01,2015,5,Natural gas index,Energy,(2010=100),72.6,2.4,-13.05,-36.87,-21.68,1.42
2015-06-01,2015,6,Natural gas index,Energy,(2010=100),71.5,-1.52,-13.02,-36.67,-29.97,0.43
2015-07-01,2015,7,Natural gas index,Energy,(2010=100),72.6,1.54,2.4,-29.58,-28.89,1.04
2015-08-01,2015,8,Natural gas index,Energy,(2010=100),70.4,-3.03,-3.03,-30.5,-29.67,-0.05
2015-09-01,2015,9,Natural gas index,Energy,(2010=100),69.0,-1.99,-3.5,-32.22,-26.75,0.18
2015-10-01,2015,10,Natural gas index,Energy,(2010=100),63.6,-7.83,-12.4,-38.25,-28.22,-1.0
2015-11-01,2015,11,Natural gas index,Energy,(2010=100),57.8,-9.12,-17.9,-43.72,-38.12,-1.12
2015-12-01,2015,12,Natural gas index,Energy,(2010=100),53.7,-7.09,-22.17,-45.76,-46.46,-0.52
2016-01-01,2016,1,Natural gas index,Energy,(2010=100),54.2,0.93,-14.78,-40.5,-49.81,1.19
2016-02-01,2016,2,Natural gas index,Energy,(2010=100),48.4,-10.7,-16.26,-42.04,-52.6,-1.31
2016-03-01,2016,3,Natural gas index,Energy,(2010=100),44.5,-8.06,-17.13,-45.86,-56.03,-0.72
2016-04-01,2016,4,Natural gas index,Energy,(2010=100),46.6,4.72,-14.02,-34.27,-57.48,1.82
2016-05-01,2016,5,Natural gas index,Energy,(2010=100),48.2,3.43,-0.41,-33.61,-56.38,1.32
2016-06-01,2016,6,Natural gas index,Energy,(2010=100),58.1,20.54,30.56,-18.74,-48.99,4.54
2016-07-01,2016,7,Natural gas index,Energy,(2010=100),60.7,4.48,30.26,-16.39,-48.03,0.68
2016-08-01,2016,8,Natural gas index,Energy,(2010=100),58.0,-4.45,20.33,-17.61,-48.12,-0.38
2016-09-01,2016,9,Natural gas index,Energy,(2010=100),61.4,5.86,5.68,-11.01,-44.18,0.81
2016-10-01,2016,10,Natural gas index,Energy,(2010=100),66.4,8.14,9.39,4.4,-38.97,0.97
2016-11-01,2016,11,Natural gas index,Energy,(2010=100),62.6,-5.72,7.93,8.3,-40.15,-0.71
2016-12-01,2016,12,Natural gas index,Energy,(2010=100),74.4,18.85,21.17,38.55,-28.74,2.03
2017-01-01,2017,1,Natural gas index,Energy,(2010=100),74.3,-0.13,11.9,37.08,-24.42,-0.34
2017-02-01,2017,2,Natural gas index,Energy,(2010=100),68.8,-7.4,9.9,42.15,-27.04,-1.07
2017-03-01,2017,3,Natural gas index,Energy,(2010=100),64.4,-6.4,-13.44,44.72,-31.71,-1.04
2017-04-01,2017,4,Natural gas index,Energy,(2010=100),67.2,4.35,-9.56,44.21,-24.75,0.09
2017-05-01,2017,5,Natural gas index,Energy,(2010=100),68.2,1.49,-0.87,41.49,-29.33,-0.21
2017-06-01,2017,6,Natural gas index,Energy,(2010=100),65.0,-4.69,0.93,11.88,-32.36,-0.87
2017-07-01,2017,7,Natural gas index,Energy,(2010=100),65.8,1.23,-2.08,8.4,-34.79,0.0
2017-08-01,2017,8,Natural gas index,Energy,(2010=100),67.0,1.82,-1.76,15.52,-32.73,0.12
2017-09-01,2017,9,Natural gas index,Energy,(2010=100),70.2,4.78,8.0,14.33,-28.8,0.45
2017-10-01,2017,10,Natural gas index,Energy,(2010=100),69.8,-0.57,6.08,5.12,-33.96,-0.26
2017-11-01,2017,11,Natural gas index,Energy,(2010=100),73.9,5.87,10.3,18.05,-32.45,0.74
2017-12-01,2017,12,Natural gas index,Energy,(2010=100),73.3,-0.81,4.42,-1.48,-31.5,-0.35
2018-01-01,2018,1,Natural gas index,Energy,(2010=100),84.8,15.69,21.49,14.13,-21.19,3.67
2018-02-01,2018,2,Natural gas index,Energy,(2010=100),71.0,-16.27,-3.92,3.2,-33.95,-2.81
2018-03-01,2018,3,Natural gas index,Energy,(2010=100),71.5,0.7,-2.46,11.02,-37.12,0.02
2018-04-01,2018,4,Natural gas index,Energy,(2010=100),73.5,2.8,-13.33,9.38,-40.15,0.23
2018-05-01,2018,5,Natural gas index,Energy,(2010=100),76.5,4.08,7.75,12.17,-35.44,0.42
2018-06-01,2018,6,Natural gas index,Energy,(2010=100),78.3,2.35,9.51,20.46,-31.56,0.15
2018-07-01,2018,7,Natural gas index,Energy,(2010=100),77.5,-1.02,5.44,17.78,-29.61,-0.39
2018-08-01,2018,8,Natural gas index,Energy,(2010=100),81.7,5.42,6.8,21.94,-24.0,0.53
2018-09-01,2018,9,Natural gas index,Energy,(2010=100),89.2,9.18,13.92,27.07,-17.02,0.99
2018-10-01,2018,10,Natural gas index,Energy,(2010=100),89.6,0.45,15.61,28.37,-17.8,-0.24
2018-11-01,2018,11,Natural gas index,Energy,(2010=100),97.4,8.71,19.22,31.8,-10.4,0.84
2018-12-01,2018,12,Natural gas index,Energy,(2010=100),94.4,-3.08,5.83,28.79,-19.66,-0.74
2019-01-01,2019,1,Natural gas index,Energy,(2010=100),80.1,-15.15,-10.6,-5.54,-35.14,-2.25
2019-02-01,2019,2,Natural gas index,Energy,(2010=100),69.5,-13.23,-28.64,-2.11,-49.49,-1.61
2019-03-01,2019,3,Natural gas index,Energy,(2010=100),67.9,-2.3,-28.07,-5.03,-44.44,-0.32
2019-04-01,2019,4,Natural gas index,Energy,(2010=100),62.5,-7.95,-21.97,-14.97,-47.35,-1.02
2019-05-01,2019,5,Natural gas index,Energy,(2010=100),59.4,-4.96,-14.53,-22.35,-48.35,-0.5
2019-06-01,2019,6,Natural gas index,Energy,(2010=100),53.0,-10.77,-21.94,-32.31,-53.06,-1.15
2019-07-01,2019,7,Natural gas index,Energy,(2010=100),52.7,-0.57,-15.68,-32.0,-48.88,0.29
2019-08-01,2019,8,Natural gas index,Energy,(2010=100),51.8,-1.71,-12.79,-36.6,-48.86,0.14
2019-09-01,2019,9,Natural gas index,Energy,(2010=100),58.2,12.36,9.81,-34.75,-42.83,2.07
2019-10-01,2019,10,Natural gas index,Energy,(2010=100),59.1,1.55,12.14,-34.04,-42.62,0.58
2019-11-01,2019,11,Natural gas index,Energy,(2010=100),63.5,7.45,22.59,-34.8,-38.17,1.28
2019-12-01,2019,12,Natural gas index,Energy,(2010=100),56.0,-11.81,-3.78,-40.68,-43.43,-1.07
2020-01-01,2020,1,Natural gas index,Energy,(2010=100),48.6,-13.21,-17.77,-39.33,-46.65,-1.1
2020-02-01,2020,2,Natural gas index,Energy,(2010=100),43.8,-9.88,-31.02,-36.98,-47.54,-0.74
2020-03-01,2020,3,Natural gas index,Energy,(2010=100),41.6,-5.02,-25.71,-38.73,-49.39,-0.19
2020-04-01,2020,4,Natural gas index,Energy,(2010=100),38.0,-8.65,-21.81,-39.2,-46.4,-0.62
2020-05-01,2020,5,Natural gas index,Energy,(2010=100),35.6,-6.32,-18.72,-40.07,-50.96,-0.32
2020-06-01,2020,6,Natural gas index,Energy,(2010=100),34.0,-4.49,-18.27,-35.85,-52.45,-0.08
2020-07-01,2020,7,Natural gas index,Energy,(2010=100),34.9,2.65,-8.16,-33.78,-51.93,0.78
2020-08-01,2020,8,Natural gas index,Energy,(2010=100),45.9,31.52,28.93,-11.39,-34.8,4.41
2020-09-01,2020,9,Natural gas index,Energy,(2010=100),46.1,0.44,35.59,-20.79,-33.19,0.06
2020-10-01,2020,10,Natural gas index,Energy,(2010=100),54.7,18.66,56.73,-7.45,-13.99,1.65
2020-11-01,2020,11,Natural gas index,Energy,(2010=100),59.1,8.04,28.76,-6.93,2.25,0.59
2020-12-01,2020,12,Natural gas index,Energy,(2010=100),63.9,8.12,38.61,14.11,18.99,0.59
2021-01-01,2021,1,Natural gas index,Energy,(2010=100),73.0,14.24,33.46,50.21,34.69,0.95
2021-02-01,2021,2,Natural gas index,Energy,(2010=100),97.5,33.56,64.97,122.6,101.45,2.34
2021-03-01,2021,3,Natural gas index,Energy,(2010=100),65.6,-32.72,2.66,57.69,47.42,-2.83
2021-04-01,2021,4,Natural gas index,Energy,(2010=100),71.3,8.69,-2.33,87.63,53.0,0.18
2021-05-01,2021,5,Natural gas index,Energy,(2010=100),83.5,17.11,-14.36,134.55,73.24,0.58
2021-06-01,2021,6,Natural gas index,Energy,(2010=100),94.7,13.41,44.36,178.53,62.99,0.26
2021-07-01,2021,7,Natural gas index,Energy,(2010=100),112.7,19.01,58.06,222.92,85.67,0.51
2021-08-01,2021,8,Natural gas index,Energy,(2010=100),129.8,15.17,55.45,182.79,123.79,0.21
2021-09-01,2021,9,Natural gas index,Energy,(2010=100),178.4,37.44,88.38,286.98,190.55,1.72
2021-10-01,2021,10,Natural gas index,Energy,(2010=100),222.5,24.72,97.43,306.76,235.09,0.66
2021-11-01,2021,11,Natural gas index,Energy,(2010=100),202.6,-8.94,56.09,242.81,223.64,-1.31
2021-12-01,2021,12,Natural gas index,Energy,(2010=100),236.5,16.73,32.57,270.11,217.88,0.23
2022-01-01,2022,1,Natural gas index,Energy,(2010=100),196.9,-16.74,-11.51,169.73,165.01,-1.61
2022-02-01,2022,2,Natural gas index,Energy,(2010=100),197.5,0.3,-2.52,102.56,187.06,-0.5
2022-03-01,2022,3,Natural gas index,Energy,(2010=100),271.1,37.27,14.63,313.26,320.96,1.52
2022-04-01,2022,4,Natural gas index,Energy,(2010=100),243.4,-10.22,23.62,241.37,262.2,-1.46
2022-05-01,2022,5,Natural gas index,Energy,(2010=100),248.8,2.22,25.97,197.96,264.81,-0.56
2022-06-01,2022,6,Natural gas index,Energy,(2010=100),263.2,5.79,-2.91,177.93,304.92,-0.28
2022-07-01,2022,7,Natural gas index,Energy,(2010=100),344.9,31.04,41.7,206.03,424.16,1.16
2022-08-01,2022,8,Natural gas index,Energy,(2010=100),454.0,31.63,82.48,249.77,577.61,1.09
2022-09-01,2022,9,Natural gas index,Energy,(2010=100),391.3,-13.81,48.67,119.34,457.41,-1.34
2022-10-01,2022,10,Natural gas index,Energy,(2010=100),268.5,-31.38,-22.15,20.67,284.67,-2.06
2022-11-01,2022,11,Natural gas index,Energy,(2010=100),247.2,-7.93,-45.55,22.01,234.51,-0.54
2022-12-01,2022,12,Natural gas index,Energy,(2010=100),252.1,1.98,-35.57,6.6,243.93,-0.08
2023-01-01,2023,1,Natural gas index,Energy,(2010=100),149.4,-40.74,-44.36,-24.12,76.18,-2.04
2023-02-01,2023,2,Natural gas index,Energy,(2010=100),120.0,-19.68,-51.46,-39.24,69.01,-0.84
2023-03-01,2023,3,Natural gas index,Energy,(2010=100),104.5,-12.92,-58.55,-61.45,46.15,-0.47
2023-04-01,2023,4,Natural gas index,Energy,(2010=100),100.3,-4.02,-32.86,-58.79,36.46,0.06
2023-05-01,2023,5,Natural gas index,Energy,(2010=100),83.2,-17.05,-30.67,-66.56,8.76,-0.56
2023-06-01,2023,6,Natural gas index,Energy,(2010=100),84.3,1.32,-19.33,-67.97,7.66,0.35
2023-07-01,2023,7,Natural gas index,Energy,(2010=100),85.2,1.07,-15.05,-75.3,9.94,0.36
2023-08-01,2023,8,Natural gas index,Energy,(2010=100),93.1,9.27,11.9,-79.49,13.95,1.01
2023-09-01,2023,9,Natural gas index,Energy,(2010=100),95.2,2.26,12.93,-75.67,6.73,0.92
2023-10-01,2023,10,Natural gas index,Energy,(2010=100),114.1,19.85,33.92,-57.5,27.34,1.96
2023-11-01,2023,11,Natural gas index,Energy,(2010=100),110.4,-3.24,18.58,-55.34,13.35,0.15
2023-12-01,2023,12,Natural gas index,Energy,(2010=100),95.2,-13.77,0.0,-62.24,0.85,-0.55
2024-01-01,2024,1,Natural gas index,Energy,(2010=100),93.8,-1.47,-17.79,-37.22,17.1,0.32
2024-02-01,2024,2,Natural gas index,Energy,(2010=100),68.9,-26.55,-37.59,-42.58,-0.86,-2.05
2024-03-01,2024,3,Natural gas index,Energy,(2010=100),67.8,-1.6,-28.78,-35.12,-0.15,0.17
2024-04-01,2024,4,Natural gas index,Energy,(2010=100),70.6,4.13,-24.73,-29.61,12.96,0.58
2024-05-01,2024,5,Natural gas index,Energy,(2010=100),82.2,16.43,19.3,-1.2,38.38,1.52
2024-06-01,2024,6,Natural gas index,Energy,(2010=100),90.4,9.98,33.33,7.24,70.57,0.76
2024-07-01,2024,7,Natural gas index,Energy,(2010=100),82.8,-8.41,17.28,-2.82,57.12,-0.77
2024-08-01,2024,8,Natural gas index,Energy,(2010=100),92.0,11.11,11.92,-1.18,77.61,0.81
2024-09-01,2024,9,Natural gas index,Energy,(2010=100),92.1,0.11,1.88,-3.26,58.25,-0.05
2024-10-01,2024,10,Natural gas index,Energy,(2010=100),96.7,4.99,16.79,-15.25,63.62,0.34
2024-11-01,2024,11,Natural gas index,Energy,(2010=100),100.4,3.83,9.13,-9.06,58.11,0.39
2024-12-01,2024,12,Natural gas index,Energy,(2010=100),111.1,10.66,20.63,16.7,98.39,0.92
2025-01-01,2025,1,Natural gas index,Energy,(2010=100),128.4,15.57,32.78,36.89,164.2,1.21
2025-02-01,2025,2,Natural gas index,Energy,(2010=100),132.9,3.5,32.37,92.89,203.42,0.01
2025-03-01,2025,3,Natural gas index,Energy,(2010=100),121.5,-8.58,9.36,79.2,192.07,-1.99
2025-04-01,2025,4,Natural gas index,Energy,(2010=100),105.0,-13.58,-18.22,48.73,176.32,-2.32
2025-05-01,2025,5,Natural gas index,Energy,(2010=100),101.6,-3.24,-23.55,23.6,185.39,-0.72
2025-06-01,2025,6,Natural gas index,Energy,(2010=100),103.7,2.07,-14.65,14.71,205.0,-0.01
2025-07-01,2025,7,Natural gas index,Energy,(2010=100),102.1,-1.54,-2.76,23.31,192.55,-0.35
2025-08-01,2025,8,Natural gas index,Energy,(2010=100),96.3,-5.68,-5.22,4.67,109.8,-0.94
2025-09-01,2025,9,Natural gas index,Energy,(2010=100),96.7,0.42,-6.75,4.99,109.76,-0.03
2025-10-01,2025,10,Natural gas index,Energy,(2010=100),98.1,1.45,-3.92,1.45,79.34,0.09
2025-11-01,2025,11,Natural gas index,Energy,(2010=100),103.1,5.1,7.06,2.69,74.45,0.59
2025-12-01,2025,12,Natural gas index,Energy,(2010=100),104.4,1.26,7.96,-6.03,63.38,0.09
2026-01-01,2026,1,Natural gas index,Energy,(2010=100),155.8,49.23,58.82,21.34,113.42,6.75
2026-02-01,2026,2,Natural gas index,Energy,(2010=100),105.0,-32.61,1.84,-20.99,7.69,-2.24
2026-03-01,2026,3,Natural gas index,Energy,(2010=100),130.0,23.81,24.52,7.0,98.17,1.3
2026-04-01,2026,4,Natural gas index,Energy,(2010=100),117.4,-9.69,-24.65,11.81,64.66,-0.61
2026-05-01,2026,5,Natural gas index,Energy,(2010=100),121.2,3.24,15.43,19.29,45.15,0.04
2026-06-01,2026,6,Natural gas index,Energy,(2010=100),118.3,-2.39,-9.0,14.08,24.92,-0.28
2026-07-01,2026,7,Natural gas index,Energy,(2010=100),130.3,10.14,10.99,27.62,15.62,0.38
2026-08-01,2026,8,Natural gas index,Energy,(2010=100),144.3,10.74,19.06,49.84,11.17,0.36
2026-09-01,2026,9,Natural gas index,Energy,(2010=100),166.4,15.32,40.66,72.08,-6.73,0.53
1960-01-01,1960,1,"Natural gas, Europe",Energy,($/mmbtu),0.4,,,,,
1960-02-01,1960,2,"Natural gas, Europe",Energy,($/mmbtu),0.4,0.0,,,,
1960-03-01,1960,3,"Natural gas, Europe",Energy,($/mmbtu),0.4,0.0,,,,
1960-04-01,1960,4,"Natural gas, Europe",Energy,($/mmbtu),0.4,0.0,0.0,,,
1960-05-01,1960,5,"Natural gas, Europe",Energy,($/mmbtu),0.4,0.0,0.0,,,
1960-06-01,1960,6,"Natural gas, Europe",Energy,($/mmbtu),0.4,0.0,0.0,,,
1960-07-01,1960,7,"Natural gas, Europe",Energy,($/mmbtu),0.4,0.0,0.0,,,
1960-08-01,1960,8,"Natural gas, Europe",Energy,($/mmbtu),0.4,0.0,0.0,,,0.0
1960-09-01,1960,9,"Natural gas, Europe",Energy,($/mmbtu),0.4,0.0,0.0,,,0.0
1960-10-01,1960,10,"Natural gas, Europe",Energy,($/mmbtu),0.4,0.0,0.0,,,0.0
1960-11-01,1960,11,"Natural gas, Europe",Energy,($/mmbtu),0.4,0.0,0.0,,,0.0
1960-12-01,1960,12,"Natural gas, Europe",Energy,($/mmbtu),0.4,0.0,0.0,,,0.0
1961-01-01,1961,1,"Natural gas, Europe",Energy,($/mmbtu),0.4,0.0,0.0,0.0,,0.0
1961-02-01,1961,2,"Natural gas, Europe",Energy,($/mmbtu),0.4,0.0,0.0,0.0,,0.0
1961-03-01,1961,3,"Natural gas, Europe",Energy,($/mmbtu),0.4,0.0,0.0,0.0,,0.0
1961-04-01,1961,4,"Natural gas, Europe",Energy,($/mmbtu),0.4,0.0,0.0,0.0,,0.0
1961-05-01,1961,5,"Natural gas, Europe",Energy,($/mmbtu),0.4,0.0,0.0,0.0,,0.0
1961-06-01,1961,6,"Natural gas, Europe",Energy,($/mmbtu),0.4,0.0,0.0,0.0,,0.0
1961-07-01,1961,7,"Natural gas, Europe",Energy,($/mmbtu),0.4,0.0,0.0,0.0,,0.0
1961-08-01,1961,8,"Natural gas, Europe",Energy,($/mmbtu),0.4,0.0,0.0,0.0,,0.0
1961-09-01,1961,9,"Natural gas, Europe",Energy,($/mmbtu),0.4,0.0,0.0,0.0,,0.0
1961-10-01,1961,10,"Natural gas, Europe",Energy,($/mmbtu),0.4,0.0,0.0,0.0,,0.0
1961-11-01,1961,11,"Natural gas, Europe",Energy,($/mmbtu),0.4,0.0,0.0,0.0,,0.0
1961-12-01,1961,12,"Natural gas, Europe",Energy,($/mmbtu),0.4,0.0,0.0,0.0,,0.0
1962-01-01,1962,1,"Natural gas, Europe",Energy,($/mmbtu),0.4,0.0,0.0,0.0,,0.0
1962-02-01,1962,2,"Natural gas, Europe",Energy,($/mmbtu),0.4,0.0,0.0,0.0,,0.0
1962-03-01,1962,3,"Natural gas, Europe",Energy,($/mmbtu),0.4,0.0,0.0,0.0,,0.0
1962-04-01,1962,4,"Natural gas, Europe",Energy,($/mmbtu),0.4,0.0,0.0,0.0,,0.0
1962-05-01,1962,5,"Natural gas, Europe",Energy,($/mmbtu),0.4,0.0,0.0,0.0,,0.0
1962-06-01,1962,6,"Natural gas, Europe",Energy,($/mmbtu),0.4,0.0,0.0,0.0,,0.0
1962-07-01,1962,7,"Natural gas, Europe",Energy,($/mmbtu),0.4,0.0,0.0,0.0,,0.0
1962-08-01,1962,8,"Natural gas, Europe",Energy,($/mmbtu),0.4,0.0,0.0,0.0,,0.0
1962-09-01,1962,9,"Natural gas, Europe",Energy,($/mmbtu),0.4,0.0,0.0,0.0,,0.0
1962-10-01,1962,10,"Natural gas, Europe",Energy,($/mmbtu),0.4,0.0,0.0,0.0,,0.0
1962-11-01,1962,11,"Natural gas, Europe",Energy,($/mmbtu),0.4,0.0,0.0,0.0,,0.0
1962-12-01,1962,12,"Natural gas, Europe",Energy,($/mmbtu),0.4,0.0,0.0,0.0,,0.0
1963-01-01,1963,1,"Natural gas, Europe",Energy,($/mmbtu),0.39,-2.5,-2.5,-2.5,,0.0
1963-02-01,1963,2,"Natural gas, Europe",Energy,($/mmbtu),0.39,0.0,-2.5,-2.5,,0.29
1963-03-01,1963,3,"Natural gas, Europe",Energy,($/mmbtu),0.39,0.0,-2.5,-2.5,,0.29
1963-04-01,1963,4,"Natural gas, Europe",Energy,($/mmbtu),0.39,0.0,0.0,-2.5,,0.29
1963-05-01,1963,5,"Natural gas, Europe",Energy,($/mmbtu),0.39,0.0,0.0,-2.5,,0.29
1963-06-01,1963,6,"Natural gas, Europe",Energy,($/mmbtu),0.39,0.0,0.0,-2.5,,0.29
1963-07-01,1963,7,"Natural gas, Europe",Energy,($/mmbtu),0.39,0.0,0.0,-2.5,,0.29
1963-08-01,1963,8,"Natural gas, Europe",Energy,($/mmbtu),0.39,0.0,0.0,-2.5,,0.29
1963-09-01,1963,9,"Natural gas, Europe",Energy,($/mmbtu),0.39,0.0,0.0,-2.5,,0.29
1963-10-01,1963,10,"Natural gas, Europe",Energy,($/mmbtu),0.39,0.0,0.0,-2.5,,0.29
1963-11-01,1963,11,"Natural gas, Europe",Energy,($/mmbtu),0.39,0.0,0.0,-2.5,,0.29
1963-12-01,1963,12,"Natural gas, Europe",Energy,($/mmbtu),0.39,0.0,0.0,-2.5,,0.29
1964-01-01,1964,1,"Natural gas, Europe",Energy,($/mmbtu),0.38,-2.56,-2.56,-2.56,,-3.26
1964-02-01,1964,2,"Natural gas, Europe",Energy,($/mmbtu),0.38,0.0,-2.56,-2.56,,0.29
1964-03-01,1964,3,"Natural gas, Europe",Energy,($/mmbtu),0.38,0.0,-2.56,-2.56,,0.29
1964-04-01,1964,4,"Natural gas, Europe",Energy,($/mmbtu),0.38,0.0,0.0,-2.56,,0.29
1964-05-01,1964,5,"Natural gas, Europe",Energy,($/mmbtu),0.38,0.0,0.0,-2.56,,0.29
1964-06-01,1964,6,"Natural gas, Europe",Energy,($/mmbtu),0.38,0.0,0.0,-2.56,,0.29
1964-07-01,1964,7,"Natural gas, Europe",Energy,($/mmbtu),0.38,0.0,0.0,-2.56,,0.29
1964-08-01,1964,8,"Natural gas, Europe",Energy,($/mmbtu),0.38,0.0,0.0,-2.56,,0.29
1964-09-01,1964,9,"Natural gas, Europe",Energy,($/mmbtu),0.38,0.0,0.0,-2.56,,0.29
1964-10-01,1964,10,"Natural gas, Europe",Energy,($/mmbtu),0.38,0.0,0.0,-2.56,,0.29
1964-11-01,1964,11,"Natural gas, Europe",Energy,($/mmbtu),0.38,0.0,0.0,-2.56,,0.29
1964-12-01,1964,12,"Natural gas, Europe",Energy,($/mmbtu),0.38,0.0,0.0,-2.56,,0.29
1965-01-01,1965,1,"Natural gas, Europe",Energy,($/mmbtu),0.41,7.89,7.89,7.89,2.5,10.95
1965-02-01,1965,2,"Natural gas, Europe",Energy,($/mmbtu),0.41,0.0,7.89,7.89,2.5,-0.29
1965-03-01,1965,3,"Natural gas, Europe",Energy,($/mmbtu),0.41,0.0,7.89,7.89,2.5,-0.29
1965-04-01,1965,4,"Natural gas, Europe",Energy,($/mmbtu),0.41,0.0,0.0,7.89,2.5,-0.29
1965-05-01,1965,5,"Natural gas, Europe",Energy,($/mmbtu),0.41,0.0,0.0,7.89,2.5,-0.29
1965-06-01,1965,6,"Natural gas, Europe",Energy,($/mmbtu),0.41,0.0,0.0,7.89,2.5,-0.29
1965-07-01,1965,7,"Natural gas, Europe",Energy,($/mmbtu),0.41,0.0,0.0,7.89,2.5,-0.29
1965-08-01,1965,8,"Natural gas, Europe",Energy,($/mmbtu),0.41,0.0,0.0,7.89,2.5,-0.29
1965-09-01,1965,9,"Natural gas, Europe",Energy,($/mmbtu),0.41,0.0,0.0,7.89,2.5,-0.29
1965-10-01,1965,10,"Natural gas, Europe",Energy,($/mmbtu),0.41,0.0,0.0,7.89,2.5,-0.29
1965-11-01,1965,11,"Natural gas, Europe",Energy,($/mmbtu),0.41,0.0,0.0,7.89,2.5,-0.29
1965-12-01,1965,12,"Natural gas, Europe",Energy,($/mmbtu),0.41,0.0,0.0,7.89,2.5,-0.29
1966-01-01,1966,1,"Natural gas, Europe",Energy,($/mmbtu),0.42,2.44,2.44,2.44,5.0,0.78
1966-02-01,1966,2,"Natural gas, Europe",Energy,($/mmbtu),0.42,0.0,2.44,2.44,5.0,-0.29
1966-03-01,1966,3,"Natural gas, Europe",Energy,($/mmbtu),0.42,0.0,2.44,2.44,5.0,-0.29
1966-04-01,1966,4,"Natural gas, Europe",Energy,($/mmbtu),0.42,0.0,0.0,2.44,5.0,-0.29
1966-05-01,1966,5,"Natural gas, Europe",Energy,($/mmbtu),0.42,0.0,0.0,2.44,5.0,-0.29
1966-06-01,1966,6,"Natural gas, Europe",Energy,($/mmbtu),0.42,0.0,0.0,2.44,5.0,-0.29
1966-07-01,1966,7,"Natural gas, Europe",Energy,($/mmbtu),0.42,0.0,0.0,2.44,5.0,-0.29
1966-08-01,1966,8,"Natural gas, Europe",Energy,($/mmbtu),0.42,0.0,0.0,2.44,5.0,-0.29
1966-09-01,1966,9,"Natural gas, Europe",Energy,($/mmbtu),0.42,0.0,0.0,2.44,5.0,-0.29
1966-10-01,1966,10,"Natural gas, Europe",Energy,($/mmbtu),0.42,0.0,0.0,2.44,5.0,-0.29
1966-11-01,1966,11,"Natural gas, Europe",Energy,($/mmbtu),0.42,0.0,0.0,2.44,5.0,-0.29
1966-12-01,1966,12,"Natural gas, Europe",Energy,($/mmbtu),0.42,0.0,0.0,2.44,5.0,-0.29
1967-01-01,1967,1,"Natural gas, Europe",Energy,($/mmbtu),0.46,9.52,9.52,9.52,15.0,13.24
1967-02-01,1967,2,"Natural gas, Europe",Energy,($/mmbtu),0.46,0.0,9.52,9.52,15.0,-0.29
1967-03-01,1967,3,"Natural gas, Europe",Energy,($/mmbtu),0.46,0.0,9.52,9.52,15.0,-0.29
1967-04-01,1967,4,"Natural gas, Europe",Energy,($/mmbtu),0.46,0.0,0.0,9.52,15.0,-0.29
1967-05-01,1967,5,"Natural gas, Europe",Energy,($/mmbtu),0.46,0.0,0.0,9.52,15.0,-0.29
1967-06-01,1967,6,"Natural gas, Europe",Energy,($/mmbtu),0.46,0.0,0.0,9.52,15.0,-0.29
1967-07-01,1967,7,"Natural gas, Europe",Energy,($/mmbtu),0.46,0.0,0.0,9.52,15.0,-0.29
1967-08-01,1967,8,"Natural gas, Europe",Energy,($/mmbtu),0.46,0.0,0.0,9.52,15.0,-0.29
1967-09-01,1967,9,"Natural gas, Europe",Energy,($/mmbtu),0.46,0.0,0.0,9.52,15.0,-0.29
1967-10-01,1967,10,"Natural gas, Europe",Energy,($/mmbtu),0.46,0.0,0.0,9.52,15.0,-0.29
1967-11-01,1967,11,"Natural gas, Europe",Energy,($/mmbtu),0.46,0.0,0.0,9.52,15.0,-0.29
1967-12-01,1967,12,"Natural gas, Europe",Energy,($/mmbtu),0.46,0.0,0.0,9.52,15.0,-0.29
1968-01-01,1968,1,"Natural gas, Europe",Energy,($/mmbtu),0.45,-2.17,-2.17,-2.17,15.38,-1.08
1968-02-01,1968,2,"Natural gas, Europe",Energy,($/mmbtu),0.45,0.0,-2.17,-2.17,15.38,0.29
1968-03-01,1968,3,"Natural gas, Europe",Energy,($/mmbtu),0.45,0.0,-2.17,-2.17,15.38,0.29
1968-04-01,1968,4,"Natural gas, Europe",Energy,($/mmbtu),0.45,0.0,0.0,-2.17,15.38,0.29
1968-05-01,1968,5,"Natural gas, Europe",Energy,($/mmbtu),0.45,0.0,0.0,-2.17,15.38,0.29
1968-06-01,1968,6,"Natural gas, Europe",Energy,($/mmbtu),0.45,0.0,0.0,-2.17,15.38,0.29
1968-07-01,1968,7,"Natural gas, Europe",Energy,($/mmbtu),0.45,0.0,0.0,-2.17,15.38,0.29
1968-08-01,1968,8,"Natural gas, Europe",Energy,($/mmbtu),0.45,0.0,0.0,-2.17,15.38,0.29
1968-09-01,1968,9,"Natural gas, Europe",Energy,($/mmbtu),0.45,0.0,0.0,-2.17,15.38,0.29
1968-10-01,1968,10,"Natural gas, Europe",Energy,($/mmbtu),0.45,0.0,0.0,-2.17,15.38,0.29
1968-11-01,1968,11,"Natural gas, Europe",Energy,($/mmbtu),0.45,0.0,0.0,-2.17,15.38,0.29
1968-12-01,1968,12,"Natural gas, Europe",Energy,($/mmbtu),0.45,0.0,0.0,-2.17,15.38,0.29
1969-01-01,1969,1,"Natural gas, Europe",Energy,($/mmbtu),0.45,0.0,0.0,0.0,18.42,0.29
1969-02-01,1969,2,"Natural gas, Europe",Energy,($/mmbtu),0.45,0.0,0.0,0.0,18.42,0.0
1969-03-01,1969,3,"Natural gas, Europe",Energy,($/mmbtu),0.45,0.0,0.0,0.0,18.42,0.0
1969-04-01,1969,4,"Natural gas, Europe",Energy,($/mmbtu),0.45,0.0,0.0,0.0,18.42,0.0
1969-05-01,1969,5,"Natural gas, Europe",Energy,($/mmbtu),0.45,0.0,0.0,0.0,18.42,0.0
1969-06-01,1969,6,"Natural gas, Europe",Energy,($/mmbtu),0.45,0.0,0.0,0.0,18.42,0.0
1969-07-01,1969,7,"Natural gas, Europe",Energy,($/mmbtu),0.45,0.0,0.0,0.0,18.42,0.0
1969-08-01,1969,8,"Natural gas, Europe",Energy,($/mmbtu),0.45,0.0,0.0,0.0,18.42,0.0
1969-09-01,1969,9,"Natural gas, Europe",Energy,($/mmbtu),0.45,0.0,0.0,0.0,18.42,0.0
1969-10-01,1969,10,"Natural gas, Europe",Energy,($/mmbtu),0.45,0.0,0.0,0.0,18.42,0.0
1969-11-01,1969,11,"Natural gas, Europe",Energy,($/mmbtu),0.45,0.0,0.0,0.0,18.42,0.0
1969-12-01,1969,12,"Natural gas, Europe",Energy,($/mmbtu),0.45,0.0,0.0,0.0,18.42,0.0
1970-01-01,1970,1,"Natural gas, Europe",Energy,($/mmbtu),0.45,0.0,0.0,0.0,9.76,0.0
1970-02-01,1970,2,"Natural gas, Europe",Energy,($/mmbtu),0.45,0.0,0.0,0.0,9.76,0.0
1970-03-01,1970,3,"Natural gas, Europe",Energy,($/mmbtu),0.45,0.0,0.0,0.0,9.76,0.0
1970-04-01,1970,4,"Natural gas, Europe",Energy,($/mmbtu),0.45,0.0,0.0,0.0,9.76,0.0
1970-05-01,1970,5,"Natural gas, Europe",Energy,($/mmbtu),0.45,0.0,0.0,0.0,9.76,0.0
1970-06-01,1970,6,"Natural gas, Europe",Energy,($/mmbtu),0.45,0.0,0.0,0.0,9.76,0.0
1970-07-01,1970,7,"Natural gas, Europe",Energy,($/mmbtu),0.45,0.0,0.0,0.0,9.76,0.0
1970-08-01,1970,8,"Natural gas, Europe",Energy,($/mmbtu),0.45,0.0,0.0,0.0,9.76,0.0
1970-09-01,1970,9,"Natural gas, Europe",Energy,($/mmbtu),0.45,0.0,0.0,0.0,9.76,0.0
1970-10-01,1970,10,"Natural gas, Europe",Energy,($/mmbtu),0.45,0.0,0.0,0.0,9.76,0.0
1970-11-01,1970,11,"Natural gas, Europe",Energy,($/mmbtu),0.45,0.0,0.0,0.0,9.76,0.0
1970-12-01,1970,12,"Natural gas, Europe",Energy,($/mmbtu),0.45,0.0,0.0,0.0,9.76,0.0
1971-01-01,1971,1,"Natural gas, Europe",Energy,($/mmbtu),0.5,11.11,11.11,11.11,19.05,0.0
1971-02-01,1971,2,"Natural gas, Europe",Energy,($/mmbtu),0.5,0.0,11.11,11.11,19.05,-0.29
1971-03-01,1971,3,"Natural gas, Europe",Energy,($/mmbtu),0.5,0.0,11.11,11.11,19.05,-0.29
1971-04-01,1971,4,"Natural gas, Europe",Energy,($/mmbtu),0.5,0.0,0.0,11.11,19.05,-0.29
1971-05-01,1971,5,"Natural gas, Europe",Energy,($/mmbtu),0.5,0.0,0.0,11.11,19.05,-0.29
1971-06-01,1971,6,"Natural gas, Europe",Energy,($/mmbtu),0.5,0.0,0.0,11.11,19.05,-0.29
1971-07-01,1971,7,"Natural gas, Europe",Energy,($/mmbtu),0.5,0.0,0.0,11.11,19.05,-0.29
1971-08-01,1971,8,"Natural gas, Europe",Energy,($/mmbtu),0.5,0.0,0.0,11.11,19.05,-0.29
1971-09-01,1971,9,"Natural gas, Europe",Energy,($/mmbtu),0.5,0.0,0.0,11.11,19.05,-0.29
1971-10-01,1971,10,"Natural gas, Europe",Energy,($/mmbtu),0.5,0.0,0.0,11.11,19.05,-0.29
1971-11-01,1971,11,"Natural gas, Europe",Energy,($/mmbtu),0.5,0.0,0.0,11.11,19.05,-0.29
1971-12-01,1971,12,"Natural gas, Europe",Energy,($/mmbtu),0.5,0.0,0.0,11.11,19.05,-0.29
1972-01-01,1972,1,"Natural gas, Europe",Energy,($/mmbtu),0.54,8.0,8.0,8.0,17.39,2.21
1972-02-01,1972,2,"Natural gas, Europe",Energy,($/mmbtu),0.54,0.0,8.0,8.0,17.39,-0.29
1972-03-01,1972,3,"Natural gas, Europe",Energy,($/mmbtu),0.54,0.0,8.0,8.0,17.39,-0.29
1972-04-01,1972,4,"Natural gas, Europe",Energy,($/mmbtu),0.54,0.0,0.0,8.0,17.39,-0.29
1972-05-01,1972,5,"Natural gas, Europe",Energy,($/mmbtu),0.54,0.0,0.0,8.0,17.39,-0.29
1972-06-01,1972,6,"Natural gas, Europe",Energy,($/mmbtu),0.54,0.0,0.0,8.0,17.39,-0.29
1972-07-01,1972,7,"Natural gas, Europe",Energy,($/mmbtu),0.54,0.0,0.0,8.0,17.39,-0.29
1972-08-01,1972,8,"Natural gas, Europe",Energy,($/mmbtu),0.54,0.0,0.0,8.0,17.39,-0.29
1972-09-01,1972,9,"Natural gas, Europe",Energy,($/mmbtu),0.54,0.0,0.0,8.0,17.39,-0.29
1972-10-01,1972,10,"Natural gas, Europe",Energy,($/mmbtu),0.54,0.0,0.0,8.0,17.39,-0.29
1972-11-01,1972,11,"Natural gas, Europe",Energy,($/mmbtu),0.54,0.0,0.0,8.0,17.39,-0.29
1972-12-01,1972,12,"Natural gas, Europe",Energy,($/mmbtu),0.54,0.0,0.0,8.0,17.39,-0.29
1973-01-01,1973,1,"Natural gas, Europe",Energy,($/mmbtu),0.69,27.78,27.78,27.78,53.33,11.74
1973-02-01,1973,2,"Natural gas, Europe",Energy,($/mmbtu),0.69,0.0,27.78,27.78,53.33,-0.29
1973-03-01,1973,3,"Natural gas, Europe",Energy,($/mmbtu),0.69,0.0,27.78,27.78,53.33,-0.29
1973-04-01,1973,4,"Natural gas, Europe",Energy,($/mmbtu),0.69,0.0,0.0,27.78,53.33,-0.29
1973-05-01,1973,5,"Natural gas, Europe",Energy,($/mmbtu),0.69,0.0,0.0,27.78,53.33,-0.29
1973-06-01,1973,6,"Natural gas, Europe",Energy,($/mmbtu),0.69,0.0,0.0,27.78,53.33,-0.29
1973-07-01,1973,7,"Natural gas, Europe",Energy,($/mmbtu),0.69,0.0,0.0,27.78,53.33,-0.29
1973-08-01,1973,8,"Natural gas, Europe",Energy,($/mmbtu),0.69,0.0,0.0,27.78,53.33,-0.29
1973-09-01,1973,9,"Natural gas, Europe",Energy,($/mmbtu),0.69,0.0,0.0,27.78,53.33,-0.29
1973-10-01,1973,10,"Natural gas, Europe",Energy,($/mmbtu),0.69,0.0,0.0,27.78,53.33,-0.29
1973-11-01,1973,11,"Natural gas, Europe",Energy,($/mmbtu),0.69,0.0,0.0,27.78,53.33,-0.29
1973-12-01,1973,12,"Natural gas, Europe",Energy,($/mmbtu),0.69,0.0,0.0,27.78,53.33,-0.29
1974-01-01,1974,1,"Natural gas, Europe",Energy,($/mmbtu),1.73,150.72,150.72,150.72,284.44,18.51
1974-02-01,1974,2,"Natural gas, Europe",Energy,($/mmbtu),1.73,0.0,150.72,150.72,284.44,-0.29
1974-03-01,1974,3,"Natural gas, Europe",Energy,($/mmbtu),1.73,0.0,150.72,150.72,284.44,-0.29
1974-04-01,1974,4,"Natural gas, Europe",Energy,($/mmbtu),1.73,0.0,0.0,150.72,284.44,-0.29
1974-05-01,1974,5,"Natural gas, Europe",Energy,($/mmbtu),1.73,0.0,0.0,150.72,284.44,-0.29
1974-06-01,1974,6,"Natural gas, Europe",Energy,($/mmbtu),1.73,0.0,0.0,150.72,284.44,-0.29
1974-07-01,1974,7,"Natural gas, Europe",Energy,($/mmbtu),1.73,0.0,0.0,150.72,284.44,-0.29
1974-08-01,1974,8,"Natural gas, Europe",Energy,($/mmbtu),1.73,0.0,0.0,150.72,284.44,-0.29
1974-09-01,1974,9,"Natural gas, Europe",Energy,($/mmbtu),1.73,0.0,0.0,150.72,284.44,-0.29
1974-10-01,1974,10,"Natural gas, Europe",Energy,($/mmbtu),1.73,0.0,0.0,150.72,284.44,-0.29
1974-11-01,1974,11,"Natural gas, Europe",Energy,($/mmbtu),1.73,0.0,0.0,150.72,284.44,-0.29
1974-12-01,1974,12,"Natural gas, Europe",Energy,($/mmbtu),1.73,0.0,0.0,150.72,284.44,-0.29
1975-01-01,1975,1,"Natural gas, Europe",Energy,($/mmbtu),1.68,-2.89,-2.89,-2.89,273.33,-0.36
1975-02-01,1975,2,"Natural gas, Europe",Energy,($/mmbtu),1.68,0.0,-2.89,-2.89,273.33,0.29
1975-03-01,1975,3,"Natural gas, Europe",Energy,($/mmbtu),1.68,0.0,-2.89,-2.89,273.33,0.29
1975-04-01,1975,4,"Natural gas, Europe",Energy,($/mmbtu),1.68,0.0,0.0,-2.89,273.33,0.29
1975-05-01,1975,5,"Natural gas, Europe",Energy,($/mmbtu),1.68,0.0,0.0,-2.89,273.33,0.29
1975-06-01,1975,6,"Natural gas, Europe",Energy,($/mmbtu),1.68,0.0,0.0,-2.89,273.33,0.29
1975-07-01,1975,7,"Natural gas, Europe",Energy,($/mmbtu),1.68,0.0,0.0,-2.89,273.33,0.29
1975-08-01,1975,8,"Natural gas, Europe",Energy,($/mmbtu),1.68,0.0,0.0,-2.89,273.33,0.29
1975-09-01,1975,9,"Natural gas, Europe",Energy,($/mmbtu),1.68,0.0,0.0,-2.89,273.33,0.29
1975-10-01,1975,10,"Natural gas, Europe",Energy,($/mmbtu),1.68,0.0,0.0,-2.89,273.33,0.29
1975-11-01,1975,11,"Natural gas, Europe",Energy,($/mmbtu),1.68,0.0,0.0,-2.89,273.33,0.29
1975-12-01,1975,12,"Natural gas, Europe",Energy,($/mmbtu),1.68,0.0,0.0,-2.89,273.33,0.29
1976-01-01,1976,1,"Natural gas, Europe",Energy,($/mmbtu),1.74,3.57,3.57,3.57,248.0,4.57
1976-02-01,1976,2,"Natural gas, Europe",Energy,($/mmbtu),1.74,0.0,3.57,3.57,248.0,-0.29
1976-03-01,1976,3,"Natural gas, Europe",Energy,($/mmbtu),1.74,0.0,3.57,3.57,248.0,-0.29
1976-04-01,1976,4,"Natural gas, Europe",Energy,($/mmbtu),1.74,0.0,0.0,3.57,248.0,-0.29
1976-05-01,1976,5,"Natural gas, Europe",Energy,($/mmbtu),1.74,0.0,0.0,3.57,248.0,-0.29
1976-06-01,1976,6,"Natural gas, Europe",Energy,($/mmbtu),1.74,0.0,0.0,3.57,248.0,-0.29
1976-07-01,1976,7,"Natural gas, Europe",Energy,($/mmbtu),1.74,0.0,0.0,3.57,248.0,-0.29
1976-08-01,1976,8,"Natural gas, Europe",Energy,($/mmbtu),1.74,0.0,0.0,3.57,248.0,-0.29
1976-09-01,1976,9,"Natural gas, Europe",Energy,($/mmbtu),1.74,0.0,0.0,3.57,248.0,-0.29
1976-10-01,1976,10,"Natural gas, Europe",Energy,($/mmbtu),1.74,0.0,0.0,3.57,248.0,-0.29
1976-11-01,1976,11,"Natural gas, Europe",Energy,($/mmbtu),1.74,0.0,0.0,3.57,248.0,-0.29
1976-12-01,1976,12,"Natural gas, Europe",Energy,($/mmbtu),1.74,0.0,0.0,3.57,248.0,-0.29
1977-01-01,1977,1,"Natural gas, Europe",Energy,($/mmbtu),1.79,2.87,2.87,2.87,231.48,2.5
1977-02-01,1977,2,"Natural gas, Europe",Energy,($/mmbtu),1.79,0.0,2.87,2.87,231.48,-0.29
1977-03-01,1977,3,"Natural gas, Europe",Energy,($/mmbtu),1.79,0.0,2.87,2.87,231.48,-0.29
1977-04-01,1977,4,"Natural gas, Europe",Energy,($/mmbtu),1.79,0.0,0.0,2.87,231.48,-0.29
1977-05-01,1977,5,"Natural gas, Europe",Energy,($/mmbtu),1.79,0.0,0.0,2.87,231.48,-0.29
1977-06-01,1977,6,"Natural gas, Europe",Energy,($/mmbtu),1.79,0.0,0.0,2.87,231.48,-0.29
1977-07-01,1977,7,"Natural gas, Europe",Energy,($/mmbtu),1.79,0.0,0.0,2.87,231.48,-0.29
1977-08-01,1977,8,"Natural gas, Europe",Energy,($/mmbtu),1.79,0.0,0.0,2.87,231.48,-0.29
1977-09-01,1977,9,"Natural gas, Europe",Energy,($/mmbtu),1.79,0.0,0.0,2.87,231.48,-0.29
1977-10-01,1977,10,"Natural gas, Europe",Energy,($/mmbtu),1.79,0.0,0.0,2.87,231.48,-0.29
1977-11-01,1977,11,"Natural gas, Europe",Energy,($/mmbtu),1.79,0.0,0.0,2.87,231.48,-0.29
1977-12-01,1977,12,"Natural gas, Europe",Energy,($/mmbtu),1.79,0.0,0.0,2.87,231.48,-0.29
1978-01-01,1978,1,"Natural gas, Europe",Energy,($/mmbtu),2.3,28.49,28.49,28.49,233.33,34.06
1978-02-01,1978,2,"Natural gas, Europe",Energy,($/mmbtu),2.3,0.0,28.49,28.49,233.33,-0.29
1978-03-01,1978,3,"Natural gas, Europe",Energy,($/mmbtu),2.3,0.0,28.49,28.49,233.33,-0.29
1978-04-01,1978,4,"Natural gas, Europe",Energy,($/mmbtu),2.3,0.0,0.0,28.49,233.33,-0.29
1978-05-01,1978,5,"Natural gas, Europe",Energy,($/mmbtu),2.3,0.0,0.0,28.49,233.33,-0.29
1978-06-01,1978,6,"Natural gas, Europe",Energy,($/mmbtu),2.3,0.0,0.0,28.49,233.33,-0.29
1978-07-01,1978,7,"Natural gas, Europe",Energy,($/mmbtu),2.3,0.0,0.0,28.49,233.33,-0.29
1978-08-01,1978,8,"Natural gas, Europe",Energy,($/mmbtu),2.3,0.0,0.0,28.49,233.33,-0.29
1978-09-01,1978,9,"Natural gas, Europe",Energy,($/mmbtu),2.3,0.0,0.0,28.49,233.33,-0.29
1978-10-01,1978,10,"Natural gas, Europe",Energy,($/mmbtu),2.3,0.0,0.0,28.49,233.33,-0.29
1978-11-01,1978,11,"Natural gas, Europe",Energy,($/mmbtu),2.3,0.0,0.0,28.49,233.33,-0.29
1978-12-01,1978,12,"Natural gas, Europe",Energy,($/mmbtu),2.3,0.0,0.0,28.49,233.33,-0.29
1979-01-01,1979,1,"Natural gas, Europe",Energy,($/mmbtu),3.26,41.74,41.74,41.74,88.44,4.79
1979-02-01,1979,2,"Natural gas, Europe",Energy,($/mmbtu),3.26,0.0,41.74,41.74,88.44,-0.29
1979-03-01,1979,3,"Natural gas, Europe",Energy,($/mmbtu),3.26,0.0,41.74,41.74,88.44,-0.29
1979-04-01,1979,4,"Natural gas, Europe",Energy,($/mmbtu),3.26,0.0,0.0,41.74,88.44,-0.29
1979-05-01,1979,5,"Natural gas, Europe",Energy,($/mmbtu),3.26,0.0,0.0,41.74,88.44,-0.29
1979-06-01,1979,6,"Natural gas, Europe",Energy,($/mmbtu),3.26,0.0,0.0,41.74,88.44,-0.29
1979-07-01,1979,7,"Natural gas, Europe",Energy,($/mmbtu),3.26,0.0,0.0,41.74,88.44,-0.29
1979-08-01,1979,8,"Natural gas, Europe",Energy,($/mmbtu),3.26,0.0,0.0,41.74,88.44,-0.29
1979-09-01,1979,9,"Natural gas, Europe",Energy,($/mmbtu),3.26,0.0,0.0,41.74,88.44,-0.29
1979-10-01,1979,10,"Natural gas, Europe",Energy,($/mmbtu),3.26,0.0,0.0,41.74,88.44,-0.29
1979-11-01,1979,11,"Natural gas, Europe",Energy,($/mmbtu),3.26,0.0,0.0,41.74,88.44,-0.29
1979-12-01,1979,12,"Natural gas, Europe",Energy,($/mmbtu),3.26,0.0,0.0,41.74,88.44,-0.29
1980-01-01,1980,1,"Natural gas, Europe",Energy,($/mmbtu),4.22,29.45,29.45,29.45,151.19,2.16
1980-02-01,1980,2,"Natural gas, Europe",Energy,($/mmbtu),4.22,0.0,29.45,29.45,151.19,-0.29
1980-03-01,1980,3,"Natural gas, Europe",Energy,($/mmbtu),4.22,0.0,29.45,29.45,151.19,-0.29
1980-04-01,1980,4,"Natural gas, Europe",Energy,($/mmbtu),4.22,0.0,0.0,29.45,151.19,-0.29
1980-05-01,1980,5,"Natural gas, Europe",Energy,($/mmbtu),4.22,0.0,0.0,29.45,151.19,-0.29
1980-06-01,1980,6,"Natural gas, Europe",Energy,($/mmbtu),4.22,0.0,0.0,29.45,151.19,-0.29
1980-07-01,1980,7,"Natural gas, Europe",Energy,($/mmbtu),4.22,0.0,0.0,29.45,151.19,-0.29
1980-08-01,1980,8,"Natural gas, Europe",Energy,($/mmbtu),4.22,0.0,0.0,29.45,151.19,-0.29
1980-09-01,1980,9,"Natural gas, Europe",Energy,($/mmbtu),4.22,0.0,0.0,29.45,151.19,-0.29
1980-10-01,1980,10,"Natural gas, Europe",Energy,($/mmbtu),4.22,0.0,0.0,29.45,151.19,-0.29
1980-11-01,1980,11,"Natural gas, Europe",Energy,($/mmbtu),4.22,0.0,0.0,29.45,151.19,-0.29
1980-12-01,1980,12,"Natural gas, Europe",Energy,($/mmbtu),4.22,0.0,0.0,29.45,151.19,-0.29
1981-01-01,1981,1,"Natural gas, Europe",Energy,($/mmbtu),4.6,9.0,9.0,9.0,164.37,0.77
1981-02-01,1981,2,"Natural gas, Europe",Energy,($/mmbtu),4.6,0.0,9.0,9.0,164.37,-0.29
1981-03-01,1981,3,"Natural gas, Europe",Energy,($/mmbtu),4.6,0.0,9.0,9.0,164.37,-0.29
1981-04-01,1981,4,"Natural gas, Europe",Energy,($/mmbtu),4.6,0.0,0.0,9.0,164.37,-0.29
1981-05-01,1981,5,"Natural gas, Europe",Energy,($/mmbtu),4.6,0.0,0.0,9.0,164.37,-0.29
1981-06-01,1981,6,"Natural gas, Europe",Energy,($/mmbtu),4.6,0.0,0.0,9.0,164.37,-0.29
1981-07-01,1981,7,"Natural gas, Europe",Energy,($/mmbtu),4.6,0.0,0.0,9.0,164.37,-0.29
1981-08-01,1981,8,"Natural gas, Europe",Energy,($/mmbtu),4.6,0.0,0.0,9.0,164.37,-0.29
1981-09-01,1981,9,"Natural gas, Europe",Energy,($/mmbtu),4.6,0.0,0.0,9.0,164.37,-0.29
1981-10-01,1981,10,"Natural gas, Europe",Energy,($/mmbtu),4.6,0.0,0.0,9.0,164.37,-0.29
1981-11-01,1981,11,"Natural gas, Europe",Energy,($/mmbtu),4.6,0.0,0.0,9.0,164.37,-0.29
1981-12-01,1981,12,"Natural gas, Europe",Energy,($/mmbtu),4.6,0.0,0.0,9.0,164.37,-0.29
1982-01-01,1982,1,"Natural gas, Europe",Energy,($/mmbtu),4.45,-3.26,-3.26,-3.26,148.6,-1.54
1982-02-01,1982,2,"Natural gas, Europe",Energy,($/mmbtu),4.45,0.0,-3.26,-3.26,148.6,0.29
1982-03-01,1982,3,"Natural gas, Europe",Energy,($/mmbtu),4.45,0.0,-3.26,-3.26,148.6,0.29
1982-04-01,1982,4,"Natural gas, Europe",Energy,($/mmbtu),4.45,0.0,0.0,-3.26,148.6,0.29
1982-05-01,1982,5,"Natural gas, Europe",Energy,($/mmbtu),4.45,0.0,0.0,-3.26,148.6,0.29
1982-06-01,1982,6,"Natural gas, Europe",Energy,($/mmbtu),4.45,0.0,0.0,-3.26,148.6,0.29
1982-07-01,1982,7,"Natural gas, Europe",Energy,($/mmbtu),4.45,0.0,0.0,-3.26,148.6,0.29
1982-08-01,1982,8,"Natural gas, Europe",Energy,($/mmbtu),4.45,0.0,0.0,-3.26,148.6,0.29
1982-09-01,1982,9,"Natural gas, Europe",Energy,($/mmbtu),4.45,0.0,0.0,-3.26,148.6,0.29
1982-10-01,1982,10,"Natural gas, Europe",Energy,($/mmbtu),4.45,0.0,0.0,-3.26,148.6,0.29
1982-11-01,1982,11,"Natural gas, Europe",Energy,($/mmbtu),4.45,0.0,0.0,-3.26,148.6,0.29
1982-12-01,1982,12,"Natural gas, Europe",Energy,($/mmbtu),4.45,0.0,0.0,-3.26,148.6,0.29
1983-01-01,1983,1,"Natural gas, Europe",Energy,($/mmbtu),4.05,-8.99,-8.99,-8.99,76.09,-9.26
1983-02-01,1983,2,"Natural gas, Europe",Energy,($/mmbtu),4.05,0.0,-8.99,-8.99,76.09,0.29
1983-03-01,1983,3,"Natural gas, Europe",Energy,($/mmbtu),4.05,0.0,-8.99,-8.99,76.09,0.29
1983-04-01,1983,4,"Natural gas, Europe",Energy,($/mmbtu),4.05,0.0,0.0,-8.99,76.09,0.29
1983-05-01,1983,5,"Natural gas, Europe",Energy,($/mmbtu),4.05,0.0,0.0,-8.99,76.09,0.29
1983-06-01,1983,6,"Natural gas, Europe",Energy,($/mmbtu),4.05,0.0,0.0,-8.99,76.09,0.29
1983-07-01,1983,7,"Natural gas, Europe",Energy,($/mmbtu),4.05,0.0,0.0,-8.99,76.09,0.29
1983-08-01,1983,8,"Natural gas, Europe",Energy,($/mmbtu),4.05,0.0,0.0,-8.99,76.09,0.29
1983-09-01,1983,9,"Natural gas, Europe",Energy,($/mmbtu),4.05,0.0,0.0,-8.99,76.09,0.29
1983-10-01,1983,10,"Natural gas, Europe",Energy,($/mmbtu),4.05,0.0,0.0,-8.99,76.09,0.29
1983-11-01,1983,11,"Natural gas, Europe",Energy,($/mmbtu),4.05,0.0,0.0,-8.99,76.09,0.29
1983-12-01,1983,12,"Natural gas, Europe",Energy,($/mmbtu),4.05,0.0,0.0,-8.99,76.09,0.29
1984-01-01,1984,1,"Natural gas, Europe",Energy,($/mmbtu),3.76,-7.16,-7.16,-7.16,15.34,-2.47
1984-02-01,1984,2,"Natural gas, Europe",Energy,($/mmbtu),3.76,0.0,-7.16,-7.16,15.34,0.29
1984-03-01,1984,3,"Natural gas, Europe",Energy,($/mmbtu),3.76,0.0,-7.16,-7.16,15.34,0.29
1984-04-01,1984,4,"Natural gas, Europe",Energy,($/mmbtu),3.76,0.0,0.0,-7.16,15.34,0.29
1984-05-01,1984,5,"Natural gas, Europe",Energy,($/mmbtu),3.76,0.0,0.0,-7.16,15.34,0.29
1984-06-01,1984,6,"Natural gas, Europe",Energy,($/mmbtu),3.76,0.0,0.0,-7.16,15.34,0.29
1984-07-01,1984,7,"Natural gas, Europe",Energy,($/mmbtu),3.76,0.0,0.0,-7.16,15.34,0.29
1984-08-01,1984,8,"Natural gas, Europe",Energy,($/mmbtu),3.76,0.0,0.0,-7.16,15.34,0.29
1984-09-01,1984,9,"Natural gas, Europe",Energy,($/mmbtu),3.76,0.0,0.0,-7.16,15.34,0.29
1984-10-01,1984,10,"Natural gas, Europe",Energy,($/mmbtu),3.76,0.0,0.0,-7.16,15.34,0.29
1984-11-01,1984,11,"Natural gas, Europe",Energy,($/mmbtu),3.76,0.0,0.0,-7.16,15.34,0.29
1984-12-01,1984,12,"Natural gas, Europe",Energy,($/mmbtu),3.76,0.0,0.0,-7.16,15.34,0.29
1985-01-01,1985,1,"Natural gas, Europe",Energy,($/mmbtu),3.65,-2.93,-2.93,-2.93,-13.51,-1.13
1985-02-01,1985,2,"Natural gas, Europe",Energy,($/mmbtu),3.65,0.0,-2.93,-2.93,-13.51,0.29
1985-03-01,1985,3,"Natural gas, Europe",Energy,($/mmbtu),3.65,0.0,-2.93,-2.93,-13.51,0.29
1985-04-01,1985,4,"Natural gas, Europe",Energy,($/mmbtu),3.65,0.0,0.0,-2.93,-13.51,0.29
1985-05-01,1985,5,"Natural gas, Europe",Energy,($/mmbtu),3.65,0.0,0.0,-2.93,-13.51,0.29
1985-06-01,1985,6,"Natural gas, Europe",Energy,($/mmbtu),3.65,0.0,0.0,-2.93,-13.51,0.29
1985-07-01,1985,7,"Natural gas, Europe",Energy,($/mmbtu),3.65,0.0,0.0,-2.93,-13.51,0.29
1985-08-01,1985,8,"Natural gas, Europe",Energy,($/mmbtu),3.65,0.0,0.0,-2.93,-13.51,0.29
1985-09-01,1985,9,"Natural gas, Europe",Energy,($/mmbtu),3.65,0.0,0.0,-2.93,-13.51,0.29
1985-10-01,1985,10,"Natural gas, Europe",Energy,($/mmbtu),3.65,0.0,0.0,-2.93,-13.51,0.29
1985-11-01,1985,11,"Natural gas, Europe",Energy,($/mmbtu),3.65,0.0,0.0,-2.93,-13.51,0.29
1985-12-01,1985,12,"Natural gas, Europe",Energy,($/mmbtu),3.65,0.0,0.0,-2.93,-13.51,0.29
1986-01-01,1986,1,"Natural gas, Europe",Energy,($/mmbtu),3.65,0.0,0.0,0.0,-20.65,0.29
1986-02-01,1986,2,"Natural gas, Europe",Energy,($/mmbtu),3.65,0.0,0.0,0.0,-20.65,0.0
1986-03-01,1986,3,"Natural gas, Europe",Energy,($/mmbtu),3.65,0.0,0.0,0.0,-20.65,0.0
1986-04-01,1986,4,"Natural gas, Europe",Energy,($/mmbtu),3.65,0.0,0.0,0.0,-20.65,0.0
1986-05-01,1986,5,"Natural gas, Europe",Energy,($/mmbtu),3.65,0.0,0.0,0.0,-20.65,0.0
1986-06-01,1986,6,"Natural gas, Europe",Energy,($/mmbtu),3.65,0.0,0.0,0.0,-20.65,0.0
1986-07-01,1986,7,"Natural gas, Europe",Energy,($/mmbtu),3.65,0.0,0.0,0.0,-20.65,0.0
1986-08-01,1986,8,"Natural gas, Europe",Energy,($/mmbtu),3.65,0.0,0.0,0.0,-20.65,0.0
1986-09-01,1986,9,"Natural gas, Europe",Energy,($/mmbtu),3.65,0.0,0.0,0.0,-20.65,0.0
1986-10-01,1986,10,"Natural gas, Europe",Energy,($/mmbtu),3.65,0.0,0.0,0.0,-20.65,0.0
1986-11-01,1986,11,"Natural gas, Europe",Energy,($/mmbtu),3.65,0.0,0.0,0.0,-20.65,0.0
1986-12-01,1986,12,"Natural gas, Europe",Energy,($/mmbtu),3.65,0.0,0.0,0.0,-20.65,0.0
1987-01-01,1987,1,"Natural gas, Europe",Energy,($/mmbtu),2.59,-29.04,-29.04,-29.04,-41.8,0.0
1987-02-01,1987,2,"Natural gas, Europe",Energy,($/mmbtu),2.59,0.0,-29.04,-29.04,-41.8,0.29
1987-03-01,1987,3,"Natural gas, Europe",Energy,($/mmbtu),2.59,0.0,-29.04,-29.04,-41.8,0.29
1987-04-01,1987,4,"Natural gas, Europe",Energy,($/mmbtu),2.59,0.0,0.0,-29.04,-41.8,0.29
1987-05-01,1987,5,"Natural gas, Europe",Energy,($/mmbtu),2.59,0.0,0.0,-29.04,-41.8,0.29
1987-06-01,1987,6,"Natural gas, Europe",Energy,($/mmbtu),2.59,0.0,0.0,-29.04,-41.8,0.29
1987-07-01,1987,7,"Natural gas, Europe",Energy,($/mmbtu),2.59,0.0,0.0,-29.04,-41.8,0.29
1987-08-01,1987,8,"Natural gas, Europe",Energy,($/mmbtu),2.59,0.0,0.0,-29.04,-41.8,0.29
1987-09-01,1987,9,"Natural gas, Europe",Energy,($/mmbtu),2.59,0.0,0.0,-29.04,-41.8,0.29
1987-10-01,1987,10,"Natural gas, Europe",Energy,($/mmbtu),2.59,0.0,0.0,-29.04,-41.8,0.29
1987-11-01,1987,11,"Natural gas, Europe",Energy,($/mmbtu),2.59,0.0,0.0,-29.04,-41.8,0.29
1987-12-01,1987,12,"Natural gas, Europe",Energy,($/mmbtu),2.59,0.0,0.0,-29.04,-41.8,0.29
1988-01-01,1988,1,"Natural gas, Europe",Energy,($/mmbtu),2.36,-8.88,-8.88,-8.88,-41.73,-0.77
1988-02-01,1988,2,"Natural gas, Europe",Energy,($/mmbtu),2.36,0.0,-8.88,-8.88,-41.73,0.29
1988-03-01,1988,3,"Natural gas, Europe",Energy,($/mmbtu),2.36,0.0,-8.88,-8.88,-41.73,0.29
1988-04-01,1988,4,"Natural gas, Europe",Energy,($/mmbtu),2.36,0.0,0.0,-8.88,-41.73,0.29
1988-05-01,1988,5,"Natural gas, Europe",Energy,($/mmbtu),2.36,0.0,0.0,-8.88,-41.73,0.29
1988-06-01,1988,6,"Natural gas, Europe",Energy,($/mmbtu),2.36,0.0,0.0,-8.88,-41.73,0.29
1988-07-01,1988,7,"Natural gas, Europe",Energy,($/mmbtu),2.36,0.0,0.0,-8.88,-41.73,0.29
1988-08-01,1988,8,"Natural gas, Europe",Energy,($/mmbtu),2.36,0.0,0.0,-8.88,-41.73,0.29
1988-09-01,1988,9,"Natural gas, Europe",Energy,($/mmbtu),2.36,0.0,0.0,-8.88,-41.73,0.29
1988-10-01,1988,10,"Natural gas, Europe",Energy,($/mmbtu),2.36,0.0,0.0,-8.88,-41.73,0.29
1988-11-01,1988,11,"Natural gas, Europe",Energy,($/mmbtu),2.36,0.0,0.0,-8.88,-41.73,0.29
1988-12-01,1988,12,"Natural gas, Europe",Energy,($/mmbtu),2.36,0.0,0.0,-8.88,-41.73,0.29
1989-01-01,1989,1,"Natural gas, Europe",Energy,($/mmbtu),2.09,-11.44,-11.44,-11.44,-44.41,-4.17
1989-02-01,1989,2,"Natural gas, Europe",Energy,($/mmbtu),2.09,0.0,-11.44,-11.44,-44.41,0.29
1989-03-01,1989,3,"Natural gas, Europe",Energy,($/mmbtu),2.09,0.0,-11.44,-11.44,-44.41,0.29
1989-04-01,1989,4,"Natural gas, Europe",Energy,($/mmbtu),2.09,0.0,0.0,-11.44,-44.41,0.29
1989-05-01,1989,5,"Natural gas, Europe",Energy,($/mmbtu),2.09,0.0,0.0,-11.44,-44.41,0.29
1989-06-01,1989,6,"Natural gas, Europe",Energy,($/mmbtu),2.09,0.0,0.0,-11.44,-44.41,0.29
1989-07-01,1989,7,"Natural gas, Europe",Energy,($/mmbtu),2.09,0.0,0.0,-11.44,-44.41,0.29
1989-08-01,1989,8,"Natural gas, Europe",Energy,($/mmbtu),2.09,0.0,0.0,-11.44,-44.41,0.29
1989-09-01,1989,9,"Natural gas, Europe",Energy,($/mmbtu),2.09,0.0,0.0,-11.44,-44.41,0.29
1989-10-01,1989,10,"Natural gas, Europe",Energy,($/mmbtu),2.09,0.0,0.0,-11.44,-44.41,0.29
1989-11-01,1989,11,"Natural gas, Europe",Energy,($/mmbtu),2.09,0.0,0.0,-11.44,-44.41,0.29
1989-12-01,1989,12,"Natural gas, Europe",Energy,($/mmbtu),2.09,0.0,0.0,-11.44,-44.41,0.29
1990-01-01,1990,1,"Natural gas, Europe",Energy,($/mmbtu),2.82,34.93,34.93,34.93,-22.74,10.86
1990-02-01,1990,2,"Natural gas, Europe",Energy,($/mmbtu),2.82,0.0,34.93,34.93,-22.74,-0.29
1990-03-01,1990,3,"Natural gas, Europe",Energy,($/mmbtu),2.82,0.0,34.93,34.93,-22.74,-0.29
1990-04-01,1990,4,"Natural gas, Europe",Energy,($/mmbtu),2.82,0.0,0.0,34.93,-22.74,-0.29
1990-05-01,1990,5,"Natural gas, Europe",Energy,($/mmbtu),2.82,0.0,0.0,34.93,-22.74,-0.29
1990-06-01,1990,6,"Natural gas, Europe",Energy,($/mmbtu),2.82,0.0,0.0,34.93,-22.74,-0.29
1990-07-01,1990,7,"Natural gas, Europe",Energy,($/mmbtu),2.82,0.0,0.0,34.93,-22.74,-0.29
1990-08-01,1990,8,"Natural gas, Europe",Energy,($/mmbtu),2.82,0.0,0.0,34.93,-22.74,-0.29
1990-09-01,1990,9,"Natural gas, Europe",Energy,($/mmbtu),2.82,0.0,0.0,34.93,-22.74,-0.29
1990-10-01,1990,10,"Natural gas, Europe",Energy,($/mmbtu),2.82,0.0,0.0,34.93,-22.74,-0.29
1990-11-01,1990,11,"Natural gas, Europe",Energy,($/mmbtu),2.82,0.0,0.0,34.93,-22.74,-0.29
1990-12-01,1990,12,"Natural gas, Europe",Energy,($/mmbtu),2.82,0.0,0.0,34.93,-22.74,-0.29
1991-01-01,1991,1,"Natural gas, Europe",Energy,($/mmbtu),3.44,21.99,21.99,21.99,-5.75,1.89
1991-02-01,1991,2,"Natural gas, Europe",Energy,($/mmbtu),3.41,-0.87,20.92,20.92,-6.58,-0.43
1991-03-01,1991,3,"Natural gas, Europe",Energy,($/mmbtu),3.33,-2.35,18.09,18.09,-8.77,-0.64
1991-04-01,1991,4,"Natural gas, Europe",Energy,($/mmbtu),3.47,4.2,0.87,23.05,-4.93,0.41
1991-05-01,1991,5,"Natural gas, Europe",Energy,($/mmbtu),3.37,-2.88,-1.17,19.5,-7.67,-0.74
1991-06-01,1991,6,"Natural gas, Europe",Energy,($/mmbtu),3.29,-2.37,-1.2,16.67,-9.86,-0.61
1991-07-01,1991,7,"Natural gas, Europe",Energy,($/mmbtu),3.0,-8.81,-13.54,6.38,-17.81,-1.53
1991-08-01,1991,8,"Natural gas, Europe",Energy,($/mmbtu),2.98,-0.67,-11.57,5.67,-18.36,-0.19
1991-09-01,1991,9,"Natural gas, Europe",Energy,($/mmbtu),2.97,-0.34,-9.73,5.32,-18.63,-0.14
1991-10-01,1991,10,"Natural gas, Europe",Energy,($/mmbtu),2.71,-8.75,-9.67,-3.9,-25.75,-1.28
1991-11-01,1991,11,"Natural gas, Europe",Energy,($/mmbtu),2.7,-0.37,-9.4,-4.26,-26.03,-0.04
1991-12-01,1991,12,"Natural gas, Europe",Energy,($/mmbtu),2.7,0.0,-9.09,-4.26,-26.03,0.01
1992-01-01,1992,1,"Natural gas, Europe",Energy,($/mmbtu),2.57,-4.81,-5.17,-25.29,-0.77,-0.6
1992-02-01,1992,2,"Natural gas, Europe",Energy,($/mmbtu),2.5,-2.72,-7.41,-26.69,-3.47,-0.1
1992-03-01,1992,3,"Natural gas, Europe",Energy,($/mmbtu),2.58,3.2,-4.44,-22.52,-0.39,1.55
1992-04-01,1992,4,"Natural gas, Europe",Energy,($/mmbtu),2.47,-4.26,-3.89,-28.82,-4.63,-0.56
1992-05-01,1992,5,"Natural gas, Europe",Energy,($/mmbtu),2.49,0.81,-0.4,-26.11,-3.86,1.0
1992-06-01,1992,6,"Natural gas, Europe",Energy,($/mmbtu),2.5,0.4,-3.1,-24.01,-3.47,0.77
1992-07-01,1992,7,"Natural gas, Europe",Energy,($/mmbtu),2.55,2.0,3.24,-15.0,-1.54,1.11
1992-08-01,1992,8,"Natural gas, Europe",Energy,($/mmbtu),2.56,0.39,2.81,-14.09,-1.16,0.51
1992-09-01,1992,9,"Natural gas, Europe",Energy,($/mmbtu),2.57,0.39,2.8,-13.47,-0.77,0.48
1992-10-01,1992,10,"Natural gas, Europe",Energy,($/mmbtu),2.63,2.33,3.14,-2.95,1.54,1.03
1992-11-01,1992,11,"Natural gas, Europe",Energy,($/mmbtu),2.64,0.38,3.12,-2.22,1.93,0.24
1992-12-01,1992,12,"Natural gas, Europe",Energy,($/mmbtu),2.64,0.0,2.72,-2.22,1.93,0.06
1993-01-01,1993,1,"Natural gas, Europe",Energy,($/mmbtu),2.76,4.55,4.94,7.39,16.95,1.87
1993-02-01,1993,2,"Natural gas, Europe",Energy,($/mmbtu),2.74,-0.72,3.79,9.6,16.1,-0.56
1993-03-01,1993,3,"Natural gas, Europe",Energy,($/mmbtu),2.75,0.36,4.17,6.59,16.53,-0.19
1993-04-01,1993,4,"Natural gas, Europe",Energy,($/mmbtu),2.68,-2.55,-2.9,8.5,13.56,-1.51
1993-05-01,1993,5,"Natural gas, Europe",Energy,($/mmbtu),2.68,0.0,-2.19,7.63,13.56,-0.4
1993-06-01,1993,6,"Natural gas, Europe",Energy,($/mmbtu),2.68,0.0,-2.55,7.2,13.56,-0.36
1993-07-01,1993,7,"Natural gas, Europe",Energy,($/mmbtu),2.66,-0.75,-0.75,4.31,12.71,-0.77
1993-08-01,1993,8,"Natural gas, Europe",Energy,($/mmbtu),2.65,-0.38,-1.12,3.52,12.29,-0.43
1993-09-01,1993,9,"Natural gas, Europe",Energy,($/mmbtu),2.62,-1.13,-2.24,1.95,11.02,-0.83
1993-10-01,1993,10,"Natural gas, Europe",Energy,($/mmbtu),2.62,0.0,-1.5,-0.38,11.02,-0.1
1993-11-01,1993,11,"Natural gas, Europe",Energy,($/mmbtu),2.62,0.0,-1.13,-0.76,11.02,0.01
1993-12-01,1993,12,"Natural gas, Europe",Energy,($/mmbtu),2.6,-0.76,-0.76,-1.52,10.17,-0.43
1994-01-01,1994,1,"Natural gas, Europe",Energy,($/mmbtu),2.47,-5.0,-5.73,-10.51,18.18,-2.95
1994-02-01,1994,2,"Natural gas, Europe",Energy,($/mmbtu),2.36,-4.45,-9.92,-13.87,12.92,-2.36
1994-03-01,1994,3,"Natural gas, Europe",Energy,($/mmbtu),2.36,0.0,-9.23,-14.18,12.92,0.67
1994-04-01,1994,4,"Natural gas, Europe",Energy,($/mmbtu),2.36,0.0,-4.45,-11.94,12.92,0.7
1994-05-01,1994,5,"Natural gas, Europe",Energy,($/mmbtu),2.36,0.0,0.0,-11.94,12.92,0.59
1994-06-01,1994,6,"Natural gas, Europe",Energy,($/mmbtu),2.36,0.0,0.0,-11.94,12.92,0.59
1994-07-01,1994,7,"Natural gas, Europe",Energy,($/mmbtu),2.42,2.54,2.54,-9.02,15.79,2.02
1994-08-01,1994,8,"Natural gas, Europe",Energy,($/mmbtu),2.46,1.65,4.24,-7.17,17.7,1.18
1994-09-01,1994,9,"Natural gas, Europe",Energy,($/mmbtu),2.48,0.81,5.08,-5.34,18.66,0.65
1994-10-01,1994,10,"Natural gas, Europe",Energy,($/mmbtu),2.56,3.23,5.79,-2.29,22.49,1.67
1994-11-01,1994,11,"Natural gas, Europe",Energy,($/mmbtu),2.57,0.39,4.47,-1.91,22.97,0.23
1994-12-01,1994,12,"Natural gas, Europe",Energy,($/mmbtu),2.56,-0.39,3.23,-1.54,22.49,-0.1
1995-01-01,1995,1,"Natural gas, Europe",Energy,($/mmbtu),2.66,3.91,3.91,7.69,-5.67,1.65
1995-02-01,1995,2,"Natural gas, Europe",Energy,($/mmbtu),2.66,0.0,3.5,12.71,-5.67,-0.3
1995-03-01,1995,3,"Natural gas, Europe",Energy,($/mmbtu),2.65,-0.38,3.52,12.29,-6.03,-0.95
1995-04-01,1995,4,"Natural gas, Europe",Energy,($/mmbtu),2.71,2.26,1.88,14.83,-3.9,0.86
1995-05-01,1995,5,"Natural gas, Europe",Energy,($/mmbtu),2.71,0.0,1.88,14.83,-3.9,-0.78
1995-06-01,1995,6,"Natural gas, Europe",Energy,($/mmbtu),2.73,0.74,3.02,15.68,-3.19,-0.29
1995-07-01,1995,7,"Natural gas, Europe",Energy,($/mmbtu),2.8,2.56,3.32,15.7,-0.71,0.91
1995-08-01,1995,8,"Natural gas, Europe",Energy,($/mmbtu),2.8,0.0,3.32,13.82,-0.71,-0.84
1995-09-01,1995,9,"Natural gas, Europe",Energy,($/mmbtu),2.78,-0.71,1.83,12.1,-1.42,-1.21
1995-10-01,1995,10,"Natural gas, Europe",Energy,($/mmbtu),2.75,-1.08,-1.79,7.42,-2.48,-1.29
1995-11-01,1995,11,"Natural gas, Europe",Energy,($/mmbtu),2.75,0.0,-1.79,7.0,-2.48,-0.4
1995-12-01,1995,12,"Natural gas, Europe",Energy,($/mmbtu),2.73,-0.73,-1.8,6.64,-3.19,-0.86
1996-01-01,1996,1,"Natural gas, Europe",Energy,($/mmbtu),2.75,0.73,0.0,3.38,-20.06,0.12
1996-02-01,1996,2,"Natural gas, Europe",Energy,($/mmbtu),2.77,0.73,0.73,4.14,-18.77,0.39
1996-03-01,1996,3,"Natural gas, Europe",Energy,($/mmbtu),2.67,-3.61,-2.2,0.75,-19.82,-3.48
1996-04-01,1996,4,"Natural gas, Europe",Energy,($/mmbtu),3.1,16.1,12.73,14.39,-10.66,9.96
1996-05-01,1996,5,"Natural gas, Europe",Energy,($/mmbtu),2.81,-9.35,1.44,3.69,-16.62,-2.16
1996-06-01,1996,6,"Natural gas, Europe",Energy,($/mmbtu),2.81,0.0,5.24,2.93,-14.59,-0.08
1996-07-01,1996,7,"Natural gas, Europe",Energy,($/mmbtu),2.78,-1.07,-10.32,-0.71,-7.33,-0.25
1996-08-01,1996,8,"Natural gas, Europe",Energy,($/mmbtu),2.79,0.36,-0.71,-0.36,-6.38,0.05
1996-09-01,1996,9,"Natural gas, Europe",Energy,($/mmbtu),2.79,0.0,-0.71,0.36,-6.06,-0.02
1996-10-01,1996,10,"Natural gas, Europe",Energy,($/mmbtu),2.94,5.38,5.76,6.91,8.49,0.9
1996-11-01,1996,11,"Natural gas, Europe",Energy,($/mmbtu),2.96,0.68,6.09,7.64,9.63,-0.01
1996-12-01,1996,12,"Natural gas, Europe",Energy,($/mmbtu),2.96,0.0,6.09,8.42,9.63,-0.13
1997-01-01,1997,1,"Natural gas, Europe",Energy,($/mmbtu),2.89,-2.36,-1.7,5.09,12.45,-0.54
1997-02-01,1997,2,"Natural gas, Europe",Energy,($/mmbtu),2.89,0.0,-2.36,4.33,15.6,-0.1
1997-03-01,1997,3,"Natural gas, Europe",Energy,($/mmbtu),2.83,-2.08,-4.39,5.99,9.69,-0.43
1997-04-01,1997,4,"Natural gas, Europe",Energy,($/mmbtu),2.77,-2.12,-4.15,-10.65,12.15,-0.47
1997-05-01,1997,5,"Natural gas, Europe",Energy,($/mmbtu),2.74,-1.08,-5.19,-2.49,10.04,-0.06
1997-06-01,1997,6,"Natural gas, Europe",Energy,($/mmbtu),2.76,0.73,-2.47,-1.78,10.4,0.45
1997-07-01,1997,7,"Natural gas, Europe",Energy,($/mmbtu),2.67,-3.26,-3.61,-3.96,4.71,-1.52
1997-08-01,1997,8,"Natural gas, Europe",Energy,($/mmbtu),2.67,0.0,-2.55,-4.3,4.3,0.14
1997-09-01,1997,9,"Natural gas, Europe",Energy,($/mmbtu),2.7,1.12,-2.17,-3.23,5.06,0.66
1997-10-01,1997,10,"Natural gas, Europe",Energy,($/mmbtu),2.63,-2.59,-1.5,-10.54,0.0,-1.03
1997-11-01,1997,11,"Natural gas, Europe",Energy,($/mmbtu),2.66,1.14,-0.37,-10.14,0.76,1.36
1997-12-01,1997,12,"Natural gas, Europe",Energy,($/mmbtu),2.65,-0.38,-1.85,-10.47,0.38,0.32
1998-01-01,1998,1,"Natural gas, Europe",Energy,($/mmbtu),2.65,0.0,0.76,-8.3,-3.99,0.59
1998-02-01,1998,2,"Natural gas, Europe",Energy,($/mmbtu),2.63,-0.75,-1.13,-9.0,-4.01,-0.03
1998-03-01,1998,3,"Natural gas, Europe",Energy,($/mmbtu),2.61,-0.76,-1.51,-7.77,-5.09,0.01
1998-04-01,1998,4,"Natural gas, Europe",Energy,($/mmbtu),2.54,-2.68,-4.15,-8.3,-5.22,-1.42
1998-05-01,1998,5,"Natural gas, Europe",Energy,($/mmbtu),2.51,-1.18,-4.56,-8.39,-6.34,-0.32
1998-06-01,1998,6,"Natural gas, Europe",Energy,($/mmbtu),2.5,-0.4,-4.21,-9.42,-6.72,0.22
1998-07-01,1998,7,"Natural gas, Europe",Energy,($/mmbtu),2.4,-4.0,-5.51,-10.11,-9.77,-2.25
1998-08-01,1998,8,"Natural gas, Europe",Energy,($/mmbtu),2.37,-1.25,-5.58,-11.24,-10.57,-0.24
1998-09-01,1998,9,"Natural gas, Europe",Energy,($/mmbtu),2.33,-1.69,-6.8,-13.7,-11.07,-0.47
1998-10-01,1998,10,"Natural gas, Europe",Energy,($/mmbtu),2.17,-6.87,-9.58,-17.49,-17.18,-4.11
1998-11-01,1998,11,"Natural gas, Europe",Energy,($/mmbtu),2.15,-0.92,-9.28,-19.17,-17.94,0.31
1998-12-01,1998,12,"Natural gas, Europe",Energy,($/mmbtu),2.13,-0.93,-8.58,-19.62,-18.08,0.41
1999-01-01,1999,1,"Natural gas, Europe",Energy,($/mmbtu),2.02,-5.16,-6.91,-23.77,-18.22,-1.75
1999-02-01,1999,2,"Natural gas, Europe",Energy,($/mmbtu),2.01,-0.5,-6.51,-23.57,-14.83,0.83
1999-03-01,1999,3,"Natural gas, Europe",Energy,($/mmbtu),1.95,-2.99,-8.45,-25.29,-17.37,-0.38
1999-04-01,1999,4,"Natural gas, Europe",Energy,($/mmbtu),1.87,-4.1,-7.43,-26.38,-20.76,-0.84
1999-05-01,1999,5,"Natural gas, Europe",Energy,($/mmbtu),1.89,1.07,-5.97,-24.7,-19.92,1.7
1999-06-01,1999,6,"Natural gas, Europe",Energy,($/mmbtu),1.91,1.06,-2.05,-23.6,-19.07,1.45
1999-07-01,1999,7,"Natural gas, Europe",Energy,($/mmbtu),2.0,4.71,6.95,-16.67,-17.36,2.8
1999-08-01,1999,8,"Natural gas, Europe",Energy,($/mmbtu),2.08,4.0,10.05,-12.24,-15.45,1.77
1999-09-01,1999,9,"Natural gas, Europe",Energy,($/mmbtu),2.2,5.77,15.18,-5.58,-11.29,1.96
1999-10-01,1999,10,"Natural gas, Europe",Energy,($/mmbtu),2.47,12.27,23.5,13.82,-3.52,3.19
1999-11-01,1999,11,"Natural gas, Europe",Energy,($/mmbtu),2.51,1.62,20.67,16.74,-2.33,0.09
1999-12-01,1999,12,"Natural gas, Europe",Energy,($/mmbtu),2.66,5.98,20.91,24.88,3.91,0.95
2000-01-01,2000,1,"Natural gas, Europe",Energy,($/mmbtu),3.36,26.32,36.03,66.34,26.32,4.93
2000-02-01,2000,2,"Natural gas, Europe",Energy,($/mmbtu),3.46,2.98,37.85,72.14,30.08,-0.2
2000-03-01,2000,3,"Natural gas, Europe",Energy,($/mmbtu),3.51,1.45,31.95,80.0,32.45,-0.43
2000-04-01,2000,4,"Natural gas, Europe",Energy,($/mmbtu),3.68,4.84,9.52,96.79,35.79,-0.05
2000-05-01,2000,5,"Natural gas, Europe",Energy,($/mmbtu),3.55,-3.53,2.6,87.83,31.0,-1.34
2000-06-01,2000,6,"Natural gas, Europe",Energy,($/mmbtu),3.6,1.41,2.56,88.48,31.87,-0.56
2000-07-01,2000,7,"Natural gas, Europe",Energy,($/mmbtu),3.96,10.0,7.61,98.0,41.43,0.58
2000-08-01,2000,8,"Natural gas, Europe",Energy,($/mmbtu),4.01,1.26,12.96,92.79,43.21,-0.64
2000-09-01,2000,9,"Natural gas, Europe",Energy,($/mmbtu),4.03,0.5,11.94,83.18,44.96,-0.7
2000-10-01,2000,10,"Natural gas, Europe",Energy,($/mmbtu),4.31,6.95,8.84,74.49,56.73,0.19
2000-11-01,2000,11,"Natural gas, Europe",Energy,($/mmbtu),4.39,1.86,9.48,74.9,59.64,-0.41
2000-12-01,2000,12,"Natural gas, Europe",Energy,($/mmbtu),4.44,1.14,10.17,66.92,62.64,-0.51
2001-01-01,2001,1,"Natural gas, Europe",Energy,($/mmbtu),4.65,4.73,7.89,38.39,69.09,0.02
2001-02-01,2001,2,"Natural gas, Europe",Energy,($/mmbtu),4.59,-1.29,4.56,32.66,65.7,-1.18
2001-03-01,2001,3,"Natural gas, Europe",Energy,($/mmbtu),4.57,-0.44,2.93,30.2,71.16,-0.79
2001-04-01,2001,4,"Natural gas, Europe",Energy,($/mmbtu),4.48,-1.97,-3.66,21.74,44.52,-1.14
2001-05-01,2001,5,"Natural gas, Europe",Energy,($/mmbtu),4.36,-2.68,-5.01,22.82,55.16,-1.15
2001-06-01,2001,6,"Natural gas, Europe",Energy,($/mmbtu),4.33,-0.69,-5.25,20.28,54.09,-0.66
2001-07-01,2001,7,"Natural gas, Europe",Energy,($/mmbtu),3.75,-13.39,-16.29,-5.3,34.89,-3.94
2001-08-01,2001,8,"Natural gas, Europe",Energy,($/mmbtu),3.79,1.07,-13.07,-5.49,35.84,0.28
2001-09-01,2001,9,"Natural gas, Europe",Energy,($/mmbtu),3.79,0.0,-12.47,-5.96,35.84,0.07
2001-10-01,2001,10,"Natural gas, Europe",Energy,($/mmbtu),3.52,-7.12,-6.13,-18.33,19.73,-1.36
2001-11-01,2001,11,"Natural gas, Europe",Energy,($/mmbtu),3.46,-1.7,-8.71,-21.18,16.89,-0.03
2001-12-01,2001,12,"Natural gas, Europe",Energy,($/mmbtu),3.4,-1.73,-10.29,-23.42,14.86,0.03
2002-01-01,2002,1,"Natural gas, Europe",Energy,($/mmbtu),3.06,-10.0,-13.07,-34.19,5.88,-1.77
2002-02-01,2002,2,"Natural gas, Europe",Energy,($/mmbtu),3.03,-0.98,-12.43,-33.99,4.84,0.53
2002-03-01,2002,3,"Natural gas, Europe",Energy,($/mmbtu),2.97,-1.98,-12.65,-35.01,4.95,0.3
2002-04-01,2002,4,"Natural gas, Europe",Energy,($/mmbtu),2.81,-5.39,-8.17,-37.28,1.44,-0.45
2002-05-01,2002,5,"Natural gas, Europe",Energy,($/mmbtu),2.83,0.71,-6.6,-35.09,3.28,1.01
2002-06-01,2002,6,"Natural gas, Europe",Energy,($/mmbtu),2.9,2.47,-2.36,-33.03,5.07,1.29
2002-07-01,2002,7,"Natural gas, Europe",Energy,($/mmbtu),2.95,1.72,4.98,-21.33,10.49,1.01
2002-08-01,2002,8,"Natural gas, Europe",Energy,($/mmbtu),3.01,2.03,6.36,-20.58,12.73,1.04
2002-09-01,2002,9,"Natural gas, Europe",Energy,($/mmbtu),3.08,2.33,6.21,-18.73,14.07,1.08
2002-10-01,2002,10,"Natural gas, Europe",Energy,($/mmbtu),3.28,6.49,11.19,-6.82,24.71,2.02
2002-11-01,2002,11,"Natural gas, Europe",Energy,($/mmbtu),3.34,1.83,10.96,-3.47,25.56,0.55
2002-12-01,2002,12,"Natural gas, Europe",Energy,($/mmbtu),3.36,0.6,9.09,-1.18,26.79,0.19
2003-01-01,2003,1,"Natural gas, Europe",Energy,($/mmbtu),3.61,7.44,10.06,17.97,36.23,1.75
2003-02-01,2003,2,"Natural gas, Europe",Energy,($/mmbtu),3.67,1.66,9.88,21.12,39.54,0.06
2003-03-01,2003,3,"Natural gas, Europe",Energy,($/mmbtu),3.74,1.91,11.31,25.93,43.3,0.07
2003-04-01,2003,4,"Natural gas, Europe",Energy,($/mmbtu),4.03,7.75,11.63,43.42,58.66,1.84
2003-05-01,2003,5,"Natural gas, Europe",Energy,($/mmbtu),4.04,0.25,10.08,42.76,60.96,-1.1
2003-06-01,2003,6,"Natural gas, Europe",Energy,($/mmbtu),4.05,0.25,8.29,39.66,62.0,-1.07
2003-07-01,2003,7,"Natural gas, Europe",Energy,($/mmbtu),4.04,-0.25,0.25,36.95,68.33,-1.13
2003-08-01,2003,8,"Natural gas, Europe",Energy,($/mmbtu),3.98,-1.49,-1.49,32.23,67.93,-1.46
2003-09-01,2003,9,"Natural gas, Europe",Energy,($/mmbtu),3.97,-0.25,-1.98,28.9,70.39,-0.85
2003-10-01,2003,10,"Natural gas, Europe",Energy,($/mmbtu),3.88,-2.27,-3.96,18.29,78.8,-1.39
2003-11-01,2003,11,"Natural gas, Europe",Energy,($/mmbtu),3.9,0.52,-2.01,16.77,81.4,-0.3
2003-12-01,2003,12,"Natural gas, Europe",Energy,($/mmbtu),3.97,1.79,0.0,18.15,86.38,0.14
2004-01-01,2004,1,"Natural gas, Europe",Energy,($/mmbtu),3.87,-2.52,-0.26,7.2,91.58,-1.26
2004-02-01,2004,2,"Natural gas, Europe",Energy,($/mmbtu),3.89,0.52,-0.26,5.99,93.53,-0.04
2004-03-01,2004,3,"Natural gas, Europe",Energy,($/mmbtu),3.86,-0.77,-2.77,3.21,97.95,-0.48
2004-04-01,2004,4,"Natural gas, Europe",Energy,($/mmbtu),3.92,1.55,1.29,-2.73,109.63,0.47
2004-05-01,2004,5,"Natural gas, Europe",Energy,($/mmbtu),3.95,0.77,1.54,-2.23,108.99,0.73
2004-06-01,2004,6,"Natural gas, Europe",Energy,($/mmbtu),4.01,1.52,3.89,-0.99,109.95,1.23
2004-07-01,2004,7,"Natural gas, Europe",Energy,($/mmbtu),4.28,6.73,9.18,5.94,114.0,4.67
2004-08-01,2004,8,"Natural gas, Europe",Energy,($/mmbtu),4.34,1.4,9.87,9.05,108.65,0.37
2004-09-01,2004,9,"Natural gas, Europe",Energy,($/mmbtu),4.41,1.61,9.98,11.08,100.45,0.36
2004-10-01,2004,10,"Natural gas, Europe",Energy,($/mmbtu),4.83,9.52,12.85,24.48,95.55,3.65
2004-11-01,2004,11,"Natural gas, Europe",Energy,($/mmbtu),4.96,2.69,14.29,27.18,97.61,0.25
2004-12-01,2004,12,"Natural gas, Europe",Energy,($/mmbtu),5.01,1.01,13.61,26.2,88.35,-0.33
2005-01-01,2005,1,"Natural gas, Europe",Energy,($/mmbtu),5.46,8.98,13.04,41.09,62.5,2.18
2005-02-01,2005,2,"Natural gas, Europe",Energy,($/mmbtu),5.49,0.55,10.69,41.13,58.67,-0.7
2005-03-01,2005,3,"Natural gas, Europe",Energy,($/mmbtu),5.52,0.55,10.18,43.01,57.26,-0.7
2005-04-01,2005,4,"Natural gas, Europe",Energy,($/mmbtu),5.86,6.16,7.33,49.49,59.24,0.93
2005-05-01,2005,5,"Natural gas, Europe",Energy,($/mmbtu),5.89,0.51,7.29,49.11,65.92,-0.87
2005-06-01,2005,6,"Natural gas, Europe",Energy,($/mmbtu),5.91,0.34,7.07,47.38,64.17,-0.9
2005-07-01,2005,7,"Natural gas, Europe",Energy,($/mmbtu),6.42,8.63,9.56,50.0,62.12,1.51
2005-08-01,2005,8,"Natural gas, Europe",Energy,($/mmbtu),6.56,2.18,11.38,51.15,63.59,-0.36
2005-09-01,2005,9,"Natural gas, Europe",Energy,($/mmbtu),6.58,0.3,11.34,49.21,63.28,-0.89
2005-10-01,2005,10,"Natural gas, Europe",Energy,($/mmbtu),7.28,10.64,13.4,50.72,68.91,1.92
2005-11-01,2005,11,"Natural gas, Europe",Energy,($/mmbtu),7.46,2.47,13.72,50.4,69.93,-0.27
2005-12-01,2005,12,"Natural gas, Europe",Energy,($/mmbtu),7.49,0.4,13.83,49.5,68.69,-0.79
2006-01-01,2006,1,"Natural gas, Europe",Energy,($/mmbtu),7.96,6.28,9.34,45.79,71.18,0.71
2006-02-01,2006,2,"Natural gas, Europe",Energy,($/mmbtu),7.95,-0.13,6.57,44.81,73.2,-0.91
2006-03-01,2006,3,"Natural gas, Europe",Energy,($/mmbtu),7.99,0.5,6.68,44.75,74.84,-0.72
2006-04-01,2006,4,"Natural gas, Europe",Energy,($/mmbtu),8.24,3.13,3.52,40.61,83.93,-0.02
2006-05-01,2006,5,"Natural gas, Europe",Energy,($/mmbtu),8.28,0.49,4.15,40.58,89.91,-0.68
2006-06-01,2006,6,"Natural gas, Europe",Energy,($/mmbtu),8.29,0.12,3.75,40.27,91.45,-0.78
2006-07-01,2006,7,"Natural gas, Europe",Energy,($/mmbtu),8.58,3.5,4.13,33.64,128.8,0.16
2006-08-01,2006,8,"Natural gas, Europe",Energy,($/mmbtu),8.71,1.52,5.19,32.77,129.82,-0.31
2006-09-01,2006,9,"Natural gas, Europe",Energy,($/mmbtu),8.77,0.69,5.79,33.28,131.4,-0.55
2006-10-01,2006,10,"Natural gas, Europe",Energy,($/mmbtu),8.97,2.28,4.55,23.21,154.83,-0.06
2006-11-01,2006,11,"Natural gas, Europe",Energy,($/mmbtu),8.99,0.22,3.21,20.51,159.83,-0.83
2006-12-01,2006,12,"Natural gas, Europe",Energy,($/mmbtu),8.92,-0.78,1.71,19.09,162.35,-1.24
2007-01-01,2007,1,"Natural gas, Europe",Energy,($/mmbtu),8.59,-3.7,-4.24,7.91,180.72,-2.59
2007-02-01,2007,2,"Natural gas, Europe",Energy,($/mmbtu),8.56,-0.35,-4.78,7.67,182.51,-0.53
2007-03-01,2007,3,"Natural gas, Europe",Energy,($/mmbtu),8.37,-2.22,-6.17,4.76,181.82,-1.49
2007-04-01,2007,4,"Natural gas, Europe",Energy,($/mmbtu),8.0,-4.42,-6.87,-2.91,184.7,-2.32
2007-05-01,2007,5,"Natural gas, Europe",Energy,($/mmbtu),7.98,-0.25,-6.78,-3.62,181.98,-0.01
2007-06-01,2007,6,"Natural gas, Europe",Energy,($/mmbtu),8.03,0.63,-4.06,-3.14,176.9,0.4
2007-07-01,2007,7,"Natural gas, Europe",Energy,($/mmbtu),8.13,1.25,1.63,-5.24,175.59,0.64
2007-08-01,2007,8,"Natural gas, Europe",Energy,($/mmbtu),8.34,2.58,4.51,-4.25,177.08,1.46
2007-09-01,2007,9,"Natural gas, Europe",Energy,($/mmbtu),8.54,2.4,6.35,-2.62,177.27,1.26
2007-10-01,2007,10,"Natural gas, Europe",Energy,($/mmbtu),9.16,7.26,12.67,2.12,179.27,3.24
2007-11-01,2007,11,"Natural gas, Europe",Energy,($/mmbtu),9.47,3.38,13.55,5.34,183.53,1.02
2007-12-01,2007,12,"Natural gas, Europe",Energy,($/mmbtu),9.49,0.21,11.12,6.39,182.44,-0.08
2008-01-01,2008,1,"Natural gas, Europe",Energy,($/mmbtu),10.7,12.75,16.81,24.56,196.4,3.8
2008-02-01,2008,2,"Natural gas, Europe",Energy,($/mmbtu),10.84,1.31,14.47,26.64,195.37,-0.14
2008-03-01,2008,3,"Natural gas, Europe",Energy,($/mmbtu),11.04,1.85,16.33,31.9,195.19,-0.05
2008-04-01,2008,4,"Natural gas, Europe",Energy,($/mmbtu),12.19,10.42,13.93,52.37,202.48,1.9
2008-05-01,2008,5,"Natural gas, Europe",Energy,($/mmbtu),12.38,1.56,14.21,55.14,206.44,-0.5
2008-06-01,2008,6,"Natural gas, Europe",Energy,($/mmbtu),12.63,2.02,14.4,57.29,211.85,-0.44
2008-07-01,2008,7,"Natural gas, Europe",Energy,($/mmbtu),14.37,13.78,17.88,76.75,255.69,2.46
2008-08-01,2008,8,"Natural gas, Europe",Energy,($/mmbtu),14.64,1.88,18.26,75.54,267.84,-0.64
2008-09-01,2008,9,"Natural gas, Europe",Energy,($/mmbtu),14.85,1.43,17.58,73.89,274.06,-0.72
2008-10-01,2008,10,"Natural gas, Europe",Energy,($/mmbtu),15.93,7.27,10.86,73.91,310.57,0.5
2008-11-01,2008,11,"Natural gas, Europe",Energy,($/mmbtu),15.81,-0.75,7.99,66.95,305.38,-1.14
2008-12-01,2008,12,"Natural gas, Europe",Energy,($/mmbtu),15.5,-1.96,4.38,63.33,290.43,-1.25
2009-01-01,2009,1,"Natural gas, Europe",Energy,($/mmbtu),13.89,-10.39,-12.81,29.81,258.91,-2.75
2009-02-01,2009,2,"Natural gas, Europe",Energy,($/mmbtu),11.04,-20.52,-30.17,1.85,183.8,-3.73
2009-03-01,2009,3,"Natural gas, Europe",Energy,($/mmbtu),10.9,-1.27,-29.68,-1.27,182.38,-0.2
2009-04-01,2009,4,"Natural gas, Europe",Energy,($/mmbtu),8.51,-21.93,-38.73,-30.19,117.09,-2.46
2009-05-01,2009,5,"Natural gas, Europe",Energy,($/mmbtu),8.09,-4.94,-26.72,-34.65,104.81,-0.24
2009-06-01,2009,6,"Natural gas, Europe",Energy,($/mmbtu),7.95,-1.73,-27.06,-37.05,98.25,0.12
2009-07-01,2009,7,"Natural gas, Europe",Energy,($/mmbtu),6.67,-16.1,-21.62,-53.58,55.84,-1.25
2009-08-01,2009,8,"Natural gas, Europe",Energy,($/mmbtu),6.92,3.75,-14.46,-52.73,59.45,1.01
2009-09-01,2009,9,"Natural gas, Europe",Energy,($/mmbtu),7.13,3.03,-10.31,-51.99,61.68,0.91
2009-10-01,2009,10,"Natural gas, Europe",Energy,($/mmbtu),7.6,6.59,13.94,-52.29,57.35,1.25
2009-11-01,2009,11,"Natural gas, Europe",Energy,($/mmbtu),7.81,2.76,12.86,-50.6,57.46,0.87
2009-12-01,2009,12,"Natural gas, Europe",Energy,($/mmbtu),8.01,2.56,12.34,-48.32,59.88,0.8
2010-01-01,2010,1,"Natural gas, Europe",Energy,($/mmbtu),8.8,9.86,15.79,-36.65,61.17,1.47
2010-02-01,2010,2,"Natural gas, Europe",Energy,($/mmbtu),8.8,0.0,12.68,-20.29,60.29,0.3
2010-03-01,2010,3,"Natural gas, Europe",Energy,($/mmbtu),8.93,1.48,11.49,-18.07,61.78,0.32
2010-04-01,2010,4,"Natural gas, Europe",Energy,($/mmbtu),7.52,-15.79,-14.55,-11.63,28.33,-1.58
2010-05-01,2010,5,"Natural gas, Europe",Energy,($/mmbtu),7.27,-3.32,-17.39,-10.14,23.43,-0.33
2010-06-01,2010,6,"Natural gas, Europe",Energy,($/mmbtu),7.74,6.46,-13.33,-2.64,30.96,0.88
2010-07-01,2010,7,"Natural gas, Europe",Energy,($/mmbtu),8.04,3.88,6.91,20.54,25.23,0.46
2010-08-01,2010,8,"Natural gas, Europe",Energy,($/mmbtu),8.45,5.1,16.23,22.11,28.81,0.51
2010-09-01,2010,9,"Natural gas, Europe",Energy,($/mmbtu),8.28,-2.01,6.98,16.13,25.84,-0.6
2010-10-01,2010,10,"Natural gas, Europe",Energy,($/mmbtu),8.29,0.12,3.11,9.08,13.87,-0.2
2010-11-01,2010,11,"Natural gas, Europe",Energy,($/mmbtu),8.59,3.62,1.66,9.99,15.15,0.42
2010-12-01,2010,12,"Natural gas, Europe",Energy,($/mmbtu),8.74,1.75,5.56,9.11,16.69,0.12
2011-01-01,2011,1,"Natural gas, Europe",Energy,($/mmbtu),9.61,9.95,15.92,9.2,20.73,1.41
2011-02-01,2011,2,"Natural gas, Europe",Energy,($/mmbtu),9.36,-2.6,8.96,6.36,17.74,-0.55
2011-03-01,2011,3,"Natural gas, Europe",Energy,($/mmbtu),9.37,0.11,7.21,4.93,17.27,-0.09
2011-04-01,2011,4,"Natural gas, Europe",Energy,($/mmbtu),10.36,10.57,7.8,37.77,25.73,1.53
2011-05-01,2011,5,"Natural gas, Europe",Energy,($/mmbtu),10.3,-0.58,10.04,41.68,24.4,-0.73
2011-06-01,2011,6,"Natural gas, Europe",Energy,($/mmbtu),10.26,-0.39,9.5,32.56,23.76,-0.78
2011-07-01,2011,7,"Natural gas, Europe",Energy,($/mmbtu),10.99,7.12,6.08,36.69,28.09,1.07
2011-08-01,2011,8,"Natural gas, Europe",Energy,($/mmbtu),10.81,-1.64,4.95,27.93,24.11,-0.96
2011-09-01,2011,9,"Natural gas, Europe",Energy,($/mmbtu),10.85,0.37,5.75,31.04,23.72,-0.39
2011-10-01,2011,10,"Natural gas, Europe",Energy,($/mmbtu),11.42,5.25,3.91,37.76,27.31,0.65
2011-11-01,2011,11,"Natural gas, Europe",Energy,($/mmbtu),11.32,-0.88,4.72,31.78,25.92,-0.82
2011-12-01,2011,12,"Natural gas, Europe",Energy,($/mmbtu),11.53,1.86,6.27,31.92,29.26,-0.12
2012-01-01,2012,1,"Natural gas, Europe",Energy,($/mmbtu),11.45,-0.69,0.26,19.15,33.29,-0.68
2012-02-01,2012,2,"Natural gas, Europe",Energy,($/mmbtu),11.12,-2.88,-1.77,18.8,29.91,-1.11
2012-03-01,2012,3,"Natural gas, Europe",Energy,($/mmbtu),11.97,7.64,3.82,27.75,43.01,1.52
2012-04-01,2012,4,"Natural gas, Europe",Energy,($/mmbtu),11.42,-4.59,-0.26,10.23,42.75,-1.55
2012-05-01,2012,5,"Natural gas, Europe",Energy,($/mmbtu),11.64,1.93,4.68,13.01,45.86,0.27
2012-06-01,2012,6,"Natural gas, Europe",Energy,($/mmbtu),11.49,-1.29,-4.01,11.99,43.09,-0.62
2012-07-01,2012,7,"Natural gas, Europe",Energy,($/mmbtu),11.13,-3.13,-2.54,1.27,36.9,-1.07
2012-08-01,2012,8,"Natural gas, Europe",Energy,($/mmbtu),11.18,0.45,-3.95,3.42,34.05,0.08
2012-09-01,2012,9,"Natural gas, Europe",Energy,($/mmbtu),11.08,-0.89,-3.57,2.12,29.74,-0.35
2012-10-01,2012,10,"Natural gas, Europe",Energy,($/mmbtu),11.58,4.51,4.04,1.4,26.42,1.22
2012-11-01,2012,11,"Natural gas, Europe",Energy,($/mmbtu),11.83,2.16,5.81,4.51,24.92,0.58
2012-12-01,2012,12,"Natural gas, Europe",Energy,($/mmbtu),11.79,-0.34,6.41,2.25,24.24,-0.22
2013-01-01,2013,1,"Natural gas, Europe",Energy,($/mmbtu),11.87,0.68,2.5,3.67,10.93,0.13
2013-02-01,2013,2,"Natural gas, Europe",Energy,($/mmbtu),11.77,-0.84,-0.51,5.85,8.58,-0.35
2013-03-01,2013,3,"Natural gas, Europe",Energy,($/mmbtu),11.87,0.85,0.68,-0.84,7.52,0.1
2013-04-01,2013,4,"Natural gas, Europe",Energy,($/mmbtu),12.88,8.51,8.51,12.78,5.66,3.54
2013-05-01,2013,5,"Natural gas, Europe",Energy,($/mmbtu),12.29,-4.58,4.42,5.58,-0.73,-1.84
2013-06-01,2013,6,"Natural gas, Europe",Energy,($/mmbtu),11.92,-3.01,0.42,3.74,-5.62,-1.02
2013-07-01,2013,7,"Natural gas, Europe",Energy,($/mmbtu),11.6,-2.68,-9.94,4.22,-19.28,-0.86
2013-08-01,2013,8,"Natural gas, Europe",Energy,($/mmbtu),11.64,0.34,-5.29,4.11,-20.49,-0.02
2013-09-01,2013,9,"Natural gas, Europe",Energy,($/mmbtu),11.25,-3.35,-5.62,1.53,-24.24,-1.07
2013-10-01,2013,10,"Natural gas, Europe",Energy,($/mmbtu),11.37,1.07,-1.98,-1.81,-28.63,0.24
2013-11-01,2013,11,"Natural gas, Europe",Energy,($/mmbtu),11.42,0.44,-1.89,-3.47,-27.77,0.16
2013-12-01,2013,12,"Natural gas, Europe",Energy,($/mmbtu),11.55,1.14,2.67,-2.04,-25.48,0.41
2014-01-01,2014,1,"Natural gas, Europe",Energy,($/mmbtu),11.59,0.35,1.93,-2.36,-16.56,0.14
2014-02-01,2014,2,"Natural gas, Europe",Energy,($/mmbtu),11.3,-2.5,-1.05,-3.99,2.36,-0.7
2014-03-01,2014,3,"Natural gas, Europe",Energy,($/mmbtu),10.88,-3.72,-5.8,-8.34,-0.18,-1.0
2014-04-01,2014,4,"Natural gas, Europe",Energy,($/mmbtu),10.73,-1.38,-7.42,-16.69,26.09,-0.2
2014-05-01,2014,5,"Natural gas, Europe",Energy,($/mmbtu),10.2,-4.94,-9.73,-17.01,26.08,-1.67
2014-06-01,2014,6,"Natural gas, Europe",Energy,($/mmbtu),9.77,-4.22,-10.2,-18.04,22.89,-1.28
2014-07-01,2014,7,"Natural gas, Europe",Energy,($/mmbtu),9.27,-5.12,-13.61,-20.09,38.98,-1.58
2014-08-01,2014,8,"Natural gas, Europe",Energy,($/mmbtu),9.14,-1.4,-10.39,-21.48,32.08,0.17
2014-09-01,2014,9,"Natural gas, Europe",Energy,($/mmbtu),9.24,1.09,-5.42,-17.87,29.59,1.31
2014-10-01,2014,10,"Natural gas, Europe",Energy,($/mmbtu),9.77,5.74,5.39,-14.07,28.55,3.0
2014-11-01,2014,11,"Natural gas, Europe",Energy,($/mmbtu),8.9,-8.9,-2.63,-22.07,13.96,-2.43
2014-12-01,2014,12,"Natural gas, Europe",Energy,($/mmbtu),9.83,10.45,6.39,-14.89,22.72,3.26
2015-01-01,2015,1,"Natural gas, Europe",Energy,($/mmbtu),9.25,-5.9,-5.32,-20.19,5.11,-0.9
2015-02-01,2015,2,"Natural gas, Europe",Energy,($/mmbtu),8.27,-10.59,-7.08,-26.81,-6.02,-1.66
2015-03-01,2015,3,"Natural gas, Europe",Energy,($/mmbtu),8.27,0.0,-15.87,-23.99,-7.39,0.41
2015-04-01,2015,4,"Natural gas, Europe",Energy,($/mmbtu),6.77,-18.14,-26.81,-36.91,-9.97,-2.7
2015-05-01,2015,5,"Natural gas, Europe",Energy,($/mmbtu),6.68,-1.33,-19.23,-34.51,-8.12,0.29
2015-06-01,2015,6,"Natural gas, Europe",Energy,($/mmbtu),6.67,-0.15,-19.35,-31.73,-13.82,0.4
2015-07-01,2015,7,"Natural gas, Europe",Energy,($/mmbtu),6.69,0.3,-1.18,-27.83,-16.79,0.42
2015-08-01,2015,8,"Natural gas, Europe",Energy,($/mmbtu),6.35,-5.08,-4.94,-30.53,-24.85,-0.35
2015-09-01,2015,9,"Natural gas, Europe",Energy,($/mmbtu),6.28,-1.1,-5.85,-32.03,-24.15,0.21
2015-10-01,2015,10,"Natural gas, Europe",Energy,($/mmbtu),6.03,-3.98,-9.87,-38.28,-27.26,-0.14
2015-11-01,2015,11,"Natural gas, Europe",Energy,($/mmbtu),5.5,-8.79,-13.39,-38.2,-35.97,-0.72
2015-12-01,2015,12,"Natural gas, Europe",Energy,($/mmbtu),5.09,-7.45,-18.95,-48.22,-41.76,-0.54
2016-01-01,2016,1,"Natural gas, Europe",Energy,($/mmbtu),4.4,-13.56,-27.03,-52.43,-54.21,-1.53
2016-02-01,2016,2,"Natural gas, Europe",Energy,($/mmbtu),3.97,-9.77,-27.82,-52.0,-57.59,-0.66
2016-03-01,2016,3,"Natural gas, Europe",Energy,($/mmbtu),3.91,-1.51,-23.18,-52.72,-58.27,0.71
2016-04-01,2016,4,"Natural gas, Europe",Energy,($/mmbtu),3.97,1.53,-9.77,-41.36,-61.68,1.27
2016-05-01,2016,5,"Natural gas, Europe",Energy,($/mmbtu),4.33,9.07,9.07,-35.18,-57.96,2.82
2016-06-01,2016,6,"Natural gas, Europe",Energy,($/mmbtu),4.76,9.93,21.74,-28.64,-53.61,2.19
2016-07-01,2016,7,"Natural gas, Europe",Energy,($/mmbtu),4.67,-1.89,17.63,-30.19,-57.51,0.09
2016-08-01,2016,8,"Natural gas, Europe",Energy,($/mmbtu),4.05,-13.28,-6.47,-36.22,-62.53,-1.49
2016-09-01,2016,9,"Natural gas, Europe",Energy,($/mmbtu),4.25,4.94,-10.71,-32.32,-60.83,1.08
2016-10-01,2016,10,"Natural gas, Europe",Energy,($/mmbtu),5.34,25.65,14.35,-11.44,-53.24,3.54
2016-11-01,2016,11,"Natural gas, Europe",Energy,($/mmbtu),5.69,6.55,40.49,3.45,-49.73,0.61
2016-12-01,2016,12,"Natural gas, Europe",Energy,($/mmbtu),5.42,-4.75,27.53,6.48,-52.99,-0.49
2017-01-01,2017,1,"Natural gas, Europe",Energy,($/mmbtu),6.14,13.28,14.98,39.55,-46.38,1.09
2017-02-01,2017,2,"Natural gas, Europe",Energy,($/mmbtu),6.05,-1.47,6.33,52.39,-45.59,-0.45
2017-03-01,2017,3,"Natural gas, Europe",Energy,($/mmbtu),5.0,-17.36,-7.75,27.88,-58.23,-2.14
2017-04-01,2017,4,"Natural gas, Europe",Energy,($/mmbtu),5.01,0.2,-18.4,26.2,-56.13,-0.21
2017-05-01,2017,5,"Natural gas, Europe",Energy,($/mmbtu),5.06,1.0,-16.36,16.86,-56.53,-0.13
2017-06-01,2017,6,"Natural gas, Europe",Energy,($/mmbtu),4.89,-3.36,-2.2,2.73,-57.44,-0.46
2017-07-01,2017,7,"Natural gas, Europe",Energy,($/mmbtu),5.0,2.25,-0.2,7.07,-55.08,0.13
2017-08-01,2017,8,"Natural gas, Europe",Energy,($/mmbtu),5.48,9.6,8.3,35.31,-50.98,0.75
2017-09-01,2017,9,"Natural gas, Europe",Energy,($/mmbtu),5.96,8.76,21.88,40.24,-46.21,0.54
2017-10-01,2017,10,"Natural gas, Europe",Energy,($/mmbtu),6.18,3.69,23.6,15.73,-46.63,0.03
2017-11-01,2017,11,"Natural gas, Europe",Energy,($/mmbtu),6.69,8.25,22.08,17.57,-43.45,0.83
2017-12-01,2017,12,"Natural gas, Europe",Energy,($/mmbtu),7.14,6.73,19.8,31.73,-39.44,0.62
2018-01-01,2018,1,"Natural gas, Europe",Energy,($/mmbtu),6.66,-6.72,7.77,8.47,-43.89,-1.16
2018-02-01,2018,2,"Natural gas, Europe",Energy,($/mmbtu),6.72,0.9,0.45,11.07,-42.91,-0.01
2018-03-01,2018,3,"Natural gas, Europe",Energy,($/mmbtu),6.7,-0.3,-6.16,34.0,-43.56,-0.19
2018-04-01,2018,4,"Natural gas, Europe",Energy,($/mmbtu),6.93,3.43,4.05,38.32,-46.2,0.17
2018-05-01,2018,5,"Natural gas, Europe",Energy,($/mmbtu),7.49,8.08,11.46,48.02,-39.06,1.05
2018-06-01,2018,6,"Natural gas, Europe",Energy,($/mmbtu),7.45,-0.53,11.19,52.35,-37.5,-0.77
2018-07-01,2018,7,"Natural gas, Europe",Energy,($/mmbtu),7.6,2.01,9.67,52.0,-34.48,-0.34
2018-08-01,2018,8,"Natural gas, Europe",Energy,($/mmbtu),8.08,6.32,7.88,47.45,-30.58,0.54
2018-09-01,2018,9,"Natural gas, Europe",Energy,($/mmbtu),9.52,17.82,27.79,59.73,-15.38,3.13
2018-10-01,2018,10,"Natural gas, Europe",Energy,($/mmbtu),8.79,-7.67,15.66,42.23,-22.69,-1.94
2018-11-01,2018,11,"Natural gas, Europe",Energy,($/mmbtu),8.27,-5.92,2.35,23.62,-27.58,-1.31
2018-12-01,2018,12,"Natural gas, Europe",Energy,($/mmbtu),7.98,-3.51,-16.18,11.76,-30.91,-0.76
2019-01-01,2019,1,"Natural gas, Europe",Energy,($/mmbtu),7.26,-9.02,-17.41,9.01,-37.36,-1.41
2019-02-01,2019,2,"Natural gas, Europe",Energy,($/mmbtu),6.01,-17.22,-27.33,-10.57,-46.81,-2.43
2019-03-01,2019,3,"Natural gas, Europe",Energy,($/mmbtu),5.18,-13.81,-35.09,-22.69,-52.39,-1.45
2019-04-01,2019,4,"Natural gas, Europe",Energy,($/mmbtu),4.92,-5.02,-32.23,-29.0,-54.15,-0.34
2019-05-01,2019,5,"Natural gas, Europe",Energy,($/mmbtu),4.34,-11.79,-27.79,-42.06,-57.45,-0.96
2019-06-01,2019,6,"Natural gas, Europe",Energy,($/mmbtu),3.59,-17.28,-30.69,-51.81,-63.25,-1.39
2019-07-01,2019,7,"Natural gas, Europe",Energy,($/mmbtu),3.62,0.84,-26.42,-52.37,-60.95,0.61
2019-08-01,2019,8,"Natural gas, Europe",Energy,($/mmbtu),3.68,1.66,-15.21,-54.46,-59.74,0.71
2019-09-01,2019,9,"Natural gas, Europe",Energy,($/mmbtu),4.21,14.4,17.27,-55.78,-54.44,2.09
2019-10-01,2019,10,"Natural gas, Europe",Energy,($/mmbtu),5.06,20.19,39.78,-42.43,-48.21,2.94
2019-11-01,2019,11,"Natural gas, Europe",Energy,($/mmbtu),5.15,1.78,39.95,-37.73,-42.13,0.48
2019-12-01,2019,12,"Natural gas, Europe",Energy,($/mmbtu),4.62,-10.29,9.74,-42.11,-53.0,-0.6
2020-01-01,2020,1,"Natural gas, Europe",Energy,($/mmbtu),3.63,-21.43,-28.26,-50.0,-60.76,-1.47
2020-02-01,2020,2,"Natural gas, Europe",Energy,($/mmbtu),2.91,-19.83,-43.5,-51.58,-64.81,-1.15
2020-03-01,2020,3,"Natural gas, Europe",Energy,($/mmbtu),2.72,-6.53,-41.13,-47.49,-67.11,-0.11
2020-04-01,2020,4,"Natural gas, Europe",Energy,($/mmbtu),2.12,-22.06,-41.6,-56.91,-68.69,-1.36
2020-05-01,2020,5,"Natural gas, Europe",Energy,($/mmbtu),1.58,-25.47,-45.7,-63.59,-76.35,-1.41
2020-06-01,2020,6,"Natural gas, Europe",Energy,($/mmbtu),1.75,10.76,-35.66,-51.25,-73.76,1.19
2020-07-01,2020,7,"Natural gas, Europe",Energy,($/mmbtu),1.8,2.86,-15.09,-50.28,-73.09,0.49
2020-08-01,2020,8,"Natural gas, Europe",Energy,($/mmbtu),2.86,58.89,81.01,-22.28,-54.96,4.09
2020-09-01,2020,9,"Natural gas, Europe",Energy,($/mmbtu),3.95,38.11,125.71,-6.18,-37.1,1.58
2020-10-01,2020,10,"Natural gas, Europe",Energy,($/mmbtu),4.89,23.8,171.67,-3.36,-18.91,0.82
2020-11-01,2020,11,"Natural gas, Europe",Energy,($/mmbtu),4.84,-1.02,69.23,-6.02,-12.0,-0.14
2020-12-01,2020,12,"Natural gas, Europe",Energy,($/mmbtu),5.86,21.07,48.35,26.84,15.13,0.71
2021-01-01,2021,1,"Natural gas, Europe",Energy,($/mmbtu),7.27,24.06,48.67,100.28,65.23,0.72
2021-02-01,2021,2,"Natural gas, Europe",Energy,($/mmbtu),6.16,-15.27,27.27,111.68,55.16,-0.93
2021-03-01,2021,3,"Natural gas, Europe",Energy,($/mmbtu),6.13,-0.49,4.61,125.37,56.78,-0.38
2021-04-01,2021,4,"Natural gas, Europe",Energy,($/mmbtu),7.15,16.64,-1.65,237.26,80.1,0.28
2021-05-01,2021,5,"Natural gas, Europe",Energy,($/mmbtu),8.91,24.62,44.64,463.92,105.77,0.51
2021-06-01,2021,6,"Natural gas, Europe",Energy,($/mmbtu),10.3,15.6,68.03,488.57,116.39,-0.07
2021-07-01,2021,7,"Natural gas, Europe",Energy,($/mmbtu),12.51,21.46,74.97,595.0,167.88,0.21
2021-08-01,2021,8,"Natural gas, Europe",Energy,($/mmbtu),15.43,23.34,73.18,439.51,280.99,0.23
2021-09-01,2021,9,"Natural gas, Europe",Energy,($/mmbtu),22.84,48.02,121.75,478.23,437.41,2.2
2021-10-01,2021,10,"Natural gas, Europe",Energy,($/mmbtu),31.05,35.95,148.2,534.97,481.46,1.18
2021-11-01,2021,11,"Natural gas, Europe",Energy,($/mmbtu),27.62,-11.05,79.0,470.66,385.41,-1.7
2021-12-01,2021,12,"Natural gas, Europe",Energy,($/mmbtu),38.03,37.69,66.51,548.98,601.66,1.14
2022-01-01,2022,1,"Natural gas, Europe",Energy,($/mmbtu),28.26,-25.69,-8.99,288.72,360.26,-2.3
2022-02-01,2022,2,"Natural gas, Europe",Energy,($/mmbtu),27.23,-3.64,-1.41,342.05,350.08,-0.78
2022-03-01,2022,3,"Natural gas, Europe",Energy,($/mmbtu),42.39,55.67,11.46,591.52,747.8,1.87
2022-04-01,2022,4,"Natural gas, Europe",Energy,($/mmbtu),32.2,-24.04,13.94,350.35,542.71,-1.84
2022-05-01,2022,5,"Natural gas, Europe",Energy,($/mmbtu),29.17,-9.41,7.12,227.38,476.48,-0.96
2022-06-01,2022,6,"Natural gas, Europe",Energy,($/mmbtu),33.56,15.05,-20.83,225.83,586.3,0.05
2022-07-01,2022,7,"Natural gas, Europe",Energy,($/mmbtu),51.33,52.95,59.41,310.31,926.6,1.41
2022-08-01,2022,8,"Natural gas, Europe",Energy,($/mmbtu),70.04,36.45,140.11,353.92,1178.1,0.67
2022-09-01,2022,9,"Natural gas, Europe",Energy,($/mmbtu),59.1,-15.62,76.1,158.76,891.61,-1.07
2022-10-01,2022,10,"Natural gas, Europe",Energy,($/mmbtu),39.02,-33.98,-23.98,25.67,531.39,-1.52
2022-11-01,2022,11,"Natural gas, Europe",Energy,($/mmbtu),35.72,-8.46,-49.0,29.33,433.93,-0.46
2022-12-01,2022,12,"Natural gas, Europe",Energy,($/mmbtu),36.04,0.9,-39.02,-5.23,404.76,-0.17
2023-01-01,2023,1,"Natural gas, Europe",Energy,($/mmbtu),20.18,-44.01,-48.28,-28.59,203.0,-1.56
2023-02-01,2023,2,"Natural gas, Europe",Energy,($/mmbtu),16.54,-18.04,-53.7,-39.26,146.13,-0.61
2023-03-01,2023,3,"Natural gas, Europe",Energy,($/mmbtu),13.81,-16.51,-61.68,-67.42,106.12,-0.52
2023-04-01,2023,4,"Natural gas, Europe",Energy,($/mmbtu),13.52,-2.1,-33.0,-58.01,95.09,0.12
2023-05-01,2023,5,"Natural gas, Europe",Energy,($/mmbtu),10.11,-25.22,-38.88,-65.34,34.98,-0.79
2023-06-01,2023,6,"Natural gas, Europe",Energy,($/mmbtu),10.35,2.37,-25.05,-69.16,38.93,0.26
2023-07-01,2023,7,"Natural gas, Europe",Energy,($/mmbtu),9.55,-7.73,-29.36,-81.39,25.66,-0.06
2023-08-01,2023,8,"Natural gas, Europe",Energy,($/mmbtu),11.19,17.17,10.68,-84.02,38.49,1.38
2023-09-01,2023,9,"Natural gas, Europe",Energy,($/mmbtu),11.55,3.22,11.59,-80.46,21.32,0.94
2023-10-01,2023,10,"Natural gas, Europe",Energy,($/mmbtu),14.57,26.15,52.57,-62.66,65.76,2.14
2023-11-01,2023,11,"Natural gas, Europe",Energy,($/mmbtu),14.49,-0.55,29.49,-59.43,75.21,0.29
2023-12-01,2023,12,"Natural gas, Europe",Energy,($/mmbtu),11.51,-20.57,-0.35,-68.06,44.24,-0.81
2024-01-01,2024,1,"Natural gas, Europe",Energy,($/mmbtu),9.56,-16.94,-34.39,-52.63,31.68,-0.51
2024-02-01,2024,2,"Natural gas, Europe",Energy,($/mmbtu),8.15,-14.75,-43.75,-50.73,35.61,-0.63
2024-03-01,2024,3,"Natural gas, Europe",Energy,($/mmbtu),8.55,4.91,-25.72,-38.09,65.06,0.62
2024-04-01,2024,4,"Natural gas, Europe",Energy,($/mmbtu),9.09,6.32,-4.92,-32.77,84.76,0.6
2024-05-01,2024,5,"Natural gas, Europe",Energy,($/mmbtu),10.12,11.33,24.17,0.1,133.18,0.87
2024-06-01,2024,6,"Natural gas, Europe",Energy,($/mmbtu),10.87,7.41,27.13,5.02,202.79,0.46
2024-07-01,2024,7,"Natural gas, Europe",Energy,($/mmbtu),10.35,-4.78,13.86,8.38,185.91,-0.43
2024-08-01,2024,8,"Natural gas, Europe",Energy,($/mmbtu),12.37,19.52,22.23,10.55,236.14,1.28
2024-09-01,2024,9,"Natural gas, Europe",Energy,($/mmbtu),11.78,-4.77,8.37,1.99,179.81,-0.46
2024-10-01,2024,10,"Natural gas, Europe",Energy,($/mmbtu),12.92,9.68,24.83,-11.32,155.34,0.6
2024-11-01,2024,11,"Natural gas, Europe",Energy,($/mmbtu),13.93,7.82,12.61,-3.86,170.49,0.65
2024-12-01,2024,12,"Natural gas, Europe",Energy,($/mmbtu),13.86,-0.5,17.66,20.42,200.0,-0.07
2025-01-01,2025,1,"Natural gas, Europe",Energy,($/mmbtu),14.66,5.77,13.47,53.35,303.86,0.34
2025-02-01,2025,2,"Natural gas, Europe",Energy,($/mmbtu),15.34,4.64,10.12,88.22,427.15,0.07
2025-03-01,2025,3,"Natural gas, Europe",Energy,($/mmbtu),13.24,-13.69,-4.47,54.85,386.76,-2.85
2025-04-01,2025,4,"Natural gas, Europe",Energy,($/mmbtu),11.59,-12.46,-20.94,27.5,446.7,-1.88
2025-05-01,2025,5,"Natural gas, Europe",Energy,($/mmbtu),11.66,0.6,-23.99,15.22,637.97,-0.19
2025-06-01,2025,6,"Natural gas, Europe",Energy,($/mmbtu),12.37,6.09,-6.57,13.8,606.86,0.47
2025-07-01,2025,7,"Natural gas, Europe",Energy,($/mmbtu),11.62,-6.06,0.26,12.27,545.56,-0.8
2025-08-01,2025,8,"Natural gas, Europe",Energy,($/mmbtu),11.15,-4.04,-4.37,-9.86,289.86,-0.57
2025-09-01,2025,9,"Natural gas, Europe",Energy,($/mmbtu),11.12,-0.27,-10.11,-5.6,181.52,0.04
2025-10-01,2025,10,"Natural gas, Europe",Energy,($/mmbtu),10.89,-2.07,-6.28,-15.71,122.7,-0.24
2025-11-01,2025,11,"Natural gas, Europe",Energy,($/mmbtu),10.42,-4.32,-6.55,-25.2,115.29,-0.45
2025-12-01,2025,12,"Natural gas, Europe",Energy,($/mmbtu),9.48,-9.02,-14.75,-31.6,61.77,-1.06
2026-01-01,2026,1,"Natural gas, Europe",Energy,($/mmbtu),11.76,24.05,7.99,-19.78,61.76,4.03
2026-02-01,2026,2,"Natural gas, Europe",Energy,($/mmbtu),11.24,-4.42,7.87,-26.73,82.47,-0.3
2026-03-01,2026,3,"Natural gas, Europe",Energy,($/mmbtu),17.91,59.34,88.92,35.27,192.17,6.2
2026-04-01,2026,4,"Natural gas, Europe",Energy,($/mmbtu),15.41,-13.96,31.04,32.96,115.52,-0.91
2026-05-01,2026,5,"Natural gas, Europe",Energy,($/mmbtu),16.17,4.93,43.86,38.68,81.48,0.06
2026-06-01,2026,6,"Natural gas, Europe",Energy,($/mmbtu),15.17,-6.18,-15.3,22.64,47.28,-0.52
2026-07-01,2026,7,"Natural gas, Europe",Energy,($/mmbtu),18.06,19.05,17.2,55.42,44.36,0.79
2026-08-01,2026,8,"Natural gas, Europe",Energy,($/mmbtu),21.11,16.89,30.55,89.33,36.81,0.57
2026-09-01,2026,9,"Natural gas, Europe",Energy,($/mmbtu),25.42,20.42,67.57,128.6,11.3,0.66
1960-01-01,1960,1,"Natural gas, US",Energy,($/mmbtu),0.14,,,,,
1960-02-01,1960,2,"Natural gas, US",Energy,($/mmbtu),0.14,0.0,,,,
1960-03-01,1960,3,"Natural gas, US",Energy,($/mmbtu),0.14,0.0,,,,
1960-04-01,1960,4,"Natural gas, US",Energy,($/mmbtu),0.14,0.0,0.0,,,
1960-05-01,1960,5,"Natural gas, US",Energy,($/mmbtu),0.14,0.0,0.0,,,
1960-06-01,1960,6,"Natural gas, US",Energy,($/mmbtu),0.14,0.0,0.0,,,
1960-07-01,1960,7,"Natural gas, US",Energy,($/mmbtu),0.14,0.0,0.0,,,
1960-08-01,1960,8,"Natural gas, US",Energy,($/mmbtu),0.14,0.0,0.0,,,0.0
1960-09-01,1960,9,"Natural gas, US",Energy,($/mmbtu),0.14,0.0,0.0,,,0.0
1960-10-01,1960,10,"Natural gas, US",Energy,($/mmbtu),0.14,0.0,0.0,,,0.0
1960-11-01,1960,11,"Natural gas, US",Energy,($/mmbtu),0.14,0.0,0.0,,,0.0
1960-12-01,1960,12,"Natural gas, US",Energy,($/mmbtu),0.14,0.0,0.0,,,0.0
1961-01-01,1961,1,"Natural gas, US",Energy,($/mmbtu),0.15,7.14,7.14,7.14,,0.0
1961-02-01,1961,2,"Natural gas, US",Energy,($/mmbtu),0.15,0.0,7.14,7.14,,-0.29
1961-03-01,1961,3,"Natural gas, US",Energy,($/mmbtu),0.15,0.0,7.14,7.14,,-0.29
1961-04-01,1961,4,"Natural gas, US",Energy,($/mmbtu),0.15,0.0,0.0,7.14,,-0.29
1961-05-01,1961,5,"Natural gas, US",Energy,($/mmbtu),0.15,0.0,0.0,7.14,,-0.29
1961-06-01,1961,6,"Natural gas, US",Energy,($/mmbtu),0.15,0.0,0.0,7.14,,-0.29
1961-07-01,1961,7,"Natural gas, US",Energy,($/mmbtu),0.15,0.0,0.0,7.14,,-0.29
1961-08-01,1961,8,"Natural gas, US",Energy,($/mmbtu),0.15,0.0,0.0,7.14,,-0.29
1961-09-01,1961,9,"Natural gas, US",Energy,($/mmbtu),0.15,0.0,0.0,7.14,,-0.29
1961-10-01,1961,10,"Natural gas, US",Energy,($/mmbtu),0.15,0.0,0.0,7.14,,-0.29
1961-11-01,1961,11,"Natural gas, US",Energy,($/mmbtu),0.15,0.0,0.0,7.14,,-0.29
1961-12-01,1961,12,"Natural gas, US",Energy,($/mmbtu),0.15,0.0,0.0,7.14,,-0.29
1962-01-01,1962,1,"Natural gas, US",Energy,($/mmbtu),0.16,6.67,6.67,6.67,,2.94
1962-02-01,1962,2,"Natural gas, US",Energy,($/mmbtu),0.16,0.0,6.67,6.67,,-0.29
1962-03-01,1962,3,"Natural gas, US",Energy,($/mmbtu),0.16,0.0,6.67,6.67,,-0.29
1962-04-01,1962,4,"Natural gas, US",Energy,($/mmbtu),0.16,0.0,0.0,6.67,,-0.29
1962-05-01,1962,5,"Natural gas, US",Energy,($/mmbtu),0.16,0.0,0.0,6.67,,-0.29
1962-06-01,1962,6,"Natural gas, US",Energy,($/mmbtu),0.16,0.0,0.0,6.67,,-0.29
1962-07-01,1962,7,"Natural gas, US",Energy,($/mmbtu),0.16,0.0,0.0,6.67,,-0.29
1962-08-01,1962,8,"Natural gas, US",Energy,($/mmbtu),0.16,0.0,0.0,6.67,,-0.29
1962-09-01,1962,9,"Natural gas, US",Energy,($/mmbtu),0.16,0.0,0.0,6.67,,-0.29
1962-10-01,1962,10,"Natural gas, US",Energy,($/mmbtu),0.16,0.0,0.0,6.67,,-0.29
1962-11-01,1962,11,"Natural gas, US",Energy,($/mmbtu),0.16,0.0,0.0,6.67,,-0.29
1962-12-01,1962,12,"Natural gas, US",Energy,($/mmbtu),0.16,0.0,0.0,6.67,,-0.29
1963-01-01,1963,1,"Natural gas, US",Energy,($/mmbtu),0.16,0.0,0.0,0.0,,-0.29
1963-02-01,1963,2,"Natural gas, US",Energy,($/mmbtu),0.16,0.0,0.0,0.0,,0.0
1963-03-01,1963,3,"Natural gas, US",Energy,($/mmbtu),0.16,0.0,0.0,0.0,,0.0
1963-04-01,1963,4,"Natural gas, US",Energy,($/mmbtu),0.16,0.0,0.0,0.0,,0.0
1963-05-01,1963,5,"Natural gas, US",Energy,($/mmbtu),0.16,0.0,0.0,0.0,,0.0
1963-06-01,1963,6,"Natural gas, US",Energy,($/mmbtu),0.16,0.0,0.0,0.0,,0.0
1963-07-01,1963,7,"Natural gas, US",Energy,($/mmbtu),0.16,0.0,0.0,0.0,,0.0
1963-08-01,1963,8,"Natural gas, US",Energy,($/mmbtu),0.16,0.0,0.0,0.0,,0.0
1963-09-01,1963,9,"Natural gas, US",Energy,($/mmbtu),0.16,0.0,0.0,0.0,,0.0
1963-10-01,1963,10,"Natural gas, US",Energy,($/mmbtu),0.16,0.0,0.0,0.0,,0.0
1963-11-01,1963,11,"Natural gas, US",Energy,($/mmbtu),0.16,0.0,0.0,0.0,,0.0
1963-12-01,1963,12,"Natural gas, US",Energy,($/mmbtu),0.16,0.0,0.0,0.0,,0.0
1964-01-01,1964,1,"Natural gas, US",Energy,($/mmbtu),0.15,-6.25,-6.25,-6.25,,0.0
1964-02-01,1964,2,"Natural gas, US",Energy,($/mmbtu),0.15,0.0,-6.25,-6.25,,0.29
1964-03-01,1964,3,"Natural gas, US",Energy,($/mmbtu),0.15,0.0,-6.25,-6.25,,0.29
1964-04-01,1964,4,"Natural gas, US",Energy,($/mmbtu),0.15,0.0,0.0,-6.25,,0.29
1964-05-01,1964,5,"Natural gas, US",Energy,($/mmbtu),0.15,0.0,0.0,-6.25,,0.29
1964-06-01,1964,6,"Natural gas, US",Energy,($/mmbtu),0.15,0.0,0.0,-6.25,,0.29
1964-07-01,1964,7,"Natural gas, US",Energy,($/mmbtu),0.15,0.0,0.0,-6.25,,0.29
1964-08-01,1964,8,"Natural gas, US",Energy,($/mmbtu),0.15,0.0,0.0,-6.25,,0.29
1964-09-01,1964,9,"Natural gas, US",Energy,($/mmbtu),0.15,0.0,0.0,-6.25,,0.29
1964-10-01,1964,10,"Natural gas, US",Energy,($/mmbtu),0.15,0.0,0.0,-6.25,,0.29
1964-11-01,1964,11,"Natural gas, US",Energy,($/mmbtu),0.15,0.0,0.0,-6.25,,0.29
1964-12-01,1964,12,"Natural gas, US",Energy,($/mmbtu),0.15,0.0,0.0,-6.25,,0.29
1965-01-01,1965,1,"Natural gas, US",Energy,($/mmbtu),0.16,6.67,6.67,6.67,14.29,3.98
1965-02-01,1965,2,"Natural gas, US",Energy,($/mmbtu),0.16,0.0,6.67,6.67,14.29,-0.29
1965-03-01,1965,3,"Natural gas, US",Energy,($/mmbtu),0.16,0.0,6.67,6.67,14.29,-0.29
1965-04-01,1965,4,"Natural gas, US",Energy,($/mmbtu),0.16,0.0,0.0,6.67,14.29,-0.29
1965-05-01,1965,5,"Natural gas, US",Energy,($/mmbtu),0.16,0.0,0.0,6.67,14.29,-0.29
1965-06-01,1965,6,"Natural gas, US",Energy,($/mmbtu),0.16,0.0,0.0,6.67,14.29,-0.29
1965-07-01,1965,7,"Natural gas, US",Energy,($/mmbtu),0.16,0.0,0.0,6.67,14.29,-0.29
1965-08-01,1965,8,"Natural gas, US",Energy,($/mmbtu),0.16,0.0,0.0,6.67,14.29,-0.29
1965-09-01,1965,9,"Natural gas, US",Energy,($/mmbtu),0.16,0.0,0.0,6.67,14.29,-0.29
1965-10-01,1965,10,"Natural gas, US",Energy,($/mmbtu),0.16,0.0,0.0,6.67,14.29,-0.29
1965-11-01,1965,11,"Natural gas, US",Energy,($/mmbtu),0.16,0.0,0.0,6.67,14.29,-0.29
1965-12-01,1965,12,"Natural gas, US",Energy,($/mmbtu),0.16,0.0,0.0,6.67,14.29,-0.29
1966-01-01,1966,1,"Natural gas, US",Energy,($/mmbtu),0.16,0.0,0.0,0.0,6.67,-0.29
1966-02-01,1966,2,"Natural gas, US",Energy,($/mmbtu),0.16,0.0,0.0,0.0,6.67,0.0
1966-03-01,1966,3,"Natural gas, US",Energy,($/mmbtu),0.16,0.0,0.0,0.0,6.67,0.0
1966-04-01,1966,4,"Natural gas, US",Energy,($/mmbtu),0.16,0.0,0.0,0.0,6.67,0.0
1966-05-01,1966,5,"Natural gas, US",Energy,($/mmbtu),0.16,0.0,0.0,0.0,6.67,0.0
1966-06-01,1966,6,"Natural gas, US",Energy,($/mmbtu),0.16,0.0,0.0,0.0,6.67,0.0
1966-07-01,1966,7,"Natural gas, US",Energy,($/mmbtu),0.16,0.0,0.0,0.0,6.67,0.0
1966-08-01,1966,8,"Natural gas, US",Energy,($/mmbtu),0.16,0.0,0.0,0.0,6.67,0.0
1966-09-01,1966,9,"Natural gas, US",Energy,($/mmbtu),0.16,0.0,0.0,0.0,6.67,0.0
1966-10-01,1966,10,"Natural gas, US",Energy,($/mmbtu),0.16,0.0,0.0,0.0,6.67,0.0
1966-11-01,1966,11,"Natural gas, US",Energy,($/mmbtu),0.16,0.0,0.0,0.0,6.67,0.0
1966-12-01,1966,12,"Natural gas, US",Energy,($/mmbtu),0.16,0.0,0.0,0.0,6.67,0.0
1967-01-01,1967,1,"Natural gas, US",Energy,($/mmbtu),0.16,0.0,0.0,0.0,0.0,0.0
1967-02-01,1967,2,"Natural gas, US",Energy,($/mmbtu),0.16,0.0,0.0,0.0,0.0,0.0
1967-03-01,1967,3,"Natural gas, US",Energy,($/mmbtu),0.16,0.0,0.0,0.0,0.0,0.0
1967-04-01,1967,4,"Natural gas, US",Energy,($/mmbtu),0.16,0.0,0.0,0.0,0.0,0.0
1967-05-01,1967,5,"Natural gas, US",Energy,($/mmbtu),0.16,0.0,0.0,0.0,0.0,0.0
1967-06-01,1967,6,"Natural gas, US",Energy,($/mmbtu),0.16,0.0,0.0,0.0,0.0,0.0
1967-07-01,1967,7,"Natural gas, US",Energy,($/mmbtu),0.16,0.0,0.0,0.0,0.0,0.0
1967-08-01,1967,8,"Natural gas, US",Energy,($/mmbtu),0.16,0.0,0.0,0.0,0.0,0.0
1967-09-01,1967,9,"Natural gas, US",Energy,($/mmbtu),0.16,0.0,0.0,0.0,0.0,0.0
1967-10-01,1967,10,"Natural gas, US",Energy,($/mmbtu),0.16,0.0,0.0,0.0,0.0,0.0
1967-11-01,1967,11,"Natural gas, US",Energy,($/mmbtu),0.16,0.0,0.0,0.0,0.0,0.0
1967-12-01,1967,12,"Natural gas, US",Energy,($/mmbtu),0.16,0.0,0.0,0.0,0.0,0.0
1968-01-01,1968,1,"Natural gas, US",Energy,($/mmbtu),0.16,0.0,0.0,0.0,0.0,0.0
1968-02-01,1968,2,"Natural gas, US",Energy,($/mmbtu),0.16,0.0,0.0,0.0,0.0,0.0
1968-03-01,1968,3,"Natural gas, US",Energy,($/mmbtu),0.16,0.0,0.0,0.0,0.0,0.0
1968-04-01,1968,4,"Natural gas, US",Energy,($/mmbtu),0.16,0.0,0.0,0.0,0.0,0.0
1968-05-01,1968,5,"Natural gas, US",Energy,($/mmbtu),0.16,0.0,0.0,0.0,0.0,0.0
1968-06-01,1968,6,"Natural gas, US",Energy,($/mmbtu),0.16,0.0,0.0,0.0,0.0,0.0
1968-07-01,1968,7,"Natural gas, US",Energy,($/mmbtu),0.16,0.0,0.0,0.0,0.0,0.0
1968-08-01,1968,8,"Natural gas, US",Energy,($/mmbtu),0.16,0.0,0.0,0.0,0.0,0.0
1968-09-01,1968,9,"Natural gas, US",Energy,($/mmbtu),0.16,0.0,0.0,0.0,0.0,0.0
1968-10-01,1968,10,"Natural gas, US",Energy,($/mmbtu),0.16,0.0,0.0,0.0,0.0,0.0
1968-11-01,1968,11,"Natural gas, US",Energy,($/mmbtu),0.16,0.0,0.0,0.0,0.0,0.0
1968-12-01,1968,12,"Natural gas, US",Energy,($/mmbtu),0.16,0.0,0.0,0.0,0.0,0.0
1969-01-01,1969,1,"Natural gas, US",Energy,($/mmbtu),0.17,6.25,6.25,6.25,13.33,0.0
1969-02-01,1969,2,"Natural gas, US",Energy,($/mmbtu),0.17,0.0,6.25,6.25,13.33,-0.29
1969-03-01,1969,3,"Natural gas, US",Energy,($/mmbtu),0.17,0.0,6.25,6.25,13.33,-0.29
1969-04-01,1969,4,"Natural gas, US",Energy,($/mmbtu),0.17,0.0,0.0,6.25,13.33,-0.29
1969-05-01,1969,5,"Natural gas, US",Energy,($/mmbtu),0.17,0.0,0.0,6.25,13.33,-0.29
1969-06-01,1969,6,"Natural gas, US",Energy,($/mmbtu),0.17,0.0,0.0,6.25,13.33,-0.29
1969-07-01,1969,7,"Natural gas, US",Energy,($/mmbtu),0.17,0.0,0.0,6.25,13.33,-0.29
1969-08-01,1969,8,"Natural gas, US",Energy,($/mmbtu),0.17,0.0,0.0,6.25,13.33,-0.29
1969-09-01,1969,9,"Natural gas, US",Energy,($/mmbtu),0.17,0.0,0.0,6.25,13.33,-0.29
1969-10-01,1969,10,"Natural gas, US",Energy,($/mmbtu),0.17,0.0,0.0,6.25,13.33,-0.29
1969-11-01,1969,11,"Natural gas, US",Energy,($/mmbtu),0.17,0.0,0.0,6.25,13.33,-0.29
1969-12-01,1969,12,"Natural gas, US",Energy,($/mmbtu),0.17,0.0,0.0,6.25,13.33,-0.29
1970-01-01,1970,1,"Natural gas, US",Energy,($/mmbtu),0.17,0.0,0.0,0.0,6.25,-0.29
1970-02-01,1970,2,"Natural gas, US",Energy,($/mmbtu),0.17,0.0,0.0,0.0,6.25,0.0
1970-03-01,1970,3,"Natural gas, US",Energy,($/mmbtu),0.17,0.0,0.0,0.0,6.25,0.0
1970-04-01,1970,4,"Natural gas, US",Energy,($/mmbtu),0.17,0.0,0.0,0.0,6.25,0.0
1970-05-01,1970,5,"Natural gas, US",Energy,($/mmbtu),0.17,0.0,0.0,0.0,6.25,0.0
1970-06-01,1970,6,"Natural gas, US",Energy,($/mmbtu),0.17,0.0,0.0,0.0,6.25,0.0
1970-07-01,1970,7,"Natural gas, US",Energy,($/mmbtu),0.17,0.0,0.0,0.0,6.25,0.0
1970-08-01,1970,8,"Natural gas, US",Energy,($/mmbtu),0.17,0.0,0.0,0.0,6.25,0.0
1970-09-01,1970,9,"Natural gas, US",Energy,($/mmbtu),0.17,0.0,0.0,0.0,6.25,0.0
1970-10-01,1970,10,"Natural gas, US",Energy,($/mmbtu),0.17,0.0,0.0,0.0,6.25,0.0
1970-11-01,1970,11,"Natural gas, US",Energy,($/mmbtu),0.17,0.0,0.0,0.0,6.25,0.0
1970-12-01,1970,12,"Natural gas, US",Energy,($/mmbtu),0.17,0.0,0.0,0.0,6.25,0.0
1971-01-01,1971,1,"Natural gas, US",Energy,($/mmbtu),0.18,5.88,5.88,5.88,12.5,0.0
1971-02-01,1971,2,"Natural gas, US",Energy,($/mmbtu),0.18,0.0,5.88,5.88,12.5,-0.29
1971-03-01,1971,3,"Natural gas, US",Energy,($/mmbtu),0.18,0.0,5.88,5.88,12.5,-0.29
1971-04-01,1971,4,"Natural gas, US",Energy,($/mmbtu),0.18,0.0,0.0,5.88,12.5,-0.29
1971-05-01,1971,5,"Natural gas, US",Energy,($/mmbtu),0.18,0.0,0.0,5.88,12.5,-0.29
1971-06-01,1971,6,"Natural gas, US",Energy,($/mmbtu),0.18,0.0,0.0,5.88,12.5,-0.29
1971-07-01,1971,7,"Natural gas, US",Energy,($/mmbtu),0.18,0.0,0.0,5.88,12.5,-0.29
1971-08-01,1971,8,"Natural gas, US",Energy,($/mmbtu),0.18,0.0,0.0,5.88,12.5,-0.29
1971-09-01,1971,9,"Natural gas, US",Energy,($/mmbtu),0.18,0.0,0.0,5.88,12.5,-0.29
1971-10-01,1971,10,"Natural gas, US",Energy,($/mmbtu),0.18,0.0,0.0,5.88,12.5,-0.29
1971-11-01,1971,11,"Natural gas, US",Energy,($/mmbtu),0.18,0.0,0.0,5.88,12.5,-0.29
1971-12-01,1971,12,"Natural gas, US",Energy,($/mmbtu),0.18,0.0,0.0,5.88,12.5,-0.29
1972-01-01,1972,1,"Natural gas, US",Energy,($/mmbtu),0.19,5.56,5.56,5.56,18.75,2.98
1972-02-01,1972,2,"Natural gas, US",Energy,($/mmbtu),0.19,0.0,5.56,5.56,18.75,-0.29
1972-03-01,1972,3,"Natural gas, US",Energy,($/mmbtu),0.19,0.0,5.56,5.56,18.75,-0.29
1972-04-01,1972,4,"Natural gas, US",Energy,($/mmbtu),0.19,0.0,0.0,5.56,18.75,-0.29
1972-05-01,1972,5,"Natural gas, US",Energy,($/mmbtu),0.19,0.0,0.0,5.56,18.75,-0.29
1972-06-01,1972,6,"Natural gas, US",Energy,($/mmbtu),0.19,0.0,0.0,5.56,18.75,-0.29
1972-07-01,1972,7,"Natural gas, US",Energy,($/mmbtu),0.19,0.0,0.0,5.56,18.75,-0.29
1972-08-01,1972,8,"Natural gas, US",Energy,($/mmbtu),0.19,0.0,0.0,5.56,18.75,-0.29
1972-09-01,1972,9,"Natural gas, US",Energy,($/mmbtu),0.19,0.0,0.0,5.56,18.75,-0.29
1972-10-01,1972,10,"Natural gas, US",Energy,($/mmbtu),0.19,0.0,0.0,5.56,18.75,-0.29
1972-11-01,1972,11,"Natural gas, US",Energy,($/mmbtu),0.19,0.0,0.0,5.56,18.75,-0.29
1972-12-01,1972,12,"Natural gas, US",Energy,($/mmbtu),0.19,0.0,0.0,5.56,18.75,-0.29
1973-01-01,1973,1,"Natural gas, US",Energy,($/mmbtu),0.21,10.53,10.53,10.53,31.25,6.27
1973-02-01,1973,2,"Natural gas, US",Energy,($/mmbtu),0.21,0.0,10.53,10.53,31.25,-0.29
1973-03-01,1973,3,"Natural gas, US",Energy,($/mmbtu),0.21,0.0,10.53,10.53,31.25,-0.29
1973-04-01,1973,4,"Natural gas, US",Energy,($/mmbtu),0.21,0.0,0.0,10.53,31.25,-0.29
1973-05-01,1973,5,"Natural gas, US",Energy,($/mmbtu),0.21,0.0,0.0,10.53,31.25,-0.29
1973-06-01,1973,6,"Natural gas, US",Energy,($/mmbtu),0.21,0.0,0.0,10.53,31.25,-0.29
1973-07-01,1973,7,"Natural gas, US",Energy,($/mmbtu),0.21,0.0,0.0,10.53,31.25,-0.29
1973-08-01,1973,8,"Natural gas, US",Energy,($/mmbtu),0.21,0.0,0.0,10.53,31.25,-0.29
1973-09-01,1973,9,"Natural gas, US",Energy,($/mmbtu),0.21,0.0,0.0,10.53,31.25,-0.29
1973-10-01,1973,10,"Natural gas, US",Energy,($/mmbtu),0.21,0.0,0.0,10.53,31.25,-0.29
1973-11-01,1973,11,"Natural gas, US",Energy,($/mmbtu),0.21,0.0,0.0,10.53,31.25,-0.29
1973-12-01,1973,12,"Natural gas, US",Energy,($/mmbtu),0.21,0.0,0.0,10.53,31.25,-0.29
1974-01-01,1974,1,"Natural gas, US",Energy,($/mmbtu),0.29,38.1,38.1,38.1,70.59,12.25
1974-02-01,1974,2,"Natural gas, US",Energy,($/mmbtu),0.29,0.0,38.1,38.1,70.59,-0.29
1974-03-01,1974,3,"Natural gas, US",Energy,($/mmbtu),0.29,0.0,38.1,38.1,70.59,-0.29
1974-04-01,1974,4,"Natural gas, US",Energy,($/mmbtu),0.29,0.0,0.0,38.1,70.59,-0.29
1974-05-01,1974,5,"Natural gas, US",Energy,($/mmbtu),0.29,0.0,0.0,38.1,70.59,-0.29
1974-06-01,1974,6,"Natural gas, US",Energy,($/mmbtu),0.29,0.0,0.0,38.1,70.59,-0.29
1974-07-01,1974,7,"Natural gas, US",Energy,($/mmbtu),0.29,0.0,0.0,38.1,70.59,-0.29
1974-08-01,1974,8,"Natural gas, US",Energy,($/mmbtu),0.29,0.0,0.0,38.1,70.59,-0.29
1974-09-01,1974,9,"Natural gas, US",Energy,($/mmbtu),0.29,0.0,0.0,38.1,70.59,-0.29
1974-10-01,1974,10,"Natural gas, US",Energy,($/mmbtu),0.29,0.0,0.0,38.1,70.59,-0.29
1974-11-01,1974,11,"Natural gas, US",Energy,($/mmbtu),0.29,0.0,0.0,38.1,70.59,-0.29
1974-12-01,1974,12,"Natural gas, US",Energy,($/mmbtu),0.29,0.0,0.0,38.1,70.59,-0.29
1975-01-01,1975,1,"Natural gas, US",Energy,($/mmbtu),0.43,48.28,48.28,48.28,152.94,4.1
1975-02-01,1975,2,"Natural gas, US",Energy,($/mmbtu),0.43,0.0,48.28,48.28,152.94,-0.29
1975-03-01,1975,3,"Natural gas, US",Energy,($/mmbtu),0.43,0.0,48.28,48.28,152.94,-0.29
1975-04-01,1975,4,"Natural gas, US",Energy,($/mmbtu),0.43,0.0,0.0,48.28,152.94,-0.29
1975-05-01,1975,5,"Natural gas, US",Energy,($/mmbtu),0.43,0.0,0.0,48.28,152.94,-0.29
1975-06-01,1975,6,"Natural gas, US",Energy,($/mmbtu),0.43,0.0,0.0,48.28,152.94,-0.29
1975-07-01,1975,7,"Natural gas, US",Energy,($/mmbtu),0.43,0.0,0.0,48.28,152.94,-0.29
1975-08-01,1975,8,"Natural gas, US",Energy,($/mmbtu),0.43,0.0,0.0,48.28,152.94,-0.29
1975-09-01,1975,9,"Natural gas, US",Energy,($/mmbtu),0.43,0.0,0.0,48.28,152.94,-0.29
1975-10-01,1975,10,"Natural gas, US",Energy,($/mmbtu),0.43,0.0,0.0,48.28,152.94,-0.29
1975-11-01,1975,11,"Natural gas, US",Energy,($/mmbtu),0.43,0.0,0.0,48.28,152.94,-0.29
1975-12-01,1975,12,"Natural gas, US",Energy,($/mmbtu),0.43,0.0,0.0,48.28,152.94,-0.29
1976-01-01,1976,1,"Natural gas, US",Energy,($/mmbtu),0.54,25.58,25.58,25.58,200.0,1.55
1976-02-01,1976,2,"Natural gas, US",Energy,($/mmbtu),0.54,0.0,25.58,25.58,200.0,-0.29
1976-03-01,1976,3,"Natural gas, US",Energy,($/mmbtu),0.54,0.0,25.58,25.58,200.0,-0.29
1976-04-01,1976,4,"Natural gas, US",Energy,($/mmbtu),0.55,1.85,1.85,27.91,205.56,-0.04
1976-05-01,1976,5,"Natural gas, US",Energy,($/mmbtu),0.55,0.0,1.85,27.91,205.56,-0.31
1976-06-01,1976,6,"Natural gas, US",Energy,($/mmbtu),0.58,5.45,7.41,34.88,222.22,0.43
1976-07-01,1976,7,"Natural gas, US",Energy,($/mmbtu),0.58,0.0,5.45,34.88,222.22,-0.37
1976-08-01,1976,8,"Natural gas, US",Energy,($/mmbtu),0.6,3.45,9.09,39.53,233.33,0.1
1976-09-01,1976,9,"Natural gas, US",Energy,($/mmbtu),0.6,0.0,3.45,39.53,233.33,-0.41
1976-10-01,1976,10,"Natural gas, US",Energy,($/mmbtu),0.62,3.33,6.9,44.19,244.44,0.04
1976-11-01,1976,11,"Natural gas, US",Energy,($/mmbtu),0.63,1.61,5.0,46.51,250.0,-0.23
1976-12-01,1976,12,"Natural gas, US",Energy,($/mmbtu),0.64,1.59,6.67,48.84,255.56,-0.26
1977-01-01,1977,1,"Natural gas, US",Energy,($/mmbtu),0.67,4.69,8.06,24.07,252.63,0.16
1977-02-01,1977,2,"Natural gas, US",Energy,($/mmbtu),0.71,5.97,12.7,31.48,273.68,2.09
1977-03-01,1977,3,"Natural gas, US",Energy,($/mmbtu),0.75,5.63,17.19,38.89,294.74,1.49
1977-04-01,1977,4,"Natural gas, US",Energy,($/mmbtu),0.77,2.67,14.93,40.0,305.26,-0.06
1977-05-01,1977,5,"Natural gas, US",Energy,($/mmbtu),0.77,0.0,8.45,40.0,305.26,-1.27
1977-06-01,1977,6,"Natural gas, US",Energy,($/mmbtu),0.82,6.49,9.33,41.38,331.58,1.61
1977-07-01,1977,7,"Natural gas, US",Energy,($/mmbtu),0.83,1.22,7.79,43.1,336.84,-0.73
1977-08-01,1977,8,"Natural gas, US",Energy,($/mmbtu),0.82,-1.2,6.49,36.67,331.58,-1.88
1977-09-01,1977,9,"Natural gas, US",Energy,($/mmbtu),0.83,1.22,1.22,38.33,336.84,-0.56
1977-10-01,1977,10,"Natural gas, US",Energy,($/mmbtu),0.84,1.2,1.2,35.48,342.11,-0.63
1977-11-01,1977,11,"Natural gas, US",Energy,($/mmbtu),0.83,-1.19,1.22,31.75,336.84,-1.51
1977-12-01,1977,12,"Natural gas, US",Energy,($/mmbtu),0.84,1.2,1.2,31.25,342.11,-0.42
1978-01-01,1978,1,"Natural gas, US",Energy,($/mmbtu),0.87,3.57,3.57,29.85,314.29,0.46
1978-02-01,1978,2,"Natural gas, US",Energy,($/mmbtu),0.88,1.15,6.02,23.94,319.05,-0.41
1978-03-01,1978,3,"Natural gas, US",Energy,($/mmbtu),0.89,1.14,5.95,18.67,323.81,-0.29
1978-04-01,1978,4,"Natural gas, US",Energy,($/mmbtu),0.88,-1.12,1.15,14.29,319.05,-1.24
1978-05-01,1978,5,"Natural gas, US",Energy,($/mmbtu),0.91,3.41,3.41,18.18,333.33,1.04
1978-06-01,1978,6,"Natural gas, US",Energy,($/mmbtu),0.91,0.0,2.25,10.98,333.33,-0.64
1978-07-01,1978,7,"Natural gas, US",Energy,($/mmbtu),0.89,-2.2,1.14,7.23,323.81,-1.94
1978-08-01,1978,8,"Natural gas, US",Energy,($/mmbtu),0.91,2.25,0.0,10.98,333.33,0.91
1978-09-01,1978,9,"Natural gas, US",Energy,($/mmbtu),0.92,1.1,1.1,10.84,338.1,0.12
1978-10-01,1978,10,"Natural gas, US",Energy,($/mmbtu),0.92,0.0,3.37,9.52,338.1,-0.49
1978-11-01,1978,11,"Natural gas, US",Energy,($/mmbtu),0.93,1.09,2.2,12.05,342.86,0.17
1978-12-01,1978,12,"Natural gas, US",Energy,($/mmbtu),0.96,3.23,4.35,14.29,357.14,1.35
1979-01-01,1979,1,"Natural gas, US",Energy,($/mmbtu),1.02,6.25,10.87,17.24,251.72,2.85
1979-02-01,1979,2,"Natural gas, US",Energy,($/mmbtu),1.05,2.94,12.9,19.32,262.07,0.71
1979-03-01,1979,3,"Natural gas, US",Energy,($/mmbtu),1.1,4.76,14.58,23.6,279.31,1.43
1979-04-01,1979,4,"Natural gas, US",Energy,($/mmbtu),1.11,0.91,8.82,26.14,282.76,-0.37
1979-05-01,1979,5,"Natural gas, US",Energy,($/mmbtu),1.15,3.6,9.52,26.37,296.55,0.7
1979-06-01,1979,6,"Natural gas, US",Energy,($/mmbtu),1.17,1.74,6.36,28.57,303.45,-0.11
1979-07-01,1979,7,"Natural gas, US",Energy,($/mmbtu),1.2,2.56,8.11,34.83,313.79,0.19
1979-08-01,1979,8,"Natural gas, US",Energy,($/mmbtu),1.24,3.33,7.83,36.26,327.59,0.45
1979-09-01,1979,9,"Natural gas, US",Energy,($/mmbtu),1.24,0.0,5.98,34.78,327.59,-1.47
1979-10-01,1979,10,"Natural gas, US",Energy,($/mmbtu),1.28,3.23,6.67,39.13,341.38,0.37
1979-11-01,1979,11,"Natural gas, US",Energy,($/mmbtu),1.29,0.78,4.03,38.71,344.83,-1.17
1979-12-01,1979,12,"Natural gas, US",Energy,($/mmbtu),1.31,1.55,5.65,36.46,351.72,-0.7
1980-01-01,1980,1,"Natural gas, US",Energy,($/mmbtu),1.37,4.58,7.03,34.31,218.6,1.09
1980-02-01,1980,2,"Natural gas, US",Energy,($/mmbtu),1.42,3.65,10.08,35.24,230.23,0.76
1980-03-01,1980,3,"Natural gas, US",Energy,($/mmbtu),1.46,2.82,11.45,32.73,239.53,0.17
1980-04-01,1980,4,"Natural gas, US",Energy,($/mmbtu),1.51,3.42,10.22,36.04,251.16,0.74
1980-05-01,1980,5,"Natural gas, US",Energy,($/mmbtu),1.56,3.31,9.86,35.65,262.79,0.53
1980-06-01,1980,6,"Natural gas, US",Energy,($/mmbtu),1.57,0.64,7.53,34.19,265.12,-1.47
1980-07-01,1980,7,"Natural gas, US",Energy,($/mmbtu),1.64,4.46,8.61,36.67,281.4,1.39
1980-08-01,1980,8,"Natural gas, US",Energy,($/mmbtu),1.64,0.0,5.13,32.26,281.4,-1.73
1980-09-01,1980,9,"Natural gas, US",Energy,($/mmbtu),1.69,3.05,7.64,36.29,293.02,0.4
1980-10-01,1980,10,"Natural gas, US",Energy,($/mmbtu),1.71,1.18,4.27,33.59,297.67,-0.95
1980-11-01,1980,11,"Natural gas, US",Energy,($/mmbtu),1.76,2.92,7.32,36.43,309.3,0.3
1980-12-01,1980,12,"Natural gas, US",Energy,($/mmbtu),1.74,-1.14,2.96,32.82,304.65,-2.57
1981-01-01,1981,1,"Natural gas, US",Energy,($/mmbtu),1.77,1.72,3.51,29.2,227.78,-0.38
1981-02-01,1981,2,"Natural gas, US",Energy,($/mmbtu),1.81,2.26,2.84,27.46,235.19,0.05
1981-03-01,1981,3,"Natural gas, US",Energy,($/mmbtu),1.86,2.76,6.9,27.4,244.44,0.44
1981-04-01,1981,4,"Natural gas, US",Energy,($/mmbtu),1.93,3.76,9.04,27.81,250.91,1.06
1981-05-01,1981,5,"Natural gas, US",Energy,($/mmbtu),1.95,1.04,7.73,25.0,254.55,-0.63
1981-06-01,1981,6,"Natural gas, US",Energy,($/mmbtu),1.95,0.0,4.84,24.2,236.21,-1.16
1981-07-01,1981,7,"Natural gas, US",Energy,($/mmbtu),2.01,3.08,4.15,22.56,246.55,0.74
1981-08-01,1981,8,"Natural gas, US",Energy,($/mmbtu),2.02,0.5,3.59,23.17,236.67,-0.8
1981-09-01,1981,9,"Natural gas, US",Energy,($/mmbtu),2.08,2.97,6.67,23.08,246.67,0.82
1981-10-01,1981,10,"Natural gas, US",Energy,($/mmbtu),2.11,1.44,4.98,23.39,240.32,-0.21
1981-11-01,1981,11,"Natural gas, US",Energy,($/mmbtu),2.15,1.9,6.44,22.16,241.27,0.08
1981-12-01,1981,12,"Natural gas, US",Energy,($/mmbtu),2.16,0.47,3.85,24.14,237.5,-0.86
1982-01-01,1982,1,"Natural gas, US",Energy,($/mmbtu),2.23,3.24,5.69,25.99,232.84,1.2
1982-02-01,1982,2,"Natural gas, US",Energy,($/mmbtu),2.3,3.14,6.98,27.07,223.94,0.95
1982-03-01,1982,3,"Natural gas, US",Energy,($/mmbtu),2.35,2.17,8.8,26.34,213.33,0.12
1982-04-01,1982,4,"Natural gas, US",Energy,($/mmbtu),2.4,2.13,7.62,24.35,211.69,0.12
1982-05-01,1982,5,"Natural gas, US",Energy,($/mmbtu),2.45,2.08,6.52,25.64,218.18,0.21
1982-06-01,1982,6,"Natural gas, US",Energy,($/mmbtu),2.45,0.0,4.26,25.64,198.78,-1.72
1982-07-01,1982,7,"Natural gas, US",Energy,($/mmbtu),2.47,0.82,2.92,22.89,197.59,-0.99
1982-08-01,1982,8,"Natural gas, US",Energy,($/mmbtu),2.53,2.43,3.27,25.25,208.54,0.63
1982-09-01,1982,9,"Natural gas, US",Energy,($/mmbtu),2.56,1.19,4.49,23.08,208.43,-0.68
1982-10-01,1982,10,"Natural gas, US",Energy,($/mmbtu),2.6,1.56,5.26,23.22,209.52,-0.19
1982-11-01,1982,11,"Natural gas, US",Energy,($/mmbtu),2.62,0.77,3.56,21.86,215.66,-0.99
1982-12-01,1982,12,"Natural gas, US",Energy,($/mmbtu),2.62,0.0,2.34,21.3,211.9,-1.6
1983-01-01,1983,1,"Natural gas, US",Energy,($/mmbtu),2.66,1.53,2.31,19.28,205.75,-0.09
1983-02-01,1983,2,"Natural gas, US",Energy,($/mmbtu),2.66,0.0,1.53,15.65,202.27,-1.53
1983-03-01,1983,3,"Natural gas, US",Energy,($/mmbtu),2.58,-3.01,-1.53,9.79,189.89,-4.68
1983-04-01,1983,4,"Natural gas, US",Energy,($/mmbtu),2.53,-1.94,-4.89,5.42,187.5,-1.86
1983-05-01,1983,5,"Natural gas, US",Energy,($/mmbtu),2.53,0.0,-4.89,3.27,178.02,-0.28
1983-06-01,1983,6,"Natural gas, US",Energy,($/mmbtu),2.59,2.37,0.39,5.71,184.62,1.38
1983-07-01,1983,7,"Natural gas, US",Energy,($/mmbtu),2.52,-2.7,-0.4,2.02,183.15,-1.96
1983-08-01,1983,8,"Natural gas, US",Energy,($/mmbtu),2.58,2.38,1.98,1.98,183.52,1.18
1983-09-01,1983,9,"Natural gas, US",Energy,($/mmbtu),2.67,3.49,3.09,4.3,190.22,1.79
1983-10-01,1983,10,"Natural gas, US",Energy,($/mmbtu),2.58,-3.37,2.38,-0.77,180.43,-1.8
1983-11-01,1983,11,"Natural gas, US",Energy,($/mmbtu),2.6,0.78,0.78,-0.76,179.57,0.36
1983-12-01,1983,12,"Natural gas, US",Energy,($/mmbtu),2.61,0.38,-2.25,-0.38,171.88,0.19
1984-01-01,1984,1,"Natural gas, US",Energy,($/mmbtu),2.67,2.3,3.49,0.38,161.76,1.0
1984-02-01,1984,2,"Natural gas, US",Energy,($/mmbtu),2.71,1.5,4.23,1.88,158.1,0.61
1984-03-01,1984,3,"Natural gas, US",Energy,($/mmbtu),2.67,-1.48,2.3,3.49,142.73,-0.69
1984-04-01,1984,4,"Natural gas, US",Energy,($/mmbtu),2.64,-1.12,-1.12,4.35,137.84,-0.64
1984-05-01,1984,5,"Natural gas, US",Energy,($/mmbtu),2.67,1.14,-1.48,5.53,132.17,0.35
1984-06-01,1984,6,"Natural gas, US",Energy,($/mmbtu),2.7,1.12,1.12,4.25,130.77,0.3
1984-07-01,1984,7,"Natural gas, US",Energy,($/mmbtu),2.68,-0.74,1.52,6.35,123.33,-0.52
1984-08-01,1984,8,"Natural gas, US",Energy,($/mmbtu),2.69,0.37,0.75,4.26,116.94,-0.08
1984-09-01,1984,9,"Natural gas, US",Energy,($/mmbtu),2.62,-2.6,-2.96,-1.87,111.29,-1.62
1984-10-01,1984,10,"Natural gas, US",Energy,($/mmbtu),2.63,0.38,-1.87,1.94,105.47,0.3
1984-11-01,1984,11,"Natural gas, US",Energy,($/mmbtu),2.61,-0.76,-2.97,0.38,102.33,-0.66
1984-12-01,1984,12,"Natural gas, US",Energy,($/mmbtu),2.57,-1.53,-1.91,-1.53,96.18,-1.12
1985-01-01,1985,1,"Natural gas, US",Energy,($/mmbtu),2.64,2.72,0.38,-1.12,92.7,1.93
1985-02-01,1985,2,"Natural gas, US",Energy,($/mmbtu),2.71,2.65,3.83,0.0,90.85,1.78
1985-03-01,1985,3,"Natural gas, US",Energy,($/mmbtu),2.62,-3.32,1.95,-1.87,79.45,-1.99
1985-04-01,1985,4,"Natural gas, US",Energy,($/mmbtu),2.64,0.76,0.0,0.0,74.83,0.48
1985-05-01,1985,5,"Natural gas, US",Energy,($/mmbtu),2.53,-4.17,-6.64,-5.24,62.18,-2.22
1985-06-01,1985,6,"Natural gas, US",Energy,($/mmbtu),2.58,1.98,-1.53,-4.44,64.33,1.09
1985-07-01,1985,7,"Natural gas, US",Energy,($/mmbtu),2.51,-2.71,-4.92,-6.34,53.05,-1.04
1985-08-01,1985,8,"Natural gas, US",Energy,($/mmbtu),2.47,-1.59,-2.37,-8.18,50.61,-0.45
1985-09-01,1985,9,"Natural gas, US",Energy,($/mmbtu),2.42,-2.02,-6.2,-7.63,43.2,-0.57
1985-10-01,1985,10,"Natural gas, US",Energy,($/mmbtu),2.37,-2.07,-5.58,-9.89,38.6,-0.62
1985-11-01,1985,11,"Natural gas, US",Energy,($/mmbtu),2.36,-0.42,-4.45,-9.58,34.09,0.18
1985-12-01,1985,12,"Natural gas, US",Energy,($/mmbtu),2.28,-3.39,-5.79,-11.28,31.03,-1.1
1986-01-01,1986,1,"Natural gas, US",Energy,($/mmbtu),2.28,0.0,-3.8,-13.64,28.81,0.39
1986-02-01,1986,2,"Natural gas, US",Energy,($/mmbtu),2.26,-0.88,-4.24,-16.61,24.86,0.14
1986-03-01,1986,3,"Natural gas, US",Energy,($/mmbtu),2.16,-4.42,-5.26,-17.56,16.13,-1.6
1986-04-01,1986,4,"Natural gas, US",Energy,($/mmbtu),2.1,-2.78,-7.89,-20.45,8.81,-0.61
1986-05-01,1986,5,"Natural gas, US",Energy,($/mmbtu),1.96,-6.67,-13.27,-22.53,0.51,-2.61
1986-06-01,1986,6,"Natural gas, US",Energy,($/mmbtu),1.85,-5.61,-14.35,-28.29,-5.13,-1.59
1986-07-01,1986,7,"Natural gas, US",Energy,($/mmbtu),1.8,-2.7,-14.29,-28.29,-10.45,0.01
1986-08-01,1986,8,"Natural gas, US",Energy,($/mmbtu),1.77,-1.67,-9.69,-28.34,-12.38,0.51
1986-09-01,1986,9,"Natural gas, US",Energy,($/mmbtu),1.78,0.56,-3.78,-26.45,-14.42,1.62
1986-10-01,1986,10,"Natural gas, US",Energy,($/mmbtu),1.73,-2.81,-3.89,-27.0,-18.01,-0.14
1986-11-01,1986,11,"Natural gas, US",Energy,($/mmbtu),1.77,2.31,0.0,-25.0,-17.67,2.18
1986-12-01,1986,12,"Natural gas, US",Energy,($/mmbtu),1.76,-0.56,-1.12,-22.81,-18.52,0.69
1987-01-01,1987,1,"Natural gas, US",Energy,($/mmbtu),1.74,-1.14,0.58,-23.68,-21.97,0.37
1987-02-01,1987,2,"Natural gas, US",Energy,($/mmbtu),1.73,-0.57,-2.26,-23.45,-24.78,0.64
1987-03-01,1987,3,"Natural gas, US",Energy,($/mmbtu),1.73,0.0,-1.7,-19.91,-26.38,0.85
1987-04-01,1987,4,"Natural gas, US",Energy,($/mmbtu),1.69,-2.31,-2.87,-19.52,-29.58,-0.2
1987-05-01,1987,5,"Natural gas, US",Energy,($/mmbtu),1.65,-2.37,-4.62,-15.82,-32.65,-0.24
1987-06-01,1987,6,"Natural gas, US",Energy,($/mmbtu),1.65,0.0,-4.62,-10.81,-32.65,0.7
1987-07-01,1987,7,"Natural gas, US",Energy,($/mmbtu),1.66,0.61,-1.78,-7.78,-32.79,1.0
1987-08-01,1987,8,"Natural gas, US",Energy,($/mmbtu),1.63,-1.81,-1.21,-7.91,-35.57,-0.77
1987-09-01,1987,9,"Natural gas, US",Energy,($/mmbtu),1.56,-4.29,-5.45,-12.36,-39.06,-2.42
1987-10-01,1987,10,"Natural gas, US",Energy,($/mmbtu),1.57,0.64,-5.42,-9.25,-39.62,0.98
1987-11-01,1987,11,"Natural gas, US",Energy,($/mmbtu),1.64,4.46,0.61,-7.34,-37.4,3.02
1987-12-01,1987,12,"Natural gas, US",Energy,($/mmbtu),1.7,3.66,8.97,-3.41,-35.11,1.99
1988-01-01,1988,1,"Natural gas, US",Energy,($/mmbtu),1.96,15.29,24.84,12.64,-26.32,6.28
1988-02-01,1988,2,"Natural gas, US",Energy,($/mmbtu),1.84,-6.12,12.2,6.36,-30.83,-1.42
1988-03-01,1988,3,"Natural gas, US",Energy,($/mmbtu),1.7,-7.61,0.0,-1.73,-34.11,-1.5
1988-04-01,1988,4,"Natural gas, US",Energy,($/mmbtu),1.59,-6.47,-18.88,-5.92,-37.15,-1.08
1988-05-01,1988,5,"Natural gas, US",Energy,($/mmbtu),1.52,-4.4,-17.39,-7.88,-39.92,-0.65
1988-06-01,1988,6,"Natural gas, US",Energy,($/mmbtu),1.53,0.66,-10.0,-7.27,-40.93,0.18
1988-07-01,1988,7,"Natural gas, US",Energy,($/mmbtu),1.56,1.96,-1.89,-6.02,-38.1,0.38
1988-08-01,1988,8,"Natural gas, US",Energy,($/mmbtu),1.62,3.85,6.58,-0.61,-37.21,0.65
1988-09-01,1988,9,"Natural gas, US",Energy,($/mmbtu),1.53,-5.56,0.0,-1.92,-42.7,-0.88
1988-10-01,1988,10,"Natural gas, US",Energy,($/mmbtu),1.68,9.8,7.69,7.01,-34.88,1.49
1988-11-01,1988,11,"Natural gas, US",Energy,($/mmbtu),1.76,4.76,8.64,7.32,-32.31,0.56
1988-12-01,1988,12,"Natural gas, US",Energy,($/mmbtu),1.89,7.39,23.53,11.18,-27.59,0.92
1989-01-01,1989,1,"Natural gas, US",Energy,($/mmbtu),1.78,-5.82,5.95,-9.18,-33.33,-0.94
1989-02-01,1989,2,"Natural gas, US",Energy,($/mmbtu),1.71,-3.93,-2.84,-7.07,-36.9,-0.54
1989-03-01,1989,3,"Natural gas, US",Energy,($/mmbtu),1.49,-12.87,-21.16,-12.35,-44.19,-2.09
1989-04-01,1989,4,"Natural gas, US",Energy,($/mmbtu),1.53,2.68,-14.04,-3.77,-42.05,0.53
1989-05-01,1989,5,"Natural gas, US",Energy,($/mmbtu),1.66,8.5,-2.92,9.21,-37.83,1.33
1989-06-01,1989,6,"Natural gas, US",Energy,($/mmbtu),1.7,2.41,14.09,11.11,-37.04,0.21
1989-07-01,1989,7,"Natural gas, US",Energy,($/mmbtu),1.64,-3.53,7.19,5.13,-38.81,-0.68
1989-08-01,1989,8,"Natural gas, US",Energy,($/mmbtu),1.58,-3.66,-4.82,-2.47,-41.26,-0.62
1989-09-01,1989,9,"Natural gas, US",Energy,($/mmbtu),1.53,-3.16,-10.0,0.0,-41.6,-0.46
1989-10-01,1989,10,"Natural gas, US",Energy,($/mmbtu),1.6,4.58,-2.44,-4.76,-39.16,0.64
1989-11-01,1989,11,"Natural gas, US",Energy,($/mmbtu),1.9,18.75,20.25,7.95,-27.2,3.02
1989-12-01,1989,12,"Natural gas, US",Energy,($/mmbtu),2.24,17.89,46.41,18.52,-12.84,2.05
1990-01-01,1990,1,"Natural gas, US",Energy,($/mmbtu),2.39,6.7,49.37,34.27,-9.47,0.51
1990-02-01,1990,2,"Natural gas, US",Energy,($/mmbtu),1.9,-20.5,0.0,11.11,-29.89,-2.53
1990-03-01,1990,3,"Natural gas, US",Energy,($/mmbtu),1.55,-18.42,-30.8,4.03,-40.84,-1.75
1990-04-01,1990,4,"Natural gas, US",Energy,($/mmbtu),1.49,-3.87,-37.66,-2.61,-43.56,-0.4
1990-05-01,1990,5,"Natural gas, US",Energy,($/mmbtu),1.47,-1.34,-22.63,-11.45,-41.9,-0.15
1990-06-01,1990,6,"Natural gas, US",Energy,($/mmbtu),1.47,0.0,-5.16,-13.53,-43.02,0.03
1990-07-01,1990,7,"Natural gas, US",Energy,($/mmbtu),1.41,-4.08,-5.37,-14.02,-43.82,-0.3
1990-08-01,1990,8,"Natural gas, US",Energy,($/mmbtu),1.36,-3.55,-7.48,-13.92,-44.94,-0.25
1990-09-01,1990,9,"Natural gas, US",Energy,($/mmbtu),1.44,5.88,-2.04,-5.88,-40.5,0.54
1990-10-01,1990,10,"Natural gas, US",Energy,($/mmbtu),1.69,17.36,19.86,5.62,-28.69,1.44
1990-11-01,1990,11,"Natural gas, US",Energy,($/mmbtu),2.1,24.26,54.41,10.53,-11.02,1.78
1990-12-01,1990,12,"Natural gas, US",Energy,($/mmbtu),2.11,0.48,46.53,-5.8,-7.46,-0.09
1991-01-01,1991,1,"Natural gas, US",Energy,($/mmbtu),1.67,-20.85,-1.18,-30.13,-26.75,-1.66
1991-02-01,1991,2,"Natural gas, US",Energy,($/mmbtu),1.36,-18.56,-35.24,-28.42,-39.82,-1.19
1991-03-01,1991,3,"Natural gas, US",Energy,($/mmbtu),1.34,-1.47,-36.49,-13.55,-37.96,0.03
1991-04-01,1991,4,"Natural gas, US",Energy,($/mmbtu),1.33,-0.75,-20.36,-10.74,-36.67,-0.02
1991-05-01,1991,5,"Natural gas, US",Energy,($/mmbtu),1.31,-1.5,-3.68,-10.88,-33.16,-0.1
1991-06-01,1991,6,"Natural gas, US",Energy,($/mmbtu),1.2,-8.4,-10.45,-18.37,-35.14,-0.65
1991-07-01,1991,7,"Natural gas, US",Energy,($/mmbtu),1.19,-0.83,-10.53,-15.6,-33.89,0.01
1991-08-01,1991,8,"Natural gas, US",Energy,($/mmbtu),1.31,10.08,0.0,-3.68,-25.99,0.84
1991-09-01,1991,9,"Natural gas, US",Energy,($/mmbtu),1.63,24.43,35.83,13.19,-8.43,1.83
1991-10-01,1991,10,"Natural gas, US",Energy,($/mmbtu),1.77,8.59,48.74,4.73,2.31,0.45
1991-11-01,1991,11,"Natural gas, US",Energy,($/mmbtu),1.81,2.26,38.17,-13.81,2.26,0.07
1991-12-01,1991,12,"Natural gas, US",Energy,($/mmbtu),1.92,6.08,17.79,-9.0,9.09,0.54
1992-01-01,1992,1,"Natural gas, US",Energy,($/mmbtu),1.28,-33.33,-27.68,-23.35,-26.44,-2.7
1992-02-01,1992,2,"Natural gas, US",Energy,($/mmbtu),1.21,-5.47,-33.15,-11.03,-30.06,-0.3
1992-03-01,1992,3,"Natural gas, US",Energy,($/mmbtu),1.28,5.79,-33.33,-4.48,-26.01,0.43
1992-04-01,1992,4,"Natural gas, US",Energy,($/mmbtu),1.47,14.84,14.84,10.53,-13.02,1.04
1992-05-01,1992,5,"Natural gas, US",Energy,($/mmbtu),1.59,8.16,31.4,21.37,-3.64,0.44
1992-06-01,1992,6,"Natural gas, US",Energy,($/mmbtu),1.56,-1.89,21.88,30.0,-5.45,-0.32
1992-07-01,1992,7,"Natural gas, US",Energy,($/mmbtu),1.75,12.18,19.05,47.06,5.42,0.64
1992-08-01,1992,8,"Natural gas, US",Energy,($/mmbtu),1.97,12.57,23.9,50.38,20.86,0.58
1992-09-01,1992,9,"Natural gas, US",Energy,($/mmbtu),2.33,18.27,49.36,42.94,49.36,0.96
1992-10-01,1992,10,"Natural gas, US",Energy,($/mmbtu),2.42,3.86,38.29,36.72,54.14,-0.01
1992-11-01,1992,11,"Natural gas, US",Energy,($/mmbtu),2.24,-7.44,13.71,23.76,36.59,-0.82
1992-12-01,1992,12,"Natural gas, US",Energy,($/mmbtu),2.16,-3.57,-7.3,12.5,27.06,-0.46
1993-01-01,1993,1,"Natural gas, US",Energy,($/mmbtu),1.88,-12.96,-22.31,46.87,-4.08,-1.07
1993-02-01,1993,2,"Natural gas, US",Energy,($/mmbtu),1.69,-10.11,-24.55,39.67,-8.15,-1.39
1993-03-01,1993,3,"Natural gas, US",Energy,($/mmbtu),2.18,28.99,0.93,70.31,28.24,2.47
1993-04-01,1993,4,"Natural gas, US",Energy,($/mmbtu),2.35,7.8,25.0,59.86,47.8,0.2
1993-05-01,1993,5,"Natural gas, US",Energy,($/mmbtu),2.17,-7.66,28.4,36.48,42.76,-0.99
1993-06-01,1993,6,"Natural gas, US",Energy,($/mmbtu),1.97,-9.22,-9.63,26.28,28.76,-0.98
1993-07-01,1993,7,"Natural gas, US",Energy,($/mmbtu),2.06,4.57,-12.34,17.71,32.05,0.14
1993-08-01,1993,8,"Natural gas, US",Energy,($/mmbtu),2.26,9.71,4.15,14.72,39.51,0.59
1993-09-01,1993,9,"Natural gas, US",Energy,($/mmbtu),2.27,0.44,15.23,-2.58,48.37,-0.11
1993-10-01,1993,10,"Natural gas, US",Energy,($/mmbtu),2.02,-11.01,-1.94,-16.53,20.24,-0.97
1993-11-01,1993,11,"Natural gas, US",Energy,($/mmbtu),2.26,11.88,0.0,0.89,28.41,1.05
1993-12-01,1993,12,"Natural gas, US",Energy,($/mmbtu),2.34,3.54,3.08,8.33,23.81,0.23
1994-01-01,1994,1,"Natural gas, US",Energy,($/mmbtu),2.34,0.0,15.84,24.47,31.46,-0.11
1994-02-01,1994,2,"Natural gas, US",Energy,($/mmbtu),2.71,15.81,19.91,60.36,58.48,1.16
1994-03-01,1994,3,"Natural gas, US",Energy,($/mmbtu),2.21,-18.45,-5.56,1.38,48.32,-2.02
1994-04-01,1994,4,"Natural gas, US",Energy,($/mmbtu),2.04,-7.69,-12.82,-13.19,33.33,-0.8
1994-05-01,1994,5,"Natural gas, US",Energy,($/mmbtu),1.92,-5.88,-29.15,-11.52,15.66,-0.5
1994-06-01,1994,6,"Natural gas, US",Energy,($/mmbtu),1.9,-1.04,-14.03,-3.55,11.76,-0.05
1994-07-01,1994,7,"Natural gas, US",Energy,($/mmbtu),1.96,3.16,-3.92,-4.85,19.51,0.3
1994-08-01,1994,8,"Natural gas, US",Energy,($/mmbtu),1.66,-15.31,-13.54,-26.55,5.06,-1.56
1994-09-01,1994,9,"Natural gas, US",Energy,($/mmbtu),1.49,-10.24,-21.58,-34.36,-2.61,-0.8
1994-10-01,1994,10,"Natural gas, US",Energy,($/mmbtu),1.51,1.34,-22.96,-25.25,-5.63,0.41
1994-11-01,1994,11,"Natural gas, US",Energy,($/mmbtu),1.58,4.64,-4.82,-30.09,-16.84,0.64
1994-12-01,1994,12,"Natural gas, US",Energy,($/mmbtu),1.72,8.86,15.44,-26.5,-23.21,1.2
1995-01-01,1995,1,"Natural gas, US",Energy,($/mmbtu),1.51,-12.21,0.0,-35.47,-36.82,-1.02
1995-02-01,1995,2,"Natural gas, US",Energy,($/mmbtu),1.58,4.64,0.0,-41.7,-16.84,0.75
1995-03-01,1995,3,"Natural gas, US",Energy,($/mmbtu),1.54,-2.53,-10.47,-30.32,-0.65,0.17
1995-04-01,1995,4,"Natural gas, US",Energy,($/mmbtu),1.62,5.19,7.28,-20.59,8.72,1.04
1995-05-01,1995,5,"Natural gas, US",Energy,($/mmbtu),1.64,1.23,3.8,-14.58,11.56,0.37
1995-06-01,1995,6,"Natural gas, US",Energy,($/mmbtu),1.62,-1.22,5.19,-14.74,10.2,-0.03
1995-07-01,1995,7,"Natural gas, US",Energy,($/mmbtu),1.44,-11.11,-11.11,-26.53,2.13,-1.32
1995-08-01,1995,8,"Natural gas, US",Energy,($/mmbtu),1.56,8.33,-4.88,-6.02,14.71,1.31
1995-09-01,1995,9,"Natural gas, US",Energy,($/mmbtu),1.64,5.13,1.23,10.07,13.89,0.73
1995-10-01,1995,10,"Natural gas, US",Energy,($/mmbtu),1.77,7.93,22.92,17.22,4.73,1.01
1995-11-01,1995,11,"Natural gas, US",Energy,($/mmbtu),2.04,15.25,30.77,29.11,-2.86,1.92
1995-12-01,1995,12,"Natural gas, US",Energy,($/mmbtu),2.71,32.84,65.24,57.56,28.44,3.74
1996-01-01,1996,1,"Natural gas, US",Energy,($/mmbtu),2.93,8.12,65.54,94.04,75.45,0.31
1996-02-01,1996,2,"Natural gas, US",Energy,($/mmbtu),4.4,50.17,115.69,178.48,223.53,4.11
1996-03-01,1996,3,"Natural gas, US",Energy,($/mmbtu),2.95,-32.95,8.86,91.56,120.15,-2.59
1996-04-01,1996,4,"Natural gas, US",Energy,($/mmbtu),2.23,-24.41,-23.89,37.65,67.67,-1.55
1996-05-01,1996,5,"Natural gas, US",Energy,($/mmbtu),2.24,0.45,-49.09,36.59,70.99,-0.2
1996-06-01,1996,6,"Natural gas, US",Energy,($/mmbtu),2.49,11.16,-15.59,53.7,107.5,0.28
1996-07-01,1996,7,"Natural gas, US",Energy,($/mmbtu),2.48,-0.4,11.21,72.22,108.4,-0.28
1996-08-01,1996,8,"Natural gas, US",Energy,($/mmbtu),2.03,-18.15,-9.38,30.13,54.96,-1.14
1996-09-01,1996,9,"Natural gas, US",Energy,($/mmbtu),1.84,-9.36,-26.1,12.2,12.88,-0.6
1996-10-01,1996,10,"Natural gas, US",Energy,($/mmbtu),2.37,28.8,-4.44,33.9,33.9,1.08
1996-11-01,1996,11,"Natural gas, US",Energy,($/mmbtu),3.03,27.85,49.26,48.53,67.4,0.93
1996-12-01,1996,12,"Natural gas, US",Energy,($/mmbtu),3.82,26.07,107.61,40.96,98.96,0.79
1997-01-01,1997,1,"Natural gas, US",Energy,($/mmbtu),3.31,-13.35,39.66,12.97,158.59,-0.77
1997-02-01,1997,2,"Natural gas, US",Energy,($/mmbtu),2.22,-32.93,-26.73,-49.55,83.47,-1.45
1997-03-01,1997,3,"Natural gas, US",Energy,($/mmbtu),1.89,-14.86,-50.52,-35.93,47.66,-0.52
1997-04-01,1997,4,"Natural gas, US",Energy,($/mmbtu),2.03,7.41,-38.67,-8.97,38.1,0.43
1997-05-01,1997,5,"Natural gas, US",Energy,($/mmbtu),2.24,10.34,0.9,0.0,40.88,0.47
1997-06-01,1997,6,"Natural gas, US",Energy,($/mmbtu),2.2,-1.79,16.4,-11.65,41.03,-0.18
1997-07-01,1997,7,"Natural gas, US",Energy,($/mmbtu),2.19,-0.45,7.88,-11.69,25.14,-0.06
1997-08-01,1997,8,"Natural gas, US",Energy,($/mmbtu),2.47,12.79,10.27,21.67,25.38,0.6
1997-09-01,1997,9,"Natural gas, US",Energy,($/mmbtu),2.84,14.98,29.09,54.35,21.89,0.6
1997-10-01,1997,10,"Natural gas, US",Energy,($/mmbtu),3.04,7.04,38.81,28.27,25.62,0.09
1997-11-01,1997,11,"Natural gas, US",Energy,($/mmbtu),3.02,-0.66,22.27,-0.33,34.82,-0.24
1997-12-01,1997,12,"Natural gas, US",Energy,($/mmbtu),2.33,-22.85,-17.96,-39.01,7.87,-1.52
1998-01-01,1998,1,"Natural gas, US",Energy,($/mmbtu),2.1,-9.87,-30.92,-36.56,11.7,-0.46
1998-02-01,1998,2,"Natural gas, US",Energy,($/mmbtu),2.22,5.71,-26.49,0.0,31.36,0.56
1998-03-01,1998,3,"Natural gas, US",Energy,($/mmbtu),2.23,0.45,-4.29,17.99,2.29,-0.02
1998-04-01,1998,4,"Natural gas, US",Energy,($/mmbtu),2.42,8.52,15.24,19.21,2.98,0.63
1998-05-01,1998,5,"Natural gas, US",Energy,($/mmbtu),2.14,-11.57,-3.6,-4.46,-1.38,-1.29
1998-06-01,1998,6,"Natural gas, US",Energy,($/mmbtu),2.17,1.4,-2.69,-1.36,10.15,0.11
1998-07-01,1998,7,"Natural gas, US",Energy,($/mmbtu),2.17,0.0,-10.33,-0.91,5.34,-0.04
1998-08-01,1998,8,"Natural gas, US",Energy,($/mmbtu),1.85,-14.75,-13.55,-25.1,-18.14,-1.4
1998-09-01,1998,9,"Natural gas, US",Energy,($/mmbtu),2.01,8.65,-7.37,-29.23,-11.45,0.96
1998-10-01,1998,10,"Natural gas, US",Energy,($/mmbtu),1.89,-5.97,-12.9,-37.83,-6.44,-0.36
1998-11-01,1998,11,"Natural gas, US",Energy,($/mmbtu),2.1,11.11,13.51,-30.46,-7.08,1.49
1998-12-01,1998,12,"Natural gas, US",Energy,($/mmbtu),1.74,-17.14,-13.43,-25.32,-25.64,-1.39
1999-01-01,1999,1,"Natural gas, US",Energy,($/mmbtu),1.86,6.9,-1.59,-11.43,-20.51,0.91
1999-02-01,1999,2,"Natural gas, US",Energy,($/mmbtu),1.77,-4.84,-15.71,-20.27,-34.69,-0.44
1999-03-01,1999,3,"Natural gas, US",Energy,($/mmbtu),1.79,1.13,2.87,-19.73,-19.0,0.27
1999-04-01,1999,4,"Natural gas, US",Energy,($/mmbtu),2.15,20.11,15.59,-11.16,5.39,2.25
1999-05-01,1999,5,"Natural gas, US",Energy,($/mmbtu),2.25,4.65,27.12,5.14,17.19,0.46
1999-06-01,1999,6,"Natural gas, US",Energy,($/mmbtu),2.3,2.22,28.49,5.99,21.05,0.12
1999-07-01,1999,7,"Natural gas, US",Energy,($/mmbtu),2.31,0.43,7.44,6.45,17.86,-0.05
1999-08-01,1999,8,"Natural gas, US",Energy,($/mmbtu),2.79,20.78,24.0,50.81,68.07,1.86
1999-09-01,1999,9,"Natural gas, US",Energy,($/mmbtu),2.54,-8.96,10.43,26.37,70.47,-1.21
1999-10-01,1999,10,"Natural gas, US",Energy,($/mmbtu),2.72,7.09,17.75,43.92,80.13,0.4
1999-11-01,1999,11,"Natural gas, US",Energy,($/mmbtu),2.36,-13.24,-15.41,12.38,49.37,-1.54
1999-12-01,1999,12,"Natural gas, US",Energy,($/mmbtu),2.36,0.0,-7.09,35.63,37.21,-0.14
2000-01-01,2000,1,"Natural gas, US",Energy,($/mmbtu),2.42,2.54,-11.03,30.11,60.26,-0.05
2000-02-01,2000,2,"Natural gas, US",Energy,($/mmbtu),2.65,9.5,12.29,49.72,67.72,0.68
2000-03-01,2000,3,"Natural gas, US",Energy,($/mmbtu),2.79,5.28,18.22,55.87,81.17,0.14
2000-04-01,2000,4,"Natural gas, US",Energy,($/mmbtu),3.03,8.6,25.21,40.93,87.04,0.44
2000-05-01,2000,5,"Natural gas, US",Energy,($/mmbtu),3.58,18.15,35.09,59.11,118.29,1.71
2000-06-01,2000,6,"Natural gas, US",Energy,($/mmbtu),4.28,19.55,53.41,86.09,164.2,1.56
2000-07-01,2000,7,"Natural gas, US",Energy,($/mmbtu),3.96,-7.48,30.69,71.43,175.0,-1.25
2000-08-01,2000,8,"Natural gas, US",Energy,($/mmbtu),4.41,11.36,23.18,58.06,182.69,0.55
2000-09-01,2000,9,"Natural gas, US",Energy,($/mmbtu),5.06,14.74,18.22,99.21,208.54,1.0
2000-10-01,2000,10,"Natural gas, US",Energy,($/mmbtu),5.02,-0.79,26.77,84.56,183.62,-0.73
2000-11-01,2000,11,"Natural gas, US",Energy,($/mmbtu),5.55,10.56,25.85,135.17,172.06,0.49
2000-12-01,2000,12,"Natural gas, US",Energy,($/mmbtu),8.95,61.26,76.88,279.24,230.26,6.63
2001-01-01,2001,1,"Natural gas, US",Energy,($/mmbtu),8.17,-8.72,62.75,237.6,178.84,-1.26
2001-02-01,2001,2,"Natural gas, US",Energy,($/mmbtu),5.63,-31.09,1.44,112.45,27.95,-2.38
2001-03-01,2001,3,"Natural gas, US",Energy,($/mmbtu),5.16,-8.35,-42.35,84.95,74.92,-0.77
2001-04-01,2001,4,"Natural gas, US",Energy,($/mmbtu),5.17,0.19,-36.72,70.63,131.84,-0.32
2001-05-01,2001,5,"Natural gas, US",Energy,($/mmbtu),4.21,-18.57,-25.22,17.6,87.95,-1.12
2001-06-01,2001,6,"Natural gas, US",Energy,($/mmbtu),3.71,-11.88,-28.1,-13.32,49.0,-0.66
2001-07-01,2001,7,"Natural gas, US",Energy,($/mmbtu),3.1,-16.44,-40.04,-21.72,25.0,-0.75
2001-08-01,2001,8,"Natural gas, US",Energy,($/mmbtu),2.95,-4.84,-29.93,-33.11,45.32,-0.21
2001-09-01,2001,9,"Natural gas, US",Energy,($/mmbtu),2.15,-27.12,-42.05,-57.51,16.85,-1.12
2001-10-01,2001,10,"Natural gas, US",Energy,($/mmbtu),2.45,13.95,-20.97,-51.2,3.38,0.78
2001-11-01,2001,11,"Natural gas, US",Energy,($/mmbtu),2.36,-3.67,-20.0,-57.48,-22.11,-0.01
2001-12-01,2001,12,"Natural gas, US",Energy,($/mmbtu),2.41,2.12,12.09,-73.07,-36.91,0.28
2002-01-01,2002,1,"Natural gas, US",Energy,($/mmbtu),2.25,-6.64,-8.16,-72.46,-32.02,0.23
2002-02-01,2002,2,"Natural gas, US",Energy,($/mmbtu),2.31,2.67,-2.12,-58.97,4.05,0.95
2002-03-01,2002,3,"Natural gas, US",Energy,($/mmbtu),3.03,31.17,25.73,-41.28,60.32,3.42
2002-04-01,2002,4,"Natural gas, US",Energy,($/mmbtu),3.42,12.87,52.0,-33.85,68.47,1.04
2002-05-01,2002,5,"Natural gas, US",Energy,($/mmbtu),3.49,2.05,51.08,-17.1,55.8,0.26
2002-06-01,2002,6,"Natural gas, US",Energy,($/mmbtu),3.22,-7.74,6.27,-13.21,46.36,-0.47
2002-07-01,2002,7,"Natural gas, US",Energy,($/mmbtu),2.98,-7.45,-12.87,-3.87,36.07,-0.49
2002-08-01,2002,8,"Natural gas, US",Energy,($/mmbtu),3.09,3.69,-11.46,4.75,25.1,0.21
2002-09-01,2002,9,"Natural gas, US",Energy,($/mmbtu),3.57,15.53,10.87,66.05,25.7,0.99
2002-10-01,2002,10,"Natural gas, US",Energy,($/mmbtu),4.12,15.41,38.26,68.16,35.53,0.9
2002-11-01,2002,11,"Natural gas, US",Energy,($/mmbtu),4.04,-1.94,30.74,71.19,33.77,-0.59
2002-12-01,2002,12,"Natural gas, US",Energy,($/mmbtu),4.74,17.33,32.77,96.68,103.43,1.05
2003-01-01,2003,1,"Natural gas, US",Energy,($/mmbtu),5.41,14.14,31.31,140.44,157.62,0.64
2003-02-01,2003,2,"Natural gas, US",Energy,($/mmbtu),7.77,43.62,92.33,236.36,250.0,3.08
2003-03-01,2003,3,"Natural gas, US",Energy,($/mmbtu),5.95,-23.42,25.53,96.37,166.82,-2.3
2003-04-01,2003,4,"Natural gas, US",Energy,($/mmbtu),5.29,-11.09,-2.22,54.68,118.6,-1.07
2003-05-01,2003,5,"Natural gas, US",Energy,($/mmbtu),5.84,10.4,-24.84,67.34,172.9,0.31
2003-06-01,2003,6,"Natural gas, US",Energy,($/mmbtu),5.77,-1.2,-3.03,79.19,165.9,-0.39
2003-07-01,2003,7,"Natural gas, US",Energy,($/mmbtu),5.01,-13.17,-5.29,68.12,130.88,-1.13
2003-08-01,2003,8,"Natural gas, US",Energy,($/mmbtu),4.97,-0.8,-14.9,60.84,168.65,-0.37
2003-09-01,2003,9,"Natural gas, US",Energy,($/mmbtu),4.61,-7.24,-20.1,29.13,129.35,-0.71
2003-10-01,2003,10,"Natural gas, US",Energy,($/mmbtu),4.64,0.65,-7.39,12.62,145.5,-0.16
2003-11-01,2003,11,"Natural gas, US",Energy,($/mmbtu),4.53,-2.37,-8.85,12.13,115.71,-0.27
2003-12-01,2003,12,"Natural gas, US",Energy,($/mmbtu),6.13,35.32,32.97,29.32,252.3,1.89
2004-01-01,2004,1,"Natural gas, US",Energy,($/mmbtu),6.09,-0.65,31.25,12.57,227.42,-0.22
2004-02-01,2004,2,"Natural gas, US",Energy,($/mmbtu),5.38,-11.66,18.76,-30.76,203.95,-0.73
2004-03-01,2004,3,"Natural gas, US",Energy,($/mmbtu),5.4,0.37,-11.91,-9.24,201.68,0.17
2004-04-01,2004,4,"Natural gas, US",Energy,($/mmbtu),5.72,5.93,-6.08,8.13,166.05,0.47
2004-05-01,2004,5,"Natural gas, US",Energy,($/mmbtu),6.34,10.84,17.84,8.56,181.78,0.76
2004-06-01,2004,6,"Natural gas, US",Energy,($/mmbtu),6.27,-1.1,16.11,8.67,172.61,-0.19
2004-07-01,2004,7,"Natural gas, US",Energy,($/mmbtu),5.93,-5.42,3.67,18.36,156.71,-0.54
2004-08-01,2004,8,"Natural gas, US",Energy,($/mmbtu),5.4,-8.94,-14.83,8.65,93.55,-0.91
2004-09-01,2004,9,"Natural gas, US",Energy,($/mmbtu),5.14,-4.81,-18.02,11.5,102.36,-0.49
2004-10-01,2004,10,"Natural gas, US",Energy,($/mmbtu),6.41,24.71,8.09,38.15,135.66,1.89
2004-11-01,2004,11,"Natural gas, US",Energy,($/mmbtu),6.09,-4.99,12.78,34.44,158.05,-0.61
2004-12-01,2004,12,"Natural gas, US",Energy,($/mmbtu),6.58,8.05,28.02,7.34,178.81,0.34
2005-01-01,2005,1,"Natural gas, US",Energy,($/mmbtu),6.15,-6.53,-4.06,0.99,154.13,-0.75
2005-02-01,2005,2,"Natural gas, US",Energy,($/mmbtu),6.14,-0.16,0.82,14.13,131.7,-0.07
2005-03-01,2005,3,"Natural gas, US",Energy,($/mmbtu),6.97,13.52,5.93,29.07,149.82,1.26
2005-04-01,2005,4,"Natural gas, US",Energy,($/mmbtu),7.15,2.58,16.26,25.0,135.97,-0.0
2005-05-01,2005,5,"Natural gas, US",Energy,($/mmbtu),6.47,-9.51,5.37,2.05,80.73,-1.17
2005-06-01,2005,6,"Natural gas, US",Energy,($/mmbtu),7.19,11.13,3.16,14.67,67.99,1.03
2005-07-01,2005,7,"Natural gas, US",Energy,($/mmbtu),7.63,6.12,6.71,28.67,92.68,0.42
2005-08-01,2005,8,"Natural gas, US",Energy,($/mmbtu),9.63,26.21,48.84,78.33,118.37,2.26
2005-09-01,2005,9,"Natural gas, US",Energy,($/mmbtu),12.88,33.75,79.14,150.58,154.55,2.39
2005-10-01,2005,10,"Natural gas, US",Energy,($/mmbtu),13.52,4.97,77.2,110.92,169.32,-0.27
2005-11-01,2005,11,"Natural gas, US",Energy,($/mmbtu),10.43,-22.86,8.31,71.26,87.93,-2.33
2005-12-01,2005,12,"Natural gas, US",Energy,($/mmbtu),12.83,23.01,-0.39,94.98,43.35,1.14
2006-01-01,2006,1,"Natural gas, US",Energy,($/mmbtu),8.66,-32.5,-35.95,40.81,6.0,-2.46
2006-02-01,2006,2,"Natural gas, US",Energy,($/mmbtu),7.49,-13.51,-28.19,21.99,33.04,-0.94
2006-03-01,2006,3,"Natural gas, US",Energy,($/mmbtu),6.9,-7.88,-46.22,-1.0,33.72,-0.57
2006-04-01,2006,4,"Natural gas, US",Energy,($/mmbtu),7.09,2.75,-18.13,-0.84,37.14,0.05
2006-05-01,2006,5,"Natural gas, US",Energy,($/mmbtu),6.2,-12.55,-17.22,-4.17,47.27,-0.72
2006-06-01,2006,6,"Natural gas, US",Energy,($/mmbtu),6.19,-0.16,-10.29,-13.91,66.85,-0.08
2006-07-01,2006,7,"Natural gas, US",Energy,($/mmbtu),6.25,0.97,-11.85,-18.09,101.61,0.02
2006-08-01,2006,8,"Natural gas, US",Energy,($/mmbtu),7.0,12.0,12.9,-27.31,137.29,0.59
2006-09-01,2006,9,"Natural gas, US",Energy,($/mmbtu),4.86,-30.57,-21.49,-62.27,126.05,-1.59
2006-10-01,2006,10,"Natural gas, US",Energy,($/mmbtu),5.96,22.63,-4.64,-55.92,143.27,1.72
2006-11-01,2006,11,"Natural gas, US",Energy,($/mmbtu),7.45,25.0,6.43,-28.57,215.68,1.6
2006-12-01,2006,12,"Natural gas, US",Energy,($/mmbtu),6.58,-11.68,35.39,-48.71,173.03,-0.55
2007-01-01,2007,1,"Natural gas, US",Energy,($/mmbtu),6.58,0.0,10.4,-24.02,192.44,0.21
2007-02-01,2007,2,"Natural gas, US",Energy,($/mmbtu),7.97,21.12,6.98,6.41,245.02,1.4
2007-03-01,2007,3,"Natural gas, US",Energy,($/mmbtu),7.12,-10.66,8.21,3.19,134.98,-0.76
2007-04-01,2007,4,"Natural gas, US",Energy,($/mmbtu),7.59,6.6,15.35,7.05,121.93,0.3
2007-05-01,2007,5,"Natural gas, US",Energy,($/mmbtu),7.61,0.26,-4.52,22.74,118.05,-0.1
2007-06-01,2007,6,"Natural gas, US",Energy,($/mmbtu),7.3,-4.07,2.53,17.93,126.71,-0.44
2007-07-01,2007,7,"Natural gas, US",Energy,($/mmbtu),6.22,-14.79,-18.05,-0.48,108.72,-1.08
2007-08-01,2007,8,"Natural gas, US",Energy,($/mmbtu),6.2,-0.32,-18.53,-11.43,100.65,-0.1
2007-09-01,2007,9,"Natural gas, US",Energy,($/mmbtu),6.1,-1.61,-16.44,25.51,70.87,-0.11
2007-10-01,2007,10,"Natural gas, US",Energy,($/mmbtu),6.8,11.48,9.32,14.09,65.05,0.65
2007-11-01,2007,11,"Natural gas, US",Energy,($/mmbtu),7.14,5.0,15.16,-4.16,76.73,0.26
2007-12-01,2007,12,"Natural gas, US",Energy,($/mmbtu),7.15,0.14,17.21,8.66,50.84,0.0
2008-01-01,2008,1,"Natural gas, US",Energy,($/mmbtu),8.0,11.89,17.65,21.58,47.87,1.14
2008-02-01,2008,2,"Natural gas, US",Energy,($/mmbtu),8.55,6.88,19.75,7.28,10.04,0.48
2008-03-01,2008,3,"Natural gas, US",Energy,($/mmbtu),9.4,9.94,31.47,32.02,57.98,1.11
2008-04-01,2008,4,"Natural gas, US",Energy,($/mmbtu),10.13,7.77,26.63,33.47,91.49,0.67
2008-05-01,2008,5,"Natural gas, US",Energy,($/mmbtu),11.23,10.86,31.35,47.57,92.29,1.06
2008-06-01,2008,6,"Natural gas, US",Energy,($/mmbtu),12.68,12.91,34.89,73.7,119.76,1.16
2008-07-01,2008,7,"Natural gas, US",Energy,($/mmbtu),11.15,-12.07,10.07,79.26,122.55,-2.13
2008-08-01,2008,8,"Natural gas, US",Energy,($/mmbtu),8.25,-26.01,-26.54,33.06,66.0,-4.2
2008-09-01,2008,9,"Natural gas, US",Energy,($/mmbtu),7.69,-6.79,-39.35,26.07,66.81,-0.85
2008-10-01,2008,10,"Natural gas, US",Energy,($/mmbtu),6.73,-12.48,-39.64,-1.03,45.04,-1.27
2008-11-01,2008,11,"Natural gas, US",Energy,($/mmbtu),6.67,-0.89,-19.15,-6.58,47.24,-0.13
2008-12-01,2008,12,"Natural gas, US",Energy,($/mmbtu),5.79,-13.19,-24.71,-19.02,-5.55,-1.09
2009-01-01,2009,1,"Natural gas, US",Energy,($/mmbtu),5.24,-9.5,-22.14,-34.5,-13.96,-0.67
2009-02-01,2009,2,"Natural gas, US",Energy,($/mmbtu),4.52,-13.74,-32.23,-47.13,-15.99,-0.89
2009-03-01,2009,3,"Natural gas, US",Energy,($/mmbtu),3.95,-12.61,-31.78,-57.98,-26.85,-0.66
2009-04-01,2009,4,"Natural gas, US",Energy,($/mmbtu),3.5,-11.39,-33.21,-65.45,-38.81,-0.43
2009-05-01,2009,5,"Natural gas, US",Energy,($/mmbtu),3.81,8.86,-15.71,-66.07,-39.91,1.54
2009-06-01,2009,6,"Natural gas, US",Energy,($/mmbtu),3.8,-0.26,-3.8,-70.03,-39.39,0.74
2009-07-01,2009,7,"Natural gas, US",Energy,($/mmbtu),3.39,-10.79,-3.14,-69.6,-42.83,-0.19
2009-08-01,2009,8,"Natural gas, US",Energy,($/mmbtu),3.15,-7.08,-17.32,-61.82,-41.67,0.23
2009-09-01,2009,9,"Natural gas, US",Energy,($/mmbtu),2.96,-6.03,-22.11,-61.51,-42.41,0.21
2009-10-01,2009,10,"Natural gas, US",Energy,($/mmbtu),4.02,35.81,18.58,-40.27,-37.29,6.3
2009-11-01,2009,11,"Natural gas, US",Energy,($/mmbtu),3.69,-8.21,17.14,-44.68,-39.41,-0.34
2009-12-01,2009,12,"Natural gas, US",Energy,($/mmbtu),5.37,45.53,81.42,-7.25,-18.39,3.52
2010-01-01,2010,1,"Natural gas, US",Energy,($/mmbtu),5.81,8.19,44.53,10.88,-5.53,0.37
2010-02-01,2010,2,"Natural gas, US",Energy,($/mmbtu),5.34,-8.09,44.72,18.14,-13.03,-0.54
2010-03-01,2010,3,"Natural gas, US",Energy,($/mmbtu),4.29,-19.66,-20.11,8.61,-38.45,-1.18
2010-04-01,2010,4,"Natural gas, US",Energy,($/mmbtu),4.01,-6.53,-30.98,14.57,-43.92,-0.44
2010-05-01,2010,5,"Natural gas, US",Energy,($/mmbtu),4.16,3.74,-22.1,9.19,-35.7,0.06
2010-06-01,2010,6,"Natural gas, US",Energy,($/mmbtu),4.79,15.14,11.66,26.05,-33.38,0.67
2010-07-01,2010,7,"Natural gas, US",Energy,($/mmbtu),4.63,-3.34,15.46,36.58,-39.32,-0.35
2010-08-01,2010,8,"Natural gas, US",Energy,($/mmbtu),4.31,-6.91,3.61,36.83,-55.24,-0.57
2010-09-01,2010,9,"Natural gas, US",Energy,($/mmbtu),3.9,-9.51,-18.58,31.76,-69.72,-0.71
2010-10-01,2010,10,"Natural gas, US",Energy,($/mmbtu),3.43,-12.05,-25.92,-14.68,-74.63,-0.81
2010-11-01,2010,11,"Natural gas, US",Energy,($/mmbtu),3.73,8.75,-13.46,1.08,-64.24,0.52
2010-12-01,2010,12,"Natural gas, US",Energy,($/mmbtu),4.24,13.67,8.72,-21.04,-66.95,0.72
2011-01-01,2011,1,"Natural gas, US",Energy,($/mmbtu),4.49,5.9,30.9,-22.72,-48.15,0.66
2011-02-01,2011,2,"Natural gas, US",Energy,($/mmbtu),4.07,-9.35,9.12,-23.78,-45.66,-0.72
2011-03-01,2011,3,"Natural gas, US",Energy,($/mmbtu),3.97,-2.46,-6.37,-7.46,-42.46,-0.07
2011-04-01,2011,4,"Natural gas, US",Energy,($/mmbtu),4.24,6.8,-5.57,5.74,-40.2,0.75
2011-05-01,2011,5,"Natural gas, US",Energy,($/mmbtu),4.31,1.65,5.9,3.61,-30.48,0.08
2011-06-01,2011,6,"Natural gas, US",Energy,($/mmbtu),4.55,5.57,14.61,-5.01,-26.49,0.52
2011-07-01,2011,7,"Natural gas, US",Energy,($/mmbtu),4.41,-3.08,4.01,-4.75,-29.44,-0.36
2011-08-01,2011,8,"Natural gas, US",Energy,($/mmbtu),4.05,-8.16,-6.03,-6.03,-42.14,-0.97
2011-09-01,2011,9,"Natural gas, US",Energy,($/mmbtu),3.9,-3.7,-14.29,0.0,-19.75,-0.42
2011-10-01,2011,10,"Natural gas, US",Energy,($/mmbtu),3.57,-8.46,-19.05,4.08,-40.1,-1.09
2011-11-01,2011,11,"Natural gas, US",Energy,($/mmbtu),3.24,-9.24,-20.0,-13.14,-56.51,-1.3
2011-12-01,2011,12,"Natural gas, US",Energy,($/mmbtu),3.16,-2.47,-18.97,-25.47,-51.98,-0.21
2012-01-01,2012,1,"Natural gas, US",Energy,($/mmbtu),2.68,-15.19,-24.93,-40.31,-59.27,-2.14
2012-02-01,2012,2,"Natural gas, US",Energy,($/mmbtu),2.52,-5.97,-22.22,-38.08,-68.38,-0.3
2012-03-01,2012,3,"Natural gas, US",Energy,($/mmbtu),2.17,-13.89,-31.33,-45.34,-69.52,-1.61
2012-04-01,2012,4,"Natural gas, US",Energy,($/mmbtu),1.95,-10.14,-27.24,-54.01,-74.31,-0.79
2012-05-01,2012,5,"Natural gas, US",Energy,($/mmbtu),2.44,25.13,-3.17,-43.39,-67.94,5.15
2012-06-01,2012,6,"Natural gas, US",Energy,($/mmbtu),2.46,0.82,13.36,-45.93,-66.3,0.46
2012-07-01,2012,7,"Natural gas, US",Energy,($/mmbtu),2.95,19.92,51.28,-33.11,-52.57,2.34
2012-08-01,2012,8,"Natural gas, US",Energy,($/mmbtu),2.84,-3.73,16.39,-29.88,-54.19,-0.09
2012-09-01,2012,9,"Natural gas, US",Energy,($/mmbtu),2.84,0.0,15.45,-27.18,-53.44,0.18
2012-10-01,2012,10,"Natural gas, US",Energy,($/mmbtu),3.32,16.9,12.54,-7.0,-51.18,1.51
2012-11-01,2012,11,"Natural gas, US",Energy,($/mmbtu),3.54,6.63,24.65,9.26,-50.42,0.48
2012-12-01,2012,12,"Natural gas, US",Energy,($/mmbtu),3.34,-5.65,17.61,5.7,-53.29,-0.54
2013-01-01,2013,1,"Natural gas, US",Energy,($/mmbtu),3.33,-0.3,0.3,24.25,-58.38,-0.12
2013-02-01,2013,2,"Natural gas, US",Energy,($/mmbtu),3.33,0.0,-5.93,32.14,-61.05,-0.2
2013-03-01,2013,3,"Natural gas, US",Energy,($/mmbtu),3.81,14.41,14.07,75.58,-59.47,0.95
2013-04-01,2013,4,"Natural gas, US",Energy,($/mmbtu),4.17,9.45,25.23,113.85,-58.84,0.37
2013-05-01,2013,5,"Natural gas, US",Energy,($/mmbtu),4.04,-3.12,21.32,65.57,-64.02,-1.0
2013-06-01,2013,6,"Natural gas, US",Energy,($/mmbtu),3.83,-5.2,0.52,55.69,-69.79,-1.13
2013-07-01,2013,7,"Natural gas, US",Energy,($/mmbtu),3.62,-5.48,-13.19,22.71,-67.53,-1.06
2013-08-01,2013,8,"Natural gas, US",Energy,($/mmbtu),3.43,-5.25,-15.1,20.77,-58.42,-0.91
2013-09-01,2013,9,"Natural gas, US",Energy,($/mmbtu),3.62,5.54,-5.48,27.46,-52.93,0.46
2013-10-01,2013,10,"Natural gas, US",Energy,($/mmbtu),3.67,1.38,1.38,10.54,-45.47,-0.12
2013-11-01,2013,11,"Natural gas, US",Energy,($/mmbtu),3.62,-1.36,5.54,2.26,-45.73,-0.36
2013-12-01,2013,12,"Natural gas, US",Energy,($/mmbtu),4.24,17.13,17.13,26.95,-26.77,2.6
2014-01-01,2014,1,"Natural gas, US",Energy,($/mmbtu),4.7,10.85,28.07,41.14,-10.31,1.11
2014-02-01,2014,2,"Natural gas, US",Energy,($/mmbtu),5.97,27.02,64.92,79.28,32.08,2.96
2014-03-01,2014,3,"Natural gas, US",Energy,($/mmbtu),4.88,-18.26,15.09,28.08,23.54,-2.26
2014-04-01,2014,4,"Natural gas, US",Energy,($/mmbtu),4.63,-5.12,-1.49,11.03,32.29,-0.65
2014-05-01,2014,5,"Natural gas, US",Energy,($/mmbtu),4.56,-1.51,-23.62,12.87,19.69,-0.25
2014-06-01,2014,6,"Natural gas, US",Energy,($/mmbtu),4.57,0.22,-6.35,19.32,20.26,-0.12
2014-07-01,2014,7,"Natural gas, US",Energy,($/mmbtu),4.01,-12.25,-13.39,10.77,18.29,-1.21
2014-08-01,2014,8,"Natural gas, US",Energy,($/mmbtu),3.88,-3.24,-14.91,13.12,23.17,-0.39
2014-09-01,2014,9,"Natural gas, US",Energy,($/mmbtu),3.92,1.03,-14.22,8.29,32.43,-0.05
2014-10-01,2014,10,"Natural gas, US",Energy,($/mmbtu),3.77,-3.83,-5.99,2.72,-6.22,-0.42
2014-11-01,2014,11,"Natural gas, US",Energy,($/mmbtu),4.1,8.75,5.67,13.26,11.11,0.64
2014-12-01,2014,12,"Natural gas, US",Energy,($/mmbtu),3.43,-16.34,-12.5,-19.1,-36.13,-1.45
2015-01-01,2015,1,"Natural gas, US",Energy,($/mmbtu),2.97,-13.41,-21.22,-36.81,-48.88,-0.99
2015-02-01,2015,2,"Natural gas, US",Energy,($/mmbtu),2.85,-4.04,-30.49,-52.26,-46.63,-0.08
2015-03-01,2015,3,"Natural gas, US",Energy,($/mmbtu),2.8,-1.75,-18.37,-42.62,-34.73,0.49
2015-04-01,2015,4,"Natural gas, US",Energy,($/mmbtu),2.58,-7.86,-13.13,-44.28,-35.66,-0.52
2015-05-01,2015,5,"Natural gas, US",Energy,($/mmbtu),2.84,10.08,-0.35,-37.72,-31.73,2.09
2015-06-01,2015,6,"Natural gas, US",Energy,($/mmbtu),2.77,-2.46,-1.07,-39.39,-42.17,0.13
2015-07-01,2015,7,"Natural gas, US",Energy,($/mmbtu),2.83,2.17,9.69,-29.43,-38.88,0.74
2015-08-01,2015,8,"Natural gas, US",Energy,($/mmbtu),2.76,-2.47,-2.82,-28.87,-35.96,0.01
2015-09-01,2015,9,"Natural gas, US",Energy,($/mmbtu),2.65,-3.99,-4.33,-32.4,-32.05,-0.19
2015-10-01,2015,10,"Natural gas, US",Energy,($/mmbtu),2.32,-12.45,-18.02,-38.46,-32.36,-1.24
2015-11-01,2015,11,"Natural gas, US",Energy,($/mmbtu),2.08,-10.34,-24.64,-49.27,-44.24,-0.82
2015-12-01,2015,12,"Natural gas, US",Energy,($/mmbtu),1.92,-7.69,-27.55,-44.02,-54.72,-0.33
2016-01-01,2016,1,"Natural gas, US",Energy,($/mmbtu),2.27,18.23,-2.16,-23.57,-49.44,3.47
2016-02-01,2016,2,"Natural gas, US",Energy,($/mmbtu),1.96,-13.66,-5.77,-31.23,-51.84,-1.36
2016-03-01,2016,3,"Natural gas, US",Energy,($/mmbtu),1.7,-13.27,-11.46,-39.29,-57.18,-1.14
2016-04-01,2016,4,"Natural gas, US",Energy,($/mmbtu),1.9,11.76,-16.3,-26.36,-55.19,1.57
2016-05-01,2016,5,"Natural gas, US",Energy,($/mmbtu),1.92,1.05,-2.04,-32.39,-55.45,0.29
2016-06-01,2016,6,"Natural gas, US",Energy,($/mmbtu),2.57,33.85,51.18,-7.22,-43.52,3.67
2016-07-01,2016,7,"Natural gas, US",Energy,($/mmbtu),2.79,8.56,46.84,-1.41,-36.73,0.57
2016-08-01,2016,8,"Natural gas, US",Energy,($/mmbtu),2.79,0.0,45.31,1.09,-31.11,-0.05
2016-09-01,2016,9,"Natural gas, US",Energy,($/mmbtu),2.97,6.45,15.56,12.08,-23.85,0.37
2016-10-01,2016,10,"Natural gas, US",Energy,($/mmbtu),2.95,-0.67,5.73,27.16,-17.37,-0.17
2016-11-01,2016,11,"Natural gas, US",Energy,($/mmbtu),2.5,-15.25,-10.39,20.19,-22.84,-1.29
2016-12-01,2016,12,"Natural gas, US",Energy,($/mmbtu),3.58,43.2,20.54,86.46,13.29,2.81
2017-01-01,2017,1,"Natural gas, US",Energy,($/mmbtu),3.26,-8.94,10.51,43.61,21.64,-0.86
2017-02-01,2017,2,"Natural gas, US",Energy,($/mmbtu),2.82,-13.5,12.8,43.88,11.9,-0.98
2017-03-01,2017,3,"Natural gas, US",Energy,($/mmbtu),2.89,2.48,-19.27,70.0,33.18,-0.11
2017-04-01,2017,4,"Natural gas, US",Energy,($/mmbtu),3.08,6.57,-5.52,62.11,57.95,0.05
2017-05-01,2017,5,"Natural gas, US",Energy,($/mmbtu),3.12,1.3,10.64,62.5,27.87,-0.23
2017-06-01,2017,6,"Natural gas, US",Energy,($/mmbtu),2.94,-5.77,1.73,14.4,19.51,-0.64
2017-07-01,2017,7,"Natural gas, US",Energy,($/mmbtu),2.96,0.68,-3.9,6.09,0.34,-0.09
2017-08-01,2017,8,"Natural gas, US",Energy,($/mmbtu),2.88,-2.7,-7.69,3.23,1.41,-0.27
2017-09-01,2017,9,"Natural gas, US",Energy,($/mmbtu),2.96,2.78,0.68,-0.34,4.23,0.11
2017-10-01,2017,10,"Natural gas, US",Energy,($/mmbtu),2.86,-3.38,-3.38,-3.05,-13.86,-0.28
2017-11-01,2017,11,"Natural gas, US",Energy,($/mmbtu),2.99,4.55,3.82,19.6,-15.54,0.26
2017-12-01,2017,12,"Natural gas, US",Energy,($/mmbtu),2.76,-7.69,-6.76,-22.91,-17.37,-0.7
2018-01-01,2018,1,"Natural gas, US",Energy,($/mmbtu),3.86,39.86,34.97,18.4,15.92,6.88
2018-02-01,2018,2,"Natural gas, US",Energy,($/mmbtu),2.67,-30.83,-10.7,-5.32,-19.82,-2.5
2018-03-01,2018,3,"Natural gas, US",Energy,($/mmbtu),2.7,1.12,-2.17,-6.57,-29.13,0.03
2018-04-01,2018,4,"Natural gas, US",Energy,($/mmbtu),2.78,2.96,-27.98,-9.74,-33.33,0.15
2018-05-01,2018,5,"Natural gas, US",Energy,($/mmbtu),2.8,0.72,4.87,-10.26,-30.69,0.03
2018-06-01,2018,6,"Natural gas, US",Energy,($/mmbtu),2.95,5.36,9.26,0.34,-22.98,0.33
2018-07-01,2018,7,"Natural gas, US",Energy,($/mmbtu),2.83,-4.07,1.8,-4.39,-21.82,-0.33
2018-08-01,2018,8,"Natural gas, US",Energy,($/mmbtu),2.96,4.59,5.71,2.78,-13.7,0.25
2018-09-01,2018,9,"Natural gas, US",Energy,($/mmbtu),2.98,0.68,1.02,0.68,-17.68,-0.04
2018-10-01,2018,10,"Natural gas, US",Energy,($/mmbtu),3.28,10.07,15.9,14.69,-10.63,0.57
2018-11-01,2018,11,"Natural gas, US",Energy,($/mmbtu),4.13,25.91,39.53,38.13,14.09,1.5
2018-12-01,2018,12,"Natural gas, US",Energy,($/mmbtu),3.98,-3.63,33.56,44.2,-6.13,-0.45
2019-01-01,2019,1,"Natural gas, US",Energy,($/mmbtu),3.08,-22.61,-6.1,-20.21,-34.47,-1.59
2019-02-01,2019,2,"Natural gas, US",Energy,($/mmbtu),2.72,-11.69,-34.14,1.87,-54.44,-0.75
2019-03-01,2019,3,"Natural gas, US",Energy,($/mmbtu),2.94,8.09,-26.13,8.89,-39.75,0.62
2019-04-01,2019,4,"Natural gas, US",Energy,($/mmbtu),2.65,-9.86,-13.96,-4.68,-42.76,-0.94
2019-05-01,2019,5,"Natural gas, US",Energy,($/mmbtu),2.63,-0.75,-3.31,-6.07,-42.32,-0.09
2019-06-01,2019,6,"Natural gas, US",Energy,($/mmbtu),2.4,-8.75,-18.37,-18.64,-47.48,-0.73
2019-07-01,2019,7,"Natural gas, US",Energy,($/mmbtu),2.36,-1.67,-10.94,-16.61,-41.15,-0.05
2019-08-01,2019,8,"Natural gas, US",Energy,($/mmbtu),2.22,-5.93,-15.59,-25.0,-42.78,-0.41
2019-09-01,2019,9,"Natural gas, US",Energy,($/mmbtu),2.58,16.22,7.5,-13.42,-34.18,1.45
2019-10-01,2019,10,"Natural gas, US",Energy,($/mmbtu),2.33,-9.69,-1.27,-28.96,-38.2,-0.69
2019-11-01,2019,11,"Natural gas, US",Energy,($/mmbtu),2.65,13.73,19.37,-35.84,-35.37,1.19
2019-12-01,2019,12,"Natural gas, US",Energy,($/mmbtu),2.24,-15.47,-13.18,-43.72,-34.69,-1.11
2020-01-01,2020,1,"Natural gas, US",Energy,($/mmbtu),2.03,-9.38,-12.88,-34.09,-31.65,-0.46
2020-02-01,2020,2,"Natural gas, US",Energy,($/mmbtu),1.92,-5.42,-27.55,-29.41,-32.63,-0.24
2020-03-01,2020,3,"Natural gas, US",Energy,($/mmbtu),1.79,-6.77,-20.09,-39.12,-36.07,-0.43
2020-04-01,2020,4,"Natural gas, US",Energy,($/mmbtu),1.74,-2.79,-14.29,-34.34,-32.56,0.09
2020-05-01,2020,5,"Natural gas, US",Energy,($/mmbtu),1.75,0.57,-8.85,-33.46,-38.38,0.39
2020-06-01,2020,6,"Natural gas, US",Energy,($/mmbtu),1.61,-8.0,-10.06,-32.92,-41.88,-0.54
2020-07-01,2020,7,"Natural gas, US",Energy,($/mmbtu),1.74,8.07,0.0,-26.27,-38.52,1.17
2020-08-01,2020,8,"Natural gas, US",Energy,($/mmbtu),2.3,32.18,31.43,3.6,-16.67,3.47
2020-09-01,2020,9,"Natural gas, US",Energy,($/mmbtu),1.92,-16.52,19.25,-25.58,-27.55,-1.27
2020-10-01,2020,10,"Natural gas, US",Energy,($/mmbtu),2.25,17.19,29.31,-3.43,-3.02,1.36
2020-11-01,2020,11,"Natural gas, US",Energy,($/mmbtu),2.59,15.11,12.61,-2.26,24.52,1.0
2020-12-01,2020,12,"Natural gas, US",Energy,($/mmbtu),2.54,-1.93,32.29,13.39,32.29,-0.18
2021-01-01,2021,1,"Natural gas, US",Energy,($/mmbtu),2.67,5.12,18.67,31.53,17.62,0.24
2021-02-01,2021,2,"Natural gas, US",Energy,($/mmbtu),5.07,89.89,95.75,164.06,158.67,6.5
2021-03-01,2021,3,"Natural gas, US",Energy,($/mmbtu),2.56,-49.51,0.79,43.02,50.59,-2.16
2021-04-01,2021,4,"Natural gas, US",Energy,($/mmbtu),2.61,1.95,-2.25,50.0,37.37,-0.17
2021-05-01,2021,5,"Natural gas, US",Energy,($/mmbtu),2.89,10.73,-43.0,65.14,50.52,0.09
2021-06-01,2021,6,"Natural gas, US",Energy,($/mmbtu),3.23,11.76,26.17,100.62,25.68,0.09
2021-07-01,2021,7,"Natural gas, US",Energy,($/mmbtu),3.8,17.65,45.59,118.39,36.2,0.23
2021-08-01,2021,8,"Natural gas, US",Energy,($/mmbtu),4.05,6.58,40.14,76.09,45.16,-0.14
2021-09-01,2021,9,"Natural gas, US",Energy,($/mmbtu),5.11,26.17,58.2,166.15,72.05,0.54
2021-10-01,2021,10,"Natural gas, US",Energy,($/mmbtu),5.48,7.24,44.21,143.56,85.76,-0.17
2021-11-01,2021,11,"Natural gas, US",Energy,($/mmbtu),5.02,-8.39,23.95,93.82,100.8,-0.65
2021-12-01,2021,12,"Natural gas, US",Energy,($/mmbtu),3.73,-25.7,-27.01,46.85,4.19,-1.13
2022-01-01,2022,1,"Natural gas, US",Energy,($/mmbtu),4.33,16.09,-20.99,62.17,32.82,0.25
2022-02-01,2022,2,"Natural gas, US",Energy,($/mmbtu),4.66,7.62,-7.17,-8.09,65.25,-0.03
2022-03-01,2022,3,"Natural gas, US",Energy,($/mmbtu),4.88,4.72,30.83,90.62,68.86,0.14
2022-04-01,2022,4,"Natural gas, US",Energy,($/mmbtu),6.53,33.81,50.81,150.19,112.01,2.07
2022-05-01,2022,5,"Natural gas, US",Energy,($/mmbtu),8.14,24.66,74.68,181.66,160.9,1.02
2022-06-01,2022,6,"Natural gas, US",Energy,($/mmbtu),7.67,-5.77,57.17,137.46,160.88,-1.0
2022-07-01,2022,7,"Natural gas, US",Energy,($/mmbtu),7.26,-5.35,11.18,91.05,145.27,-0.85
2022-08-01,2022,8,"Natural gas, US",Energy,($/mmbtu),8.79,21.07,7.99,117.04,205.21,0.85
2022-09-01,2022,9,"Natural gas, US",Energy,($/mmbtu),7.76,-11.72,1.17,51.86,162.16,-1.14
2022-10-01,2022,10,"Natural gas, US",Energy,($/mmbtu),5.62,-27.58,-22.59,2.55,96.5,-1.89
2022-11-01,2022,11,"Natural gas, US",Energy,($/mmbtu),5.28,-6.05,-39.93,5.18,76.59,-0.41
2022-12-01,2022,12,"Natural gas, US",Energy,($/mmbtu),5.5,4.17,-29.12,47.45,99.28,0.1
2023-01-01,2023,1,"Natural gas, US",Energy,($/mmbtu),3.27,-40.55,-41.81,-24.48,-15.28,-2.61
2023-02-01,2023,2,"Natural gas, US",Energy,($/mmbtu),2.38,-27.22,-54.92,-48.93,-10.86,-1.28
2023-03-01,2023,3,"Natural gas, US",Energy,($/mmbtu),2.3,-3.36,-58.18,-52.87,-14.81,-0.02
2023-04-01,2023,4,"Natural gas, US",Energy,($/mmbtu),2.16,-6.09,-33.94,-66.92,-22.3,-0.11
2023-05-01,2023,5,"Natural gas, US",Energy,($/mmbtu),2.15,-0.46,-9.66,-73.59,-23.21,0.35
2023-06-01,2023,6,"Natural gas, US",Energy,($/mmbtu),2.18,1.4,-5.22,-71.58,-26.1,0.64
2023-07-01,2023,7,"Natural gas, US",Energy,($/mmbtu),2.55,16.97,18.06,-64.88,-9.89,1.54
2023-08-01,2023,8,"Natural gas, US",Energy,($/mmbtu),2.58,1.18,20.0,-70.65,-12.84,0.43
2023-09-01,2023,9,"Natural gas, US",Energy,($/mmbtu),2.64,2.33,21.1,-65.98,-11.41,0.66
2023-10-01,2023,10,"Natural gas, US",Energy,($/mmbtu),2.99,13.26,17.25,-46.8,-8.84,1.25
2023-11-01,2023,11,"Natural gas, US",Energy,($/mmbtu),2.71,-9.36,5.04,-48.67,-34.38,-0.36
2023-12-01,2023,12,"Natural gas, US",Energy,($/mmbtu),2.53,-6.64,-4.17,-54.0,-36.43,-0.17
2024-01-01,2024,1,"Natural gas, US",Energy,($/mmbtu),3.18,25.69,6.35,-2.75,3.25,1.93
2024-02-01,2024,2,"Natural gas, US",Energy,($/mmbtu),1.72,-45.91,-36.53,-27.73,-36.76,-3.41
2024-03-01,2024,3,"Natural gas, US",Energy,($/mmbtu),1.5,-12.79,-40.71,-34.78,-48.98,-0.67
2024-04-01,2024,4,"Natural gas, US",Energy,($/mmbtu),1.6,6.67,-49.69,-25.93,-39.62,0.47
2024-05-01,2024,5,"Natural gas, US",Energy,($/mmbtu),2.13,33.12,23.84,-0.93,-19.01,1.87
2024-06-01,2024,6,"Natural gas, US",Energy,($/mmbtu),2.51,17.84,67.33,15.14,4.58,0.77
2024-07-01,2024,7,"Natural gas, US",Energy,($/mmbtu),2.08,-17.13,30.0,-18.43,-11.86,-0.98
2024-08-01,2024,8,"Natural gas, US",Energy,($/mmbtu),1.99,-4.33,-6.57,-22.87,-10.36,-0.24
2024-09-01,2024,9,"Natural gas, US",Energy,($/mmbtu),2.25,13.07,-10.36,-14.77,-12.79,0.6
2024-10-01,2024,10,"Natural gas, US",Energy,($/mmbtu),2.21,-1.78,6.25,-26.09,-5.15,-0.13
2024-11-01,2024,11,"Natural gas, US",Energy,($/mmbtu),2.1,-4.98,5.53,-22.51,-20.75,-0.23
2024-12-01,2024,12,"Natural gas, US",Energy,($/mmbtu),3.02,43.81,34.22,19.37,34.82,2.05
2025-01-01,2025,1,"Natural gas, US",Energy,($/mmbtu),4.1,35.76,85.52,28.93,101.97,1.28
2025-02-01,2025,2,"Natural gas, US",Energy,($/mmbtu),4.22,2.93,100.95,145.35,119.79,-0.09
2025-03-01,2025,3,"Natural gas, US",Energy,($/mmbtu),4.13,-2.13,36.75,175.33,130.73,-0.58
2025-04-01,2025,4,"Natural gas, US",Energy,($/mmbtu),3.4,-17.68,-17.07,112.5,95.4,-1.48
2025-05-01,2025,5,"Natural gas, US",Energy,($/mmbtu),3.12,-8.24,-26.07,46.48,78.29,-0.8
2025-06-01,2025,6,"Natural gas, US",Energy,($/mmbtu),3.02,-3.21,-26.88,20.32,87.58,-0.41
2025-07-01,2025,7,"Natural gas, US",Energy,($/mmbtu),3.19,5.63,-6.18,53.37,83.33,0.14
2025-08-01,2025,8,"Natural gas, US",Energy,($/mmbtu),2.91,-8.78,-6.73,46.23,26.52,-0.76
2025-09-01,2025,9,"Natural gas, US",Energy,($/mmbtu),2.97,2.06,-1.66,32.0,54.69,-0.14
2025-10-01,2025,10,"Natural gas, US",Energy,($/mmbtu),3.2,7.74,0.31,44.8,42.22,0.23
2025-11-01,2025,11,"Natural gas, US",Energy,($/mmbtu),3.79,18.44,30.24,80.48,46.33,0.78
2025-12-01,2025,12,"Natural gas, US",Energy,($/mmbtu),4.25,12.14,43.1,40.73,67.32,0.32
2026-01-01,2026,1,"Natural gas, US",Energy,($/mmbtu),7.58,78.35,136.88,84.88,183.9,5.31
2026-02-01,2026,2,"Natural gas, US",Energy,($/mmbtu),3.61,-52.37,-4.75,-14.45,-28.8,-2.44
2026-03-01,2026,3,"Natural gas, US",Energy,($/mmbtu),3.06,-15.24,-28.0,-25.91,19.53,-0.6
2026-04-01,2026,4,"Natural gas, US",Energy,($/mmbtu),2.77,-9.48,-63.46,-18.53,6.13,-0.36
2026-05-01,2026,5,"Natural gas, US",Energy,($/mmbtu),2.93,5.78,-18.84,-6.09,1.38,0.12
2026-06-01,2026,6,"Natural gas, US",Energy,($/mmbtu),3.15,7.51,2.94,4.3,-2.48,0.14
2026-07-01,2026,7,"Natural gas, US",Energy,($/mmbtu),2.89,-8.25,4.33,-9.4,-23.95,-0.42
2026-08-01,2026,8,"Natural gas, US",Energy,($/mmbtu),2.77,-4.15,-5.46,-4.81,-31.6,-0.24
2026-09-01,2026,9,"Natural gas, US",Energy,($/mmbtu),2.95,6.5,-6.35,-0.67,-42.27,0.1
1960-01-01,1960,1,Nickel,Metals,($/mt),1631.0,,,,,
1960-02-01,1960,2,Nickel,Metals,($/mt),1631.0,0.0,,,,
1960-03-01,1960,3,Nickel,Metals,($/mt),1631.0,0.0,,,,
1960-04-01,1960,4,Nickel,Metals,($/mt),1631.0,0.0,0.0,,,
1960-05-01,1960,5,Nickel,Metals,($/mt),1631.0,0.0,0.0,,,
1960-06-01,1960,6,Nickel,Metals,($/mt),1631.0,0.0,0.0,,,
1960-07-01,1960,7,Nickel,Metals,($/mt),1631.0,0.0,0.0,,,
1960-08-01,1960,8,Nickel,Metals,($/mt),1631.0,0.0,0.0,,,0.0
1960-09-01,1960,9,Nickel,Metals,($/mt),1631.0,0.0,0.0,,,0.0
1960-10-01,1960,10,Nickel,Metals,($/mt),1631.0,0.0,0.0,,,0.0
1960-11-01,1960,11,Nickel,Metals,($/mt),1631.0,0.0,0.0,,,0.0
1960-12-01,1960,12,Nickel,Metals,($/mt),1631.0,0.0,0.0,,,0.0
1961-01-01,1961,1,Nickel,Metals,($/mt),1711.0,4.9,4.9,4.9,,0.0
1961-02-01,1961,2,Nickel,Metals,($/mt),1711.0,0.0,4.9,4.9,,-0.29
1961-03-01,1961,3,Nickel,Metals,($/mt),1711.0,0.0,4.9,4.9,,-0.29
1961-04-01,1961,4,Nickel,Metals,($/mt),1711.0,0.0,0.0,4.9,,-0.29
1961-05-01,1961,5,Nickel,Metals,($/mt),1711.0,0.0,0.0,4.9,,-0.29
1961-06-01,1961,6,Nickel,Metals,($/mt),1711.0,0.0,0.0,4.9,,-0.29
1961-07-01,1961,7,Nickel,Metals,($/mt),1711.0,0.0,0.0,4.9,,-0.29
1961-08-01,1961,8,Nickel,Metals,($/mt),1711.0,0.0,0.0,4.9,,-0.29
1961-09-01,1961,9,Nickel,Metals,($/mt),1711.0,0.0,0.0,4.9,,-0.29
1961-10-01,1961,10,Nickel,Metals,($/mt),1711.0,0.0,0.0,4.9,,-0.29
1961-11-01,1961,11,Nickel,Metals,($/mt),1711.0,0.0,0.0,4.9,,-0.29
1961-12-01,1961,12,Nickel,Metals,($/mt),1711.0,0.0,0.0,4.9,,-0.29
1962-01-01,1962,1,Nickel,Metals,($/mt),1761.0,2.92,2.92,2.92,,1.78
1962-02-01,1962,2,Nickel,Metals,($/mt),1761.0,0.0,2.92,2.92,,-0.29
1962-03-01,1962,3,Nickel,Metals,($/mt),1761.0,0.0,2.92,2.92,,-0.29
1962-04-01,1962,4,Nickel,Metals,($/mt),1761.0,0.0,0.0,2.92,,-0.29
1962-05-01,1962,5,Nickel,Metals,($/mt),1761.0,0.0,0.0,2.92,,-0.29
1962-06-01,1962,6,Nickel,Metals,($/mt),1761.0,0.0,0.0,2.92,,-0.29
1962-07-01,1962,7,Nickel,Metals,($/mt),1761.0,0.0,0.0,2.92,,-0.29
1962-08-01,1962,8,Nickel,Metals,($/mt),1761.0,0.0,0.0,2.92,,-0.29
1962-09-01,1962,9,Nickel,Metals,($/mt),1761.0,0.0,0.0,2.92,,-0.29
1962-10-01,1962,10,Nickel,Metals,($/mt),1761.0,0.0,0.0,2.92,,-0.29
1962-11-01,1962,11,Nickel,Metals,($/mt),1761.0,0.0,0.0,2.92,,-0.29
1962-12-01,1962,12,Nickel,Metals,($/mt),1761.0,0.0,0.0,2.92,,-0.29
1963-01-01,1963,1,Nickel,Metals,($/mt),1741.0,-1.14,-1.14,-1.14,,-1.63
1963-02-01,1963,2,Nickel,Metals,($/mt),1742.0,0.06,-1.08,-1.08,,0.46
1963-03-01,1963,3,Nickel,Metals,($/mt),1742.0,0.0,-1.08,-1.08,,0.27
1963-04-01,1963,4,Nickel,Metals,($/mt),1741.0,-0.06,0.0,-1.14,,0.1
1963-05-01,1963,5,Nickel,Metals,($/mt),1742.0,0.06,0.0,-1.08,,0.46
1963-06-01,1963,6,Nickel,Metals,($/mt),1742.0,0.0,0.0,-1.08,,0.27
1963-07-01,1963,7,Nickel,Metals,($/mt),1741.0,-0.06,0.0,-1.14,,0.1
1963-08-01,1963,8,Nickel,Metals,($/mt),1742.0,0.06,0.0,-1.08,,0.46
1963-09-01,1963,9,Nickel,Metals,($/mt),1742.0,0.0,0.0,-1.08,,0.27
1963-10-01,1963,10,Nickel,Metals,($/mt),1741.0,-0.06,0.0,-1.14,,0.1
1963-11-01,1963,11,Nickel,Metals,($/mt),1742.0,0.06,0.0,-1.08,,0.46
1963-12-01,1963,12,Nickel,Metals,($/mt),1742.0,0.0,0.0,-1.08,,0.27
1964-01-01,1964,1,Nickel,Metals,($/mt),1741.0,-0.06,0.0,0.0,,0.1
1964-02-01,1964,2,Nickel,Metals,($/mt),1742.0,0.06,0.0,0.0,,1.17
1964-03-01,1964,3,Nickel,Metals,($/mt),1742.0,0.0,0.0,0.0,,-0.0
1964-04-01,1964,4,Nickel,Metals,($/mt),1741.0,-0.06,0.0,0.0,,-1.17
1964-05-01,1964,5,Nickel,Metals,($/mt),1742.0,0.06,0.0,0.0,,1.17
1964-06-01,1964,6,Nickel,Metals,($/mt),1742.0,0.0,0.0,0.0,,-0.0
1964-07-01,1964,7,Nickel,Metals,($/mt),1741.0,-0.06,0.0,0.0,,-1.17
1964-08-01,1964,8,Nickel,Metals,($/mt),1742.0,0.06,0.0,0.0,,1.17
1964-09-01,1964,9,Nickel,Metals,($/mt),1742.0,0.0,0.0,0.0,,-0.0
1964-10-01,1964,10,Nickel,Metals,($/mt),1741.0,-0.06,0.0,0.0,,-1.17
1964-11-01,1964,11,Nickel,Metals,($/mt),1742.0,0.06,0.0,0.0,,1.17
1964-12-01,1964,12,Nickel,Metals,($/mt),1742.0,0.0,0.0,0.0,,-0.0
1965-01-01,1965,1,Nickel,Metals,($/mt),1735.0,-0.4,-0.34,-0.34,6.38,-8.21
1965-02-01,1965,2,Nickel,Metals,($/mt),1735.0,0.0,-0.4,-0.4,6.38,0.23
1965-03-01,1965,3,Nickel,Metals,($/mt),1735.0,0.0,-0.4,-0.4,6.38,0.27
1965-04-01,1965,4,Nickel,Metals,($/mt),1735.0,0.0,0.0,-0.34,6.38,0.27
1965-05-01,1965,5,Nickel,Metals,($/mt),1735.0,0.0,0.0,-0.4,6.38,0.23
1965-06-01,1965,6,Nickel,Metals,($/mt),1735.0,0.0,0.0,-0.4,6.38,0.28
1965-07-01,1965,7,Nickel,Metals,($/mt),1735.0,0.0,0.0,-0.34,6.38,0.28
1965-08-01,1965,8,Nickel,Metals,($/mt),1735.0,0.0,0.0,-0.4,6.38,0.24
1965-09-01,1965,9,Nickel,Metals,($/mt),1735.0,0.0,0.0,-0.4,6.38,0.28
1965-10-01,1965,10,Nickel,Metals,($/mt),1735.0,0.0,0.0,-0.34,6.38,0.28
1965-11-01,1965,11,Nickel,Metals,($/mt),1735.0,0.0,0.0,-0.4,6.38,0.24
1965-12-01,1965,12,Nickel,Metals,($/mt),1735.0,0.0,0.0,-0.4,6.38,0.29
1966-01-01,1966,1,Nickel,Metals,($/mt),1739.0,0.23,0.23,0.23,1.64,2.28
1966-02-01,1966,2,Nickel,Metals,($/mt),1739.0,0.0,0.23,0.23,1.64,-0.29
1966-03-01,1966,3,Nickel,Metals,($/mt),1739.0,0.0,0.23,0.23,1.64,-0.29
1966-04-01,1966,4,Nickel,Metals,($/mt),1739.0,0.0,0.0,0.23,1.64,-0.29
1966-05-01,1966,5,Nickel,Metals,($/mt),1739.0,0.0,0.0,0.23,1.64,-0.29
1966-06-01,1966,6,Nickel,Metals,($/mt),1739.0,0.0,0.0,0.23,1.64,-0.29
1966-07-01,1966,7,Nickel,Metals,($/mt),1739.0,0.0,0.0,0.23,1.64,-0.29
1966-08-01,1966,8,Nickel,Metals,($/mt),1739.0,0.0,0.0,0.23,1.64,-0.29
1966-09-01,1966,9,Nickel,Metals,($/mt),1739.0,0.0,0.0,0.23,1.64,-0.29
1966-10-01,1966,10,Nickel,Metals,($/mt),1739.0,0.0,0.0,0.23,1.64,-0.29
1966-11-01,1966,11,Nickel,Metals,($/mt),1739.0,0.0,0.0,0.23,1.64,-0.29
1966-12-01,1966,12,Nickel,Metals,($/mt),1739.0,0.0,0.0,0.23,1.64,-0.29
1967-01-01,1967,1,Nickel,Metals,($/mt),1936.0,11.33,11.33,11.33,9.94,169.93
1967-02-01,1967,2,Nickel,Metals,($/mt),1936.0,0.0,11.33,11.33,9.94,-0.29
1967-03-01,1967,3,Nickel,Metals,($/mt),1936.0,0.0,11.33,11.33,9.94,-0.29
1967-04-01,1967,4,Nickel,Metals,($/mt),1936.0,0.0,0.0,11.33,9.94,-0.29
1967-05-01,1967,5,Nickel,Metals,($/mt),1936.0,0.0,0.0,11.33,9.94,-0.29
1967-06-01,1967,6,Nickel,Metals,($/mt),1936.0,0.0,0.0,11.33,9.94,-0.29
1967-07-01,1967,7,Nickel,Metals,($/mt),1936.0,0.0,0.0,11.33,9.94,-0.29
1967-08-01,1967,8,Nickel,Metals,($/mt),1936.0,0.0,0.0,11.33,9.94,-0.29
1967-09-01,1967,9,Nickel,Metals,($/mt),1936.0,0.0,0.0,11.33,9.94,-0.29
1967-10-01,1967,10,Nickel,Metals,($/mt),1936.0,0.0,0.0,11.33,9.94,-0.29
1967-11-01,1967,11,Nickel,Metals,($/mt),1936.0,0.0,0.0,11.33,9.94,-0.29
1967-12-01,1967,12,Nickel,Metals,($/mt),1936.0,0.0,0.0,11.33,9.94,-0.29
1968-01-01,1968,1,Nickel,Metals,($/mt),2075.0,7.18,7.18,7.18,19.18,1.91
1968-02-01,1968,2,Nickel,Metals,($/mt),2075.0,0.0,7.18,7.18,19.12,-0.29
1968-03-01,1968,3,Nickel,Metals,($/mt),2075.0,0.0,7.18,7.18,19.12,-0.29
1968-04-01,1968,4,Nickel,Metals,($/mt),2075.0,0.0,0.0,7.18,19.18,-0.29
1968-05-01,1968,5,Nickel,Metals,($/mt),2075.0,0.0,0.0,7.18,19.12,-0.29
1968-06-01,1968,6,Nickel,Metals,($/mt),2075.0,0.0,0.0,7.18,19.12,-0.29
1968-07-01,1968,7,Nickel,Metals,($/mt),2075.0,0.0,0.0,7.18,19.18,-0.29
1968-08-01,1968,8,Nickel,Metals,($/mt),2075.0,0.0,0.0,7.18,19.12,-0.29
1968-09-01,1968,9,Nickel,Metals,($/mt),2075.0,0.0,0.0,7.18,19.12,-0.29
1968-10-01,1968,10,Nickel,Metals,($/mt),2075.0,0.0,0.0,7.18,19.18,-0.29
1968-11-01,1968,11,Nickel,Metals,($/mt),2075.0,0.0,0.0,7.18,19.12,-0.29
1968-12-01,1968,12,Nickel,Metals,($/mt),2075.0,0.0,0.0,7.18,19.12,-0.29
1969-01-01,1969,1,Nickel,Metals,($/mt),2363.0,13.88,13.88,13.88,35.73,6.41
1969-02-01,1969,2,Nickel,Metals,($/mt),2363.0,0.0,13.88,13.88,35.65,-0.29
1969-03-01,1969,3,Nickel,Metals,($/mt),2363.0,0.0,13.88,13.88,35.65,-0.29
1969-04-01,1969,4,Nickel,Metals,($/mt),2363.0,0.0,0.0,13.88,35.73,-0.29
1969-05-01,1969,5,Nickel,Metals,($/mt),2363.0,0.0,0.0,13.88,35.65,-0.29
1969-06-01,1969,6,Nickel,Metals,($/mt),2363.0,0.0,0.0,13.88,35.65,-0.29
1969-07-01,1969,7,Nickel,Metals,($/mt),2363.0,0.0,0.0,13.88,35.73,-0.29
1969-08-01,1969,8,Nickel,Metals,($/mt),2363.0,0.0,0.0,13.88,35.65,-0.29
1969-09-01,1969,9,Nickel,Metals,($/mt),2363.0,0.0,0.0,13.88,35.65,-0.29
1969-10-01,1969,10,Nickel,Metals,($/mt),2363.0,0.0,0.0,13.88,35.73,-0.29
1969-11-01,1969,11,Nickel,Metals,($/mt),2363.0,0.0,0.0,13.88,35.65,-0.29
1969-12-01,1969,12,Nickel,Metals,($/mt),2363.0,0.0,0.0,13.88,35.65,-0.29
1970-01-01,1970,1,Nickel,Metals,($/mt),2846.0,20.44,20.44,20.44,64.03,4.81
1970-02-01,1970,2,Nickel,Metals,($/mt),2846.0,0.0,20.44,20.44,64.03,-0.29
1970-03-01,1970,3,Nickel,Metals,($/mt),2846.0,0.0,20.44,20.44,64.03,-0.29
1970-04-01,1970,4,Nickel,Metals,($/mt),2846.0,0.0,0.0,20.44,64.03,-0.29
1970-05-01,1970,5,Nickel,Metals,($/mt),2846.0,0.0,0.0,20.44,64.03,-0.29
1970-06-01,1970,6,Nickel,Metals,($/mt),2846.0,0.0,0.0,20.44,64.03,-0.29
1970-07-01,1970,7,Nickel,Metals,($/mt),2846.0,0.0,0.0,20.44,64.03,-0.29
1970-08-01,1970,8,Nickel,Metals,($/mt),2846.0,0.0,0.0,20.44,64.03,-0.29
1970-09-01,1970,9,Nickel,Metals,($/mt),2846.0,0.0,0.0,20.44,64.03,-0.29
1970-10-01,1970,10,Nickel,Metals,($/mt),2846.0,0.0,0.0,20.44,64.03,-0.29
1970-11-01,1970,11,Nickel,Metals,($/mt),2846.0,0.0,0.0,20.44,64.03,-0.29
1970-12-01,1970,12,Nickel,Metals,($/mt),2846.0,0.0,0.0,20.44,64.03,-0.29
1971-01-01,1971,1,Nickel,Metals,($/mt),2932.0,3.02,3.02,3.02,68.6,0.22
1971-02-01,1971,2,Nickel,Metals,($/mt),2932.0,0.0,3.02,3.02,68.6,-0.29
1971-03-01,1971,3,Nickel,Metals,($/mt),2932.0,0.0,3.02,3.02,68.6,-0.29
1971-04-01,1971,4,Nickel,Metals,($/mt),2932.0,0.0,0.0,3.02,68.6,-0.29
1971-05-01,1971,5,Nickel,Metals,($/mt),2932.0,0.0,0.0,3.02,68.6,-0.29
1971-06-01,1971,6,Nickel,Metals,($/mt),2932.0,0.0,0.0,3.02,68.6,-0.29
1971-07-01,1971,7,Nickel,Metals,($/mt),2932.0,0.0,0.0,3.02,68.6,-0.29
1971-08-01,1971,8,Nickel,Metals,($/mt),2932.0,0.0,0.0,3.02,68.6,-0.29
1971-09-01,1971,9,Nickel,Metals,($/mt),2932.0,0.0,0.0,3.02,68.6,-0.29
1971-10-01,1971,10,Nickel,Metals,($/mt),2932.0,0.0,0.0,3.02,68.6,-0.29
1971-11-01,1971,11,Nickel,Metals,($/mt),2932.0,0.0,0.0,3.02,68.6,-0.29
1971-12-01,1971,12,Nickel,Metals,($/mt),2932.0,0.0,0.0,3.02,68.6,-0.29
1972-01-01,1972,1,Nickel,Metals,($/mt),3080.0,5.05,5.05,5.05,59.09,5.5
1972-02-01,1972,2,Nickel,Metals,($/mt),3080.0,0.0,5.05,5.05,59.09,-0.29
1972-03-01,1972,3,Nickel,Metals,($/mt),3080.0,0.0,5.05,5.05,59.09,-0.29
1972-04-01,1972,4,Nickel,Metals,($/mt),3080.0,0.0,0.0,5.05,59.09,-0.29
1972-05-01,1972,5,Nickel,Metals,($/mt),3080.0,0.0,0.0,5.05,59.09,-0.29
1972-06-01,1972,6,Nickel,Metals,($/mt),3080.0,0.0,0.0,5.05,59.09,-0.29
1972-07-01,1972,7,Nickel,Metals,($/mt),3080.0,0.0,0.0,5.05,59.09,-0.29
1972-08-01,1972,8,Nickel,Metals,($/mt),3080.0,0.0,0.0,5.05,59.09,-0.29
1972-09-01,1972,9,Nickel,Metals,($/mt),3080.0,0.0,0.0,5.05,59.09,-0.29
1972-10-01,1972,10,Nickel,Metals,($/mt),3080.0,0.0,0.0,5.05,59.09,-0.29
1972-11-01,1972,11,Nickel,Metals,($/mt),3080.0,0.0,0.0,5.05,59.09,-0.29
1972-12-01,1972,12,Nickel,Metals,($/mt),3080.0,0.0,0.0,5.05,59.09,-0.29
1973-01-01,1973,1,Nickel,Metals,($/mt),3373.0,9.51,9.51,9.51,62.55,6.24
1973-02-01,1973,2,Nickel,Metals,($/mt),3373.0,0.0,9.51,9.51,62.55,-0.29
1973-03-01,1973,3,Nickel,Metals,($/mt),3373.0,0.0,9.51,9.51,62.55,-0.29
1973-04-01,1973,4,Nickel,Metals,($/mt),3373.0,0.0,0.0,9.51,62.55,-0.29
1973-05-01,1973,5,Nickel,Metals,($/mt),3373.0,0.0,0.0,9.51,62.55,-0.29
1973-06-01,1973,6,Nickel,Metals,($/mt),3373.0,0.0,0.0,9.51,62.55,-0.29
1973-07-01,1973,7,Nickel,Metals,($/mt),3373.0,0.0,0.0,9.51,62.55,-0.29
1973-08-01,1973,8,Nickel,Metals,($/mt),3373.0,0.0,0.0,9.51,62.55,-0.29
1973-09-01,1973,9,Nickel,Metals,($/mt),3373.0,0.0,0.0,9.51,62.55,-0.29
1973-10-01,1973,10,Nickel,Metals,($/mt),3373.0,0.0,0.0,9.51,62.55,-0.29
1973-11-01,1973,11,Nickel,Metals,($/mt),3373.0,0.0,0.0,9.51,62.55,-0.29
1973-12-01,1973,12,Nickel,Metals,($/mt),3373.0,0.0,0.0,9.51,62.55,-0.29
1974-01-01,1974,1,Nickel,Metals,($/mt),3572.0,5.9,5.9,5.9,51.16,1.86
1974-02-01,1974,2,Nickel,Metals,($/mt),3572.0,0.0,5.9,5.9,51.16,-0.29
1974-03-01,1974,3,Nickel,Metals,($/mt),3572.0,0.0,5.9,5.9,51.16,-0.29
1974-04-01,1974,4,Nickel,Metals,($/mt),3572.0,0.0,0.0,5.9,51.16,-0.29
1974-05-01,1974,5,Nickel,Metals,($/mt),3572.0,0.0,0.0,5.9,51.16,-0.29
1974-06-01,1974,6,Nickel,Metals,($/mt),3572.0,0.0,0.0,5.9,51.16,-0.29
1974-07-01,1974,7,Nickel,Metals,($/mt),4079.0,14.19,14.19,20.93,72.62,8.05
1974-08-01,1974,8,Nickel,Metals,($/mt),4079.0,0.0,14.19,20.93,72.62,-0.39
1974-09-01,1974,9,Nickel,Metals,($/mt),4079.0,0.0,14.19,20.93,72.62,-0.39
1974-10-01,1974,10,Nickel,Metals,($/mt),4079.0,0.0,0.0,20.93,72.62,-0.39
1974-11-01,1974,11,Nickel,Metals,($/mt),4079.0,0.0,0.0,20.93,72.62,-0.39
1974-12-01,1974,12,Nickel,Metals,($/mt),4079.0,0.0,0.0,20.93,72.62,-0.39
1975-01-01,1975,1,Nickel,Metals,($/mt),4431.0,8.63,8.63,24.05,55.69,1.62
1975-02-01,1975,2,Nickel,Metals,($/mt),4431.0,0.0,8.63,24.05,55.69,-0.41
1975-03-01,1975,3,Nickel,Metals,($/mt),4431.0,0.0,8.63,24.05,55.69,-0.41
1975-04-01,1975,4,Nickel,Metals,($/mt),4431.0,0.0,0.0,24.05,55.69,-0.41
1975-05-01,1975,5,Nickel,Metals,($/mt),4431.0,0.0,0.0,24.05,55.69,-0.41
1975-06-01,1975,6,Nickel,Metals,($/mt),4431.0,0.0,0.0,24.05,55.69,-0.41
1975-07-01,1975,7,Nickel,Metals,($/mt),4431.0,0.0,0.0,8.63,55.69,-0.41
1975-08-01,1975,8,Nickel,Metals,($/mt),4431.0,0.0,0.0,8.63,55.69,-0.29
1975-09-01,1975,9,Nickel,Metals,($/mt),4852.0,9.5,9.5,18.95,70.48,3.53
1975-10-01,1975,10,Nickel,Metals,($/mt),4852.0,0.0,9.5,18.95,70.48,-0.43
1975-11-01,1975,11,Nickel,Metals,($/mt),4852.0,0.0,9.5,18.95,70.48,-0.43
1975-12-01,1975,12,Nickel,Metals,($/mt),4852.0,0.0,0.0,18.95,70.48,-0.43
1976-01-01,1976,1,Nickel,Metals,($/mt),4850.0,-0.04,-0.04,9.46,65.42,-0.44
1976-02-01,1976,2,Nickel,Metals,($/mt),4850.0,0.0,-0.04,9.46,65.42,-0.29
1976-03-01,1976,3,Nickel,Metals,($/mt),4850.0,0.0,-0.04,9.46,65.42,-0.29
1976-04-01,1976,4,Nickel,Metals,($/mt),4850.0,0.0,0.0,9.46,65.42,-0.29
1976-05-01,1976,5,Nickel,Metals,($/mt),4850.0,0.0,0.0,9.46,65.42,-0.29
1976-06-01,1976,6,Nickel,Metals,($/mt),4850.0,0.0,0.0,9.46,65.42,-0.29
1976-07-01,1976,7,Nickel,Metals,($/mt),4850.0,0.0,0.0,9.46,65.42,-0.29
1976-08-01,1976,8,Nickel,Metals,($/mt),4850.0,0.0,0.0,9.46,65.42,-0.29
1976-09-01,1976,9,Nickel,Metals,($/mt),4938.0,1.81,1.81,1.77,68.42,0.37
1976-10-01,1976,10,Nickel,Metals,($/mt),5313.0,7.59,9.55,9.5,81.21,14.18
1976-11-01,1976,11,Nickel,Metals,($/mt),5313.0,0.0,9.55,9.5,81.21,-0.35
1976-12-01,1976,12,Nickel,Metals,($/mt),5313.0,0.0,7.59,9.5,81.21,-0.35
1977-01-01,1977,1,Nickel,Metals,($/mt),5313.0,0.0,0.0,9.55,72.5,-0.35
1977-02-01,1977,2,Nickel,Metals,($/mt),5313.0,0.0,0.0,9.55,72.5,-0.36
1977-03-01,1977,3,Nickel,Metals,($/mt),5313.0,0.0,0.0,9.55,72.5,-0.36
1977-04-01,1977,4,Nickel,Metals,($/mt),5187.0,-2.37,-2.37,6.95,68.41,-1.43
1977-05-01,1977,5,Nickel,Metals,($/mt),5282.0,1.83,-0.58,8.91,71.49,0.52
1977-06-01,1977,6,Nickel,Metals,($/mt),5313.0,0.59,0.0,9.55,72.5,-0.06
1977-07-01,1977,7,Nickel,Metals,($/mt),5313.0,0.0,2.43,9.55,72.5,-0.33
1977-08-01,1977,8,Nickel,Metals,($/mt),5313.0,0.0,0.59,9.55,72.5,-0.33
1977-09-01,1977,9,Nickel,Metals,($/mt),5313.0,0.0,0.0,7.59,72.5,-0.33
1977-10-01,1977,10,Nickel,Metals,($/mt),4586.0,-13.68,-13.68,-13.68,48.9,-6.03
1977-11-01,1977,11,Nickel,Metals,($/mt),4586.0,0.0,-13.68,-13.68,48.9,0.28
1977-12-01,1977,12,Nickel,Metals,($/mt),4586.0,0.0,-13.68,-13.68,48.9,0.28
1978-01-01,1978,1,Nickel,Metals,($/mt),4586.0,0.0,0.0,-13.68,35.96,0.28
1978-02-01,1978,2,Nickel,Metals,($/mt),4586.0,0.0,0.0,-13.68,35.96,0.28
1978-03-01,1978,3,Nickel,Metals,($/mt),4586.0,0.0,0.0,-13.68,35.96,0.28
1978-04-01,1978,4,Nickel,Metals,($/mt),4696.0,2.4,2.4,-9.47,39.22,0.87
1978-05-01,1978,5,Nickel,Metals,($/mt),4696.0,0.0,2.4,-11.09,39.22,0.18
1978-06-01,1978,6,Nickel,Metals,($/mt),4645.0,-1.09,1.29,-12.57,37.71,-0.05
1978-07-01,1978,7,Nickel,Metals,($/mt),4586.0,-1.27,-2.34,-13.68,35.96,-0.06
1978-08-01,1978,8,Nickel,Metals,($/mt),4586.0,0.0,-2.34,-13.68,35.96,0.28
1978-09-01,1978,9,Nickel,Metals,($/mt),4586.0,0.0,-1.27,-13.68,35.96,0.28
1978-10-01,1978,10,Nickel,Metals,($/mt),4586.0,0.0,0.0,0.0,35.96,0.28
1978-11-01,1978,11,Nickel,Metals,($/mt),4586.0,0.0,0.0,0.0,35.96,-0.0
1978-12-01,1978,12,Nickel,Metals,($/mt),4586.0,0.0,0.0,0.0,35.96,-0.0
1979-01-01,1979,1,Nickel,Metals,($/mt),4586.0,0.0,0.0,0.0,28.39,-0.0
1979-02-01,1979,2,Nickel,Metals,($/mt),4546.0,-0.87,-0.87,-0.87,27.27,-0.99
1979-03-01,1979,3,Nickel,Metals,($/mt),4819.0,6.01,5.08,5.08,34.91,6.62
1979-04-01,1979,4,Nickel,Metals,($/mt),5379.0,11.62,17.29,14.54,50.59,5.65
1979-05-01,1979,5,Nickel,Metals,($/mt),5968.0,10.95,31.28,27.09,67.08,2.58
1979-06-01,1979,6,Nickel,Metals,($/mt),6519.0,9.23,35.28,40.34,82.5,1.52
1979-07-01,1979,7,Nickel,Metals,($/mt),6614.0,1.46,22.96,44.22,62.15,-0.3
1979-08-01,1979,8,Nickel,Metals,($/mt),6614.0,0.0,10.82,44.22,62.15,-0.66
1979-09-01,1979,9,Nickel,Metals,($/mt),6614.0,0.0,1.46,44.22,62.15,-0.66
1979-10-01,1979,10,Nickel,Metals,($/mt),6614.0,0.0,0.0,44.22,62.15,-0.66
1979-11-01,1979,11,Nickel,Metals,($/mt),6614.0,0.0,0.0,44.22,62.15,-0.66
1979-12-01,1979,12,Nickel,Metals,($/mt),6945.0,5.0,5.0,51.44,70.26,0.37
1980-01-01,1980,1,Nickel,Metals,($/mt),6585.0,-5.18,-0.44,43.59,48.61,-1.86
1980-02-01,1980,2,Nickel,Metals,($/mt),6979.0,5.98,5.52,53.52,57.5,0.53
1980-03-01,1980,3,Nickel,Metals,($/mt),6734.0,-3.51,-3.04,39.74,51.97,-1.4
1980-04-01,1980,4,Nickel,Metals,($/mt),6233.0,-7.44,-5.35,15.88,40.67,-1.88
1980-05-01,1980,5,Nickel,Metals,($/mt),6001.0,-3.72,-14.01,0.55,35.43,-0.92
1980-06-01,1980,6,Nickel,Metals,($/mt),6295.0,4.9,-6.52,-3.44,42.07,0.98
1980-07-01,1980,7,Nickel,Metals,($/mt),6622.0,5.19,6.24,0.12,49.45,1.28
1980-08-01,1980,8,Nickel,Metals,($/mt),6585.0,-0.56,9.73,-0.44,48.61,-0.15
1980-09-01,1980,9,Nickel,Metals,($/mt),6655.0,1.06,5.72,0.62,37.16,0.23
1980-10-01,1980,10,Nickel,Metals,($/mt),6692.0,0.56,1.06,1.18,37.92,0.09
1980-11-01,1980,11,Nickel,Metals,($/mt),6453.0,-3.57,-2.0,-2.43,33.0,-0.84
1980-12-01,1980,12,Nickel,Metals,($/mt),6391.0,-0.96,-3.97,-7.98,31.72,-0.18
1981-01-01,1981,1,Nickel,Metals,($/mt),6404.0,0.2,-4.3,-2.75,32.04,0.19
1981-02-01,1981,2,Nickel,Metals,($/mt),6371.0,-0.52,-1.27,-8.71,31.36,-0.09
1981-03-01,1981,3,Nickel,Metals,($/mt),6292.0,-1.24,-1.55,-6.56,29.73,-0.15
1981-04-01,1981,4,Nickel,Metals,($/mt),6307.0,0.24,-1.51,1.19,30.04,0.21
1981-05-01,1981,5,Nickel,Metals,($/mt),6352.0,0.71,-0.3,5.85,30.97,0.21
1981-06-01,1981,6,Nickel,Metals,($/mt),6169.0,-2.88,-1.95,-2.0,27.2,-1.38
1981-07-01,1981,7,Nickel,Metals,($/mt),6150.0,-0.31,-2.49,-7.13,26.8,-0.07
1981-08-01,1981,8,Nickel,Metals,($/mt),5999.0,-2.46,-5.56,-8.9,23.69,-1.31
1981-09-01,1981,9,Nickel,Metals,($/mt),5579.0,-7.0,-9.56,-16.17,12.98,-4.14
1981-10-01,1981,10,Nickel,Metals,($/mt),5217.0,-6.49,-15.17,-22.04,-1.81,-2.26
1981-11-01,1981,11,Nickel,Metals,($/mt),5100.0,-2.24,-14.99,-20.97,-4.01,-0.09
1981-12-01,1981,12,Nickel,Metals,($/mt),5496.0,7.76,-1.49,-14.0,3.44,3.83
1982-01-01,1982,1,Nickel,Metals,($/mt),5629.0,2.42,7.9,-12.1,5.95,0.96
1982-02-01,1982,2,Nickel,Metals,($/mt),5717.0,1.56,12.1,-10.27,7.6,0.66
1982-03-01,1982,3,Nickel,Metals,($/mt),5653.0,-1.12,2.86,-10.16,6.4,-0.07
1982-04-01,1982,4,Nickel,Metals,($/mt),5394.0,-4.58,-4.17,-14.48,3.99,-0.95
1982-05-01,1982,5,Nickel,Metals,($/mt),5212.0,-3.37,-8.83,-17.95,-1.33,-0.53
1982-06-01,1982,6,Nickel,Metals,($/mt),5187.0,-0.48,-8.24,-15.92,-2.37,0.26
1982-07-01,1982,7,Nickel,Metals,($/mt),5069.0,-2.27,-6.03,-17.58,-4.59,-0.22
1982-08-01,1982,8,Nickel,Metals,($/mt),4953.0,-2.29,-4.97,-17.44,-6.78,-0.19
1982-09-01,1982,9,Nickel,Metals,($/mt),4310.0,-12.98,-16.91,-22.75,-18.88,-2.82
1982-10-01,1982,10,Nickel,Metals,($/mt),3917.0,-9.12,-22.73,-24.92,-14.59,-1.41
1982-11-01,1982,11,Nickel,Metals,($/mt),3434.0,-12.33,-30.67,-32.67,-25.12,-1.9
1982-12-01,1982,12,Nickel,Metals,($/mt),3576.0,4.14,-17.03,-34.93,-22.02,1.19
1983-01-01,1983,1,Nickel,Metals,($/mt),3797.0,6.18,-3.06,-32.55,-17.2,1.72
1983-02-01,1983,2,Nickel,Metals,($/mt),4228.0,11.35,23.12,-26.05,-7.81,2.41
1983-03-01,1983,3,Nickel,Metals,($/mt),4832.0,14.29,35.12,-14.52,5.36,2.29
1983-04-01,1983,4,Nickel,Metals,($/mt),4818.0,-0.29,26.89,-10.68,2.6,0.08
1983-05-01,1983,5,Nickel,Metals,($/mt),5032.0,4.44,19.02,-3.45,7.16,0.59
1983-06-01,1983,6,Nickel,Metals,($/mt),4883.0,-2.96,1.06,-5.86,5.12,-0.35
1983-07-01,1983,7,Nickel,Metals,($/mt),4804.0,-1.62,-0.29,-5.23,4.75,-0.17
1983-08-01,1983,8,Nickel,Metals,($/mt),4853.0,1.02,-3.56,-2.02,5.82,0.13
1983-09-01,1983,9,Nickel,Metals,($/mt),4911.0,1.2,0.57,13.94,7.09,0.12
1983-10-01,1983,10,Nickel,Metals,($/mt),4674.0,-4.83,-2.71,19.33,1.92,-0.81
1983-11-01,1983,11,Nickel,Metals,($/mt),4585.0,-1.9,-5.52,33.52,-0.02,-0.51
1983-12-01,1983,12,Nickel,Metals,($/mt),4657.0,1.57,-5.17,30.23,1.55,-0.18
1984-01-01,1984,1,Nickel,Metals,($/mt),4671.0,0.3,-0.06,23.02,1.85,-0.36
1984-02-01,1984,2,Nickel,Metals,($/mt),4640.0,-0.66,1.2,9.74,2.07,-0.45
1984-03-01,1984,3,Nickel,Metals,($/mt),4781.0,3.04,2.66,-1.06,-0.79,0.45
1984-04-01,1984,4,Nickel,Metals,($/mt),4912.0,2.74,5.16,1.95,-8.68,1.09
1984-05-01,1984,5,Nickel,Metals,($/mt),4811.0,-2.06,3.69,-4.39,-19.39,-0.84
1984-06-01,1984,6,Nickel,Metals,($/mt),4773.0,-0.79,-0.17,-2.25,-26.78,-0.18
1984-07-01,1984,7,Nickel,Metals,($/mt),4640.0,-2.79,-5.54,-3.41,-29.85,-1.16
1984-08-01,1984,8,Nickel,Metals,($/mt),4736.0,2.07,-1.56,-2.41,-28.39,0.99
1984-09-01,1984,9,Nickel,Metals,($/mt),4706.0,-0.63,-1.4,-4.17,-28.85,-0.19
1984-10-01,1984,10,Nickel,Metals,($/mt),4750.0,0.93,2.37,1.63,-28.18,0.53
1984-11-01,1984,11,Nickel,Metals,($/mt),4748.0,-0.04,0.25,3.56,-28.21,-0.1
1984-12-01,1984,12,Nickel,Metals,($/mt),4859.0,2.34,3.25,4.34,-30.04,1.11
1985-01-01,1985,1,Nickel,Metals,($/mt),4947.0,1.81,4.15,5.91,-24.87,0.76
1985-02-01,1985,2,Nickel,Metals,($/mt),5051.0,2.1,6.38,8.86,-27.63,0.83
1985-03-01,1985,3,Nickel,Metals,($/mt),5212.0,3.19,7.26,9.01,-22.6,1.26
1985-04-01,1985,4,Nickel,Metals,($/mt),5490.0,5.33,10.98,11.77,-11.92,2.34
1985-05-01,1985,5,Nickel,Metals,($/mt),5604.0,2.08,10.95,16.48,-6.62,0.48
1985-06-01,1985,6,Nickel,Metals,($/mt),5553.0,-0.91,6.54,16.34,-11.79,-1.04
1985-07-01,1985,7,Nickel,Metals,($/mt),5091.0,-8.32,-7.27,9.72,-23.12,-4.5
1985-08-01,1985,8,Nickel,Metals,($/mt),4908.0,-3.59,-12.42,3.63,-25.47,-1.32
1985-09-01,1985,9,Nickel,Metals,($/mt),4570.0,-6.89,-17.7,-2.89,-31.33,-2.04
1985-10-01,1985,10,Nickel,Metals,($/mt),4240.0,-7.22,-16.72,-10.74,-36.64,-1.71
1985-11-01,1985,11,Nickel,Metals,($/mt),4035.0,-4.83,-17.79,-15.02,-37.47,-0.87
1985-12-01,1985,12,Nickel,Metals,($/mt),4090.0,1.36,-10.5,-15.83,-36.0,0.55
1986-01-01,1986,1,Nickel,Metals,($/mt),4035.0,-1.34,-4.83,-18.44,-36.99,-0.0
1986-02-01,1986,2,Nickel,Metals,($/mt),3988.0,-1.16,-1.16,-21.05,-37.4,0.09
1986-03-01,1986,3,Nickel,Metals,($/mt),4123.0,3.39,0.81,-20.89,-34.47,1.19
1986-04-01,1986,4,Nickel,Metals,($/mt),3999.0,-3.01,-0.89,-27.16,-36.59,-0.26
1986-05-01,1986,5,Nickel,Metals,($/mt),4043.0,1.1,1.38,-27.86,-36.35,0.96
1986-06-01,1986,6,Nickel,Metals,($/mt),4087.0,1.09,-0.87,-26.4,-33.75,1.0
1986-07-01,1986,7,Nickel,Metals,($/mt),3911.0,-4.31,-2.2,-23.18,-36.41,-0.48
1986-08-01,1986,8,Nickel,Metals,($/mt),3807.0,-2.66,-5.84,-22.43,-36.54,-0.16
1986-09-01,1986,9,Nickel,Metals,($/mt),3724.0,-2.18,-8.88,-18.51,-33.25,-0.04
1986-10-01,1986,10,Nickel,Metals,($/mt),3644.0,-2.15,-6.83,-14.06,-30.15,-0.16
1986-11-01,1986,11,Nickel,Metals,($/mt),3642.0,-0.05,-4.33,-9.74,-28.59,0.47
1986-12-01,1986,12,Nickel,Metals,($/mt),3572.0,-1.92,-4.08,-12.67,-35.01,-0.49
1987-01-01,1987,1,Nickel,Metals,($/mt),3525.0,-1.32,-3.27,-12.64,-37.38,-0.1
1987-02-01,1987,2,Nickel,Metals,($/mt),3717.0,5.45,2.06,-6.8,-34.98,3.06
1987-03-01,1987,3,Nickel,Metals,($/mt),3772.0,1.48,5.6,-8.51,-33.27,0.71
1987-04-01,1987,4,Nickel,Metals,($/mt),3898.0,3.34,10.58,-2.53,-27.73,1.52
1987-05-01,1987,5,Nickel,Metals,($/mt),4436.0,13.8,19.34,9.72,-14.89,5.02
1987-06-01,1987,6,Nickel,Metals,($/mt),4436.0,0.0,17.6,8.54,-14.48,-0.18
1987-07-01,1987,7,Nickel,Metals,($/mt),4753.0,7.15,21.93,21.53,-6.23,1.29
1987-08-01,1987,8,Nickel,Metals,($/mt),5307.0,11.66,19.63,39.4,7.15,2.0
1987-09-01,1987,9,Nickel,Metals,($/mt),5333.0,0.49,20.22,43.21,23.74,-0.45
1987-10-01,1987,10,Nickel,Metals,($/mt),5692.0,6.73,19.76,56.2,45.32,0.67
1987-11-01,1987,11,Nickel,Metals,($/mt),5937.0,4.3,11.87,63.01,72.89,0.08
1987-12-01,1987,12,Nickel,Metals,($/mt),7661.0,29.04,43.65,114.47,114.23,4.98
1988-01-01,1988,1,Nickel,Metals,($/mt),8073.0,5.38,41.83,129.02,112.62,-0.18
1988-02-01,1988,2,Nickel,Metals,($/mt),8667.0,7.36,45.98,133.17,104.99,-0.01
1988-03-01,1988,3,Nickel,Metals,($/mt),15497.0,78.8,102.28,310.84,220.72,8.96
1988-04-01,1988,4,Nickel,Metals,($/mt),18012.0,16.23,123.11,362.08,273.85,0.1
1988-05-01,1988,5,Nickel,Metals,($/mt),17025.0,-5.48,96.43,283.79,238.33,-0.95
1988-06-01,1988,6,Nickel,Metals,($/mt),15590.0,-8.43,0.6,251.44,219.27,-0.98
1988-07-01,1988,7,Nickel,Metals,($/mt),14591.0,-6.41,-18.99,206.99,203.73,-0.84
1988-08-01,1988,8,Nickel,Metals,($/mt),14187.0,-2.77,-16.67,167.33,192.33,-0.61
1988-09-01,1988,9,Nickel,Metals,($/mt),11878.0,-16.28,-23.81,122.73,141.87,-1.12
1988-10-01,1988,10,Nickel,Metals,($/mt),11558.0,-2.69,-20.79,103.06,147.28,-0.47
1988-11-01,1988,11,Nickel,Metals,($/mt),13342.0,15.44,-5.96,124.73,190.99,0.28
1988-12-01,1988,12,Nickel,Metals,($/mt),16920.0,26.82,42.45,120.86,263.32,0.7
1989-01-01,1989,1,Nickel,Metals,($/mt),17725.0,4.76,53.36,119.56,279.47,-0.17
1989-02-01,1989,2,Nickel,Metals,($/mt),18524.0,4.51,38.84,113.73,299.22,-0.18
1989-03-01,1989,3,Nickel,Metals,($/mt),17157.0,-7.38,1.4,10.71,258.86,-0.64
1989-04-01,1989,4,Nickel,Metals,($/mt),15261.0,-11.05,-13.9,-15.27,210.69,-1.01
1989-05-01,1989,5,Nickel,Metals,($/mt),13454.0,-11.84,-27.37,-20.98,179.65,-0.92
1989-06-01,1989,6,Nickel,Metals,($/mt),12143.0,-9.74,-29.22,-22.11,154.41,-0.68
1989-07-01,1989,7,Nickel,Metals,($/mt),12275.0,1.09,-19.57,-15.87,164.55,0.2
1989-08-01,1989,8,Nickel,Metals,($/mt),12910.0,5.17,-4.04,-9.0,172.59,0.48
1989-09-01,1989,9,Nickel,Metals,($/mt),11222.0,-13.08,-7.58,-5.52,138.46,-1.04
1989-10-01,1989,10,Nickel,Metals,($/mt),10425.0,-7.1,-15.07,-9.8,119.47,-0.6
1989-11-01,1989,11,Nickel,Metals,($/mt),9793.0,-6.06,-24.14,-26.6,106.26,-0.48
1989-12-01,1989,12,Nickel,Metals,($/mt),8809.0,-10.05,-21.5,-47.94,81.29,-0.71
1990-01-01,1990,1,Nickel,Metals,($/mt),7056.0,-19.9,-32.32,-60.19,42.63,-2.13
1990-02-01,1990,2,Nickel,Metals,($/mt),6977.0,-1.12,-28.76,-62.34,38.13,0.81
1990-03-01,1990,3,Nickel,Metals,($/mt),9267.0,32.82,5.2,-45.99,77.8,5.96
1990-04-01,1990,4,Nickel,Metals,($/mt),8940.0,-3.53,26.7,-41.42,62.84,0.05
1990-05-01,1990,5,Nickel,Metals,($/mt),8698.0,-2.71,24.67,-35.35,55.21,0.07
1990-06-01,1990,6,Nickel,Metals,($/mt),8422.0,-3.17,-9.12,-30.64,51.67,-0.02
1990-07-01,1990,7,Nickel,Metals,($/mt),9318.0,10.64,4.23,-24.09,83.03,1.0
1990-08-01,1990,8,Nickel,Metals,($/mt),10957.0,17.59,25.97,-15.13,123.25,1.42
1990-09-01,1990,9,Nickel,Metals,($/mt),10844.0,-1.03,28.76,-3.37,137.29,-0.04
1990-10-01,1990,10,Nickel,Metals,($/mt),9145.0,-15.67,-1.86,-12.28,115.68,-1.17
1990-11-01,1990,11,Nickel,Metals,($/mt),8587.0,-6.1,-21.63,-12.31,112.81,-0.41
1990-12-01,1990,12,Nickel,Metals,($/mt),8158.0,-5.0,-24.77,-7.39,99.46,-0.33
1991-01-01,1991,1,Nickel,Metals,($/mt),8569.0,5.04,-6.3,21.44,112.37,0.34
1991-02-01,1991,2,Nickel,Metals,($/mt),8672.0,1.2,0.99,24.29,117.45,-0.09
1991-03-01,1991,3,Nickel,Metals,($/mt),8701.0,0.33,6.66,-6.11,111.04,-0.17
1991-04-01,1991,4,Nickel,Metals,($/mt),9021.0,3.68,5.27,0.91,125.58,0.46
1991-05-01,1991,5,Nickel,Metals,($/mt),8452.0,-6.31,-2.54,-2.83,109.05,-0.79
1991-06-01,1991,6,Nickel,Metals,($/mt),8280.0,-2.04,-4.84,-1.69,102.59,-0.25
1991-07-01,1991,7,Nickel,Metals,($/mt),8541.0,3.15,-5.32,-8.34,118.38,0.34
1991-08-01,1991,8,Nickel,Metals,($/mt),8145.0,-4.64,-3.63,-25.66,113.95,-0.52
1991-09-01,1991,9,Nickel,Metals,($/mt),7681.0,-5.7,-7.23,-29.17,106.26,-0.6
1991-10-01,1991,10,Nickel,Metals,($/mt),7443.0,-3.1,-12.86,-18.61,104.25,-0.07
1991-11-01,1991,11,Nickel,Metals,($/mt),7245.0,-2.66,-11.05,-15.63,98.93,-0.25
1991-12-01,1991,12,Nickel,Metals,($/mt),7118.0,-1.75,-7.33,-12.75,99.27,-0.11
1992-01-01,1992,1,Nickel,Metals,($/mt),7517.0,5.61,0.99,-12.28,113.25,1.78
1992-02-01,1992,2,Nickel,Metals,($/mt),7862.0,4.59,8.52,-9.34,111.51,1.46
1992-03-01,1992,3,Nickel,Metals,($/mt),7418.0,-5.65,4.21,-14.75,96.66,-1.19
1992-04-01,1992,4,Nickel,Metals,($/mt),7421.0,0.04,-1.28,-17.74,90.38,0.29
1992-05-01,1992,5,Nickel,Metals,($/mt),7327.0,-1.27,-6.8,-13.31,65.17,0.07
1992-06-01,1992,6,Nickel,Metals,($/mt),7193.0,-1.83,-3.03,-13.13,62.15,-0.19
1992-07-01,1992,7,Nickel,Metals,($/mt),7498.0,4.24,1.04,-12.21,57.75,1.41
1992-08-01,1992,8,Nickel,Metals,($/mt),7268.0,-3.07,-0.81,-10.77,36.95,-0.53
1992-09-01,1992,9,Nickel,Metals,($/mt),6918.0,-4.82,-3.82,-9.93,29.72,-1.03
1992-10-01,1992,10,Nickel,Metals,($/mt),6305.0,-8.86,-15.91,-15.29,10.77,-2.17
1992-11-01,1992,11,Nickel,Metals,($/mt),5565.0,-11.74,-23.43,-23.19,-6.27,-2.4
1992-12-01,1992,12,Nickel,Metals,($/mt),5724.0,2.86,-17.26,-19.58,-25.28,0.92
1993-01-01,1993,1,Nickel,Metals,($/mt),5931.0,3.62,-5.93,-21.1,-26.53,0.96
1993-02-01,1993,2,Nickel,Metals,($/mt),6039.0,1.82,8.52,-23.19,-30.32,0.69
1993-03-01,1993,3,Nickel,Metals,($/mt),5971.0,-1.13,4.32,-19.51,-61.47,0.18
1993-04-01,1993,4,Nickel,Metals,($/mt),5972.0,0.02,0.69,-19.53,-66.84,0.35
1993-05-01,1993,5,Nickel,Metals,($/mt),5763.0,-3.5,-4.57,-21.35,-66.15,-0.37
1993-06-01,1993,6,Nickel,Metals,($/mt),5532.0,-4.01,-7.35,-23.09,-64.52,-0.44
1993-07-01,1993,7,Nickel,Metals,($/mt),5036.0,-8.97,-15.67,-32.84,-65.49,-1.39
1993-08-01,1993,8,Nickel,Metals,($/mt),4722.0,-6.24,-18.06,-35.03,-66.72,-0.63
1993-09-01,1993,9,Nickel,Metals,($/mt),4353.0,-7.81,-21.31,-37.08,-63.35,-0.88
1993-10-01,1993,10,Nickel,Metals,($/mt),4449.0,2.21,-11.66,-29.44,-61.51,1.14
1993-11-01,1993,11,Nickel,Metals,($/mt),4634.0,4.16,-1.86,-16.73,-65.27,1.35
1993-12-01,1993,12,Nickel,Metals,($/mt),5119.0,10.47,17.6,-10.57,-69.75,2.58
1994-01-01,1994,1,Nickel,Metals,($/mt),5578.0,8.97,25.38,-5.95,-68.53,1.73
1994-02-01,1994,2,Nickel,Metals,($/mt),5825.0,4.43,25.7,-3.54,-68.55,0.77
1994-03-01,1994,3,Nickel,Metals,($/mt),5588.0,-4.07,9.16,-6.41,-67.43,-0.62
1994-04-01,1994,4,Nickel,Metals,($/mt),5408.0,-3.22,-3.05,-9.44,-64.56,-0.44
1994-05-01,1994,5,Nickel,Metals,($/mt),6087.0,12.56,4.5,5.62,-54.76,2.03
1994-06-01,1994,6,Nickel,Metals,($/mt),6282.0,3.2,12.42,13.56,-48.27,0.34
1994-07-01,1994,7,Nickel,Metals,($/mt),6227.0,-0.88,15.14,23.65,-49.27,-0.3
1994-08-01,1994,8,Nickel,Metals,($/mt),5860.0,-5.89,-3.73,24.1,-54.61,-1.19
1994-09-01,1994,9,Nickel,Metals,($/mt),6365.0,8.62,1.32,46.22,-43.28,1.01
1994-10-01,1994,10,Nickel,Metals,($/mt),6748.0,6.02,8.37,51.67,-35.27,0.44
1994-11-01,1994,11,Nickel,Metals,($/mt),7556.0,11.97,28.94,63.06,-22.84,1.37
1994-12-01,1994,12,Nickel,Metals,($/mt),8556.0,13.23,34.42,67.14,-2.87,1.36
1995-01-01,1995,1,Nickel,Metals,($/mt),9593.0,12.12,42.16,71.98,35.96,1.11
1995-02-01,1995,2,Nickel,Metals,($/mt),8505.0,-11.34,12.56,46.01,21.9,-2.3
1995-03-01,1995,3,Nickel,Metals,($/mt),7532.0,-11.44,-11.97,34.79,-18.72,-1.77
1995-04-01,1995,4,Nickel,Metals,($/mt),7398.0,-1.78,-22.88,36.8,-17.25,-0.51
1995-05-01,1995,5,Nickel,Metals,($/mt),7232.0,-2.24,-14.97,18.81,-16.85,-0.57
1995-06-01,1995,6,Nickel,Metals,($/mt),7872.0,8.85,4.51,25.31,-6.53,0.8
1995-07-01,1995,7,Nickel,Metals,($/mt),8597.0,9.21,16.21,38.06,-7.74,0.77
1995-08-01,1995,8,Nickel,Metals,($/mt),8945.0,4.05,23.69,52.65,-18.36,0.1
1995-09-01,1995,9,Nickel,Metals,($/mt),8405.0,-6.04,6.77,32.05,-22.49,-1.14
1995-10-01,1995,10,Nickel,Metals,($/mt),8062.0,-4.08,-6.22,19.47,-11.84,-0.75
1995-11-01,1995,11,Nickel,Metals,($/mt),8506.0,5.51,-4.91,12.57,-0.94,0.4
1995-12-01,1995,12,Nickel,Metals,($/mt),8091.0,-4.88,-3.74,-5.43,-0.82,-0.72
1996-01-01,1996,1,Nickel,Metals,($/mt),7862.0,-2.83,-2.48,-18.04,-8.25,-0.33
1996-02-01,1996,2,Nickel,Metals,($/mt),8216.0,4.5,-3.41,-3.4,-5.26,0.85
1996-03-01,1996,3,Nickel,Metals,($/mt),8022.0,-2.36,-0.85,6.51,-7.8,-0.35
1996-04-01,1996,4,Nickel,Metals,($/mt),8043.0,0.26,2.3,8.72,-10.84,-0.07
1996-05-01,1996,5,Nickel,Metals,($/mt),8027.0,-0.2,-2.3,10.99,-5.03,-0.19
1996-06-01,1996,6,Nickel,Metals,($/mt),7709.0,-3.96,-3.9,-2.07,-6.9,-0.94
1996-07-01,1996,7,Nickel,Metals,($/mt),7204.0,-6.55,-10.43,-16.2,-15.65,-1.34
1996-08-01,1996,8,Nickel,Metals,($/mt),7054.0,-2.08,-12.12,-21.14,-13.39,-0.17
1996-09-01,1996,9,Nickel,Metals,($/mt),7318.0,3.74,-5.07,-12.93,-4.73,1.47
1996-10-01,1996,10,Nickel,Metals,($/mt),7031.0,-3.92,-2.4,-12.79,-5.54,-0.73
1996-11-01,1996,11,Nickel,Metals,($/mt),6943.0,-1.25,-1.57,-18.38,-4.17,-0.05
1996-12-01,1996,12,Nickel,Metals,($/mt),6581.0,-5.21,-10.07,-18.66,-7.54,-1.09
1997-01-01,1997,1,Nickel,Metals,($/mt),7072.0,7.46,0.58,-10.05,-5.92,2.74
1997-02-01,1997,2,Nickel,Metals,($/mt),7735.0,9.38,11.41,-5.85,-1.62,2.42
1997-03-01,1997,3,Nickel,Metals,($/mt),7896.0,2.08,19.98,-1.57,6.44,0.5
1997-04-01,1997,4,Nickel,Metals,($/mt),7316.0,-7.35,3.45,-9.04,-1.41,-1.48
1997-05-01,1997,5,Nickel,Metals,($/mt),7483.0,2.28,-3.26,-6.78,2.13,0.55
1997-06-01,1997,6,Nickel,Metals,($/mt),7062.0,-5.63,-10.56,-8.39,-1.82,-0.95
1997-07-01,1997,7,Nickel,Metals,($/mt),6836.0,-3.2,-6.56,-5.11,-8.83,-0.47
1997-08-01,1997,8,Nickel,Metals,($/mt),6761.0,-1.1,-9.65,-4.15,-6.98,-0.15
1997-09-01,1997,9,Nickel,Metals,($/mt),6504.0,-3.8,-7.9,-11.12,-5.98,-0.68
1997-10-01,1997,10,Nickel,Metals,($/mt),6380.0,-1.91,-6.67,-9.26,1.19,-0.2
1997-11-01,1997,11,Nickel,Metals,($/mt),6140.0,-3.76,-9.19,-11.57,10.33,-0.6
1997-12-01,1997,12,Nickel,Metals,($/mt),5945.0,-3.18,-8.59,-9.66,3.86,-0.44
1998-01-01,1998,1,Nickel,Metals,($/mt),5492.0,-7.62,-13.92,-22.34,-7.4,-1.35
1998-02-01,1998,2,Nickel,Metals,($/mt),5387.0,-1.91,-12.26,-30.36,-10.8,0.01
1998-03-01,1998,3,Nickel,Metals,($/mt),5396.0,0.17,-9.23,-31.66,-9.63,0.99
1998-04-01,1998,4,Nickel,Metals,($/mt),5394.0,-0.04,-1.78,-26.27,-9.68,1.05
1998-05-01,1998,5,Nickel,Metals,($/mt),5020.0,-6.93,-6.81,-32.91,-12.89,-1.66
1998-06-01,1998,6,Nickel,Metals,($/mt),4476.0,-10.84,-17.05,-36.62,-19.09,-3.03
1998-07-01,1998,7,Nickel,Metals,($/mt),4325.0,-3.37,-19.82,-36.73,-14.12,0.09
1998-08-01,1998,8,Nickel,Metals,($/mt),4081.0,-5.64,-18.71,-39.64,-13.57,-0.59
1998-09-01,1998,9,Nickel,Metals,($/mt),4102.0,0.51,-8.36,-36.93,-5.77,1.42
1998-10-01,1998,10,Nickel,Metals,($/mt),3872.0,-5.61,-10.47,-39.31,-12.97,-0.54
1998-11-01,1998,11,Nickel,Metals,($/mt),4132.0,6.71,1.25,-32.7,-10.83,3.09
1998-12-01,1998,12,Nickel,Metals,($/mt),3878.0,-6.15,-5.46,-34.77,-24.24,-0.64
1999-01-01,1999,1,Nickel,Metals,($/mt),4269.0,10.08,10.25,-22.27,-23.47,2.84
1999-02-01,1999,2,Nickel,Metals,($/mt),4626.0,8.36,11.96,-14.13,-20.58,1.74
1999-03-01,1999,3,Nickel,Metals,($/mt),5011.0,8.32,29.22,-7.13,-10.33,1.42
1999-04-01,1999,4,Nickel,Metals,($/mt),5103.0,1.84,19.54,-5.39,-5.64,0.31
1999-05-01,1999,5,Nickel,Metals,($/mt),5399.0,5.8,16.71,7.55,-11.3,0.84
1999-06-01,1999,6,Nickel,Metals,($/mt),5195.0,-3.78,3.67,16.06,-17.3,-0.66
1999-07-01,1999,7,Nickel,Metals,($/mt),5700.0,9.72,11.7,31.79,-8.46,1.33
1999-08-01,1999,8,Nickel,Metals,($/mt),6449.0,13.14,19.45,58.02,10.05,1.65
1999-09-01,1999,9,Nickel,Metals,($/mt),7028.0,8.98,35.28,71.33,10.42,0.75
1999-10-01,1999,10,Nickel,Metals,($/mt),7321.0,4.17,28.44,89.08,8.49,-0.09
1999-11-01,1999,11,Nickel,Metals,($/mt),7950.0,8.59,23.27,92.4,5.21,0.52
1999-12-01,1999,12,Nickel,Metals,($/mt),8083.0,1.67,15.01,108.43,-5.53,-0.7
2000-01-01,2000,1,Nickel,Metals,($/mt),8310.0,2.81,13.51,94.66,-13.37,-0.77
2000-02-01,2000,2,Nickel,Metals,($/mt),9653.0,16.16,21.42,108.67,13.5,2.24
2000-03-01,2000,3,Nickel,Metals,($/mt),10280.0,6.5,27.18,105.15,36.48,0.01
2000-04-01,2000,4,Nickel,Metals,($/mt),9728.0,-5.37,17.06,90.63,31.49,-2.14
2000-05-01,2000,5,Nickel,Metals,($/mt),10130.0,4.13,4.94,87.63,40.07,-0.25
2000-06-01,2000,6,Nickel,Metals,($/mt),8411.0,-16.97,-18.18,61.91,6.85,-3.55
2000-07-01,2000,7,Nickel,Metals,($/mt),8164.0,-2.94,-16.08,43.23,-5.04,-0.84
2000-08-01,2000,8,Nickel,Metals,($/mt),8007.0,-1.92,-20.96,24.16,-10.49,-0.6
2000-09-01,2000,9,Nickel,Metals,($/mt),8638.0,7.88,2.7,22.91,2.77,0.68
2000-10-01,2000,10,Nickel,Metals,($/mt),7678.0,-11.11,-5.95,4.88,-4.76,-1.58
2000-11-01,2000,11,Nickel,Metals,($/mt),7340.0,-4.4,-8.33,-7.67,-13.71,-0.57
2000-12-01,2000,12,Nickel,Metals,($/mt),7314.0,-0.35,-15.33,-9.51,-9.6,-0.01
2001-01-01,2001,1,Nickel,Metals,($/mt),6995.0,-4.36,-8.9,-15.82,-11.03,-0.44
2001-02-01,2001,2,Nickel,Metals,($/mt),6524.0,-6.73,-11.12,-32.41,-20.59,-0.64
2001-03-01,2001,3,Nickel,Metals,($/mt),6134.0,-5.98,-16.13,-40.33,-23.54,-0.42
2001-04-01,2001,4,Nickel,Metals,($/mt),6330.0,3.2,-9.51,-34.93,-21.3,1.12
2001-05-01,2001,5,Nickel,Metals,($/mt),7061.0,11.55,8.23,-30.3,-12.03,2.2
2001-06-01,2001,6,Nickel,Metals,($/mt),6641.0,-5.95,8.27,-21.04,-13.85,-0.42
2001-07-01,2001,7,Nickel,Metals,($/mt),5937.0,-10.6,-6.21,-27.28,-17.59,-1.37
2001-08-01,2001,8,Nickel,Metals,($/mt),5521.0,-7.01,-21.81,-31.05,-21.73,-0.66
2001-09-01,2001,9,Nickel,Metals,($/mt),5027.0,-8.95,-24.3,-41.8,-31.31,-0.87
2001-10-01,2001,10,Nickel,Metals,($/mt),4825.0,-4.02,-18.73,-37.16,-31.38,0.03
2001-11-01,2001,11,Nickel,Metals,($/mt),5078.0,5.24,-8.02,-30.82,-26.86,1.48
2001-12-01,2001,12,Nickel,Metals,($/mt),5264.0,3.66,4.71,-28.03,-20.01,1.0
2002-01-01,2002,1,Nickel,Metals,($/mt),6043.0,14.8,25.24,-13.61,-14.55,2.56
2002-02-01,2002,2,Nickel,Metals,($/mt),6029.0,-0.23,18.73,-7.59,-22.06,0.08
2002-03-01,2002,3,Nickel,Metals,($/mt),6538.0,8.44,24.2,6.59,-17.2,1.08
2002-04-01,2002,4,Nickel,Metals,($/mt),6958.0,6.42,15.14,9.92,-4.89,0.67
2002-05-01,2002,5,Nickel,Metals,($/mt),6761.0,-2.83,12.14,-4.25,-9.65,-0.47
2002-06-01,2002,6,Nickel,Metals,($/mt),7120.0,5.31,8.9,7.21,0.82,0.69
2002-07-01,2002,7,Nickel,Metals,($/mt),7143.0,0.32,2.66,20.31,4.49,-0.07
2002-08-01,2002,8,Nickel,Metals,($/mt),6717.0,-5.96,-0.65,21.66,-0.65,-1.13
2002-09-01,2002,9,Nickel,Metals,($/mt),6640.0,-1.15,-6.74,32.09,2.09,-0.44
2002-10-01,2002,10,Nickel,Metals,($/mt),6804.0,2.47,-4.75,41.02,6.65,-0.01
2002-11-01,2002,11,Nickel,Metals,($/mt),7314.0,7.5,8.89,44.03,19.12,0.8
2002-12-01,2002,12,Nickel,Metals,($/mt),7193.0,-1.65,8.33,36.65,20.99,-0.86
2003-01-01,2003,1,Nickel,Metals,($/mt),8026.0,11.58,17.96,32.81,46.14,1.5
2003-02-01,2003,2,Nickel,Metals,($/mt),8623.0,7.44,17.9,43.03,60.07,0.93
2003-03-01,2003,3,Nickel,Metals,($/mt),8379.0,-2.83,16.49,28.16,55.28,-1.11
2003-04-01,2003,4,Nickel,Metals,($/mt),7910.0,-5.6,-1.45,13.68,46.64,-1.45
2003-05-01,2003,5,Nickel,Metals,($/mt),8331.0,5.32,-3.39,23.22,65.96,0.73
2003-06-01,2003,6,Nickel,Metals,($/mt),8875.0,6.53,5.92,24.65,98.28,0.83
2003-07-01,2003,7,Nickel,Metals,($/mt),8797.0,-0.88,11.21,23.16,103.4,-0.51
2003-08-01,2003,8,Nickel,Metals,($/mt),9351.0,6.3,12.24,39.21,129.14,0.77
2003-09-01,2003,9,Nickel,Metals,($/mt),9965.0,6.57,12.28,50.08,142.93,0.69
2003-10-01,2003,10,Nickel,Metals,($/mt),11047.0,10.86,25.58,62.36,185.3,1.41
2003-11-01,2003,11,Nickel,Metals,($/mt),12087.0,9.41,29.26,65.26,192.52,0.92
2003-12-01,2003,12,Nickel,Metals,($/mt),14163.0,17.18,42.13,96.9,265.21,2.24
2004-01-01,2004,1,Nickel,Metals,($/mt),15327.0,8.22,38.74,90.97,259.03,0.35
2004-02-01,2004,2,Nickel,Metals,($/mt),15145.0,-1.19,25.3,75.63,227.39,-1.11
2004-03-01,2004,3,Nickel,Metals,($/mt),13715.0,-9.44,-3.16,63.68,173.7,-2.22
2004-04-01,2004,4,Nickel,Metals,($/mt),12848.0,-6.32,-16.17,62.43,151.77,-1.45
2004-05-01,2004,5,Nickel,Metals,($/mt),11118.0,-13.47,-26.59,33.45,105.93,-2.37
2004-06-01,2004,6,Nickel,Metals,($/mt),13534.0,21.73,-1.32,52.5,160.52,2.08
2004-07-01,2004,7,Nickel,Metals,($/mt),15023.0,11.0,16.93,70.77,163.56,0.65
2004-08-01,2004,8,Nickel,Metals,($/mt),13680.0,-8.94,23.04,46.29,112.13,-1.32
2004-09-01,2004,9,Nickel,Metals,($/mt),13271.0,-2.99,-1.94,33.18,88.83,-0.6
2004-10-01,2004,10,Nickel,Metals,($/mt),14404.0,8.54,-4.12,30.39,96.75,0.48
2004-11-01,2004,11,Nickel,Metals,($/mt),14045.0,-2.49,2.67,16.2,76.67,-0.47
2004-12-01,2004,12,Nickel,Metals,($/mt),13769.0,-1.97,3.75,-2.78,70.35,-0.34
2005-01-01,2005,1,Nickel,Metals,($/mt),14505.0,5.35,0.7,-5.36,74.55,0.5
2005-02-01,2005,2,Nickel,Metals,($/mt),15350.0,5.83,9.29,1.35,59.02,0.58
2005-03-01,2005,3,Nickel,Metals,($/mt),16191.0,5.48,17.59,18.05,57.5,0.48
2005-04-01,2005,4,Nickel,Metals,($/mt),16142.0,-0.3,11.29,25.64,65.93,-0.22
2005-05-01,2005,5,Nickel,Metals,($/mt),16932.0,4.89,10.31,52.29,67.15,0.27
2005-06-01,2005,6,Nickel,Metals,($/mt),16160.0,-4.56,-0.19,19.4,92.13,-1.05
2005-07-01,2005,7,Nickel,Metals,($/mt),14581.0,-9.77,-9.67,-2.94,78.6,-1.9
2005-08-01,2005,8,Nickel,Metals,($/mt),14893.0,2.14,-12.04,8.87,86.0,0.37
2005-09-01,2005,9,Nickel,Metals,($/mt),14228.0,-4.47,-11.96,7.21,64.71,-0.98
2005-10-01,2005,10,Nickel,Metals,($/mt),12403.0,-12.83,-14.94,-13.89,61.54,-2.46
2005-11-01,2005,11,Nickel,Metals,($/mt),12116.0,-2.31,-18.65,-13.73,65.07,-0.2
2005-12-01,2005,12,Nickel,Metals,($/mt),13429.0,10.84,-5.62,-2.47,83.61,1.93
2006-01-01,2006,1,Nickel,Metals,($/mt),14555.0,8.38,17.35,0.34,108.08,1.19
2006-02-01,2006,2,Nickel,Metals,($/mt),14979.0,2.91,23.63,-2.42,129.6,0.36
2006-03-01,2006,3,Nickel,Metals,($/mt),14897.0,-0.55,10.93,-7.99,142.86,-0.08
2006-04-01,2006,4,Nickel,Metals,($/mt),17942.0,20.44,23.27,11.15,183.44,3.02
2006-05-01,2006,5,Nickel,Metals,($/mt),21077.0,17.47,40.71,24.48,198.5,1.76
2006-06-01,2006,6,Nickel,Metals,($/mt),20755.0,-1.53,39.32,28.43,212.53,-0.37
2006-07-01,2006,7,Nickel,Metals,($/mt),26586.0,28.09,48.18,82.33,347.8,2.52
2006-08-01,2006,8,Nickel,Metals,($/mt),30744.0,15.64,45.87,106.43,456.86,0.85
2006-09-01,2006,9,Nickel,Metals,($/mt),30131.0,-1.99,45.17,111.77,499.38,-0.74
2006-10-01,2006,10,Nickel,Metals,($/mt),32703.0,8.54,23.01,163.67,577.78,0.13
2006-11-01,2006,11,Nickel,Metals,($/mt),32114.0,-1.8,4.46,165.05,532.41,-1.06
2006-12-01,2006,12,Nickel,Metals,($/mt),34570.0,7.65,14.73,157.43,556.72,-0.12
2007-01-01,2007,1,Nickel,Metals,($/mt),36811.0,6.48,12.56,152.91,509.15,-0.21
2007-02-01,2007,2,Nickel,Metals,($/mt),41184.0,11.88,28.24,174.94,583.1,0.34
2007-03-01,2007,3,Nickel,Metals,($/mt),46325.0,12.48,34.0,210.97,608.55,0.33
2007-04-01,2007,4,Nickel,Metals,($/mt),50267.0,8.51,36.55,180.16,622.43,-0.19
2007-05-01,2007,5,Nickel,Metals,($/mt),52179.0,3.8,26.7,147.56,671.76,-0.62
2007-06-01,2007,6,Nickel,Metals,($/mt),41719.0,-20.05,-9.94,101.01,485.94,-3.3
2007-07-01,2007,7,Nickel,Metals,($/mt),33426.0,-19.88,-33.5,25.73,367.95,-2.29
2007-08-01,2007,8,Nickel,Metals,($/mt),27652.0,-17.27,-47.01,-10.06,311.67,-1.69
2007-09-01,2007,9,Nickel,Metals,($/mt),29538.0,6.82,-29.2,-1.97,344.85,0.57
2007-10-01,2007,10,Nickel,Metals,($/mt),31055.0,5.14,-7.09,-5.04,356.42,0.37
2007-11-01,2007,11,Nickel,Metals,($/mt),30610.0,-1.43,10.7,-4.68,318.51,-0.14
2007-12-01,2007,12,Nickel,Metals,($/mt),25992.0,-15.09,-12.0,-24.81,261.35,-1.26
2008-01-01,2008,1,Nickel,Metals,($/mt),27690.0,6.53,-10.84,-24.78,245.0,0.63
2008-02-01,2008,2,Nickel,Metals,($/mt),27955.0,0.96,-8.67,-32.12,224.19,0.2
2008-03-01,2008,3,Nickel,Metals,($/mt),31225.0,11.7,20.13,-32.6,272.66,1.17
2008-04-01,2008,4,Nickel,Metals,($/mt),28763.0,-7.88,3.88,-42.78,263.63,-0.45
2008-05-01,2008,5,Nickel,Metals,($/mt),25735.0,-10.53,-7.94,-50.68,208.91,-0.57
2008-06-01,2008,6,Nickel,Metals,($/mt),22549.0,-12.38,-27.79,-45.95,154.07,-0.64
2008-07-01,2008,7,Nickel,Metals,($/mt),20160.0,-10.59,-29.91,-39.69,129.17,-0.57
2008-08-01,2008,8,Nickel,Metals,($/mt),18928.0,-6.11,-26.45,-31.55,102.42,-0.25
2008-09-01,2008,9,Nickel,Metals,($/mt),17795.0,-5.99,-21.08,-39.76,78.58,-0.37
2008-10-01,2008,10,Nickel,Metals,($/mt),12140.0,-31.78,-39.78,-60.91,9.89,-3.33
2008-11-01,2008,11,Nickel,Metals,($/mt),10702.0,-11.85,-43.46,-65.04,-11.46,-0.45
2008-12-01,2008,12,Nickel,Metals,($/mt),9686.0,-9.49,-45.57,-62.73,-31.61,-0.16
2009-01-01,2009,1,Nickel,Metals,($/mt),11307.0,16.74,-6.86,-59.17,-26.23,2.21
2009-02-01,2009,2,Nickel,Metals,($/mt),10409.0,-7.94,-2.74,-62.77,-31.27,-0.12
2009-03-01,2009,3,Nickel,Metals,($/mt),9696.0,-6.85,0.1,-68.95,-29.3,0.03
2009-04-01,2009,4,Nickel,Metals,($/mt),11166.0,15.16,-1.25,-61.18,-13.09,2.26
2009-05-01,2009,5,Nickel,Metals,($/mt),12635.0,13.16,21.39,-50.9,13.64,1.58
2009-06-01,2009,6,Nickel,Metals,($/mt),14960.0,18.4,54.29,-33.66,10.54,1.68
2009-07-01,2009,7,Nickel,Metals,($/mt),15985.0,6.85,43.16,-20.71,6.4,0.61
2009-08-01,2009,8,Nickel,Metals,($/mt),19642.0,22.88,55.46,3.77,43.58,1.58
2009-09-01,2009,9,Nickel,Metals,($/mt),17473.0,-11.04,16.8,-1.81,31.66,-0.77
2009-10-01,2009,10,Nickel,Metals,($/mt),18525.0,6.02,15.89,52.59,28.61,0.29
2009-11-01,2009,11,Nickel,Metals,($/mt),16991.0,-8.28,-13.5,58.76,20.98,-0.97
2009-12-01,2009,12,Nickel,Metals,($/mt),17066.0,0.44,-2.33,76.19,23.95,-0.33
2010-01-01,2010,1,Nickel,Metals,($/mt),18439.0,8.05,-0.46,63.08,27.12,0.22
2010-02-01,2010,2,Nickel,Metals,($/mt),18976.0,2.91,11.68,82.3,23.62,-0.16
2010-03-01,2010,3,Nickel,Metals,($/mt),22461.0,18.37,31.61,131.65,38.73,1.18
2010-04-01,2010,4,Nickel,Metals,($/mt),26031.0,15.89,41.17,133.13,61.26,0.77
2010-05-01,2010,5,Nickel,Metals,($/mt),22008.0,-15.45,15.98,74.18,29.98,-2.19
2010-06-01,2010,6,Nickel,Metals,($/mt),19389.0,-11.9,-13.68,29.61,19.98,-1.4
2010-07-01,2010,7,Nickel,Metals,($/mt),19518.0,0.67,-25.02,22.1,33.86,-0.18
2010-08-01,2010,8,Nickel,Metals,($/mt),21413.0,9.71,-2.7,9.02,43.78,0.59
2010-09-01,2010,9,Nickel,Metals,($/mt),22643.0,5.74,16.78,29.59,59.14,0.4
2010-10-01,2010,10,Nickel,Metals,($/mt),23807.0,5.14,21.97,28.51,91.95,0.24
2010-11-01,2010,11,Nickel,Metals,($/mt),22909.0,-3.77,6.99,34.83,89.08,-0.61
2010-12-01,2010,12,Nickel,Metals,($/mt),24111.0,5.25,6.48,41.28,79.54,0.23
2011-01-01,2011,1,Nickel,Metals,($/mt),25646.0,6.37,7.72,39.09,76.2,0.3
2011-02-01,2011,2,Nickel,Metals,($/mt),28252.0,10.16,23.32,48.88,88.61,0.7
2011-03-01,2011,3,Nickel,Metals,($/mt),26710.0,-5.46,10.78,18.92,79.3,-0.92
2011-04-01,2011,4,Nickel,Metals,($/mt),26408.0,-1.13,2.97,1.45,47.19,-0.32
2011-05-01,2011,5,Nickel,Metals,($/mt),24237.0,-8.22,-14.21,10.13,14.99,-1.05
2011-06-01,2011,6,Nickel,Metals,($/mt),22421.0,-7.49,-16.06,15.64,8.03,-1.19
2011-07-01,2011,7,Nickel,Metals,($/mt),23848.0,6.36,-9.69,22.18,-10.3,0.76
2011-08-01,2011,8,Nickel,Metals,($/mt),21845.0,-8.4,-9.87,2.02,-28.95,-1.54
2011-09-01,2011,9,Nickel,Metals,($/mt),20378.0,-6.72,-9.11,-10.0,-32.37,-1.04
2011-10-01,2011,10,Nickel,Metals,($/mt),19039.0,-6.57,-20.17,-20.03,-41.78,-0.86
2011-11-01,2011,11,Nickel,Metals,($/mt),17873.0,-6.12,-18.18,-21.98,-44.35,-0.66
2011-12-01,2011,12,Nickel,Metals,($/mt),18267.0,2.2,-10.36,-24.24,-47.16,0.59
2012-01-01,2012,1,Nickel,Metals,($/mt),19855.0,8.69,4.29,-22.58,-46.06,1.62
2012-02-01,2012,2,Nickel,Metals,($/mt),20394.0,2.71,14.11,-27.81,-50.48,0.66
2012-03-01,2012,3,Nickel,Metals,($/mt),18661.0,-8.5,2.16,-30.13,-59.72,-0.99
2012-04-01,2012,4,Nickel,Metals,($/mt),17940.0,-3.86,-9.64,-32.07,-64.31,-0.18
2012-05-01,2012,5,Nickel,Metals,($/mt),17068.0,-4.86,-16.31,-29.58,-67.29,-0.3
2012-06-01,2012,6,Nickel,Metals,($/mt),16549.0,-3.04,-11.32,-26.19,-60.33,-0.05
2012-07-01,2012,7,Nickel,Metals,($/mt),16128.0,-2.54,-10.1,-32.37,-51.75,-0.03
2012-08-01,2012,8,Nickel,Metals,($/mt),15735.0,-2.44,-7.81,-27.97,-43.1,0.12
2012-09-01,2012,9,Nickel,Metals,($/mt),17288.0,9.87,4.47,-15.16,-41.47,2.53
2012-10-01,2012,10,Nickel,Metals,($/mt),17169.0,-0.69,6.45,-9.82,-44.71,0.09
2012-11-01,2012,11,Nickel,Metals,($/mt),16335.0,-4.86,3.81,-8.61,-46.64,-0.74
2012-12-01,2012,12,Nickel,Metals,($/mt),17449.0,6.82,0.93,-4.48,-32.87,1.34
2013-01-01,2013,1,Nickel,Metals,($/mt),17473.0,0.14,1.77,-12.0,-36.9,0.06
2013-02-01,2013,2,Nickel,Metals,($/mt),17690.0,1.24,8.3,-13.26,-36.72,0.42
2013-03-01,2013,3,Nickel,Metals,($/mt),16725.0,-5.46,-4.15,-10.37,-46.44,-0.86
2013-04-01,2013,4,Nickel,Metals,($/mt),15673.0,-6.29,-10.3,-12.64,-45.51,-1.15
2013-05-01,2013,5,Nickel,Metals,($/mt),14948.0,-4.63,-15.5,-12.42,-41.92,-0.73
2013-06-01,2013,6,Nickel,Metals,($/mt),14280.0,-4.47,-14.62,-13.71,-36.67,-0.7
2013-07-01,2013,7,Nickel,Metals,($/mt),13750.0,-3.71,-12.27,-14.74,-31.8,-0.52
2013-08-01,2013,8,Nickel,Metals,($/mt),14315.0,4.11,-4.23,-9.02,-24.37,1.05
2013-09-01,2013,9,Nickel,Metals,($/mt),13801.0,-3.59,-3.35,-20.17,-22.44,-0.56
2013-10-01,2013,10,Nickel,Metals,($/mt),14118.0,2.3,2.68,-17.77,16.29,0.99
2013-11-01,2013,11,Nickel,Metals,($/mt),13684.0,-3.07,-4.41,-16.23,27.86,-0.36
2013-12-01,2013,12,Nickel,Metals,($/mt),13925.0,1.76,0.9,-20.2,43.76,0.75
2014-01-01,2014,1,Nickel,Metals,($/mt),14101.0,1.26,-0.12,-19.3,24.71,0.88
2014-02-01,2014,2,Nickel,Metals,($/mt),14204.0,0.73,3.8,-19.71,36.46,0.68
2014-03-01,2014,3,Nickel,Metals,($/mt),15678.0,10.38,12.59,-6.26,61.7,3.43
2014-04-01,2014,4,Nickel,Metals,($/mt),17374.0,10.82,23.21,10.85,55.6,2.36
2014-05-01,2014,5,Nickel,Metals,($/mt),19401.0,11.67,36.59,29.79,53.55,1.99
2014-06-01,2014,6,Nickel,Metals,($/mt),18629.0,-3.98,18.82,30.46,24.53,-1.08
2014-07-01,2014,7,Nickel,Metals,($/mt),19118.0,2.62,10.04,39.04,19.6,0.04
2014-08-01,2014,8,Nickel,Metals,($/mt),18600.0,-2.71,-4.13,29.93,-5.3,-1.03
2014-09-01,2014,9,Nickel,Metals,($/mt),18035.0,-3.04,-3.19,30.68,3.22,-0.94
2014-10-01,2014,10,Nickel,Metals,($/mt),15812.0,-12.33,-17.29,12.0,-14.65,-2.61
2014-11-01,2014,11,Nickel,Metals,($/mt),15807.0,-0.03,-15.02,15.51,-6.97,-0.17
2014-12-01,2014,12,Nickel,Metals,($/mt),15962.0,0.98,-11.49,14.63,-6.47,-0.06
2015-01-01,2015,1,Nickel,Metals,($/mt),14849.0,-6.97,-6.09,5.3,-19.47,-1.2
2015-02-01,2015,2,Nickel,Metals,($/mt),14574.0,-1.85,-7.8,2.6,-23.2,-0.34
2015-03-01,2015,3,Nickel,Metals,($/mt),13756.0,-5.61,-13.82,-12.26,-38.76,-0.82
2015-04-01,2015,4,Nickel,Metals,($/mt),12831.0,-6.72,-13.59,-26.15,-50.71,-0.85
2015-05-01,2015,5,Nickel,Metals,($/mt),13511.0,5.3,-7.29,-30.36,-38.61,1.28
2015-06-01,2015,6,Nickel,Metals,($/mt),12825.0,-5.08,-6.77,-31.16,-33.85,-0.46
2015-07-01,2015,7,Nickel,Metals,($/mt),11413.0,-11.01,-11.05,-40.3,-41.53,-1.68
2015-08-01,2015,8,Nickel,Metals,($/mt),10386.0,-9.0,-23.13,-44.16,-51.5,-0.99
2015-09-01,2015,9,Nickel,Metals,($/mt),9938.0,-4.31,-22.51,-44.9,-56.11,0.06
2015-10-01,2015,10,Nickel,Metals,($/mt),10317.0,3.81,-9.6,-34.75,-56.66,1.66
2015-11-01,2015,11,Nickel,Metals,($/mt),9244.0,-10.4,-11.0,-41.52,-59.65,-1.39
2015-12-01,2015,12,Nickel,Metals,($/mt),8708.0,-5.8,-12.38,-45.45,-63.88,-0.29
2016-01-01,2016,1,Nickel,Metals,($/mt),8507.0,-2.31,-17.54,-42.71,-66.83,0.49
2016-02-01,2016,2,Nickel,Metals,($/mt),8299.0,-2.45,-10.22,-43.06,-70.63,0.39
2016-03-01,2016,3,Nickel,Metals,($/mt),8717.0,5.04,0.1,-36.63,-67.36,1.88
2016-04-01,2016,4,Nickel,Metals,($/mt),8879.0,1.86,4.37,-30.8,-66.38,0.95
2016-05-01,2016,5,Nickel,Metals,($/mt),8660.0,-2.47,4.35,-35.9,-64.27,0.07
2016-06-01,2016,6,Nickel,Metals,($/mt),8928.0,3.09,2.42,-30.39,-60.18,1.26
2016-07-01,2016,7,Nickel,Metals,($/mt),10263.0,14.95,15.59,-10.08,-56.96,3.21
2016-08-01,2016,8,Nickel,Metals,($/mt),10336.0,0.71,19.35,-0.48,-52.68,0.2
2016-09-01,2016,9,Nickel,Metals,($/mt),10192.0,-1.39,14.16,2.56,-49.99,-0.24
2016-10-01,2016,10,Nickel,Metals,($/mt),10260.0,0.67,-0.03,-0.55,-46.11,0.04
2016-11-01,2016,11,Nickel,Metals,($/mt),11129.0,8.47,7.67,20.39,-37.73,1.34
2016-12-01,2016,12,Nickel,Metals,($/mt),10972.0,-1.41,7.65,26.0,-39.94,-0.55
2017-01-01,2017,1,Nickel,Metals,($/mt),9971.0,-9.12,-2.82,17.21,-49.78,-2.12
2017-02-01,2017,2,Nickel,Metals,($/mt),10643.0,6.74,-4.37,28.24,-47.81,0.86
2017-03-01,2017,3,Nickel,Metals,($/mt),10205.0,-4.12,-6.99,17.07,-45.31,-1.04
2017-04-01,2017,4,Nickel,Metals,($/mt),9609.0,-5.84,-3.63,8.22,-46.44,-1.16
2017-05-01,2017,5,Nickel,Metals,($/mt),9155.0,-4.72,-13.98,5.72,-46.36,-0.84
2017-06-01,2017,6,Nickel,Metals,($/mt),8932.0,-2.44,-12.47,0.04,-46.03,-0.46
2017-07-01,2017,7,Nickel,Metals,($/mt),9491.0,6.26,-1.23,-7.52,-41.15,0.89
2017-08-01,2017,8,Nickel,Metals,($/mt),10890.0,14.74,18.95,5.36,-30.79,2.83
2017-09-01,2017,9,Nickel,Metals,($/mt),11216.0,2.99,25.57,10.05,-35.12,0.34
2017-10-01,2017,10,Nickel,Metals,($/mt),11336.0,1.07,19.44,10.49,-33.97,0.01
2017-11-01,2017,11,Nickel,Metals,($/mt),11972.0,5.61,9.94,7.57,-26.71,0.65
2017-12-01,2017,12,Nickel,Metals,($/mt),11495.0,-3.98,2.49,4.77,-34.12,-0.71
2018-01-01,2018,1,Nickel,Metals,($/mt),12865.0,11.92,13.49,29.02,-26.37,1.65
2018-02-01,2018,2,Nickel,Metals,($/mt),13596.0,5.68,13.56,27.75,-23.14,0.49
2018-03-01,2018,3,Nickel,Metals,($/mt),13393.0,-1.49,16.51,31.24,-19.92,-0.55
2018-04-01,2018,4,Nickel,Metals,($/mt),13938.0,4.07,8.34,45.05,-11.07,0.24
2018-05-01,2018,5,Nickel,Metals,($/mt),14366.0,3.07,5.66,56.92,-3.89,-0.04
2018-06-01,2018,6,Nickel,Metals,($/mt),15106.0,5.15,12.79,69.12,5.78,0.22
2018-07-01,2018,7,Nickel,Metals,($/mt),13794.0,-8.69,-1.03,45.34,0.32,-2.59
2018-08-01,2018,8,Nickel,Metals,($/mt),13411.0,-2.78,-6.65,23.15,-6.32,-0.96
2018-09-01,2018,9,Nickel,Metals,($/mt),12510.0,-6.72,-17.19,11.54,-9.35,-1.58
2018-10-01,2018,10,Nickel,Metals,($/mt),12315.0,-1.56,-10.72,8.64,-12.77,-0.44
2018-11-01,2018,11,Nickel,Metals,($/mt),11240.0,-8.73,-16.19,-6.11,-17.86,-1.59
2018-12-01,2018,12,Nickel,Metals,($/mt),10835.0,-3.6,-13.39,-5.74,-22.19,-0.51
2019-01-01,2019,1,Nickel,Metals,($/mt),11523.0,6.35,-6.43,-10.43,-18.28,1.04
2019-02-01,2019,2,Nickel,Metals,($/mt),12685.0,10.08,12.86,-6.7,-10.69,1.95
2019-03-01,2019,3,Nickel,Metals,($/mt),13026.0,2.69,20.22,-2.74,-16.92,0.5
2019-04-01,2019,4,Nickel,Metals,($/mt),12773.0,-1.94,10.85,-8.36,-26.48,-0.3
2019-05-01,2019,5,Nickel,Metals,($/mt),12016.0,-5.93,-5.27,-16.36,-38.07,-0.88
2019-06-01,2019,6,Nickel,Metals,($/mt),11944.0,-0.6,-8.31,-20.93,-35.88,0.12
2019-07-01,2019,7,Nickel,Metals,($/mt),13546.0,13.41,6.05,-1.8,-29.15,2.62
2019-08-01,2019,8,Nickel,Metals,($/mt),15749.0,16.26,31.07,17.43,-15.33,2.37
2019-09-01,2019,9,Nickel,Metals,($/mt),17657.0,12.12,47.83,41.14,-2.1,1.28
2019-10-01,2019,10,Nickel,Metals,($/mt),17046.0,-3.46,25.84,38.42,7.8,-0.81
2019-11-01,2019,11,Nickel,Metals,($/mt),15172.0,-10.99,-3.66,34.98,-4.02,-1.68
2019-12-01,2019,12,Nickel,Metals,($/mt),13829.0,-8.85,-21.68,27.63,-13.36,-1.35
2020-01-01,2020,1,Nickel,Metals,($/mt),13507.0,-2.33,-20.76,17.22,-9.04,-0.52
2020-02-01,2020,2,Nickel,Metals,($/mt),12716.0,-5.86,-16.19,0.24,-12.75,-0.83
2020-03-01,2020,3,Nickel,Metals,($/mt),11846.0,-6.84,-14.34,-9.06,-13.88,-0.8
2020-04-01,2020,4,Nickel,Metals,($/mt),11804.0,-0.35,-12.61,-7.59,-8.0,0.01
2020-05-01,2020,5,Nickel,Metals,($/mt),12180.0,3.19,-4.22,1.36,-9.85,0.38
2020-06-01,2020,6,Nickel,Metals,($/mt),12727.0,4.49,7.44,6.56,-0.76,0.44
2020-07-01,2020,7,Nickel,Metals,($/mt),13402.0,5.3,13.54,-1.06,17.43,0.48
2020-08-01,2020,8,Nickel,Metals,($/mt),14538.0,8.48,19.36,-7.69,39.98,0.99
2020-09-01,2020,9,Nickel,Metals,($/mt),14857.0,2.19,16.74,-15.86,49.5,0.36
2020-10-01,2020,10,Nickel,Metals,($/mt),15239.0,2.57,13.71,-10.6,47.71,0.62
2020-11-01,2020,11,Nickel,Metals,($/mt),15808.0,3.73,8.74,4.19,71.01,0.72
2020-12-01,2020,12,Nickel,Metals,($/mt),16823.0,6.42,13.23,21.65,93.19,1.11
2021-01-01,2021,1,Nickel,Metals,($/mt),17863.0,6.18,17.22,32.25,109.98,0.94
2021-02-01,2021,2,Nickel,Metals,($/mt),18584.0,4.04,17.56,46.15,123.93,0.34
2021-03-01,2021,3,Nickel,Metals,($/mt),16407.0,-11.71,-2.47,38.5,88.22,-3.83
2021-04-01,2021,4,Nickel,Metals,($/mt),16521.0,0.69,-7.51,39.96,86.07,-0.43
2021-05-01,2021,5,Nickel,Metals,($/mt),17577.0,6.39,-5.42,44.31,102.97,0.67
2021-06-01,2021,6,Nickel,Metals,($/mt),17980.0,2.29,9.59,41.27,101.39,-0.18
2021-07-01,2021,7,Nickel,Metals,($/mt),18819.0,4.67,13.91,40.42,83.37,0.31
2021-08-01,2021,8,Nickel,Metals,($/mt),19141.0,1.71,8.9,31.66,85.19,-0.25
2021-09-01,2021,9,Nickel,Metals,($/mt),19377.0,1.23,7.77,30.42,90.12,-0.25
2021-10-01,2021,10,Nickel,Metals,($/mt),19362.0,-0.08,2.89,27.06,88.71,-0.5
2021-11-01,2021,11,Nickel,Metals,($/mt),19933.0,2.95,4.14,26.09,79.11,0.17
2021-12-01,2021,12,Nickel,Metals,($/mt),20016.0,0.42,3.3,18.98,82.43,-0.34
2022-01-01,2022,1,Nickel,Metals,($/mt),22355.0,11.69,15.46,25.15,124.2,2.15
2022-02-01,2022,2,Nickel,Metals,($/mt),24016.0,7.43,20.48,29.23,125.65,1.0
2022-03-01,2022,3,Nickel,Metals,($/mt),33924.0,41.26,69.48,106.77,232.43,6.94
2022-04-01,2022,4,Nickel,Metals,($/mt),33133.0,-2.33,48.21,100.55,244.81,-0.79
2022-05-01,2022,5,Nickel,Metals,($/mt),28063.0,-15.3,16.85,59.66,206.53,-1.88
2022-06-01,2022,6,Nickel,Metals,($/mt),25659.0,-8.57,-24.36,42.71,187.27,-1.0
2022-07-01,2022,7,Nickel,Metals,($/mt),21482.0,-16.28,-35.16,14.15,126.34,-1.46
2022-08-01,2022,8,Nickel,Metals,($/mt),22057.0,2.68,-21.4,15.23,102.54,0.04
2022-09-01,2022,9,Nickel,Metals,($/mt),22774.0,3.25,-11.24,17.53,103.05,0.08
2022-10-01,2022,10,Nickel,Metals,($/mt),22033.0,-3.25,2.56,13.8,94.36,-0.37
2022-11-01,2022,11,Nickel,Metals,($/mt),25563.0,16.02,15.9,28.24,113.52,0.94
2022-12-01,2022,12,Nickel,Metals,($/mt),28947.0,13.24,27.11,44.62,151.82,0.66
2023-01-01,2023,1,Nickel,Metals,($/mt),28195.0,-2.6,27.97,26.12,119.16,-0.43
2023-02-01,2023,2,Nickel,Metals,($/mt),26728.0,-5.2,4.56,11.29,96.59,-0.52
2023-03-01,2023,3,Nickel,Metals,($/mt),23289.0,-12.87,-19.55,-31.35,73.89,-0.94
2023-04-01,2023,4,Nickel,Metals,($/mt),23895.0,2.6,-15.25,-27.88,71.44,0.51
2023-05-01,2023,5,Nickel,Metals,($/mt),21970.0,-8.06,-17.8,-21.71,52.93,-0.57
2023-06-01,2023,6,Nickel,Metals,($/mt),21233.0,-3.35,-8.83,-17.25,40.56,-0.18
2023-07-01,2023,7,Nickel,Metals,($/mt),21091.0,-0.67,-11.73,-1.82,52.9,0.05
2023-08-01,2023,8,Nickel,Metals,($/mt),20439.0,-3.09,-6.97,-7.34,52.4,-0.39
2023-09-01,2023,9,Nickel,Metals,($/mt),19645.0,-3.88,-7.48,-13.74,57.03,-0.43
2023-10-01,2023,10,Nickel,Metals,($/mt),18281.0,-6.94,-13.32,-17.03,48.44,-0.73
2023-11-01,2023,11,Nickel,Metals,($/mt),17027.0,-6.86,-16.69,-33.39,51.49,-0.67
2023-12-01,2023,12,Nickel,Metals,($/mt),16461.0,-3.32,-16.21,-43.13,51.92,-0.03
2024-01-01,2024,1,Nickel,Metals,($/mt),16104.0,-2.17,-11.91,-42.88,39.76,0.6
2024-02-01,2024,2,Nickel,Metals,($/mt),16338.0,1.45,-4.05,-38.87,28.8,1.51
2024-03-01,2024,3,Nickel,Metals,($/mt),17439.0,6.74,5.94,-25.12,33.88,2.49
2024-04-01,2024,4,Nickel,Metals,($/mt),18164.0,4.16,12.79,-23.98,42.21,1.5
2024-05-01,2024,5,Nickel,Metals,($/mt),19587.0,7.83,19.89,-10.85,63.01,2.23
2024-06-01,2024,6,Nickel,Metals,($/mt),17498.0,-10.67,0.34,-17.59,46.5,-2.0
2024-07-01,2024,7,Nickel,Metals,($/mt),16335.0,-6.65,-10.07,-22.55,20.59,-0.92
2024-08-01,2024,8,Nickel,Metals,($/mt),16292.0,-0.26,-16.82,-20.29,3.45,0.29
2024-09-01,2024,9,Nickel,Metals,($/mt),16077.0,-1.32,-8.12,-18.16,-8.95,0.07
2024-10-01,2024,10,Nickel,Metals,($/mt),16766.0,4.29,2.64,-8.29,-1.64,1.0
2024-11-01,2024,11,Nickel,Metals,($/mt),15723.0,-6.22,-3.49,-7.66,3.63,-0.98
2024-12-01,2024,12,Nickel,Metals,($/mt),15445.0,-1.77,-3.93,-6.17,11.69,-0.22
2025-01-01,2025,1,Nickel,Metals,($/mt),15394.0,-0.33,-8.18,-4.41,13.97,0.01
2025-02-01,2025,2,Nickel,Metals,($/mt),15288.0,-0.69,-2.77,-6.43,20.23,-0.08
2025-03-01,2025,3,Nickel,Metals,($/mt),16066.0,5.09,4.02,-7.87,35.62,0.98
2025-04-01,2025,4,Nickel,Metals,($/mt),15113.0,-5.93,-1.83,-16.8,28.03,-1.0
2025-05-01,2025,5,Nickel,Metals,($/mt),15346.0,1.54,0.38,-21.65,25.99,0.54
2025-06-01,2025,6,Nickel,Metals,($/mt),15003.0,-2.24,-6.62,-14.26,17.88,-0.07
2025-07-01,2025,7,Nickel,Metals,($/mt),15034.0,0.21,-0.52,-7.96,12.18,0.37
2025-08-01,2025,8,Nickel,Metals,($/mt),14949.0,-0.57,-2.59,-8.24,2.83,0.02
2025-09-01,2025,9,Nickel,Metals,($/mt),15106.0,1.05,0.69,-6.04,1.68,0.51
2025-10-01,2025,10,Nickel,Metals,($/mt),15092.0,-0.09,0.39,-9.98,-0.96,0.11
2025-11-01,2025,11,Nickel,Metals,($/mt),14671.0,-2.79,-1.86,-6.69,-7.19,-0.64
2025-12-01,2025,12,Nickel,Metals,($/mt),14884.0,1.45,-1.47,-3.63,-11.53,0.75
2026-01-01,2026,1,Nickel,Metals,($/mt),17769.0,19.38,17.74,15.43,-0.53,7.31
2026-02-01,2026,2,Nickel,Metals,($/mt),17173.0,-3.35,17.05,12.33,-7.59,-0.75
2026-03-01,2026,3,Nickel,Metals,($/mt),17076.0,-0.56,14.73,6.29,4.08,-0.27
2026-04-01,2026,4,Nickel,Metals,($/mt),17962.0,5.19,1.09,18.85,8.72,0.72
2026-05-01,2026,5,Nickel,Metals,($/mt),18806.0,4.7,9.51,22.55,6.99,0.51
2026-06-01,2026,6,Nickel,Metals,($/mt),17588.0,-6.48,3.0,17.23,-2.18,-1.36
2026-07-01,2026,7,Nickel,Metals,($/mt),16651.0,-5.33,-7.3,10.76,-11.52,-1.06
2026-08-01,2026,8,Nickel,Metals,($/mt),16751.0,0.6,-10.93,12.05,-12.49,-0.07
2026-09-01,2026,9,Nickel,Metals,($/mt),16324.0,-2.55,-7.19,8.06,-15.76,-0.55
1960-01-01,1960,1,Orange,Other Food,($/kg),0.12,,,,,
1960-02-01,1960,2,Orange,Other Food,($/kg),0.11,-8.33,,,,
1960-03-01,1960,3,Orange,Other Food,($/kg),0.13,18.18,,,,
1960-04-01,1960,4,Orange,Other Food,($/kg),0.14,7.69,16.67,,,
1960-05-01,1960,5,Orange,Other Food,($/kg),0.14,0.0,27.27,,,
1960-06-01,1960,6,Orange,Other Food,($/kg),0.14,0.0,7.69,,,
1960-07-01,1960,7,Orange,Other Food,($/kg),0.13,-7.14,-7.14,,,
1960-08-01,1960,8,Orange,Other Food,($/kg),0.13,0.0,-7.14,,,-0.17
1960-09-01,1960,9,Orange,Other Food,($/kg),0.13,0.0,-7.14,,,-0.16
1960-10-01,1960,10,Orange,Other Food,($/kg),0.13,0.0,0.0,,,-0.15
1960-11-01,1960,11,Orange,Other Food,($/kg),0.15,15.38,15.38,,,1.8
1960-12-01,1960,12,Orange,Other Food,($/kg),0.12,-20.0,-7.69,,,-2.6
1961-01-01,1961,1,Orange,Other Food,($/kg),0.11,-8.33,-15.38,-8.33,,-0.83
1961-02-01,1961,2,Orange,Other Food,($/kg),0.11,0.0,-26.67,0.0,,0.02
1961-03-01,1961,3,Orange,Other Food,($/kg),0.12,9.09,0.0,-7.69,,0.84
1961-04-01,1961,4,Orange,Other Food,($/kg),0.13,8.33,18.18,-7.14,,0.95
1961-05-01,1961,5,Orange,Other Food,($/kg),0.13,0.0,18.18,-7.14,,0.02
1961-06-01,1961,6,Orange,Other Food,($/kg),0.19,46.15,58.33,35.71,,5.1
1961-07-01,1961,7,Orange,Other Food,($/kg),0.13,-31.58,0.0,0.0,,-2.17
1961-08-01,1961,8,Orange,Other Food,($/kg),0.13,0.0,0.0,0.0,,-0.08
1961-09-01,1961,9,Orange,Other Food,($/kg),0.13,0.0,-31.58,0.0,,-0.08
1961-10-01,1961,10,Orange,Other Food,($/kg),0.13,0.0,0.0,0.0,,-0.08
1961-11-01,1961,11,Orange,Other Food,($/kg),0.16,23.08,23.08,6.67,,1.13
1961-12-01,1961,12,Orange,Other Food,($/kg),0.11,-31.25,-15.38,-8.33,,-1.71
1962-01-01,1962,1,Orange,Other Food,($/kg),0.1,-9.09,-23.08,-9.09,,-0.5
1962-02-01,1962,2,Orange,Other Food,($/kg),0.1,0.0,-37.5,-9.09,,-0.06
1962-03-01,1962,3,Orange,Other Food,($/kg),0.11,10.0,0.0,-8.33,,0.42
1962-04-01,1962,4,Orange,Other Food,($/kg),0.1,-9.09,0.0,-23.08,,-0.49
1962-05-01,1962,5,Orange,Other Food,($/kg),0.1,0.0,0.0,-23.08,,0.01
1962-06-01,1962,6,Orange,Other Food,($/kg),0.1,0.0,-9.09,-47.37,,0.01
1962-07-01,1962,7,Orange,Other Food,($/kg),0.11,10.0,10.0,-15.38,,0.91
1962-08-01,1962,8,Orange,Other Food,($/kg),0.11,0.0,10.0,-15.38,,0.04
1962-09-01,1962,9,Orange,Other Food,($/kg),0.11,0.0,10.0,-15.38,,0.04
1962-10-01,1962,10,Orange,Other Food,($/kg),0.11,0.0,0.0,-15.38,,0.04
1962-11-01,1962,11,Orange,Other Food,($/kg),0.14,27.27,27.27,-12.5,,2.13
1962-12-01,1962,12,Orange,Other Food,($/kg),0.1,-28.57,-9.09,-9.09,,-2.06
1963-01-01,1963,1,Orange,Other Food,($/kg),0.08,-20.0,-27.27,-20.0,,-1.51
1963-02-01,1963,2,Orange,Other Food,($/kg),0.08,0.0,-42.86,-20.0,,0.06
1963-03-01,1963,3,Orange,Other Food,($/kg),0.08,0.0,-20.0,-27.27,,0.06
1963-04-01,1963,4,Orange,Other Food,($/kg),0.1,25.0,25.0,0.0,,1.93
1963-05-01,1963,5,Orange,Other Food,($/kg),0.11,10.0,37.5,10.0,,0.57
1963-06-01,1963,6,Orange,Other Food,($/kg),0.12,9.09,50.0,20.0,,0.45
1963-07-01,1963,7,Orange,Other Food,($/kg),0.09,-25.0,-10.0,-18.18,,-1.75
1963-08-01,1963,8,Orange,Other Food,($/kg),0.09,0.0,-18.18,-18.18,,0.01
1963-09-01,1963,9,Orange,Other Food,($/kg),0.09,0.0,-25.0,-18.18,,0.01
1963-10-01,1963,10,Orange,Other Food,($/kg),0.09,0.0,0.0,-18.18,,0.01
1963-11-01,1963,11,Orange,Other Food,($/kg),0.09,0.0,0.0,-35.71,,0.01
1963-12-01,1963,12,Orange,Other Food,($/kg),0.08,-11.11,-11.11,-20.0,,-0.57
1964-01-01,1964,1,Orange,Other Food,($/kg),0.08,0.0,-11.11,0.0,,0.08
1964-02-01,1964,2,Orange,Other Food,($/kg),0.08,0.0,-11.11,0.0,,-0.06
1964-03-01,1964,3,Orange,Other Food,($/kg),0.09,12.5,12.5,12.5,,1.0
1964-04-01,1964,4,Orange,Other Food,($/kg),0.09,0.0,12.5,-10.0,,-0.14
1964-05-01,1964,5,Orange,Other Food,($/kg),0.08,-11.11,0.0,-27.27,,-1.08
1964-06-01,1964,6,Orange,Other Food,($/kg),0.09,12.5,0.0,-25.0,,1.49
1964-07-01,1964,7,Orange,Other Food,($/kg),0.08,-11.11,-11.11,-11.11,,-0.91
1964-08-01,1964,8,Orange,Other Food,($/kg),0.08,0.0,0.0,-11.11,,0.09
1964-09-01,1964,9,Orange,Other Food,($/kg),0.08,0.0,-11.11,-11.11,,0.09
1964-10-01,1964,10,Orange,Other Food,($/kg),0.08,0.0,0.0,-11.11,,0.09
1964-11-01,1964,11,Orange,Other Food,($/kg),0.08,0.0,0.0,-11.11,,0.09
1964-12-01,1964,12,Orange,Other Food,($/kg),0.09,12.5,12.5,12.5,,1.68
1965-01-01,1965,1,Orange,Other Food,($/kg),0.08,-11.11,0.0,0.0,-33.33,-1.56
1965-02-01,1965,2,Orange,Other Food,($/kg),0.08,0.0,0.0,0.0,-27.27,-0.04
1965-03-01,1965,3,Orange,Other Food,($/kg),0.08,0.0,-11.11,-11.11,-38.46,-0.04
1965-04-01,1965,4,Orange,Other Food,($/kg),0.09,12.5,12.5,0.0,-35.71,1.68
1965-05-01,1965,5,Orange,Other Food,($/kg),0.15,66.67,87.5,87.5,7.14,7.6
1965-06-01,1965,6,Orange,Other Food,($/kg),0.11,-26.67,37.5,22.22,-21.43,-1.64
1965-07-01,1965,7,Orange,Other Food,($/kg),0.1,-9.09,11.11,25.0,-23.08,-0.56
1965-08-01,1965,8,Orange,Other Food,($/kg),0.1,0.0,-33.33,25.0,-23.08,-0.17
1965-09-01,1965,9,Orange,Other Food,($/kg),0.1,0.0,-9.09,25.0,-23.08,-0.17
1965-10-01,1965,10,Orange,Other Food,($/kg),0.1,0.0,0.0,25.0,-23.08,-0.17
1965-11-01,1965,11,Orange,Other Food,($/kg),0.1,0.0,0.0,25.0,-33.33,-0.17
1965-12-01,1965,12,Orange,Other Food,($/kg),0.09,-10.0,-10.0,0.0,-25.0,-0.61
1966-01-01,1966,1,Orange,Other Food,($/kg),0.09,0.0,-10.0,12.5,-18.18,-0.08
1966-02-01,1966,2,Orange,Other Food,($/kg),0.07,-22.22,-30.0,-12.5,-36.36,-1.13
1966-03-01,1966,3,Orange,Other Food,($/kg),0.09,28.57,0.0,12.5,-25.0,1.19
1966-04-01,1966,4,Orange,Other Food,($/kg),0.09,0.0,0.0,0.0,-30.77,-0.13
1966-05-01,1966,5,Orange,Other Food,($/kg),0.09,0.0,28.57,-40.0,-30.77,-0.09
1966-06-01,1966,6,Orange,Other Food,($/kg),0.08,-11.11,-11.11,-27.27,-57.89,-0.57
1966-07-01,1966,7,Orange,Other Food,($/kg),0.08,0.0,-11.11,-20.0,-38.46,0.17
1966-08-01,1966,8,Orange,Other Food,($/kg),0.08,0.0,-11.11,-20.0,-38.46,0.1
1966-09-01,1966,9,Orange,Other Food,($/kg),0.08,0.0,0.0,-20.0,-38.46,0.1
1966-10-01,1966,10,Orange,Other Food,($/kg),0.08,0.0,0.0,-20.0,-38.46,0.1
1966-11-01,1966,11,Orange,Other Food,($/kg),0.08,0.0,0.0,-20.0,-50.0,0.1
1966-12-01,1966,12,Orange,Other Food,($/kg),0.08,0.0,0.0,-11.11,-27.27,0.1
1967-01-01,1967,1,Orange,Other Food,($/kg),0.18,125.0,125.0,100.0,80.0,10.99
1967-02-01,1967,2,Orange,Other Food,($/kg),0.15,-16.67,87.5,114.29,50.0,-0.7
1967-03-01,1967,3,Orange,Other Food,($/kg),0.16,6.67,100.0,77.78,45.45,-0.1
1967-04-01,1967,4,Orange,Other Food,($/kg),0.16,0.0,-11.11,77.78,60.0,-0.23
1967-05-01,1967,5,Orange,Other Food,($/kg),0.15,-6.25,0.0,66.67,50.0,-0.4
1967-06-01,1967,6,Orange,Other Food,($/kg),0.16,6.67,0.0,100.0,60.0,-0.04
1967-07-01,1967,7,Orange,Other Food,($/kg),0.16,0.0,0.0,100.0,45.45,-0.26
1967-08-01,1967,8,Orange,Other Food,($/kg),0.16,0.0,6.67,100.0,45.45,-0.26
1967-09-01,1967,9,Orange,Other Food,($/kg),0.16,0.0,0.0,100.0,45.45,-0.26
1967-10-01,1967,10,Orange,Other Food,($/kg),0.16,0.0,0.0,100.0,45.45,-0.26
1967-11-01,1967,11,Orange,Other Food,($/kg),0.16,0.0,0.0,100.0,14.29,-0.26
1967-12-01,1967,12,Orange,Other Food,($/kg),0.17,6.25,6.25,112.5,70.0,-0.09
1968-01-01,1968,1,Orange,Other Food,($/kg),0.16,-5.88,0.0,-11.11,100.0,-0.44
1968-02-01,1968,2,Orange,Other Food,($/kg),0.17,6.25,6.25,13.33,112.5,1.07
1968-03-01,1968,3,Orange,Other Food,($/kg),0.18,5.88,5.88,12.5,125.0,1.05
1968-04-01,1968,4,Orange,Other Food,($/kg),0.18,0.0,12.5,12.5,80.0,-0.24
1968-05-01,1968,5,Orange,Other Food,($/kg),0.19,5.56,11.76,26.67,72.73,1.01
1968-06-01,1968,6,Orange,Other Food,($/kg),0.16,-15.79,-11.11,0.0,33.33,-4.52
1968-07-01,1968,7,Orange,Other Food,($/kg),0.16,0.0,-11.11,0.0,77.78,-0.03
1968-08-01,1968,8,Orange,Other Food,($/kg),0.16,0.0,-15.79,0.0,77.78,-0.03
1968-09-01,1968,9,Orange,Other Food,($/kg),0.16,0.0,0.0,0.0,77.78,-0.03
1968-10-01,1968,10,Orange,Other Food,($/kg),0.16,0.0,0.0,0.0,77.78,-0.03
1968-11-01,1968,11,Orange,Other Food,($/kg),0.16,0.0,0.0,0.0,77.78,-0.03
1968-12-01,1968,12,Orange,Other Food,($/kg),0.18,12.5,12.5,5.88,125.0,1.98
1969-01-01,1969,1,Orange,Other Food,($/kg),0.15,-16.67,-6.25,-6.25,87.5,-2.48
1969-02-01,1969,2,Orange,Other Food,($/kg),0.15,0.0,-6.25,-11.76,87.5,0.02
1969-03-01,1969,3,Orange,Other Food,($/kg),0.17,13.33,-5.56,-5.56,88.89,1.71
1969-04-01,1969,4,Orange,Other Food,($/kg),0.18,5.88,20.0,0.0,100.0,0.66
1969-05-01,1969,5,Orange,Other Food,($/kg),0.18,0.0,20.0,-5.26,125.0,-0.04
1969-06-01,1969,6,Orange,Other Food,($/kg),0.18,0.0,5.88,12.5,100.0,0.01
1969-07-01,1969,7,Orange,Other Food,($/kg),0.18,0.0,0.0,12.5,125.0,-0.17
1969-08-01,1969,8,Orange,Other Food,($/kg),0.18,0.0,0.0,12.5,125.0,-0.17
1969-09-01,1969,9,Orange,Other Food,($/kg),0.18,0.0,0.0,12.5,125.0,-0.17
1969-10-01,1969,10,Orange,Other Food,($/kg),0.18,0.0,0.0,12.5,125.0,-0.17
1969-11-01,1969,11,Orange,Other Food,($/kg),0.18,0.0,0.0,12.5,125.0,-0.17
1969-12-01,1969,12,Orange,Other Food,($/kg),0.16,-11.11,-11.11,-11.11,77.78,-1.64
1970-01-01,1970,1,Orange,Other Food,($/kg),0.17,6.25,-5.56,13.33,112.5,0.94
1970-02-01,1970,2,Orange,Other Food,($/kg),0.17,0.0,-5.56,13.33,112.5,-0.21
1970-03-01,1970,3,Orange,Other Food,($/kg),0.16,-5.88,0.0,-5.88,100.0,-1.24
1970-04-01,1970,4,Orange,Other Food,($/kg),0.16,0.0,-5.88,-11.11,77.78,0.09
1970-05-01,1970,5,Orange,Other Food,($/kg),0.16,0.0,-5.88,-11.11,6.67,0.22
1970-06-01,1970,6,Orange,Other Food,($/kg),0.16,0.0,0.0,-11.11,45.45,0.22
1970-07-01,1970,7,Orange,Other Food,($/kg),0.17,6.25,6.25,-5.56,70.0,1.73
1970-08-01,1970,8,Orange,Other Food,($/kg),0.17,0.0,6.25,-5.56,70.0,0.08
1970-09-01,1970,9,Orange,Other Food,($/kg),0.17,0.0,6.25,-5.56,70.0,0.08
1970-10-01,1970,10,Orange,Other Food,($/kg),0.17,0.0,0.0,-5.56,70.0,0.08
1970-11-01,1970,11,Orange,Other Food,($/kg),0.17,0.0,0.0,-5.56,70.0,0.08
1970-12-01,1970,12,Orange,Other Food,($/kg),0.19,11.76,11.76,18.75,111.11,2.63
1971-01-01,1971,1,Orange,Other Food,($/kg),0.13,-31.58,-23.53,-23.53,44.44,-7.35
1971-02-01,1971,2,Orange,Other Food,($/kg),0.15,15.38,-11.76,-11.76,114.29,1.64
1971-03-01,1971,3,Orange,Other Food,($/kg),0.15,0.0,-21.05,-6.25,66.67,0.03
1971-04-01,1971,4,Orange,Other Food,($/kg),0.17,13.33,30.77,6.25,88.89,1.16
1971-05-01,1971,5,Orange,Other Food,($/kg),0.15,-11.76,0.0,-6.25,66.67,-1.09
1971-06-01,1971,6,Orange,Other Food,($/kg),0.15,0.0,0.0,-6.25,87.5,-0.02
1971-07-01,1971,7,Orange,Other Food,($/kg),0.15,0.0,-11.76,-11.76,87.5,-0.02
1971-08-01,1971,8,Orange,Other Food,($/kg),0.15,0.0,0.0,-11.76,87.5,0.02
1971-09-01,1971,9,Orange,Other Food,($/kg),0.15,0.0,0.0,-11.76,87.5,0.02
1971-10-01,1971,10,Orange,Other Food,($/kg),0.15,0.0,0.0,-11.76,87.5,0.02
1971-11-01,1971,11,Orange,Other Food,($/kg),0.15,0.0,0.0,-11.76,87.5,0.02
1971-12-01,1971,12,Orange,Other Food,($/kg),0.16,6.67,6.67,-15.79,100.0,0.56
1972-01-01,1972,1,Orange,Other Food,($/kg),0.19,18.75,26.67,46.15,5.56,1.62
1972-02-01,1972,2,Orange,Other Food,($/kg),0.19,0.0,26.67,26.67,26.67,-0.41
1972-03-01,1972,3,Orange,Other Food,($/kg),0.16,-15.79,0.0,6.67,0.0,-2.34
1972-04-01,1972,4,Orange,Other Food,($/kg),0.15,-6.25,-21.05,-11.76,-6.25,-0.77
1972-05-01,1972,5,Orange,Other Food,($/kg),0.13,-13.33,-31.58,-13.33,-13.33,-1.47
1972-06-01,1972,6,Orange,Other Food,($/kg),0.13,0.0,-18.75,-13.33,-18.75,0.09
1972-07-01,1972,7,Orange,Other Food,($/kg),0.13,0.0,-13.33,-13.33,-18.75,0.09
1972-08-01,1972,8,Orange,Other Food,($/kg),0.13,0.0,0.0,-13.33,-18.75,0.09
1972-09-01,1972,9,Orange,Other Food,($/kg),0.13,0.0,0.0,-13.33,-18.75,0.09
1972-10-01,1972,10,Orange,Other Food,($/kg),0.13,0.0,0.0,-13.33,-18.75,0.09
1972-11-01,1972,11,Orange,Other Food,($/kg),0.13,0.0,0.0,-13.33,-18.75,0.09
1972-12-01,1972,12,Orange,Other Food,($/kg),0.23,76.92,76.92,43.75,35.29,8.82
1973-01-01,1973,1,Orange,Other Food,($/kg),0.15,-34.78,15.38,-21.05,-6.25,-1.65
1973-02-01,1973,2,Orange,Other Food,($/kg),0.18,20.0,38.46,-5.26,5.88,0.74
1973-03-01,1973,3,Orange,Other Food,($/kg),0.18,0.0,-21.74,12.5,0.0,-0.08
1973-04-01,1973,4,Orange,Other Food,($/kg),0.15,-16.67,0.0,0.0,-16.67,-0.77
1973-05-01,1973,5,Orange,Other Food,($/kg),0.15,0.0,-16.67,15.38,-21.05,-0.1
1973-06-01,1973,6,Orange,Other Food,($/kg),0.15,0.0,-16.67,15.38,-6.25,-0.14
1973-07-01,1973,7,Orange,Other Food,($/kg),0.15,0.0,0.0,15.38,-6.25,-0.14
1973-08-01,1973,8,Orange,Other Food,($/kg),0.15,0.0,0.0,15.38,-6.25,-0.14
1973-09-01,1973,9,Orange,Other Food,($/kg),0.15,0.0,0.0,15.38,-6.25,-0.14
1973-10-01,1973,10,Orange,Other Food,($/kg),0.15,0.0,0.0,15.38,-6.25,-0.14
1973-11-01,1973,11,Orange,Other Food,($/kg),0.15,0.0,0.0,15.38,-6.25,-0.14
1973-12-01,1973,12,Orange,Other Food,($/kg),0.22,46.67,46.67,-4.35,22.22,1.63
1974-01-01,1974,1,Orange,Other Food,($/kg),0.14,-36.36,-6.67,-6.67,-6.67,-1.96
1974-02-01,1974,2,Orange,Other Food,($/kg),0.17,21.43,13.33,-5.56,13.33,1.04
1974-03-01,1974,3,Orange,Other Food,($/kg),0.17,0.0,-22.73,-5.56,0.0,-0.06
1974-04-01,1974,4,Orange,Other Food,($/kg),0.17,0.0,21.43,13.33,-5.56,-0.06
1974-05-01,1974,5,Orange,Other Food,($/kg),0.2,17.65,17.65,33.33,11.11,0.8
1974-06-01,1974,6,Orange,Other Food,($/kg),0.2,0.0,17.65,33.33,11.11,-0.21
1974-07-01,1974,7,Orange,Other Food,($/kg),0.2,0.0,17.65,33.33,11.11,-0.21
1974-08-01,1974,8,Orange,Other Food,($/kg),0.2,0.0,0.0,33.33,11.11,-0.21
1974-09-01,1974,9,Orange,Other Food,($/kg),0.2,0.0,0.0,33.33,11.11,-0.21
1974-10-01,1974,10,Orange,Other Food,($/kg),0.2,0.0,0.0,33.33,11.11,-0.21
1974-11-01,1974,11,Orange,Other Food,($/kg),0.2,0.0,0.0,33.33,11.11,-0.21
1974-12-01,1974,12,Orange,Other Food,($/kg),0.17,-15.0,-15.0,-22.73,6.25,-0.99
1975-01-01,1975,1,Orange,Other Food,($/kg),0.15,-11.76,-25.0,7.14,-11.76,-0.74
1975-02-01,1975,2,Orange,Other Food,($/kg),0.17,13.33,-15.0,0.0,0.0,1.22
1975-03-01,1975,3,Orange,Other Food,($/kg),0.19,11.76,11.76,11.76,18.75,1.3
1975-04-01,1975,4,Orange,Other Food,($/kg),0.27,42.11,80.0,58.82,68.75,4.34
1975-05-01,1975,5,Orange,Other Food,($/kg),0.27,0.0,58.82,35.0,68.75,-0.32
1975-06-01,1975,6,Orange,Other Food,($/kg),0.27,0.0,42.11,35.0,68.75,-0.23
1975-07-01,1975,7,Orange,Other Food,($/kg),0.27,0.0,0.0,35.0,58.82,-0.23
1975-08-01,1975,8,Orange,Other Food,($/kg),0.27,0.0,0.0,35.0,58.82,-0.23
1975-09-01,1975,9,Orange,Other Food,($/kg),0.27,0.0,0.0,35.0,58.82,-0.23
1975-10-01,1975,10,Orange,Other Food,($/kg),0.27,0.0,0.0,35.0,58.82,-0.23
1975-11-01,1975,11,Orange,Other Food,($/kg),0.14,-48.15,-48.15,-30.0,-17.65,-3.55
1975-12-01,1975,12,Orange,Other Food,($/kg),0.18,28.57,-33.33,5.88,-5.26,1.4
1976-01-01,1976,1,Orange,Other Food,($/kg),0.22,22.22,-18.52,46.67,69.23,0.88
1976-02-01,1976,2,Orange,Other Food,($/kg),0.22,0.0,57.14,29.41,46.67,-0.26
1976-03-01,1976,3,Orange,Other Food,($/kg),0.22,0.0,22.22,15.79,46.67,-0.22
1976-04-01,1976,4,Orange,Other Food,($/kg),0.22,0.0,0.0,-18.52,29.41,-0.17
1976-05-01,1976,5,Orange,Other Food,($/kg),0.22,0.0,0.0,-18.52,46.67,-0.01
1976-06-01,1976,6,Orange,Other Food,($/kg),0.22,0.0,0.0,-18.52,46.67,-0.01
1976-07-01,1976,7,Orange,Other Food,($/kg),0.22,0.0,0.0,-18.52,46.67,-0.01
1976-08-01,1976,8,Orange,Other Food,($/kg),0.22,0.0,0.0,-18.52,46.67,-0.01
1976-09-01,1976,9,Orange,Other Food,($/kg),0.22,0.0,0.0,-18.52,46.67,-0.01
1976-10-01,1976,10,Orange,Other Food,($/kg),0.22,0.0,0.0,-18.52,46.67,-0.01
1976-11-01,1976,11,Orange,Other Food,($/kg),0.22,0.0,0.0,57.14,46.67,-0.01
1976-12-01,1976,12,Orange,Other Food,($/kg),0.22,0.0,0.0,22.22,37.5,-0.42
1977-01-01,1977,1,Orange,Other Food,($/kg),0.25,13.64,13.64,13.64,31.58,1.84
1977-02-01,1977,2,Orange,Other Food,($/kg),0.25,0.0,13.64,13.64,31.58,-0.29
1977-03-01,1977,3,Orange,Other Food,($/kg),0.25,0.0,13.64,13.64,56.25,-0.29
1977-04-01,1977,4,Orange,Other Food,($/kg),0.25,0.0,0.0,13.64,66.67,-0.29
1977-05-01,1977,5,Orange,Other Food,($/kg),0.25,0.0,0.0,13.64,92.31,-0.29
1977-06-01,1977,6,Orange,Other Food,($/kg),0.25,0.0,0.0,13.64,92.31,-0.29
1977-07-01,1977,7,Orange,Other Food,($/kg),0.25,0.0,0.0,13.64,92.31,-0.29
1977-08-01,1977,8,Orange,Other Food,($/kg),0.25,0.0,0.0,13.64,92.31,-0.29
1977-09-01,1977,9,Orange,Other Food,($/kg),0.25,0.0,0.0,13.64,92.31,-0.29
1977-10-01,1977,10,Orange,Other Food,($/kg),0.25,0.0,0.0,13.64,92.31,-0.29
1977-11-01,1977,11,Orange,Other Food,($/kg),0.25,0.0,0.0,13.64,92.31,-0.29
1977-12-01,1977,12,Orange,Other Food,($/kg),0.25,0.0,0.0,13.64,8.7,-0.29
1978-01-01,1978,1,Orange,Other Food,($/kg),0.27,8.0,8.0,8.0,80.0,1.74
1978-02-01,1978,2,Orange,Other Food,($/kg),0.25,-7.41,0.0,0.0,38.89,-3.5
1978-03-01,1978,3,Orange,Other Food,($/kg),0.28,12.0,12.0,12.0,55.56,3.64
1978-04-01,1978,4,Orange,Other Food,($/kg),0.3,7.14,11.11,20.0,100.0,1.28
1978-05-01,1978,5,Orange,Other Food,($/kg),0.3,0.0,20.0,20.0,100.0,-0.33
1978-06-01,1978,6,Orange,Other Food,($/kg),0.31,3.33,10.71,24.0,106.67,0.33
1978-07-01,1978,7,Orange,Other Food,($/kg),0.31,0.0,3.33,24.0,106.67,-0.38
1978-08-01,1978,8,Orange,Other Food,($/kg),0.31,0.0,3.33,24.0,106.67,-0.38
1978-09-01,1978,9,Orange,Other Food,($/kg),0.31,0.0,0.0,24.0,106.67,-0.38
1978-10-01,1978,10,Orange,Other Food,($/kg),0.31,0.0,0.0,24.0,106.67,-0.38
1978-11-01,1978,11,Orange,Other Food,($/kg),0.32,3.23,3.23,28.0,113.33,0.26
1978-12-01,1978,12,Orange,Other Food,($/kg),0.34,6.25,9.68,36.0,54.55,0.81
1979-01-01,1979,1,Orange,Other Food,($/kg),0.33,-2.94,6.45,22.22,135.71,-1.11
1979-02-01,1979,2,Orange,Other Food,($/kg),0.28,-15.15,-12.5,12.0,64.71,-3.36
1979-03-01,1979,3,Orange,Other Food,($/kg),0.31,10.71,-8.82,10.71,82.35,1.45
1979-04-01,1979,4,Orange,Other Food,($/kg),0.37,19.35,12.12,23.33,117.65,2.86
1979-05-01,1979,5,Orange,Other Food,($/kg),0.41,10.81,46.43,36.67,105.0,1.07
1979-06-01,1979,6,Orange,Other Food,($/kg),0.49,19.51,58.06,58.06,145.0,1.94
1979-07-01,1979,7,Orange,Other Food,($/kg),0.52,6.12,40.54,67.74,160.0,0.18
1979-08-01,1979,8,Orange,Other Food,($/kg),0.48,-7.69,17.07,54.84,140.0,-1.29
1979-09-01,1979,9,Orange,Other Food,($/kg),0.44,-8.33,-10.2,41.94,120.0,-1.22
1979-10-01,1979,10,Orange,Other Food,($/kg),0.45,2.27,-13.46,45.16,125.0,-0.11
1979-11-01,1979,11,Orange,Other Food,($/kg),0.36,-20.0,-25.0,12.5,80.0,-2.19
1979-12-01,1979,12,Orange,Other Food,($/kg),0.35,-2.78,-20.45,2.94,105.88,-0.35
1980-01-01,1980,1,Orange,Other Food,($/kg),0.35,0.0,-22.22,6.06,133.33,-0.08
1980-02-01,1980,2,Orange,Other Food,($/kg),0.35,0.0,-2.78,25.0,105.88,-0.1
1980-03-01,1980,3,Orange,Other Food,($/kg),0.34,-2.86,-2.86,9.68,78.95,-0.46
1980-04-01,1980,4,Orange,Other Food,($/kg),0.38,11.76,8.57,2.7,40.74,0.91
1980-05-01,1980,5,Orange,Other Food,($/kg),0.44,15.79,25.71,7.32,62.96,1.43
1980-06-01,1980,6,Orange,Other Food,($/kg),0.48,9.09,41.18,-2.04,77.78,0.72
1980-07-01,1980,7,Orange,Other Food,($/kg),0.42,-12.5,10.53,-19.23,55.56,-1.3
1980-08-01,1980,8,Orange,Other Food,($/kg),0.4,-4.76,-9.09,-16.67,48.15,-0.34
1980-09-01,1980,9,Orange,Other Food,($/kg),0.51,27.5,6.25,15.91,88.89,2.82
1980-10-01,1980,10,Orange,Other Food,($/kg),0.51,0.0,21.43,13.33,88.89,-0.15
1980-11-01,1980,11,Orange,Other Food,($/kg),0.32,-37.25,-20.0,-11.11,128.57,-3.06
1980-12-01,1980,12,Orange,Other Food,($/kg),0.32,0.0,-37.25,-8.57,77.78,-0.02
1981-01-01,1981,1,Orange,Other Food,($/kg),0.35,9.38,-31.37,0.0,59.09,0.55
1981-02-01,1981,2,Orange,Other Food,($/kg),0.33,-5.71,3.12,-5.71,50.0,-0.44
1981-03-01,1981,3,Orange,Other Food,($/kg),0.39,18.18,21.88,14.71,77.27,1.06
1981-04-01,1981,4,Orange,Other Food,($/kg),0.4,2.56,14.29,5.26,81.82,-0.0
1981-05-01,1981,5,Orange,Other Food,($/kg),0.37,-7.5,12.12,-15.91,68.18,-0.56
1981-06-01,1981,6,Orange,Other Food,($/kg),0.38,2.7,-2.56,-20.83,72.73,0.17
1981-07-01,1981,7,Orange,Other Food,($/kg),0.38,0.0,-5.0,-9.52,72.73,0.04
1981-08-01,1981,8,Orange,Other Food,($/kg),0.44,15.79,18.92,10.0,100.0,0.98
1981-09-01,1981,9,Orange,Other Food,($/kg),0.52,18.18,36.84,1.96,136.36,1.0
1981-10-01,1981,10,Orange,Other Food,($/kg),0.51,-1.92,34.21,0.0,131.82,-0.22
1981-11-01,1981,11,Orange,Other Food,($/kg),0.46,-9.8,4.55,43.75,109.09,-0.73
1981-12-01,1981,12,Orange,Other Food,($/kg),0.34,-26.09,-34.62,6.25,54.55,-3.02
1982-01-01,1982,1,Orange,Other Food,($/kg),0.32,-5.88,-37.25,-8.57,28.0,-0.55
1982-02-01,1982,2,Orange,Other Food,($/kg),0.3,-6.25,-34.78,-9.09,20.0,-0.49
1982-03-01,1982,3,Orange,Other Food,($/kg),0.32,6.67,-5.88,-17.95,28.0,0.52
1982-04-01,1982,4,Orange,Other Food,($/kg),0.35,9.38,9.38,-12.5,40.0,0.87
1982-05-01,1982,5,Orange,Other Food,($/kg),0.37,5.71,23.33,0.0,48.0,0.5
1982-06-01,1982,6,Orange,Other Food,($/kg),0.41,10.81,28.12,7.89,64.0,0.84
1982-07-01,1982,7,Orange,Other Food,($/kg),0.43,4.88,22.86,13.16,72.0,0.28
1982-08-01,1982,8,Orange,Other Food,($/kg),0.53,23.26,43.24,20.45,112.0,1.73
1982-09-01,1982,9,Orange,Other Food,($/kg),0.47,-11.32,14.63,-9.62,88.0,-1.03
1982-10-01,1982,10,Orange,Other Food,($/kg),0.43,-8.51,0.0,-15.69,72.0,-0.66
1982-11-01,1982,11,Orange,Other Food,($/kg),0.39,-9.3,-26.42,-15.22,56.0,-0.66
1982-12-01,1982,12,Orange,Other Food,($/kg),0.29,-25.64,-38.3,-14.71,16.0,-1.92
1983-01-01,1983,1,Orange,Other Food,($/kg),0.29,0.0,-32.56,-9.38,7.41,0.04
1983-02-01,1983,2,Orange,Other Food,($/kg),0.29,0.0,-25.64,-3.33,16.0,0.0
1983-03-01,1983,3,Orange,Other Food,($/kg),0.33,13.79,13.79,3.12,17.86,1.04
1983-04-01,1983,4,Orange,Other Food,($/kg),0.41,24.24,41.38,17.14,36.67,1.75
1983-05-01,1983,5,Orange,Other Food,($/kg),0.45,9.76,55.17,21.62,50.0,0.51
1983-06-01,1983,6,Orange,Other Food,($/kg),0.39,-13.33,18.18,-4.88,25.81,-1.08
1983-07-01,1983,7,Orange,Other Food,($/kg),0.34,-12.82,-17.07,-20.93,9.68,-0.88
1983-08-01,1983,8,Orange,Other Food,($/kg),0.35,2.94,-22.22,-33.96,12.9,0.24
1983-09-01,1983,9,Orange,Other Food,($/kg),0.44,25.71,12.82,-6.38,41.94,2.05
1983-10-01,1983,10,Orange,Other Food,($/kg),0.46,4.55,35.29,6.98,48.39,0.25
1983-11-01,1983,11,Orange,Other Food,($/kg),0.41,-10.87,17.14,5.13,28.12,-0.81
1983-12-01,1983,12,Orange,Other Food,($/kg),0.34,-17.07,-22.73,17.24,0.0,-1.2
1984-01-01,1984,1,Orange,Other Food,($/kg),0.27,-20.59,-41.3,-6.9,-18.18,-1.59
1984-02-01,1984,2,Orange,Other Food,($/kg),0.25,-7.41,-39.02,-13.79,-10.71,-0.5
1984-03-01,1984,3,Orange,Other Food,($/kg),0.26,4.0,-23.53,-21.21,-16.13,0.26
1984-04-01,1984,4,Orange,Other Food,($/kg),0.24,-7.69,-11.11,-41.46,-35.14,-0.44
1984-05-01,1984,5,Orange,Other Food,($/kg),0.24,0.0,-4.0,-46.67,-41.46,0.27
1984-06-01,1984,6,Orange,Other Food,($/kg),0.32,33.33,23.08,-17.95,-34.69,2.98
1984-07-01,1984,7,Orange,Other Food,($/kg),0.41,28.12,70.83,20.59,-21.15,1.75
1984-08-01,1984,8,Orange,Other Food,($/kg),0.51,24.39,112.5,45.71,6.25,1.21
1984-09-01,1984,9,Orange,Other Food,($/kg),0.56,9.8,75.0,27.27,27.27,0.27
1984-10-01,1984,10,Orange,Other Food,($/kg),0.5,-10.71,21.95,8.7,11.11,-0.8
1984-11-01,1984,11,Orange,Other Food,($/kg),0.36,-28.0,-29.41,-12.2,0.0,-1.66
1984-12-01,1984,12,Orange,Other Food,($/kg),0.32,-11.11,-42.86,-5.88,-8.57,-0.59
1985-01-01,1985,1,Orange,Other Food,($/kg),0.24,-25.0,-52.0,-11.11,-31.43,-1.35
1985-02-01,1985,2,Orange,Other Food,($/kg),0.28,16.67,-22.22,12.0,-20.0,0.8
1985-03-01,1985,3,Orange,Other Food,($/kg),0.36,28.57,12.5,38.46,5.88,1.27
1985-04-01,1985,4,Orange,Other Food,($/kg),0.43,19.44,79.17,79.17,13.16,0.68
1985-05-01,1985,5,Orange,Other Food,($/kg),0.44,2.33,57.14,83.33,0.0,-0.22
1985-06-01,1985,6,Orange,Other Food,($/kg),0.44,0.0,22.22,37.5,-8.33,-0.34
1985-07-01,1985,7,Orange,Other Food,($/kg),0.45,2.27,4.65,9.76,7.14,-0.11
1985-08-01,1985,8,Orange,Other Food,($/kg),0.51,13.33,15.91,0.0,27.5,0.59
1985-09-01,1985,9,Orange,Other Food,($/kg),0.51,0.0,15.91,-8.93,0.0,-0.08
1985-10-01,1985,10,Orange,Other Food,($/kg),0.45,-11.76,0.0,-10.0,-11.76,-0.72
1985-11-01,1985,11,Orange,Other Food,($/kg),0.36,-20.0,-29.41,0.0,12.5,-1.18
1985-12-01,1985,12,Orange,Other Food,($/kg),0.32,-11.11,-37.25,0.0,0.0,-0.76
1986-01-01,1986,1,Orange,Other Food,($/kg),0.32,0.0,-28.89,33.33,-8.57,-0.08
1986-02-01,1986,2,Orange,Other Food,($/kg),0.32,0.0,-11.11,14.29,-3.03,-0.23
1986-03-01,1986,3,Orange,Other Food,($/kg),0.34,6.25,6.25,-5.56,-12.82,0.32
1986-04-01,1986,4,Orange,Other Food,($/kg),0.36,5.88,12.5,-16.28,-10.0,0.54
1986-05-01,1986,5,Orange,Other Food,($/kg),0.37,2.78,15.62,-15.91,0.0,0.42
1986-06-01,1986,6,Orange,Other Food,($/kg),0.4,8.11,17.65,-9.09,5.26,1.0
1986-07-01,1986,7,Orange,Other Food,($/kg),0.43,7.5,19.44,-4.44,13.16,0.83
1986-08-01,1986,8,Orange,Other Food,($/kg),0.5,16.28,35.14,-1.96,13.64,1.66
1986-09-01,1986,9,Orange,Other Food,($/kg),0.5,0.0,25.0,-1.96,-3.85,-0.03
1986-10-01,1986,10,Orange,Other Food,($/kg),0.44,-12.0,2.33,-2.22,-13.73,-1.22
1986-11-01,1986,11,Orange,Other Food,($/kg),0.38,-13.64,-24.0,5.56,-17.39,-1.37
1986-12-01,1986,12,Orange,Other Food,($/kg),0.36,-5.26,-28.0,12.5,5.88,-0.67
1987-01-01,1987,1,Orange,Other Food,($/kg),0.37,2.78,-15.91,15.62,15.62,0.17
1987-02-01,1987,2,Orange,Other Food,($/kg),0.36,-2.7,-5.26,12.5,20.0,-0.5
1987-03-01,1987,3,Orange,Other Food,($/kg),0.35,-2.78,-2.78,2.94,9.38,-0.48
1987-04-01,1987,4,Orange,Other Food,($/kg),0.4,14.29,8.11,11.11,14.29,1.6
1987-05-01,1987,5,Orange,Other Food,($/kg),0.5,25.0,38.89,35.14,35.14,2.54
1987-06-01,1987,6,Orange,Other Food,($/kg),0.57,14.0,62.86,42.5,39.02,0.94
1987-07-01,1987,7,Orange,Other Food,($/kg),0.51,-10.53,27.5,18.6,18.6,-1.18
1987-08-01,1987,8,Orange,Other Food,($/kg),0.52,1.96,4.0,4.0,-1.89,-0.01
1987-09-01,1987,9,Orange,Other Food,($/kg),0.51,-1.92,-10.53,2.0,8.51,-0.24
1987-10-01,1987,10,Orange,Other Food,($/kg),0.47,-7.84,-7.84,6.82,9.3,-0.73
1987-11-01,1987,11,Orange,Other Food,($/kg),0.46,-2.13,-11.54,21.05,17.95,-0.28
1987-12-01,1987,12,Orange,Other Food,($/kg),0.44,-4.35,-13.73,22.22,51.72,-0.61
1988-01-01,1988,1,Orange,Other Food,($/kg),0.39,-11.36,-17.02,5.41,34.48,-1.3
1988-02-01,1988,2,Orange,Other Food,($/kg),0.39,0.0,-15.22,8.33,34.48,-0.09
1988-03-01,1988,3,Orange,Other Food,($/kg),0.41,5.13,-6.82,17.14,24.24,0.36
1988-04-01,1988,4,Orange,Other Food,($/kg),0.47,14.63,20.51,17.5,14.63,1.16
1988-05-01,1988,5,Orange,Other Food,($/kg),0.45,-4.26,15.38,-10.0,0.0,-0.55
1988-06-01,1988,6,Orange,Other Food,($/kg),0.44,-2.22,7.32,-22.81,12.82,-0.2
1988-07-01,1988,7,Orange,Other Food,($/kg),0.4,-9.09,-14.89,-21.57,17.65,-1.01
1988-08-01,1988,8,Orange,Other Food,($/kg),0.4,0.0,-11.11,-23.08,14.29,0.26
1988-09-01,1988,9,Orange,Other Food,($/kg),0.53,32.5,20.45,3.92,20.45,5.02
1988-10-01,1988,10,Orange,Other Food,($/kg),0.59,11.32,47.5,25.53,28.26,0.86
1988-11-01,1988,11,Orange,Other Food,($/kg),0.53,-10.17,32.5,15.22,29.27,-1.05
1988-12-01,1988,12,Orange,Other Food,($/kg),0.44,-16.98,-16.98,0.0,29.41,-1.5
1989-01-01,1989,1,Orange,Other Food,($/kg),0.42,-4.55,-28.81,7.69,55.56,-0.39
1989-02-01,1989,2,Orange,Other Food,($/kg),0.37,-11.9,-30.19,-5.13,48.0,-1.0
1989-03-01,1989,3,Orange,Other Food,($/kg),0.42,13.51,-4.55,2.44,61.54,0.96
1989-04-01,1989,4,Orange,Other Food,($/kg),0.45,7.14,7.14,-4.26,87.5,0.43
1989-05-01,1989,5,Orange,Other Food,($/kg),0.45,0.0,21.62,0.0,87.5,-0.03
1989-06-01,1989,6,Orange,Other Food,($/kg),0.45,0.0,7.14,2.27,40.62,-0.06
1989-07-01,1989,7,Orange,Other Food,($/kg),0.43,-4.44,-4.44,7.5,4.88,-0.4
1989-08-01,1989,8,Orange,Other Food,($/kg),0.49,13.95,8.89,22.5,-3.92,0.94
1989-09-01,1989,9,Orange,Other Food,($/kg),0.5,2.04,11.11,-5.66,-10.71,-0.04
1989-10-01,1989,10,Orange,Other Food,($/kg),0.47,-6.0,9.3,-20.34,-6.0,-0.59
1989-11-01,1989,11,Orange,Other Food,($/kg),0.44,-6.38,-10.2,-16.98,22.22,-0.51
1989-12-01,1989,12,Orange,Other Food,($/kg),0.44,0.0,-12.0,0.0,37.5,0.12
1990-01-01,1990,1,Orange,Other Food,($/kg),0.46,4.55,-2.13,9.52,91.67,0.54
1990-02-01,1990,2,Orange,Other Food,($/kg),0.41,-10.87,-6.82,10.81,46.43,-1.52
1990-03-01,1990,3,Orange,Other Food,($/kg),0.44,7.32,0.0,4.76,22.22,0.8
1990-04-01,1990,4,Orange,Other Food,($/kg),0.5,13.64,8.7,11.11,16.28,1.87
1990-05-01,1990,5,Orange,Other Food,($/kg),0.58,16.0,41.46,28.89,31.82,1.92
1990-06-01,1990,6,Orange,Other Food,($/kg),0.6,3.45,36.36,33.33,36.36,0.11
1990-07-01,1990,7,Orange,Other Food,($/kg),0.57,-5.0,14.0,32.56,26.67,-0.88
1990-08-01,1990,8,Orange,Other Food,($/kg),0.59,3.51,1.72,20.41,15.69,0.09
1990-09-01,1990,9,Orange,Other Food,($/kg),0.63,6.78,5.0,26.0,23.53,0.61
1990-10-01,1990,10,Orange,Other Food,($/kg),0.64,1.59,12.28,36.17,42.22,-0.08
1990-11-01,1990,11,Orange,Other Food,($/kg),0.52,-18.75,-11.86,18.18,44.44,-2.77
1990-12-01,1990,12,Orange,Other Food,($/kg),0.43,-17.31,-31.75,-2.27,34.38,-1.97
1991-01-01,1991,1,Orange,Other Food,($/kg),0.51,18.6,-20.31,10.87,59.38,1.62
1991-02-01,1991,2,Orange,Other Food,($/kg),0.5,-1.96,-3.85,21.95,56.25,-0.29
1991-03-01,1991,3,Orange,Other Food,($/kg),0.52,4.0,20.93,18.18,52.94,0.14
1991-04-01,1991,4,Orange,Other Food,($/kg),0.5,-3.85,-1.96,0.0,38.89,-0.5
1991-05-01,1991,5,Orange,Other Food,($/kg),0.49,-2.0,-2.0,-15.52,32.43,-0.23
1991-06-01,1991,6,Orange,Other Food,($/kg),0.4,-18.37,-23.08,-33.33,0.0,-1.73
1991-07-01,1991,7,Orange,Other Food,($/kg),0.52,30.0,4.0,-8.77,20.93,2.93
1991-08-01,1991,8,Orange,Other Food,($/kg),0.57,9.62,16.33,-3.39,14.0,0.65
1991-09-01,1991,9,Orange,Other Food,($/kg),0.56,-1.75,40.0,-11.11,12.0,-0.17
1991-10-01,1991,10,Orange,Other Food,($/kg),0.49,-12.5,-5.77,-23.44,11.36,-0.85
1991-11-01,1991,11,Orange,Other Food,($/kg),0.6,22.45,5.26,15.38,57.89,1.57
1991-12-01,1991,12,Orange,Other Food,($/kg),0.59,-1.67,5.36,37.21,63.89,-0.25
1992-01-01,1992,1,Orange,Other Food,($/kg),0.5,-15.25,2.04,-1.96,35.14,-1.32
1992-02-01,1992,2,Orange,Other Food,($/kg),0.44,-12.0,-26.67,-12.0,22.22,-0.89
1992-03-01,1992,3,Orange,Other Food,($/kg),0.43,-2.27,-27.12,-17.31,22.86,-0.15
1992-04-01,1992,4,Orange,Other Food,($/kg),0.51,18.6,2.0,2.0,27.5,1.3
1992-05-01,1992,5,Orange,Other Food,($/kg),0.49,-3.92,11.36,0.0,-2.0,-0.33
1992-06-01,1992,6,Orange,Other Food,($/kg),0.47,-4.08,9.3,17.5,-17.54,-0.33
1992-07-01,1992,7,Orange,Other Food,($/kg),0.55,17.02,7.84,5.77,7.84,1.01
1992-08-01,1992,8,Orange,Other Food,($/kg),0.57,3.64,16.33,0.0,9.62,0.19
1992-09-01,1992,9,Orange,Other Food,($/kg),0.56,-1.75,19.15,0.0,9.8,-0.2
1992-10-01,1992,10,Orange,Other Food,($/kg),0.5,-10.71,-9.09,2.04,6.38,-0.91
1992-11-01,1992,11,Orange,Other Food,($/kg),0.42,-16.0,-26.32,-30.0,-8.7,-1.36
1992-12-01,1992,12,Orange,Other Food,($/kg),0.42,0.0,-25.0,-28.81,-4.55,0.21
1993-01-01,1993,1,Orange,Other Food,($/kg),0.43,2.38,-14.0,-14.0,10.26,0.41
1993-02-01,1993,2,Orange,Other Food,($/kg),0.41,-4.65,-2.38,-6.82,5.13,-0.37
1993-03-01,1993,3,Orange,Other Food,($/kg),0.36,-12.2,-14.29,-16.28,-12.2,-1.21
1993-04-01,1993,4,Orange,Other Food,($/kg),0.38,5.56,-11.63,-25.49,-19.15,0.62
1993-05-01,1993,5,Orange,Other Food,($/kg),0.39,2.63,-4.88,-20.41,-13.33,0.53
1993-06-01,1993,6,Orange,Other Food,($/kg),0.38,-2.56,5.56,-19.15,-13.64,-0.12
1993-07-01,1993,7,Orange,Other Food,($/kg),0.4,5.26,5.26,-27.27,0.0,0.75
1993-08-01,1993,8,Orange,Other Food,($/kg),0.44,10.0,12.82,-22.81,10.0,1.72
1993-09-01,1993,9,Orange,Other Food,($/kg),0.6,36.36,57.89,7.14,13.21,4.85
1993-10-01,1993,10,Orange,Other Food,($/kg),0.62,3.33,55.0,24.0,5.08,0.15
1993-11-01,1993,11,Orange,Other Food,($/kg),0.44,-29.03,0.0,4.76,-16.98,-2.42
1993-12-01,1993,12,Orange,Other Food,($/kg),0.32,-27.27,-46.67,-23.81,-27.27,-1.9
1994-01-01,1994,1,Orange,Other Food,($/kg),0.3,-6.25,-51.61,-30.23,-28.57,-0.31
1994-02-01,1994,2,Orange,Other Food,($/kg),0.34,13.33,-22.73,-17.07,-8.11,0.86
1994-03-01,1994,3,Orange,Other Food,($/kg),0.46,35.29,43.75,27.78,9.52,1.99
1994-04-01,1994,4,Orange,Other Food,($/kg),0.36,-21.74,20.0,-5.26,-20.0,-1.29
1994-05-01,1994,5,Orange,Other Food,($/kg),0.42,16.67,23.53,7.69,-6.67,0.71
1994-06-01,1994,6,Orange,Other Food,($/kg),0.44,4.76,-4.35,15.79,-2.22,0.09
1994-07-01,1994,7,Orange,Other Food,($/kg),0.54,22.73,50.0,35.0,25.58,0.89
1994-08-01,1994,8,Orange,Other Food,($/kg),0.54,0.0,28.57,22.73,10.2,-0.22
1994-09-01,1994,9,Orange,Other Food,($/kg),0.54,0.0,22.73,-10.0,8.0,-0.18
1994-10-01,1994,10,Orange,Other Food,($/kg),0.43,-20.37,-20.37,-30.65,-8.51,-1.08
1994-11-01,1994,11,Orange,Other Food,($/kg),0.33,-23.26,-38.89,-25.0,-25.0,-1.07
1994-12-01,1994,12,Orange,Other Food,($/kg),0.23,-30.3,-57.41,-28.12,-47.73,-1.48
1995-01-01,1995,1,Orange,Other Food,($/kg),0.35,52.17,-18.6,16.67,-23.91,2.58
1995-02-01,1995,2,Orange,Other Food,($/kg),0.42,20.0,27.27,23.53,2.44,0.63
1995-03-01,1995,3,Orange,Other Food,($/kg),0.45,7.14,95.65,-2.17,2.27,0.1
1995-04-01,1995,4,Orange,Other Food,($/kg),0.56,24.44,60.0,55.56,12.0,0.93
1995-05-01,1995,5,Orange,Other Food,($/kg),0.56,0.0,33.33,33.33,-3.45,-0.26
1995-06-01,1995,6,Orange,Other Food,($/kg),0.65,16.07,44.44,47.73,8.33,0.49
1995-07-01,1995,7,Orange,Other Food,($/kg),0.69,6.15,23.21,27.78,21.05,0.02
1995-08-01,1995,8,Orange,Other Food,($/kg),0.61,-11.59,8.93,12.96,3.39,-0.7
1995-09-01,1995,9,Orange,Other Food,($/kg),0.54,-11.48,-16.92,0.0,-14.29,-0.64
1995-10-01,1995,10,Orange,Other Food,($/kg),0.55,1.85,-20.29,27.91,-14.06,-0.02
1995-11-01,1995,11,Orange,Other Food,($/kg),0.56,1.82,-8.2,69.7,7.69,-0.11
1995-12-01,1995,12,Orange,Other Food,($/kg),0.44,-21.43,-18.52,91.3,2.33,-1.33
1996-01-01,1996,1,Orange,Other Food,($/kg),0.42,-4.55,-23.64,20.0,-17.65,-0.6
1996-02-01,1996,2,Orange,Other Food,($/kg),0.43,2.38,-23.21,2.38,-14.0,0.0
1996-03-01,1996,3,Orange,Other Food,($/kg),0.47,9.3,6.82,4.44,-9.62,0.68
1996-04-01,1996,4,Orange,Other Food,($/kg),0.53,12.77,26.19,-5.36,6.0,0.93
1996-05-01,1996,5,Orange,Other Food,($/kg),0.52,-1.89,20.93,-7.14,6.12,-0.18
1996-06-01,1996,6,Orange,Other Food,($/kg),0.56,7.69,19.15,-13.85,40.0,0.71
1996-07-01,1996,7,Orange,Other Food,($/kg),0.53,-5.36,0.0,-23.19,1.92,-0.46
1996-08-01,1996,8,Orange,Other Food,($/kg),0.53,0.0,1.92,-13.11,-7.02,0.17
1996-09-01,1996,9,Orange,Other Food,($/kg),0.53,0.0,-5.36,-1.85,-5.36,0.08
1996-10-01,1996,10,Orange,Other Food,($/kg),0.47,-11.32,-11.32,-14.55,-4.08,-1.33
1996-11-01,1996,11,Orange,Other Food,($/kg),0.47,0.0,-11.32,-16.07,-21.67,0.09
1996-12-01,1996,12,Orange,Other Food,($/kg),0.43,-8.51,-18.87,-2.27,-27.12,-0.81
1997-01-01,1997,1,Orange,Other Food,($/kg),0.42,-2.33,-10.64,0.0,-16.0,-0.33
1997-02-01,1997,2,Orange,Other Food,($/kg),0.41,-2.38,-12.77,-4.65,-6.82,-0.37
1997-03-01,1997,3,Orange,Other Food,($/kg),0.42,2.44,-2.33,-10.64,-2.33,0.37
1997-04-01,1997,4,Orange,Other Food,($/kg),0.45,7.14,7.14,-15.09,-11.76,1.21
1997-05-01,1997,5,Orange,Other Food,($/kg),0.47,4.44,14.63,-9.62,-4.08,1.01
1997-06-01,1997,6,Orange,Other Food,($/kg),0.44,-6.38,4.76,-21.43,-6.38,-0.98
1997-07-01,1997,7,Orange,Other Food,($/kg),0.52,18.18,15.56,-1.89,-5.45,3.73
1997-08-01,1997,8,Orange,Other Food,($/kg),0.57,9.62,21.28,7.55,0.0,1.23
1997-09-01,1997,9,Orange,Other Food,($/kg),0.55,-3.51,25.0,3.77,-1.79,-0.54
1997-10-01,1997,10,Orange,Other Food,($/kg),0.49,-10.91,-5.77,4.26,-2.0,-1.39
1997-11-01,1997,11,Orange,Other Food,($/kg),0.41,-16.33,-28.07,-12.77,-2.38,-2.06
1997-12-01,1997,12,Orange,Other Food,($/kg),0.35,-14.63,-36.36,-18.6,-16.67,-1.45
1998-01-01,1998,1,Orange,Other Food,($/kg),0.36,2.86,-26.53,-14.29,-16.28,0.4
1998-02-01,1998,2,Orange,Other Food,($/kg),0.39,8.33,-4.88,-4.88,-4.88,0.89
1998-03-01,1998,3,Orange,Other Food,($/kg),0.41,5.13,17.14,-2.38,13.89,0.48
1998-04-01,1998,4,Orange,Other Food,($/kg),0.44,7.32,22.22,-2.22,15.79,0.66
1998-05-01,1998,5,Orange,Other Food,($/kg),0.45,2.27,15.38,-4.26,15.38,0.18
1998-06-01,1998,6,Orange,Other Food,($/kg),0.46,2.22,12.2,4.55,21.05,0.19
1998-07-01,1998,7,Orange,Other Food,($/kg),0.54,17.39,22.73,3.85,35.0,1.59
1998-08-01,1998,8,Orange,Other Food,($/kg),0.51,-5.56,13.33,-10.53,15.91,-0.62
1998-09-01,1998,9,Orange,Other Food,($/kg),0.5,-1.96,8.7,-9.09,-16.67,-0.15
1998-10-01,1998,10,Orange,Other Food,($/kg),0.43,-14.0,-20.37,-12.24,-30.65,-1.37
1998-11-01,1998,11,Orange,Other Food,($/kg),0.43,0.0,-15.69,4.88,-2.27,0.06
1998-12-01,1998,12,Orange,Other Food,($/kg),0.38,-11.63,-24.0,8.57,18.75,-1.37
1999-01-01,1999,1,Orange,Other Food,($/kg),0.42,10.53,-2.33,16.67,40.0,1.1
1999-02-01,1999,2,Orange,Other Food,($/kg),0.4,-4.76,-6.98,2.56,17.65,-0.71
1999-03-01,1999,3,Orange,Other Food,($/kg),0.44,10.0,15.79,7.32,-4.35,1.05
1999-04-01,1999,4,Orange,Other Food,($/kg),0.45,2.27,7.14,2.27,25.0,0.14
1999-05-01,1999,5,Orange,Other Food,($/kg),0.44,-2.22,10.0,-2.22,4.76,-0.31
1999-06-01,1999,6,Orange,Other Food,($/kg),0.48,9.09,9.09,4.35,9.09,0.98
1999-07-01,1999,7,Orange,Other Food,($/kg),0.46,-4.17,2.22,-14.81,-14.81,-0.52
1999-08-01,1999,8,Orange,Other Food,($/kg),0.49,6.52,11.36,-3.92,-9.26,0.95
1999-09-01,1999,9,Orange,Other Food,($/kg),0.47,-4.08,-2.08,-6.0,-12.96,-0.5
1999-10-01,1999,10,Orange,Other Food,($/kg),0.52,10.64,13.04,20.93,20.93,1.33
1999-11-01,1999,11,Orange,Other Food,($/kg),0.34,-34.62,-30.61,-20.93,3.03,-4.9
1999-12-01,1999,12,Orange,Other Food,($/kg),0.34,0.0,-27.66,-10.53,47.83,0.08
2000-01-01,2000,1,Orange,Other Food,($/kg),0.35,2.94,-32.69,-16.67,0.0,0.24
2000-02-01,2000,2,Orange,Other Food,($/kg),0.32,-8.57,-5.88,-20.0,-23.81,-0.65
2000-03-01,2000,3,Orange,Other Food,($/kg),0.3,-6.25,-11.76,-31.82,-33.33,-0.43
2000-04-01,2000,4,Orange,Other Food,($/kg),0.34,13.33,-2.86,-24.44,-39.29,1.33
2000-05-01,2000,5,Orange,Other Food,($/kg),0.41,20.59,28.12,-6.82,-26.79,1.75
2000-06-01,2000,6,Orange,Other Food,($/kg),0.43,4.88,43.33,-10.42,-33.85,0.31
2000-07-01,2000,7,Orange,Other Food,($/kg),0.4,-6.98,17.65,-13.04,-42.03,-0.51
2000-08-01,2000,8,Orange,Other Food,($/kg),0.39,-2.5,-4.88,-20.41,-36.07,-0.17
2000-09-01,2000,9,Orange,Other Food,($/kg),0.36,-7.69,-16.28,-23.4,-33.33,-0.49
2000-10-01,2000,10,Orange,Other Food,($/kg),0.38,5.56,-5.0,-26.92,-30.91,0.48
2000-11-01,2000,11,Orange,Other Food,($/kg),0.36,-5.26,-7.69,5.88,-35.71,-0.27
2000-12-01,2000,12,Orange,Other Food,($/kg),0.31,-13.89,-13.89,-8.82,-29.55,-1.62
2001-01-01,2001,1,Orange,Other Food,($/kg),0.35,12.9,-7.89,0.0,-16.67,1.32
2001-02-01,2001,2,Orange,Other Food,($/kg),0.41,17.14,13.89,28.12,-4.65,1.55
2001-03-01,2001,3,Orange,Other Food,($/kg),0.55,34.15,77.42,83.33,17.02,2.79
2001-04-01,2001,4,Orange,Other Food,($/kg),0.63,14.55,80.0,85.29,18.87,0.61
2001-05-01,2001,5,Orange,Other Food,($/kg),0.73,15.87,78.05,78.05,40.38,0.69
2001-06-01,2001,6,Orange,Other Food,($/kg),0.83,13.7,50.91,93.02,48.21,0.58
2001-07-01,2001,7,Orange,Other Food,($/kg),0.96,15.66,52.38,140.0,81.13,0.66
2001-08-01,2001,8,Orange,Other Food,($/kg),0.78,-18.75,6.85,100.0,47.17,-2.01
2001-09-01,2001,9,Orange,Other Food,($/kg),0.58,-25.64,-30.12,61.11,9.43,-2.12
2001-10-01,2001,10,Orange,Other Food,($/kg),0.42,-27.59,-56.25,10.53,-10.64,-1.88
2001-11-01,2001,11,Orange,Other Food,($/kg),0.47,11.9,-39.74,30.56,0.0,0.46
2001-12-01,2001,12,Orange,Other Food,($/kg),0.43,-8.51,-25.86,38.71,0.0,-0.63
2002-01-01,2002,1,Orange,Other Food,($/kg),0.44,2.33,4.76,25.71,4.76,-0.12
2002-02-01,2002,2,Orange,Other Food,($/kg),0.45,2.27,-4.26,9.76,9.76,-0.07
2002-03-01,2002,3,Orange,Other Food,($/kg),0.59,31.11,37.21,7.27,40.48,1.5
2002-04-01,2002,4,Orange,Other Food,($/kg),0.58,-1.69,31.82,-7.94,28.89,-0.21
2002-05-01,2002,5,Orange,Other Food,($/kg),0.64,10.34,42.22,-12.33,36.17,0.52
2002-06-01,2002,6,Orange,Other Food,($/kg),0.64,0.0,8.47,-22.89,45.45,-0.02
2002-07-01,2002,7,Orange,Other Food,($/kg),0.65,1.56,12.07,-32.29,25.0,0.13
2002-08-01,2002,8,Orange,Other Food,($/kg),0.64,-1.54,0.0,-17.95,12.28,0.02
2002-09-01,2002,9,Orange,Other Food,($/kg),0.63,-1.56,-1.56,8.62,14.55,-0.07
2002-10-01,2002,10,Orange,Other Food,($/kg),0.61,-3.17,-6.15,45.24,24.49,-0.35
2002-11-01,2002,11,Orange,Other Food,($/kg),0.48,-21.31,-25.0,2.13,17.07,-2.42
2002-12-01,2002,12,Orange,Other Food,($/kg),0.43,-10.42,-31.75,0.0,22.86,-0.92
2003-01-01,2003,1,Orange,Other Food,($/kg),0.55,27.91,-9.84,25.0,52.78,2.22
2003-02-01,2003,2,Orange,Other Food,($/kg),0.51,-7.27,6.25,13.33,30.77,-0.69
2003-03-01,2003,3,Orange,Other Food,($/kg),0.63,23.53,46.51,6.78,53.66,1.45
2003-04-01,2003,4,Orange,Other Food,($/kg),0.67,6.35,21.82,15.52,52.27,0.36
2003-05-01,2003,5,Orange,Other Food,($/kg),0.68,1.49,33.33,6.25,51.11,-0.04
2003-06-01,2003,6,Orange,Other Food,($/kg),0.72,5.88,14.29,12.5,56.52,0.34
2003-07-01,2003,7,Orange,Other Food,($/kg),0.75,4.17,11.94,15.38,38.89,0.18
2003-08-01,2003,8,Orange,Other Food,($/kg),0.79,5.33,16.18,23.44,54.9,0.25
2003-09-01,2003,9,Orange,Other Food,($/kg),0.78,-1.27,8.33,23.81,56.0,-0.28
2003-10-01,2003,10,Orange,Other Food,($/kg),0.84,7.69,12.0,37.7,95.35,0.38
2003-11-01,2003,11,Orange,Other Food,($/kg),0.66,-21.43,-16.46,37.5,53.49,-1.86
2003-12-01,2003,12,Orange,Other Food,($/kg),0.58,-12.12,-25.64,34.88,52.63,-1.16
2004-01-01,2004,1,Orange,Other Food,($/kg),0.72,24.14,-14.29,30.91,71.43,1.53
2004-02-01,2004,2,Orange,Other Food,($/kg),0.83,15.28,25.76,62.75,107.5,0.94
2004-03-01,2004,3,Orange,Other Food,($/kg),0.93,12.05,60.34,47.62,111.36,0.55
2004-04-01,2004,4,Orange,Other Food,($/kg),0.86,-7.53,19.44,28.36,91.11,-0.96
2004-05-01,2004,5,Orange,Other Food,($/kg),0.87,1.16,4.82,27.94,97.73,-0.13
2004-06-01,2004,6,Orange,Other Food,($/kg),0.92,5.75,-1.08,27.78,91.67,0.24
2004-07-01,2004,7,Orange,Other Food,($/kg),0.99,7.61,15.12,32.0,115.22,0.39
2004-08-01,2004,8,Orange,Other Food,($/kg),0.94,-5.05,8.05,18.99,91.84,-0.65
2004-09-01,2004,9,Orange,Other Food,($/kg),0.9,-4.26,-2.17,15.38,91.49,-0.51
2004-10-01,2004,10,Orange,Other Food,($/kg),0.92,2.22,-7.07,9.52,76.92,0.02
2004-11-01,2004,11,Orange,Other Food,($/kg),0.72,-21.74,-23.4,9.09,111.76,-1.85
2004-12-01,2004,12,Orange,Other Food,($/kg),0.69,-4.17,-23.33,18.97,102.94,-0.45
2005-01-01,2005,1,Orange,Other Food,($/kg),0.64,-7.25,-30.43,-11.11,82.86,-0.78
2005-02-01,2005,2,Orange,Other Food,($/kg),0.74,15.62,2.78,-10.84,131.25,1.6
2005-03-01,2005,3,Orange,Other Food,($/kg),1.11,50.0,60.87,19.35,270.0,4.99
2005-04-01,2005,4,Orange,Other Food,($/kg),1.17,5.41,82.81,36.05,244.12,0.15
2005-05-01,2005,5,Orange,Other Food,($/kg),1.1,-5.98,48.65,26.44,168.29,-0.56
2005-06-01,2005,6,Orange,Other Food,($/kg),0.93,-15.45,-16.22,1.09,116.28,-1.06
2005-07-01,2005,7,Orange,Other Food,($/kg),0.75,-19.35,-35.9,-24.24,87.5,-1.14
2005-08-01,2005,8,Orange,Other Food,($/kg),0.76,1.33,-30.91,-19.15,94.87,0.11
2005-09-01,2005,9,Orange,Other Food,($/kg),0.75,-1.32,-19.35,-16.67,108.33,-0.05
2005-10-01,2005,10,Orange,Other Food,($/kg),0.82,9.33,9.33,-10.87,115.79,0.49
2005-11-01,2005,11,Orange,Other Food,($/kg),0.88,7.32,15.79,22.22,144.44,0.35
2005-12-01,2005,12,Orange,Other Food,($/kg),0.85,-3.41,13.33,23.19,174.19,-0.36
2006-01-01,2006,1,Orange,Other Food,($/kg),0.85,0.0,3.66,32.81,142.86,-0.17
2006-02-01,2006,2,Orange,Other Food,($/kg),0.82,-3.53,-6.82,10.81,100.0,-0.41
2006-03-01,2006,3,Orange,Other Food,($/kg),0.81,-1.22,-4.71,-27.03,47.27,-0.19
2006-04-01,2006,4,Orange,Other Food,($/kg),0.8,-1.23,-5.88,-31.62,26.98,0.12
2006-05-01,2006,5,Orange,Other Food,($/kg),0.8,0.0,-2.44,-27.27,9.59,0.34
2006-06-01,2006,6,Orange,Other Food,($/kg),0.67,-16.25,-17.28,-27.96,-19.28,-1.72
2006-07-01,2006,7,Orange,Other Food,($/kg),0.73,8.96,-8.75,-2.67,-23.96,1.38
2006-08-01,2006,8,Orange,Other Food,($/kg),0.83,13.7,3.75,9.21,6.41,2.0
2006-09-01,2006,9,Orange,Other Food,($/kg),0.88,6.02,31.34,17.33,51.72,0.63
2006-10-01,2006,10,Orange,Other Food,($/kg),1.04,18.18,42.47,26.83,147.62,2.07
2006-11-01,2006,11,Orange,Other Food,($/kg),0.93,-10.58,12.05,5.68,97.87,-1.42
2006-12-01,2006,12,Orange,Other Food,($/kg),0.79,-15.05,-10.23,-7.06,83.72,-1.65
2007-01-01,2007,1,Orange,Other Food,($/kg),0.8,1.27,-23.08,-5.88,81.82,0.13
2007-02-01,2007,2,Orange,Other Food,($/kg),0.84,5.0,-9.68,2.44,86.67,0.47
2007-03-01,2007,3,Orange,Other Food,($/kg),0.81,-3.57,2.53,0.0,37.29,-0.4
2007-04-01,2007,4,Orange,Other Food,($/kg),0.86,6.17,7.5,7.5,48.28,0.52
2007-05-01,2007,5,Orange,Other Food,($/kg),0.89,3.49,5.95,11.25,39.06,0.21
2007-06-01,2007,6,Orange,Other Food,($/kg),0.94,5.62,16.05,40.3,46.87,0.38
2007-07-01,2007,7,Orange,Other Food,($/kg),1.14,21.28,32.56,56.16,75.38,1.92
2007-08-01,2007,8,Orange,Other Food,($/kg),1.23,7.89,38.2,48.19,92.19,0.34
2007-09-01,2007,9,Orange,Other Food,($/kg),1.03,-16.26,9.57,17.05,63.49,-1.95
2007-10-01,2007,10,Orange,Other Food,($/kg),0.97,-5.83,-14.91,-6.73,59.02,-0.66
2007-11-01,2007,11,Orange,Other Food,($/kg),1.05,8.25,-14.63,12.9,118.75,0.77
2007-12-01,2007,12,Orange,Other Food,($/kg),0.93,-11.43,-9.71,17.72,116.28,-1.24
2008-01-01,2008,1,Orange,Other Food,($/kg),1.03,10.75,6.19,28.75,87.27,0.9
2008-02-01,2008,2,Orange,Other Food,($/kg),1.05,1.94,0.0,25.0,105.88,-0.07
2008-03-01,2008,3,Orange,Other Food,($/kg),1.23,17.14,32.26,51.85,95.24,1.44
2008-04-01,2008,4,Orange,Other Food,($/kg),1.23,0.0,19.42,43.02,83.58,-0.37
2008-05-01,2008,5,Orange,Other Food,($/kg),1.32,7.32,25.71,48.31,94.12,0.34
2008-06-01,2008,6,Orange,Other Food,($/kg),1.41,6.82,14.63,50.0,95.83,0.27
2008-07-01,2008,7,Orange,Other Food,($/kg),1.43,1.42,16.26,25.44,90.67,-0.23
2008-08-01,2008,8,Orange,Other Food,($/kg),1.13,-20.98,-14.39,-8.13,43.04,-2.43
2008-09-01,2008,9,Orange,Other Food,($/kg),0.92,-18.58,-34.75,-10.68,17.95,-1.61
2008-10-01,2008,10,Orange,Other Food,($/kg),0.91,-1.09,-36.36,-6.19,8.33,-0.07
2008-11-01,2008,11,Orange,Other Food,($/kg),0.85,-6.59,-24.78,-19.05,28.79,-0.58
2008-12-01,2008,12,Orange,Other Food,($/kg),0.76,-10.59,-17.39,-18.28,31.03,-0.82
2009-01-01,2009,1,Orange,Other Food,($/kg),0.78,2.63,-14.29,-24.27,8.33,0.32
2009-02-01,2009,2,Orange,Other Food,($/kg),0.77,-1.28,-9.41,-26.67,-7.23,0.04
2009-03-01,2009,3,Orange,Other Food,($/kg),0.85,10.39,11.84,-30.89,-8.6,1.14
2009-04-01,2009,4,Orange,Other Food,($/kg),0.9,5.88,15.38,-26.83,4.65,0.85
2009-05-01,2009,5,Orange,Other Food,($/kg),0.89,-1.11,15.58,-32.58,2.3,0.09
2009-06-01,2009,6,Orange,Other Food,($/kg),0.82,-7.87,-3.53,-41.84,-10.87,-0.52
2009-07-01,2009,7,Orange,Other Food,($/kg),0.72,-12.2,-20.0,-49.65,-27.27,-0.88
2009-08-01,2009,8,Orange,Other Food,($/kg),0.84,16.67,-5.62,-25.66,-10.64,2.29
2009-09-01,2009,9,Orange,Other Food,($/kg),1.03,22.62,25.61,11.96,14.44,2.46
2009-10-01,2009,10,Orange,Other Food,($/kg),1.15,11.65,59.72,26.37,25.0,0.94
2009-11-01,2009,11,Orange,Other Food,($/kg),1.15,0.0,36.9,35.29,59.72,-0.23
2009-12-01,2009,12,Orange,Other Food,($/kg),1.01,-12.17,-1.94,32.89,46.38,-1.41
2010-01-01,2010,1,Orange,Other Food,($/kg),1.09,7.92,-5.22,39.74,70.31,0.45
2010-02-01,2010,2,Orange,Other Food,($/kg),0.98,-10.09,-14.78,27.27,32.43,-1.21
2010-03-01,2010,3,Orange,Other Food,($/kg),0.95,-3.06,-5.94,11.76,-14.41,-0.49
2010-04-01,2010,4,Orange,Other Food,($/kg),0.99,4.21,-9.17,10.0,-15.38,0.23
2010-05-01,2010,5,Orange,Other Food,($/kg),1.05,6.06,7.14,17.98,-4.55,0.41
2010-06-01,2010,6,Orange,Other Food,($/kg),1.2,14.29,26.32,46.34,29.03,1.07
2010-07-01,2010,7,Orange,Other Food,($/kg),1.3,8.33,31.31,80.56,73.33,0.39
2010-08-01,2010,8,Orange,Other Food,($/kg),1.14,-12.31,8.57,35.71,50.0,-1.7
2010-09-01,2010,9,Orange,Other Food,($/kg),1.05,-7.89,-12.5,1.94,40.0,-1.0
2010-10-01,2010,10,Orange,Other Food,($/kg),1.09,3.81,-16.15,-5.22,32.93,0.34
2010-11-01,2010,11,Orange,Other Food,($/kg),0.82,-24.77,-28.07,-28.7,-6.82,-2.76
2010-12-01,2010,12,Orange,Other Food,($/kg),0.72,-12.2,-31.43,-28.71,-15.29,-0.88
2011-01-01,2011,1,Orange,Other Food,($/kg),0.73,1.39,-33.03,-33.03,-14.12,0.31
2011-02-01,2011,2,Orange,Other Food,($/kg),0.88,20.55,7.32,-10.2,7.32,2.1
2011-03-01,2011,3,Orange,Other Food,($/kg),0.85,-3.41,18.06,-10.53,4.94,-0.26
2011-04-01,2011,4,Orange,Other Food,($/kg),0.88,3.53,20.55,-11.11,10.0,0.29
2011-05-01,2011,5,Orange,Other Food,($/kg),0.84,-4.55,-4.55,-20.0,5.0,-0.34
2011-06-01,2011,6,Orange,Other Food,($/kg),0.92,9.52,8.24,-23.33,37.31,0.85
2011-07-01,2011,7,Orange,Other Food,($/kg),0.97,5.43,10.23,-25.38,32.88,0.58
2011-08-01,2011,8,Orange,Other Food,($/kg),0.95,-2.06,13.1,-16.67,14.46,-0.03
2011-09-01,2011,9,Orange,Other Food,($/kg),1.19,25.26,29.35,13.33,35.23,2.3
2011-10-01,2011,10,Orange,Other Food,($/kg),1.03,-13.45,6.19,-5.5,-0.96,-1.15
2011-11-01,2011,11,Orange,Other Food,($/kg),0.68,-33.98,-28.42,-17.07,-26.88,-2.45
2011-12-01,2011,12,Orange,Other Food,($/kg),0.76,11.76,-36.13,5.56,-3.8,0.77
2012-01-01,2012,1,Orange,Other Food,($/kg),0.73,-3.95,-29.13,0.0,-8.75,-0.36
2012-02-01,2012,2,Orange,Other Food,($/kg),0.78,6.85,14.71,-11.36,-7.14,0.36
2012-03-01,2012,3,Orange,Other Food,($/kg),0.8,2.56,5.26,-5.88,-1.23,0.17
2012-04-01,2012,4,Orange,Other Food,($/kg),0.82,2.5,12.33,-6.82,-4.65,0.13
2012-05-01,2012,5,Orange,Other Food,($/kg),0.76,-7.32,-2.56,-9.52,-14.61,-0.54
2012-06-01,2012,6,Orange,Other Food,($/kg),0.95,25.0,18.75,3.26,1.06,1.69
2012-07-01,2012,7,Orange,Other Food,($/kg),1.02,7.37,24.39,5.15,-10.53,0.36
2012-08-01,2012,8,Orange,Other Food,($/kg),0.97,-4.9,27.63,2.11,-21.14,-0.41
2012-09-01,2012,9,Orange,Other Food,($/kg),1.0,3.09,5.26,-15.97,-2.91,0.1
2012-10-01,2012,10,Orange,Other Food,($/kg),0.98,-2.0,-3.92,-4.85,1.03,-0.11
2012-11-01,2012,11,Orange,Other Food,($/kg),0.85,-13.27,-12.37,25.0,-19.05,-0.99
2012-12-01,2012,12,Orange,Other Food,($/kg),0.76,-10.59,-24.0,0.0,-18.28,-1.29
2013-01-01,2013,1,Orange,Other Food,($/kg),0.75,-1.32,-23.47,2.74,-27.18,-0.17
2013-02-01,2013,2,Orange,Other Food,($/kg),0.82,9.33,-3.53,5.13,-21.9,0.86
2013-03-01,2013,3,Orange,Other Food,($/kg),0.91,10.98,19.74,13.75,-26.02,0.99
2013-04-01,2013,4,Orange,Other Food,($/kg),0.98,7.69,30.67,19.51,-20.33,0.58
2013-05-01,2013,5,Orange,Other Food,($/kg),1.06,8.16,29.27,39.47,-19.7,0.57
2013-06-01,2013,6,Orange,Other Food,($/kg),1.16,9.43,27.47,22.11,-17.73,0.59
2013-07-01,2013,7,Orange,Other Food,($/kg),1.12,-3.45,14.29,9.8,-21.68,-0.66
2013-08-01,2013,8,Orange,Other Food,($/kg),1.19,6.25,12.26,22.68,5.31,0.63
2013-09-01,2013,9,Orange,Other Food,($/kg),1.12,-5.88,-3.45,12.0,21.74,-0.97
2013-10-01,2013,10,Orange,Other Food,($/kg),1.0,-10.71,-10.71,2.04,9.89,-1.42
2013-11-01,2013,11,Orange,Other Food,($/kg),0.77,-23.0,-35.29,-9.41,-9.41,-2.59
2013-12-01,2013,12,Orange,Other Food,($/kg),0.74,-3.9,-33.93,-2.63,-2.63,-0.34
2014-01-01,2014,1,Orange,Other Food,($/kg),0.75,1.35,-25.0,0.0,-3.85,0.1
2014-02-01,2014,2,Orange,Other Food,($/kg),0.77,2.67,0.0,-6.1,0.0,0.21
2014-03-01,2014,3,Orange,Other Food,($/kg),0.81,5.19,9.46,-10.99,-4.71,0.53
2014-04-01,2014,4,Orange,Other Food,($/kg),0.85,4.94,13.33,-13.27,-5.56,0.57
2014-05-01,2014,5,Orange,Other Food,($/kg),0.84,-1.18,9.09,-20.75,-5.62,-0.05
2014-06-01,2014,6,Orange,Other Food,($/kg),0.83,-1.19,2.47,-28.45,1.22,0.04
2014-07-01,2014,7,Orange,Other Food,($/kg),0.79,-4.82,-7.06,-29.46,9.72,-0.29
2014-08-01,2014,8,Orange,Other Food,($/kg),0.77,-2.53,-8.33,-35.29,-8.33,-0.0
2014-09-01,2014,9,Orange,Other Food,($/kg),0.77,0.0,-7.23,-31.25,-25.24,0.42
2014-10-01,2014,10,Orange,Other Food,($/kg),0.73,-5.19,-7.59,-27.0,-36.52,-0.31
2014-11-01,2014,11,Orange,Other Food,($/kg),0.72,-1.37,-6.49,-6.49,-37.39,0.13
2014-12-01,2014,12,Orange,Other Food,($/kg),0.77,6.94,0.0,4.05,-23.76,2.14
2015-01-01,2015,1,Orange,Other Food,($/kg),0.76,-1.3,4.11,1.33,-30.28,-0.44
2015-02-01,2015,2,Orange,Other Food,($/kg),0.7,-7.89,-2.78,-9.09,-28.57,-2.06
2015-03-01,2015,3,Orange,Other Food,($/kg),0.63,-10.0,-18.18,-22.22,-33.68,-2.08
2015-04-01,2015,4,Orange,Other Food,($/kg),0.61,-3.17,-19.74,-28.24,-38.38,-0.25
2015-05-01,2015,5,Orange,Other Food,($/kg),0.61,0.0,-12.86,-27.38,-41.9,0.62
2015-06-01,2015,6,Orange,Other Food,($/kg),0.63,3.28,0.0,-24.1,-47.5,1.35
2015-07-01,2015,7,Orange,Other Food,($/kg),0.64,1.59,4.92,-18.99,-50.77,0.81
2015-08-01,2015,8,Orange,Other Food,($/kg),0.68,6.25,11.48,-11.69,-40.35,1.69
2015-09-01,2015,9,Orange,Other Food,($/kg),0.63,-7.35,0.0,-18.18,-40.0,-1.25
2015-10-01,2015,10,Orange,Other Food,($/kg),0.66,4.76,3.12,-9.59,-39.45,1.15
2015-11-01,2015,11,Orange,Other Food,($/kg),0.77,16.67,13.24,6.94,-6.1,3.09
2015-12-01,2015,12,Orange,Other Food,($/kg),0.77,0.0,22.22,0.0,6.94,-0.11
2016-01-01,2016,1,Orange,Other Food,($/kg),0.69,-10.39,4.55,-9.21,-5.48,-1.46
2016-02-01,2016,2,Orange,Other Food,($/kg),0.69,0.0,-10.39,-1.43,-21.59,0.07
2016-03-01,2016,3,Orange,Other Food,($/kg),0.68,-1.45,-11.69,7.94,-20.0,-0.21
2016-04-01,2016,4,Orange,Other Food,($/kg),0.71,4.41,2.9,16.39,-19.32,0.52
2016-05-01,2016,5,Orange,Other Food,($/kg),0.76,7.04,10.14,24.59,-9.52,0.82
2016-06-01,2016,6,Orange,Other Food,($/kg),0.88,15.79,29.41,39.68,-4.35,1.97
2016-07-01,2016,7,Orange,Other Food,($/kg),0.97,10.23,36.62,51.56,0.0,0.89
2016-08-01,2016,8,Orange,Other Food,($/kg),0.96,-1.03,26.32,41.18,1.05,-0.59
2016-09-01,2016,9,Orange,Other Food,($/kg),1.05,9.38,19.32,66.67,-11.76,0.74
2016-10-01,2016,10,Orange,Other Food,($/kg),1.06,0.95,9.28,60.61,2.91,-0.47
2016-11-01,2016,11,Orange,Other Food,($/kg),1.14,7.55,18.75,48.05,67.65,0.41
2016-12-01,2016,12,Orange,Other Food,($/kg),1.08,-5.26,2.86,40.26,42.11,-1.27
2017-01-01,2017,1,Orange,Other Food,($/kg),0.94,-12.96,-11.32,36.23,28.77,-2.19
2017-02-01,2017,2,Orange,Other Food,($/kg),0.9,-4.26,-21.05,30.43,15.38,-0.92
2017-03-01,2017,3,Orange,Other Food,($/kg),0.92,2.22,-14.81,35.29,15.0,-0.04
2017-04-01,2017,4,Orange,Other Food,($/kg),0.85,-7.61,-9.57,19.72,3.66,-1.32
2017-05-01,2017,5,Orange,Other Food,($/kg),0.76,-10.59,-15.56,0.0,0.0,-1.47
2017-06-01,2017,6,Orange,Other Food,($/kg),0.72,-5.26,-21.74,-18.18,-24.21,-0.63
2017-07-01,2017,7,Orange,Other Food,($/kg),0.7,-2.78,-17.65,-27.84,-31.37,-0.18
2017-08-01,2017,8,Orange,Other Food,($/kg),0.72,2.86,-5.26,-25.0,-25.77,0.79
2017-09-01,2017,9,Orange,Other Food,($/kg),0.79,9.72,9.72,-24.76,-21.0,1.72
2017-10-01,2017,10,Orange,Other Food,($/kg),0.82,3.8,17.14,-22.64,-16.33,0.85
2017-11-01,2017,11,Orange,Other Food,($/kg),0.86,4.88,19.44,-24.56,1.18,0.95
2017-12-01,2017,12,Orange,Other Food,($/kg),0.77,-10.47,-2.53,-28.7,1.32,-1.23
2018-01-01,2018,1,Orange,Other Food,($/kg),0.76,-1.3,-7.32,-19.15,1.33,0.17
2018-02-01,2018,2,Orange,Other Food,($/kg),0.78,2.63,-9.3,-13.33,-4.88,0.66
2018-03-01,2018,3,Orange,Other Food,($/kg),0.74,-5.13,-3.9,-19.57,-18.68,-0.64
2018-04-01,2018,4,Orange,Other Food,($/kg),0.76,2.7,0.0,-10.59,-22.45,0.67
2018-05-01,2018,5,Orange,Other Food,($/kg),0.88,15.79,12.82,15.79,-16.98,2.63
2018-06-01,2018,6,Orange,Other Food,($/kg),0.84,-4.55,13.51,16.67,-27.59,-0.85
2018-07-01,2018,7,Orange,Other Food,($/kg),0.89,5.95,17.11,27.14,-20.54,0.63
2018-08-01,2018,8,Orange,Other Food,($/kg),0.84,-5.62,-4.55,16.67,-29.41,-1.12
2018-09-01,2018,9,Orange,Other Food,($/kg),0.8,-4.76,-4.76,1.27,-28.57,-0.86
2018-10-01,2018,10,Orange,Other Food,($/kg),0.75,-6.25,-15.73,-8.54,-25.0,-0.93
2018-11-01,2018,11,Orange,Other Food,($/kg),0.73,-2.67,-13.1,-15.12,-5.19,-0.3
2018-12-01,2018,12,Orange,Other Food,($/kg),0.72,-1.37,-10.0,-6.49,-2.7,-0.03
2019-01-01,2019,1,Orange,Other Food,($/kg),0.64,-11.11,-14.67,-15.79,-14.67,-1.68
2019-02-01,2019,2,Orange,Other Food,($/kg),0.63,-1.56,-13.7,-19.23,-18.18,-0.05
2019-03-01,2019,3,Orange,Other Food,($/kg),0.65,3.17,-9.72,-12.16,-19.75,0.67
2019-04-01,2019,4,Orange,Other Food,($/kg),0.57,-12.31,-10.94,-25.0,-32.94,-1.63
2019-05-01,2019,5,Orange,Other Food,($/kg),0.52,-8.77,-17.46,-40.91,-38.1,-0.87
2019-06-01,2019,6,Orange,Other Food,($/kg),0.54,3.85,-16.92,-35.71,-34.94,1.49
2019-07-01,2019,7,Orange,Other Food,($/kg),0.54,0.0,-5.26,-39.33,-31.65,0.59
2019-08-01,2019,8,Orange,Other Food,($/kg),0.53,-1.85,1.92,-36.9,-31.17,0.41
2019-09-01,2019,9,Orange,Other Food,($/kg),0.53,0.0,-1.85,-33.75,-31.17,0.7
2019-10-01,2019,10,Orange,Other Food,($/kg),0.52,-1.89,-3.7,-30.67,-28.77,0.26
2019-11-01,2019,11,Orange,Other Food,($/kg),0.53,1.92,0.0,-27.4,-26.39,0.93
2019-12-01,2019,12,Orange,Other Food,($/kg),0.52,-1.89,-1.89,-27.78,-32.47,0.11
2020-01-01,2020,1,Orange,Other Food,($/kg),0.51,-1.92,-1.92,-20.31,-32.89,0.11
2020-02-01,2020,2,Orange,Other Food,($/kg),0.52,1.96,-1.89,-17.46,-25.71,0.81
2020-03-01,2020,3,Orange,Other Food,($/kg),0.55,5.77,5.77,-15.38,-12.7,1.52
2020-04-01,2020,4,Orange,Other Food,($/kg),0.58,5.45,13.73,1.75,-4.92,1.33
2020-05-01,2020,5,Orange,Other Food,($/kg),0.65,12.07,25.0,25.0,6.56,2.96
2020-06-01,2020,6,Orange,Other Food,($/kg),0.65,0.0,18.18,20.37,3.17,-0.46
2020-07-01,2020,7,Orange,Other Food,($/kg),0.66,1.54,13.79,22.22,3.12,-0.02
2020-08-01,2020,8,Orange,Other Food,($/kg),0.62,-6.06,-4.62,16.98,-8.82,-1.86
2020-09-01,2020,9,Orange,Other Food,($/kg),0.61,-1.61,-6.15,15.09,-3.17,-0.64
2020-10-01,2020,10,Orange,Other Food,($/kg),0.61,0.0,-7.58,17.31,-7.58,-0.27
2020-11-01,2020,11,Orange,Other Food,($/kg),0.65,6.56,4.84,22.64,-15.58,1.1
2020-12-01,2020,12,Orange,Other Food,($/kg),0.64,-1.54,4.92,23.08,-16.88,-0.69
2021-01-01,2021,1,Orange,Other Food,($/kg),0.63,-1.56,3.28,23.53,-8.7,-0.7
2021-02-01,2021,2,Orange,Other Food,($/kg),0.58,-7.94,-10.77,11.54,-15.94,-2.02
2021-03-01,2021,3,Orange,Other Food,($/kg),0.6,3.45,-6.25,9.09,-11.76,0.43
2021-04-01,2021,4,Orange,Other Food,($/kg),0.59,-1.67,-6.35,1.72,-16.9,-0.46
2021-05-01,2021,5,Orange,Other Food,($/kg),0.61,3.39,5.17,-6.15,-19.74,0.59
2021-06-01,2021,6,Orange,Other Food,($/kg),0.64,4.92,6.67,-1.54,-27.27,1.34
2021-07-01,2021,7,Orange,Other Food,($/kg),0.69,7.81,16.95,4.55,-28.87,1.83
2021-08-01,2021,8,Orange,Other Food,($/kg),0.72,4.35,18.03,16.13,-25.0,0.8
2021-09-01,2021,9,Orange,Other Food,($/kg),0.74,2.78,15.62,21.31,-29.52,0.32
2021-10-01,2021,10,Orange,Other Food,($/kg),0.66,-10.81,-4.35,8.2,-37.74,-2.84
2021-11-01,2021,11,Orange,Other Food,($/kg),0.66,0.0,-8.33,1.54,-42.11,-0.14
2021-12-01,2021,12,Orange,Other Food,($/kg),0.71,7.58,-4.05,10.94,-34.26,1.35
2022-01-01,2022,1,Orange,Other Food,($/kg),0.79,11.27,19.7,25.4,-15.96,1.78
2022-02-01,2022,2,Orange,Other Food,($/kg),0.73,-7.59,10.61,25.86,-18.89,-1.52
2022-03-01,2022,3,Orange,Other Food,($/kg),0.77,5.48,8.45,28.33,-16.3,0.53
2022-04-01,2022,4,Orange,Other Food,($/kg),0.91,18.18,15.19,54.24,7.06,2.48
2022-05-01,2022,5,Orange,Other Food,($/kg),0.92,1.1,26.03,50.82,21.05,-0.37
2022-06-01,2022,6,Orange,Other Food,($/kg),0.94,2.17,22.08,46.87,30.56,-0.2
2022-07-01,2022,7,Orange,Other Food,($/kg),0.84,-10.64,-7.69,21.74,20.0,-1.82
2022-08-01,2022,8,Orange,Other Food,($/kg),0.93,10.71,1.09,29.17,29.17,1.01
2022-09-01,2022,9,Orange,Other Food,($/kg),0.93,0.0,-1.06,25.68,17.72,-0.28
2022-10-01,2022,10,Orange,Other Food,($/kg),1.07,15.05,27.38,62.12,30.49,1.42
2022-11-01,2022,11,Orange,Other Food,($/kg),1.09,1.87,17.2,65.15,26.74,-0.3
2022-12-01,2022,12,Orange,Other Food,($/kg),1.1,0.92,18.28,54.93,42.86,-0.43
2023-01-01,2023,1,Orange,Other Food,($/kg),1.09,-0.91,1.87,37.97,43.42,-0.58
2023-02-01,2023,2,Orange,Other Food,($/kg),1.3,19.27,19.27,78.08,66.67,1.94
2023-03-01,2023,3,Orange,Other Food,($/kg),1.29,-0.77,17.27,67.53,74.32,-0.68
2023-04-01,2023,4,Orange,Other Food,($/kg),1.46,13.18,33.94,60.44,92.11,0.93
2023-05-01,2023,5,Orange,Other Food,($/kg),1.41,-3.42,8.46,53.26,60.23,-0.92
2023-06-01,2023,6,Orange,Other Food,($/kg),1.4,-0.71,8.53,48.94,66.67,-0.54
2023-07-01,2023,7,Orange,Other Food,($/kg),1.51,7.86,3.42,79.76,69.66,0.47
2023-08-01,2023,8,Orange,Other Food,($/kg),1.66,9.93,17.73,78.49,97.62,0.62
2023-09-01,2023,9,Orange,Other Food,($/kg),1.77,6.63,26.43,90.32,121.25,0.19
2023-10-01,2023,10,Orange,Other Food,($/kg),2.03,14.69,34.44,89.72,170.67,1.21
2023-11-01,2023,11,Orange,Other Food,($/kg),2.06,1.48,24.1,88.99,182.19,-0.58
2023-12-01,2023,12,Orange,Other Food,($/kg),1.9,-7.77,7.34,72.73,163.89,-1.83
2024-01-01,2024,1,Orange,Other Food,($/kg),1.67,-12.11,-17.73,53.21,160.94,-2.07
2024-02-01,2024,2,Orange,Other Food,($/kg),1.95,16.77,-5.34,50.0,209.52,1.34
2024-03-01,2024,3,Orange,Other Food,($/kg),1.92,-1.54,1.05,48.84,195.38,-0.58
2024-04-01,2024,4,Orange,Other Food,($/kg),1.95,1.56,16.77,33.56,242.11,-0.24
2024-05-01,2024,5,Orange,Other Food,($/kg),2.24,14.87,14.87,58.87,330.77,1.39
2024-06-01,2024,6,Orange,Other Food,($/kg),2.26,0.89,17.71,61.43,318.52,-0.37
2024-07-01,2024,7,Orange,Other Food,($/kg),2.3,1.77,17.95,52.32,325.93,-0.29
2024-08-01,2024,8,Orange,Other Food,($/kg),2.41,4.78,7.59,45.18,354.72,0.09
2024-09-01,2024,9,Orange,Other Food,($/kg),2.55,5.81,12.83,44.07,381.13,0.26
2024-10-01,2024,10,Orange,Other Food,($/kg),2.6,1.96,13.04,28.08,400.0,-0.17
2024-11-01,2024,11,Orange,Other Food,($/kg),2.57,-1.15,6.64,24.76,384.91,-0.44
2024-12-01,2024,12,Orange,Other Food,($/kg),2.7,5.06,5.88,42.11,419.23,0.36
2025-01-01,2025,1,Orange,Other Food,($/kg),2.57,-4.81,-1.15,53.89,403.92,-1.07
2025-02-01,2025,2,Orange,Other Food,($/kg),1.91,-25.68,-25.68,-2.05,267.31,-4.64
2025-03-01,2025,3,Orange,Other Food,($/kg),1.44,-24.61,-46.67,-25.0,161.82,-2.61
2025-04-01,2025,4,Orange,Other Food,($/kg),1.41,-2.08,-45.14,-27.69,143.1,-0.04
2025-05-01,2025,5,Orange,Other Food,($/kg),1.38,-2.13,-27.75,-38.39,112.31,-0.02
2025-06-01,2025,6,Orange,Other Food,($/kg),1.36,-1.45,-5.56,-39.82,109.23,0.18
2025-07-01,2025,7,Orange,Other Food,($/kg),1.52,11.76,7.8,-33.91,130.3,1.44
2025-08-01,2025,8,Orange,Other Food,($/kg),1.28,-15.79,-7.25,-46.89,106.45,-1.14
2025-09-01,2025,9,Orange,Other Food,($/kg),1.29,0.78,-5.15,-49.41,111.48,0.44
2025-10-01,2025,10,Orange,Other Food,($/kg),1.05,-18.6,-30.92,-59.62,72.13,-1.2
2025-11-01,2025,11,Orange,Other Food,($/kg),0.86,-18.1,-32.81,-66.54,32.31,-0.97
2025-12-01,2025,12,Orange,Other Food,($/kg),0.92,6.98,-28.68,-65.93,43.75,1.23
2026-01-01,2026,1,Orange,Other Food,($/kg),1.11,20.65,5.71,-56.81,76.19,2.3
2026-02-01,2026,2,Orange,Other Food,($/kg),0.94,-15.32,9.3,-50.79,62.07,-0.65
2026-03-01,2026,3,Orange,Other Food,($/kg),0.97,3.19,5.43,-32.64,61.67,0.58
2026-04-01,2026,4,Orange,Other Food,($/kg),0.95,-2.06,-14.41,-32.62,61.02,0.04
2026-05-01,2026,5,Orange,Other Food,($/kg),0.92,-3.16,-2.13,-33.33,50.82,-0.05
2026-06-01,2026,6,Orange,Other Food,($/kg),0.82,-10.87,-15.46,-39.71,28.12,-0.66
2026-07-01,2026,7,Orange,Other Food,($/kg),0.78,-4.88,-17.89,-48.68,13.04,-0.12
2026-08-01,2026,8,Orange,Other Food,($/kg),0.77,-1.28,-16.3,-39.84,6.94,0.3
2026-09-01,2026,9,Orange,Other Food,($/kg),0.79,2.6,-3.66,-38.76,6.76,0.55
1996-01-01,1996,1,Palm kernel oil,Oils & Meals,($/mt),686.0,,,,,
1996-02-01,1996,2,Palm kernel oil,Oils & Meals,($/mt),716.0,4.37,,,,
1996-03-01,1996,3,Palm kernel oil,Oils & Meals,($/mt),715.0,-0.14,,,,
1996-04-01,1996,4,Palm kernel oil,Oils & Meals,($/mt),755.0,5.59,10.06,,,
1996-05-01,1996,5,Palm kernel oil,Oils & Meals,($/mt),775.0,2.65,8.24,,,
1996-06-01,1996,6,Palm kernel oil,Oils & Meals,($/mt),762.0,-1.68,6.57,,,
1996-07-01,1996,7,Palm kernel oil,Oils & Meals,($/mt),734.0,-3.67,-2.78,,,
1996-08-01,1996,8,Palm kernel oil,Oils & Meals,($/mt),725.0,-1.23,-6.45,,,-0.67
1996-09-01,1996,9,Palm kernel oil,Oils & Meals,($/mt),707.0,-2.48,-7.22,,,-0.97
1996-10-01,1996,10,Palm kernel oil,Oils & Meals,($/mt),693.0,-1.98,-5.59,,,-0.71
1996-11-01,1996,11,Palm kernel oil,Oils & Meals,($/mt),721.0,4.04,-0.55,,,1.19
1996-12-01,1996,12,Palm kernel oil,Oils & Meals,($/mt),747.0,3.61,5.66,,,0.92
1997-01-01,1997,1,Palm kernel oil,Oils & Meals,($/mt),754.0,0.94,8.8,9.91,,0.03
1997-02-01,1997,2,Palm kernel oil,Oils & Meals,($/mt),757.0,0.4,4.99,5.73,,-0.14
1997-03-01,1997,3,Palm kernel oil,Oils & Meals,($/mt),730.0,-3.57,-2.28,2.1,,-1.4
1997-04-01,1997,4,Palm kernel oil,Oils & Meals,($/mt),705.0,-3.42,-6.5,-6.62,,-1.16
1997-05-01,1997,5,Palm kernel oil,Oils & Meals,($/mt),668.0,-5.25,-11.76,-13.81,,-1.68
1997-06-01,1997,6,Palm kernel oil,Oils & Meals,($/mt),635.0,-4.94,-13.01,-16.67,,-1.29
1997-07-01,1997,7,Palm kernel oil,Oils & Meals,($/mt),594.0,-6.46,-15.74,-19.07,,-1.61
1997-08-01,1997,8,Palm kernel oil,Oils & Meals,($/mt),556.0,-6.4,-16.77,-23.31,,-1.39
1997-09-01,1997,9,Palm kernel oil,Oils & Meals,($/mt),603.0,8.45,-5.04,-14.71,,2.91
1997-10-01,1997,10,Palm kernel oil,Oils & Meals,($/mt),619.0,2.65,4.21,-10.68,,0.82
1997-11-01,1997,11,Palm kernel oil,Oils & Meals,($/mt),611.0,-1.29,9.89,-15.26,,-0.1
1997-12-01,1997,12,Palm kernel oil,Oils & Meals,($/mt),590.0,-3.44,-2.16,-21.02,,-0.47
1998-01-01,1998,1,Palm kernel oil,Oils & Meals,($/mt),590.0,0.0,-4.68,-21.75,,0.43
1998-02-01,1998,2,Palm kernel oil,Oils & Meals,($/mt),620.0,5.08,1.47,-18.1,,1.62
1998-03-01,1998,3,Palm kernel oil,Oils & Meals,($/mt),605.0,-2.42,2.54,-17.12,,-0.18
1998-04-01,1998,4,Palm kernel oil,Oils & Meals,($/mt),643.0,6.28,8.98,-8.79,,1.64
1998-05-01,1998,5,Palm kernel oil,Oils & Meals,($/mt),776.0,20.68,25.16,16.17,,4.13
1998-06-01,1998,6,Palm kernel oil,Oils & Meals,($/mt),700.0,-9.79,15.7,10.24,,-1.45
1998-07-01,1998,7,Palm kernel oil,Oils & Meals,($/mt),694.0,-0.86,7.93,16.84,,-0.24
1998-08-01,1998,8,Palm kernel oil,Oils & Meals,($/mt),692.0,-0.29,-10.82,24.46,,-0.23
1998-09-01,1998,9,Palm kernel oil,Oils & Meals,($/mt),697.0,0.72,-0.43,15.59,,-0.18
1998-10-01,1998,10,Palm kernel oil,Oils & Meals,($/mt),714.0,2.44,2.88,15.35,,0.14
1998-11-01,1998,11,Palm kernel oil,Oils & Meals,($/mt),746.0,4.48,7.8,22.09,,0.42
1998-12-01,1998,12,Palm kernel oil,Oils & Meals,($/mt),763.0,2.28,9.47,29.32,,0.05
1999-01-01,1999,1,Palm kernel oil,Oils & Meals,($/mt),744.0,-2.49,4.2,26.1,,-0.68
1999-02-01,1999,2,Palm kernel oil,Oils & Meals,($/mt),709.0,-4.7,-4.96,14.35,,-0.95
1999-03-01,1999,3,Palm kernel oil,Oils & Meals,($/mt),661.0,-6.77,-13.37,9.26,,-1.09
1999-04-01,1999,4,Palm kernel oil,Oils & Meals,($/mt),776.0,17.4,4.3,20.68,,2.12
1999-05-01,1999,5,Palm kernel oil,Oils & Meals,($/mt),755.0,-2.71,6.49,-2.71,,-0.52
1999-06-01,1999,6,Palm kernel oil,Oils & Meals,($/mt),656.0,-13.11,-0.76,-6.29,,-1.92
1999-07-01,1999,7,Palm kernel oil,Oils & Meals,($/mt),571.0,-12.96,-26.42,-17.72,,-1.73
1999-08-01,1999,8,Palm kernel oil,Oils & Meals,($/mt),689.0,20.67,-8.74,-0.43,,2.69
1999-09-01,1999,9,Palm kernel oil,Oils & Meals,($/mt),710.0,3.05,8.23,1.87,,0.25
1999-10-01,1999,10,Palm kernel oil,Oils & Meals,($/mt),684.0,-3.66,19.79,-4.2,,-0.41
1999-11-01,1999,11,Palm kernel oil,Oils & Meals,($/mt),693.0,1.32,0.58,-7.1,,0.11
1999-12-01,1999,12,Palm kernel oil,Oils & Meals,($/mt),681.0,-1.73,-4.08,-10.75,,-0.15
2000-01-01,2000,1,Palm kernel oil,Oils & Meals,($/mt),628.0,-7.78,-8.19,-15.59,,-0.71
2000-02-01,2000,2,Palm kernel oil,Oils & Meals,($/mt),580.0,-7.64,-16.31,-18.19,,-0.64
2000-03-01,2000,3,Palm kernel oil,Oils & Meals,($/mt),556.0,-4.14,-18.36,-15.89,,-0.28
2000-04-01,2000,4,Palm kernel oil,Oils & Meals,($/mt),557.0,0.18,-11.31,-28.22,,0.11
2000-05-01,2000,5,Palm kernel oil,Oils & Meals,($/mt),483.0,-13.29,-16.72,-36.03,,-1.23
2000-06-01,2000,6,Palm kernel oil,Oils & Meals,($/mt),436.0,-9.73,-21.58,-33.54,,-0.69
2000-07-01,2000,7,Palm kernel oil,Oils & Meals,($/mt),401.0,-8.03,-28.01,-29.77,,-0.55
2000-08-01,2000,8,Palm kernel oil,Oils & Meals,($/mt),366.0,-8.73,-24.22,-46.88,,-0.7
2000-09-01,2000,9,Palm kernel oil,Oils & Meals,($/mt),326.0,-10.93,-25.23,-54.08,,-1.19
2000-10-01,2000,10,Palm kernel oil,Oils & Meals,($/mt),318.0,-2.45,-20.7,-53.51,,0.82
2000-11-01,2000,11,Palm kernel oil,Oils & Meals,($/mt),354.0,11.32,-3.28,-48.92,,3.77
2000-12-01,2000,12,Palm kernel oil,Oils & Meals,($/mt),317.0,-10.45,-2.76,-53.45,,-0.79
2001-01-01,2001,1,Palm kernel oil,Oils & Meals,($/mt),304.0,-4.1,-4.4,-51.59,-55.69,0.28
2001-02-01,2001,2,Palm kernel oil,Oils & Meals,($/mt),269.0,-11.51,-24.01,-53.62,-62.43,-0.88
2001-03-01,2001,3,Palm kernel oil,Oils & Meals,($/mt),278.0,3.35,-12.3,-50.0,-61.12,1.37
2001-04-01,2001,4,Palm kernel oil,Oils & Meals,($/mt),281.0,1.08,-7.57,-49.55,-62.78,0.88
2001-05-01,2001,5,Palm kernel oil,Oils & Meals,($/mt),292.0,3.91,8.55,-39.54,-62.32,1.25
2001-06-01,2001,6,Palm kernel oil,Oils & Meals,($/mt),312.0,6.85,12.23,-28.44,-59.06,1.45
2001-07-01,2001,7,Palm kernel oil,Oils & Meals,($/mt),352.0,12.82,25.27,-12.22,-52.04,1.98
2001-08-01,2001,8,Palm kernel oil,Oils & Meals,($/mt),350.0,-0.57,19.86,-4.37,-51.72,0.02
2001-09-01,2001,9,Palm kernel oil,Oils & Meals,($/mt),316.0,-9.71,1.28,-3.07,-55.3,-1.17
2001-10-01,2001,10,Palm kernel oil,Oils & Meals,($/mt),282.0,-10.76,-19.89,-11.32,-59.31,-1.33
2001-11-01,2001,11,Palm kernel oil,Oils & Meals,($/mt),319.0,13.12,-8.86,-9.89,-55.76,1.58
2001-12-01,2001,12,Palm kernel oil,Oils & Meals,($/mt),309.0,-3.13,-2.22,-2.52,-58.63,-0.3
2002-01-01,2002,1,Palm kernel oil,Oils & Meals,($/mt),329.0,6.47,16.67,8.22,-56.37,0.76
2002-02-01,2002,2,Palm kernel oil,Oils & Meals,($/mt),356.0,8.21,11.6,32.34,-52.97,0.85
2002-03-01,2002,3,Palm kernel oil,Oils & Meals,($/mt),353.0,-0.84,14.24,26.98,-51.64,-0.45
2002-04-01,2002,4,Palm kernel oil,Oils & Meals,($/mt),405.0,14.73,23.1,44.13,-42.55,1.6
2002-05-01,2002,5,Palm kernel oil,Oils & Meals,($/mt),418.0,3.21,17.42,43.15,-37.43,-0.03
2002-06-01,2002,6,Palm kernel oil,Oils & Meals,($/mt),439.0,5.02,24.36,40.71,-30.87,0.19
2002-07-01,2002,7,Palm kernel oil,Oils & Meals,($/mt),433.0,-1.37,6.91,23.01,-27.1,-0.54
2002-08-01,2002,8,Palm kernel oil,Oils & Meals,($/mt),433.0,0.0,3.59,23.71,-22.12,-0.25
2002-09-01,2002,9,Palm kernel oil,Oils & Meals,($/mt),415.0,-4.16,-5.47,31.33,-31.18,-0.78
2002-10-01,2002,10,Palm kernel oil,Oils & Meals,($/mt),423.0,1.93,-2.31,50.0,-31.66,-0.08
2002-11-01,2002,11,Palm kernel oil,Oils & Meals,($/mt),456.0,7.8,5.31,42.95,-25.37,0.69
2002-12-01,2002,12,Palm kernel oil,Oils & Meals,($/mt),490.0,7.46,18.07,58.58,-16.95,0.78
2003-01-01,2003,1,Palm kernel oil,Oils & Meals,($/mt),492.0,0.41,16.31,49.54,-16.61,-0.69
2003-02-01,2003,2,Palm kernel oil,Oils & Meals,($/mt),473.0,-3.86,3.73,32.87,-23.71,-1.39
2003-03-01,2003,3,Palm kernel oil,Oils & Meals,($/mt),429.0,-9.3,-12.45,21.53,-29.09,-2.16
2003-04-01,2003,4,Palm kernel oil,Oils & Meals,($/mt),395.0,-7.93,-19.72,-2.47,-38.57,-1.52
2003-05-01,2003,5,Palm kernel oil,Oils & Meals,($/mt),409.0,3.54,-13.53,-2.15,-47.29,0.65
2003-06-01,2003,6,Palm kernel oil,Oils & Meals,($/mt),435.0,6.36,1.4,-0.91,-37.86,1.15
2003-07-01,2003,7,Palm kernel oil,Oils & Meals,($/mt),415.0,-4.6,5.06,-4.16,-40.2,-0.82
2003-08-01,2003,8,Palm kernel oil,Oils & Meals,($/mt),401.0,-3.37,-1.96,-7.39,-42.05,-0.54
2003-09-01,2003,9,Palm kernel oil,Oils & Meals,($/mt),429.0,6.98,-1.38,3.37,-38.45,1.26
2003-10-01,2003,10,Palm kernel oil,Oils & Meals,($/mt),501.0,16.78,20.72,18.44,-29.83,2.65
2003-11-01,2003,11,Palm kernel oil,Oils & Meals,($/mt),522.0,4.19,30.17,14.47,-30.03,0.32
2003-12-01,2003,12,Palm kernel oil,Oils & Meals,($/mt),583.0,11.69,35.9,18.98,-23.59,1.36
2004-01-01,2004,1,Palm kernel oil,Oils & Meals,($/mt),569.0,-2.4,13.57,15.65,-23.52,-0.52
2004-02-01,2004,2,Palm kernel oil,Oils & Meals,($/mt),614.0,7.91,17.62,29.81,-13.4,0.8
2004-03-01,2004,3,Palm kernel oil,Oils & Meals,($/mt),679.0,10.59,16.47,58.28,2.72,1.01
2004-04-01,2004,4,Palm kernel oil,Oils & Meals,($/mt),737.0,8.54,29.53,86.58,-5.03,0.59
2004-05-01,2004,5,Palm kernel oil,Oils & Meals,($/mt),724.0,-1.76,17.92,77.02,-4.11,-1.13
2004-06-01,2004,6,Palm kernel oil,Oils & Meals,($/mt),639.0,-11.74,-5.89,46.9,-2.59,-2.48
2004-07-01,2004,7,Palm kernel oil,Oils & Meals,($/mt),638.0,-0.16,-13.43,53.73,11.73,-0.45
2004-08-01,2004,8,Palm kernel oil,Oils & Meals,($/mt),641.0,0.47,-11.46,59.85,-6.97,-0.43
2004-09-01,2004,9,Palm kernel oil,Oils & Meals,($/mt),669.0,4.37,4.69,55.94,-5.77,0.01
2004-10-01,2004,10,Palm kernel oil,Oils & Meals,($/mt),657.0,-1.79,2.98,31.14,-3.95,-0.76
2004-11-01,2004,11,Palm kernel oil,Oils & Meals,($/mt),665.0,1.22,3.74,27.39,-4.04,-0.19
2004-12-01,2004,12,Palm kernel oil,Oils & Meals,($/mt),657.0,-1.2,-1.79,12.69,-3.52,-0.51
2005-01-01,2005,1,Palm kernel oil,Oils & Meals,($/mt),641.0,-2.44,-2.44,12.65,2.07,-0.6
2005-02-01,2005,2,Palm kernel oil,Oils & Meals,($/mt),649.0,1.25,-2.41,5.7,11.9,0.01
2005-03-01,2005,3,Palm kernel oil,Oils & Meals,($/mt),723.0,11.4,10.05,6.48,30.04,1.9
2005-04-01,2005,4,Palm kernel oil,Oils & Meals,($/mt),684.0,-5.39,6.71,-7.19,22.8,-1.05
2005-05-01,2005,5,Palm kernel oil,Oils & Meals,($/mt),648.0,-5.26,-0.15,-10.5,34.16,-0.87
2005-06-01,2005,6,Palm kernel oil,Oils & Meals,($/mt),644.0,-0.62,-10.93,0.78,47.71,0.03
2005-07-01,2005,7,Palm kernel oil,Oils & Meals,($/mt),615.0,-4.5,-10.09,-3.61,53.37,-1.04
2005-08-01,2005,8,Palm kernel oil,Oils & Meals,($/mt),555.0,-9.76,-14.35,-13.42,51.64,-2.04
2005-09-01,2005,9,Palm kernel oil,Oils & Meals,($/mt),576.0,3.78,-10.56,-13.9,76.69,0.9
2005-10-01,2005,10,Palm kernel oil,Oils & Meals,($/mt),623.0,8.16,1.3,-5.18,95.91,1.73
2005-11-01,2005,11,Palm kernel oil,Oils & Meals,($/mt),620.0,-0.48,11.71,-6.77,75.14,-0.03
2005-12-01,2005,12,Palm kernel oil,Oils & Meals,($/mt),591.0,-4.68,2.6,-10.05,86.44,-0.71
2006-01-01,2006,1,Palm kernel oil,Oils & Meals,($/mt),606.0,2.54,-2.73,-5.46,99.34,0.53
2006-02-01,2006,2,Palm kernel oil,Oils & Meals,($/mt),621.0,2.48,0.16,-4.31,130.86,0.45
2006-03-01,2006,3,Palm kernel oil,Oils & Meals,($/mt),590.0,-4.99,-0.17,-18.4,112.23,-0.78
2006-04-01,2006,4,Palm kernel oil,Oils & Meals,($/mt),574.0,-2.71,-5.28,-16.08,104.27,-0.23
2006-05-01,2006,5,Palm kernel oil,Oils & Meals,($/mt),558.0,-2.79,-10.14,-13.89,91.1,-0.29
2006-06-01,2006,6,Palm kernel oil,Oils & Meals,($/mt),535.0,-4.12,-9.32,-16.93,71.47,-0.62
2006-07-01,2006,7,Palm kernel oil,Oils & Meals,($/mt),556.0,3.93,-3.14,-9.59,57.95,1.09
2006-08-01,2006,8,Palm kernel oil,Oils & Meals,($/mt),567.0,1.98,1.61,2.16,62.0,0.54
2006-09-01,2006,9,Palm kernel oil,Oils & Meals,($/mt),544.0,-4.06,1.68,-5.56,72.15,-1.03
2006-10-01,2006,10,Palm kernel oil,Oils & Meals,($/mt),558.0,2.57,0.36,-10.43,97.87,0.71
2006-11-01,2006,11,Palm kernel oil,Oils & Meals,($/mt),594.0,6.45,4.76,-4.19,86.21,2.17
2006-12-01,2006,12,Palm kernel oil,Oils & Meals,($/mt),641.0,7.91,17.83,8.46,107.44,2.06
2007-01-01,2007,1,Palm kernel oil,Oils & Meals,($/mt),649.0,1.25,16.31,7.1,97.26,0.11
2007-02-01,2007,2,Palm kernel oil,Oils & Meals,($/mt),677.0,4.31,13.97,9.02,90.17,0.84
2007-03-01,2007,3,Palm kernel oil,Oils & Meals,($/mt),701.0,3.55,9.36,18.81,98.58,0.62
2007-04-01,2007,4,Palm kernel oil,Oils & Meals,($/mt),797.0,13.69,22.8,38.85,96.79,2.98
2007-05-01,2007,5,Palm kernel oil,Oils & Meals,($/mt),867.0,8.78,28.06,55.38,107.42,1.14
2007-06-01,2007,6,Palm kernel oil,Oils & Meals,($/mt),968.0,11.65,38.09,80.93,120.5,1.54
2007-07-01,2007,7,Palm kernel oil,Oils & Meals,($/mt),920.0,-4.96,15.43,65.47,112.47,-2.09
2007-08-01,2007,8,Palm kernel oil,Oils & Meals,($/mt),904.0,-1.74,4.27,59.44,108.78,-1.09
2007-09-01,2007,9,Palm kernel oil,Oils & Meals,($/mt),927.0,2.54,-4.24,70.4,123.37,-0.27
2007-10-01,2007,10,Palm kernel oil,Oils & Meals,($/mt),1000.0,7.87,8.7,79.21,136.41,0.6
2007-11-01,2007,11,Palm kernel oil,Oils & Meals,($/mt),1115.0,11.5,23.34,87.71,144.52,1.18
2007-12-01,2007,12,Palm kernel oil,Oils & Meals,($/mt),1137.0,1.97,22.65,77.38,132.04,-0.62
2008-01-01,2008,1,Palm kernel oil,Oils & Meals,($/mt),1278.0,12.4,27.8,96.92,159.76,1.29
2008-02-01,2008,2,Palm kernel oil,Oils & Meals,($/mt),1392.0,8.92,24.84,105.61,194.29,0.5
2008-03-01,2008,3,Palm kernel oil,Oils & Meals,($/mt),1456.0,4.6,28.06,107.7,239.39,-0.29
2008-04-01,2008,4,Palm kernel oil,Oils & Meals,($/mt),1426.0,-2.06,11.58,78.92,261.01,-1.43
2008-05-01,2008,5,Palm kernel oil,Oils & Meals,($/mt),1433.0,0.49,2.95,65.28,250.37,-0.78
2008-06-01,2008,6,Palm kernel oil,Oils & Meals,($/mt),1397.0,-2.51,-4.05,44.32,221.15,-1.16
2008-07-01,2008,7,Palm kernel oil,Oils & Meals,($/mt),1253.0,-10.31,-12.13,36.2,201.93,-2.34
2008-08-01,2008,8,Palm kernel oil,Oils & Meals,($/mt),1064.0,-15.08,-25.75,17.7,165.34,-2.7
2008-09-01,2008,9,Palm kernel oil,Oils & Meals,($/mt),994.0,-6.58,-28.85,7.23,131.7,-0.99
2008-10-01,2008,10,Palm kernel oil,Oils & Meals,($/mt),751.0,-24.45,-40.06,-24.9,49.9,-2.92
2008-11-01,2008,11,Palm kernel oil,Oils & Meals,($/mt),515.0,-31.42,-51.6,-53.81,-1.34,-2.69
2008-12-01,2008,12,Palm kernel oil,Oils & Meals,($/mt),540.0,4.85,-45.67,-52.51,-7.38,0.78
2009-01-01,2009,1,Palm kernel oil,Oils & Meals,($/mt),556.0,2.96,-25.97,-56.49,-2.28,0.61
2009-02-01,2009,2,Palm kernel oil,Oils & Meals,($/mt),565.0,1.62,9.71,-59.41,-7.98,0.61
2009-03-01,2009,3,Palm kernel oil,Oils & Meals,($/mt),586.0,3.72,8.52,-59.75,-13.7,0.87
2009-04-01,2009,4,Palm kernel oil,Oils & Meals,($/mt),714.0,21.84,28.42,-49.93,-3.12,2.43
2009-05-01,2009,5,Palm kernel oil,Oils & Meals,($/mt),827.0,15.83,46.37,-42.29,14.23,1.43
2009-06-01,2009,6,Palm kernel oil,Oils & Meals,($/mt),733.0,-11.37,25.09,-47.53,14.71,-0.52
2009-07-01,2009,7,Palm kernel oil,Oils & Meals,($/mt),664.0,-9.41,-7.0,-47.01,4.08,-0.35
2009-08-01,2009,8,Palm kernel oil,Oils & Meals,($/mt),726.0,9.34,-12.21,-31.77,13.26,0.85
2009-09-01,2009,9,Palm kernel oil,Oils & Meals,($/mt),701.0,-3.44,-4.37,-29.48,4.78,-0.1
2009-10-01,2009,10,Palm kernel oil,Oils & Meals,($/mt),727.0,3.71,9.49,-3.2,10.65,0.35
2009-11-01,2009,11,Palm kernel oil,Oils & Meals,($/mt),755.0,3.85,3.99,46.6,13.53,0.23
2009-12-01,2009,12,Palm kernel oil,Oils & Meals,($/mt),835.0,10.6,19.12,54.63,27.09,0.74
2010-01-01,2010,1,Palm kernel oil,Oils & Meals,($/mt),880.0,5.39,21.05,58.27,37.29,0.13
2010-02-01,2010,2,Palm kernel oil,Oils & Meals,($/mt),894.0,1.59,18.41,58.23,37.75,-0.28
2010-03-01,2010,3,Palm kernel oil,Oils & Meals,($/mt),997.0,11.52,19.4,70.14,37.9,0.75
2010-04-01,2010,4,Palm kernel oil,Oils & Meals,($/mt),1021.0,2.41,16.02,43.0,49.27,-0.26
2010-05-01,2010,5,Palm kernel oil,Oils & Meals,($/mt),1031.0,0.98,15.32,24.67,59.1,-0.29
2010-06-01,2010,6,Palm kernel oil,Oils & Meals,($/mt),1050.0,1.84,5.32,43.25,63.04,-0.04
2010-07-01,2010,7,Palm kernel oil,Oils & Meals,($/mt),1064.0,1.33,4.21,60.24,73.01,-0.32
2010-08-01,2010,8,Palm kernel oil,Oils & Meals,($/mt),1171.0,10.06,13.58,61.29,110.99,1.35
2010-09-01,2010,9,Palm kernel oil,Oils & Meals,($/mt),1260.0,7.6,20.0,79.74,118.75,0.77
2010-10-01,2010,10,Palm kernel oil,Oils & Meals,($/mt),1421.0,12.78,33.55,95.46,128.09,1.98
2010-11-01,2010,11,Palm kernel oil,Oils & Meals,($/mt),1631.0,14.78,39.28,116.03,163.06,2.01
2010-12-01,2010,12,Palm kernel oil,Oils & Meals,($/mt),1830.0,12.2,45.24,119.16,209.64,1.07
2011-01-01,2011,1,Palm kernel oil,Oils & Meals,($/mt),2139.0,16.89,50.53,143.07,252.97,1.92
2011-02-01,2011,2,Palm kernel oil,Oils & Meals,($/mt),2308.0,7.9,41.51,158.17,271.66,0.01
2011-03-01,2011,3,Palm kernel oil,Oils & Meals,($/mt),1975.0,-14.43,7.92,98.09,234.75,-4.08
2011-04-01,2011,4,Palm kernel oil,Oils & Meals,($/mt),1906.0,-3.49,-10.89,86.68,232.06,-1.14
2011-05-01,2011,5,Palm kernel oil,Oils & Meals,($/mt),1985.0,4.14,-13.99,92.53,255.73,-0.17
2011-06-01,2011,6,Palm kernel oil,Oils & Meals,($/mt),1762.0,-11.23,-10.78,67.81,229.35,-1.95
2011-07-01,2011,7,Palm kernel oil,Oils & Meals,($/mt),1373.0,-22.08,-27.96,29.04,146.94,-2.67
2011-08-01,2011,8,Palm kernel oil,Oils & Meals,($/mt),1378.0,0.36,-30.58,17.68,143.03,-0.2
2011-09-01,2011,9,Palm kernel oil,Oils & Meals,($/mt),1264.0,-8.27,-28.26,0.32,132.35,-0.83
2011-10-01,2011,10,Palm kernel oil,Oils & Meals,($/mt),1083.0,-14.32,-21.12,-23.79,94.09,-1.18
2011-11-01,2011,11,Palm kernel oil,Oils & Meals,($/mt),1294.0,19.48,-6.1,-20.66,117.85,1.63
2011-12-01,2011,12,Palm kernel oil,Oils & Meals,($/mt),1377.0,6.41,8.94,-24.75,114.82,0.56
2012-01-01,2012,1,Palm kernel oil,Oils & Meals,($/mt),1362.0,-1.09,25.76,-36.33,109.86,0.04
2012-02-01,2012,2,Palm kernel oil,Oils & Meals,($/mt),1365.0,0.22,5.49,-40.86,101.62,0.28
2012-03-01,2012,3,Palm kernel oil,Oils & Meals,($/mt),1366.0,0.07,-0.8,-30.84,94.86,0.34
2012-04-01,2012,4,Palm kernel oil,Oils & Meals,($/mt),1395.0,2.12,2.42,-26.81,75.03,0.43
2012-05-01,2012,5,Palm kernel oil,Oils & Meals,($/mt),1237.0,-11.33,-9.38,-37.68,42.68,-0.86
2012-06-01,2012,6,Palm kernel oil,Oils & Meals,($/mt),1089.0,-11.96,-20.28,-38.2,12.5,-0.79
2012-07-01,2012,7,Palm kernel oil,Oils & Meals,($/mt),1063.0,-2.39,-23.8,-22.58,15.54,0.09
2012-08-01,2012,8,Palm kernel oil,Oils & Meals,($/mt),1008.0,-5.17,-18.51,-26.85,11.5,-0.37
2012-09-01,2012,9,Palm kernel oil,Oils & Meals,($/mt),980.0,-2.78,-10.01,-22.47,5.72,-0.06
2012-10-01,2012,10,Palm kernel oil,Oils & Meals,($/mt),863.0,-11.94,-18.81,-20.31,-13.7,-1.12
2012-11-01,2012,11,Palm kernel oil,Oils & Meals,($/mt),807.0,-6.49,-19.94,-37.64,-27.62,-0.56
2012-12-01,2012,12,Palm kernel oil,Oils & Meals,($/mt),754.0,-6.57,-23.06,-45.24,-33.69,-0.49
2013-01-01,2013,1,Palm kernel oil,Oils & Meals,($/mt),801.0,6.23,-7.18,-41.19,-37.32,2.22
2013-02-01,2013,2,Palm kernel oil,Oils & Meals,($/mt),836.0,4.37,3.59,-38.75,-39.94,1.46
2013-03-01,2013,3,Palm kernel oil,Oils & Meals,($/mt),833.0,-0.36,10.48,-39.02,-42.79,0.56
2013-04-01,2013,4,Palm kernel oil,Oils & Meals,($/mt),831.0,-0.24,3.75,-40.43,-41.73,0.58
2013-05-01,2013,5,Palm kernel oil,Oils & Meals,($/mt),828.0,-0.36,-0.96,-33.06,-42.22,0.61
2013-06-01,2013,6,Palm kernel oil,Oils & Meals,($/mt),854.0,3.14,2.52,-21.58,-38.87,1.11
2013-07-01,2013,7,Palm kernel oil,Oils & Meals,($/mt),836.0,-2.11,0.6,-21.35,-33.28,-0.04
2013-08-01,2013,8,Palm kernel oil,Oils & Meals,($/mt),869.0,3.95,4.95,-13.79,-18.33,1.12
2013-09-01,2013,9,Palm kernel oil,Oils & Meals,($/mt),910.0,4.72,6.56,-7.14,-8.45,1.1
2013-10-01,2013,10,Palm kernel oil,Oils & Meals,($/mt),912.0,0.22,9.09,5.68,21.44,0.13
2013-11-01,2013,11,Palm kernel oil,Oils & Meals,($/mt),1108.0,21.49,27.5,37.3,115.15,5.01
2013-12-01,2013,12,Palm kernel oil,Oils & Meals,($/mt),1147.0,3.52,26.04,52.12,112.41,0.09
2014-01-01,2014,1,Palm kernel oil,Oils & Meals,($/mt),1159.0,1.05,27.08,44.69,108.45,-0.43
2014-02-01,2014,2,Palm kernel oil,Oils & Meals,($/mt),1292.0,11.48,16.61,54.55,128.67,1.33
2014-03-01,2014,3,Palm kernel oil,Oils & Meals,($/mt),1377.0,6.58,20.05,65.31,134.98,0.41
2014-04-01,2014,4,Palm kernel oil,Oils & Meals,($/mt),1292.0,-6.17,11.48,55.48,80.95,-1.63
2014-05-01,2014,5,Palm kernel oil,Oils & Meals,($/mt),1255.0,-2.86,-2.86,51.57,51.75,-0.96
2014-06-01,2014,6,Palm kernel oil,Oils & Meals,($/mt),1234.0,-1.67,-10.38,44.5,68.35,-0.75
2014-07-01,2014,7,Palm kernel oil,Oils & Meals,($/mt),1106.0,-10.37,-14.4,32.3,66.57,-1.85
2014-08-01,2014,8,Palm kernel oil,Oils & Meals,($/mt),939.0,-15.1,-25.18,8.06,29.34,-2.14
2014-09-01,2014,9,Palm kernel oil,Oils & Meals,($/mt),905.0,-3.62,-26.66,-0.55,29.1,-0.48
2014-10-01,2014,10,Palm kernel oil,Oils & Meals,($/mt),936.0,3.43,-15.37,2.63,28.75,0.31
2014-11-01,2014,11,Palm kernel oil,Oils & Meals,($/mt),970.0,3.63,3.3,-12.45,28.48,0.31
2014-12-01,2014,12,Palm kernel oil,Oils & Meals,($/mt),972.0,0.21,7.4,-15.26,16.41,0.14
2015-01-01,2015,1,Palm kernel oil,Oils & Meals,($/mt),1010.0,3.91,7.91,-12.86,14.77,0.69
2015-02-01,2015,2,Palm kernel oil,Oils & Meals,($/mt),1052.0,4.16,8.45,-18.58,17.67,0.68
2015-03-01,2015,3,Palm kernel oil,Oils & Meals,($/mt),1021.0,-2.95,5.04,-25.85,2.41,-0.22
2015-04-01,2015,4,Palm kernel oil,Oils & Meals,($/mt),980.0,-4.02,-2.97,-24.15,-4.02,-0.29
2015-05-01,2015,5,Palm kernel oil,Oils & Meals,($/mt),962.0,-1.84,-8.56,-23.35,-6.69,0.05
2015-06-01,2015,6,Palm kernel oil,Oils & Meals,($/mt),914.0,-4.99,-10.48,-25.93,-12.95,-0.5
2015-07-01,2015,7,Palm kernel oil,Oils & Meals,($/mt),869.0,-4.92,-11.33,-21.43,-18.33,-0.44
2015-08-01,2015,8,Palm kernel oil,Oils & Meals,($/mt),735.0,-15.42,-23.6,-21.73,-37.23,-2.46
2015-09-01,2015,9,Palm kernel oil,Oils & Meals,($/mt),800.0,8.84,-12.47,-11.6,-36.51,1.92
2015-10-01,2015,10,Palm kernel oil,Oils & Meals,($/mt),858.0,7.25,-1.27,-8.33,-39.62,1.27
2015-11-01,2015,11,Palm kernel oil,Oils & Meals,($/mt),789.0,-8.04,7.35,-18.66,-51.62,-1.13
2015-12-01,2015,12,Palm kernel oil,Oils & Meals,($/mt),850.0,7.73,6.25,-12.55,-53.55,1.34
2016-01-01,2016,1,Palm kernel oil,Oils & Meals,($/mt),896.0,5.41,4.43,-11.29,-58.11,0.85
2016-02-01,2016,2,Palm kernel oil,Oils & Meals,($/mt),987.0,10.16,25.1,-6.18,-57.24,1.46
2016-03-01,2016,3,Palm kernel oil,Oils & Meals,($/mt),1211.0,22.7,42.47,18.61,-38.68,2.87
2016-04-01,2016,4,Palm kernel oil,Oils & Meals,($/mt),1299.0,7.27,44.98,32.55,-31.85,0.52
2016-05-01,2016,5,Palm kernel oil,Oils & Meals,($/mt),1218.0,-6.24,23.4,26.61,-38.64,-0.89
2016-06-01,2016,6,Palm kernel oil,Oils & Meals,($/mt),1337.0,9.77,10.4,46.28,-24.12,0.7
2016-07-01,2016,7,Palm kernel oil,Oils & Meals,($/mt),1290.0,-3.52,-0.69,48.45,-6.05,-0.7
2016-08-01,2016,8,Palm kernel oil,Oils & Meals,($/mt),1424.0,10.39,16.91,93.74,3.34,0.64
2016-09-01,2016,9,Palm kernel oil,Oils & Meals,($/mt),1444.0,1.4,8.0,80.5,14.24,-0.54
2016-10-01,2016,10,Palm kernel oil,Oils & Meals,($/mt),1331.0,-7.83,3.18,55.13,22.9,-1.56
2016-11-01,2016,11,Palm kernel oil,Oils & Meals,($/mt),1513.0,13.67,6.25,91.76,16.92,1.04
2016-12-01,2016,12,Palm kernel oil,Oils & Meals,($/mt),1666.0,10.11,15.37,96.0,20.99,0.48
2017-01-01,2017,1,Palm kernel oil,Oils & Meals,($/mt),1737.0,4.26,30.5,93.86,27.53,-0.21
2017-02-01,2017,2,Palm kernel oil,Oils & Meals,($/mt),1567.0,-9.79,3.57,58.76,14.8,-1.78
2017-03-01,2017,3,Palm kernel oil,Oils & Meals,($/mt),1230.0,-21.51,-26.17,1.57,-9.96,-2.63
2017-04-01,2017,4,Palm kernel oil,Oils & Meals,($/mt),1086.0,-11.71,-37.48,-16.4,-22.15,-1.17
2017-05-01,2017,5,Palm kernel oil,Oils & Meals,($/mt),1099.0,1.2,-29.87,-9.77,-11.16,0.19
2017-06-01,2017,6,Palm kernel oil,Oils & Meals,($/mt),1031.0,-6.19,-16.18,-22.89,-5.33,-0.55
2017-07-01,2017,7,Palm kernel oil,Oils & Meals,($/mt),1034.0,0.29,-4.79,-19.84,-2.73,0.18
2017-08-01,2017,8,Palm kernel oil,Oils & Meals,($/mt),1174.0,13.54,6.82,-17.56,16.47,1.43
2017-09-01,2017,9,Palm kernel oil,Oils & Meals,($/mt),1336.0,13.8,29.58,-7.48,36.33,1.38
2017-10-01,2017,10,Palm kernel oil,Oils & Meals,($/mt),1419.0,6.21,37.23,6.61,64.43,0.54
2017-11-01,2017,11,Palm kernel oil,Oils & Meals,($/mt),1445.0,1.83,23.08,-4.49,79.06,0.06
2017-12-01,2017,12,Palm kernel oil,Oils & Meals,($/mt),1306.0,-9.62,-2.25,-21.61,73.21,-0.91
2018-01-01,2018,1,Palm kernel oil,Oils & Meals,($/mt),1265.0,-3.14,-10.85,-27.17,57.93,-0.16
2018-02-01,2018,2,Palm kernel oil,Oils & Meals,($/mt),1145.0,-9.49,-20.76,-26.93,36.96,-0.71
2018-03-01,2018,3,Palm kernel oil,Oils & Meals,($/mt),1016.0,-11.27,-22.21,-17.4,21.97,-0.88
2018-04-01,2018,4,Palm kernel oil,Oils & Meals,($/mt),1007.0,-0.89,-20.4,-7.27,21.18,0.04
2018-05-01,2018,5,Palm kernel oil,Oils & Meals,($/mt),935.0,-7.15,-18.34,-14.92,12.92,-0.82
2018-06-01,2018,6,Palm kernel oil,Oils & Meals,($/mt),866.0,-7.38,-14.76,-16.0,1.41,-0.74
2018-07-01,2018,7,Palm kernel oil,Oils & Meals,($/mt),877.0,1.27,-12.91,-15.18,4.9,0.27
2018-08-01,2018,8,Palm kernel oil,Oils & Meals,($/mt),900.0,2.62,-3.74,-23.34,3.57,0.42
2018-09-01,2018,9,Palm kernel oil,Oils & Meals,($/mt),866.0,-3.78,0.0,-35.18,-4.84,-0.25
2018-10-01,2018,10,Palm kernel oil,Oils & Meals,($/mt),794.0,-8.31,-9.46,-44.05,-12.94,-0.87
2018-11-01,2018,11,Palm kernel oil,Oils & Meals,($/mt),708.0,-10.83,-21.33,-51.0,-36.1,-1.27
2018-12-01,2018,12,Palm kernel oil,Oils & Meals,($/mt),738.0,4.24,-14.78,-43.49,-35.66,2.08
2019-01-01,2019,1,Palm kernel oil,Oils & Meals,($/mt),765.0,3.66,-3.65,-39.53,-33.99,1.52
2019-02-01,2019,2,Palm kernel oil,Oils & Meals,($/mt),695.0,-9.15,-1.84,-39.3,-46.21,-0.89
2019-03-01,2019,3,Palm kernel oil,Oils & Meals,($/mt),655.0,-5.76,-11.25,-35.53,-52.43,-0.32
2019-04-01,2019,4,Palm kernel oil,Oils & Meals,($/mt),636.0,-2.9,-16.86,-36.84,-50.77,0.1
2019-05-01,2019,5,Palm kernel oil,Oils & Meals,($/mt),573.0,-9.91,-17.55,-38.72,-54.34,-1.18
2019-06-01,2019,6,Palm kernel oil,Oils & Meals,($/mt),542.0,-5.41,-17.25,-37.41,-56.08,-0.28
2019-07-01,2019,7,Palm kernel oil,Oils & Meals,($/mt),555.0,2.4,-12.74,-36.72,-49.82,1.11
2019-08-01,2019,8,Palm kernel oil,Oils & Meals,($/mt),619.0,11.53,8.03,-31.22,-34.08,2.71
2019-09-01,2019,9,Palm kernel oil,Oils & Meals,($/mt),613.0,-0.97,13.1,-29.21,-32.27,0.27
2019-10-01,2019,10,Palm kernel oil,Oils & Meals,($/mt),594.0,-3.1,7.03,-25.19,-36.54,-0.07
2019-11-01,2019,11,Palm kernel oil,Oils & Meals,($/mt),767.0,29.12,23.91,8.33,-20.93,4.67
2019-12-01,2019,12,Palm kernel oil,Oils & Meals,($/mt),970.0,26.47,58.24,31.44,-0.21,2.36
2020-01-01,2020,1,Palm kernel oil,Oils & Meals,($/mt),971.0,0.1,63.47,26.93,-3.86,-0.22
2020-02-01,2020,2,Palm kernel oil,Oils & Meals,($/mt),802.0,-17.4,4.56,15.4,-23.76,-1.55
2020-03-01,2020,3,Palm kernel oil,Oils & Meals,($/mt),691.0,-13.84,-28.76,5.5,-32.32,-1.14
2020-04-01,2020,4,Palm kernel oil,Oils & Meals,($/mt),721.0,4.34,-25.75,13.36,-26.43,0.21
2020-05-01,2020,5,Palm kernel oil,Oils & Meals,($/mt),685.0,-4.99,-14.59,19.55,-28.79,-0.48
2020-06-01,2020,6,Palm kernel oil,Oils & Meals,($/mt),725.0,5.84,4.92,33.76,-20.68,0.25
2020-07-01,2020,7,Palm kernel oil,Oils & Meals,($/mt),684.0,-5.66,-5.13,23.24,-21.29,-0.64
2020-08-01,2020,8,Palm kernel oil,Oils & Meals,($/mt),739.0,8.04,7.88,19.39,0.54,0.38
2020-09-01,2020,9,Palm kernel oil,Oils & Meals,($/mt),768.0,3.92,5.93,25.29,-4.0,0.11
2020-10-01,2020,10,Palm kernel oil,Oils & Meals,($/mt),806.0,4.95,17.84,35.69,-6.06,0.16
2020-11-01,2020,11,Palm kernel oil,Oils & Meals,($/mt),1073.0,33.13,45.2,39.9,35.99,2.14
2020-12-01,2020,12,Palm kernel oil,Oils & Meals,($/mt),1225.0,14.17,59.51,26.29,44.12,0.71
2021-01-01,2021,1,Palm kernel oil,Oils & Meals,($/mt),1368.0,11.67,69.73,40.89,52.68,0.68
2021-02-01,2021,2,Palm kernel oil,Oils & Meals,($/mt),1360.0,-0.58,26.75,69.58,37.79,-0.32
2021-03-01,2021,3,Palm kernel oil,Oils & Meals,($/mt),1479.0,8.75,20.73,114.04,22.13,0.31
2021-04-01,2021,4,Palm kernel oil,Oils & Meals,($/mt),1487.0,0.54,8.7,106.24,14.47,-0.63
2021-05-01,2021,5,Palm kernel oil,Oils & Meals,($/mt),1531.0,2.96,12.57,123.5,25.7,-0.36
2021-06-01,2021,6,Palm kernel oil,Oils & Meals,($/mt),1400.0,-8.56,-5.34,93.1,4.71,-1.62
2021-07-01,2021,7,Palm kernel oil,Oils & Meals,($/mt),1274.0,-9.0,-14.32,86.26,-1.24,-1.4
2021-08-01,2021,8,Palm kernel oil,Oils & Meals,($/mt),1341.0,5.26,-12.41,81.46,-5.83,-0.05
2021-09-01,2021,9,Palm kernel oil,Oils & Meals,($/mt),1427.0,6.41,1.93,85.81,-1.18,0.07
2021-10-01,2021,10,Palm kernel oil,Oils & Meals,($/mt),1818.0,27.4,42.7,125.56,36.59,1.94
2021-11-01,2021,11,Palm kernel oil,Oils & Meals,($/mt),2050.0,12.76,52.87,91.05,35.49,0.4
2021-12-01,2021,12,Palm kernel oil,Oils & Meals,($/mt),1861.0,-9.22,30.41,51.92,11.7,-1.5
2022-01-01,2022,1,Palm kernel oil,Oils & Meals,($/mt),2196.0,18.0,20.79,60.53,26.42,1.31
2022-02-01,2022,2,Palm kernel oil,Oils & Meals,($/mt),2443.0,11.25,19.17,79.63,55.9,0.6
2022-03-01,2022,3,Palm kernel oil,Oils & Meals,($/mt),2441.0,-0.08,31.17,65.04,98.46,-0.5
2022-04-01,2022,4,Palm kernel oil,Oils & Meals,($/mt),2064.0,-15.44,-6.01,38.8,90.06,-1.79
2022-05-01,2022,5,Palm kernel oil,Oils & Meals,($/mt),1811.0,-12.26,-25.87,18.29,64.79,-1.24
2022-06-01,2022,6,Palm kernel oil,Oils & Meals,($/mt),1555.0,-14.14,-36.3,11.07,50.82,-1.21
2022-07-01,2022,7,Palm kernel oil,Oils & Meals,($/mt),1301.0,-16.33,-36.97,2.12,25.82,-1.29
2022-08-01,2022,8,Palm kernel oil,Oils & Meals,($/mt),1173.0,-9.84,-35.23,-12.53,-0.09,-0.75
2022-09-01,2022,9,Palm kernel oil,Oils & Meals,($/mt),1249.0,6.48,-19.68,-12.47,-6.51,0.44
2022-10-01,2022,10,Palm kernel oil,Oils & Meals,($/mt),1039.0,-16.81,-20.14,-42.85,-26.78,-1.12
2022-11-01,2022,11,Palm kernel oil,Oils & Meals,($/mt),1062.0,2.21,-9.46,-48.2,-26.51,0.47
2022-12-01,2022,12,Palm kernel oil,Oils & Meals,($/mt),1067.0,0.47,-14.57,-42.67,-18.3,0.43
2023-01-01,2023,1,Palm kernel oil,Oils & Meals,($/mt),1060.0,-0.66,2.02,-51.73,-16.21,0.27
2023-02-01,2023,2,Palm kernel oil,Oils & Meals,($/mt),1037.0,-2.17,-2.35,-57.55,-9.43,0.33
2023-03-01,2023,3,Palm kernel oil,Oils & Meals,($/mt),1052.0,1.45,-1.41,-56.9,3.54,0.95
2023-04-01,2023,4,Palm kernel oil,Oils & Meals,($/mt),1017.0,-3.33,-4.06,-50.73,0.99,0.36
2023-05-01,2023,5,Palm kernel oil,Oils & Meals,($/mt),993.0,-2.36,-4.24,-45.17,6.2,0.38
2023-06-01,2023,6,Palm kernel oil,Oils & Meals,($/mt),928.0,-6.55,-11.79,-40.32,7.16,-0.25
2023-07-01,2023,7,Palm kernel oil,Oils & Meals,($/mt),998.0,7.54,-1.87,-23.29,13.8,1.59
2023-08-01,2023,8,Palm kernel oil,Oils & Meals,($/mt),998.0,0.0,0.5,-14.92,10.89,0.29
2023-09-01,2023,9,Palm kernel oil,Oils & Meals,($/mt),958.0,-4.01,3.23,-23.3,10.62,-0.45
2023-10-01,2023,10,Palm kernel oil,Oils & Meals,($/mt),912.0,-4.8,-8.62,-12.22,14.86,-0.47
2023-11-01,2023,11,Palm kernel oil,Oils & Meals,($/mt),968.0,6.14,-3.01,-8.85,36.72,1.9
2023-12-01,2023,12,Palm kernel oil,Oils & Meals,($/mt),966.0,-0.21,0.84,-9.47,30.89,0.11
2024-01-01,2024,1,Palm kernel oil,Oils & Meals,($/mt),978.0,1.24,7.24,-7.74,27.84,0.47
2024-02-01,2024,2,Palm kernel oil,Oils & Meals,($/mt),1034.0,5.73,6.82,-0.29,48.78,1.49
2024-03-01,2024,3,Palm kernel oil,Oils & Meals,($/mt),1177.0,13.83,21.84,11.88,79.69,3.01
2024-04-01,2024,4,Palm kernel oil,Oils & Meals,($/mt),1290.0,9.6,31.9,26.84,102.83,1.4
2024-05-01,2024,5,Palm kernel oil,Oils & Meals,($/mt),1196.0,-7.29,15.67,20.44,108.73,-1.49
2024-06-01,2024,6,Palm kernel oil,Oils & Meals,($/mt),1156.0,-3.34,-1.78,24.57,113.28,-0.75
2024-07-01,2024,7,Palm kernel oil,Oils & Meals,($/mt),1365.0,18.08,5.81,36.77,145.95,2.46
2024-08-01,2024,8,Palm kernel oil,Oils & Meals,($/mt),1480.0,8.42,23.75,48.3,139.1,0.7
2024-09-01,2024,9,Palm kernel oil,Oils & Meals,($/mt),1515.0,2.36,31.06,58.14,147.15,-0.16
2024-10-01,2024,10,Palm kernel oil,Oils & Meals,($/mt),1636.0,7.99,19.85,79.39,175.42,0.5
2024-11-01,2024,11,Palm kernel oil,Oils & Meals,($/mt),2015.0,23.17,36.15,108.16,162.71,2.51
2024-12-01,2024,12,Palm kernel oil,Oils & Meals,($/mt),2099.0,4.17,38.55,117.29,116.39,-0.28
2025-01-01,2025,1,Palm kernel oil,Oils & Meals,($/mt),1962.0,-6.53,19.93,100.61,102.06,-1.57
2025-02-01,2025,2,Palm kernel oil,Oils & Meals,($/mt),1947.0,-0.76,-3.37,88.3,142.77,-0.76
2025-03-01,2025,3,Palm kernel oil,Oils & Meals,($/mt),2064.0,6.01,-1.67,75.36,198.7,0.02
2025-04-01,2025,4,Palm kernel oil,Oils & Meals,($/mt),2090.0,1.26,6.52,62.02,189.88,-0.42
2025-05-01,2025,5,Palm kernel oil,Oils & Meals,($/mt),2003.0,-4.16,2.88,67.47,192.41,-0.94
2025-06-01,2025,6,Palm kernel oil,Oils & Meals,($/mt),1860.0,-7.14,-9.88,60.9,156.55,-1.34
2025-07-01,2025,7,Palm kernel oil,Oils & Meals,($/mt),2097.0,12.74,0.33,53.63,206.58,0.9
2025-08-01,2025,8,Palm kernel oil,Oils & Meals,($/mt),2264.0,7.96,13.03,52.97,206.36,0.46
2025-09-01,2025,9,Palm kernel oil,Oils & Meals,($/mt),2414.0,6.63,29.78,59.34,214.32,0.31
2025-10-01,2025,10,Palm kernel oil,Oils & Meals,($/mt),2273.0,-5.84,8.39,38.94,182.01,-1.17
2025-11-01,2025,11,Palm kernel oil,Oils & Meals,($/mt),2153.0,-5.28,-4.9,6.85,100.65,-0.93
2025-12-01,2025,12,Palm kernel oil,Oils & Meals,($/mt),1993.0,-7.43,-17.44,-5.05,62.69,-1.22
2026-01-01,2026,1,Palm kernel oil,Oils & Meals,($/mt),2125.0,6.62,-6.51,8.31,55.34,0.98
2026-02-01,2026,2,Palm kernel oil,Oils & Meals,($/mt),2295.0,8.0,6.6,17.87,68.75,1.03
2026-03-01,2026,3,Palm kernel oil,Oils & Meals,($/mt),2574.0,12.16,29.15,24.71,74.04,1.47
2026-04-01,2026,4,Palm kernel oil,Oils & Meals,($/mt),2606.0,1.24,22.64,24.69,75.25,-0.11
2026-05-01,2026,5,Palm kernel oil,Oils & Meals,($/mt),2416.0,-7.29,5.27,20.62,57.81,-1.22
2026-06-01,2026,6,Palm kernel oil,Oils & Meals,($/mt),2166.0,-10.35,-15.85,16.45,54.71,-1.52
2026-07-01,2026,7,Palm kernel oil,Oils & Meals,($/mt),2413.0,11.4,-7.41,15.07,89.4,1.17
2026-08-01,2026,8,Palm kernel oil,Oils & Meals,($/mt),2264.0,-6.17,-6.29,0.0,68.83,-0.93
2026-09-01,2026,9,Palm kernel oil,Oils & Meals,($/mt),2355.0,4.02,8.73,-2.44,65.03,0.45
1960-01-01,1960,1,Palm oil,Oils & Meals,($/mt),233.0,,,,,
1960-02-01,1960,2,Palm oil,Oils & Meals,($/mt),229.0,-1.72,,,,
1960-03-01,1960,3,Palm oil,Oils & Meals,($/mt),225.0,-1.75,,,,
1960-04-01,1960,4,Palm oil,Oils & Meals,($/mt),225.0,0.0,-3.43,,,
1960-05-01,1960,5,Palm oil,Oils & Meals,($/mt),225.0,0.0,-1.75,,,
1960-06-01,1960,6,Palm oil,Oils & Meals,($/mt),219.0,-2.67,-2.67,,,
1960-07-01,1960,7,Palm oil,Oils & Meals,($/mt),221.0,0.91,-1.78,,,
1960-08-01,1960,8,Palm oil,Oils & Meals,($/mt),225.0,1.81,0.0,,,1.95
1960-09-01,1960,9,Palm oil,Oils & Meals,($/mt),224.0,-0.44,2.28,,,0.03
1960-10-01,1960,10,Palm oil,Oils & Meals,($/mt),222.0,-0.89,0.45,,,-0.28
1960-11-01,1960,11,Palm oil,Oils & Meals,($/mt),222.0,0.0,-1.33,,,0.38
1960-12-01,1960,12,Palm oil,Oils & Meals,($/mt),223.0,0.45,-0.45,,,0.69
1961-01-01,1961,1,Palm oil,Oils & Meals,($/mt),223.0,0.0,0.45,-4.29,,0.3
1961-02-01,1961,2,Palm oil,Oils & Meals,($/mt),228.0,2.24,2.7,-0.44,,2.1
1961-03-01,1961,3,Palm oil,Oils & Meals,($/mt),231.0,1.32,3.59,2.67,,0.98
1961-04-01,1961,4,Palm oil,Oils & Meals,($/mt),233.0,0.87,4.48,3.56,,0.49
1961-05-01,1961,5,Palm oil,Oils & Meals,($/mt),234.0,0.43,2.63,4.0,,0.1
1961-06-01,1961,6,Palm oil,Oils & Meals,($/mt),233.0,-0.43,0.87,6.39,,-0.58
1961-07-01,1961,7,Palm oil,Oils & Meals,($/mt),229.0,-1.72,-1.72,3.62,,-2.36
1961-08-01,1961,8,Palm oil,Oils & Meals,($/mt),226.0,-1.31,-3.42,0.44,,-1.42
1961-09-01,1961,9,Palm oil,Oils & Meals,($/mt),226.0,0.0,-3.0,0.89,,-0.04
1961-10-01,1961,10,Palm oil,Oils & Meals,($/mt),226.0,0.0,-1.31,1.8,,-0.07
1961-11-01,1961,11,Palm oil,Oils & Meals,($/mt),226.0,0.0,0.0,1.8,,-0.14
1961-12-01,1961,12,Palm oil,Oils & Meals,($/mt),226.0,0.0,0.0,1.35,,-0.14
1962-01-01,1962,1,Palm oil,Oils & Meals,($/mt),236.0,4.42,4.42,5.83,,4.06
1962-02-01,1962,2,Palm oil,Oils & Meals,($/mt),237.0,0.42,4.87,3.95,,-0.04
1962-03-01,1962,3,Palm oil,Oils & Meals,($/mt),223.0,-5.91,-1.33,-3.46,,-4.06
1962-04-01,1962,4,Palm oil,Oils & Meals,($/mt),220.0,-1.35,-6.78,-5.58,,-0.46
1962-05-01,1962,5,Palm oil,Oils & Meals,($/mt),219.0,-0.45,-7.59,-6.41,,-0.0
1962-06-01,1962,6,Palm oil,Oils & Meals,($/mt),216.0,-1.37,-3.14,-7.3,,-0.37
1962-07-01,1962,7,Palm oil,Oils & Meals,($/mt),213.0,-1.39,-3.18,-6.99,,-0.34
1962-08-01,1962,8,Palm oil,Oils & Meals,($/mt),209.0,-1.88,-4.57,-7.52,,-0.57
1962-09-01,1962,9,Palm oil,Oils & Meals,($/mt),205.0,-1.91,-5.09,-9.29,,-0.56
1962-10-01,1962,10,Palm oil,Oils & Meals,($/mt),197.0,-3.9,-7.51,-12.83,,-1.33
1962-11-01,1962,11,Palm oil,Oils & Meals,($/mt),208.0,5.58,-0.48,-7.96,,2.69
1962-12-01,1962,12,Palm oil,Oils & Meals,($/mt),211.0,1.44,2.93,-6.64,,0.66
1963-01-01,1963,1,Palm oil,Oils & Meals,($/mt),218.0,3.32,10.66,-7.63,,1.2
1963-02-01,1963,2,Palm oil,Oils & Meals,($/mt),218.0,0.0,4.81,-8.02,,0.2
1963-03-01,1963,3,Palm oil,Oils & Meals,($/mt),218.0,0.0,3.32,-2.24,,0.21
1963-04-01,1963,4,Palm oil,Oils & Meals,($/mt),218.0,0.0,0.0,-0.91,,0.06
1963-05-01,1963,5,Palm oil,Oils & Meals,($/mt),218.0,0.0,0.0,-0.46,,0.02
1963-06-01,1963,6,Palm oil,Oils & Meals,($/mt),220.0,0.92,0.92,1.85,,0.37
1963-07-01,1963,7,Palm oil,Oils & Meals,($/mt),222.0,0.91,1.83,4.23,,0.29
1963-08-01,1963,8,Palm oil,Oils & Meals,($/mt),225.0,1.35,3.21,7.66,,0.4
1963-09-01,1963,9,Palm oil,Oils & Meals,($/mt),225.0,0.0,2.27,9.76,,-0.27
1963-10-01,1963,10,Palm oil,Oils & Meals,($/mt),227.0,0.89,2.25,15.23,,0.04
1963-11-01,1963,11,Palm oil,Oils & Meals,($/mt),230.0,1.32,2.22,10.58,,0.07
1963-12-01,1963,12,Palm oil,Oils & Meals,($/mt),232.0,0.87,3.11,9.95,,0.02
1964-01-01,1964,1,Palm oil,Oils & Meals,($/mt),233.0,0.43,2.64,6.88,,-0.38
1964-02-01,1964,2,Palm oil,Oils & Meals,($/mt),233.0,0.0,1.3,6.88,,-1.03
1964-03-01,1964,3,Palm oil,Oils & Meals,($/mt),233.0,0.0,0.43,6.88,,-1.03
1964-04-01,1964,4,Palm oil,Oils & Meals,($/mt),233.0,0.0,0.0,6.88,,-1.03
1964-05-01,1964,5,Palm oil,Oils & Meals,($/mt),233.0,0.0,0.0,6.88,,-1.03
1964-06-01,1964,6,Palm oil,Oils & Meals,($/mt),234.0,0.43,0.43,6.36,,-0.24
1964-07-01,1964,7,Palm oil,Oils & Meals,($/mt),235.0,0.43,0.86,5.86,,-0.17
1964-08-01,1964,8,Palm oil,Oils & Meals,($/mt),236.0,0.43,1.29,4.89,,-0.1
1964-09-01,1964,9,Palm oil,Oils & Meals,($/mt),238.0,0.85,1.71,5.78,,1.02
1964-10-01,1964,10,Palm oil,Oils & Meals,($/mt),251.0,5.46,6.81,10.57,,11.44
1964-11-01,1964,11,Palm oil,Oils & Meals,($/mt),255.0,1.59,8.05,10.87,,0.49
1964-12-01,1964,12,Palm oil,Oils & Meals,($/mt),261.0,2.35,9.66,12.5,,0.97
1965-01-01,1965,1,Palm oil,Oils & Meals,($/mt),266.0,1.92,5.98,14.16,14.16,0.58
1965-02-01,1965,2,Palm oil,Oils & Meals,($/mt),283.0,6.39,10.98,21.46,23.58,3.32
1965-03-01,1965,3,Palm oil,Oils & Meals,($/mt),292.0,3.18,11.88,25.32,29.78,0.71
1965-04-01,1965,4,Palm oil,Oils & Meals,($/mt),298.0,2.05,12.03,27.9,32.44,0.06
1965-05-01,1965,5,Palm oil,Oils & Meals,($/mt),303.0,1.68,7.07,30.04,34.67,-0.2
1965-06-01,1965,6,Palm oil,Oils & Meals,($/mt),295.0,-2.64,1.03,26.07,34.7,-2.52
1965-07-01,1965,7,Palm oil,Oils & Meals,($/mt),280.0,-5.08,-6.04,19.15,26.7,-3.0
1965-08-01,1965,8,Palm oil,Oils & Meals,($/mt),258.0,-7.86,-14.85,9.32,14.67,-3.02
1965-09-01,1965,9,Palm oil,Oils & Meals,($/mt),247.0,-4.26,-16.27,3.78,10.27,-1.24
1965-10-01,1965,10,Palm oil,Oils & Meals,($/mt),250.0,1.21,-10.71,-0.4,12.61,0.19
1965-11-01,1965,11,Palm oil,Oils & Meals,($/mt),250.0,0.0,-3.1,-1.96,12.61,-0.01
1965-12-01,1965,12,Palm oil,Oils & Meals,($/mt),249.0,-0.4,0.81,-4.6,11.66,-0.08
1966-01-01,1966,1,Palm oil,Oils & Meals,($/mt),247.0,-0.8,-1.2,-7.14,10.76,-0.12
1966-02-01,1966,2,Palm oil,Oils & Meals,($/mt),248.0,0.4,-0.8,-12.37,8.77,0.24
1966-03-01,1966,3,Palm oil,Oils & Meals,($/mt),245.0,-1.21,-1.61,-16.1,6.06,-0.05
1966-04-01,1966,4,Palm oil,Oils & Meals,($/mt),234.0,-4.49,-5.26,-21.48,0.43,-1.02
1966-05-01,1966,5,Palm oil,Oils & Meals,($/mt),226.0,-3.42,-8.87,-25.41,-3.42,-0.5
1966-06-01,1966,6,Palm oil,Oils & Meals,($/mt),225.0,-0.44,-8.16,-23.73,-3.43,0.72
1966-07-01,1966,7,Palm oil,Oils & Meals,($/mt),235.0,4.44,0.43,-16.07,2.62,2.4
1966-08-01,1966,8,Palm oil,Oils & Meals,($/mt),240.0,2.13,6.19,-6.98,6.19,1.11
1966-09-01,1966,9,Palm oil,Oils & Meals,($/mt),240.0,0.0,6.67,-2.83,6.19,0.22
1966-10-01,1966,10,Palm oil,Oils & Meals,($/mt),231.0,-3.75,-1.7,-7.6,2.21,-1.52
1966-11-01,1966,11,Palm oil,Oils & Meals,($/mt),226.0,-2.16,-5.83,-9.6,0.0,-0.62
1966-12-01,1966,12,Palm oil,Oils & Meals,($/mt),231.0,2.21,-3.75,-7.23,2.21,1.2
1967-01-01,1967,1,Palm oil,Oils & Meals,($/mt),234.0,1.3,1.3,-5.26,-0.85,0.71
1967-02-01,1967,2,Palm oil,Oils & Meals,($/mt),231.0,-1.28,2.21,-6.85,-2.53,-0.32
1967-03-01,1967,3,Palm oil,Oils & Meals,($/mt),223.0,-3.46,-3.46,-8.98,0.0,-1.07
1967-04-01,1967,4,Palm oil,Oils & Meals,($/mt),223.0,0.0,-4.7,-4.7,1.36,0.26
1967-05-01,1967,5,Palm oil,Oils & Meals,($/mt),224.0,0.45,-3.03,-0.88,2.28,0.32
1967-06-01,1967,6,Palm oil,Oils & Meals,($/mt),229.0,2.23,2.69,1.78,6.02,0.95
1967-07-01,1967,7,Palm oil,Oils & Meals,($/mt),229.0,0.0,2.69,-2.55,7.51,-0.07
1967-08-01,1967,8,Palm oil,Oils & Meals,($/mt),229.0,0.0,2.23,-4.58,9.57,0.09
1967-09-01,1967,9,Palm oil,Oils & Meals,($/mt),225.0,-1.75,-1.75,-6.25,9.76,-0.7
1967-10-01,1967,10,Palm oil,Oils & Meals,($/mt),222.0,-1.33,-3.06,-3.9,12.69,-0.41
1967-11-01,1967,11,Palm oil,Oils & Meals,($/mt),218.0,-1.8,-4.8,-3.54,4.81,-0.85
1967-12-01,1967,12,Palm oil,Oils & Meals,($/mt),195.0,-10.55,-13.33,-15.58,-7.58,-5.97
1968-01-01,1968,1,Palm oil,Oils & Meals,($/mt),191.0,-2.05,-13.96,-18.38,-12.39,-0.21
1968-02-01,1968,2,Palm oil,Oils & Meals,($/mt),191.0,0.0,-12.39,-17.32,-12.39,0.51
1968-03-01,1968,3,Palm oil,Oils & Meals,($/mt),191.0,0.0,-2.05,-14.35,-12.39,0.47
1968-04-01,1968,4,Palm oil,Oils & Meals,($/mt),189.0,-1.05,-1.05,-15.25,-13.3,0.06
1968-05-01,1968,5,Palm oil,Oils & Meals,($/mt),186.0,-1.59,-2.62,-16.96,-14.68,-0.08
1968-06-01,1968,6,Palm oil,Oils & Meals,($/mt),175.0,-5.91,-8.38,-23.58,-20.45,-1.43
1968-07-01,1968,7,Palm oil,Oils & Meals,($/mt),172.0,-1.71,-8.99,-24.89,-22.52,0.15
1968-08-01,1968,8,Palm oil,Oils & Meals,($/mt),150.0,-12.79,-19.35,-34.5,-33.33,-3.46
1968-09-01,1968,9,Palm oil,Oils & Meals,($/mt),142.0,-5.33,-18.86,-36.89,-36.89,-0.47
1968-10-01,1968,10,Palm oil,Oils & Meals,($/mt),142.0,0.0,-17.44,-36.04,-37.44,0.88
1968-11-01,1968,11,Palm oil,Oils & Meals,($/mt),143.0,0.7,-4.67,-34.4,-37.83,1.0
1968-12-01,1968,12,Palm oil,Oils & Meals,($/mt),153.0,6.99,7.75,-21.54,-34.05,2.34
1969-01-01,1969,1,Palm oil,Oils & Meals,($/mt),158.0,3.27,11.27,-17.28,-32.19,1.1
1969-02-01,1969,2,Palm oil,Oils & Meals,($/mt),158.0,0.0,10.49,-17.28,-32.19,0.29
1969-03-01,1969,3,Palm oil,Oils & Meals,($/mt),180.0,13.92,17.65,-5.76,-22.75,3.11
1969-04-01,1969,4,Palm oil,Oils & Meals,($/mt),170.0,-5.56,7.59,-10.05,-27.04,-0.79
1969-05-01,1969,5,Palm oil,Oils & Meals,($/mt),166.0,-2.35,5.06,-10.75,-28.76,-0.25
1969-06-01,1969,6,Palm oil,Oils & Meals,($/mt),165.0,-0.6,-8.33,-5.71,-29.49,0.02
1969-07-01,1969,7,Palm oil,Oils & Meals,($/mt),162.0,-1.82,-4.71,-5.81,-31.06,-0.23
1969-08-01,1969,8,Palm oil,Oils & Meals,($/mt),171.0,5.56,3.01,14.0,-27.54,0.88
1969-09-01,1969,9,Palm oil,Oils & Meals,($/mt),181.0,5.85,9.7,27.46,-23.95,0.84
1969-10-01,1969,10,Palm oil,Oils & Meals,($/mt),203.0,12.15,25.31,42.96,-19.12,1.9
1969-11-01,1969,11,Palm oil,Oils & Meals,($/mt),203.0,0.0,18.71,41.96,-20.39,-0.54
1969-12-01,1969,12,Palm oil,Oils & Meals,($/mt),255.0,25.62,40.88,66.67,-2.3,3.78
1970-01-01,1970,1,Palm oil,Oils & Meals,($/mt),255.0,0.0,25.62,61.39,-4.14,-0.53
1970-02-01,1970,2,Palm oil,Oils & Meals,($/mt),256.0,0.39,26.11,62.03,-9.54,-0.45
1970-03-01,1970,3,Palm oil,Oils & Meals,($/mt),259.0,1.17,1.57,43.89,-11.3,-0.37
1970-04-01,1970,4,Palm oil,Oils & Meals,($/mt),268.0,3.47,5.1,57.65,-10.07,0.01
1970-05-01,1970,5,Palm oil,Oils & Meals,($/mt),279.0,4.1,8.98,68.07,-7.92,-0.0
1970-06-01,1970,6,Palm oil,Oils & Meals,($/mt),277.0,-0.72,6.95,67.88,-6.1,-0.7
1970-07-01,1970,7,Palm oil,Oils & Meals,($/mt),261.0,-5.78,-2.61,61.11,-6.79,-1.36
1970-08-01,1970,8,Palm oil,Oils & Meals,($/mt),240.0,-8.05,-13.98,40.35,-6.98,-1.54
1970-09-01,1970,9,Palm oil,Oils & Meals,($/mt),226.0,-5.83,-18.41,24.86,-8.5,-1.03
1970-10-01,1970,10,Palm oil,Oils & Meals,($/mt),257.0,13.72,-1.53,26.6,2.8,1.27
1970-11-01,1970,11,Palm oil,Oils & Meals,($/mt),270.0,5.06,12.5,33.0,8.0,0.29
1970-12-01,1970,12,Palm oil,Oils & Meals,($/mt),272.0,0.74,20.35,6.67,9.24,-0.22
1971-01-01,1971,1,Palm oil,Oils & Meals,($/mt),273.0,0.37,6.23,7.06,10.53,-0.06
1971-02-01,1971,2,Palm oil,Oils & Meals,($/mt),273.0,0.0,1.11,6.64,10.08,-0.12
1971-03-01,1971,3,Palm oil,Oils & Meals,($/mt),278.0,1.83,2.21,7.34,13.47,0.2
1971-04-01,1971,4,Palm oil,Oils & Meals,($/mt),269.0,-3.24,-1.47,0.37,14.96,-0.68
1971-05-01,1971,5,Palm oil,Oils & Meals,($/mt),243.0,-9.67,-10.99,-12.9,7.52,-1.68
1971-06-01,1971,6,Palm oil,Oils & Meals,($/mt),241.0,-0.82,-13.31,-13.0,7.11,0.02
1971-07-01,1971,7,Palm oil,Oils & Meals,($/mt),263.0,9.13,-2.23,0.77,11.91,1.59
1971-08-01,1971,8,Palm oil,Oils & Meals,($/mt),283.0,7.6,16.46,17.92,17.92,1.08
1971-09-01,1971,9,Palm oil,Oils & Meals,($/mt),272.0,-3.89,12.86,20.35,13.33,-0.84
1971-10-01,1971,10,Palm oil,Oils & Meals,($/mt),254.0,-6.62,-3.42,-1.17,9.96,-1.32
1971-11-01,1971,11,Palm oil,Oils & Meals,($/mt),248.0,-2.36,-12.37,-8.15,9.73,-0.44
1971-12-01,1971,12,Palm oil,Oils & Meals,($/mt),234.0,-5.65,-13.97,-13.97,1.3,-0.95
1972-01-01,1972,1,Palm oil,Oils & Meals,($/mt),218.0,-6.84,-14.17,-20.15,-6.84,-1.04
1972-02-01,1972,2,Palm oil,Oils & Meals,($/mt),185.0,-15.14,-25.4,-32.23,-19.91,-2.36
1972-03-01,1972,3,Palm oil,Oils & Meals,($/mt),217.0,17.3,-7.26,-21.94,-2.69,2.96
1972-04-01,1972,4,Palm oil,Oils & Meals,($/mt),227.0,4.61,4.13,-15.61,1.79,0.7
1972-05-01,1972,5,Palm oil,Oils & Meals,($/mt),228.0,0.44,23.24,-6.17,1.79,0.16
1972-06-01,1972,6,Palm oil,Oils & Meals,($/mt),216.0,-5.26,-0.46,-10.37,-5.68,-0.58
1972-07-01,1972,7,Palm oil,Oils & Meals,($/mt),215.0,-0.46,-5.29,-18.25,-6.11,0.01
1972-08-01,1972,8,Palm oil,Oils & Meals,($/mt),221.0,2.79,-3.07,-21.91,-3.49,0.5
1972-09-01,1972,9,Palm oil,Oils & Meals,($/mt),225.0,1.81,4.17,-17.28,0.0,0.45
1972-10-01,1972,10,Palm oil,Oils & Meals,($/mt),224.0,-0.44,4.19,-11.81,0.9,0.11
1972-11-01,1972,11,Palm oil,Oils & Meals,($/mt),219.0,-2.23,-0.9,-11.69,0.46,-0.19
1972-12-01,1972,12,Palm oil,Oils & Meals,($/mt),213.0,-2.74,-5.33,-8.97,9.23,-0.25
1973-01-01,1973,1,Palm oil,Oils & Meals,($/mt),212.0,-0.47,-5.36,-2.75,10.99,0.01
1973-02-01,1973,2,Palm oil,Oils & Meals,($/mt),259.0,22.17,18.26,40.0,35.6,3.0
1973-03-01,1973,3,Palm oil,Oils & Meals,($/mt),280.0,8.11,31.46,29.03,46.6,0.6
1973-04-01,1973,4,Palm oil,Oils & Meals,($/mt),290.0,3.57,36.79,27.75,53.44,0.17
1973-05-01,1973,5,Palm oil,Oils & Meals,($/mt),324.0,11.72,25.1,42.11,74.19,1.32
1973-06-01,1973,6,Palm oil,Oils & Meals,($/mt),371.0,14.51,32.5,71.76,112.0,1.49
1973-07-01,1973,7,Palm oil,Oils & Meals,($/mt),473.0,27.49,63.1,120.0,175.0,2.93
1973-08-01,1973,8,Palm oil,Oils & Meals,($/mt),536.0,13.32,65.43,142.53,257.33,0.62
1973-09-01,1973,9,Palm oil,Oils & Meals,($/mt),424.0,-20.9,14.29,88.44,198.59,-2.91
1973-10-01,1973,10,Palm oil,Oils & Meals,($/mt),435.0,2.59,-8.03,94.2,206.34,-0.28
1973-11-01,1973,11,Palm oil,Oils & Meals,($/mt),429.0,-1.38,-19.96,95.89,200.0,-0.61
1973-12-01,1973,12,Palm oil,Oils & Meals,($/mt),497.0,15.85,17.22,133.33,224.84,0.73
1974-01-01,1974,1,Palm oil,Oils & Meals,($/mt),579.0,16.5,33.1,173.11,266.46,0.67
1974-02-01,1974,2,Palm oil,Oils & Meals,($/mt),667.0,15.2,55.48,157.53,322.15,0.46
1974-03-01,1974,3,Palm oil,Oils & Meals,($/mt),633.0,-5.1,27.36,126.07,251.67,-1.15
1974-04-01,1974,4,Palm oil,Oils & Meals,($/mt),614.0,-3.0,6.04,111.72,261.18,-0.84
1974-05-01,1974,5,Palm oil,Oils & Meals,($/mt),592.0,-3.58,-11.24,82.72,256.63,-0.83
1974-06-01,1974,6,Palm oil,Oils & Meals,($/mt),603.0,1.86,-4.74,62.53,265.45,-0.31
1974-07-01,1974,7,Palm oil,Oils & Meals,($/mt),610.0,1.16,-0.65,28.96,276.54,-0.29
1974-08-01,1974,8,Palm oil,Oils & Meals,($/mt),728.0,19.34,22.97,35.82,325.73,1.51
1974-09-01,1974,9,Palm oil,Oils & Meals,($/mt),707.0,-2.88,17.25,66.75,290.61,-0.52
1974-10-01,1974,10,Palm oil,Oils & Meals,($/mt),840.0,18.81,37.7,93.1,313.79,1.53
1974-11-01,1974,11,Palm oil,Oils & Meals,($/mt),768.0,-8.57,5.49,79.02,278.33,-1.46
1974-12-01,1974,12,Palm oil,Oils & Meals,($/mt),689.0,-10.29,-2.55,38.63,170.2,-1.47
1975-01-01,1975,1,Palm oil,Oils & Meals,($/mt),589.0,-14.51,-29.88,1.73,130.98,-1.61
1975-02-01,1975,2,Palm oil,Oils & Meals,($/mt),498.0,-15.45,-35.16,-25.34,94.53,-1.43
1975-03-01,1975,3,Palm oil,Oils & Meals,($/mt),478.0,-4.02,-30.62,-24.49,84.56,-0.19
1975-04-01,1975,4,Palm oil,Oils & Meals,($/mt),451.0,-5.65,-23.43,-26.55,68.28,-0.35
1975-05-01,1975,5,Palm oil,Oils & Meals,($/mt),392.0,-13.08,-21.29,-33.78,40.5,-0.99
1975-06-01,1975,6,Palm oil,Oils & Meals,($/mt),356.0,-9.18,-25.52,-40.96,28.52,-0.55
1975-07-01,1975,7,Palm oil,Oils & Meals,($/mt),402.0,12.92,-10.86,-34.1,54.02,1.42
1975-08-01,1975,8,Palm oil,Oils & Meals,($/mt),473.0,17.66,20.66,-35.03,97.08,1.62
1975-09-01,1975,9,Palm oil,Oils & Meals,($/mt),412.0,-12.9,15.73,-41.73,82.3,-0.81
1975-10-01,1975,10,Palm oil,Oils & Meals,($/mt),412.0,0.0,2.49,-50.95,60.31,0.29
1975-11-01,1975,11,Palm oil,Oils & Meals,($/mt),379.0,-8.01,-19.87,-50.65,40.37,-0.26
1975-12-01,1975,12,Palm oil,Oils & Meals,($/mt),368.0,-2.9,-10.68,-46.59,35.29,0.22
1976-01-01,1976,1,Palm oil,Oils & Meals,($/mt),354.0,-3.8,-14.08,-39.9,29.67,0.07
1976-02-01,1976,2,Palm oil,Oils & Meals,($/mt),366.0,3.39,-3.43,-26.51,34.07,0.71
1976-03-01,1976,3,Palm oil,Oils & Meals,($/mt),376.0,2.73,2.17,-21.34,35.25,0.51
1976-04-01,1976,4,Palm oil,Oils & Meals,($/mt),348.0,-7.45,-1.69,-22.84,29.37,-0.61
1976-05-01,1976,5,Palm oil,Oils & Meals,($/mt),345.0,-0.86,-5.74,-11.99,41.98,0.09
1976-06-01,1976,6,Palm oil,Oils & Meals,($/mt),395.0,14.49,5.05,10.96,63.9,1.69
1976-07-01,1976,7,Palm oil,Oils & Meals,($/mt),451.0,14.18,29.6,12.19,71.48,1.35
1976-08-01,1976,8,Palm oil,Oils & Meals,($/mt),431.0,-4.43,24.93,-8.88,52.3,-0.6
1976-09-01,1976,9,Palm oil,Oils & Meals,($/mt),457.0,6.03,15.7,10.92,68.01,0.78
1976-10-01,1976,10,Palm oil,Oils & Meals,($/mt),444.0,-2.84,-1.55,7.77,74.8,-0.53
1976-11-01,1976,11,Palm oil,Oils & Meals,($/mt),457.0,2.93,6.03,20.58,84.27,0.27
1976-12-01,1976,12,Palm oil,Oils & Meals,($/mt),457.0,0.0,0.0,24.18,95.3,-0.25
1977-01-01,1977,1,Palm oil,Oils & Meals,($/mt),462.0,1.09,4.05,30.51,111.93,-0.14
1977-02-01,1977,2,Palm oil,Oils & Meals,($/mt),507.0,9.74,10.94,38.52,174.05,1.1
1977-03-01,1977,3,Palm oil,Oils & Meals,($/mt),598.0,17.95,30.85,59.04,175.58,2.14
1977-04-01,1977,4,Palm oil,Oils & Meals,($/mt),647.0,8.19,40.04,85.92,185.02,0.48
1977-05-01,1977,5,Palm oil,Oils & Meals,($/mt),659.0,1.85,29.98,91.01,189.04,-0.5
1977-06-01,1977,6,Palm oil,Oils & Meals,($/mt),619.0,-6.07,3.51,56.71,186.57,-1.64
1977-07-01,1977,7,Palm oil,Oils & Meals,($/mt),520.0,-15.99,-19.63,15.3,141.86,-2.71
1977-08-01,1977,8,Palm oil,Oils & Meals,($/mt),493.0,-5.19,-25.19,14.39,123.08,-0.78
1977-09-01,1977,9,Palm oil,Oils & Meals,($/mt),460.0,-6.69,-25.69,0.66,104.44,-0.94
1977-10-01,1977,10,Palm oil,Oils & Meals,($/mt),450.0,-2.17,-13.46,1.35,100.89,-0.29
1977-11-01,1977,11,Palm oil,Oils & Meals,($/mt),445.0,-1.11,-9.74,-2.63,103.2,-0.18
1977-12-01,1977,12,Palm oil,Oils & Meals,($/mt),501.0,12.58,8.91,9.63,135.21,1.41
1978-01-01,1978,1,Palm oil,Oils & Meals,($/mt),514.0,2.59,14.22,11.26,142.45,0.15
1978-02-01,1978,2,Palm oil,Oils & Meals,($/mt),558.0,8.56,25.39,10.06,115.44,0.76
1978-03-01,1978,3,Palm oil,Oils & Meals,($/mt),598.0,7.17,19.36,0.0,113.57,0.63
1978-04-01,1978,4,Palm oil,Oils & Meals,($/mt),603.0,0.84,17.32,-6.8,107.93,0.06
1978-05-01,1978,5,Palm oil,Oils & Meals,($/mt),624.0,3.48,11.83,-5.31,92.59,0.49
1978-06-01,1978,6,Palm oil,Oils & Meals,($/mt),654.0,4.81,9.36,5.65,76.28,0.64
1978-07-01,1978,7,Palm oil,Oils & Meals,($/mt),622.0,-4.89,3.15,19.62,31.5,-0.73
1978-08-01,1978,8,Palm oil,Oils & Meals,($/mt),585.0,-5.95,-6.25,18.66,9.14,-1.27
1978-09-01,1978,9,Palm oil,Oils & Meals,($/mt),615.0,5.13,-5.96,33.7,45.05,0.58
1978-10-01,1978,10,Palm oil,Oils & Meals,($/mt),623.0,1.3,0.16,38.44,43.22,-0.23
1978-11-01,1978,11,Palm oil,Oils & Meals,($/mt),604.0,-3.05,3.25,35.73,40.79,-1.11
1978-12-01,1978,12,Palm oil,Oils & Meals,($/mt),604.0,0.0,-1.79,20.56,21.53,-0.49
1979-01-01,1979,1,Palm oil,Oils & Meals,($/mt),636.0,5.3,2.09,23.74,9.84,0.79
1979-02-01,1979,2,Palm oil,Oils & Meals,($/mt),694.0,9.12,14.9,24.37,4.05,1.54
1979-03-01,1979,3,Palm oil,Oils & Meals,($/mt),688.0,-0.86,13.91,15.05,8.69,-0.59
1979-04-01,1979,4,Palm oil,Oils & Meals,($/mt),666.0,-3.2,4.72,10.45,8.47,-0.99
1979-05-01,1979,5,Palm oil,Oils & Meals,($/mt),665.0,-0.15,-4.18,6.57,12.33,-0.23
1979-06-01,1979,6,Palm oil,Oils & Meals,($/mt),675.0,1.5,-1.89,3.21,11.94,0.19
1979-07-01,1979,7,Palm oil,Oils & Meals,($/mt),678.0,0.44,1.8,9.0,11.15,0.02
1979-08-01,1979,8,Palm oil,Oils & Meals,($/mt),652.0,-3.83,-1.95,11.45,-10.44,-1.12
1979-09-01,1979,9,Palm oil,Oils & Meals,($/mt),640.0,-1.84,-5.19,4.07,-9.48,-0.73
1979-10-01,1979,10,Palm oil,Oils & Meals,($/mt),602.0,-5.94,-11.21,-3.37,-28.33,-1.7
1979-11-01,1979,11,Palm oil,Oils & Meals,($/mt),620.0,2.99,-4.91,2.65,-19.27,0.78
1979-12-01,1979,12,Palm oil,Oils & Meals,($/mt),630.0,1.61,-1.56,4.3,-8.56,0.32
1980-01-01,1980,1,Palm oil,Oils & Meals,($/mt),662.0,5.08,9.97,4.09,12.39,1.13
1980-02-01,1980,2,Palm oil,Oils & Meals,($/mt),672.0,1.51,8.39,-3.17,34.94,0.27
1980-03-01,1980,3,Palm oil,Oils & Meals,($/mt),637.0,-5.21,1.11,-7.41,33.26,-1.61
1980-04-01,1980,4,Palm oil,Oils & Meals,($/mt),611.0,-4.08,-7.7,-8.26,35.48,-1.02
1980-05-01,1980,5,Palm oil,Oils & Meals,($/mt),584.0,-4.42,-13.1,-12.18,48.98,-1.08
1980-06-01,1980,6,Palm oil,Oils & Meals,($/mt),555.0,-4.97,-12.87,-17.78,55.9,-1.08
1980-07-01,1980,7,Palm oil,Oils & Meals,($/mt),545.0,-1.8,-10.8,-19.62,35.57,-0.07
1980-08-01,1980,8,Palm oil,Oils & Meals,($/mt),518.0,-4.95,-11.3,-20.55,9.51,-0.88
1980-09-01,1980,9,Palm oil,Oils & Meals,($/mt),509.0,-1.74,-8.29,-20.47,23.54,0.03
1980-10-01,1980,10,Palm oil,Oils & Meals,($/mt),507.0,-0.39,-6.97,-15.78,23.06,0.38
1980-11-01,1980,11,Palm oil,Oils & Meals,($/mt),585.0,15.38,12.93,-5.65,54.35,4.76
1980-12-01,1980,12,Palm oil,Oils & Meals,($/mt),619.0,5.81,21.61,-1.75,68.21,1.04
1981-01-01,1981,1,Palm oil,Oils & Meals,($/mt),625.0,0.97,23.27,-5.59,76.55,0.15
1981-02-01,1981,2,Palm oil,Oils & Meals,($/mt),640.0,2.4,9.4,-4.76,74.86,0.46
1981-03-01,1981,3,Palm oil,Oils & Meals,($/mt),620.0,-3.12,0.16,-2.67,64.89,-0.48
1981-04-01,1981,4,Palm oil,Oils & Meals,($/mt),588.0,-5.16,-5.92,-3.76,68.97,-0.87
1981-05-01,1981,5,Palm oil,Oils & Meals,($/mt),599.0,1.87,-6.41,2.57,73.62,0.34
1981-06-01,1981,6,Palm oil,Oils & Meals,($/mt),640.0,6.84,3.23,15.32,62.03,1.12
1981-07-01,1981,7,Palm oil,Oils & Meals,($/mt),600.0,-6.25,2.04,10.09,33.04,-1.3
1981-08-01,1981,8,Palm oil,Oils & Meals,($/mt),531.0,-11.5,-11.35,2.51,23.2,-2.02
1981-09-01,1981,9,Palm oil,Oils & Meals,($/mt),509.0,-4.14,-20.47,0.0,11.38,-0.65
1981-10-01,1981,10,Palm oil,Oils & Meals,($/mt),513.0,0.79,-14.5,1.18,15.54,0.08
1981-11-01,1981,11,Palm oil,Oils & Meals,($/mt),500.0,-2.53,-5.84,-14.53,9.41,-0.4
1981-12-01,1981,12,Palm oil,Oils & Meals,($/mt),483.0,-3.4,-5.11,-21.97,5.69,-0.42
1982-01-01,1982,1,Palm oil,Oils & Meals,($/mt),502.0,3.93,-2.14,-19.68,8.66,1.22
1982-02-01,1982,2,Palm oil,Oils & Meals,($/mt),528.0,5.18,5.6,-17.5,4.14,1.36
1982-03-01,1982,3,Palm oil,Oils & Meals,($/mt),507.0,-3.98,4.97,-18.23,-15.22,-0.47
1982-04-01,1982,4,Palm oil,Oils & Meals,($/mt),509.0,0.39,1.39,-13.44,-21.33,0.36
1982-05-01,1982,5,Palm oil,Oils & Meals,($/mt),511.0,0.39,-3.22,-14.69,-22.46,0.28
1982-06-01,1982,6,Palm oil,Oils & Meals,($/mt),494.0,-3.33,-2.56,-22.81,-20.19,-0.41
1982-07-01,1982,7,Palm oil,Oils & Meals,($/mt),421.0,-14.78,-17.29,-29.83,-19.04,-2.81
1982-08-01,1982,8,Palm oil,Oils & Meals,($/mt),396.0,-5.94,-22.5,-25.42,-19.68,-0.55
1982-09-01,1982,9,Palm oil,Oils & Meals,($/mt),380.0,-4.04,-23.08,-25.34,-17.39,-0.34
1982-10-01,1982,10,Palm oil,Oils & Meals,($/mt),355.0,-6.58,-15.68,-30.8,-21.11,-0.83
1982-11-01,1982,11,Palm oil,Oils & Meals,($/mt),362.0,1.97,-8.59,-27.6,-18.65,0.93
1982-12-01,1982,12,Palm oil,Oils & Meals,($/mt),376.0,3.87,-1.05,-22.15,-24.95,1.18
1983-01-01,1983,1,Palm oil,Oils & Meals,($/mt),372.0,-1.06,4.79,-25.9,-27.63,0.15
1983-02-01,1983,2,Palm oil,Oils & Meals,($/mt),367.0,-1.34,1.38,-30.49,-34.23,0.18
1983-03-01,1983,3,Palm oil,Oils & Meals,($/mt),378.0,3.0,0.53,-25.44,-36.79,1.2
1983-04-01,1983,4,Palm oil,Oils & Meals,($/mt),419.0,10.85,12.63,-17.68,-30.51,2.55
1983-05-01,1983,5,Palm oil,Oils & Meals,($/mt),432.0,3.1,17.71,-15.46,-30.77,0.71
1983-06-01,1983,6,Palm oil,Oils & Meals,($/mt),394.0,-8.8,4.23,-20.24,-39.76,-1.17
1983-07-01,1983,7,Palm oil,Oils & Meals,($/mt),425.0,7.87,1.43,0.95,-31.67,1.39
1983-08-01,1983,8,Palm oil,Oils & Meals,($/mt),559.0,31.53,29.4,41.16,-4.44,5.24
1983-09-01,1983,9,Palm oil,Oils & Meals,($/mt),645.0,15.38,63.71,69.74,4.88,1.14
1983-10-01,1983,10,Palm oil,Oils & Meals,($/mt),671.0,4.03,57.88,89.01,7.7,-0.09
1983-11-01,1983,11,Palm oil,Oils & Meals,($/mt),661.0,-1.49,18.25,82.6,9.44,-0.73
1983-12-01,1983,12,Palm oil,Oils & Meals,($/mt),695.0,5.14,7.75,84.84,15.07,-0.04
1984-01-01,1984,1,Palm oil,Oils & Meals,($/mt),875.0,25.9,30.4,135.22,37.58,1.96
1984-02-01,1984,2,Palm oil,Oils & Meals,($/mt),875.0,0.0,32.38,138.42,26.08,-0.69
1984-03-01,1984,3,Palm oil,Oils & Meals,($/mt),845.0,-3.43,21.58,123.54,22.82,-1.0
1984-04-01,1984,4,Palm oil,Oils & Meals,($/mt),841.0,-0.47,-3.89,100.72,26.28,-0.67
1984-05-01,1984,5,Palm oil,Oils & Meals,($/mt),951.0,13.08,8.69,120.14,43.01,0.54
1984-06-01,1984,6,Palm oil,Oils & Meals,($/mt),783.0,-17.67,-7.34,98.73,16.0,-2.07
1984-07-01,1984,7,Palm oil,Oils & Meals,($/mt),580.0,-25.93,-31.03,36.47,-14.45,-2.43
1984-08-01,1984,8,Palm oil,Oils & Meals,($/mt),562.0,-3.1,-40.9,0.54,-13.8,-0.42
1984-09-01,1984,9,Palm oil,Oils & Meals,($/mt),611.0,8.72,-21.97,-5.27,-4.53,0.56
1984-10-01,1984,10,Palm oil,Oils & Meals,($/mt),615.0,0.65,6.03,-8.35,2.16,0.02
1984-11-01,1984,11,Palm oil,Oils & Meals,($/mt),616.0,0.16,9.61,-6.81,-0.65,0.0
1984-12-01,1984,12,Palm oil,Oils & Meals,($/mt),592.0,-3.9,-3.11,-14.82,-6.03,-0.31
1985-01-01,1985,1,Palm oil,Oils & Meals,($/mt),583.0,-1.52,-5.2,-33.37,-11.93,-0.08
1985-02-01,1985,2,Palm oil,Oils & Meals,($/mt),595.0,2.06,-3.41,-32.0,-11.46,0.47
1985-03-01,1985,3,Palm oil,Oils & Meals,($/mt),651.0,9.41,9.97,-22.96,2.2,1.15
1985-04-01,1985,4,Palm oil,Oils & Meals,($/mt),653.0,0.31,12.01,-22.35,6.87,0.17
1985-05-01,1985,5,Palm oil,Oils & Meals,($/mt),610.0,-6.58,2.52,-35.86,4.45,-0.47
1985-06-01,1985,6,Palm oil,Oils & Meals,($/mt),556.0,-8.85,-14.59,-28.99,0.18,-0.57
1985-07-01,1985,7,Palm oil,Oils & Meals,($/mt),487.0,-12.41,-25.42,-16.03,-10.64,-1.1
1985-08-01,1985,8,Palm oil,Oils & Meals,($/mt),404.0,-17.04,-33.77,-28.11,-22.01,-2.46
1985-09-01,1985,9,Palm oil,Oils & Meals,($/mt),360.0,-10.89,-35.25,-41.08,-29.27,-1.08
1985-10-01,1985,10,Palm oil,Oils & Meals,($/mt),356.0,-1.11,-26.9,-42.11,-29.78,0.4
1985-11-01,1985,11,Palm oil,Oils & Meals,($/mt),362.0,1.69,-10.4,-41.23,-38.12,0.81
1985-12-01,1985,12,Palm oil,Oils & Meals,($/mt),390.0,7.73,8.33,-34.12,-37.0,1.6
1986-01-01,1986,1,Palm oil,Oils & Meals,($/mt),342.0,-12.31,-3.93,-41.34,-45.28,-1.13
1986-02-01,1986,2,Palm oil,Oils & Meals,($/mt),283.0,-17.25,-21.82,-52.44,-55.78,-1.55
1986-03-01,1986,3,Palm oil,Oils & Meals,($/mt),243.0,-14.13,-37.69,-62.67,-60.81,-0.94
1986-04-01,1986,4,Palm oil,Oils & Meals,($/mt),242.0,-0.41,-29.24,-62.94,-58.84,0.89
1986-05-01,1986,5,Palm oil,Oils & Meals,($/mt),238.0,-1.65,-15.9,-60.98,-60.27,0.75
1986-06-01,1986,6,Palm oil,Oils & Meals,($/mt),243.0,2.1,0.0,-56.29,-62.03,1.14
1986-07-01,1986,7,Palm oil,Oils & Meals,($/mt),221.0,-9.05,-8.68,-54.62,-63.17,-0.32
1986-08-01,1986,8,Palm oil,Oils & Meals,($/mt),197.0,-10.86,-17.23,-51.24,-62.9,-0.58
1986-09-01,1986,9,Palm oil,Oils & Meals,($/mt),207.0,5.08,-14.81,-42.5,-59.33,1.35
1986-10-01,1986,10,Palm oil,Oils & Meals,($/mt),272.0,31.4,23.08,-23.6,-46.98,4.35
1986-11-01,1986,11,Palm oil,Oils & Meals,($/mt),303.0,11.4,53.81,-16.3,-39.4,0.98
1986-12-01,1986,12,Palm oil,Oils & Meals,($/mt),293.0,-3.3,41.55,-24.87,-39.34,-0.19
1987-01-01,1987,1,Palm oil,Oils & Meals,($/mt),350.0,19.45,28.68,2.34,-30.28,1.57
1987-02-01,1987,2,Palm oil,Oils & Meals,($/mt),330.0,-5.71,8.91,16.61,-37.5,-0.48
1987-03-01,1987,3,Palm oil,Oils & Meals,($/mt),313.0,-5.15,6.83,28.81,-38.26,-0.54
1987-04-01,1987,4,Palm oil,Oils & Meals,($/mt),339.0,8.31,-3.14,40.08,-33.4,0.44
1987-05-01,1987,5,Palm oil,Oils & Meals,($/mt),341.0,0.59,3.33,43.28,-33.27,-0.23
1987-06-01,1987,6,Palm oil,Oils & Meals,($/mt),342.0,0.29,9.27,40.74,-30.77,-0.27
1987-07-01,1987,7,Palm oil,Oils & Meals,($/mt),300.0,-12.28,-11.5,35.75,-28.74,-1.27
1987-08-01,1987,8,Palm oil,Oils & Meals,($/mt),308.0,2.67,-9.68,56.35,-22.22,-0.05
1987-09-01,1987,9,Palm oil,Oils & Meals,($/mt),335.0,8.77,-2.05,61.84,-11.84,0.36
1987-10-01,1987,10,Palm oil,Oils & Meals,($/mt),353.0,5.37,17.67,29.78,-0.56,0.06
1987-11-01,1987,11,Palm oil,Oils & Meals,($/mt),368.0,4.25,19.48,21.45,1.66,0.2
1987-12-01,1987,12,Palm oil,Oils & Meals,($/mt),432.0,17.39,28.96,47.44,14.89,1.87
1988-01-01,1988,1,Palm oil,Oils & Meals,($/mt),486.0,12.5,37.68,38.86,30.65,0.96
1988-02-01,1988,2,Palm oil,Oils & Meals,($/mt),403.0,-17.08,9.51,22.12,9.81,-2.43
1988-03-01,1988,3,Palm oil,Oils & Meals,($/mt),381.0,-5.46,-11.81,21.73,0.79,-0.77
1988-04-01,1988,4,Palm oil,Oils & Meals,($/mt),403.0,5.77,-17.08,18.88,-3.82,0.37
1988-05-01,1988,5,Palm oil,Oils & Meals,($/mt),422.0,4.71,4.71,23.75,-2.31,0.29
1988-06-01,1988,6,Palm oil,Oils & Meals,($/mt),496.0,17.54,30.18,45.03,25.89,1.56
1988-07-01,1988,7,Palm oil,Oils & Meals,($/mt),517.0,4.23,28.29,72.33,21.65,0.05
1988-08-01,1988,8,Palm oil,Oils & Meals,($/mt),450.0,-12.96,6.64,46.1,-19.5,-1.9
1988-09-01,1988,9,Palm oil,Oils & Meals,($/mt),428.0,-4.89,-13.71,27.76,-33.64,-0.8
1988-10-01,1988,10,Palm oil,Oils & Meals,($/mt),431.0,0.7,-16.63,22.1,-35.77,-0.17
1988-11-01,1988,11,Palm oil,Oils & Meals,($/mt),418.0,-3.02,-7.11,13.59,-36.76,-0.48
1988-12-01,1988,12,Palm oil,Oils & Meals,($/mt),411.0,-1.67,-3.97,-4.86,-40.86,-0.3
1989-01-01,1989,1,Palm oil,Oils & Meals,($/mt),383.0,-6.81,-11.14,-21.19,-56.23,-0.7
1989-02-01,1989,2,Palm oil,Oils & Meals,($/mt),401.0,4.7,-4.07,-0.5,-54.17,0.69
1989-03-01,1989,3,Palm oil,Oils & Meals,($/mt),399.0,-0.5,-2.92,4.72,-52.78,-0.09
1989-04-01,1989,4,Palm oil,Oils & Meals,($/mt),391.0,-2.01,2.09,-2.98,-53.51,-0.35
1989-05-01,1989,5,Palm oil,Oils & Meals,($/mt),406.0,3.84,1.25,-3.79,-57.31,0.51
1989-06-01,1989,6,Palm oil,Oils & Meals,($/mt),373.0,-8.13,-6.52,-24.8,-52.36,-1.08
1989-07-01,1989,7,Palm oil,Oils & Meals,($/mt),331.0,-11.26,-15.35,-35.98,-42.93,-1.69
1989-08-01,1989,8,Palm oil,Oils & Meals,($/mt),309.0,-6.65,-23.89,-31.33,-45.02,-0.57
1989-09-01,1989,9,Palm oil,Oils & Meals,($/mt),323.0,4.53,-13.4,-24.53,-47.14,1.56
1989-10-01,1989,10,Palm oil,Oils & Meals,($/mt),321.0,-0.62,-3.02,-25.52,-47.8,0.3
1989-11-01,1989,11,Palm oil,Oils & Meals,($/mt),301.0,-6.23,-2.59,-27.99,-51.14,-0.76
1989-12-01,1989,12,Palm oil,Oils & Meals,($/mt),267.0,-11.3,-17.34,-35.04,-54.9,-1.65
1990-01-01,1990,1,Palm oil,Oils & Meals,($/mt),279.0,4.49,-13.08,-27.15,-52.14,1.35
1990-02-01,1990,2,Palm oil,Oils & Meals,($/mt),271.0,-2.87,-9.97,-32.42,-54.45,-0.07
1990-03-01,1990,3,Palm oil,Oils & Meals,($/mt),286.0,5.54,7.12,-28.32,-56.07,1.5
1990-04-01,1990,4,Palm oil,Oils & Meals,($/mt),267.0,-6.64,-4.3,-31.71,-59.11,-0.66
1990-05-01,1990,5,Palm oil,Oils & Meals,($/mt),281.0,5.24,3.69,-30.79,-53.93,1.3
1990-06-01,1990,6,Palm oil,Oils & Meals,($/mt),272.0,-3.2,-4.9,-27.08,-51.08,-0.06
1990-07-01,1990,7,Palm oil,Oils & Meals,($/mt),279.0,2.57,4.49,-15.71,-42.71,0.8
1990-08-01,1990,8,Palm oil,Oils & Meals,($/mt),291.0,4.3,3.56,-5.83,-27.97,0.97
1990-09-01,1990,9,Palm oil,Oils & Meals,($/mt),284.0,-2.41,4.41,-12.07,-21.11,-0.36
1990-10-01,1990,10,Palm oil,Oils & Meals,($/mt),290.0,2.11,3.94,-9.66,-18.54,0.56
1990-11-01,1990,11,Palm oil,Oils & Meals,($/mt),331.0,14.14,13.75,9.97,-8.56,2.68
1990-12-01,1990,12,Palm oil,Oils & Meals,($/mt),346.0,4.53,21.83,29.59,-11.28,0.53
1991-01-01,1991,1,Palm oil,Oils & Meals,($/mt),349.0,0.87,20.34,25.09,2.05,-0.26
1991-02-01,1991,2,Palm oil,Oils & Meals,($/mt),338.0,-3.15,2.11,24.72,19.43,-0.95
1991-03-01,1991,3,Palm oil,Oils & Meals,($/mt),348.0,2.96,0.58,21.68,43.21,0.18
1991-04-01,1991,4,Palm oil,Oils & Meals,($/mt),319.0,-8.33,-8.6,19.48,31.82,-1.88
1991-05-01,1991,5,Palm oil,Oils & Meals,($/mt),318.0,-0.31,-5.92,13.17,33.61,-0.35
1991-06-01,1991,6,Palm oil,Oils & Meals,($/mt),311.0,-2.2,-10.63,14.34,27.98,-0.61
1991-07-01,1991,7,Palm oil,Oils & Meals,($/mt),341.0,9.65,6.9,22.22,54.3,1.53
1991-08-01,1991,8,Palm oil,Oils & Meals,($/mt),338.0,-0.88,6.29,16.15,71.57,-0.45
1991-09-01,1991,9,Palm oil,Oils & Meals,($/mt),323.0,-4.44,3.86,13.73,56.04,-0.98
1991-10-01,1991,10,Palm oil,Oils & Meals,($/mt),345.0,6.81,1.17,18.97,26.84,0.91
1991-11-01,1991,11,Palm oil,Oils & Meals,($/mt),362.0,4.93,7.1,9.37,19.47,0.52
1991-12-01,1991,12,Palm oil,Oils & Meals,($/mt),376.0,3.87,16.41,8.67,28.33,0.58
1992-01-01,1992,1,Palm oil,Oils & Meals,($/mt),383.0,1.86,11.01,9.74,9.43,0.21
1992-02-01,1992,2,Palm oil,Oils & Meals,($/mt),382.0,-0.26,5.52,13.02,15.76,-0.23
1992-03-01,1992,3,Palm oil,Oils & Meals,($/mt),396.0,3.66,5.32,13.79,26.52,0.51
1992-04-01,1992,4,Palm oil,Oils & Meals,($/mt),402.0,1.52,4.96,26.02,18.58,0.06
1992-05-01,1992,5,Palm oil,Oils & Meals,($/mt),390.0,-2.99,2.09,22.64,14.37,-1.26
1992-06-01,1992,6,Palm oil,Oils & Meals,($/mt),404.0,3.59,2.02,29.9,18.13,0.43
1992-07-01,1992,7,Palm oil,Oils & Meals,($/mt),382.0,-5.45,-4.98,12.02,27.33,-1.92
1992-08-01,1992,8,Palm oil,Oils & Meals,($/mt),382.0,0.0,-2.05,13.02,24.03,-0.26
1992-09-01,1992,9,Palm oil,Oils & Meals,($/mt),391.0,2.36,-3.22,21.05,16.72,0.33
1992-10-01,1992,10,Palm oil,Oils & Meals,($/mt),396.0,1.28,3.66,14.78,12.18,-0.11
1992-11-01,1992,11,Palm oil,Oils & Meals,($/mt),413.0,4.29,8.12,14.09,12.23,1.03
1992-12-01,1992,12,Palm oil,Oils & Meals,($/mt),401.0,-2.91,2.56,6.65,-7.18,-1.37
1993-01-01,1993,1,Palm oil,Oils & Meals,($/mt),410.0,2.24,3.54,7.05,-15.64,0.55
1993-02-01,1993,2,Palm oil,Oils & Meals,($/mt),425.0,3.66,2.91,11.26,5.46,1.0
1993-03-01,1993,3,Palm oil,Oils & Meals,($/mt),408.0,-4.0,1.75,3.03,7.09,-1.57
1993-04-01,1993,4,Palm oil,Oils & Meals,($/mt),392.0,-3.92,-4.39,-2.49,-2.73,-1.27
1993-05-01,1993,5,Palm oil,Oils & Meals,($/mt),371.0,-5.36,-12.71,-4.87,-12.09,-1.49
1993-06-01,1993,6,Palm oil,Oils & Meals,($/mt),356.0,-4.04,-12.75,-11.88,-28.23,-0.99
1993-07-01,1993,7,Palm oil,Oils & Meals,($/mt),362.0,1.69,-7.65,-5.24,-29.98,0.73
1993-08-01,1993,8,Palm oil,Oils & Meals,($/mt),356.0,-1.66,-4.04,-6.81,-20.89,-0.37
1993-09-01,1993,9,Palm oil,Oils & Meals,($/mt),352.0,-1.12,-1.12,-9.97,-17.76,-0.17
1993-10-01,1993,10,Palm oil,Oils & Meals,($/mt),333.0,-5.4,-8.01,-15.91,-22.74,-1.37
1993-11-01,1993,11,Palm oil,Oils & Meals,($/mt),357.0,7.21,0.28,-13.56,-14.59,2.45
1993-12-01,1993,12,Palm oil,Oils & Meals,($/mt),411.0,15.13,16.76,2.49,0.0,4.07
1994-01-01,1994,1,Palm oil,Oils & Meals,($/mt),404.0,-1.7,21.32,-1.46,5.48,-0.34
1994-02-01,1994,2,Palm oil,Oils & Meals,($/mt),387.0,-4.21,8.4,-8.94,-3.49,-0.7
1994-03-01,1994,3,Palm oil,Oils & Meals,($/mt),395.0,2.07,-3.89,-3.19,-1.0,0.44
1994-04-01,1994,4,Palm oil,Oils & Meals,($/mt),434.0,9.87,7.43,10.71,11.0,1.65
1994-05-01,1994,5,Palm oil,Oils & Meals,($/mt),488.0,12.44,26.1,31.54,20.2,1.74
1994-06-01,1994,6,Palm oil,Oils & Meals,($/mt),508.0,4.1,28.61,42.7,36.19,0.23
1994-07-01,1994,7,Palm oil,Oils & Meals,($/mt),494.0,-2.76,13.82,36.46,49.24,-0.89
1994-08-01,1994,8,Palm oil,Oils & Meals,($/mt),575.0,16.4,17.83,61.52,86.08,1.97
1994-09-01,1994,9,Palm oil,Oils & Meals,($/mt),614.0,6.78,20.87,74.43,90.09,0.32
1994-10-01,1994,10,Palm oil,Oils & Meals,($/mt),616.0,0.33,24.7,84.98,91.9,-0.62
1994-11-01,1994,11,Palm oil,Oils & Meals,($/mt),707.0,14.77,22.96,98.04,134.88,1.33
1994-12-01,1994,12,Palm oil,Oils & Meals,($/mt),719.0,1.7,17.1,74.94,169.29,-0.59
1995-01-01,1995,1,Palm oil,Oils & Meals,($/mt),655.0,-8.9,6.33,62.13,134.77,-1.98
1995-02-01,1995,2,Palm oil,Oils & Meals,($/mt),661.0,0.92,-6.51,70.8,143.91,-0.44
1995-03-01,1995,3,Palm oil,Oils & Meals,($/mt),687.0,3.93,-4.45,73.92,140.21,-0.12
1995-04-01,1995,4,Palm oil,Oils & Meals,($/mt),625.0,-9.02,-4.58,44.01,134.08,-1.87
1995-05-01,1995,5,Palm oil,Oils & Meals,($/mt),611.0,-2.24,-7.56,25.2,117.44,-0.68
1995-06-01,1995,6,Palm oil,Oils & Meals,($/mt),631.0,3.27,-8.15,24.21,131.99,0.14
1995-07-01,1995,7,Palm oil,Oils & Meals,($/mt),655.0,3.8,4.8,32.59,134.77,0.22
1995-08-01,1995,8,Palm oil,Oils & Meals,($/mt),616.0,-5.95,0.82,7.13,111.68,-1.11
1995-09-01,1995,9,Palm oil,Oils & Meals,($/mt),586.0,-4.87,-7.13,-4.56,106.34,-0.84
1995-10-01,1995,10,Palm oil,Oils & Meals,($/mt),615.0,4.95,-6.11,-0.16,112.07,0.77
1995-11-01,1995,11,Palm oil,Oils & Meals,($/mt),607.0,-1.3,-1.46,-14.14,83.38,-0.22
1995-12-01,1995,12,Palm oil,Oils & Meals,($/mt),590.0,-2.8,0.68,-17.94,70.52,-0.33
1996-01-01,1996,1,Palm oil,Oils & Meals,($/mt),535.0,-9.32,-13.01,-18.32,53.3,-1.57
1996-02-01,1996,2,Palm oil,Oils & Meals,($/mt),518.0,-3.18,-14.66,-21.63,53.25,-0.32
1996-03-01,1996,3,Palm oil,Oils & Meals,($/mt),519.0,0.19,-12.03,-24.45,49.14,0.42
1996-04-01,1996,4,Palm oil,Oils & Meals,($/mt),562.0,8.29,5.05,-10.08,76.18,2.23
1996-05-01,1996,5,Palm oil,Oils & Meals,($/mt),552.0,-1.78,6.56,-9.66,73.58,-0.2
1996-06-01,1996,6,Palm oil,Oils & Meals,($/mt),508.0,-7.97,-2.12,-19.49,63.34,-1.43
1996-07-01,1996,7,Palm oil,Oils & Meals,($/mt),476.0,-6.3,-15.3,-27.33,39.59,-0.88
1996-08-01,1996,8,Palm oil,Oils & Meals,($/mt),513.0,7.77,-7.07,-16.72,51.78,2.0
1996-09-01,1996,9,Palm oil,Oils & Meals,($/mt),545.0,6.24,7.28,-7.0,68.73,1.31
1996-10-01,1996,10,Palm oil,Oils & Meals,($/mt),532.0,-2.39,11.76,-13.5,54.2,-0.32
1996-11-01,1996,11,Palm oil,Oils & Meals,($/mt),550.0,3.38,7.21,-9.39,51.93,0.76
1996-12-01,1996,12,Palm oil,Oils & Meals,($/mt),561.0,2.0,2.94,-4.92,49.2,0.45
1997-01-01,1997,1,Palm oil,Oils & Meals,($/mt),567.0,1.07,6.58,5.98,48.04,0.22
1997-02-01,1997,2,Palm oil,Oils & Meals,($/mt),580.0,2.29,5.45,11.97,51.83,0.32
1997-03-01,1997,3,Palm oil,Oils & Meals,($/mt),559.0,-3.62,-0.36,7.71,41.16,-0.92
1997-04-01,1997,4,Palm oil,Oils & Meals,($/mt),562.0,0.54,-0.88,0.0,39.8,-0.04
1997-05-01,1997,5,Palm oil,Oils & Meals,($/mt),553.0,-1.6,-4.66,0.18,41.79,-0.36
1997-06-01,1997,6,Palm oil,Oils & Meals,($/mt),533.0,-3.62,-4.65,4.92,31.93,-0.79
1997-07-01,1997,7,Palm oil,Oils & Meals,($/mt),498.0,-6.57,-11.39,4.62,30.37,-1.68
1997-08-01,1997,8,Palm oil,Oils & Meals,($/mt),504.0,1.2,-8.86,-1.75,31.94,0.18
1997-09-01,1997,9,Palm oil,Oils & Meals,($/mt),525.0,4.17,-1.5,-3.67,34.27,1.19
1997-10-01,1997,10,Palm oil,Oils & Meals,($/mt),547.0,4.19,9.84,2.82,38.13,1.36
1997-11-01,1997,11,Palm oil,Oils & Meals,($/mt),556.0,1.65,10.32,1.09,34.62,0.4
1997-12-01,1997,12,Palm oil,Oils & Meals,($/mt),566.0,1.8,7.81,0.89,41.15,0.5
1998-01-01,1998,1,Palm oil,Oils & Meals,($/mt),621.0,9.72,13.53,9.52,51.46,2.9
1998-02-01,1998,2,Palm oil,Oils & Meals,($/mt),659.0,6.12,18.53,13.62,55.06,1.22
1998-03-01,1998,3,Palm oil,Oils & Meals,($/mt),671.0,1.82,18.55,20.04,64.46,0.14
1998-04-01,1998,4,Palm oil,Oils & Meals,($/mt),688.0,2.53,10.79,22.42,75.51,0.21
1998-05-01,1998,5,Palm oil,Oils & Meals,($/mt),705.0,2.47,6.98,27.49,90.03,0.16
1998-06-01,1998,6,Palm oil,Oils & Meals,($/mt),633.0,-10.21,-5.66,18.76,77.81,-2.95
1998-07-01,1998,7,Palm oil,Oils & Meals,($/mt),661.0,4.42,-3.92,32.73,82.6,0.54
1998-08-01,1998,8,Palm oil,Oils & Meals,($/mt),674.0,1.97,-4.4,33.73,89.33,-0.11
1998-09-01,1998,9,Palm oil,Oils & Meals,($/mt),703.0,4.3,11.06,33.9,99.72,0.38
1998-10-01,1998,10,Palm oil,Oils & Meals,($/mt),694.0,-1.28,4.99,26.87,108.41,-0.83
1998-11-01,1998,11,Palm oil,Oils & Meals,($/mt),681.0,-1.87,1.04,22.48,90.76,-0.84
1998-12-01,1998,12,Palm oil,Oils & Meals,($/mt),663.0,-2.64,-5.69,17.14,61.31,-0.91
1999-01-01,1999,1,Palm oil,Oils & Meals,($/mt),632.0,-4.68,-8.93,1.77,56.44,-1.21
1999-02-01,1999,2,Palm oil,Oils & Meals,($/mt),561.0,-11.23,-17.62,-14.87,44.96,-2.5
1999-03-01,1999,3,Palm oil,Oils & Meals,($/mt),497.0,-11.41,-25.04,-25.93,25.82,-1.94
1999-04-01,1999,4,Palm oil,Oils & Meals,($/mt),509.0,2.41,-19.46,-26.02,17.28,0.8
1999-05-01,1999,5,Palm oil,Oils & Meals,($/mt),475.0,-6.68,-15.33,-32.62,-2.66,-0.74
1999-06-01,1999,6,Palm oil,Oils & Meals,($/mt),392.0,-17.47,-21.13,-38.07,-22.83,-2.47
1999-07-01,1999,7,Palm oil,Oils & Meals,($/mt),319.0,-18.62,-37.33,-51.74,-35.43,-2.16
1999-08-01,1999,8,Palm oil,Oils & Meals,($/mt),354.0,10.97,-25.47,-47.48,-38.43,2.17
1999-09-01,1999,9,Palm oil,Oils & Meals,($/mt),388.0,9.6,-1.02,-44.81,-36.81,1.64
1999-10-01,1999,10,Palm oil,Oils & Meals,($/mt),381.0,-1.8,19.44,-45.1,-38.15,0.28
1999-11-01,1999,11,Palm oil,Oils & Meals,($/mt),370.0,-2.89,4.52,-45.67,-47.67,0.17
1999-12-01,1999,12,Palm oil,Oils & Meals,($/mt),354.0,-4.32,-8.76,-46.61,-50.76,0.02
2000-01-01,2000,1,Palm oil,Oils & Meals,($/mt),348.0,-1.69,-8.66,-44.94,-46.87,0.32
2000-02-01,2000,2,Palm oil,Oils & Meals,($/mt),332.0,-4.6,-10.27,-40.82,-49.77,-0.02
2000-03-01,2000,3,Palm oil,Oils & Meals,($/mt),349.0,5.12,-1.41,-29.78,-49.2,0.98
2000-04-01,2000,4,Palm oil,Oils & Meals,($/mt),372.0,6.59,6.9,-26.92,-40.48,0.99
2000-05-01,2000,5,Palm oil,Oils & Meals,($/mt),324.0,-12.9,-2.41,-31.79,-46.97,-1.14
2000-06-01,2000,6,Palm oil,Oils & Meals,($/mt),315.0,-2.78,-9.74,-19.64,-50.08,-0.01
2000-07-01,2000,7,Palm oil,Oils & Meals,($/mt),312.0,-0.95,-16.13,-2.19,-52.37,0.06
2000-08-01,2000,8,Palm oil,Oils & Meals,($/mt),306.0,-1.92,-5.56,-13.56,-50.32,-0.29
2000-09-01,2000,9,Palm oil,Oils & Meals,($/mt),288.0,-5.88,-8.57,-25.77,-50.85,-0.82
2000-10-01,2000,10,Palm oil,Oils & Meals,($/mt),255.0,-11.46,-18.27,-33.07,-58.54,-1.83
2000-11-01,2000,11,Palm oil,Oils & Meals,($/mt),257.0,0.78,-16.01,-30.54,-57.66,0.7
2000-12-01,2000,12,Palm oil,Oils & Meals,($/mt),265.0,3.11,-7.99,-25.14,-55.08,1.04
2001-01-01,2001,1,Palm oil,Oils & Meals,($/mt),254.0,-4.15,-0.39,-27.01,-52.52,-0.33
2001-02-01,2001,2,Palm oil,Oils & Meals,($/mt),240.0,-5.51,-6.61,-27.71,-53.67,-0.52
2001-03-01,2001,3,Palm oil,Oils & Meals,($/mt),254.0,5.83,-4.15,-27.22,-51.06,1.39
2001-04-01,2001,4,Palm oil,Oils & Meals,($/mt),251.0,-1.18,-1.18,-32.53,-55.34,0.21
2001-05-01,2001,5,Palm oil,Oils & Meals,($/mt),234.0,-6.77,-2.5,-27.78,-57.61,-0.68
2001-06-01,2001,6,Palm oil,Oils & Meals,($/mt),255.0,8.97,0.39,-19.05,-49.8,2.48
2001-07-01,2001,7,Palm oil,Oils & Meals,($/mt),330.0,29.41,31.47,5.77,-30.67,5.42
2001-08-01,2001,8,Palm oil,Oils & Meals,($/mt),362.0,9.7,54.7,18.3,-29.43,0.82
2001-09-01,2001,9,Palm oil,Oils & Meals,($/mt),310.0,-14.36,21.57,7.64,-43.12,-1.5
2001-10-01,2001,10,Palm oil,Oils & Meals,($/mt),277.0,-10.65,-16.06,8.63,-47.93,-1.01
2001-11-01,2001,11,Palm oil,Oils & Meals,($/mt),323.0,16.61,-10.77,25.68,-41.27,1.32
2001-12-01,2001,12,Palm oil,Oils & Meals,($/mt),360.0,11.46,16.13,35.85,-35.83,0.71
2002-01-01,2002,1,Palm oil,Oils & Meals,($/mt),374.0,3.89,35.02,47.24,-34.04,0.05
2002-02-01,2002,2,Palm oil,Oils & Meals,($/mt),353.0,-5.61,9.29,47.08,-39.14,-0.77
2002-03-01,2002,3,Palm oil,Oils & Meals,($/mt),359.0,1.7,-0.28,41.34,-35.78,-0.18
2002-04-01,2002,4,Palm oil,Oils & Meals,($/mt),360.0,0.28,-3.74,43.43,-35.94,-0.27
2002-05-01,2002,5,Palm oil,Oils & Meals,($/mt),385.0,6.94,9.07,64.53,-30.38,0.26
2002-06-01,2002,6,Palm oil,Oils & Meals,($/mt),426.0,10.65,18.66,67.06,-20.08,0.48
2002-07-01,2002,7,Palm oil,Oils & Meals,($/mt),422.0,-0.94,17.22,27.88,-15.26,-0.49
2002-08-01,2002,8,Palm oil,Oils & Meals,($/mt),446.0,5.69,15.84,23.2,-11.51,0.34
2002-09-01,2002,9,Palm oil,Oils & Meals,($/mt),425.0,-4.71,-0.23,37.1,-19.05,-0.75
2002-10-01,2002,10,Palm oil,Oils & Meals,($/mt),427.0,0.47,1.18,54.15,-21.94,-0.31
2002-11-01,2002,11,Palm oil,Oils & Meals,($/mt),465.0,8.9,4.26,43.96,-16.37,0.75
2002-12-01,2002,12,Palm oil,Oils & Meals,($/mt),489.0,5.16,15.06,35.83,-13.6,0.34
2003-01-01,2003,1,Palm oil,Oils & Meals,($/mt),486.0,-0.61,13.82,29.95,-21.74,-0.65
2003-02-01,2003,2,Palm oil,Oils & Meals,($/mt),477.0,-1.85,2.58,35.13,-27.62,-0.81
2003-03-01,2003,3,Palm oil,Oils & Meals,($/mt),454.0,-4.82,-7.16,26.46,-32.34,-1.58
2003-04-01,2003,4,Palm oil,Oils & Meals,($/mt),443.0,-2.42,-8.85,23.06,-35.61,-0.87
2003-05-01,2003,5,Palm oil,Oils & Meals,($/mt),454.0,2.48,-4.82,17.92,-35.6,0.11
2003-06-01,2003,6,Palm oil,Oils & Meals,($/mt),466.0,2.64,2.64,9.39,-26.38,0.22
2003-07-01,2003,7,Palm oil,Oils & Meals,($/mt),458.0,-1.72,3.39,8.53,-30.71,-0.6
2003-08-01,2003,8,Palm oil,Oils & Meals,($/mt),439.0,-4.15,-3.3,-1.57,-34.87,-1.15
2003-09-01,2003,9,Palm oil,Oils & Meals,($/mt),441.0,0.46,-5.36,3.76,-37.27,0.12
2003-10-01,2003,10,Palm oil,Oils & Meals,($/mt),515.0,16.78,12.45,20.61,-25.79,4.16
2003-11-01,2003,11,Palm oil,Oils & Meals,($/mt),548.0,6.41,24.83,17.85,-19.53,0.76
2003-12-01,2003,12,Palm oil,Oils & Meals,($/mt),540.0,-1.46,22.45,10.43,-18.55,-0.5
2004-01-01,2004,1,Palm oil,Oils & Meals,($/mt),527.0,-2.41,2.33,8.44,-16.61,-0.58
2004-02-01,2004,2,Palm oil,Oils & Meals,($/mt),564.0,7.02,2.92,18.24,0.53,1.04
2004-03-01,2004,3,Palm oil,Oils & Meals,($/mt),584.0,3.55,8.15,28.63,17.51,0.32
2004-04-01,2004,4,Palm oil,Oils & Meals,($/mt),575.0,-1.54,9.11,29.8,12.97,-0.66
2004-05-01,2004,5,Palm oil,Oils & Meals,($/mt),537.0,-6.61,-4.79,18.28,13.05,-1.56
2004-06-01,2004,6,Palm oil,Oils & Meals,($/mt),471.0,-12.29,-19.35,1.07,20.15,-2.2
2004-07-01,2004,7,Palm oil,Oils & Meals,($/mt),455.0,-3.4,-20.87,-0.66,42.63,-0.5
2004-08-01,2004,8,Palm oil,Oils & Meals,($/mt),458.0,0.66,-14.71,4.33,29.38,0.06
2004-09-01,2004,9,Palm oil,Oils & Meals,($/mt),468.0,2.18,-0.64,6.12,20.62,0.22
2004-10-01,2004,10,Palm oil,Oils & Meals,($/mt),451.0,-3.63,-0.88,-12.43,18.37,-0.59
2004-11-01,2004,11,Palm oil,Oils & Meals,($/mt),455.0,0.89,-0.66,-16.97,22.97,0.34
2004-12-01,2004,12,Palm oil,Oils & Meals,($/mt),446.0,-1.98,-4.7,-17.41,25.99,-0.11
2005-01-01,2005,1,Palm oil,Oils & Meals,($/mt),419.0,-6.05,-7.1,-20.49,20.4,-0.92
2005-02-01,2005,2,Palm oil,Oils & Meals,($/mt),423.0,0.95,-7.03,-25.0,27.41,0.53
2005-03-01,2005,3,Palm oil,Oils & Meals,($/mt),458.0,8.27,2.69,-21.58,31.23,2.36
2005-04-01,2005,4,Palm oil,Oils & Meals,($/mt),458.0,0.0,9.31,-20.35,23.12,0.36
2005-05-01,2005,5,Palm oil,Oils & Meals,($/mt),450.0,-1.75,6.38,-16.2,38.89,0.0
2005-06-01,2005,6,Palm oil,Oils & Meals,($/mt),452.0,0.44,-1.31,-4.03,43.49,0.36
2005-07-01,2005,7,Palm oil,Oils & Meals,($/mt),455.0,0.66,-0.66,0.0,45.83,0.26
2005-08-01,2005,8,Palm oil,Oils & Meals,($/mt),448.0,-1.54,-0.44,-2.18,46.41,-0.46
2005-09-01,2005,9,Palm oil,Oils & Meals,($/mt),454.0,1.34,0.44,-2.99,57.64,0.42
2005-10-01,2005,10,Palm oil,Oils & Meals,($/mt),468.0,3.08,2.86,3.77,83.53,0.95
2005-11-01,2005,11,Palm oil,Oils & Meals,($/mt),467.0,-0.21,4.24,2.64,81.71,-0.17
2005-12-01,2005,12,Palm oil,Oils & Meals,($/mt),457.0,-2.14,0.66,2.47,72.45,-0.71
2006-01-01,2006,1,Palm oil,Oils & Meals,($/mt),459.0,0.44,-1.92,9.55,80.71,0.05
2006-02-01,2006,2,Palm oil,Oils & Meals,($/mt),474.0,3.27,1.5,12.06,97.5,0.89
2006-03-01,2006,3,Palm oil,Oils & Meals,($/mt),473.0,-0.21,3.5,3.28,86.22,-0.42
2006-04-01,2006,4,Palm oil,Oils & Meals,($/mt),476.0,0.63,3.7,3.93,89.64,0.21
2006-05-01,2006,5,Palm oil,Oils & Meals,($/mt),484.0,1.68,2.11,7.56,106.84,0.79
2006-06-01,2006,6,Palm oil,Oils & Meals,($/mt),478.0,-1.24,1.06,5.75,87.45,-1.16
2006-07-01,2006,7,Palm oil,Oils & Meals,($/mt),499.0,4.39,4.83,9.67,51.21,2.31
2006-08-01,2006,8,Palm oil,Oils & Meals,($/mt),534.0,7.01,10.33,19.2,47.51,3.05
2006-09-01,2006,9,Palm oil,Oils & Meals,($/mt),511.0,-4.31,6.9,12.56,64.84,-2.26
2006-10-01,2006,10,Palm oil,Oils & Meals,($/mt),514.0,0.59,3.01,9.83,85.56,-0.15
2006-11-01,2006,11,Palm oil,Oils & Meals,($/mt),572.0,11.28,7.12,22.48,77.09,3.48
2006-12-01,2006,12,Palm oil,Oils & Meals,($/mt),626.0,9.44,22.5,36.98,73.89,1.81
2007-01-01,2007,1,Palm oil,Oils & Meals,($/mt),638.0,1.92,24.12,39.0,70.59,-0.18
2007-02-01,2007,2,Palm oil,Oils & Meals,($/mt),645.0,1.1,12.76,36.08,82.72,-0.39
2007-03-01,2007,3,Palm oil,Oils & Meals,($/mt),661.0,2.48,5.59,39.75,84.12,-0.05
2007-04-01,2007,4,Palm oil,Oils & Meals,($/mt),743.0,12.41,16.46,56.09,106.39,2.13
2007-05-01,2007,5,Palm oil,Oils & Meals,($/mt),816.0,9.83,26.51,68.6,111.95,1.15
2007-06-01,2007,6,Palm oil,Oils & Meals,($/mt),833.0,2.08,26.02,74.27,95.54,-0.47
2007-07-01,2007,7,Palm oil,Oils & Meals,($/mt),855.0,2.64,15.07,71.34,102.61,-0.43
2007-08-01,2007,8,Palm oil,Oils & Meals,($/mt),831.0,-2.81,1.84,55.62,86.32,-1.46
2007-09-01,2007,9,Palm oil,Oils & Meals,($/mt),852.0,2.53,2.28,66.73,100.47,-0.25
2007-10-01,2007,10,Palm oil,Oils & Meals,($/mt),926.0,8.69,8.3,80.16,116.86,0.86
2007-11-01,2007,11,Palm oil,Oils & Meals,($/mt),999.0,7.88,20.22,74.65,114.84,0.56
2007-12-01,2007,12,Palm oil,Oils & Meals,($/mt),1002.0,0.3,17.61,60.06,104.91,-0.99
2008-01-01,2008,1,Palm oil,Oils & Meals,($/mt),1122.0,11.98,21.17,75.86,130.86,1.75
2008-02-01,2008,2,Palm oil,Oils & Meals,($/mt),1269.0,13.1,27.03,96.74,166.04,1.64
2008-03-01,2008,3,Palm oil,Oils & Meals,($/mt),1377.0,8.51,37.43,108.32,203.3,0.48
2008-04-01,2008,4,Palm oil,Oils & Meals,($/mt),1320.0,-4.14,17.65,77.66,197.97,-2.01
2008-05-01,2008,5,Palm oil,Oils & Meals,($/mt),1326.0,0.45,4.49,62.5,192.07,-0.8
2008-06-01,2008,6,Palm oil,Oils & Meals,($/mt),1293.0,-2.49,-6.1,55.22,177.47,-1.2
2008-07-01,2008,7,Palm oil,Oils & Meals,($/mt),1213.0,-6.19,-8.11,41.87,164.85,-1.69
2008-08-01,2008,8,Palm oil,Oils & Meals,($/mt),964.0,-20.53,-27.3,16.0,119.59,-3.58
2008-09-01,2008,9,Palm oil,Oils & Meals,($/mt),826.0,-14.32,-36.12,-3.05,87.3,-1.69
2008-10-01,2008,10,Palm oil,Oils & Meals,($/mt),636.0,-23.0,-47.57,-31.32,23.5,-2.22
2008-11-01,2008,11,Palm oil,Oils & Meals,($/mt),581.0,-8.65,-39.73,-41.84,6.02,-0.52
2008-12-01,2008,12,Palm oil,Oils & Meals,($/mt),587.0,1.03,-28.93,-41.42,8.7,0.41
2009-01-01,2009,1,Palm oil,Oils & Meals,($/mt),659.0,12.27,3.62,-41.27,25.05,1.36
2009-02-01,2009,2,Palm oil,Oils & Meals,($/mt),656.0,-0.46,12.91,-48.31,16.31,0.27
2009-03-01,2009,3,Palm oil,Oils & Meals,($/mt),660.0,0.61,12.44,-52.07,13.01,0.51
2009-04-01,2009,4,Palm oil,Oils & Meals,($/mt),800.0,21.21,21.4,-39.39,39.13,2.68
2009-05-01,2009,5,Palm oil,Oils & Meals,($/mt),873.0,9.13,33.08,-34.16,62.57,0.99
2009-06-01,2009,6,Palm oil,Oils & Meals,($/mt),789.0,-9.62,19.55,-38.98,67.52,-0.54
2009-07-01,2009,7,Palm oil,Oils & Meals,($/mt),698.0,-11.53,-12.75,-42.46,53.41,-0.63
2009-08-01,2009,8,Palm oil,Oils & Meals,($/mt),746.0,6.88,-14.55,-22.61,62.88,0.78
2009-09-01,2009,9,Palm oil,Oils & Meals,($/mt),704.0,-5.63,-10.77,-14.77,50.43,-0.34
2009-10-01,2009,10,Palm oil,Oils & Meals,($/mt),725.0,2.98,3.87,13.99,60.75,0.3
2009-11-01,2009,11,Palm oil,Oils & Meals,($/mt),763.0,5.24,2.28,31.33,67.69,0.38
2009-12-01,2009,12,Palm oil,Oils & Meals,($/mt),822.0,7.73,16.76,40.03,84.3,0.55
2010-01-01,2010,1,Palm oil,Oils & Meals,($/mt),831.0,1.09,14.62,26.1,98.33,-0.23
2010-02-01,2010,2,Palm oil,Oils & Meals,($/mt),830.0,-0.12,8.78,26.52,96.22,-0.27
2010-03-01,2010,3,Palm oil,Oils & Meals,($/mt),863.0,3.98,4.99,30.76,88.43,0.18
2010-04-01,2010,4,Palm oil,Oils & Meals,($/mt),863.0,0.0,3.85,7.88,88.43,-0.29
2010-05-01,2010,5,Palm oil,Oils & Meals,($/mt),855.0,-0.93,3.01,-2.06,90.0,-0.26
2010-06-01,2010,6,Palm oil,Oils & Meals,($/mt),826.0,-3.39,-4.29,4.69,82.74,-0.55
2010-07-01,2010,7,Palm oil,Oils & Meals,($/mt),844.0,2.18,-2.2,20.92,85.49,0.3
2010-08-01,2010,8,Palm oil,Oils & Meals,($/mt),944.0,11.85,10.41,26.54,110.71,2.55
2010-09-01,2010,9,Palm oil,Oils & Meals,($/mt),949.0,0.53,14.89,34.8,109.03,-0.33
2010-10-01,2010,10,Palm oil,Oils & Meals,($/mt),1026.0,8.11,21.56,41.52,119.23,1.33
2010-11-01,2010,11,Palm oil,Oils & Meals,($/mt),1131.0,10.23,19.81,48.23,142.18,1.62
2010-12-01,2010,12,Palm oil,Oils & Meals,($/mt),1235.0,9.2,30.14,50.24,170.24,1.18
2011-01-01,2011,1,Palm oil,Oils & Meals,($/mt),1304.0,5.59,27.1,56.92,184.1,0.4
2011-02-01,2011,2,Palm oil,Oils & Meals,($/mt),1327.0,1.76,17.33,59.88,179.96,-0.44
2011-03-01,2011,3,Palm oil,Oils & Meals,($/mt),1242.0,-6.41,0.57,43.92,162.58,-2.15
2011-04-01,2011,4,Palm oil,Oils & Meals,($/mt),1220.0,-1.77,-6.44,41.37,156.3,-0.87
2011-05-01,2011,5,Palm oil,Oils & Meals,($/mt),1230.0,0.82,-7.31,43.86,154.13,-0.39
2011-06-01,2011,6,Palm oil,Oils & Meals,($/mt),1192.0,-3.09,-4.03,44.31,149.37,-1.09
2011-07-01,2011,7,Palm oil,Oils & Meals,($/mt),1183.0,-0.76,-3.03,40.17,137.07,-0.7
2011-08-01,2011,8,Palm oil,Oils & Meals,($/mt),1205.0,1.86,-2.03,27.65,125.66,-0.2
2011-09-01,2011,9,Palm oil,Oils & Meals,($/mt),1137.0,-5.64,-4.61,19.81,122.5,-1.52
2011-10-01,2011,10,Palm oil,Oils & Meals,($/mt),1045.0,-8.09,-11.67,1.85,103.31,-1.74
2011-11-01,2011,11,Palm oil,Oils & Meals,($/mt),1113.0,6.51,-7.63,-1.59,94.58,1.06
2011-12-01,2011,12,Palm oil,Oils & Meals,($/mt),1122.0,0.81,-1.32,-9.15,79.23,0.15
2012-01-01,2012,1,Palm oil,Oils & Meals,($/mt),1124.0,0.18,7.56,-13.8,76.18,0.19
2012-02-01,2012,2,Palm oil,Oils & Meals,($/mt),1146.0,1.96,2.96,-13.64,77.67,0.76
2012-03-01,2012,3,Palm oil,Oils & Meals,($/mt),1195.0,4.28,6.51,-3.78,80.79,1.31
2012-04-01,2012,4,Palm oil,Oils & Meals,($/mt),1234.0,3.26,9.79,1.15,66.08,0.87
2012-05-01,2012,5,Palm oil,Oils & Meals,($/mt),1125.0,-8.83,-1.83,-8.54,37.87,-2.18
2012-06-01,2012,6,Palm oil,Oils & Meals,($/mt),1028.0,-8.62,-13.97,-13.76,23.41,-1.64
2012-07-01,2012,7,Palm oil,Oils & Meals,($/mt),1053.0,2.43,-14.67,-10.99,23.16,0.66
2012-08-01,2012,8,Palm oil,Oils & Meals,($/mt),1022.0,-2.94,-9.16,-15.19,22.98,-0.39
2012-09-01,2012,9,Palm oil,Oils & Meals,($/mt),1001.0,-2.05,-2.63,-11.96,17.49,-0.15
2012-10-01,2012,10,Palm oil,Oils & Meals,($/mt),886.0,-11.49,-15.86,-15.22,-4.32,-2.02
2012-11-01,2012,11,Palm oil,Oils & Meals,($/mt),863.0,-2.6,-15.56,-22.46,-13.61,-0.24
2012-12-01,2012,12,Palm oil,Oils & Meals,($/mt),844.0,-2.2,-15.68,-24.78,-15.77,-0.04
2013-01-01,2013,1,Palm oil,Oils & Meals,($/mt),885.0,4.86,-0.11,-21.26,-21.12,1.38
2013-02-01,2013,2,Palm oil,Oils & Meals,($/mt),920.0,3.95,6.6,-19.72,-27.5,1.05
2013-03-01,2013,3,Palm oil,Oils & Meals,($/mt),892.0,-3.04,5.69,-25.36,-35.22,-0.24
2013-04-01,2013,4,Palm oil,Oils & Meals,($/mt),874.0,-2.02,-1.24,-29.17,-33.79,0.05
2013-05-01,2013,5,Palm oil,Oils & Meals,($/mt),879.0,0.57,-4.46,-21.87,-33.71,0.65
2013-06-01,2013,6,Palm oil,Oils & Meals,($/mt),877.0,-0.23,-1.68,-14.69,-32.17,0.36
2013-07-01,2013,7,Palm oil,Oils & Meals,($/mt),827.0,-5.7,-5.38,-21.46,-31.82,-1.06
2013-08-01,2013,8,Palm oil,Oils & Meals,($/mt),819.0,-0.97,-6.83,-19.86,-15.04,0.22
2013-09-01,2013,9,Palm oil,Oils & Meals,($/mt),826.0,0.85,-5.82,-17.48,0.0,0.61
2013-10-01,2013,10,Palm oil,Oils & Meals,($/mt),860.0,4.12,3.99,-2.93,35.22,1.31
2013-11-01,2013,11,Palm oil,Oils & Meals,($/mt),904.0,5.12,10.38,4.75,55.59,1.64
2013-12-01,2013,12,Palm oil,Oils & Meals,($/mt),886.0,-1.99,7.26,4.98,50.94,-0.7
2014-01-01,2014,1,Palm oil,Oils & Meals,($/mt),863.0,-2.6,0.35,-2.49,30.96,-0.88
2014-02-01,2014,2,Palm oil,Oils & Meals,($/mt),904.0,4.75,0.0,-1.74,37.8,1.51
2014-03-01,2014,3,Palm oil,Oils & Meals,($/mt),954.0,5.53,7.67,6.95,44.55,1.67
2014-04-01,2014,4,Palm oil,Oils & Meals,($/mt),927.0,-2.83,7.42,6.06,15.87,-0.96
2014-05-01,2014,5,Palm oil,Oils & Meals,($/mt),898.0,-3.13,-0.66,2.16,2.86,-1.01
2014-06-01,2014,6,Palm oil,Oils & Meals,($/mt),862.0,-4.01,-9.64,-1.71,9.25,-1.12
2014-07-01,2014,7,Palm oil,Oils & Meals,($/mt),854.0,-0.93,-7.87,3.26,22.35,-0.21
2014-08-01,2014,8,Palm oil,Oils & Meals,($/mt),779.0,-8.78,-13.25,-4.88,4.42,-2.53
2014-09-01,2014,9,Palm oil,Oils & Meals,($/mt),761.0,-2.31,-11.72,-7.87,8.1,-0.45
2014-10-01,2014,10,Palm oil,Oils & Meals,($/mt),764.0,0.39,-10.54,-11.16,5.38,0.22
2014-11-01,2014,11,Palm oil,Oils & Meals,($/mt),765.0,0.13,-1.8,-15.38,0.26,0.24
2014-12-01,2014,12,Palm oil,Oils & Meals,($/mt),720.0,-5.88,-5.39,-18.74,-12.41,-1.2
2015-01-01,2015,1,Palm oil,Oils & Meals,($/mt),720.0,0.0,-5.76,-16.57,-13.36,0.41
2015-02-01,2015,2,Palm oil,Oils & Meals,($/mt),723.0,0.42,-5.49,-20.02,-12.89,0.45
2015-03-01,2015,3,Palm oil,Oils & Meals,($/mt),699.0,-3.32,-2.92,-26.73,-19.0,-0.42
2015-04-01,2015,4,Palm oil,Oils & Meals,($/mt),683.0,-2.29,-5.14,-26.32,-20.86,0.08
2015-05-01,2015,5,Palm oil,Oils & Meals,($/mt),697.0,2.05,-3.6,-22.38,-18.48,1.61
2015-06-01,2015,6,Palm oil,Oils & Meals,($/mt),706.0,1.29,1.0,-18.1,-14.53,1.08
2015-07-01,2015,7,Palm oil,Oils & Meals,($/mt),680.0,-3.68,-0.44,-20.37,-19.43,-0.66
2015-08-01,2015,8,Palm oil,Oils & Meals,($/mt),601.0,-11.62,-13.77,-22.85,-36.33,-3.06
2015-09-01,2015,9,Palm oil,Oils & Meals,($/mt),600.0,-0.17,-15.01,-21.16,-36.78,0.5
2015-10-01,2015,10,Palm oil,Oils & Meals,($/mt),637.0,6.17,-6.32,-16.62,-37.91,2.09
2015-11-01,2015,11,Palm oil,Oils & Meals,($/mt),608.0,-4.55,1.16,-20.52,-46.24,-0.7
2015-12-01,2015,12,Palm oil,Oils & Meals,($/mt),607.0,-0.16,1.17,-15.69,-50.85,0.36
2016-01-01,2016,1,Palm oil,Oils & Meals,($/mt),612.0,0.82,-3.92,-15.0,-53.07,0.49
2016-02-01,2016,2,Palm oil,Oils & Meals,($/mt),679.0,10.95,11.68,-6.09,-48.83,2.78
2016-03-01,2016,3,Palm oil,Oils & Meals,($/mt),716.0,5.45,17.96,2.43,-42.35,1.04
2016-04-01,2016,4,Palm oil,Oils & Meals,($/mt),775.0,8.24,26.63,13.47,-36.48,1.36
2016-05-01,2016,5,Palm oil,Oils & Meals,($/mt),753.0,-2.84,10.9,8.03,-38.78,-0.66
2016-06-01,2016,6,Palm oil,Oils & Meals,($/mt),718.0,-4.65,0.28,1.7,-39.77,-0.88
2016-07-01,2016,7,Palm oil,Oils & Meals,($/mt),678.0,-5.57,-12.52,-0.29,-42.69,-0.92
2016-08-01,2016,8,Palm oil,Oils & Meals,($/mt),771.0,13.72,2.39,28.29,-36.02,2.07
2016-09-01,2016,9,Palm oil,Oils & Meals,($/mt),798.0,3.5,11.14,33.0,-29.82,0.19
2016-10-01,2016,10,Palm oil,Oils & Meals,($/mt),750.0,-6.02,10.62,17.74,-28.23,-1.33
2016-11-01,2016,11,Palm oil,Oils & Meals,($/mt),767.0,2.27,-0.52,26.15,-31.09,0.1
2016-12-01,2016,12,Palm oil,Oils & Meals,($/mt),811.0,5.74,1.63,33.61,-27.72,0.55
2017-01-01,2017,1,Palm oil,Oils & Meals,($/mt),825.0,1.73,10.0,34.8,-26.6,-0.14
2017-02-01,2017,2,Palm oil,Oils & Meals,($/mt),809.0,-1.94,5.48,19.15,-29.41,-0.71
2017-03-01,2017,3,Palm oil,Oils & Meals,($/mt),779.0,-3.71,-3.95,8.8,-34.81,-0.88
2017-04-01,2017,4,Palm oil,Oils & Meals,($/mt),752.0,-3.47,-8.85,-2.97,-39.06,-0.71
2017-05-01,2017,5,Palm oil,Oils & Meals,($/mt),763.0,1.46,-5.69,1.33,-32.18,0.27
2017-06-01,2017,6,Palm oil,Oils & Meals,($/mt),735.0,-3.67,-5.65,2.37,-28.5,-0.69
2017-07-01,2017,7,Palm oil,Oils & Meals,($/mt),720.0,-2.04,-4.26,6.19,-31.62,-0.42
2017-08-01,2017,8,Palm oil,Oils & Meals,($/mt),718.0,-0.28,-5.9,-6.87,-29.75,-0.17
2017-09-01,2017,9,Palm oil,Oils & Meals,($/mt),754.0,5.01,2.59,-5.51,-24.68,1.58
2017-10-01,2017,10,Palm oil,Oils & Meals,($/mt),747.0,-0.93,3.75,-0.4,-15.69,-0.14
2017-11-01,2017,11,Palm oil,Oils & Meals,($/mt),729.0,-2.41,1.53,-4.95,-15.53,-0.75
2017-12-01,2017,12,Palm oil,Oils & Meals,($/mt),679.0,-6.86,-9.95,-16.28,-19.55,-2.0
2018-01-01,2018,1,Palm oil,Oils & Meals,($/mt),703.0,3.53,-5.89,-14.79,-20.56,1.59
2018-02-01,2018,2,Palm oil,Oils & Meals,($/mt),709.0,0.85,-2.74,-12.36,-22.93,0.64
2018-03-01,2018,3,Palm oil,Oils & Meals,($/mt),706.0,-0.42,3.98,-9.37,-20.85,0.18
2018-04-01,2018,4,Palm oil,Oils & Meals,($/mt),701.0,-0.71,-0.28,-6.78,-19.79,0.02
2018-05-01,2018,5,Palm oil,Oils & Meals,($/mt),687.0,-2.0,-3.1,-9.96,-21.84,-0.46
2018-06-01,2018,6,Palm oil,Oils & Meals,($/mt),657.0,-4.37,-6.94,-10.61,-25.09,-1.14
2018-07-01,2018,7,Palm oil,Oils & Meals,($/mt),616.0,-6.24,-12.13,-14.44,-25.51,-1.69
2018-08-01,2018,8,Palm oil,Oils & Meals,($/mt),615.0,-0.16,-10.48,-14.35,-24.91,0.3
2018-09-01,2018,9,Palm oil,Oils & Meals,($/mt),605.0,-1.63,-7.91,-19.76,-26.76,-0.11
2018-10-01,2018,10,Palm oil,Oils & Meals,($/mt),590.0,-2.48,-4.22,-21.02,-31.4,-0.24
2018-11-01,2018,11,Palm oil,Oils & Meals,($/mt),539.0,-8.64,-12.36,-26.06,-40.38,-2.31
2018-12-01,2018,12,Palm oil,Oils & Meals,($/mt),535.0,-0.74,-11.57,-21.21,-39.62,0.48
2019-01-01,2019,1,Palm oil,Oils & Meals,($/mt),585.0,9.35,-0.85,-16.79,-32.21,3.47
2019-02-01,2019,2,Palm oil,Oils & Meals,($/mt),603.0,3.08,11.87,-14.95,-33.3,1.03
2019-03-01,2019,3,Palm oil,Oils & Meals,($/mt),573.0,-4.98,7.1,-18.84,-39.94,-0.82
2019-04-01,2019,4,Palm oil,Oils & Meals,($/mt),588.0,2.62,0.51,-16.12,-36.57,0.92
2019-05-01,2019,5,Palm oil,Oils & Meals,($/mt),564.0,-4.08,-6.47,-17.9,-37.19,-0.57
2019-06-01,2019,6,Palm oil,Oils & Meals,($/mt),552.0,-2.13,-3.66,-15.98,-35.96,-0.12
2019-07-01,2019,7,Palm oil,Oils & Meals,($/mt),544.0,-1.45,-7.48,-11.69,-36.3,-0.02
2019-08-01,2019,8,Palm oil,Oils & Meals,($/mt),586.0,7.72,3.9,-4.72,-24.78,1.91
2019-09-01,2019,9,Palm oil,Oils & Meals,($/mt),580.0,-1.02,5.07,-4.13,-23.78,-0.14
2019-10-01,2019,10,Palm oil,Oils & Meals,($/mt),591.0,1.9,8.64,0.17,-22.64,0.41
2019-11-01,2019,11,Palm oil,Oils & Meals,($/mt),685.0,15.91,16.89,27.09,-10.46,3.07
2019-12-01,2019,12,Palm oil,Oils & Meals,($/mt),764.0,11.53,31.72,42.8,6.11,1.53
2020-01-01,2020,1,Palm oil,Oils & Meals,($/mt),810.0,6.02,37.06,38.46,12.5,0.43
2020-02-01,2020,2,Palm oil,Oils & Meals,($/mt),729.0,-10.0,6.42,20.9,0.83,-2.03
2020-03-01,2020,3,Palm oil,Oils & Meals,($/mt),636.0,-12.76,-16.75,10.99,-9.01,-1.97
2020-04-01,2020,4,Palm oil,Oils & Meals,($/mt),609.0,-4.25,-24.81,3.57,-10.83,-0.65
2020-05-01,2020,5,Palm oil,Oils & Meals,($/mt),577.0,-5.25,-20.85,2.3,-17.22,-0.69
2020-06-01,2020,6,Palm oil,Oils & Meals,($/mt),656.0,13.69,3.14,18.84,-7.08,1.55
2020-07-01,2020,7,Palm oil,Oils & Meals,($/mt),694.0,5.79,13.96,27.57,2.06,0.43
2020-08-01,2020,8,Palm oil,Oils & Meals,($/mt),760.0,9.51,31.72,29.69,26.46,0.76
2020-09-01,2020,9,Palm oil,Oils & Meals,($/mt),796.0,4.74,21.34,37.24,32.67,0.23
2020-10-01,2020,10,Palm oil,Oils & Meals,($/mt),819.0,2.89,18.01,38.58,28.57,-0.02
2020-11-01,2020,11,Palm oil,Oils & Meals,($/mt),918.0,12.09,20.79,34.01,50.99,0.96
2020-12-01,2020,12,Palm oil,Oils & Meals,($/mt),1016.0,10.68,27.64,32.98,67.38,0.88
2021-01-01,2021,1,Palm oil,Oils & Meals,($/mt),990.0,-2.56,20.88,22.22,61.76,-0.6
2021-02-01,2021,2,Palm oil,Oils & Meals,($/mt),1020.0,3.03,11.11,39.92,50.22,0.11
2021-03-01,2021,3,Palm oil,Oils & Meals,($/mt),1030.0,0.98,1.38,61.95,43.85,-0.27
2021-04-01,2021,4,Palm oil,Oils & Meals,($/mt),1078.0,4.66,8.89,77.01,39.1,0.06
2021-05-01,2021,5,Palm oil,Oils & Meals,($/mt),1136.0,5.38,11.37,96.88,50.86,0.06
2021-06-01,2021,6,Palm oil,Oils & Meals,($/mt),1004.0,-11.62,-2.52,53.05,39.83,-3.67
2021-07-01,2021,7,Palm oil,Oils & Meals,($/mt),1063.0,5.88,-1.39,53.17,56.78,0.33
2021-08-01,2021,8,Palm oil,Oils & Meals,($/mt),1142.0,7.43,0.53,50.26,48.12,0.57
2021-09-01,2021,9,Palm oil,Oils & Meals,($/mt),1181.0,3.42,17.63,48.37,47.99,-0.03
2021-10-01,2021,10,Palm oil,Oils & Meals,($/mt),1310.0,10.92,23.24,59.95,74.67,1.19
2021-11-01,2021,11,Palm oil,Oils & Meals,($/mt),1341.0,2.37,17.43,46.08,74.84,-0.28
2021-12-01,2021,12,Palm oil,Oils & Meals,($/mt),1270.0,-5.29,7.54,25.0,56.6,-1.43
2022-01-01,2022,1,Palm oil,Oils & Meals,($/mt),1345.0,5.91,2.67,35.86,63.03,0.63
2022-02-01,2022,2,Palm oil,Oils & Meals,($/mt),1522.0,13.16,13.5,49.22,88.13,1.74
2022-03-01,2022,3,Palm oil,Oils & Meals,($/mt),1777.0,16.75,39.92,72.52,128.11,1.96
2022-04-01,2022,4,Palm oil,Oils & Meals,($/mt),1683.0,-5.29,25.13,56.12,123.8,-1.34
2022-05-01,2022,5,Palm oil,Oils & Meals,($/mt),1717.0,2.02,12.81,51.14,125.03,-0.25
2022-06-01,2022,6,Palm oil,Oils & Meals,($/mt),1501.0,-12.58,-15.53,49.5,104.22,-2.0
2022-07-01,2022,7,Palm oil,Oils & Meals,($/mt),1057.0,-29.58,-37.2,-0.56,46.81,-3.99
2022-08-01,2022,8,Palm oil,Oils & Meals,($/mt),1026.0,-2.93,-40.24,-10.16,42.9,-0.29
2022-09-01,2022,9,Palm oil,Oils & Meals,($/mt),909.0,-11.4,-39.44,-23.03,20.56,-0.9
2022-10-01,2022,10,Palm oil,Oils & Meals,($/mt),889.0,-2.2,-15.89,-32.14,19.01,-0.07
2022-11-01,2022,11,Palm oil,Oils & Meals,($/mt),946.0,6.41,-7.8,-29.46,29.77,0.72
2022-12-01,2022,12,Palm oil,Oils & Meals,($/mt),940.0,-0.63,3.41,-25.98,38.44,0.12
2023-01-01,2023,1,Palm oil,Oils & Meals,($/mt),942.0,0.21,5.96,-29.96,34.0,0.15
2023-02-01,2023,2,Palm oil,Oils & Meals,($/mt),950.0,0.85,0.42,-37.58,33.99,0.25
2023-03-01,2023,3,Palm oil,Oils & Meals,($/mt),972.0,2.32,3.4,-45.3,37.68,0.49
2023-04-01,2023,4,Palm oil,Oils & Meals,($/mt),1005.0,3.4,6.69,-40.29,43.37,0.81
2023-05-01,2023,5,Palm oil,Oils & Meals,($/mt),934.0,-7.06,-1.68,-45.6,35.95,-0.34
2023-06-01,2023,6,Palm oil,Oils & Meals,($/mt),817.0,-12.53,-15.95,-45.57,24.35,-0.83
2023-07-01,2023,7,Palm oil,Oils & Meals,($/mt),879.0,7.59,-12.54,-16.84,42.69,1.23
2023-08-01,2023,8,Palm oil,Oils & Meals,($/mt),861.0,-2.05,-7.82,-16.08,40.0,-0.11
2023-09-01,2023,9,Palm oil,Oils & Meals,($/mt),830.0,-3.6,1.59,-8.69,37.19,-0.37
2023-10-01,2023,10,Palm oil,Oils & Meals,($/mt),804.0,-3.13,-8.53,-9.56,36.27,-0.45
2023-11-01,2023,11,Palm oil,Oils & Meals,($/mt),830.0,3.23,-3.6,-12.26,53.99,0.7
2023-12-01,2023,12,Palm oil,Oils & Meals,($/mt),814.0,-1.93,-1.93,-13.4,52.15,-0.18
2024-01-01,2024,1,Palm oil,Oils & Meals,($/mt),845.0,3.81,5.1,-10.3,44.44,0.92
2024-02-01,2024,2,Palm oil,Oils & Meals,($/mt),857.0,1.42,3.25,-9.79,42.12,0.4
2024-03-01,2024,3,Palm oil,Oils & Meals,($/mt),943.0,10.04,15.85,-2.98,64.57,1.95
2024-04-01,2024,4,Palm oil,Oils & Meals,($/mt),936.0,-0.74,10.77,-6.87,59.18,-0.11
2024-05-01,2024,5,Palm oil,Oils & Meals,($/mt),859.0,-8.23,0.23,-8.03,52.3,-1.26
2024-06-01,2024,6,Palm oil,Oils & Meals,($/mt),874.0,1.75,-7.32,6.98,58.33,0.36
2024-07-01,2024,7,Palm oil,Oils & Meals,($/mt),896.0,2.52,-4.27,1.93,64.71,0.36
2024-08-01,2024,8,Palm oil,Oils & Meals,($/mt),933.0,4.13,8.61,8.36,59.22,0.84
2024-09-01,2024,9,Palm oil,Oils & Meals,($/mt),983.0,5.36,12.47,18.43,69.48,0.98
2024-10-01,2024,10,Palm oil,Oils & Meals,($/mt),1077.0,9.56,20.2,33.96,82.23,1.73
2024-11-01,2024,11,Palm oil,Oils & Meals,($/mt),1169.0,8.54,25.29,40.84,70.66,1.21
2024-12-01,2024,12,Palm oil,Oils & Meals,($/mt),1190.0,1.8,21.06,46.19,55.76,-0.23
2025-01-01,2025,1,Palm oil,Oils & Meals,($/mt),1070.0,-10.08,-0.65,26.63,32.1,-2.68
2025-02-01,2025,2,Palm oil,Oils & Meals,($/mt),1067.0,-0.28,-8.73,24.5,46.36,-0.39
2025-03-01,2025,3,Palm oil,Oils & Meals,($/mt),1068.0,0.09,-10.25,13.26,67.92,-0.3
2025-04-01,2025,4,Palm oil,Oils & Meals,($/mt),994.0,-6.93,-7.1,6.2,63.22,-1.39
2025-05-01,2025,5,Palm oil,Oils & Meals,($/mt),908.0,-8.65,-14.9,5.7,57.37,-1.49
2025-06-01,2025,6,Palm oil,Oils & Meals,($/mt),935.0,2.97,-12.45,6.98,42.53,0.37
2025-07-01,2025,7,Palm oil,Oils & Meals,($/mt),976.0,4.39,-1.81,8.93,40.63,0.57
2025-08-01,2025,8,Palm oil,Oils & Meals,($/mt),1026.0,5.12,13.0,9.97,35.0,0.65
2025-09-01,2025,9,Palm oil,Oils & Meals,($/mt),1037.0,1.07,10.91,5.49,30.28,0.01
2025-10-01,2025,10,Palm oil,Oils & Meals,($/mt),1038.0,0.1,6.35,-3.62,26.74,-0.08
2025-11-01,2025,11,Palm oil,Oils & Meals,($/mt),983.0,-5.3,-4.19,-15.91,7.08,-0.9
2025-12-01,2025,12,Palm oil,Oils & Meals,($/mt),980.0,-0.31,-5.5,-17.65,-3.54,0.2
2026-01-01,2026,1,Palm oil,Oils & Meals,($/mt),1013.0,3.37,-2.41,-5.33,2.32,0.96
2026-02-01,2026,2,Palm oil,Oils & Meals,($/mt),1064.0,5.03,8.24,-0.28,4.31,1.22
2026-03-01,2026,3,Palm oil,Oils & Meals,($/mt),1167.0,9.68,19.08,9.27,13.3,2.04
2026-04-01,2026,4,Palm oil,Oils & Meals,($/mt),1181.0,1.2,16.58,18.81,9.55,0.06
2026-05-01,2026,5,Palm oil,Oils & Meals,($/mt),1168.0,-1.1,9.77,28.63,2.82,-0.55
2026-06-01,2026,6,Palm oil,Oils & Meals,($/mt),1142.0,-2.23,-2.14,22.14,13.75,-1.16
2026-07-01,2026,7,Palm oil,Oils & Meals,($/mt),1133.0,-0.79,-4.06,16.09,6.59,-0.64
2026-08-01,2026,8,Palm oil,Oils & Meals,($/mt),1132.0,-0.09,-3.08,10.33,-0.88,-0.36
2026-09-01,2026,9,Palm oil,Oils & Meals,($/mt),1180.0,4.24,3.33,13.79,-0.08,0.88
1960-01-01,1960,1,Phosphate rock,Fertilizers,($/mt),13.0,,,,,
1960-02-01,1960,2,Phosphate rock,Fertilizers,($/mt),13.0,0.0,,,,
1960-03-01,1960,3,Phosphate rock,Fertilizers,($/mt),13.0,0.0,,,,
1960-04-01,1960,4,Phosphate rock,Fertilizers,($/mt),13.0,0.0,0.0,,,
1960-05-01,1960,5,Phosphate rock,Fertilizers,($/mt),13.0,0.0,0.0,,,
1960-06-01,1960,6,Phosphate rock,Fertilizers,($/mt),13.0,0.0,0.0,,,
1960-07-01,1960,7,Phosphate rock,Fertilizers,($/mt),13.0,0.0,0.0,,,
1960-08-01,1960,8,Phosphate rock,Fertilizers,($/mt),13.0,0.0,0.0,,,0.0
1960-09-01,1960,9,Phosphate rock,Fertilizers,($/mt),13.0,0.0,0.0,,,0.0
1960-10-01,1960,10,Phosphate rock,Fertilizers,($/mt),13.0,0.0,0.0,,,0.0
1960-11-01,1960,11,Phosphate rock,Fertilizers,($/mt),13.0,0.0,0.0,,,0.0
1960-12-01,1960,12,Phosphate rock,Fertilizers,($/mt),13.0,0.0,0.0,,,0.0
1961-01-01,1961,1,Phosphate rock,Fertilizers,($/mt),13.0,0.0,0.0,0.0,,0.0
1961-02-01,1961,2,Phosphate rock,Fertilizers,($/mt),13.0,0.0,0.0,0.0,,0.0
1961-03-01,1961,3,Phosphate rock,Fertilizers,($/mt),13.0,0.0,0.0,0.0,,0.0
1961-04-01,1961,4,Phosphate rock,Fertilizers,($/mt),13.0,0.0,0.0,0.0,,0.0
1961-05-01,1961,5,Phosphate rock,Fertilizers,($/mt),13.0,0.0,0.0,0.0,,0.0
1961-06-01,1961,6,Phosphate rock,Fertilizers,($/mt),13.0,0.0,0.0,0.0,,0.0
1961-07-01,1961,7,Phosphate rock,Fertilizers,($/mt),13.0,0.0,0.0,0.0,,0.0
1961-08-01,1961,8,Phosphate rock,Fertilizers,($/mt),13.0,0.0,0.0,0.0,,0.0
1961-09-01,1961,9,Phosphate rock,Fertilizers,($/mt),13.0,0.0,0.0,0.0,,0.0
1961-10-01,1961,10,Phosphate rock,Fertilizers,($/mt),13.0,0.0,0.0,0.0,,0.0
1961-11-01,1961,11,Phosphate rock,Fertilizers,($/mt),13.0,0.0,0.0,0.0,,0.0
1961-12-01,1961,12,Phosphate rock,Fertilizers,($/mt),13.0,0.0,0.0,0.0,,0.0
1962-01-01,1962,1,Phosphate rock,Fertilizers,($/mt),11.5,-11.54,-11.54,-11.54,,0.0
1962-02-01,1962,2,Phosphate rock,Fertilizers,($/mt),11.5,0.0,-11.54,-11.54,,0.29
1962-03-01,1962,3,Phosphate rock,Fertilizers,($/mt),11.5,0.0,-11.54,-11.54,,0.29
1962-04-01,1962,4,Phosphate rock,Fertilizers,($/mt),11.5,0.0,0.0,-11.54,,0.29
1962-05-01,1962,5,Phosphate rock,Fertilizers,($/mt),11.5,0.0,0.0,-11.54,,0.29
1962-06-01,1962,6,Phosphate rock,Fertilizers,($/mt),11.5,0.0,0.0,-11.54,,0.29
1962-07-01,1962,7,Phosphate rock,Fertilizers,($/mt),11.5,0.0,0.0,-11.54,,0.29
1962-08-01,1962,8,Phosphate rock,Fertilizers,($/mt),11.5,0.0,0.0,-11.54,,0.29
1962-09-01,1962,9,Phosphate rock,Fertilizers,($/mt),11.5,0.0,0.0,-11.54,,0.29
1962-10-01,1962,10,Phosphate rock,Fertilizers,($/mt),11.5,0.0,0.0,-11.54,,0.29
1962-11-01,1962,11,Phosphate rock,Fertilizers,($/mt),11.5,0.0,0.0,-11.54,,0.29
1962-12-01,1962,12,Phosphate rock,Fertilizers,($/mt),11.5,0.0,0.0,-11.54,,0.29
1963-01-01,1963,1,Phosphate rock,Fertilizers,($/mt),11.5,0.0,0.0,0.0,,0.29
1963-02-01,1963,2,Phosphate rock,Fertilizers,($/mt),11.5,0.0,0.0,0.0,,0.0
1963-03-01,1963,3,Phosphate rock,Fertilizers,($/mt),11.5,0.0,0.0,0.0,,0.0
1963-04-01,1963,4,Phosphate rock,Fertilizers,($/mt),11.5,0.0,0.0,0.0,,0.0
1963-05-01,1963,5,Phosphate rock,Fertilizers,($/mt),11.5,0.0,0.0,0.0,,0.0
1963-06-01,1963,6,Phosphate rock,Fertilizers,($/mt),11.5,0.0,0.0,0.0,,0.0
1963-07-01,1963,7,Phosphate rock,Fertilizers,($/mt),11.5,0.0,0.0,0.0,,0.0
1963-08-01,1963,8,Phosphate rock,Fertilizers,($/mt),11.5,0.0,0.0,0.0,,0.0
1963-09-01,1963,9,Phosphate rock,Fertilizers,($/mt),11.5,0.0,0.0,0.0,,0.0
1963-10-01,1963,10,Phosphate rock,Fertilizers,($/mt),11.5,0.0,0.0,0.0,,0.0
1963-11-01,1963,11,Phosphate rock,Fertilizers,($/mt),11.5,0.0,0.0,0.0,,0.0
1963-12-01,1963,12,Phosphate rock,Fertilizers,($/mt),11.5,0.0,0.0,0.0,,0.0
1964-01-01,1964,1,Phosphate rock,Fertilizers,($/mt),12.5,8.7,8.7,8.7,,0.0
1964-02-01,1964,2,Phosphate rock,Fertilizers,($/mt),12.5,0.0,8.7,8.7,,-0.29
1964-03-01,1964,3,Phosphate rock,Fertilizers,($/mt),12.5,0.0,8.7,8.7,,-0.29
1964-04-01,1964,4,Phosphate rock,Fertilizers,($/mt),12.5,0.0,0.0,8.7,,-0.29
1964-05-01,1964,5,Phosphate rock,Fertilizers,($/mt),12.5,0.0,0.0,8.7,,-0.29
1964-06-01,1964,6,Phosphate rock,Fertilizers,($/mt),12.5,0.0,0.0,8.7,,-0.29
1964-07-01,1964,7,Phosphate rock,Fertilizers,($/mt),12.5,0.0,0.0,8.7,,-0.29
1964-08-01,1964,8,Phosphate rock,Fertilizers,($/mt),12.5,0.0,0.0,8.7,,-0.29
1964-09-01,1964,9,Phosphate rock,Fertilizers,($/mt),12.5,0.0,0.0,8.7,,-0.29
1964-10-01,1964,10,Phosphate rock,Fertilizers,($/mt),12.5,0.0,0.0,8.7,,-0.29
1964-11-01,1964,11,Phosphate rock,Fertilizers,($/mt),12.5,0.0,0.0,8.7,,-0.29
1964-12-01,1964,12,Phosphate rock,Fertilizers,($/mt),12.5,0.0,0.0,8.7,,-0.29
1965-01-01,1965,1,Phosphate rock,Fertilizers,($/mt),14.0,12.0,12.0,12.0,7.69,4.49
1965-02-01,1965,2,Phosphate rock,Fertilizers,($/mt),14.0,0.0,12.0,12.0,7.69,-0.29
1965-03-01,1965,3,Phosphate rock,Fertilizers,($/mt),14.0,0.0,12.0,12.0,7.69,-0.29
1965-04-01,1965,4,Phosphate rock,Fertilizers,($/mt),14.0,0.0,0.0,12.0,7.69,-0.29
1965-05-01,1965,5,Phosphate rock,Fertilizers,($/mt),14.0,0.0,0.0,12.0,7.69,-0.29
1965-06-01,1965,6,Phosphate rock,Fertilizers,($/mt),14.0,0.0,0.0,12.0,7.69,-0.29
1965-07-01,1965,7,Phosphate rock,Fertilizers,($/mt),14.0,0.0,0.0,12.0,7.69,-0.29
1965-08-01,1965,8,Phosphate rock,Fertilizers,($/mt),14.0,0.0,0.0,12.0,7.69,-0.29
1965-09-01,1965,9,Phosphate rock,Fertilizers,($/mt),14.0,0.0,0.0,12.0,7.69,-0.29
1965-10-01,1965,10,Phosphate rock,Fertilizers,($/mt),14.0,0.0,0.0,12.0,7.69,-0.29
1965-11-01,1965,11,Phosphate rock,Fertilizers,($/mt),14.0,0.0,0.0,12.0,7.69,-0.29
1965-12-01,1965,12,Phosphate rock,Fertilizers,($/mt),14.0,0.0,0.0,12.0,7.69,-0.29
1966-01-01,1966,1,Phosphate rock,Fertilizers,($/mt),13.0,-7.14,-7.14,-7.14,0.0,-2.35
1966-02-01,1966,2,Phosphate rock,Fertilizers,($/mt),13.0,0.0,-7.14,-7.14,0.0,0.29
1966-03-01,1966,3,Phosphate rock,Fertilizers,($/mt),13.0,0.0,-7.14,-7.14,0.0,0.29
1966-04-01,1966,4,Phosphate rock,Fertilizers,($/mt),13.0,0.0,0.0,-7.14,0.0,0.29
1966-05-01,1966,5,Phosphate rock,Fertilizers,($/mt),13.0,0.0,0.0,-7.14,0.0,0.29
1966-06-01,1966,6,Phosphate rock,Fertilizers,($/mt),13.0,0.0,0.0,-7.14,0.0,0.29
1966-07-01,1966,7,Phosphate rock,Fertilizers,($/mt),13.0,0.0,0.0,-7.14,0.0,0.29
1966-08-01,1966,8,Phosphate rock,Fertilizers,($/mt),13.0,0.0,0.0,-7.14,0.0,0.29
1966-09-01,1966,9,Phosphate rock,Fertilizers,($/mt),13.0,0.0,0.0,-7.14,0.0,0.29
1966-10-01,1966,10,Phosphate rock,Fertilizers,($/mt),13.0,0.0,0.0,-7.14,0.0,0.29
1966-11-01,1966,11,Phosphate rock,Fertilizers,($/mt),13.0,0.0,0.0,-7.14,0.0,0.29
1966-12-01,1966,12,Phosphate rock,Fertilizers,($/mt),13.0,0.0,0.0,-7.14,0.0,0.29
1967-01-01,1967,1,Phosphate rock,Fertilizers,($/mt),12.0,-7.69,-7.69,-7.69,4.35,-3.44
1967-02-01,1967,2,Phosphate rock,Fertilizers,($/mt),12.0,0.0,-7.69,-7.69,4.35,0.29
1967-03-01,1967,3,Phosphate rock,Fertilizers,($/mt),12.0,0.0,-7.69,-7.69,4.35,0.29
1967-04-01,1967,4,Phosphate rock,Fertilizers,($/mt),12.0,0.0,0.0,-7.69,4.35,0.29
1967-05-01,1967,5,Phosphate rock,Fertilizers,($/mt),12.0,0.0,0.0,-7.69,4.35,0.29
1967-06-01,1967,6,Phosphate rock,Fertilizers,($/mt),12.0,0.0,0.0,-7.69,4.35,0.29
1967-07-01,1967,7,Phosphate rock,Fertilizers,($/mt),12.0,0.0,0.0,-7.69,4.35,0.29
1967-08-01,1967,8,Phosphate rock,Fertilizers,($/mt),12.0,0.0,0.0,-7.69,4.35,0.29
1967-09-01,1967,9,Phosphate rock,Fertilizers,($/mt),12.0,0.0,0.0,-7.69,4.35,0.29
1967-10-01,1967,10,Phosphate rock,Fertilizers,($/mt),12.0,0.0,0.0,-7.69,4.35,0.29
1967-11-01,1967,11,Phosphate rock,Fertilizers,($/mt),12.0,0.0,0.0,-7.69,4.35,0.29
1967-12-01,1967,12,Phosphate rock,Fertilizers,($/mt),12.0,0.0,0.0,-7.69,4.35,0.29
1968-01-01,1968,1,Phosphate rock,Fertilizers,($/mt),11.5,-4.17,-4.17,-4.17,0.0,-1.59
1968-02-01,1968,2,Phosphate rock,Fertilizers,($/mt),11.5,0.0,-4.17,-4.17,0.0,0.29
1968-03-01,1968,3,Phosphate rock,Fertilizers,($/mt),11.5,0.0,-4.17,-4.17,0.0,0.29
1968-04-01,1968,4,Phosphate rock,Fertilizers,($/mt),11.5,0.0,0.0,-4.17,0.0,0.29
1968-05-01,1968,5,Phosphate rock,Fertilizers,($/mt),11.5,0.0,0.0,-4.17,0.0,0.29
1968-06-01,1968,6,Phosphate rock,Fertilizers,($/mt),11.5,0.0,0.0,-4.17,0.0,0.29
1968-07-01,1968,7,Phosphate rock,Fertilizers,($/mt),11.5,0.0,0.0,-4.17,0.0,0.29
1968-08-01,1968,8,Phosphate rock,Fertilizers,($/mt),11.5,0.0,0.0,-4.17,0.0,0.29
1968-09-01,1968,9,Phosphate rock,Fertilizers,($/mt),11.5,0.0,0.0,-4.17,0.0,0.29
1968-10-01,1968,10,Phosphate rock,Fertilizers,($/mt),11.5,0.0,0.0,-4.17,0.0,0.29
1968-11-01,1968,11,Phosphate rock,Fertilizers,($/mt),11.5,0.0,0.0,-4.17,0.0,0.29
1968-12-01,1968,12,Phosphate rock,Fertilizers,($/mt),11.5,0.0,0.0,-4.17,0.0,0.29
1969-01-01,1969,1,Phosphate rock,Fertilizers,($/mt),11.3,-1.74,-1.74,-1.74,-9.6,-1.16
1969-02-01,1969,2,Phosphate rock,Fertilizers,($/mt),11.3,0.0,-1.74,-1.74,-9.6,0.29
1969-03-01,1969,3,Phosphate rock,Fertilizers,($/mt),11.3,0.0,-1.74,-1.74,-9.6,0.29
1969-04-01,1969,4,Phosphate rock,Fertilizers,($/mt),11.3,0.0,0.0,-1.74,-9.6,0.29
1969-05-01,1969,5,Phosphate rock,Fertilizers,($/mt),11.3,0.0,0.0,-1.74,-9.6,0.29
1969-06-01,1969,6,Phosphate rock,Fertilizers,($/mt),11.3,0.0,0.0,-1.74,-9.6,0.29
1969-07-01,1969,7,Phosphate rock,Fertilizers,($/mt),11.3,0.0,0.0,-1.74,-9.6,0.29
1969-08-01,1969,8,Phosphate rock,Fertilizers,($/mt),11.3,0.0,0.0,-1.74,-9.6,0.29
1969-09-01,1969,9,Phosphate rock,Fertilizers,($/mt),11.3,0.0,0.0,-1.74,-9.6,0.29
1969-10-01,1969,10,Phosphate rock,Fertilizers,($/mt),11.3,0.0,0.0,-1.74,-9.6,0.29
1969-11-01,1969,11,Phosphate rock,Fertilizers,($/mt),11.3,0.0,0.0,-1.74,-9.6,0.29
1969-12-01,1969,12,Phosphate rock,Fertilizers,($/mt),11.3,0.0,0.0,-1.74,-9.6,0.29
1970-01-01,1970,1,Phosphate rock,Fertilizers,($/mt),11.0,-2.65,-2.65,-2.65,-21.43,-5.0
1970-02-01,1970,2,Phosphate rock,Fertilizers,($/mt),11.0,0.0,-2.65,-2.65,-21.43,0.29
1970-03-01,1970,3,Phosphate rock,Fertilizers,($/mt),11.0,0.0,-2.65,-2.65,-21.43,0.29
1970-04-01,1970,4,Phosphate rock,Fertilizers,($/mt),11.0,0.0,0.0,-2.65,-21.43,0.29
1970-05-01,1970,5,Phosphate rock,Fertilizers,($/mt),11.0,0.0,0.0,-2.65,-21.43,0.29
1970-06-01,1970,6,Phosphate rock,Fertilizers,($/mt),11.0,0.0,0.0,-2.65,-21.43,0.29
1970-07-01,1970,7,Phosphate rock,Fertilizers,($/mt),11.0,0.0,0.0,-2.65,-21.43,0.29
1970-08-01,1970,8,Phosphate rock,Fertilizers,($/mt),11.0,0.0,0.0,-2.65,-21.43,0.29
1970-09-01,1970,9,Phosphate rock,Fertilizers,($/mt),11.0,0.0,0.0,-2.65,-21.43,0.29
1970-10-01,1970,10,Phosphate rock,Fertilizers,($/mt),11.0,0.0,0.0,-2.65,-21.43,0.29
1970-11-01,1970,11,Phosphate rock,Fertilizers,($/mt),11.0,0.0,0.0,-2.65,-21.43,0.29
1970-12-01,1970,12,Phosphate rock,Fertilizers,($/mt),11.0,0.0,0.0,-2.65,-21.43,0.29
1971-01-01,1971,1,Phosphate rock,Fertilizers,($/mt),11.3,2.73,2.73,2.73,-13.08,3.85
1971-02-01,1971,2,Phosphate rock,Fertilizers,($/mt),11.3,0.0,2.73,2.73,-13.08,-0.29
1971-03-01,1971,3,Phosphate rock,Fertilizers,($/mt),11.3,0.0,2.73,2.73,-13.08,-0.29
1971-04-01,1971,4,Phosphate rock,Fertilizers,($/mt),11.3,0.0,0.0,2.73,-13.08,-0.29
1971-05-01,1971,5,Phosphate rock,Fertilizers,($/mt),11.3,0.0,0.0,2.73,-13.08,-0.29
1971-06-01,1971,6,Phosphate rock,Fertilizers,($/mt),11.3,0.0,0.0,2.73,-13.08,-0.29
1971-07-01,1971,7,Phosphate rock,Fertilizers,($/mt),11.3,0.0,0.0,2.73,-13.08,-0.29
1971-08-01,1971,8,Phosphate rock,Fertilizers,($/mt),11.3,0.0,0.0,2.73,-13.08,-0.29
1971-09-01,1971,9,Phosphate rock,Fertilizers,($/mt),11.3,0.0,0.0,2.73,-13.08,-0.29
1971-10-01,1971,10,Phosphate rock,Fertilizers,($/mt),11.3,0.0,0.0,2.73,-13.08,-0.29
1971-11-01,1971,11,Phosphate rock,Fertilizers,($/mt),11.3,0.0,0.0,2.73,-13.08,-0.29
1971-12-01,1971,12,Phosphate rock,Fertilizers,($/mt),11.3,0.0,0.0,2.73,-13.08,-0.29
1972-01-01,1972,1,Phosphate rock,Fertilizers,($/mt),11.5,1.77,1.77,1.77,-4.17,1.96
1972-02-01,1972,2,Phosphate rock,Fertilizers,($/mt),11.5,0.0,1.77,1.77,-4.17,-0.29
1972-03-01,1972,3,Phosphate rock,Fertilizers,($/mt),11.5,0.0,1.77,1.77,-4.17,-0.29
1972-04-01,1972,4,Phosphate rock,Fertilizers,($/mt),11.5,0.0,0.0,1.77,-4.17,-0.29
1972-05-01,1972,5,Phosphate rock,Fertilizers,($/mt),11.5,0.0,0.0,1.77,-4.17,-0.29
1972-06-01,1972,6,Phosphate rock,Fertilizers,($/mt),11.5,0.0,0.0,1.77,-4.17,-0.29
1972-07-01,1972,7,Phosphate rock,Fertilizers,($/mt),11.5,0.0,0.0,1.77,-4.17,-0.29
1972-08-01,1972,8,Phosphate rock,Fertilizers,($/mt),11.5,0.0,0.0,1.77,-4.17,-0.29
1972-09-01,1972,9,Phosphate rock,Fertilizers,($/mt),11.5,0.0,0.0,1.77,-4.17,-0.29
1972-10-01,1972,10,Phosphate rock,Fertilizers,($/mt),11.5,0.0,0.0,1.77,-4.17,-0.29
1972-11-01,1972,11,Phosphate rock,Fertilizers,($/mt),11.5,0.0,0.0,1.77,-4.17,-0.29
1972-12-01,1972,12,Phosphate rock,Fertilizers,($/mt),11.5,0.0,0.0,1.77,-4.17,-0.29
1973-01-01,1973,1,Phosphate rock,Fertilizers,($/mt),13.8,20.0,20.0,20.0,20.0,38.86
1973-02-01,1973,2,Phosphate rock,Fertilizers,($/mt),13.8,0.0,20.0,20.0,20.0,-0.29
1973-03-01,1973,3,Phosphate rock,Fertilizers,($/mt),13.8,0.0,20.0,20.0,20.0,-0.29
1973-04-01,1973,4,Phosphate rock,Fertilizers,($/mt),13.8,0.0,0.0,20.0,20.0,-0.29
1973-05-01,1973,5,Phosphate rock,Fertilizers,($/mt),13.8,0.0,0.0,20.0,20.0,-0.29
1973-06-01,1973,6,Phosphate rock,Fertilizers,($/mt),13.8,0.0,0.0,20.0,20.0,-0.29
1973-07-01,1973,7,Phosphate rock,Fertilizers,($/mt),13.8,0.0,0.0,20.0,20.0,-0.29
1973-08-01,1973,8,Phosphate rock,Fertilizers,($/mt),13.8,0.0,0.0,20.0,20.0,-0.29
1973-09-01,1973,9,Phosphate rock,Fertilizers,($/mt),13.8,0.0,0.0,20.0,20.0,-0.29
1973-10-01,1973,10,Phosphate rock,Fertilizers,($/mt),13.8,0.0,0.0,20.0,20.0,-0.29
1973-11-01,1973,11,Phosphate rock,Fertilizers,($/mt),13.8,0.0,0.0,20.0,20.0,-0.29
1973-12-01,1973,12,Phosphate rock,Fertilizers,($/mt),13.8,0.0,0.0,20.0,20.0,-0.29
1974-01-01,1974,1,Phosphate rock,Fertilizers,($/mt),42.0,204.35,204.35,204.35,271.68,35.11
1974-02-01,1974,2,Phosphate rock,Fertilizers,($/mt),42.0,0.0,204.35,204.35,271.68,-0.29
1974-03-01,1974,3,Phosphate rock,Fertilizers,($/mt),42.0,0.0,204.35,204.35,271.68,-0.29
1974-04-01,1974,4,Phosphate rock,Fertilizers,($/mt),42.0,0.0,0.0,204.35,271.68,-0.29
1974-05-01,1974,5,Phosphate rock,Fertilizers,($/mt),42.0,0.0,0.0,204.35,271.68,-0.29
1974-06-01,1974,6,Phosphate rock,Fertilizers,($/mt),63.0,50.0,50.0,356.52,457.52,0.56
1974-07-01,1974,7,Phosphate rock,Fertilizers,($/mt),63.0,0.0,50.0,356.52,457.52,-0.36
1974-08-01,1974,8,Phosphate rock,Fertilizers,($/mt),63.0,0.0,50.0,356.52,457.52,-0.36
1974-09-01,1974,9,Phosphate rock,Fertilizers,($/mt),63.0,0.0,0.0,356.52,457.52,-0.36
1974-10-01,1974,10,Phosphate rock,Fertilizers,($/mt),63.0,0.0,0.0,356.52,457.52,-0.36
1974-11-01,1974,11,Phosphate rock,Fertilizers,($/mt),65.0,3.17,3.17,371.01,475.22,-0.3
1974-12-01,1974,12,Phosphate rock,Fertilizers,($/mt),64.3,-1.08,2.06,365.94,469.03,-0.38
1975-01-01,1975,1,Phosphate rock,Fertilizers,($/mt),68.0,5.75,7.94,61.9,518.18,-0.26
1975-02-01,1975,2,Phosphate rock,Fertilizers,($/mt),68.0,0.0,4.62,61.9,518.18,-0.34
1975-03-01,1975,3,Phosphate rock,Fertilizers,($/mt),68.0,0.0,5.75,61.9,518.18,-0.34
1975-04-01,1975,4,Phosphate rock,Fertilizers,($/mt),68.0,0.0,0.0,61.9,518.18,-0.34
1975-05-01,1975,5,Phosphate rock,Fertilizers,($/mt),68.0,0.0,0.0,61.9,518.18,-0.34
1975-06-01,1975,6,Phosphate rock,Fertilizers,($/mt),68.0,0.0,0.0,7.94,518.18,-0.34
1975-07-01,1975,7,Phosphate rock,Fertilizers,($/mt),68.0,0.0,0.0,7.94,518.18,-0.35
1975-08-01,1975,8,Phosphate rock,Fertilizers,($/mt),68.0,0.0,0.0,7.94,518.18,-0.35
1975-09-01,1975,9,Phosphate rock,Fertilizers,($/mt),68.0,0.0,0.0,7.94,518.18,-0.35
1975-10-01,1975,10,Phosphate rock,Fertilizers,($/mt),68.0,0.0,0.0,7.94,518.18,-0.35
1975-11-01,1975,11,Phosphate rock,Fertilizers,($/mt),68.0,0.0,0.0,4.62,518.18,-0.35
1975-12-01,1975,12,Phosphate rock,Fertilizers,($/mt),58.0,-14.71,-14.71,-9.8,427.27,-8.79
1976-01-01,1976,1,Phosphate rock,Fertilizers,($/mt),40.0,-31.03,-41.18,-41.18,253.98,-6.45
1976-02-01,1976,2,Phosphate rock,Fertilizers,($/mt),40.0,0.0,-41.18,-41.18,253.98,0.4
1976-03-01,1976,3,Phosphate rock,Fertilizers,($/mt),35.0,-12.5,-39.66,-48.53,209.73,-0.91
1976-04-01,1976,4,Phosphate rock,Fertilizers,($/mt),35.0,0.0,-12.5,-48.53,209.73,0.5
1976-05-01,1976,5,Phosphate rock,Fertilizers,($/mt),35.0,0.0,-12.5,-48.53,209.73,0.5
1976-06-01,1976,6,Phosphate rock,Fertilizers,($/mt),35.0,0.0,0.0,-48.53,209.73,0.5
1976-07-01,1976,7,Phosphate rock,Fertilizers,($/mt),35.0,0.0,0.0,-48.53,209.73,0.5
1976-08-01,1976,8,Phosphate rock,Fertilizers,($/mt),35.0,0.0,0.0,-48.53,209.73,0.5
1976-09-01,1976,9,Phosphate rock,Fertilizers,($/mt),35.0,0.0,0.0,-48.53,209.73,0.5
1976-10-01,1976,10,Phosphate rock,Fertilizers,($/mt),35.0,0.0,0.0,-48.53,209.73,0.5
1976-11-01,1976,11,Phosphate rock,Fertilizers,($/mt),35.0,0.0,0.0,-48.53,209.73,0.5
1976-12-01,1976,12,Phosphate rock,Fertilizers,($/mt),35.0,0.0,0.0,-39.66,209.73,0.5
1977-01-01,1977,1,Phosphate rock,Fertilizers,($/mt),140.0,300.0,300.0,250.0,1117.39,32.48
1977-02-01,1977,2,Phosphate rock,Fertilizers,($/mt),142.5,1.79,307.14,256.25,1139.13,-0.25
1977-03-01,1977,3,Phosphate rock,Fertilizers,($/mt),123.5,-13.33,252.86,252.86,973.91,-0.43
1977-04-01,1977,4,Phosphate rock,Fertilizers,($/mt),44.0,-64.37,-68.57,25.71,282.61,-1.02
1977-05-01,1977,5,Phosphate rock,Fertilizers,($/mt),44.0,0.0,-69.12,25.71,282.61,-0.21
1977-06-01,1977,6,Phosphate rock,Fertilizers,($/mt),40.8,-7.27,-66.96,16.57,254.78,-0.29
1977-07-01,1977,7,Phosphate rock,Fertilizers,($/mt),37.5,-8.09,-14.77,7.14,226.09,-0.29
1977-08-01,1977,8,Phosphate rock,Fertilizers,($/mt),31.2,-16.8,-29.09,-10.86,171.3,-0.38
1977-09-01,1977,9,Phosphate rock,Fertilizers,($/mt),34.5,10.58,-15.44,-1.43,200.0,-0.06
1977-10-01,1977,10,Phosphate rock,Fertilizers,($/mt),34.5,0.0,-8.0,-1.43,200.0,-0.19
1977-11-01,1977,11,Phosphate rock,Fertilizers,($/mt),34.5,0.0,10.58,-1.43,200.0,-0.19
1977-12-01,1977,12,Phosphate rock,Fertilizers,($/mt),34.5,0.0,0.0,-1.43,200.0,-0.19
1978-01-01,1978,1,Phosphate rock,Fertilizers,($/mt),28.0,-18.84,-18.84,-80.0,102.9,-0.39
1978-02-01,1978,2,Phosphate rock,Fertilizers,($/mt),28.0,0.0,-18.84,-80.35,102.9,0.5
1978-03-01,1978,3,Phosphate rock,Fertilizers,($/mt),28.0,0.0,-18.84,-77.33,102.9,0.51
1978-04-01,1978,4,Phosphate rock,Fertilizers,($/mt),31.4,12.14,12.14,-28.64,127.54,1.08
1978-05-01,1978,5,Phosphate rock,Fertilizers,($/mt),32.5,3.5,16.07,-26.14,135.51,0.63
1978-06-01,1978,6,Phosphate rock,Fertilizers,($/mt),32.5,0.0,16.07,-20.34,135.51,0.22
1978-07-01,1978,7,Phosphate rock,Fertilizers,($/mt),32.5,0.0,3.5,-13.33,135.51,0.16
1978-08-01,1978,8,Phosphate rock,Fertilizers,($/mt),32.5,0.0,0.0,4.17,135.51,0.09
1978-09-01,1978,9,Phosphate rock,Fertilizers,($/mt),32.5,0.0,0.0,-5.8,135.51,-0.08
1978-10-01,1978,10,Phosphate rock,Fertilizers,($/mt),32.5,0.0,0.0,-5.8,135.51,0.04
1978-11-01,1978,11,Phosphate rock,Fertilizers,($/mt),32.5,0.0,0.0,-5.8,135.51,0.04
1978-12-01,1978,12,Phosphate rock,Fertilizers,($/mt),32.5,0.0,0.0,-5.8,135.51,0.04
1979-01-01,1979,1,Phosphate rock,Fertilizers,($/mt),32.5,0.0,0.0,16.07,-22.62,0.04
1979-02-01,1979,2,Phosphate rock,Fertilizers,($/mt),32.5,0.0,0.0,16.07,-22.62,-0.37
1979-03-01,1979,3,Phosphate rock,Fertilizers,($/mt),32.5,0.0,0.0,16.07,-22.62,-0.37
1979-04-01,1979,4,Phosphate rock,Fertilizers,($/mt),32.5,0.0,0.0,3.5,-22.62,-0.37
1979-05-01,1979,5,Phosphate rock,Fertilizers,($/mt),32.5,0.0,0.0,0.0,-22.62,-0.29
1979-06-01,1979,6,Phosphate rock,Fertilizers,($/mt),32.5,0.0,0.0,0.0,-48.41,0.0
1979-07-01,1979,7,Phosphate rock,Fertilizers,($/mt),35.8,10.15,10.15,10.15,-43.17,0.0
1979-08-01,1979,8,Phosphate rock,Fertilizers,($/mt),39.0,8.94,20.0,20.0,-38.1,2.76
1979-09-01,1979,9,Phosphate rock,Fertilizers,($/mt),39.0,0.0,20.0,20.0,-38.1,-0.43
1979-10-01,1979,10,Phosphate rock,Fertilizers,($/mt),39.0,0.0,8.94,20.0,-38.1,-0.43
1979-11-01,1979,11,Phosphate rock,Fertilizers,($/mt),39.0,0.0,0.0,20.0,-40.0,-0.43
1979-12-01,1979,12,Phosphate rock,Fertilizers,($/mt),39.0,0.0,0.0,20.0,-39.35,-0.43
1980-01-01,1980,1,Phosphate rock,Fertilizers,($/mt),39.0,0.0,0.0,20.0,-42.65,-0.43
1980-02-01,1980,2,Phosphate rock,Fertilizers,($/mt),39.0,0.0,0.0,20.0,-42.65,-0.43
1980-03-01,1980,3,Phosphate rock,Fertilizers,($/mt),42.0,7.69,7.69,29.23,-38.24,1.64
1980-04-01,1980,4,Phosphate rock,Fertilizers,($/mt),54.0,28.57,38.46,66.15,-20.59,6.47
1980-05-01,1980,5,Phosphate rock,Fertilizers,($/mt),54.0,0.0,38.46,66.15,-20.59,-0.54
1980-06-01,1980,6,Phosphate rock,Fertilizers,($/mt),44.0,-18.52,4.76,35.38,-35.29,-2.71
1980-07-01,1980,7,Phosphate rock,Fertilizers,($/mt),44.0,0.0,-18.52,22.91,-35.29,-0.28
1980-08-01,1980,8,Phosphate rock,Fertilizers,($/mt),44.0,0.0,-18.52,12.82,-35.29,-0.21
1980-09-01,1980,9,Phosphate rock,Fertilizers,($/mt),44.0,0.0,0.0,12.82,-35.29,-0.14
1980-10-01,1980,10,Phosphate rock,Fertilizers,($/mt),44.0,0.0,0.0,12.82,-35.29,-0.14
1980-11-01,1980,11,Phosphate rock,Fertilizers,($/mt),44.0,0.0,0.0,12.82,-35.29,-0.14
1980-12-01,1980,12,Phosphate rock,Fertilizers,($/mt),44.0,0.0,0.0,12.82,-24.14,-0.14
1981-01-01,1981,1,Phosphate rock,Fertilizers,($/mt),44.0,0.0,0.0,12.82,10.0,-0.14
1981-02-01,1981,2,Phosphate rock,Fertilizers,($/mt),44.0,0.0,0.0,12.82,10.0,-0.14
1981-03-01,1981,3,Phosphate rock,Fertilizers,($/mt),44.0,0.0,0.0,4.76,25.71,-0.14
1981-04-01,1981,4,Phosphate rock,Fertilizers,($/mt),47.5,7.95,7.95,-12.04,35.71,0.7
1981-05-01,1981,5,Phosphate rock,Fertilizers,($/mt),51.0,7.37,15.91,-5.56,45.71,1.37
1981-06-01,1981,6,Phosphate rock,Fertilizers,($/mt),51.0,0.0,15.91,15.91,45.71,0.04
1981-07-01,1981,7,Phosphate rock,Fertilizers,($/mt),51.0,0.0,7.37,15.91,45.71,-0.43
1981-08-01,1981,8,Phosphate rock,Fertilizers,($/mt),51.0,0.0,0.0,15.91,45.71,-0.43
1981-09-01,1981,9,Phosphate rock,Fertilizers,($/mt),51.0,0.0,0.0,15.91,45.71,-0.43
1981-10-01,1981,10,Phosphate rock,Fertilizers,($/mt),51.0,0.0,0.0,15.91,45.71,-0.43
1981-11-01,1981,11,Phosphate rock,Fertilizers,($/mt),51.0,0.0,0.0,15.91,45.71,-0.43
1981-12-01,1981,12,Phosphate rock,Fertilizers,($/mt),51.0,0.0,0.0,15.91,45.71,-0.43
1982-01-01,1982,1,Phosphate rock,Fertilizers,($/mt),51.0,0.0,0.0,15.91,-63.57,-0.43
1982-02-01,1982,2,Phosphate rock,Fertilizers,($/mt),51.0,0.0,0.0,15.91,-64.21,-0.43
1982-03-01,1982,3,Phosphate rock,Fertilizers,($/mt),51.0,0.0,0.0,15.91,-58.7,-0.43
1982-04-01,1982,4,Phosphate rock,Fertilizers,($/mt),51.0,0.0,0.0,7.37,15.91,-0.43
1982-05-01,1982,5,Phosphate rock,Fertilizers,($/mt),48.4,-5.1,-5.1,-5.1,10.0,-2.69
1982-06-01,1982,6,Phosphate rock,Fertilizers,($/mt),44.5,-8.06,-12.75,-12.75,9.07,-5.19
1982-07-01,1982,7,Phosphate rock,Fertilizers,($/mt),37.4,-15.96,-26.67,-26.67,-0.27,-5.63
1982-08-01,1982,8,Phosphate rock,Fertilizers,($/mt),35.0,-6.42,-27.69,-31.37,12.18,-0.8
1982-09-01,1982,9,Phosphate rock,Fertilizers,($/mt),35.0,0.0,-21.35,-31.37,1.45,0.59
1982-10-01,1982,10,Phosphate rock,Fertilizers,($/mt),35.0,0.0,-6.42,-31.37,1.45,0.59
1982-11-01,1982,11,Phosphate rock,Fertilizers,($/mt),35.0,0.0,0.0,-31.37,1.45,0.59
1982-12-01,1982,12,Phosphate rock,Fertilizers,($/mt),41.3,18.0,18.0,-19.02,19.71,4.14
1983-01-01,1983,1,Phosphate rock,Fertilizers,($/mt),47.5,15.01,35.71,-6.86,69.64,2.09
1983-02-01,1983,2,Phosphate rock,Fertilizers,($/mt),47.5,0.0,35.71,-6.86,69.64,0.02
1983-03-01,1983,3,Phosphate rock,Fertilizers,($/mt),47.5,0.0,15.01,-6.86,69.64,0.02
1983-04-01,1983,4,Phosphate rock,Fertilizers,($/mt),47.5,0.0,0.0,-6.86,51.27,0.02
1983-05-01,1983,5,Phosphate rock,Fertilizers,($/mt),43.0,-9.47,-9.47,-11.16,32.31,-1.0
1983-06-01,1983,6,Phosphate rock,Fertilizers,($/mt),41.1,-4.42,-13.47,-7.64,26.46,-0.4
1983-07-01,1983,7,Phosphate rock,Fertilizers,($/mt),37.3,-9.25,-21.47,-0.27,14.77,-0.96
1983-08-01,1983,8,Phosphate rock,Fertilizers,($/mt),34.0,-8.85,-20.93,-2.86,4.62,-1.08
1983-09-01,1983,9,Phosphate rock,Fertilizers,($/mt),34.0,0.0,-17.27,-2.86,4.62,-0.01
1983-10-01,1983,10,Phosphate rock,Fertilizers,($/mt),34.0,0.0,-8.85,-2.86,4.62,-0.01
1983-11-01,1983,11,Phosphate rock,Fertilizers,($/mt),32.8,-3.53,-3.53,-6.29,0.92,-0.42
1983-12-01,1983,12,Phosphate rock,Fertilizers,($/mt),31.5,-3.96,-7.35,-23.73,-3.08,-0.43
1984-01-01,1984,1,Phosphate rock,Fertilizers,($/mt),31.5,0.0,-7.35,-33.68,-3.08,0.31
1984-02-01,1984,2,Phosphate rock,Fertilizers,($/mt),31.5,0.0,-3.96,-33.68,-3.08,0.83
1984-03-01,1984,3,Phosphate rock,Fertilizers,($/mt),31.5,0.0,0.0,-33.68,-3.08,0.83
1984-04-01,1984,4,Phosphate rock,Fertilizers,($/mt),31.5,0.0,0.0,-33.68,-3.08,0.83
1984-05-01,1984,5,Phosphate rock,Fertilizers,($/mt),31.5,0.0,0.0,-26.74,-3.08,0.83
1984-06-01,1984,6,Phosphate rock,Fertilizers,($/mt),31.5,0.0,0.0,-23.36,-3.08,0.71
1984-07-01,1984,7,Phosphate rock,Fertilizers,($/mt),33.8,7.3,7.3,-9.38,-5.59,2.67
1984-08-01,1984,8,Phosphate rock,Fertilizers,($/mt),33.5,-0.89,6.35,-1.47,-14.1,-0.04
1984-09-01,1984,9,Phosphate rock,Fertilizers,($/mt),33.5,0.0,6.35,-1.47,-14.1,0.03
1984-10-01,1984,10,Phosphate rock,Fertilizers,($/mt),35.0,4.48,3.55,2.94,-10.26,1.67
1984-11-01,1984,11,Phosphate rock,Fertilizers,($/mt),36.0,2.86,7.46,9.76,-7.69,0.85
1984-12-01,1984,12,Phosphate rock,Fertilizers,($/mt),36.0,0.0,7.46,14.29,-7.69,-0.29
1985-01-01,1985,1,Phosphate rock,Fertilizers,($/mt),36.0,0.0,2.86,14.29,-7.69,-0.47
1985-02-01,1985,2,Phosphate rock,Fertilizers,($/mt),36.0,0.0,0.0,14.29,-7.69,-0.47
1985-03-01,1985,3,Phosphate rock,Fertilizers,($/mt),36.0,0.0,0.0,14.29,-14.29,-0.47
1985-04-01,1985,4,Phosphate rock,Fertilizers,($/mt),36.0,0.0,0.0,14.29,-33.33,-0.47
1985-05-01,1985,5,Phosphate rock,Fertilizers,($/mt),36.0,0.0,0.0,14.29,-33.33,-0.47
1985-06-01,1985,6,Phosphate rock,Fertilizers,($/mt),36.0,0.0,0.0,14.29,-18.18,-0.47
1985-07-01,1985,7,Phosphate rock,Fertilizers,($/mt),36.0,0.0,0.0,6.51,-18.18,-0.47
1985-08-01,1985,8,Phosphate rock,Fertilizers,($/mt),36.0,0.0,0.0,7.46,-18.18,-0.35
1985-09-01,1985,9,Phosphate rock,Fertilizers,($/mt),36.0,0.0,0.0,7.46,-18.18,-0.42
1985-10-01,1985,10,Phosphate rock,Fertilizers,($/mt),36.0,0.0,0.0,2.86,-18.18,-0.42
1985-11-01,1985,11,Phosphate rock,Fertilizers,($/mt),36.0,0.0,0.0,0.0,-18.18,-0.29
1985-12-01,1985,12,Phosphate rock,Fertilizers,($/mt),36.0,0.0,0.0,0.0,-18.18,0.0
1986-01-01,1986,1,Phosphate rock,Fertilizers,($/mt),36.0,0.0,0.0,0.0,-18.18,0.0
1986-02-01,1986,2,Phosphate rock,Fertilizers,($/mt),36.0,0.0,0.0,0.0,-18.18,0.0
1986-03-01,1986,3,Phosphate rock,Fertilizers,($/mt),36.0,0.0,0.0,0.0,-18.18,0.0
1986-04-01,1986,4,Phosphate rock,Fertilizers,($/mt),36.0,0.0,0.0,0.0,-24.21,0.0
1986-05-01,1986,5,Phosphate rock,Fertilizers,($/mt),36.0,0.0,0.0,0.0,-29.41,0.0
1986-06-01,1986,6,Phosphate rock,Fertilizers,($/mt),36.0,0.0,0.0,0.0,-29.41,0.0
1986-07-01,1986,7,Phosphate rock,Fertilizers,($/mt),36.0,0.0,0.0,0.0,-29.41,0.0
1986-08-01,1986,8,Phosphate rock,Fertilizers,($/mt),36.0,0.0,0.0,0.0,-29.41,0.0
1986-09-01,1986,9,Phosphate rock,Fertilizers,($/mt),36.0,0.0,0.0,0.0,-29.41,0.0
1986-10-01,1986,10,Phosphate rock,Fertilizers,($/mt),36.0,0.0,0.0,0.0,-29.41,0.0
1986-11-01,1986,11,Phosphate rock,Fertilizers,($/mt),36.0,0.0,0.0,0.0,-29.41,0.0
1986-12-01,1986,12,Phosphate rock,Fertilizers,($/mt),36.0,0.0,0.0,0.0,-29.41,0.0
1987-01-01,1987,1,Phosphate rock,Fertilizers,($/mt),36.0,0.0,0.0,0.0,-29.41,0.0
1987-02-01,1987,2,Phosphate rock,Fertilizers,($/mt),36.0,0.0,0.0,0.0,-29.41,0.0
1987-03-01,1987,3,Phosphate rock,Fertilizers,($/mt),36.0,0.0,0.0,0.0,-29.41,0.0
1987-04-01,1987,4,Phosphate rock,Fertilizers,($/mt),34.5,-4.17,-4.17,-4.17,-32.35,0.0
1987-05-01,1987,5,Phosphate rock,Fertilizers,($/mt),34.5,0.0,-4.17,-4.17,-28.72,0.29
1987-06-01,1987,6,Phosphate rock,Fertilizers,($/mt),34.5,0.0,-4.17,-4.17,-22.47,0.29
1987-07-01,1987,7,Phosphate rock,Fertilizers,($/mt),34.5,0.0,0.0,-4.17,-7.75,0.29
1987-08-01,1987,8,Phosphate rock,Fertilizers,($/mt),34.5,0.0,0.0,-4.17,-1.43,0.29
1987-09-01,1987,9,Phosphate rock,Fertilizers,($/mt),33.3,-3.48,-3.48,-7.5,-4.86,-2.6
1987-10-01,1987,10,Phosphate rock,Fertilizers,($/mt),32.0,-3.9,-7.25,-11.11,-8.57,-2.19
1987-11-01,1987,11,Phosphate rock,Fertilizers,($/mt),32.0,0.0,-7.25,-11.11,-8.57,0.55
1987-12-01,1987,12,Phosphate rock,Fertilizers,($/mt),32.0,0.0,-3.9,-11.11,-22.52,0.55
1988-01-01,1988,1,Phosphate rock,Fertilizers,($/mt),32.0,0.0,0.0,-11.11,-32.63,0.55
1988-02-01,1988,2,Phosphate rock,Fertilizers,($/mt),32.0,0.0,0.0,-11.11,-32.63,0.55
1988-03-01,1988,3,Phosphate rock,Fertilizers,($/mt),32.0,0.0,0.0,-11.11,-32.63,0.55
1988-04-01,1988,4,Phosphate rock,Fertilizers,($/mt),32.0,0.0,0.0,-7.25,-32.63,0.55
1988-05-01,1988,5,Phosphate rock,Fertilizers,($/mt),32.0,0.0,0.0,-7.25,-25.58,0.43
1988-06-01,1988,6,Phosphate rock,Fertilizers,($/mt),32.0,0.0,0.0,-7.25,-22.14,0.43
1988-07-01,1988,7,Phosphate rock,Fertilizers,($/mt),32.0,0.0,0.0,-7.25,-14.21,0.43
1988-08-01,1988,8,Phosphate rock,Fertilizers,($/mt),31.2,-2.5,-2.5,-9.57,-8.24,-1.31
1988-09-01,1988,9,Phosphate rock,Fertilizers,($/mt),31.0,-0.64,-3.12,-6.91,-8.82,0.12
1988-10-01,1988,10,Phosphate rock,Fertilizers,($/mt),31.0,0.0,-3.12,-3.12,-8.82,0.46
1988-11-01,1988,11,Phosphate rock,Fertilizers,($/mt),31.0,0.0,-0.64,-3.12,-5.49,0.36
1988-12-01,1988,12,Phosphate rock,Fertilizers,($/mt),31.0,0.0,0.0,-3.12,-1.59,0.36
1989-01-01,1989,1,Phosphate rock,Fertilizers,($/mt),31.0,0.0,0.0,-3.12,-1.59,0.36
1989-02-01,1989,2,Phosphate rock,Fertilizers,($/mt),31.0,0.0,0.0,-3.12,-1.59,0.36
1989-03-01,1989,3,Phosphate rock,Fertilizers,($/mt),31.0,0.0,0.0,-3.12,-1.59,0.36
1989-04-01,1989,4,Phosphate rock,Fertilizers,($/mt),31.0,0.0,0.0,-3.12,-1.59,0.36
1989-05-01,1989,5,Phosphate rock,Fertilizers,($/mt),31.0,0.0,0.0,-3.12,-1.59,0.36
1989-06-01,1989,6,Phosphate rock,Fertilizers,($/mt),31.0,0.0,0.0,-3.12,-1.59,0.36
1989-07-01,1989,7,Phosphate rock,Fertilizers,($/mt),31.0,0.0,0.0,-3.12,-8.28,0.36
1989-08-01,1989,8,Phosphate rock,Fertilizers,($/mt),31.0,0.0,0.0,-0.64,-7.46,0.36
1989-09-01,1989,9,Phosphate rock,Fertilizers,($/mt),31.0,0.0,0.0,0.0,-7.46,0.29
1989-10-01,1989,10,Phosphate rock,Fertilizers,($/mt),31.0,0.0,0.0,0.0,-11.43,0.0
1989-11-01,1989,11,Phosphate rock,Fertilizers,($/mt),31.0,0.0,0.0,0.0,-13.89,0.0
1989-12-01,1989,12,Phosphate rock,Fertilizers,($/mt),31.0,0.0,0.0,0.0,-13.89,0.0
1990-01-01,1990,1,Phosphate rock,Fertilizers,($/mt),31.0,0.0,0.0,0.0,-13.89,0.0
1990-02-01,1990,2,Phosphate rock,Fertilizers,($/mt),31.0,0.0,0.0,0.0,-13.89,0.0
1990-03-01,1990,3,Phosphate rock,Fertilizers,($/mt),31.0,0.0,0.0,0.0,-13.89,0.0
1990-04-01,1990,4,Phosphate rock,Fertilizers,($/mt),31.0,0.0,0.0,0.0,-13.89,0.0
1990-05-01,1990,5,Phosphate rock,Fertilizers,($/mt),31.0,0.0,0.0,0.0,-13.89,0.0
1990-06-01,1990,6,Phosphate rock,Fertilizers,($/mt),31.5,1.61,1.61,1.61,-12.5,0.0
1990-07-01,1990,7,Phosphate rock,Fertilizers,($/mt),31.5,0.0,1.61,1.61,-12.5,-0.29
1990-08-01,1990,8,Phosphate rock,Fertilizers,($/mt),31.5,0.0,1.61,1.61,-12.5,-0.29
1990-09-01,1990,9,Phosphate rock,Fertilizers,($/mt),31.5,0.0,0.0,1.61,-12.5,-0.29
1990-10-01,1990,10,Phosphate rock,Fertilizers,($/mt),31.5,0.0,0.0,1.61,-12.5,-0.29
1990-11-01,1990,11,Phosphate rock,Fertilizers,($/mt),31.5,0.0,0.0,1.61,-12.5,-0.29
1990-12-01,1990,12,Phosphate rock,Fertilizers,($/mt),31.5,0.0,0.0,1.61,-12.5,-0.29
1991-01-01,1991,1,Phosphate rock,Fertilizers,($/mt),31.5,0.0,0.0,1.61,-12.5,-0.29
1991-02-01,1991,2,Phosphate rock,Fertilizers,($/mt),31.5,0.0,0.0,1.61,-12.5,-0.29
1991-03-01,1991,3,Phosphate rock,Fertilizers,($/mt),31.5,0.0,0.0,1.61,-12.5,-0.29
1991-04-01,1991,4,Phosphate rock,Fertilizers,($/mt),31.5,0.0,0.0,1.61,-12.5,-0.29
1991-05-01,1991,5,Phosphate rock,Fertilizers,($/mt),31.5,0.0,0.0,1.61,-12.5,-0.29
1991-06-01,1991,6,Phosphate rock,Fertilizers,($/mt),31.5,0.0,0.0,0.0,-12.5,-0.29
1991-07-01,1991,7,Phosphate rock,Fertilizers,($/mt),31.5,0.0,0.0,0.0,-12.5,0.0
1991-08-01,1991,8,Phosphate rock,Fertilizers,($/mt),31.5,0.0,0.0,0.0,-12.5,0.0
1991-09-01,1991,9,Phosphate rock,Fertilizers,($/mt),31.5,0.0,0.0,0.0,-12.5,0.0
1991-10-01,1991,10,Phosphate rock,Fertilizers,($/mt),31.5,0.0,0.0,0.0,-12.5,0.0
1991-11-01,1991,11,Phosphate rock,Fertilizers,($/mt),31.5,0.0,0.0,0.0,-12.5,0.0
1991-12-01,1991,12,Phosphate rock,Fertilizers,($/mt),31.5,0.0,0.0,0.0,-12.5,0.0
1992-01-01,1992,1,Phosphate rock,Fertilizers,($/mt),31.5,0.0,0.0,0.0,-12.5,0.0
1992-02-01,1992,2,Phosphate rock,Fertilizers,($/mt),31.5,0.0,0.0,0.0,-12.5,0.0
1992-03-01,1992,3,Phosphate rock,Fertilizers,($/mt),31.5,0.0,0.0,0.0,-12.5,0.0
1992-04-01,1992,4,Phosphate rock,Fertilizers,($/mt),31.5,0.0,0.0,0.0,-8.7,0.0
1992-05-01,1992,5,Phosphate rock,Fertilizers,($/mt),31.5,0.0,0.0,0.0,-8.7,0.0
1992-06-01,1992,6,Phosphate rock,Fertilizers,($/mt),31.5,0.0,0.0,0.0,-8.7,0.0
1992-07-01,1992,7,Phosphate rock,Fertilizers,($/mt),31.5,0.0,0.0,0.0,-8.7,0.0
1992-08-01,1992,8,Phosphate rock,Fertilizers,($/mt),31.5,0.0,0.0,0.0,-8.7,0.0
1992-09-01,1992,9,Phosphate rock,Fertilizers,($/mt),31.5,0.0,0.0,0.0,-5.41,0.0
1992-10-01,1992,10,Phosphate rock,Fertilizers,($/mt),31.5,0.0,0.0,0.0,-1.56,0.0
1992-11-01,1992,11,Phosphate rock,Fertilizers,($/mt),31.5,0.0,0.0,0.0,-1.56,0.0
1992-12-01,1992,12,Phosphate rock,Fertilizers,($/mt),31.5,0.0,0.0,0.0,-1.56,0.0
1993-01-01,1993,1,Phosphate rock,Fertilizers,($/mt),31.5,0.0,0.0,0.0,-1.56,0.0
1993-02-01,1993,2,Phosphate rock,Fertilizers,($/mt),31.5,0.0,0.0,0.0,-1.56,0.0
1993-03-01,1993,3,Phosphate rock,Fertilizers,($/mt),31.5,0.0,0.0,0.0,-1.56,0.0
1993-04-01,1993,4,Phosphate rock,Fertilizers,($/mt),31.5,0.0,0.0,0.0,-1.56,0.0
1993-05-01,1993,5,Phosphate rock,Fertilizers,($/mt),31.5,0.0,0.0,0.0,-1.56,0.0
1993-06-01,1993,6,Phosphate rock,Fertilizers,($/mt),31.5,0.0,0.0,0.0,-1.56,0.0
1993-07-01,1993,7,Phosphate rock,Fertilizers,($/mt),31.5,0.0,0.0,0.0,-1.56,0.0
1993-08-01,1993,8,Phosphate rock,Fertilizers,($/mt),31.5,0.0,0.0,0.0,0.96,0.0
1993-09-01,1993,9,Phosphate rock,Fertilizers,($/mt),31.5,0.0,0.0,0.0,1.61,0.0
1993-10-01,1993,10,Phosphate rock,Fertilizers,($/mt),31.5,0.0,0.0,0.0,1.61,0.0
1993-11-01,1993,11,Phosphate rock,Fertilizers,($/mt),31.5,0.0,0.0,0.0,1.61,0.0
1993-12-01,1993,12,Phosphate rock,Fertilizers,($/mt),31.5,0.0,0.0,0.0,1.61,0.0
1994-01-01,1994,1,Phosphate rock,Fertilizers,($/mt),31.5,0.0,0.0,0.0,1.61,0.0
1994-02-01,1994,2,Phosphate rock,Fertilizers,($/mt),31.5,0.0,0.0,0.0,1.61,0.0
1994-03-01,1994,3,Phosphate rock,Fertilizers,($/mt),31.5,0.0,0.0,0.0,1.61,0.0
1994-04-01,1994,4,Phosphate rock,Fertilizers,($/mt),31.5,0.0,0.0,0.0,1.61,0.0
1994-05-01,1994,5,Phosphate rock,Fertilizers,($/mt),31.5,0.0,0.0,0.0,1.61,0.0
1994-06-01,1994,6,Phosphate rock,Fertilizers,($/mt),31.5,0.0,0.0,0.0,1.61,0.0
1994-07-01,1994,7,Phosphate rock,Fertilizers,($/mt),31.5,0.0,0.0,0.0,1.61,0.0
1994-08-01,1994,8,Phosphate rock,Fertilizers,($/mt),31.5,0.0,0.0,0.0,1.61,0.0
1994-09-01,1994,9,Phosphate rock,Fertilizers,($/mt),31.5,0.0,0.0,0.0,1.61,0.0
1994-10-01,1994,10,Phosphate rock,Fertilizers,($/mt),31.5,0.0,0.0,0.0,1.61,0.0
1994-11-01,1994,11,Phosphate rock,Fertilizers,($/mt),33.5,6.35,6.35,6.35,8.06,0.0
1994-12-01,1994,12,Phosphate rock,Fertilizers,($/mt),33.5,0.0,6.35,6.35,8.06,-0.29
1995-01-01,1995,1,Phosphate rock,Fertilizers,($/mt),33.5,0.0,6.35,6.35,8.06,-0.29
1995-02-01,1995,2,Phosphate rock,Fertilizers,($/mt),31.5,-5.97,-5.97,0.0,1.61,-3.55
1995-03-01,1995,3,Phosphate rock,Fertilizers,($/mt),31.5,0.0,-5.97,0.0,1.61,-0.01
1995-04-01,1995,4,Phosphate rock,Fertilizers,($/mt),31.5,0.0,-5.97,0.0,1.61,-0.01
1995-05-01,1995,5,Phosphate rock,Fertilizers,($/mt),31.5,0.0,0.0,0.0,1.61,-0.01
1995-06-01,1995,6,Phosphate rock,Fertilizers,($/mt),31.5,0.0,0.0,0.0,0.0,-0.01
1995-07-01,1995,7,Phosphate rock,Fertilizers,($/mt),33.5,6.35,6.35,6.35,6.35,2.4
1995-08-01,1995,8,Phosphate rock,Fertilizers,($/mt),33.5,0.0,6.35,6.35,6.35,-0.18
1995-09-01,1995,9,Phosphate rock,Fertilizers,($/mt),33.5,0.0,6.35,6.35,6.35,-0.18
1995-10-01,1995,10,Phosphate rock,Fertilizers,($/mt),33.5,0.0,0.0,6.35,6.35,-0.18
1995-11-01,1995,11,Phosphate rock,Fertilizers,($/mt),33.5,0.0,0.0,0.0,6.35,-0.18
1995-12-01,1995,12,Phosphate rock,Fertilizers,($/mt),33.5,0.0,0.0,0.0,6.35,-0.01
1996-01-01,1996,1,Phosphate rock,Fertilizers,($/mt),33.5,0.0,0.0,0.0,6.35,-0.01
1996-02-01,1996,2,Phosphate rock,Fertilizers,($/mt),33.5,0.0,0.0,6.35,6.35,-0.01
1996-03-01,1996,3,Phosphate rock,Fertilizers,($/mt),33.5,0.0,0.0,6.35,6.35,-0.29
1996-04-01,1996,4,Phosphate rock,Fertilizers,($/mt),33.5,0.0,0.0,6.35,6.35,-0.29
1996-05-01,1996,5,Phosphate rock,Fertilizers,($/mt),33.5,0.0,0.0,6.35,6.35,-0.29
1996-06-01,1996,6,Phosphate rock,Fertilizers,($/mt),33.5,0.0,0.0,6.35,6.35,-0.29
1996-07-01,1996,7,Phosphate rock,Fertilizers,($/mt),32.9,-1.79,-1.79,-1.79,4.44,-1.27
1996-08-01,1996,8,Phosphate rock,Fertilizers,($/mt),32.5,-1.22,-2.99,-2.99,3.17,-2.06
1996-09-01,1996,9,Phosphate rock,Fertilizers,($/mt),32.5,0.0,-2.99,-2.99,3.17,0.42
1996-10-01,1996,10,Phosphate rock,Fertilizers,($/mt),32.5,0.0,-1.22,-2.99,3.17,0.42
1996-11-01,1996,11,Phosphate rock,Fertilizers,($/mt),32.5,0.0,0.0,-2.99,3.17,0.42
1996-12-01,1996,12,Phosphate rock,Fertilizers,($/mt),32.5,0.0,0.0,-2.99,3.17,0.42
1997-01-01,1997,1,Phosphate rock,Fertilizers,($/mt),32.5,0.0,0.0,-2.99,3.17,0.42
1997-02-01,1997,2,Phosphate rock,Fertilizers,($/mt),32.5,0.0,0.0,-2.99,3.17,0.42
1997-03-01,1997,3,Phosphate rock,Fertilizers,($/mt),32.5,0.0,0.0,-2.99,3.17,0.42
1997-04-01,1997,4,Phosphate rock,Fertilizers,($/mt),32.5,0.0,0.0,-2.99,3.17,0.42
1997-05-01,1997,5,Phosphate rock,Fertilizers,($/mt),32.5,0.0,0.0,-2.99,3.17,0.42
1997-06-01,1997,6,Phosphate rock,Fertilizers,($/mt),32.5,0.0,0.0,-2.99,3.17,0.42
1997-07-01,1997,7,Phosphate rock,Fertilizers,($/mt),32.5,0.0,0.0,-1.22,3.17,0.42
1997-08-01,1997,8,Phosphate rock,Fertilizers,($/mt),32.5,0.0,0.0,0.0,3.17,0.29
1997-09-01,1997,9,Phosphate rock,Fertilizers,($/mt),32.5,0.0,0.0,0.0,3.17,0.0
1997-10-01,1997,10,Phosphate rock,Fertilizers,($/mt),32.5,0.0,0.0,0.0,3.17,0.0
1997-11-01,1997,11,Phosphate rock,Fertilizers,($/mt),32.5,0.0,0.0,0.0,3.17,0.0
1997-12-01,1997,12,Phosphate rock,Fertilizers,($/mt),32.5,0.0,0.0,0.0,3.17,0.0
1998-01-01,1998,1,Phosphate rock,Fertilizers,($/mt),32.5,0.0,0.0,0.0,3.17,0.0
1998-02-01,1998,2,Phosphate rock,Fertilizers,($/mt),32.5,0.0,0.0,0.0,3.17,0.0
1998-03-01,1998,3,Phosphate rock,Fertilizers,($/mt),32.5,0.0,0.0,0.0,3.17,0.0
1998-04-01,1998,4,Phosphate rock,Fertilizers,($/mt),32.5,0.0,0.0,0.0,3.17,0.0
1998-05-01,1998,5,Phosphate rock,Fertilizers,($/mt),32.5,0.0,0.0,0.0,3.17,0.0
1998-06-01,1998,6,Phosphate rock,Fertilizers,($/mt),32.5,0.0,0.0,0.0,3.17,0.0
1998-07-01,1998,7,Phosphate rock,Fertilizers,($/mt),32.5,0.0,0.0,0.0,3.17,0.0
1998-08-01,1998,8,Phosphate rock,Fertilizers,($/mt),32.5,0.0,0.0,0.0,3.17,0.0
1998-09-01,1998,9,Phosphate rock,Fertilizers,($/mt),32.5,0.0,0.0,0.0,3.17,0.0
1998-10-01,1998,10,Phosphate rock,Fertilizers,($/mt),32.5,0.0,0.0,0.0,3.17,0.0
1998-11-01,1998,11,Phosphate rock,Fertilizers,($/mt),32.5,0.0,0.0,0.0,3.17,0.0
1998-12-01,1998,12,Phosphate rock,Fertilizers,($/mt),32.5,0.0,0.0,0.0,3.17,0.0
1999-01-01,1999,1,Phosphate rock,Fertilizers,($/mt),32.5,0.0,0.0,0.0,3.17,0.0
1999-02-01,1999,2,Phosphate rock,Fertilizers,($/mt),41.1,26.46,26.46,26.46,30.48,0.0
1999-03-01,1999,3,Phosphate rock,Fertilizers,($/mt),44.0,7.06,35.38,35.38,39.68,0.64
1999-04-01,1999,4,Phosphate rock,Fertilizers,($/mt),44.0,0.0,35.38,35.38,39.68,-0.36
1999-05-01,1999,5,Phosphate rock,Fertilizers,($/mt),44.0,0.0,7.06,35.38,39.68,-0.36
1999-06-01,1999,6,Phosphate rock,Fertilizers,($/mt),44.0,0.0,0.0,35.38,39.68,-0.36
1999-07-01,1999,7,Phosphate rock,Fertilizers,($/mt),44.0,0.0,0.0,35.38,39.68,-0.36
1999-08-01,1999,8,Phosphate rock,Fertilizers,($/mt),44.0,0.0,0.0,35.38,39.68,-0.36
1999-09-01,1999,9,Phosphate rock,Fertilizers,($/mt),44.0,0.0,0.0,35.38,39.68,-0.36
1999-10-01,1999,10,Phosphate rock,Fertilizers,($/mt),44.0,0.0,0.0,35.38,39.68,-0.36
1999-11-01,1999,11,Phosphate rock,Fertilizers,($/mt),44.0,0.0,0.0,35.38,31.34,-0.36
1999-12-01,1999,12,Phosphate rock,Fertilizers,($/mt),44.0,0.0,0.0,35.38,31.34,-0.36
2000-01-01,2000,1,Phosphate rock,Fertilizers,($/mt),44.0,0.0,0.0,35.38,31.34,-0.36
2000-02-01,2000,2,Phosphate rock,Fertilizers,($/mt),44.0,0.0,0.0,7.06,39.68,-0.36
2000-03-01,2000,3,Phosphate rock,Fertilizers,($/mt),44.0,0.0,0.0,0.0,39.68,-0.29
2000-04-01,2000,4,Phosphate rock,Fertilizers,($/mt),44.0,0.0,0.0,0.0,39.68,0.0
2000-05-01,2000,5,Phosphate rock,Fertilizers,($/mt),44.0,0.0,0.0,0.0,39.68,0.0
2000-06-01,2000,6,Phosphate rock,Fertilizers,($/mt),44.0,0.0,0.0,0.0,39.68,0.0
2000-07-01,2000,7,Phosphate rock,Fertilizers,($/mt),44.0,0.0,0.0,0.0,31.34,0.0
2000-08-01,2000,8,Phosphate rock,Fertilizers,($/mt),44.0,0.0,0.0,0.0,31.34,0.0
2000-09-01,2000,9,Phosphate rock,Fertilizers,($/mt),44.0,0.0,0.0,0.0,31.34,0.0
2000-10-01,2000,10,Phosphate rock,Fertilizers,($/mt),44.0,0.0,0.0,0.0,31.34,0.0
2000-11-01,2000,11,Phosphate rock,Fertilizers,($/mt),44.0,0.0,0.0,0.0,31.34,0.0
2000-12-01,2000,12,Phosphate rock,Fertilizers,($/mt),44.0,0.0,0.0,0.0,31.34,0.0
2001-01-01,2001,1,Phosphate rock,Fertilizers,($/mt),44.0,0.0,0.0,0.0,31.34,0.0
2001-02-01,2001,2,Phosphate rock,Fertilizers,($/mt),44.0,0.0,0.0,0.0,31.34,0.0
2001-03-01,2001,3,Phosphate rock,Fertilizers,($/mt),44.0,0.0,0.0,0.0,31.34,0.0
2001-04-01,2001,4,Phosphate rock,Fertilizers,($/mt),44.0,0.0,0.0,0.0,31.34,0.0
2001-05-01,2001,5,Phosphate rock,Fertilizers,($/mt),44.0,0.0,0.0,0.0,31.34,0.0
2001-06-01,2001,6,Phosphate rock,Fertilizers,($/mt),44.0,0.0,0.0,0.0,31.34,0.0
2001-07-01,2001,7,Phosphate rock,Fertilizers,($/mt),44.0,0.0,0.0,0.0,33.74,0.0
2001-08-01,2001,8,Phosphate rock,Fertilizers,($/mt),44.0,0.0,0.0,0.0,35.38,0.0
2001-09-01,2001,9,Phosphate rock,Fertilizers,($/mt),44.0,0.0,0.0,0.0,35.38,0.0
2001-10-01,2001,10,Phosphate rock,Fertilizers,($/mt),44.0,0.0,0.0,0.0,35.38,0.0
2001-11-01,2001,11,Phosphate rock,Fertilizers,($/mt),44.0,0.0,0.0,0.0,35.38,0.0
2001-12-01,2001,12,Phosphate rock,Fertilizers,($/mt),44.0,0.0,0.0,0.0,35.38,0.0
2002-01-01,2002,1,Phosphate rock,Fertilizers,($/mt),44.0,0.0,0.0,0.0,35.38,0.0
2002-02-01,2002,2,Phosphate rock,Fertilizers,($/mt),44.0,0.0,0.0,0.0,35.38,0.0
2002-03-01,2002,3,Phosphate rock,Fertilizers,($/mt),44.0,0.0,0.0,0.0,35.38,0.0
2002-04-01,2002,4,Phosphate rock,Fertilizers,($/mt),44.0,0.0,0.0,0.0,35.38,0.0
2002-05-01,2002,5,Phosphate rock,Fertilizers,($/mt),44.0,0.0,0.0,0.0,35.38,0.0
2002-06-01,2002,6,Phosphate rock,Fertilizers,($/mt),44.0,0.0,0.0,0.0,35.38,0.0
2002-07-01,2002,7,Phosphate rock,Fertilizers,($/mt),44.0,0.0,0.0,0.0,35.38,0.0
2002-08-01,2002,8,Phosphate rock,Fertilizers,($/mt),44.0,0.0,0.0,0.0,35.38,0.0
2002-09-01,2002,9,Phosphate rock,Fertilizers,($/mt),44.0,0.0,0.0,0.0,35.38,0.0
2002-10-01,2002,10,Phosphate rock,Fertilizers,($/mt),44.0,0.0,0.0,0.0,35.38,0.0
2002-11-01,2002,11,Phosphate rock,Fertilizers,($/mt),44.0,0.0,0.0,0.0,35.38,0.0
2002-12-01,2002,12,Phosphate rock,Fertilizers,($/mt),44.0,0.0,0.0,0.0,35.38,0.0
2003-01-01,2003,1,Phosphate rock,Fertilizers,($/mt),44.0,0.0,0.0,0.0,35.38,0.0
2003-02-01,2003,2,Phosphate rock,Fertilizers,($/mt),44.0,0.0,0.0,0.0,35.38,0.0
2003-03-01,2003,3,Phosphate rock,Fertilizers,($/mt),44.0,0.0,0.0,0.0,35.38,0.0
2003-04-01,2003,4,Phosphate rock,Fertilizers,($/mt),44.0,0.0,0.0,0.0,35.38,0.0
2003-05-01,2003,5,Phosphate rock,Fertilizers,($/mt),44.0,0.0,0.0,0.0,35.38,0.0
2003-06-01,2003,6,Phosphate rock,Fertilizers,($/mt),44.0,0.0,0.0,0.0,35.38,0.0
2003-07-01,2003,7,Phosphate rock,Fertilizers,($/mt),44.0,0.0,0.0,0.0,35.38,0.0
2003-08-01,2003,8,Phosphate rock,Fertilizers,($/mt),44.0,0.0,0.0,0.0,35.38,0.0
2003-09-01,2003,9,Phosphate rock,Fertilizers,($/mt),44.0,0.0,0.0,0.0,35.38,0.0
2003-10-01,2003,10,Phosphate rock,Fertilizers,($/mt),44.0,0.0,0.0,0.0,35.38,0.0
2003-11-01,2003,11,Phosphate rock,Fertilizers,($/mt),44.0,0.0,0.0,0.0,35.38,0.0
2003-12-01,2003,12,Phosphate rock,Fertilizers,($/mt),44.0,0.0,0.0,0.0,35.38,0.0
2004-01-01,2004,1,Phosphate rock,Fertilizers,($/mt),44.0,0.0,0.0,0.0,35.38,0.0
2004-02-01,2004,2,Phosphate rock,Fertilizers,($/mt),44.0,0.0,0.0,0.0,7.06,0.0
2004-03-01,2004,3,Phosphate rock,Fertilizers,($/mt),44.0,0.0,0.0,0.0,0.0,0.0
2004-04-01,2004,4,Phosphate rock,Fertilizers,($/mt),44.0,0.0,0.0,0.0,0.0,0.0
2004-05-01,2004,5,Phosphate rock,Fertilizers,($/mt),44.0,0.0,0.0,0.0,0.0,0.0
2004-06-01,2004,6,Phosphate rock,Fertilizers,($/mt),44.0,0.0,0.0,0.0,0.0,0.0
2004-07-01,2004,7,Phosphate rock,Fertilizers,($/mt),44.0,0.0,0.0,0.0,0.0,0.0
2004-08-01,2004,8,Phosphate rock,Fertilizers,($/mt),44.0,0.0,0.0,0.0,0.0,0.0
2004-09-01,2004,9,Phosphate rock,Fertilizers,($/mt),44.0,0.0,0.0,0.0,0.0,0.0
2004-10-01,2004,10,Phosphate rock,Fertilizers,($/mt),44.0,0.0,0.0,0.0,0.0,0.0
2004-11-01,2004,11,Phosphate rock,Fertilizers,($/mt),44.0,0.0,0.0,0.0,0.0,0.0
2004-12-01,2004,12,Phosphate rock,Fertilizers,($/mt),44.0,0.0,0.0,0.0,0.0,0.0
2005-01-01,2005,1,Phosphate rock,Fertilizers,($/mt),44.0,0.0,0.0,0.0,0.0,0.0
2005-02-01,2005,2,Phosphate rock,Fertilizers,($/mt),44.0,0.0,0.0,0.0,0.0,0.0
2005-03-01,2005,3,Phosphate rock,Fertilizers,($/mt),44.0,0.0,0.0,0.0,0.0,0.0
2005-04-01,2005,4,Phosphate rock,Fertilizers,($/mt),44.0,0.0,0.0,0.0,0.0,0.0
2005-05-01,2005,5,Phosphate rock,Fertilizers,($/mt),44.0,0.0,0.0,0.0,0.0,0.0
2005-06-01,2005,6,Phosphate rock,Fertilizers,($/mt),44.0,0.0,0.0,0.0,0.0,0.0
2005-07-01,2005,7,Phosphate rock,Fertilizers,($/mt),44.0,0.0,0.0,0.0,0.0,0.0
2005-08-01,2005,8,Phosphate rock,Fertilizers,($/mt),44.0,0.0,0.0,0.0,0.0,0.0
2005-09-01,2005,9,Phosphate rock,Fertilizers,($/mt),44.0,0.0,0.0,0.0,0.0,0.0
2005-10-01,2005,10,Phosphate rock,Fertilizers,($/mt),44.0,0.0,0.0,0.0,0.0,0.0
2005-11-01,2005,11,Phosphate rock,Fertilizers,($/mt),44.0,0.0,0.0,0.0,0.0,0.0
2005-12-01,2005,12,Phosphate rock,Fertilizers,($/mt),44.0,0.0,0.0,0.0,0.0,0.0
2006-01-01,2006,1,Phosphate rock,Fertilizers,($/mt),44.0,0.0,0.0,0.0,0.0,0.0
2006-02-01,2006,2,Phosphate rock,Fertilizers,($/mt),44.0,0.0,0.0,0.0,0.0,0.0
2006-03-01,2006,3,Phosphate rock,Fertilizers,($/mt),44.0,0.0,0.0,0.0,0.0,0.0
2006-04-01,2006,4,Phosphate rock,Fertilizers,($/mt),44.0,0.0,0.0,0.0,0.0,0.0
2006-05-01,2006,5,Phosphate rock,Fertilizers,($/mt),44.0,0.0,0.0,0.0,0.0,0.0
2006-06-01,2006,6,Phosphate rock,Fertilizers,($/mt),44.0,0.0,0.0,0.0,0.0,0.0
2006-07-01,2006,7,Phosphate rock,Fertilizers,($/mt),44.0,0.0,0.0,0.0,0.0,0.0
2006-08-01,2006,8,Phosphate rock,Fertilizers,($/mt),44.0,0.0,0.0,0.0,0.0,0.0
2006-09-01,2006,9,Phosphate rock,Fertilizers,($/mt),44.0,0.0,0.0,0.0,0.0,0.0
2006-10-01,2006,10,Phosphate rock,Fertilizers,($/mt),44.0,0.0,0.0,0.0,0.0,0.0
2006-11-01,2006,11,Phosphate rock,Fertilizers,($/mt),44.0,0.0,0.0,0.0,0.0,0.0
2006-12-01,2006,12,Phosphate rock,Fertilizers,($/mt),44.0,0.0,0.0,0.0,0.0,0.0
2007-01-01,2007,1,Phosphate rock,Fertilizers,($/mt),44.0,0.0,0.0,0.0,0.0,0.0
2007-02-01,2007,2,Phosphate rock,Fertilizers,($/mt),44.0,0.0,0.0,0.0,0.0,0.0
2007-03-01,2007,3,Phosphate rock,Fertilizers,($/mt),44.0,0.0,0.0,0.0,0.0,0.0
2007-04-01,2007,4,Phosphate rock,Fertilizers,($/mt),44.0,0.0,0.0,0.0,0.0,0.0
2007-05-01,2007,5,Phosphate rock,Fertilizers,($/mt),44.0,0.0,0.0,0.0,0.0,0.0
2007-06-01,2007,6,Phosphate rock,Fertilizers,($/mt),44.0,0.0,0.0,0.0,0.0,0.0
2007-07-01,2007,7,Phosphate rock,Fertilizers,($/mt),44.0,0.0,0.0,0.0,0.0,0.0
2007-08-01,2007,8,Phosphate rock,Fertilizers,($/mt),44.0,0.0,0.0,0.0,0.0,0.0
2007-09-01,2007,9,Phosphate rock,Fertilizers,($/mt),57.8,31.36,31.36,31.36,31.36,0.0
2007-10-01,2007,10,Phosphate rock,Fertilizers,($/mt),71.5,23.7,62.5,62.5,62.5,2.33
2007-11-01,2007,11,Phosphate rock,Fertilizers,($/mt),71.5,0.0,62.5,62.5,62.5,-0.42
2007-12-01,2007,12,Phosphate rock,Fertilizers,($/mt),71.5,0.0,23.7,62.5,62.5,-0.42
2008-01-01,2008,1,Phosphate rock,Fertilizers,($/mt),71.5,0.0,0.0,62.5,62.5,-0.42
2008-02-01,2008,2,Phosphate rock,Fertilizers,($/mt),71.5,0.0,0.0,62.5,62.5,-0.42
2008-03-01,2008,3,Phosphate rock,Fertilizers,($/mt),71.5,0.0,0.0,62.5,62.5,-0.42
2008-04-01,2008,4,Phosphate rock,Fertilizers,($/mt),160.4,124.34,124.34,264.55,264.55,11.05
2008-05-01,2008,5,Phosphate rock,Fertilizers,($/mt),190.0,18.45,165.73,331.82,331.82,0.1
2008-06-01,2008,6,Phosphate rock,Fertilizers,($/mt),190.0,0.0,165.73,331.82,331.82,-0.46
2008-07-01,2008,7,Phosphate rock,Fertilizers,($/mt),240.0,26.32,49.63,445.45,445.45,0.27
2008-08-01,2008,8,Phosphate rock,Fertilizers,($/mt),290.0,20.83,52.63,559.09,559.09,0.06
2008-09-01,2008,9,Phosphate rock,Fertilizers,($/mt),278.0,-4.14,46.32,380.97,531.82,-0.7
2008-10-01,2008,10,Phosphate rock,Fertilizers,($/mt),450.0,61.87,87.5,529.37,922.73,1.25
2008-11-01,2008,11,Phosphate rock,Fertilizers,($/mt),450.0,0.0,55.17,529.37,922.73,-0.55
2008-12-01,2008,12,Phosphate rock,Fertilizers,($/mt),450.0,0.0,61.87,529.37,922.73,-0.55
2009-01-01,2009,1,Phosphate rock,Fertilizers,($/mt),450.0,0.0,0.0,529.37,922.73,-0.55
2009-02-01,2009,2,Phosphate rock,Fertilizers,($/mt),450.0,0.0,0.0,529.37,922.73,-0.55
2009-03-01,2009,3,Phosphate rock,Fertilizers,($/mt),450.0,0.0,0.0,529.37,922.73,-0.55
2009-04-01,2009,4,Phosphate rock,Fertilizers,($/mt),315.0,-30.0,-30.0,96.38,615.91,-1.34
2009-05-01,2009,5,Phosphate rock,Fertilizers,($/mt),270.0,-14.29,-40.0,42.11,513.64,-0.99
2009-06-01,2009,6,Phosphate rock,Fertilizers,($/mt),198.0,-26.67,-56.0,4.21,350.0,-1.38
2009-07-01,2009,7,Phosphate rock,Fertilizers,($/mt),90.0,-54.55,-71.43,-62.5,104.55,-2.33
2009-08-01,2009,8,Phosphate rock,Fertilizers,($/mt),90.0,0.0,-66.67,-68.97,104.55,0.14
2009-09-01,2009,9,Phosphate rock,Fertilizers,($/mt),90.0,0.0,-54.55,-67.63,104.55,0.21
2009-10-01,2009,10,Phosphate rock,Fertilizers,($/mt),90.0,0.0,0.0,-80.0,104.55,0.19
2009-11-01,2009,11,Phosphate rock,Fertilizers,($/mt),90.0,0.0,0.0,-80.0,104.55,0.59
2009-12-01,2009,12,Phosphate rock,Fertilizers,($/mt),90.0,0.0,0.0,-80.0,104.55,0.59
2010-01-01,2010,1,Phosphate rock,Fertilizers,($/mt),90.0,0.0,0.0,-80.0,104.55,0.59
2010-02-01,2010,2,Phosphate rock,Fertilizers,($/mt),90.0,0.0,0.0,-80.0,104.55,0.59
2010-03-01,2010,3,Phosphate rock,Fertilizers,($/mt),90.0,0.0,0.0,-80.0,104.55,0.59
2010-04-01,2010,4,Phosphate rock,Fertilizers,($/mt),90.0,0.0,0.0,-71.43,104.55,0.59
2010-05-01,2010,5,Phosphate rock,Fertilizers,($/mt),90.0,0.0,0.0,-66.67,104.55,0.47
2010-06-01,2010,6,Phosphate rock,Fertilizers,($/mt),90.0,0.0,0.0,-54.55,104.55,0.4
2010-07-01,2010,7,Phosphate rock,Fertilizers,($/mt),98.8,9.78,9.78,9.78,124.55,0.91
2010-08-01,2010,8,Phosphate rock,Fertilizers,($/mt),125.0,26.52,38.89,38.89,184.09,9.11
2010-09-01,2010,9,Phosphate rock,Fertilizers,($/mt),125.0,0.0,38.89,38.89,184.09,-0.38
2010-10-01,2010,10,Phosphate rock,Fertilizers,($/mt),125.0,0.0,26.52,38.89,184.09,-0.38
2010-11-01,2010,11,Phosphate rock,Fertilizers,($/mt),125.0,0.0,0.0,38.89,184.09,-0.38
2010-12-01,2010,12,Phosphate rock,Fertilizers,($/mt),125.0,0.0,0.0,38.89,184.09,-0.38
2011-01-01,2011,1,Phosphate rock,Fertilizers,($/mt),125.0,0.0,0.0,38.89,184.09,-0.38
2011-02-01,2011,2,Phosphate rock,Fertilizers,($/mt),140.0,12.0,12.0,55.56,218.18,1.13
2011-03-01,2011,3,Phosphate rock,Fertilizers,($/mt),145.0,3.57,16.0,61.11,229.55,-0.05
2011-04-01,2011,4,Phosphate rock,Fertilizers,($/mt),145.0,0.0,16.0,61.11,229.55,-0.53
2011-05-01,2011,5,Phosphate rock,Fertilizers,($/mt),147.0,1.38,5.0,63.33,234.09,-0.36
2011-06-01,2011,6,Phosphate rock,Fertilizers,($/mt),155.0,5.44,6.9,72.22,252.27,0.12
2011-07-01,2011,7,Phosphate rock,Fertilizers,($/mt),161.9,4.45,11.66,63.87,267.95,-0.06
2011-08-01,2011,8,Phosphate rock,Fertilizers,($/mt),182.5,12.72,24.15,46.0,314.77,1.06
2011-09-01,2011,9,Phosphate rock,Fertilizers,($/mt),182.5,0.0,17.74,46.0,314.77,-0.71
2011-10-01,2011,10,Phosphate rock,Fertilizers,($/mt),188.8,3.45,16.62,51.04,329.09,0.03
2011-11-01,2011,11,Phosphate rock,Fertilizers,($/mt),195.0,3.28,6.85,56.0,343.18,-0.07
2011-12-01,2011,12,Phosphate rock,Fertilizers,($/mt),195.0,0.0,6.85,56.0,343.18,-0.87
2012-01-01,2012,1,Phosphate rock,Fertilizers,($/mt),195.0,0.0,3.28,56.0,343.18,-0.87
2012-02-01,2012,2,Phosphate rock,Fertilizers,($/mt),190.0,-2.56,-2.56,35.71,331.82,-1.46
2012-03-01,2012,3,Phosphate rock,Fertilizers,($/mt),160.0,-15.79,-17.95,10.34,263.64,-4.67
2012-04-01,2012,4,Phosphate rock,Fertilizers,($/mt),185.0,15.62,-5.13,27.59,320.45,2.21
2012-05-01,2012,5,Phosphate rock,Fertilizers,($/mt),195.0,5.41,2.63,32.65,343.18,0.39
2012-06-01,2012,6,Phosphate rock,Fertilizers,($/mt),193.1,-0.97,20.69,24.58,338.86,-0.46
2012-07-01,2012,7,Phosphate rock,Fertilizers,($/mt),188.5,-2.38,1.89,16.43,328.41,-0.57
2012-08-01,2012,8,Phosphate rock,Fertilizers,($/mt),182.5,-3.18,-6.41,0.0,314.77,-0.6
2012-09-01,2012,9,Phosphate rock,Fertilizers,($/mt),182.5,0.0,-5.49,0.0,215.74,-0.03
2012-10-01,2012,10,Phosphate rock,Fertilizers,($/mt),182.5,0.0,-3.18,-3.34,155.24,-0.03
2012-11-01,2012,11,Phosphate rock,Fertilizers,($/mt),182.5,0.0,0.0,-6.41,155.24,0.01
2012-12-01,2012,12,Phosphate rock,Fertilizers,($/mt),182.5,0.0,0.0,-6.41,155.24,0.05
2013-01-01,2013,1,Phosphate rock,Fertilizers,($/mt),182.5,0.0,0.0,-6.41,155.24,0.05
2013-02-01,2013,2,Phosphate rock,Fertilizers,($/mt),182.5,0.0,0.0,-3.95,155.24,0.05
2013-03-01,2013,3,Phosphate rock,Fertilizers,($/mt),160.0,-12.33,-12.33,0.0,123.78,-1.75
2013-04-01,2013,4,Phosphate rock,Fertilizers,($/mt),111.5,-30.31,-38.9,-39.73,-30.49,-4.81
2013-05-01,2013,5,Phosphate rock,Fertilizers,($/mt),157.5,41.26,-13.7,-19.23,-17.11,4.81
2013-06-01,2013,6,Phosphate rock,Fertilizers,($/mt),125.6,-20.25,-21.5,-34.96,-33.89,-1.23
2013-07-01,2013,7,Phosphate rock,Fertilizers,($/mt),115.0,-8.44,3.14,-38.99,-52.08,-0.37
2013-08-01,2013,8,Phosphate rock,Fertilizers,($/mt),115.0,0.0,-26.98,-36.99,-60.34,0.16
2013-09-01,2013,9,Phosphate rock,Fertilizers,($/mt),97.5,-15.22,-22.37,-46.58,-64.93,-0.75
2013-10-01,2013,10,Phosphate rock,Fertilizers,($/mt),84.4,-13.44,-26.61,-53.75,-81.24,-0.56
2013-11-01,2013,11,Phosphate rock,Fertilizers,($/mt),87.5,3.67,-23.91,-52.05,-80.56,0.49
2013-12-01,2013,12,Phosphate rock,Fertilizers,($/mt),96.9,10.74,-0.62,-46.9,-78.47,0.87
2014-01-01,2014,1,Phosphate rock,Fertilizers,($/mt),97.5,0.62,15.52,-46.58,-78.33,0.24
2014-02-01,2014,2,Phosphate rock,Fertilizers,($/mt),97.5,0.0,11.43,-46.58,-78.33,0.2
2014-03-01,2014,3,Phosphate rock,Fertilizers,($/mt),106.6,9.33,10.01,-33.38,-76.31,0.71
2014-04-01,2014,4,Phosphate rock,Fertilizers,($/mt),111.5,4.6,14.36,0.0,-64.6,0.35
2014-05-01,2014,5,Phosphate rock,Fertilizers,($/mt),112.6,0.99,15.49,-28.51,-58.3,-0.01
2014-06-01,2014,6,Phosphate rock,Fertilizers,($/mt),111.4,-1.07,4.5,-11.31,-43.74,0.12
2014-07-01,2014,7,Phosphate rock,Fertilizers,($/mt),111.0,-0.36,-0.45,-3.48,23.33,0.04
2014-08-01,2014,8,Phosphate rock,Fertilizers,($/mt),111.0,0.0,-1.42,-3.48,23.33,0.0
2014-09-01,2014,9,Phosphate rock,Fertilizers,($/mt),111.4,0.36,0.0,14.26,23.78,0.05
2014-10-01,2014,10,Phosphate rock,Fertilizers,($/mt),116.0,4.13,4.5,37.44,28.89,0.47
2014-11-01,2014,11,Phosphate rock,Fertilizers,($/mt),119.5,3.02,7.66,36.57,32.78,0.07
2014-12-01,2014,12,Phosphate rock,Fertilizers,($/mt),119.5,0.0,7.27,23.32,32.78,-0.7
2015-01-01,2015,1,Phosphate rock,Fertilizers,($/mt),119.5,0.0,3.02,22.56,32.78,-0.6
2015-02-01,2015,2,Phosphate rock,Fertilizers,($/mt),121.3,1.51,1.51,24.41,34.78,-0.08
2015-03-01,2015,3,Phosphate rock,Fertilizers,($/mt),123.0,1.4,2.93,15.38,36.67,-0.16
2015-04-01,2015,4,Phosphate rock,Fertilizers,($/mt),114.1,-7.24,-4.52,2.33,26.78,-4.66
2015-05-01,2015,5,Phosphate rock,Fertilizers,($/mt),110.5,-3.16,-8.9,-1.87,22.78,-1.22
2015-06-01,2015,6,Phosphate rock,Fertilizers,($/mt),118.9,7.6,-3.33,6.73,32.11,2.64
2015-07-01,2015,7,Phosphate rock,Fertilizers,($/mt),121.0,1.77,6.05,9.01,22.47,0.32
2015-08-01,2015,8,Phosphate rock,Fertilizers,($/mt),121.0,0.0,9.5,9.01,-3.2,-0.21
2015-09-01,2015,9,Phosphate rock,Fertilizers,($/mt),124.0,2.48,4.29,11.31,-0.8,0.47
2015-10-01,2015,10,Phosphate rock,Fertilizers,($/mt),123.5,-0.4,2.07,6.47,-1.2,-0.37
2015-11-01,2015,11,Phosphate rock,Fertilizers,($/mt),123.5,0.0,2.07,3.35,-1.2,-0.16
2015-12-01,2015,12,Phosphate rock,Fertilizers,($/mt),123.5,0.0,-0.4,3.35,-1.2,-0.1
2016-01-01,2016,1,Phosphate rock,Fertilizers,($/mt),122.6,-0.73,-0.73,2.59,-1.92,-0.31
2016-02-01,2016,2,Phosphate rock,Fertilizers,($/mt),114.5,-6.61,-7.29,-5.61,-18.21,-1.97
2016-03-01,2016,3,Phosphate rock,Fertilizers,($/mt),114.5,0.0,-7.29,-6.91,-21.03,0.1
2016-04-01,2016,4,Phosphate rock,Fertilizers,($/mt),114.1,-0.35,-6.93,0.0,-21.31,0.04
2016-05-01,2016,5,Phosphate rock,Fertilizers,($/mt),110.5,-3.16,-3.49,0.0,-24.83,-0.96
2016-06-01,2016,6,Phosphate rock,Fertilizers,($/mt),110.5,0.0,-3.49,-7.06,-28.71,-0.02
2016-07-01,2016,7,Phosphate rock,Fertilizers,($/mt),110.5,0.0,-3.16,-8.68,-31.75,0.25
2016-08-01,2016,8,Phosphate rock,Fertilizers,($/mt),109.8,-0.63,-0.63,-9.26,-39.84,0.04
2016-09-01,2016,9,Phosphate rock,Fertilizers,($/mt),109.0,-0.73,-1.36,-12.1,-40.27,0.02
2016-10-01,2016,10,Phosphate rock,Fertilizers,($/mt),109.0,0.0,-1.36,-11.74,-42.27,0.54
2016-11-01,2016,11,Phosphate rock,Fertilizers,($/mt),103.0,-5.5,-6.19,-16.6,-47.18,-2.28
2016-12-01,2016,12,Phosphate rock,Fertilizers,($/mt),97.5,-5.34,-10.55,-21.05,-50.0,-1.66
2017-01-01,2017,1,Phosphate rock,Fertilizers,($/mt),96.9,-0.62,-11.1,-20.96,-50.31,0.52
2017-02-01,2017,2,Phosphate rock,Fertilizers,($/mt),95.0,-1.96,-7.77,-17.03,-50.0,-0.02
2017-03-01,2017,3,Phosphate rock,Fertilizers,($/mt),97.5,2.63,0.0,-14.85,-39.06,2.03
2017-04-01,2017,4,Phosphate rock,Fertilizers,($/mt),95.6,-1.95,-1.34,-16.21,-48.32,-0.27
2017-05-01,2017,5,Phosphate rock,Fertilizers,($/mt),92.5,-3.24,-2.63,-16.29,-52.56,-0.77
2017-06-01,2017,6,Phosphate rock,Fertilizers,($/mt),92.5,0.0,-5.13,-16.29,-52.1,0.62
2017-07-01,2017,7,Phosphate rock,Fertilizers,($/mt),92.5,0.0,-3.24,-16.29,-50.93,0.62
2017-08-01,2017,8,Phosphate rock,Fertilizers,($/mt),88.8,-4.0,-4.0,-19.13,-51.34,-1.09
2017-09-01,2017,9,Phosphate rock,Fertilizers,($/mt),85.0,-4.28,-8.11,-22.02,-53.42,-1.05
2017-10-01,2017,10,Phosphate rock,Fertilizers,($/mt),80.0,-5.88,-13.51,-26.61,-56.16,-1.54
2017-11-01,2017,11,Phosphate rock,Fertilizers,($/mt),80.0,0.0,-9.91,-22.33,-56.16,0.95
2017-12-01,2017,12,Phosphate rock,Fertilizers,($/mt),80.0,0.0,-5.88,-17.95,-56.16,0.8
2018-01-01,2018,1,Phosphate rock,Fertilizers,($/mt),80.0,0.0,0.0,-17.44,-56.16,0.67
2018-02-01,2018,2,Phosphate rock,Fertilizers,($/mt),82.5,3.12,3.12,-13.16,-54.79,1.93
2018-03-01,2018,3,Phosphate rock,Fertilizers,($/mt),84.7,2.67,5.88,-13.13,-47.06,1.37
2018-04-01,2018,4,Phosphate rock,Fertilizers,($/mt),88.0,3.9,10.0,-7.95,-21.08,1.81
2018-05-01,2018,5,Phosphate rock,Fertilizers,($/mt),88.0,0.0,6.67,-4.86,-44.13,0.21
2018-06-01,2018,6,Phosphate rock,Fertilizers,($/mt),86.8,-1.36,2.48,-6.16,-30.89,-0.33
2018-07-01,2018,7,Phosphate rock,Fertilizers,($/mt),86.9,0.12,-1.25,-6.05,-24.43,0.2
2018-08-01,2018,8,Phosphate rock,Fertilizers,($/mt),87.5,0.69,-0.57,-1.46,-23.91,0.39
2018-09-01,2018,9,Phosphate rock,Fertilizers,($/mt),87.5,0.0,0.81,2.94,-10.26,0.03
2018-10-01,2018,10,Phosphate rock,Fertilizers,($/mt),91.3,4.34,5.06,14.12,8.18,1.64
2018-11-01,2018,11,Phosphate rock,Fertilizers,($/mt),92.5,1.31,5.71,15.62,5.71,0.1
2018-12-01,2018,12,Phosphate rock,Fertilizers,($/mt),99.2,7.24,13.37,24.0,2.37,3.29
2019-01-01,2019,1,Phosphate rock,Fertilizers,($/mt),102.5,3.33,12.27,28.12,5.13,0.6
2019-02-01,2019,2,Phosphate rock,Fertilizers,($/mt),102.5,0.0,10.81,24.24,5.13,-0.87
2019-03-01,2019,3,Phosphate rock,Fertilizers,($/mt),98.5,-3.9,-0.71,16.29,-7.6,-2.32
2019-04-01,2019,4,Phosphate rock,Fertilizers,($/mt),97.5,-1.02,-4.88,10.8,-12.56,-0.78
2019-05-01,2019,5,Phosphate rock,Fertilizers,($/mt),97.5,0.0,-4.88,10.8,-13.41,-0.31
2019-06-01,2019,6,Phosphate rock,Fertilizers,($/mt),97.5,0.0,-1.02,12.33,-12.48,-0.31
2019-07-01,2019,7,Phosphate rock,Fertilizers,($/mt),80.0,-17.95,-17.95,-7.94,-27.93,-6.68
2019-08-01,2019,8,Phosphate rock,Fertilizers,($/mt),78.0,-2.5,-20.0,-10.86,-29.73,-0.32
2019-09-01,2019,9,Phosphate rock,Fertilizers,($/mt),77.5,-0.64,-20.51,-11.43,-30.43,0.02
2019-10-01,2019,10,Phosphate rock,Fertilizers,($/mt),77.5,0.0,-3.12,-15.12,-33.19,0.13
2019-11-01,2019,11,Phosphate rock,Fertilizers,($/mt),74.0,-4.52,-5.13,-20.0,-38.08,-0.56
2019-12-01,2019,12,Phosphate rock,Fertilizers,($/mt),72.5,-2.03,-6.45,-26.92,-39.33,-0.06
2020-01-01,2020,1,Phosphate rock,Fertilizers,($/mt),72.5,0.0,-6.45,-29.27,-39.33,0.46
2020-02-01,2020,2,Phosphate rock,Fertilizers,($/mt),72.5,0.0,-2.03,-29.27,-40.23,0.54
2020-03-01,2020,3,Phosphate rock,Fertilizers,($/mt),71.9,-0.83,-0.83,-27.01,-41.54,0.37
2020-04-01,2020,4,Phosphate rock,Fertilizers,($/mt),70.8,-1.53,-2.34,-27.38,-37.95,0.18
2020-05-01,2020,5,Phosphate rock,Fertilizers,($/mt),72.9,2.97,0.55,-25.23,-34.03,1.08
2020-06-01,2020,6,Phosphate rock,Fertilizers,($/mt),75.0,2.88,4.31,-23.08,-36.92,0.98
2020-07-01,2020,7,Phosphate rock,Fertilizers,($/mt),75.0,0.0,5.93,-6.25,-38.02,0.37
2020-08-01,2020,8,Phosphate rock,Fertilizers,($/mt),76.9,2.53,5.49,-1.41,-36.45,1.46
2020-09-01,2020,9,Phosphate rock,Fertilizers,($/mt),79.4,3.25,5.87,2.45,-35.97,1.55
2020-10-01,2020,10,Phosphate rock,Fertilizers,($/mt),80.0,0.76,6.67,3.23,-35.22,0.22
2020-11-01,2020,11,Phosphate rock,Fertilizers,($/mt),82.5,3.12,7.28,11.49,-33.2,1.2
2020-12-01,2020,12,Phosphate rock,Fertilizers,($/mt),83.3,0.97,4.91,14.9,-32.55,0.02
2021-01-01,2021,1,Phosphate rock,Fertilizers,($/mt),85.0,2.04,6.25,17.24,-30.67,0.51
2021-02-01,2021,2,Phosphate rock,Fertilizers,($/mt),88.1,3.65,6.79,21.52,-23.06,1.38
2021-03-01,2021,3,Phosphate rock,Fertilizers,($/mt),96.3,9.31,15.61,33.94,-15.9,4.41
2021-04-01,2021,4,Phosphate rock,Fertilizers,($/mt),95.0,-1.35,11.76,34.18,-16.74,-1.45
2021-05-01,2021,5,Phosphate rock,Fertilizers,($/mt),102.5,7.89,16.35,40.6,-7.24,2.05
2021-06-01,2021,6,Phosphate rock,Fertilizers,($/mt),125.0,21.95,29.8,66.67,13.12,6.24
2021-07-01,2021,7,Phosphate rock,Fertilizers,($/mt),125.0,0.0,31.58,66.67,13.12,-0.72
2021-08-01,2021,8,Phosphate rock,Fertilizers,($/mt),136.9,9.52,33.56,78.02,24.68,0.8
2021-09-01,2021,9,Phosphate rock,Fertilizers,($/mt),147.5,7.74,18.0,85.77,35.32,0.41
2021-10-01,2021,10,Phosphate rock,Fertilizers,($/mt),147.5,0.0,18.0,84.38,35.32,-0.85
2021-11-01,2021,11,Phosphate rock,Fertilizers,($/mt),153.1,3.8,11.83,85.58,48.64,-0.25
2021-12-01,2021,12,Phosphate rock,Fertilizers,($/mt),176.7,15.41,19.8,112.12,81.23,1.54
2022-01-01,2022,1,Phosphate rock,Fertilizers,($/mt),173.1,-2.04,17.36,103.65,78.64,-1.27
2022-02-01,2022,2,Phosphate rock,Fertilizers,($/mt),172.5,-0.35,12.67,95.8,81.58,-0.92
2022-03-01,2022,3,Phosphate rock,Fertilizers,($/mt),178.8,3.65,1.19,85.67,83.38,-0.31
2022-04-01,2022,4,Phosphate rock,Fertilizers,($/mt),249.5,39.54,44.14,162.63,160.98,4.6
2022-05-01,2022,5,Phosphate rock,Fertilizers,($/mt),255.0,2.2,47.83,148.78,175.68,-0.56
2022-06-01,2022,6,Phosphate rock,Fertilizers,($/mt),287.5,12.75,60.79,130.0,210.81,0.35
2022-07-01,2022,7,Phosphate rock,Fertilizers,($/mt),320.0,11.3,28.26,156.0,245.95,0.32
2022-08-01,2022,8,Phosphate rock,Fertilizers,($/mt),320.0,0.0,25.49,133.75,260.36,-0.77
2022-09-01,2022,9,Phosphate rock,Fertilizers,($/mt),320.0,0.0,11.3,116.95,276.47,-0.68
2022-10-01,2022,10,Phosphate rock,Fertilizers,($/mt),317.5,-0.78,-0.78,115.25,296.88,-0.68
2022-11-01,2022,11,Phosphate rock,Fertilizers,($/mt),300.0,-5.51,-6.25,95.95,275.0,-1.08
2022-12-01,2022,12,Phosphate rock,Fertilizers,($/mt),300.0,0.0,-6.25,69.78,275.0,-0.52
2023-01-01,2023,1,Phosphate rock,Fertilizers,($/mt),300.0,0.0,-5.51,73.31,275.0,-0.42
2023-02-01,2023,2,Phosphate rock,Fertilizers,($/mt),322.5,7.5,7.5,86.96,290.91,0.19
2023-03-01,2023,3,Phosphate rock,Fertilizers,($/mt),345.0,6.98,15.0,92.95,307.32,0.09
2023-04-01,2023,4,Phosphate rock,Fertilizers,($/mt),345.0,0.0,15.0,38.28,292.05,-0.52
2023-05-01,2023,5,Phosphate rock,Fertilizers,($/mt),345.0,0.0,6.98,35.29,292.05,-0.52
2023-06-01,2023,6,Phosphate rock,Fertilizers,($/mt),344.5,-0.14,-0.14,19.83,296.89,-0.51
2023-07-01,2023,7,Phosphate rock,Fertilizers,($/mt),342.5,-0.58,-0.72,7.03,294.13,-0.48
2023-08-01,2023,8,Phosphate rock,Fertilizers,($/mt),346.3,1.11,0.38,8.22,295.77,0.14
2023-09-01,2023,9,Phosphate rock,Fertilizers,($/mt),347.5,0.35,0.87,8.59,297.14,-0.11
2023-10-01,2023,10,Phosphate rock,Fertilizers,($/mt),347.5,0.0,1.46,9.45,280.61,-0.22
2023-11-01,2023,11,Phosphate rock,Fertilizers,($/mt),347.5,0.0,0.35,15.83,275.68,-0.24
2023-12-01,2023,12,Phosphate rock,Fertilizers,($/mt),152.5,-56.12,-56.12,-49.17,53.73,-20.36
2024-01-01,2024,1,Phosphate rock,Fertilizers,($/mt),152.5,0.0,-56.12,-49.17,48.78,0.2
2024-02-01,2024,2,Phosphate rock,Fertilizers,($/mt),152.5,0.0,-56.12,-52.71,48.78,0.2
2024-03-01,2024,3,Phosphate rock,Fertilizers,($/mt),152.5,0.0,0.0,-55.8,54.82,0.24
2024-04-01,2024,4,Phosphate rock,Fertilizers,($/mt),152.5,0.0,0.0,-55.8,56.41,0.28
2024-05-01,2024,5,Phosphate rock,Fertilizers,($/mt),152.5,0.0,0.0,-55.8,56.41,0.28
2024-06-01,2024,6,Phosphate rock,Fertilizers,($/mt),152.5,0.0,0.0,-55.73,56.41,0.28
2024-07-01,2024,7,Phosphate rock,Fertilizers,($/mt),152.5,0.0,0.0,-55.47,90.62,0.28
2024-08-01,2024,8,Phosphate rock,Fertilizers,($/mt),152.5,0.0,0.0,-55.96,95.51,0.28
2024-09-01,2024,9,Phosphate rock,Fertilizers,($/mt),152.5,0.0,0.0,-56.12,96.77,0.29
2024-10-01,2024,10,Phosphate rock,Fertilizers,($/mt),152.5,0.0,0.0,-56.12,96.77,0.29
2024-11-01,2024,11,Phosphate rock,Fertilizers,($/mt),152.5,0.0,0.0,-56.12,106.08,0.29
2024-12-01,2024,12,Phosphate rock,Fertilizers,($/mt),152.5,0.0,0.0,0.0,110.34,0.29
2025-01-01,2025,1,Phosphate rock,Fertilizers,($/mt),152.5,0.0,0.0,0.0,110.34,0.0
2025-02-01,2025,2,Phosphate rock,Fertilizers,($/mt),152.5,0.0,0.0,0.0,110.34,0.0
2025-03-01,2025,3,Phosphate rock,Fertilizers,($/mt),152.5,0.0,0.0,0.0,112.1,0.0
2025-04-01,2025,4,Phosphate rock,Fertilizers,($/mt),152.5,0.0,0.0,0.0,115.4,0.0
2025-05-01,2025,5,Phosphate rock,Fertilizers,($/mt),152.5,0.0,0.0,0.0,109.19,0.0
2025-06-01,2025,6,Phosphate rock,Fertilizers,($/mt),152.5,0.0,0.0,0.0,103.33,0.0
2025-07-01,2025,7,Phosphate rock,Fertilizers,($/mt),152.5,0.0,0.0,0.0,103.33,0.0
2025-08-01,2025,8,Phosphate rock,Fertilizers,($/mt),152.5,0.0,0.0,0.0,98.31,0.0
2025-09-01,2025,9,Phosphate rock,Fertilizers,($/mt),152.5,0.0,0.0,0.0,92.07,0.0
2025-10-01,2025,10,Phosphate rock,Fertilizers,($/mt),152.5,0.0,0.0,0.0,90.62,0.0
2025-11-01,2025,11,Phosphate rock,Fertilizers,($/mt),152.5,0.0,0.0,0.0,84.85,0.0
2025-12-01,2025,12,Phosphate rock,Fertilizers,($/mt),152.5,0.0,0.0,0.0,83.07,0.0
2026-01-01,2026,1,Phosphate rock,Fertilizers,($/mt),152.5,0.0,0.0,0.0,79.41,0.0
2026-02-01,2026,2,Phosphate rock,Fertilizers,($/mt),152.5,0.0,0.0,0.0,73.1,0.0
2026-03-01,2026,3,Phosphate rock,Fertilizers,($/mt),152.5,0.0,0.0,0.0,58.36,0.0
2026-04-01,2026,4,Phosphate rock,Fertilizers,($/mt),152.5,0.0,0.0,0.0,60.53,0.0
2026-05-01,2026,5,Phosphate rock,Fertilizers,($/mt),152.5,0.0,0.0,0.0,48.78,0.0
2026-06-01,2026,6,Phosphate rock,Fertilizers,($/mt),156.9,2.89,2.89,2.89,25.52,0.0
2026-07-01,2026,7,Phosphate rock,Fertilizers,($/mt),170.0,8.35,11.48,11.48,36.0,9.74
2026-08-01,2026,8,Phosphate rock,Fertilizers,($/mt),170.0,0.0,11.48,11.48,24.18,-0.38
2026-09-01,2026,9,Phosphate rock,Fertilizers,($/mt),170.0,0.0,8.35,11.48,15.25,-0.38
1960-01-01,1960,1,Platinum,Precious Metals,($/troy oz),84.0,,,,,
1960-02-01,1960,2,Platinum,Precious Metals,($/troy oz),84.0,0.0,,,,
1960-03-01,1960,3,Platinum,Precious Metals,($/troy oz),84.0,0.0,,,,
1960-04-01,1960,4,Platinum,Precious Metals,($/troy oz),84.0,0.0,0.0,,,
1960-05-01,1960,5,Platinum,Precious Metals,($/troy oz),84.0,0.0,0.0,,,
1960-06-01,1960,6,Platinum,Precious Metals,($/troy oz),84.0,0.0,0.0,,,
1960-07-01,1960,7,Platinum,Precious Metals,($/troy oz),84.0,0.0,0.0,,,
1960-08-01,1960,8,Platinum,Precious Metals,($/troy oz),84.0,0.0,0.0,,,0.0
1960-09-01,1960,9,Platinum,Precious Metals,($/troy oz),84.0,0.0,0.0,,,0.0
1960-10-01,1960,10,Platinum,Precious Metals,($/troy oz),84.0,0.0,0.0,,,0.0
1960-11-01,1960,11,Platinum,Precious Metals,($/troy oz),84.0,0.0,0.0,,,0.0
1960-12-01,1960,12,Platinum,Precious Metals,($/troy oz),84.0,0.0,0.0,,,0.0
1961-01-01,1961,1,Platinum,Precious Metals,($/troy oz),84.0,0.0,0.0,0.0,,0.0
1961-02-01,1961,2,Platinum,Precious Metals,($/troy oz),84.0,0.0,0.0,0.0,,0.0
1961-03-01,1961,3,Platinum,Precious Metals,($/troy oz),84.0,0.0,0.0,0.0,,0.0
1961-04-01,1961,4,Platinum,Precious Metals,($/troy oz),84.0,0.0,0.0,0.0,,0.0
1961-05-01,1961,5,Platinum,Precious Metals,($/troy oz),84.0,0.0,0.0,0.0,,0.0
1961-06-01,1961,6,Platinum,Precious Metals,($/troy oz),84.0,0.0,0.0,0.0,,0.0
1961-07-01,1961,7,Platinum,Precious Metals,($/troy oz),84.0,0.0,0.0,0.0,,0.0
1961-08-01,1961,8,Platinum,Precious Metals,($/troy oz),84.0,0.0,0.0,0.0,,0.0
1961-09-01,1961,9,Platinum,Precious Metals,($/troy oz),84.0,0.0,0.0,0.0,,0.0
1961-10-01,1961,10,Platinum,Precious Metals,($/troy oz),84.0,0.0,0.0,0.0,,0.0
1961-11-01,1961,11,Platinum,Precious Metals,($/troy oz),84.0,0.0,0.0,0.0,,0.0
1961-12-01,1961,12,Platinum,Precious Metals,($/troy oz),84.0,0.0,0.0,0.0,,0.0
1962-01-01,1962,1,Platinum,Precious Metals,($/troy oz),84.0,0.0,0.0,0.0,,0.0
1962-02-01,1962,2,Platinum,Precious Metals,($/troy oz),84.0,0.0,0.0,0.0,,0.0
1962-03-01,1962,3,Platinum,Precious Metals,($/troy oz),84.0,0.0,0.0,0.0,,0.0
1962-04-01,1962,4,Platinum,Precious Metals,($/troy oz),84.0,0.0,0.0,0.0,,0.0
1962-05-01,1962,5,Platinum,Precious Metals,($/troy oz),84.0,0.0,0.0,0.0,,0.0
1962-06-01,1962,6,Platinum,Precious Metals,($/troy oz),84.0,0.0,0.0,0.0,,0.0
1962-07-01,1962,7,Platinum,Precious Metals,($/troy oz),84.0,0.0,0.0,0.0,,0.0
1962-08-01,1962,8,Platinum,Precious Metals,($/troy oz),84.0,0.0,0.0,0.0,,0.0
1962-09-01,1962,9,Platinum,Precious Metals,($/troy oz),84.0,0.0,0.0,0.0,,0.0
1962-10-01,1962,10,Platinum,Precious Metals,($/troy oz),84.0,0.0,0.0,0.0,,0.0
1962-11-01,1962,11,Platinum,Precious Metals,($/troy oz),84.0,0.0,0.0,0.0,,0.0
1962-12-01,1962,12,Platinum,Precious Metals,($/troy oz),84.0,0.0,0.0,0.0,,0.0
1963-01-01,1963,1,Platinum,Precious Metals,($/troy oz),84.0,0.0,0.0,0.0,,0.0
1963-02-01,1963,2,Platinum,Precious Metals,($/troy oz),84.0,0.0,0.0,0.0,,0.0
1963-03-01,1963,3,Platinum,Precious Metals,($/troy oz),84.0,0.0,0.0,0.0,,0.0
1963-04-01,1963,4,Platinum,Precious Metals,($/troy oz),79.0,-5.95,-5.95,-5.95,,0.0
1963-05-01,1963,5,Platinum,Precious Metals,($/troy oz),79.0,0.0,-5.95,-5.95,,0.29
1963-06-01,1963,6,Platinum,Precious Metals,($/troy oz),79.0,0.0,-5.95,-5.95,,0.29
1963-07-01,1963,7,Platinum,Precious Metals,($/troy oz),79.0,0.0,0.0,-5.95,,0.29
1963-08-01,1963,8,Platinum,Precious Metals,($/troy oz),79.0,0.0,0.0,-5.95,,0.29
1963-09-01,1963,9,Platinum,Precious Metals,($/troy oz),81.0,2.53,2.53,-3.57,,1.76
1963-10-01,1963,10,Platinum,Precious Metals,($/troy oz),81.0,0.0,2.53,-3.57,,0.15
1963-11-01,1963,11,Platinum,Precious Metals,($/troy oz),83.0,2.47,5.06,-1.19,,1.43
1963-12-01,1963,12,Platinum,Precious Metals,($/troy oz),84.0,1.2,3.7,0.0,,0.62
1964-01-01,1964,1,Platinum,Precious Metals,($/troy oz),88.0,4.76,8.64,4.76,,2.24
1964-02-01,1964,2,Platinum,Precious Metals,($/troy oz),89.0,1.14,7.23,5.95,,0.28
1964-03-01,1964,3,Platinum,Precious Metals,($/troy oz),89.0,0.0,5.95,5.95,,-0.2
1964-04-01,1964,4,Platinum,Precious Metals,($/troy oz),89.0,0.0,1.14,12.66,,-0.2
1964-05-01,1964,5,Platinum,Precious Metals,($/troy oz),89.0,0.0,0.0,12.66,,-0.66
1964-06-01,1964,6,Platinum,Precious Metals,($/troy oz),89.0,0.0,0.0,12.66,,-0.66
1964-07-01,1964,7,Platinum,Precious Metals,($/troy oz),89.0,0.0,0.0,12.66,,-0.66
1964-08-01,1964,8,Platinum,Precious Metals,($/troy oz),89.0,0.0,0.0,12.66,,-0.66
1964-09-01,1964,9,Platinum,Precious Metals,($/troy oz),89.0,0.0,0.0,9.88,,-0.66
1964-10-01,1964,10,Platinum,Precious Metals,($/troy oz),89.0,0.0,0.0,9.88,,-0.54
1964-11-01,1964,11,Platinum,Precious Metals,($/troy oz),89.0,0.0,0.0,7.23,,-0.54
1964-12-01,1964,12,Platinum,Precious Metals,($/troy oz),89.0,0.0,0.0,5.95,,-0.43
1965-01-01,1965,1,Platinum,Precious Metals,($/troy oz),93.0,4.49,4.49,5.68,10.71,2.89
1965-02-01,1965,2,Platinum,Precious Metals,($/troy oz),99.0,6.45,11.24,11.24,17.86,4.57
1965-03-01,1965,3,Platinum,Precious Metals,($/troy oz),99.0,0.0,11.24,11.24,17.86,-0.42
1965-04-01,1965,4,Platinum,Precious Metals,($/troy oz),99.0,0.0,6.45,11.24,17.86,-0.42
1965-05-01,1965,5,Platinum,Precious Metals,($/troy oz),99.0,0.0,0.0,11.24,17.86,-0.42
1965-06-01,1965,6,Platinum,Precious Metals,($/troy oz),99.0,0.0,0.0,11.24,17.86,-0.42
1965-07-01,1965,7,Platinum,Precious Metals,($/troy oz),99.0,0.0,0.0,11.24,17.86,-0.42
1965-08-01,1965,8,Platinum,Precious Metals,($/troy oz),99.0,0.0,0.0,11.24,17.86,-0.42
1965-09-01,1965,9,Platinum,Precious Metals,($/troy oz),99.0,0.0,0.0,11.24,17.86,-0.42
1965-10-01,1965,10,Platinum,Precious Metals,($/troy oz),99.0,0.0,0.0,11.24,17.86,-0.42
1965-11-01,1965,11,Platinum,Precious Metals,($/troy oz),99.0,0.0,0.0,11.24,17.86,-0.42
1965-12-01,1965,12,Platinum,Precious Metals,($/troy oz),99.0,0.0,0.0,11.24,17.86,-0.42
1966-01-01,1966,1,Platinum,Precious Metals,($/troy oz),99.0,0.0,0.0,6.45,17.86,-0.42
1966-02-01,1966,2,Platinum,Precious Metals,($/troy oz),99.0,0.0,0.0,0.0,17.86,-0.29
1966-03-01,1966,3,Platinum,Precious Metals,($/troy oz),100.0,1.01,1.01,1.01,19.05,0.0
1966-04-01,1966,4,Platinum,Precious Metals,($/troy oz),100.0,0.0,1.01,1.01,19.05,-0.29
1966-05-01,1966,5,Platinum,Precious Metals,($/troy oz),100.0,0.0,1.01,1.01,19.05,-0.29
1966-06-01,1966,6,Platinum,Precious Metals,($/troy oz),100.0,0.0,0.0,1.01,19.05,-0.29
1966-07-01,1966,7,Platinum,Precious Metals,($/troy oz),100.0,0.0,0.0,1.01,19.05,-0.29
1966-08-01,1966,8,Platinum,Precious Metals,($/troy oz),100.0,0.0,0.0,1.01,19.05,-0.29
1966-09-01,1966,9,Platinum,Precious Metals,($/troy oz),100.0,0.0,0.0,1.01,19.05,-0.29
1966-10-01,1966,10,Platinum,Precious Metals,($/troy oz),100.0,0.0,0.0,1.01,19.05,-0.29
1966-11-01,1966,11,Platinum,Precious Metals,($/troy oz),100.0,0.0,0.0,1.01,19.05,-0.29
1966-12-01,1966,12,Platinum,Precious Metals,($/troy oz),100.0,0.0,0.0,1.01,19.05,-0.29
1967-01-01,1967,1,Platinum,Precious Metals,($/troy oz),103.0,3.0,3.0,4.04,22.62,10.0
1967-02-01,1967,2,Platinum,Precious Metals,($/troy oz),111.0,7.77,11.0,12.12,32.14,8.37
1967-03-01,1967,3,Platinum,Precious Metals,($/troy oz),111.0,0.0,11.0,11.0,32.14,-0.42
1967-04-01,1967,4,Platinum,Precious Metals,($/troy oz),111.0,0.0,7.77,11.0,32.14,-0.39
1967-05-01,1967,5,Platinum,Precious Metals,($/troy oz),111.0,0.0,0.0,11.0,32.14,-0.39
1967-06-01,1967,6,Platinum,Precious Metals,($/troy oz),111.0,0.0,0.0,11.0,32.14,-0.39
1967-07-01,1967,7,Platinum,Precious Metals,($/troy oz),111.0,0.0,0.0,11.0,32.14,-0.39
1967-08-01,1967,8,Platinum,Precious Metals,($/troy oz),111.0,0.0,0.0,11.0,32.14,-0.39
1967-09-01,1967,9,Platinum,Precious Metals,($/troy oz),111.0,0.0,0.0,11.0,32.14,-0.39
1967-10-01,1967,10,Platinum,Precious Metals,($/troy oz),111.0,0.0,0.0,11.0,32.14,-0.39
1967-11-01,1967,11,Platinum,Precious Metals,($/troy oz),111.0,0.0,0.0,11.0,32.14,-0.39
1967-12-01,1967,12,Platinum,Precious Metals,($/troy oz),115.0,3.6,3.6,15.0,36.9,1.16
1968-01-01,1968,1,Platinum,Precious Metals,($/troy oz),114.0,-0.87,2.7,10.68,35.71,-0.85
1968-02-01,1968,2,Platinum,Precious Metals,($/troy oz),112.0,-1.75,0.9,0.9,33.33,-1.08
1968-03-01,1968,3,Platinum,Precious Metals,($/troy oz),112.0,0.0,-2.61,0.9,33.33,-0.07
1968-04-01,1968,4,Platinum,Precious Metals,($/troy oz),112.0,0.0,-1.75,0.9,41.77,-0.07
1968-05-01,1968,5,Platinum,Precious Metals,($/troy oz),112.0,0.0,0.0,0.9,41.77,-0.07
1968-06-01,1968,6,Platinum,Precious Metals,($/troy oz),112.0,0.0,0.0,0.9,41.77,-0.07
1968-07-01,1968,7,Platinum,Precious Metals,($/troy oz),123.0,9.82,9.82,10.81,55.7,7.9
1968-08-01,1968,8,Platinum,Precious Metals,($/troy oz),123.0,0.0,9.82,10.81,55.7,-0.29
1968-09-01,1968,9,Platinum,Precious Metals,($/troy oz),123.0,0.0,9.82,10.81,51.85,-0.29
1968-10-01,1968,10,Platinum,Precious Metals,($/troy oz),123.0,0.0,0.0,10.81,51.85,-0.29
1968-11-01,1968,11,Platinum,Precious Metals,($/troy oz),123.0,0.0,0.0,10.81,48.19,-0.29
1968-12-01,1968,12,Platinum,Precious Metals,($/troy oz),123.0,0.0,0.0,6.96,46.43,-0.29
1969-01-01,1969,1,Platinum,Precious Metals,($/troy oz),123.0,0.0,0.0,7.89,39.77,-0.2
1969-02-01,1969,2,Platinum,Precious Metals,($/troy oz),123.0,0.0,0.0,9.82,38.2,-0.23
1969-03-01,1969,3,Platinum,Precious Metals,($/troy oz),123.0,0.0,0.0,9.82,38.2,-0.29
1969-04-01,1969,4,Platinum,Precious Metals,($/troy oz),123.0,0.0,0.0,9.82,38.2,-0.29
1969-05-01,1969,5,Platinum,Precious Metals,($/troy oz),123.0,0.0,0.0,9.82,38.2,-0.29
1969-06-01,1969,6,Platinum,Precious Metals,($/troy oz),123.0,0.0,0.0,9.82,38.2,-0.29
1969-07-01,1969,7,Platinum,Precious Metals,($/troy oz),123.0,0.0,0.0,0.0,38.2,-0.29
1969-08-01,1969,8,Platinum,Precious Metals,($/troy oz),123.0,0.0,0.0,0.0,38.2,0.0
1969-09-01,1969,9,Platinum,Precious Metals,($/troy oz),123.0,0.0,0.0,0.0,38.2,0.0
1969-10-01,1969,10,Platinum,Precious Metals,($/troy oz),123.0,0.0,0.0,0.0,38.2,0.0
1969-11-01,1969,11,Platinum,Precious Metals,($/troy oz),133.0,8.13,8.13,8.13,49.44,0.0
1969-12-01,1969,12,Platinum,Precious Metals,($/troy oz),133.0,0.0,8.13,8.13,49.44,-0.29
1970-01-01,1970,1,Platinum,Precious Metals,($/troy oz),133.0,0.0,8.13,8.13,43.01,-0.29
1970-02-01,1970,2,Platinum,Precious Metals,($/troy oz),133.0,0.0,0.0,8.13,34.34,-0.29
1970-03-01,1970,3,Platinum,Precious Metals,($/troy oz),133.0,0.0,0.0,8.13,34.34,-0.29
1970-04-01,1970,4,Platinum,Precious Metals,($/troy oz),133.0,0.0,0.0,8.13,34.34,-0.29
1970-05-01,1970,5,Platinum,Precious Metals,($/troy oz),133.0,0.0,0.0,8.13,34.34,-0.29
1970-06-01,1970,6,Platinum,Precious Metals,($/troy oz),133.0,0.0,0.0,8.13,34.34,-0.29
1970-07-01,1970,7,Platinum,Precious Metals,($/troy oz),133.0,0.0,0.0,8.13,34.34,-0.29
1970-08-01,1970,8,Platinum,Precious Metals,($/troy oz),133.0,0.0,0.0,8.13,34.34,-0.29
1970-09-01,1970,9,Platinum,Precious Metals,($/troy oz),133.0,0.0,0.0,8.13,34.34,-0.29
1970-10-01,1970,10,Platinum,Precious Metals,($/troy oz),133.0,0.0,0.0,8.13,34.34,-0.29
1970-11-01,1970,11,Platinum,Precious Metals,($/troy oz),133.0,0.0,0.0,0.0,34.34,-0.29
1970-12-01,1970,12,Platinum,Precious Metals,($/troy oz),133.0,0.0,0.0,0.0,34.34,0.0
1971-01-01,1971,1,Platinum,Precious Metals,($/troy oz),129.0,-3.01,-3.01,-3.01,30.3,0.0
1971-02-01,1971,2,Platinum,Precious Metals,($/troy oz),123.0,-4.65,-7.52,-7.52,24.24,-5.07
1971-03-01,1971,3,Platinum,Precious Metals,($/troy oz),123.0,0.0,-7.52,-7.52,23.0,0.42
1971-04-01,1971,4,Platinum,Precious Metals,($/troy oz),123.0,0.0,-4.65,-7.52,23.0,0.42
1971-05-01,1971,5,Platinum,Precious Metals,($/troy oz),123.0,0.0,0.0,-7.52,23.0,0.42
1971-06-01,1971,6,Platinum,Precious Metals,($/troy oz),123.0,0.0,0.0,-7.52,23.0,0.42
1971-07-01,1971,7,Platinum,Precious Metals,($/troy oz),123.0,0.0,0.0,-7.52,23.0,0.42
1971-08-01,1971,8,Platinum,Precious Metals,($/troy oz),123.0,0.0,0.0,-7.52,23.0,0.42
1971-09-01,1971,9,Platinum,Precious Metals,($/troy oz),123.0,0.0,0.0,-7.52,23.0,0.42
1971-10-01,1971,10,Platinum,Precious Metals,($/troy oz),123.0,0.0,0.0,-7.52,23.0,0.42
1971-11-01,1971,11,Platinum,Precious Metals,($/troy oz),123.0,0.0,0.0,-7.52,23.0,0.42
1971-12-01,1971,12,Platinum,Precious Metals,($/troy oz),123.0,0.0,0.0,-7.52,23.0,0.42
1972-01-01,1972,1,Platinum,Precious Metals,($/troy oz),123.0,0.0,0.0,-4.65,19.42,0.42
1972-02-01,1972,2,Platinum,Precious Metals,($/troy oz),123.0,0.0,0.0,0.0,10.81,0.29
1972-03-01,1972,3,Platinum,Precious Metals,($/troy oz),123.0,0.0,0.0,0.0,10.81,0.0
1972-04-01,1972,4,Platinum,Precious Metals,($/troy oz),123.0,0.0,0.0,0.0,10.81,0.0
1972-05-01,1972,5,Platinum,Precious Metals,($/troy oz),123.0,0.0,0.0,0.0,10.81,0.0
1972-06-01,1972,6,Platinum,Precious Metals,($/troy oz),123.0,0.0,0.0,0.0,10.81,0.0
1972-07-01,1972,7,Platinum,Precious Metals,($/troy oz),128.0,4.07,4.07,4.07,15.32,0.0
1972-08-01,1972,8,Platinum,Precious Metals,($/troy oz),133.0,3.91,8.13,8.13,19.82,3.04
1972-09-01,1972,9,Platinum,Precious Metals,($/troy oz),133.0,0.0,8.13,8.13,19.82,-0.43
1972-10-01,1972,10,Platinum,Precious Metals,($/troy oz),133.0,0.0,3.91,8.13,19.82,-0.43
1972-11-01,1972,11,Platinum,Precious Metals,($/troy oz),133.0,0.0,0.0,8.13,19.82,-0.43
1972-12-01,1972,12,Platinum,Precious Metals,($/troy oz),133.0,0.0,0.0,8.13,15.65,-0.43
1973-01-01,1973,1,Platinum,Precious Metals,($/troy oz),133.0,0.0,0.0,8.13,16.67,-0.43
1973-02-01,1973,2,Platinum,Precious Metals,($/troy oz),142.0,6.77,6.77,15.45,26.79,3.93
1973-03-01,1973,3,Platinum,Precious Metals,($/troy oz),153.0,7.75,15.04,24.39,36.61,2.8
1973-04-01,1973,4,Platinum,Precious Metals,($/troy oz),153.0,0.0,15.04,24.39,36.61,-0.64
1973-05-01,1973,5,Platinum,Precious Metals,($/troy oz),153.0,0.0,7.75,24.39,36.61,-0.64
1973-06-01,1973,6,Platinum,Precious Metals,($/troy oz),153.0,0.0,0.0,24.39,36.61,-0.64
1973-07-01,1973,7,Platinum,Precious Metals,($/troy oz),153.0,0.0,0.0,19.53,24.39,-0.64
1973-08-01,1973,8,Platinum,Precious Metals,($/troy oz),153.0,0.0,0.0,15.04,24.39,-0.53
1973-09-01,1973,9,Platinum,Precious Metals,($/troy oz),155.0,1.31,1.31,16.54,26.02,0.03
1973-10-01,1973,10,Platinum,Precious Metals,($/troy oz),161.0,3.87,5.23,21.05,30.89,0.91
1973-11-01,1973,11,Platinum,Precious Metals,($/troy oz),161.0,0.0,5.23,21.05,30.89,-0.57
1973-12-01,1973,12,Platinum,Precious Metals,($/troy oz),161.0,0.0,3.87,21.05,30.89,-0.57
1974-01-01,1974,1,Platinum,Precious Metals,($/troy oz),163.0,1.24,1.24,22.56,32.52,-0.14
1974-02-01,1974,2,Platinum,Precious Metals,($/troy oz),173.0,6.13,7.45,21.83,40.65,1.56
1974-03-01,1974,3,Platinum,Precious Metals,($/troy oz),173.0,0.0,7.45,13.07,40.65,-0.62
1974-04-01,1974,4,Platinum,Precious Metals,($/troy oz),173.0,0.0,6.13,13.07,40.65,-0.53
1974-05-01,1974,5,Platinum,Precious Metals,($/troy oz),175.0,1.16,1.16,14.38,42.28,0.06
1974-06-01,1974,6,Platinum,Precious Metals,($/troy oz),195.0,11.43,12.72,27.45,58.54,5.29
1974-07-01,1974,7,Platinum,Precious Metals,($/troy oz),195.0,0.0,12.72,27.45,58.54,-0.6
1974-08-01,1974,8,Platinum,Precious Metals,($/troy oz),195.0,0.0,11.43,27.45,58.54,-0.6
1974-09-01,1974,9,Platinum,Precious Metals,($/troy oz),195.0,0.0,0.0,25.81,58.54,-0.6
1974-10-01,1974,10,Platinum,Precious Metals,($/troy oz),195.0,0.0,0.0,21.12,58.54,-0.56
1974-11-01,1974,11,Platinum,Precious Metals,($/troy oz),195.0,0.0,0.0,21.12,46.62,-0.47
1974-12-01,1974,12,Platinum,Precious Metals,($/troy oz),195.0,0.0,0.0,21.12,46.62,-0.47
1975-01-01,1975,1,Platinum,Precious Metals,($/troy oz),195.0,0.0,0.0,19.63,46.62,-0.47
1975-02-01,1975,2,Platinum,Precious Metals,($/troy oz),181.0,-7.18,-7.18,4.62,36.09,-2.45
1975-03-01,1975,3,Platinum,Precious Metals,($/troy oz),175.0,-3.31,-10.26,1.16,31.58,-0.93
1975-04-01,1975,4,Platinum,Precious Metals,($/troy oz),163.0,-6.86,-16.41,-5.78,22.56,-1.67
1975-05-01,1975,5,Platinum,Precious Metals,($/troy oz),160.0,-1.84,-11.6,-8.57,20.3,-0.31
1975-06-01,1975,6,Platinum,Precious Metals,($/troy oz),160.0,0.0,-8.57,-17.95,20.3,0.14
1975-07-01,1975,7,Platinum,Precious Metals,($/troy oz),163.0,1.88,0.0,-16.41,22.56,1.27
1975-08-01,1975,8,Platinum,Precious Metals,($/troy oz),175.0,7.36,9.38,-10.26,31.58,3.05
1975-09-01,1975,9,Platinum,Precious Metals,($/troy oz),175.0,0.0,9.38,-10.26,31.58,0.22
1975-10-01,1975,10,Platinum,Precious Metals,($/troy oz),172.0,-1.71,5.52,-11.79,29.32,-0.23
1975-11-01,1975,11,Platinum,Precious Metals,($/troy oz),160.0,-6.98,-8.57,-17.95,20.3,-1.56
1975-12-01,1975,12,Platinum,Precious Metals,($/troy oz),160.0,0.0,-8.57,-17.95,20.3,0.37
1976-01-01,1976,1,Platinum,Precious Metals,($/troy oz),160.0,0.0,-6.98,-17.95,24.03,0.37
1976-02-01,1976,2,Platinum,Precious Metals,($/troy oz),160.0,0.0,0.0,-11.6,30.08,0.37
1976-03-01,1976,3,Platinum,Precious Metals,($/troy oz),160.0,0.0,0.0,-8.57,30.08,0.25
1976-04-01,1976,4,Platinum,Precious Metals,($/troy oz),160.0,0.0,0.0,-1.84,30.08,0.18
1976-05-01,1976,5,Platinum,Precious Metals,($/troy oz),160.0,0.0,0.0,0.0,30.08,0.03
1976-06-01,1976,6,Platinum,Precious Metals,($/troy oz),164.0,2.5,2.5,2.5,33.33,0.78
1976-07-01,1976,7,Platinum,Precious Metals,($/troy oz),171.0,4.27,6.88,4.91,39.02,1.24
1976-08-01,1976,8,Platinum,Precious Metals,($/troy oz),156.0,-8.77,-2.5,-10.86,26.83,-2.71
1976-09-01,1976,9,Platinum,Precious Metals,($/troy oz),158.0,1.28,-3.66,-9.71,28.46,0.6
1976-10-01,1976,10,Platinum,Precious Metals,($/troy oz),158.0,0.0,-7.6,-8.14,28.46,0.21
1976-11-01,1976,11,Platinum,Precious Metals,($/troy oz),157.0,-0.63,0.64,-1.88,27.64,0.0
1976-12-01,1976,12,Platinum,Precious Metals,($/troy oz),152.0,-3.18,-3.8,-5.0,23.58,-1.0
1977-01-01,1977,1,Platinum,Precious Metals,($/troy oz),155.0,1.97,-1.9,-3.12,26.02,0.74
1977-02-01,1977,2,Platinum,Precious Metals,($/troy oz),161.0,3.87,2.55,0.63,30.89,1.25
1977-03-01,1977,3,Platinum,Precious Metals,($/troy oz),163.0,1.24,7.24,1.88,32.52,0.33
1977-04-01,1977,4,Platinum,Precious Metals,($/troy oz),161.0,-1.23,3.87,0.63,30.89,-0.41
1977-05-01,1977,5,Platinum,Precious Metals,($/troy oz),157.0,-2.48,-2.48,-1.88,27.64,-0.74
1977-06-01,1977,6,Platinum,Precious Metals,($/troy oz),150.0,-4.46,-7.98,-8.54,21.95,-1.22
1977-07-01,1977,7,Platinum,Precious Metals,($/troy oz),150.0,0.0,-6.83,-12.28,17.19,0.18
1977-08-01,1977,8,Platinum,Precious Metals,($/troy oz),149.0,-0.67,-5.1,-4.49,12.03,0.11
1977-09-01,1977,9,Platinum,Precious Metals,($/troy oz),150.0,0.67,0.0,-5.06,12.78,0.44
1977-10-01,1977,10,Platinum,Precious Metals,($/troy oz),158.0,5.33,5.33,0.0,18.8,2.51
1977-11-01,1977,11,Platinum,Precious Metals,($/troy oz),170.0,7.59,14.09,8.28,27.82,2.67
1977-12-01,1977,12,Platinum,Precious Metals,($/troy oz),177.0,4.12,18.0,16.45,33.08,0.96
1978-01-01,1978,1,Platinum,Precious Metals,($/troy oz),202.0,14.12,27.85,30.32,51.88,3.71
1978-02-01,1978,2,Platinum,Precious Metals,($/troy oz),224.0,10.89,31.76,39.13,57.75,1.69
1978-03-01,1978,3,Platinum,Precious Metals,($/troy oz),227.0,1.34,28.25,39.26,48.37,-0.28
1978-04-01,1978,4,Platinum,Precious Metals,($/troy oz),214.0,-5.73,5.94,32.92,39.87,-1.54
1978-05-01,1978,5,Platinum,Precious Metals,($/troy oz),233.0,8.88,4.02,48.41,52.29,1.04
1978-06-01,1978,6,Platinum,Precious Metals,($/troy oz),245.0,5.15,7.93,63.33,60.13,0.27
1978-07-01,1978,7,Platinum,Precious Metals,($/troy oz),246.0,0.41,14.95,64.0,60.78,-0.7
1978-08-01,1978,8,Platinum,Precious Metals,($/troy oz),267.0,8.54,14.59,79.19,74.51,0.76
1978-09-01,1978,9,Platinum,Precious Metals,($/troy oz),269.0,0.75,9.8,79.33,73.55,-0.81
1978-10-01,1978,10,Platinum,Precious Metals,($/troy oz),332.0,23.42,34.96,110.13,106.21,3.39
1978-11-01,1978,11,Platinum,Precious Metals,($/troy oz),329.0,-0.9,23.22,93.53,104.35,-1.0
1978-12-01,1978,12,Platinum,Precious Metals,($/troy oz),340.0,3.34,26.39,92.09,111.18,-0.33
1979-01-01,1979,1,Platinum,Precious Metals,($/troy oz),358.0,5.29,7.83,77.23,119.63,-0.07
1979-02-01,1979,2,Platinum,Precious Metals,($/troy oz),410.0,14.53,24.62,83.04,136.99,1.27
1979-03-01,1979,3,Platinum,Precious Metals,($/troy oz),398.0,-2.93,17.06,75.33,130.06,-1.08
1979-04-01,1979,4,Platinum,Precious Metals,($/troy oz),391.0,-1.76,9.22,82.71,126.01,-0.85
1979-05-01,1979,5,Platinum,Precious Metals,($/troy oz),430.0,9.97,4.88,84.55,145.71,0.6
1979-06-01,1979,6,Platinum,Precious Metals,($/troy oz),430.0,0.0,8.04,75.51,120.51,-0.71
1979-07-01,1979,7,Platinum,Precious Metals,($/troy oz),412.0,-4.19,5.37,67.48,111.28,-1.18
1979-08-01,1979,8,Platinum,Precious Metals,($/troy oz),394.0,-4.37,-8.37,47.57,102.05,-1.1
1979-09-01,1979,9,Platinum,Precious Metals,($/troy oz),463.0,17.51,7.67,72.12,137.44,1.64
1979-10-01,1979,10,Platinum,Precious Metals,($/troy oz),520.0,12.31,26.21,56.63,166.67,0.79
1979-11-01,1979,11,Platinum,Precious Metals,($/troy oz),506.0,-2.69,28.43,53.8,159.49,-0.87
1979-12-01,1979,12,Platinum,Precious Metals,($/troy oz),601.0,18.77,29.81,76.76,208.21,1.89
1980-01-01,1980,1,Platinum,Precious Metals,($/troy oz),807.0,34.28,55.19,125.42,313.85,3.25
1980-02-01,1980,2,Platinum,Precious Metals,($/troy oz),882.0,9.29,74.31,115.12,387.29,0.14
1980-03-01,1980,3,Platinum,Precious Metals,($/troy oz),747.0,-15.31,24.29,87.69,326.86,-1.86
1980-04-01,1980,4,Platinum,Precious Metals,($/troy oz),589.0,-21.15,-27.01,50.64,261.35,-2.03
1980-05-01,1980,5,Platinum,Precious Metals,($/troy oz),560.0,-4.92,-36.51,30.23,250.0,-0.61
1980-06-01,1980,6,Platinum,Precious Metals,($/troy oz),642.0,14.64,-14.06,49.3,301.25,0.73
1980-07-01,1980,7,Platinum,Precious Metals,($/troy oz),670.0,4.36,13.75,62.62,311.04,-0.01
1980-08-01,1980,8,Platinum,Precious Metals,($/troy oz),644.0,-3.88,15.0,63.45,268.0,-0.58
1980-09-01,1980,9,Platinum,Precious Metals,($/troy oz),696.0,8.07,8.41,50.32,297.71,0.18
1980-10-01,1980,10,Platinum,Precious Metals,($/troy oz),676.0,-2.87,0.9,30.0,293.02,-0.48
1980-11-01,1980,11,Platinum,Precious Metals,($/troy oz),633.0,-6.36,-1.71,25.1,295.62,-0.63
1980-12-01,1980,12,Platinum,Precious Metals,($/troy oz),604.0,-4.58,-13.22,0.5,277.5,-0.49
1981-01-01,1981,1,Platinum,Precious Metals,($/troy oz),536.0,-11.26,-20.71,-33.58,235.0,-0.84
1981-02-01,1981,2,Platinum,Precious Metals,($/troy oz),480.0,-10.45,-24.17,-45.58,200.0,-0.73
1981-03-01,1981,3,Platinum,Precious Metals,($/troy oz),491.0,2.29,-18.71,-34.27,206.88,0.68
1981-04-01,1981,4,Platinum,Precious Metals,($/troy oz),481.0,-2.04,-10.26,-18.34,200.62,0.1
1981-05-01,1981,5,Platinum,Precious Metals,($/troy oz),462.0,-3.95,-3.75,-17.5,188.75,-0.34
1981-06-01,1981,6,Platinum,Precious Metals,($/troy oz),443.0,-4.11,-9.78,-31.0,170.12,-0.37
1981-07-01,1981,7,Platinum,Precious Metals,($/troy oz),407.0,-8.13,-15.38,-39.25,138.01,-0.93
1981-08-01,1981,8,Platinum,Precious Metals,($/troy oz),418.0,2.7,-9.52,-35.09,167.95,1.26
1981-09-01,1981,9,Platinum,Precious Metals,($/troy oz),436.0,4.31,-1.58,-37.36,175.95,1.37
1981-10-01,1981,10,Platinum,Precious Metals,($/troy oz),420.0,-3.67,3.19,-37.87,165.82,0.01
1981-11-01,1981,11,Platinum,Precious Metals,($/troy oz),397.0,-5.48,-5.02,-37.28,152.87,-0.34
1981-12-01,1981,12,Platinum,Precious Metals,($/troy oz),399.0,0.5,-8.49,-33.94,162.5,0.85
1982-01-01,1982,1,Platinum,Precious Metals,($/troy oz),370.0,-7.27,-11.9,-30.97,138.71,-0.79
1982-02-01,1982,2,Platinum,Precious Metals,($/troy oz),360.0,-2.7,-9.32,-25.0,123.6,0.05
1982-03-01,1982,3,Platinum,Precious Metals,($/troy oz),318.0,-11.67,-20.3,-35.23,95.09,-2.35
1982-04-01,1982,4,Platinum,Precious Metals,($/troy oz),338.0,6.29,-8.65,-29.73,109.94,2.16
1982-05-01,1982,5,Platinum,Precious Metals,($/troy oz),310.0,-8.28,-13.89,-32.9,97.45,-1.04
1982-06-01,1982,6,Platinum,Precious Metals,($/troy oz),276.0,-10.97,-13.21,-37.7,84.0,-1.41
1982-07-01,1982,7,Platinum,Precious Metals,($/troy oz),288.0,4.35,-14.79,-29.24,92.0,1.34
1982-08-01,1982,8,Platinum,Precious Metals,($/troy oz),297.0,3.12,-4.19,-28.95,99.33,0.93
1982-09-01,1982,9,Platinum,Precious Metals,($/troy oz),334.0,12.46,21.01,-23.39,122.67,2.4
1982-10-01,1982,10,Platinum,Precious Metals,($/troy oz),335.0,0.3,16.32,-20.24,112.03,0.3
1982-11-01,1982,11,Platinum,Precious Metals,($/troy oz),346.0,3.28,16.5,-12.85,103.53,0.66
1982-12-01,1982,12,Platinum,Precious Metals,($/troy oz),369.0,6.65,10.48,-7.52,108.47,1.01
1983-01-01,1983,1,Platinum,Precious Metals,($/troy oz),453.0,22.76,35.22,22.43,124.26,2.98
1983-02-01,1983,2,Platinum,Precious Metals,($/troy oz),465.0,2.65,34.39,29.17,107.59,0.05
1983-03-01,1983,3,Platinum,Precious Metals,($/troy oz),401.0,-13.76,8.67,26.1,76.65,-1.67
1983-04-01,1983,4,Platinum,Precious Metals,($/troy oz),414.0,3.24,-8.61,22.49,93.46,0.08
1983-05-01,1983,5,Platinum,Precious Metals,($/troy oz),449.0,8.45,-3.44,44.84,92.7,0.63
1983-06-01,1983,6,Platinum,Precious Metals,($/troy oz),422.0,-6.01,5.24,52.9,72.24,-1.0
1983-07-01,1983,7,Platinum,Precious Metals,($/troy oz),433.0,2.61,4.59,50.35,76.02,-0.15
1983-08-01,1983,8,Platinum,Precious Metals,($/troy oz),436.0,0.69,-2.9,46.8,63.3,-0.35
1983-09-01,1983,9,Platinum,Precious Metals,($/troy oz),431.0,-1.15,2.13,29.04,60.22,-0.53
1983-10-01,1983,10,Platinum,Precious Metals,($/troy oz),396.0,-8.12,-8.55,18.21,19.28,-1.23
1983-11-01,1983,11,Platinum,Precious Metals,($/troy oz),388.0,-2.02,-11.01,12.14,17.93,-0.41
1983-12-01,1983,12,Platinum,Precious Metals,($/troy oz),393.0,1.29,-8.82,6.5,15.59,-0.0
1984-01-01,1984,1,Platinum,Precious Metals,($/troy oz),376.0,-4.33,-5.05,-17.0,5.03,-0.58
1984-02-01,1984,2,Platinum,Precious Metals,($/troy oz),391.0,3.99,0.77,-15.91,-4.63,0.9
1984-03-01,1984,3,Platinum,Precious Metals,($/troy oz),398.0,1.79,1.27,-0.75,0.0,0.5
1984-04-01,1984,4,Platinum,Precious Metals,($/troy oz),392.0,-1.51,4.26,-5.31,0.26,-0.33
1984-05-01,1984,5,Platinum,Precious Metals,($/troy oz),388.0,-1.02,-0.77,-13.59,-9.77,-0.15
1984-06-01,1984,6,Platinum,Precious Metals,($/troy oz),382.0,-1.55,-4.02,-9.48,-11.16,-0.11
1984-07-01,1984,7,Platinum,Precious Metals,($/troy oz),343.0,-10.21,-12.5,-20.79,-16.75,-2.9
1984-08-01,1984,8,Platinum,Precious Metals,($/troy oz),340.0,-0.87,-12.37,-22.02,-13.71,0.24
1984-09-01,1984,9,Platinum,Precious Metals,($/troy oz),327.0,-3.82,-14.4,-24.13,-29.37,-0.46
1984-10-01,1984,10,Platinum,Precious Metals,($/troy oz),324.0,-0.92,-5.54,-18.18,-37.69,0.32
1984-11-01,1984,11,Platinum,Precious Metals,($/troy oz),328.0,1.23,-3.53,-15.46,-35.18,0.8
1984-12-01,1984,12,Platinum,Precious Metals,($/troy oz),304.0,-7.32,-7.03,-22.65,-49.42,-1.64
1985-01-01,1985,1,Platinum,Precious Metals,($/troy oz),274.0,-9.87,-15.43,-27.13,-66.05,-2.0
1985-02-01,1985,2,Platinum,Precious Metals,($/troy oz),269.0,-1.82,-17.99,-31.2,-69.5,0.15
1985-03-01,1985,3,Platinum,Precious Metals,($/troy oz),261.0,-2.97,-14.14,-34.42,-65.06,0.0
1985-04-01,1985,4,Platinum,Precious Metals,($/troy oz),283.0,8.43,3.28,-27.81,-51.95,3.17
1985-05-01,1985,5,Platinum,Precious Metals,($/troy oz),272.0,-3.89,1.12,-29.9,-51.43,-0.26
1985-06-01,1985,6,Platinum,Precious Metals,($/troy oz),268.0,-1.47,2.68,-29.84,-58.26,0.26
1985-07-01,1985,7,Platinum,Precious Metals,($/troy oz),269.0,0.37,-4.95,-21.57,-59.85,0.63
1985-08-01,1985,8,Platinum,Precious Metals,($/troy oz),308.0,14.5,13.24,-9.41,-52.17,3.62
1985-09-01,1985,9,Platinum,Precious Metals,($/troy oz),311.0,0.97,16.04,-4.89,-55.32,0.24
1985-10-01,1985,10,Platinum,Precious Metals,($/troy oz),323.0,3.86,20.07,-0.31,-52.22,0.63
1985-11-01,1985,11,Platinum,Precious Metals,($/troy oz),334.0,3.41,8.44,1.83,-47.24,0.49
1985-12-01,1985,12,Platinum,Precious Metals,($/troy oz),337.0,0.9,8.36,10.86,-44.21,0.08
1986-01-01,1986,1,Platinum,Precious Metals,($/troy oz),364.0,8.01,12.69,32.85,-32.09,1.12
1986-02-01,1986,2,Platinum,Precious Metals,($/troy oz),376.0,3.3,12.57,39.78,-21.67,0.14
1986-03-01,1986,3,Platinum,Precious Metals,($/troy oz),414.0,10.11,22.85,58.62,-15.68,1.36
1986-04-01,1986,4,Platinum,Precious Metals,($/troy oz),418.0,0.97,14.84,47.7,-13.1,-0.58
1986-05-01,1986,5,Platinum,Precious Metals,($/troy oz),414.0,-0.96,10.11,52.21,-10.39,-0.85
1986-06-01,1986,6,Platinum,Precious Metals,($/troy oz),432.0,4.35,4.35,61.19,-2.48,0.14
1986-07-01,1986,7,Platinum,Precious Metals,($/troy oz),439.0,1.62,5.02,63.2,7.86,-0.55
1986-08-01,1986,8,Platinum,Precious Metals,($/troy oz),540.0,23.01,30.43,75.32,29.19,4.17
1986-09-01,1986,9,Platinum,Precious Metals,($/troy oz),604.0,11.85,39.81,94.21,38.53,1.06
1986-10-01,1986,10,Platinum,Precious Metals,($/troy oz),581.0,-3.81,32.35,79.88,38.33,-1.46
1986-11-01,1986,11,Platinum,Precious Metals,($/troy oz),517.0,-11.02,-4.26,54.79,30.23,-2.26
1986-12-01,1986,12,Platinum,Precious Metals,($/troy oz),481.0,-6.96,-20.36,42.73,20.55,-1.28
1987-01-01,1987,1,Platinum,Precious Metals,($/troy oz),516.0,7.28,-11.19,41.76,39.46,0.43
1987-02-01,1987,2,Platinum,Precious Metals,($/troy oz),518.0,0.39,0.19,37.77,43.89,-0.32
1987-03-01,1987,3,Platinum,Precious Metals,($/troy oz),533.0,2.9,10.81,28.74,67.61,-0.02
1987-04-01,1987,4,Platinum,Precious Metals,($/troy oz),586.0,9.94,13.57,40.19,73.37,0.84
1987-05-01,1987,5,Platinum,Precious Metals,($/troy oz),607.0,3.58,17.18,46.62,95.81,0.04
1987-06-01,1987,6,Platinum,Precious Metals,($/troy oz),569.0,-6.26,6.75,31.71,106.16,-1.09
1987-07-01,1987,7,Platinum,Precious Metals,($/troy oz),572.0,0.53,-2.39,30.3,98.61,-0.23
1987-08-01,1987,8,Platinum,Precious Metals,($/troy oz),610.0,6.64,0.49,12.96,105.39,0.43
1987-09-01,1987,9,Platinum,Precious Metals,($/troy oz),590.0,-3.28,3.69,-2.32,76.65,-0.63
1987-10-01,1987,10,Platinum,Precious Metals,($/troy oz),568.0,-3.73,-0.7,-2.24,69.55,-0.58
1987-11-01,1987,11,Platinum,Precious Metals,($/troy oz),500.0,-11.97,-18.03,-3.29,44.51,-1.87
1987-12-01,1987,12,Platinum,Precious Metals,($/troy oz),500.0,0.0,-15.25,3.95,35.5,0.01
1988-01-01,1988,1,Platinum,Precious Metals,($/troy oz),494.0,-1.2,-13.03,-4.26,9.05,-0.27
1988-02-01,1988,2,Platinum,Precious Metals,($/troy oz),459.0,-7.09,-8.2,-11.39,-1.29,-1.18
1988-03-01,1988,3,Platinum,Precious Metals,($/troy oz),496.0,8.06,-0.8,-6.94,23.69,1.45
1988-04-01,1988,4,Platinum,Precious Metals,($/troy oz),527.0,6.25,6.68,-10.07,27.29,1.01
1988-05-01,1988,5,Platinum,Precious Metals,($/troy oz),549.0,4.17,19.61,-9.56,22.27,0.8
1988-06-01,1988,6,Platinum,Precious Metals,($/troy oz),580.0,5.65,16.94,1.93,37.44,1.02
1988-07-01,1988,7,Platinum,Precious Metals,($/troy oz),549.0,-5.34,4.17,-4.02,26.79,-0.92
1988-08-01,1988,8,Platinum,Precious Metals,($/troy oz),533.0,-2.91,-2.91,-12.62,22.25,-0.43
1988-09-01,1988,9,Platinum,Precious Metals,($/troy oz),513.0,-3.75,-11.55,-13.05,19.03,-0.47
1988-10-01,1988,10,Platinum,Precious Metals,($/troy oz),526.0,2.53,-4.19,-7.39,32.83,0.58
1988-11-01,1988,11,Platinum,Precious Metals,($/troy oz),576.0,9.51,8.07,15.2,48.45,1.65
1988-12-01,1988,12,Platinum,Precious Metals,($/troy oz),564.0,-2.08,9.94,12.8,43.51,-0.62
1989-01-01,1989,1,Platinum,Precious Metals,($/troy oz),527.0,-6.56,0.19,6.68,40.16,-1.38
1989-02-01,1989,2,Platinum,Precious Metals,($/troy oz),532.0,0.95,-7.64,15.9,36.06,0.04
1989-03-01,1989,3,Platinum,Precious Metals,($/troy oz),538.0,1.13,-4.61,8.47,35.18,-0.04
1989-04-01,1989,4,Platinum,Precious Metals,($/troy oz),538.0,0.0,2.09,2.09,37.24,-0.16
1989-05-01,1989,5,Platinum,Precious Metals,($/troy oz),517.0,-3.9,-2.82,-5.83,33.25,-0.88
1989-06-01,1989,6,Platinum,Precious Metals,($/troy oz),497.0,-3.87,-7.62,-14.31,30.1,-0.74
1989-07-01,1989,7,Platinum,Precious Metals,($/troy oz),502.0,1.01,-6.69,-8.56,46.36,0.5
1989-08-01,1989,8,Platinum,Precious Metals,($/troy oz),485.0,-3.39,-6.19,-9.01,42.65,-0.65
1989-09-01,1989,9,Platinum,Precious Metals,($/troy oz),478.0,-1.44,-3.82,-6.82,46.18,-0.17
1989-10-01,1989,10,Platinum,Precious Metals,($/troy oz),486.0,1.67,-3.19,-7.6,50.0,0.53
1989-11-01,1989,11,Platinum,Precious Metals,($/troy oz),510.0,4.94,5.15,-11.46,55.49,1.35
1989-12-01,1989,12,Platinum,Precious Metals,($/troy oz),507.0,-0.59,6.07,-10.11,66.78,0.12
1990-01-01,1990,1,Platinum,Precious Metals,($/troy oz),498.0,-1.78,2.47,-5.5,81.75,-0.3
1990-02-01,1990,2,Platinum,Precious Metals,($/troy oz),516.0,3.61,1.18,-3.01,91.82,1.55
1990-03-01,1990,3,Platinum,Precious Metals,($/troy oz),497.0,-3.68,-1.97,-7.62,90.42,-1.22
1990-04-01,1990,4,Platinum,Precious Metals,($/troy oz),478.0,-3.82,-4.02,-11.15,68.9,-1.08
1990-05-01,1990,5,Platinum,Precious Metals,($/troy oz),489.0,2.3,-5.23,-5.42,79.78,1.04
1990-06-01,1990,6,Platinum,Precious Metals,($/troy oz),481.0,-1.64,-3.22,-3.22,79.48,-0.39
1990-07-01,1990,7,Platinum,Precious Metals,($/troy oz),479.0,-0.42,0.21,-4.58,78.07,-0.06
1990-08-01,1990,8,Platinum,Precious Metals,($/troy oz),493.0,2.92,0.82,1.65,60.06,1.13
1990-09-01,1990,9,Platinum,Precious Metals,($/troy oz),462.0,-6.29,-3.95,-3.35,48.55,-2.25
1990-10-01,1990,10,Platinum,Precious Metals,($/troy oz),425.0,-8.01,-11.27,-12.55,31.58,-2.28
1990-11-01,1990,11,Platinum,Precious Metals,($/troy oz),422.0,-0.71,-14.4,-17.25,26.35,0.08
1990-12-01,1990,12,Platinum,Precious Metals,($/troy oz),420.0,-0.47,-9.09,-17.16,24.63,0.29
1991-01-01,1991,1,Platinum,Precious Metals,($/troy oz),408.0,-2.86,-4.0,-18.07,12.09,-0.38
1991-02-01,1991,2,Platinum,Precious Metals,($/troy oz),387.0,-5.15,-8.29,-25.0,2.93,-1.0
1991-03-01,1991,3,Platinum,Precious Metals,($/troy oz),400.0,3.36,-4.76,-19.52,-3.38,1.72
1991-04-01,1991,4,Platinum,Precious Metals,($/troy oz),397.0,-0.75,-2.7,-16.95,-5.02,0.27
1991-05-01,1991,5,Platinum,Precious Metals,($/troy oz),390.0,-1.76,0.78,-20.25,-5.8,-0.08
1991-06-01,1991,6,Platinum,Precious Metals,($/troy oz),376.0,-3.59,-6.0,-21.83,-12.96,-0.52
1991-07-01,1991,7,Platinum,Precious Metals,($/troy oz),376.0,0.0,-5.29,-21.5,-14.35,0.58
1991-08-01,1991,8,Platinum,Precious Metals,($/troy oz),346.0,-7.98,-11.28,-29.82,-35.93,-1.75
1991-09-01,1991,9,Platinum,Precious Metals,($/troy oz),349.0,0.87,-7.18,-24.46,-42.22,1.07
1991-10-01,1991,10,Platinum,Precious Metals,($/troy oz),362.0,3.72,-3.72,-14.82,-37.69,1.73
1991-11-01,1991,11,Platinum,Precious Metals,($/troy oz),365.0,0.83,5.49,-13.51,-29.4,0.63
1991-12-01,1991,12,Platinum,Precious Metals,($/troy oz),353.0,-3.29,1.15,-15.95,-26.61,-0.63
1992-01-01,1992,1,Platinum,Precious Metals,($/troy oz),341.0,-3.4,-5.8,-16.42,-33.91,-0.59
1992-02-01,1992,2,Platinum,Precious Metals,($/troy oz),362.0,6.16,-0.82,-6.46,-30.12,2.2
1992-03-01,1992,3,Platinum,Precious Metals,($/troy oz),357.0,-1.38,1.13,-10.75,-33.02,-0.23
1992-04-01,1992,4,Platinum,Precious Metals,($/troy oz),347.0,-2.8,1.76,-12.59,-40.78,-0.52
1992-05-01,1992,5,Platinum,Precious Metals,($/troy oz),359.0,3.46,-0.83,-7.95,-40.86,1.21
1992-06-01,1992,6,Platinum,Precious Metals,($/troy oz),369.0,2.79,3.36,-1.86,-35.15,0.87
1992-07-01,1992,7,Platinum,Precious Metals,($/troy oz),383.0,3.79,10.37,1.86,-33.04,0.99
1992-08-01,1992,8,Platinum,Precious Metals,($/troy oz),360.0,-6.01,0.28,4.05,-40.98,-1.53
1992-09-01,1992,9,Platinum,Precious Metals,($/troy oz),362.0,0.56,-1.9,3.72,-38.64,0.04
1992-10-01,1992,10,Platinum,Precious Metals,($/troy oz),358.0,-1.1,-6.53,-1.1,-36.97,-0.39
1992-11-01,1992,11,Platinum,Precious Metals,($/troy oz),356.0,-0.56,-1.11,-2.47,-28.8,-0.15
1992-12-01,1992,12,Platinum,Precious Metals,($/troy oz),362.0,1.69,0.0,2.55,-27.6,0.51
1993-01-01,1993,1,Platinum,Precious Metals,($/troy oz),359.0,-0.83,0.28,5.28,-27.33,-0.31
1993-02-01,1993,2,Platinum,Precious Metals,($/troy oz),359.0,0.0,0.84,-0.83,-21.79,-0.14
1993-03-01,1993,3,Platinum,Precious Metals,($/troy oz),350.0,-2.51,-3.31,-1.96,-29.44,-0.89
1993-04-01,1993,4,Platinum,Precious Metals,($/troy oz),368.0,5.14,2.51,6.05,-30.17,1.85
1993-05-01,1993,5,Platinum,Precious Metals,($/troy oz),385.0,4.62,7.24,7.24,-29.87,1.32
1993-06-01,1993,6,Platinum,Precious Metals,($/troy oz),383.0,-0.52,9.43,3.79,-33.97,-0.36
1993-07-01,1993,7,Platinum,Precious Metals,($/troy oz),404.0,5.48,9.78,5.48,-26.41,1.63
1993-08-01,1993,8,Platinum,Precious Metals,($/troy oz),392.0,-2.97,1.82,8.89,-26.45,-1.04
1993-09-01,1993,9,Platinum,Precious Metals,($/troy oz),362.0,-7.65,-5.48,0.0,-29.43,-2.91
1993-10-01,1993,10,Platinum,Precious Metals,($/troy oz),368.0,1.66,-8.91,2.79,-30.04,0.42
1993-11-01,1993,11,Platinum,Precious Metals,($/troy oz),374.0,1.63,-4.59,5.06,-35.07,0.35
1993-12-01,1993,12,Platinum,Precious Metals,($/troy oz),383.0,2.41,5.8,5.8,-32.09,0.51
1994-01-01,1994,1,Platinum,Precious Metals,($/troy oz),388.0,1.31,5.43,8.08,-26.38,0.2
1994-02-01,1994,2,Platinum,Precious Metals,($/troy oz),394.0,1.55,5.35,9.75,-25.94,0.22
1994-03-01,1994,3,Platinum,Precious Metals,($/troy oz),400.0,1.52,4.44,14.29,-25.65,0.18
1994-04-01,1994,4,Platinum,Precious Metals,($/troy oz),398.0,-0.5,2.58,8.15,-26.02,-0.46
1994-05-01,1994,5,Platinum,Precious Metals,($/troy oz),398.0,0.0,1.02,3.38,-23.02,-0.21
1994-06-01,1994,6,Platinum,Precious Metals,($/troy oz),401.0,0.75,0.25,4.7,-19.32,0.13
1994-07-01,1994,7,Platinum,Precious Metals,($/troy oz),412.0,2.74,3.52,1.98,-17.93,0.72
1994-08-01,1994,8,Platinum,Precious Metals,($/troy oz),412.0,0.0,3.52,5.1,-15.05,-0.07
1994-09-01,1994,9,Platinum,Precious Metals,($/troy oz),417.0,1.21,3.99,15.19,-12.76,0.28
1994-10-01,1994,10,Platinum,Precious Metals,($/troy oz),419.0,0.48,1.7,13.86,-13.79,-0.73
1994-11-01,1994,11,Platinum,Precious Metals,($/troy oz),412.0,-1.67,0.0,10.16,-19.22,-2.81
1994-12-01,1994,12,Platinum,Precious Metals,($/troy oz),411.0,-0.24,-1.44,7.31,-18.93,-0.85
1995-01-01,1995,1,Platinum,Precious Metals,($/troy oz),414.0,0.73,-1.19,6.7,-16.87,0.11
1995-02-01,1995,2,Platinum,Precious Metals,($/troy oz),414.0,0.0,0.49,5.08,-19.77,-0.48
1995-03-01,1995,3,Platinum,Precious Metals,($/troy oz),417.0,0.72,1.46,4.25,-16.1,0.27
1995-04-01,1995,4,Platinum,Precious Metals,($/troy oz),448.0,7.43,8.21,12.56,-6.28,6.65
1995-05-01,1995,5,Platinum,Precious Metals,($/troy oz),437.0,-2.46,5.56,9.8,-10.63,-1.53
1995-06-01,1995,6,Platinum,Precious Metals,($/troy oz),439.0,0.46,5.28,9.48,-8.73,-0.14
1995-07-01,1995,7,Platinum,Precious Metals,($/troy oz),434.0,-1.14,-3.12,5.34,-9.39,-0.78
1995-08-01,1995,8,Platinum,Precious Metals,($/troy oz),425.0,-2.07,-2.75,3.16,-13.79,-1.04
1995-09-01,1995,9,Platinum,Precious Metals,($/troy oz),430.0,1.18,-2.05,3.12,-6.93,0.35
1995-10-01,1995,10,Platinum,Precious Metals,($/troy oz),413.0,-3.95,-4.84,-1.43,-2.82,-1.66
1995-11-01,1995,11,Platinum,Precious Metals,($/troy oz),413.0,0.0,-2.82,0.24,-2.13,0.03
1995-12-01,1995,12,Platinum,Precious Metals,($/troy oz),409.0,-0.97,-4.88,-0.49,-2.62,-0.37
1996-01-01,1996,1,Platinum,Precious Metals,($/troy oz),415.0,1.47,0.48,0.24,1.72,0.53
1996-02-01,1996,2,Platinum,Precious Metals,($/troy oz),420.0,1.2,1.69,1.45,8.53,0.41
1996-03-01,1996,3,Platinum,Precious Metals,($/troy oz),411.0,-2.14,0.49,-1.44,2.75,-0.81
1996-04-01,1996,4,Platinum,Precious Metals,($/troy oz),404.0,-1.7,-2.65,-9.82,1.76,-0.56
1996-05-01,1996,5,Platinum,Precious Metals,($/troy oz),401.0,-0.74,-4.52,-8.24,2.82,0.06
1996-06-01,1996,6,Platinum,Precious Metals,($/troy oz),392.0,-2.24,-4.62,-10.71,4.26,-0.94
1996-07-01,1996,7,Platinum,Precious Metals,($/troy oz),394.0,0.51,-2.48,-9.22,4.79,0.87
1996-08-01,1996,8,Platinum,Precious Metals,($/troy oz),400.0,1.52,-0.25,-5.88,15.61,1.36
1996-09-01,1996,9,Platinum,Precious Metals,($/troy oz),390.0,-2.5,-0.51,-9.3,11.75,-1.14
1996-10-01,1996,10,Platinum,Precious Metals,($/troy oz),384.0,-1.54,-2.54,-7.02,6.08,-0.42
1996-11-01,1996,11,Platinum,Precious Metals,($/troy oz),382.0,-0.52,-4.5,-7.51,4.66,0.05
1996-12-01,1996,12,Platinum,Precious Metals,($/troy oz),371.0,-2.88,-4.87,-9.29,5.1,-1.51
1997-01-01,1997,1,Platinum,Precious Metals,($/troy oz),360.0,-2.96,-6.25,-13.25,5.57,-1.34
1997-02-01,1997,2,Platinum,Precious Metals,($/troy oz),365.0,1.39,-4.45,-13.1,0.83,1.64
1997-03-01,1997,3,Platinum,Precious Metals,($/troy oz),379.0,3.84,2.16,-7.79,6.16,3.15
1997-04-01,1997,4,Platinum,Precious Metals,($/troy oz),371.0,-2.11,3.06,-8.17,6.92,-0.69
1997-05-01,1997,5,Platinum,Precious Metals,($/troy oz),388.0,4.58,6.3,-3.24,8.08,2.48
1997-06-01,1997,6,Platinum,Precious Metals,($/troy oz),431.0,11.08,13.72,9.95,16.8,4.34
1997-07-01,1997,7,Platinum,Precious Metals,($/troy oz),416.0,-3.48,12.13,5.58,8.62,-1.06
1997-08-01,1997,8,Platinum,Precious Metals,($/troy oz),425.0,2.16,9.54,6.25,18.06,0.38
1997-09-01,1997,9,Platinum,Precious Metals,($/troy oz),425.0,0.0,-1.39,8.97,17.4,-0.14
1997-10-01,1997,10,Platinum,Precious Metals,($/troy oz),423.0,-0.47,1.68,10.16,18.16,-0.3
1997-11-01,1997,11,Platinum,Precious Metals,($/troy oz),392.0,-7.33,-7.76,2.62,10.11,-1.98
1997-12-01,1997,12,Platinum,Precious Metals,($/troy oz),365.0,-6.89,-14.12,-1.62,0.83,-1.51
1998-01-01,1998,1,Platinum,Precious Metals,($/troy oz),374.0,2.47,-11.58,3.89,4.18,0.48
1998-02-01,1998,2,Platinum,Precious Metals,($/troy oz),386.0,3.21,-1.53,5.75,7.52,0.54
1998-03-01,1998,3,Platinum,Precious Metals,($/troy oz),399.0,3.37,9.32,5.28,14.0,0.54
1998-04-01,1998,4,Platinum,Precious Metals,($/troy oz),414.0,3.76,10.7,11.59,12.5,0.62
1998-05-01,1998,5,Platinum,Precious Metals,($/troy oz),389.0,-6.04,0.78,0.26,1.04,-1.38
1998-06-01,1998,6,Platinum,Precious Metals,($/troy oz),355.0,-8.74,-11.03,-17.63,-7.31,-1.65
1998-07-01,1998,7,Platinum,Precious Metals,($/troy oz),378.0,6.48,-8.7,-9.13,-6.44,1.69
1998-08-01,1998,8,Platinum,Precious Metals,($/troy oz),369.0,-2.38,-5.14,-13.18,-5.87,-0.33
1998-09-01,1998,9,Platinum,Precious Metals,($/troy oz),361.0,-2.17,1.69,-15.06,-0.28,-0.22
1998-10-01,1998,10,Platinum,Precious Metals,($/troy oz),343.0,-4.99,-9.26,-18.91,-6.79,-0.73
1998-11-01,1998,11,Platinum,Precious Metals,($/troy oz),347.0,1.17,-5.96,-11.48,-7.22,0.53
1998-12-01,1998,12,Platinum,Precious Metals,($/troy oz),352.0,1.44,-2.49,-3.56,-8.09,0.47
1999-01-01,1999,1,Platinum,Precious Metals,($/troy oz),355.0,0.85,3.5,-5.08,-8.51,0.23
1999-02-01,1999,2,Platinum,Precious Metals,($/troy oz),364.0,2.54,4.9,-5.7,-7.61,0.63
1999-03-01,1999,3,Platinum,Precious Metals,($/troy oz),370.0,1.65,5.11,-7.27,-7.5,0.45
1999-04-01,1999,4,Platinum,Precious Metals,($/troy oz),357.0,-3.51,0.56,-13.77,-10.3,-0.67
1999-05-01,1999,5,Platinum,Precious Metals,($/troy oz),356.0,-0.28,-2.2,-8.48,-10.55,0.2
1999-06-01,1999,6,Platinum,Precious Metals,($/troy oz),357.0,0.28,-3.51,0.56,-10.97,0.24
1999-07-01,1999,7,Platinum,Precious Metals,($/troy oz),349.0,-2.24,-2.24,-7.67,-15.29,-0.76
1999-08-01,1999,8,Platinum,Precious Metals,($/troy oz),350.0,0.29,-1.69,-5.15,-15.05,0.39
1999-09-01,1999,9,Platinum,Precious Metals,($/troy oz),371.0,6.0,3.92,2.77,-11.03,2.78
1999-10-01,1999,10,Platinum,Precious Metals,($/troy oz),421.0,13.48,20.63,22.74,0.48,4.6
1999-11-01,1999,11,Platinum,Precious Metals,($/troy oz),434.0,3.09,24.0,25.07,5.34,0.29
1999-12-01,1999,12,Platinum,Precious Metals,($/troy oz),439.0,1.15,18.33,24.72,6.81,-0.19
2000-01-01,2000,1,Platinum,Precious Metals,($/troy oz),441.0,0.46,4.75,24.23,6.52,-0.34
2000-02-01,2000,2,Platinum,Precious Metals,($/troy oz),520.0,17.91,19.82,42.86,25.6,3.65
2000-03-01,2000,3,Platinum,Precious Metals,($/troy oz),479.0,-7.88,9.11,29.46,14.87,-1.74
2000-04-01,2000,4,Platinum,Precious Metals,($/troy oz),498.0,3.97,12.93,39.5,11.16,0.22
2000-05-01,2000,5,Platinum,Precious Metals,($/troy oz),526.0,5.62,1.15,47.75,20.37,0.38
2000-06-01,2000,6,Platinum,Precious Metals,($/troy oz),560.0,6.46,16.91,56.86,27.56,0.43
2000-07-01,2000,7,Platinum,Precious Metals,($/troy oz),560.0,0.0,12.45,60.46,29.03,-0.59
2000-08-01,2000,8,Platinum,Precious Metals,($/troy oz),578.0,3.21,9.89,65.14,36.0,-0.15
2000-09-01,2000,9,Platinum,Precious Metals,($/troy oz),592.0,2.42,5.71,59.57,37.67,-0.31
2000-10-01,2000,10,Platinum,Precious Metals,($/troy oz),580.0,-2.03,3.57,37.77,40.44,-0.94
2000-11-01,2000,11,Platinum,Precious Metals,($/troy oz),593.0,2.24,2.6,36.64,43.58,-0.1
2000-12-01,2000,12,Platinum,Precious Metals,($/troy oz),610.0,2.87,3.04,38.95,49.14,0.01
2001-01-01,2001,1,Platinum,Precious Metals,($/troy oz),620.0,1.64,6.9,40.59,49.4,-0.21
2001-02-01,2001,2,Platinum,Precious Metals,($/troy oz),601.0,-3.06,1.35,15.58,43.1,-1.01
2001-03-01,2001,3,Platinum,Precious Metals,($/troy oz),584.0,-2.83,-4.26,21.92,42.09,-1.03
2001-04-01,2001,4,Platinum,Precious Metals,($/troy oz),595.0,1.88,-4.03,19.48,47.28,0.06
2001-05-01,2001,5,Platinum,Precious Metals,($/troy oz),611.0,2.69,1.66,16.16,52.37,0.38
2001-06-01,2001,6,Platinum,Precious Metals,($/troy oz),580.0,-5.07,-0.68,3.57,47.96,-2.27
2001-07-01,2001,7,Platinum,Precious Metals,($/troy oz),531.0,-8.45,-10.76,-5.18,34.77,-3.09
2001-08-01,2001,8,Platinum,Precious Metals,($/troy oz),452.0,-14.88,-26.02,-21.8,13.0,-3.8
2001-09-01,2001,9,Platinum,Precious Metals,($/troy oz),458.0,1.33,-21.03,-22.64,17.44,0.59
2001-10-01,2001,10,Platinum,Precious Metals,($/troy oz),431.0,-5.9,-18.83,-25.69,12.24,-0.73
2001-11-01,2001,11,Platinum,Precious Metals,($/troy oz),430.0,-0.23,-4.87,-27.49,12.57,0.37
2001-12-01,2001,12,Platinum,Precious Metals,($/troy oz),462.0,7.44,0.87,-24.26,24.53,1.85
2002-01-01,2002,1,Platinum,Precious Metals,($/troy oz),472.0,2.16,9.51,-23.87,31.11,0.72
2002-02-01,2002,2,Platinum,Precious Metals,($/troy oz),471.0,-0.21,9.53,-21.63,29.04,0.31
2002-03-01,2002,3,Platinum,Precious Metals,($/troy oz),512.0,8.7,10.82,-12.33,35.09,1.76
2002-04-01,2002,4,Platinum,Precious Metals,($/troy oz),539.0,5.27,14.19,-9.41,45.28,0.92
2002-05-01,2002,5,Platinum,Precious Metals,($/troy oz),534.0,-0.93,13.38,-12.6,37.63,-0.05
2002-06-01,2002,6,Platinum,Precious Metals,($/troy oz),555.0,3.93,8.4,-4.31,28.77,0.71
2002-07-01,2002,7,Platinum,Precious Metals,($/troy oz),526.0,-5.23,-2.41,-0.94,26.44,-0.75
2002-08-01,2002,8,Platinum,Precious Metals,($/troy oz),545.0,3.61,2.06,20.58,28.24,0.54
2002-09-01,2002,9,Platinum,Precious Metals,($/troy oz),556.0,2.02,0.18,21.4,30.82,0.08
2002-10-01,2002,10,Platinum,Precious Metals,($/troy oz),580.0,4.32,10.27,34.57,37.12,0.58
2002-11-01,2002,11,Platinum,Precious Metals,($/troy oz),588.0,1.38,7.89,36.74,50.0,-0.31
2002-12-01,2002,12,Platinum,Precious Metals,($/troy oz),595.0,1.19,7.01,28.79,63.01,-0.4
2003-01-01,2003,1,Platinum,Precious Metals,($/troy oz),628.0,5.55,8.28,33.05,67.91,0.96
2003-02-01,2003,2,Platinum,Precious Metals,($/troy oz),682.0,8.6,15.99,44.8,76.68,1.69
2003-03-01,2003,3,Platinum,Precious Metals,($/troy oz),674.0,-1.17,13.28,31.64,68.92,-1.12
2003-04-01,2003,4,Platinum,Precious Metals,($/troy oz),625.0,-7.27,-0.48,15.96,50.97,-2.62
2003-05-01,2003,5,Platinum,Precious Metals,($/troy oz),650.0,4.0,-4.69,21.72,67.1,0.6
2003-06-01,2003,6,Platinum,Precious Metals,($/troy oz),662.0,1.85,-1.78,19.28,86.48,0.02
2003-07-01,2003,7,Platinum,Precious Metals,($/troy oz),682.0,3.02,9.12,29.66,80.42,0.33
2003-08-01,2003,8,Platinum,Precious Metals,($/troy oz),692.0,1.47,6.46,26.97,87.53,-0.2
2003-09-01,2003,9,Platinum,Precious Metals,($/troy oz),705.0,1.88,6.5,26.8,95.29,-0.05
2003-10-01,2003,10,Platinum,Precious Metals,($/troy oz),732.0,3.83,7.33,26.21,113.41,0.46
2003-11-01,2003,11,Platinum,Precious Metals,($/troy oz),760.0,3.83,9.83,29.25,119.02,0.47
2003-12-01,2003,12,Platinum,Precious Metals,($/troy oz),808.0,6.32,14.61,35.8,129.55,1.06
2004-01-01,2004,1,Platinum,Precious Metals,($/troy oz),850.0,5.2,16.12,35.35,139.44,0.63
2004-02-01,2004,2,Platinum,Precious Metals,($/troy oz),846.0,-0.47,11.32,24.05,132.42,-0.78
2004-03-01,2004,3,Platinum,Precious Metals,($/troy oz),900.0,6.38,11.39,33.53,143.24,1.25
2004-04-01,2004,4,Platinum,Precious Metals,($/troy oz),881.0,-2.11,3.65,40.96,146.78,-1.25
2004-05-01,2004,5,Platinum,Precious Metals,($/troy oz),810.0,-8.06,-4.26,24.62,127.53,-4.28
2004-06-01,2004,6,Platinum,Precious Metals,($/troy oz),808.0,-0.25,-10.22,22.05,126.33,-0.54
2004-07-01,2004,7,Platinum,Precious Metals,($/troy oz),810.0,0.25,-8.06,18.77,132.09,-0.37
2004-08-01,2004,8,Platinum,Precious Metals,($/troy oz),849.0,4.81,4.81,22.69,142.57,0.8
2004-09-01,2004,9,Platinum,Precious Metals,($/troy oz),848.0,-0.12,4.95,20.28,128.57,-0.46
2004-10-01,2004,10,Platinum,Precious Metals,($/troy oz),841.0,-0.83,3.83,14.89,99.76,-0.58
2004-11-01,2004,11,Platinum,Precious Metals,($/troy oz),854.0,1.55,0.59,12.37,96.77,0.07
2004-12-01,2004,12,Platinum,Precious Metals,($/troy oz),848.0,-0.7,0.0,4.95,93.17,-0.42
2005-01-01,2005,1,Platinum,Precious Metals,($/troy oz),859.0,1.3,2.14,1.06,94.78,0.22
2005-02-01,2005,2,Platinum,Precious Metals,($/troy oz),864.0,0.58,1.17,2.13,66.15,0.12
2005-03-01,2005,3,Platinum,Precious Metals,($/troy oz),867.0,0.35,2.24,-3.67,81.0,0.03
2005-04-01,2005,4,Platinum,Precious Metals,($/troy oz),865.0,-0.23,0.7,-1.82,73.69,0.01
2005-05-01,2005,5,Platinum,Precious Metals,($/troy oz),866.0,0.12,0.23,6.91,64.64,0.08
2005-06-01,2005,6,Platinum,Precious Metals,($/troy oz),880.0,1.62,1.5,8.91,57.14,0.69
2005-07-01,2005,7,Platinum,Precious Metals,($/troy oz),874.0,-0.68,1.04,7.9,56.07,-0.93
2005-08-01,2005,8,Platinum,Precious Metals,($/troy oz),898.0,2.75,3.7,5.77,55.36,1.34
2005-09-01,2005,9,Platinum,Precious Metals,($/troy oz),915.0,1.89,3.98,7.9,54.56,1.27
2005-10-01,2005,10,Platinum,Precious Metals,($/troy oz),931.0,1.75,6.52,10.7,60.52,0.95
2005-11-01,2005,11,Platinum,Precious Metals,($/troy oz),963.0,3.44,7.24,12.76,62.39,2.33
2005-12-01,2005,12,Platinum,Precious Metals,($/troy oz),977.0,1.45,6.78,15.21,60.16,0.33
2006-01-01,2006,1,Platinum,Precious Metals,($/troy oz),1026.0,5.02,10.2,19.44,65.48,3.14
2006-02-01,2006,2,Platinum,Precious Metals,($/troy oz),1042.0,1.56,8.2,20.6,73.38,0.03
2006-03-01,2006,3,Platinum,Precious Metals,($/troy oz),1041.0,-0.1,6.55,20.07,78.25,-1.04
2006-04-01,2006,4,Platinum,Precious Metals,($/troy oz),1099.0,5.57,7.12,27.05,84.71,2.43
2006-05-01,2006,5,Platinum,Precious Metals,($/troy oz),1261.0,14.74,21.02,45.61,106.38,6.64
2006-06-01,2006,6,Platinum,Precious Metals,($/troy oz),1189.0,-5.71,14.22,35.11,105.0,-2.21
2006-07-01,2006,7,Platinum,Precious Metals,($/troy oz),1229.0,3.36,11.83,40.62,131.45,0.15
2006-08-01,2006,8,Platinum,Precious Metals,($/troy oz),1234.0,0.41,-2.14,37.42,173.01,-0.55
2006-09-01,2006,9,Platinum,Precious Metals,($/troy oz),1184.0,-4.05,-0.42,29.4,158.52,-1.44
2006-10-01,2006,10,Platinum,Precious Metals,($/troy oz),1082.0,-8.61,-11.96,16.22,151.04,-2.12
2006-11-01,2006,11,Platinum,Precious Metals,($/troy oz),1183.0,9.33,-4.13,22.85,175.12,1.31
2006-12-01,2006,12,Platinum,Precious Metals,($/troy oz),1121.0,-5.24,-5.32,14.74,142.64,-1.11
2007-01-01,2007,1,Platinum,Precious Metals,($/troy oz),1147.0,2.32,6.01,11.79,143.01,0.14
2007-02-01,2007,2,Platinum,Precious Metals,($/troy oz),1205.0,5.06,1.86,15.64,155.84,0.59
2007-03-01,2007,3,Platinum,Precious Metals,($/troy oz),1219.0,1.16,8.74,17.1,138.09,-0.04
2007-04-01,2007,4,Platinum,Precious Metals,($/troy oz),1276.0,4.68,11.25,16.11,136.73,0.47
2007-05-01,2007,5,Platinum,Precious Metals,($/troy oz),1301.0,1.96,7.97,3.17,143.63,0.08
2007-06-01,2007,6,Platinum,Precious Metals,($/troy oz),1286.0,-1.15,5.5,8.16,131.71,-0.29
2007-07-01,2007,7,Platinum,Precious Metals,($/troy oz),1303.0,1.32,2.12,6.02,147.72,0.11
2007-08-01,2007,8,Platinum,Precious Metals,($/troy oz),1264.0,-2.99,-2.84,2.43,131.93,-0.74
2007-09-01,2007,9,Platinum,Precious Metals,($/troy oz),1308.0,3.48,1.71,10.47,135.25,0.63
2007-10-01,2007,10,Platinum,Precious Metals,($/troy oz),1411.0,7.87,8.29,30.41,143.28,1.43
2007-11-01,2007,11,Platinum,Precious Metals,($/troy oz),1449.0,2.69,14.64,22.49,146.43,0.09
2007-12-01,2007,12,Platinum,Precious Metals,($/troy oz),1493.0,3.04,14.14,33.18,150.92,0.35
2008-01-01,2008,1,Platinum,Precious Metals,($/troy oz),1583.0,6.03,12.19,38.01,152.07,1.26
2008-02-01,2008,2,Platinum,Precious Metals,($/troy oz),2000.0,26.34,38.03,65.98,193.26,7.82
2008-03-01,2008,3,Platinum,Precious Metals,($/troy oz),2025.0,1.25,35.63,66.12,200.45,-0.44
2008-04-01,2008,4,Platinum,Precious Metals,($/troy oz),1988.0,-1.83,25.58,55.8,218.08,-0.85
2008-05-01,2008,5,Platinum,Precious Metals,($/troy oz),2052.0,3.22,2.6,57.72,215.69,-0.1
2008-06-01,2008,6,Platinum,Precious Metals,($/troy oz),2039.0,-0.63,0.69,58.55,208.01,-0.62
2008-07-01,2008,7,Platinum,Precious Metals,($/troy oz),1904.0,-6.62,-4.23,46.12,179.18,-1.41
2008-08-01,2008,8,Platinum,Precious Metals,($/troy oz),1486.0,-21.95,-27.58,17.56,114.74,-3.09
2008-09-01,2008,9,Platinum,Precious Metals,($/troy oz),1223.0,-17.7,-40.02,-6.5,73.48,-1.79
2008-10-01,2008,10,Platinum,Precious Metals,($/troy oz),913.0,-25.35,-52.05,-35.29,24.73,-2.07
2008-11-01,2008,11,Platinum,Precious Metals,($/troy oz),840.0,-8.0,-43.47,-42.03,10.53,-0.38
2008-12-01,2008,12,Platinum,Precious Metals,($/troy oz),840.0,0.0,-31.32,-43.74,3.96,0.25
2009-01-01,2009,1,Platinum,Precious Metals,($/troy oz),947.0,12.74,3.72,-40.18,11.41,1.19
2009-02-01,2009,2,Platinum,Precious Metals,($/troy oz),1033.0,9.08,22.98,-48.35,22.1,0.85
2009-03-01,2009,3,Platinum,Precious Metals,($/troy oz),1082.0,4.74,28.81,-46.57,20.22,0.79
2009-04-01,2009,4,Platinum,Precious Metals,($/troy oz),1165.0,7.67,23.02,-41.4,32.24,1.0
2009-05-01,2009,5,Platinum,Precious Metals,($/troy oz),1129.0,-3.09,9.29,-44.98,39.38,0.04
2009-06-01,2009,6,Platinum,Precious Metals,($/troy oz),1218.0,7.88,12.57,-40.26,50.74,0.97
2009-07-01,2009,7,Platinum,Precious Metals,($/troy oz),1162.0,-4.6,-0.26,-38.97,43.46,-0.09
2009-08-01,2009,8,Platinum,Precious Metals,($/troy oz),1245.0,7.14,10.27,-16.22,46.64,0.81
2009-09-01,2009,9,Platinum,Precious Metals,($/troy oz),1289.0,3.53,5.83,5.4,52.0,0.37
2009-10-01,2009,10,Platinum,Precious Metals,($/troy oz),1333.0,3.41,14.72,46.0,58.5,0.24
2009-11-01,2009,11,Platinum,Precious Metals,($/troy oz),1401.0,5.1,12.53,66.79,64.05,0.28
2009-12-01,2009,12,Platinum,Precious Metals,($/troy oz),1437.0,2.57,11.48,71.07,69.46,-0.38
2010-01-01,2010,1,Platinum,Precious Metals,($/troy oz),1558.0,8.42,16.88,64.52,81.37,0.76
2010-02-01,2010,2,Platinum,Precious Metals,($/troy oz),1520.0,-2.44,8.49,47.14,75.93,-1.54
2010-03-01,2010,3,Platinum,Precious Metals,($/troy oz),1599.0,5.2,11.27,47.78,84.43,0.41
2010-04-01,2010,4,Platinum,Precious Metals,($/troy oz),1711.0,7.0,9.82,46.87,97.8,0.8
2010-05-01,2010,5,Platinum,Precious Metals,($/troy oz),1625.0,-5.03,6.91,43.93,87.64,-1.87
2010-06-01,2010,6,Platinum,Precious Metals,($/troy oz),1553.0,-4.43,-2.88,27.5,76.48,-1.6
2010-07-01,2010,7,Platinum,Precious Metals,($/troy oz),1526.0,-1.74,-10.81,31.33,74.6,-0.79
2010-08-01,2010,8,Platinum,Precious Metals,($/troy oz),1541.0,0.98,-5.17,23.78,71.6,-0.3
2010-09-01,2010,9,Platinum,Precious Metals,($/troy oz),1592.0,3.31,2.51,23.51,73.99,0.32
2010-10-01,2010,10,Platinum,Precious Metals,($/troy oz),1689.0,6.09,10.68,26.71,81.42,0.96
2010-11-01,2010,11,Platinum,Precious Metals,($/troy oz),1693.0,0.24,9.86,20.84,75.8,-0.4
2010-12-01,2010,12,Platinum,Precious Metals,($/troy oz),1711.0,1.06,7.47,19.07,75.13,-0.14
2011-01-01,2011,1,Platinum,Precious Metals,($/troy oz),1785.0,4.32,5.68,14.57,73.98,0.62
2011-02-01,2011,2,Platinum,Precious Metals,($/troy oz),1826.0,2.3,7.86,20.13,75.24,0.27
2011-03-01,2011,3,Platinum,Precious Metals,($/troy oz),1770.0,-3.07,3.45,10.69,70.03,-1.2
2011-04-01,2011,4,Platinum,Precious Metals,($/troy oz),1798.0,1.58,0.73,5.08,63.6,0.17
2011-05-01,2011,5,Platinum,Precious Metals,($/troy oz),1787.0,-0.61,-2.14,9.97,41.71,-0.31
2011-06-01,2011,6,Platinum,Precious Metals,($/troy oz),1769.0,-1.01,-0.06,13.91,48.78,-0.61
2011-07-01,2011,7,Platinum,Precious Metals,($/troy oz),1760.0,-0.51,-2.11,15.33,43.21,-0.62
2011-08-01,2011,8,Platinum,Precious Metals,($/troy oz),1805.0,2.56,1.01,17.13,46.27,0.53
2011-09-01,2011,9,Platinum,Precious Metals,($/troy oz),1748.0,-3.16,-1.19,9.8,47.64,-1.77
2011-10-01,2011,10,Platinum,Precious Metals,($/troy oz),1535.0,-12.19,-12.78,-9.12,41.87,-4.7
2011-11-01,2011,11,Platinum,Precious Metals,($/troy oz),1597.0,4.04,-11.52,-5.67,35.0,1.12
2011-12-01,2011,12,Platinum,Precious Metals,($/troy oz),1455.0,-8.89,-16.76,-14.96,29.79,-1.91
2012-01-01,2012,1,Platinum,Precious Metals,($/troy oz),1499.0,3.02,-2.35,-16.02,30.69,0.84
2012-02-01,2012,2,Platinum,Precious Metals,($/troy oz),1658.0,10.61,3.82,-9.2,37.59,2.42
2012-03-01,2012,3,Platinum,Precious Metals,($/troy oz),1655.0,-0.18,13.75,-6.5,35.77,0.08
2012-04-01,2012,4,Platinum,Precious Metals,($/troy oz),1586.0,-4.17,5.8,-11.79,24.29,-0.64
2012-05-01,2012,5,Platinum,Precious Metals,($/troy oz),1471.0,-7.25,-11.28,-17.68,13.07,-1.07
2012-06-01,2012,6,Platinum,Precious Metals,($/troy oz),1444.0,-1.84,-12.75,-18.37,12.29,-0.07
2012-07-01,2012,7,Platinum,Precious Metals,($/troy oz),1426.0,-1.25,-10.09,-18.98,9.44,0.04
2012-08-01,2012,8,Platinum,Precious Metals,($/troy oz),1453.0,1.89,-1.22,-19.5,14.95,0.55
2012-09-01,2012,9,Platinum,Precious Metals,($/troy oz),1624.0,11.77,12.47,-7.09,24.16,2.16
2012-10-01,2012,10,Platinum,Precious Metals,($/troy oz),1636.0,0.74,14.73,6.58,15.95,0.15
2012-11-01,2012,11,Platinum,Precious Metals,($/troy oz),1576.0,-3.67,8.47,-1.31,8.76,-0.7
2012-12-01,2012,12,Platinum,Precious Metals,($/troy oz),1582.0,0.38,-2.59,8.73,5.96,0.05
2013-01-01,2013,1,Platinum,Precious Metals,($/troy oz),1639.0,3.6,0.18,9.34,3.54,0.49
2013-02-01,2013,2,Platinum,Precious Metals,($/troy oz),1675.0,2.2,6.28,1.03,-16.25,0.23
2013-03-01,2013,3,Platinum,Precious Metals,($/troy oz),1583.0,-5.49,0.06,-4.35,-21.83,-1.19
2013-04-01,2013,4,Platinum,Precious Metals,($/troy oz),1493.0,-5.69,-8.91,-5.86,-24.9,-1.08
2013-05-01,2013,5,Platinum,Precious Metals,($/troy oz),1475.0,-1.21,-11.94,0.27,-28.12,-0.16
2013-06-01,2013,6,Platinum,Precious Metals,($/troy oz),1430.0,-3.05,-9.67,-0.97,-29.87,-0.68
2013-07-01,2013,7,Platinum,Precious Metals,($/troy oz),1401.0,-2.03,-6.16,-1.75,-26.42,-0.43
2013-08-01,2013,8,Platinum,Precious Metals,($/troy oz),1496.0,6.78,1.42,2.96,0.67,1.43
2013-09-01,2013,9,Platinum,Precious Metals,($/troy oz),1457.0,-2.61,1.89,-10.28,19.13,-0.58
2013-10-01,2013,10,Platinum,Precious Metals,($/troy oz),1413.0,-3.02,0.86,-13.63,54.76,-0.58
2013-11-01,2013,11,Platinum,Precious Metals,($/troy oz),1420.0,0.5,-5.08,-9.9,69.05,0.44
2013-12-01,2013,12,Platinum,Precious Metals,($/troy oz),1356.0,-4.51,-6.93,-14.29,61.43,-1.0
2014-01-01,2014,1,Platinum,Precious Metals,($/troy oz),1421.0,4.79,0.57,-13.3,50.05,1.57
2014-02-01,2014,2,Platinum,Precious Metals,($/troy oz),1410.0,-0.77,-0.7,-15.82,36.5,0.08
2014-03-01,2014,3,Platinum,Precious Metals,($/troy oz),1452.0,2.98,7.08,-8.28,34.2,1.13
2014-04-01,2014,4,Platinum,Precious Metals,($/troy oz),1430.0,-1.52,0.63,-4.22,22.75,-0.23
2014-05-01,2014,5,Platinum,Precious Metals,($/troy oz),1456.0,1.82,3.26,-1.29,28.96,0.62
2014-06-01,2014,6,Platinum,Precious Metals,($/troy oz),1453.0,-0.21,0.07,1.61,19.29,-0.04
2014-07-01,2014,7,Platinum,Precious Metals,($/troy oz),1492.0,2.68,4.34,6.5,28.4,0.74
2014-08-01,2014,8,Platinum,Precious Metals,($/troy oz),1446.0,-3.08,-0.69,-3.34,16.14,-1.09
2014-09-01,2014,9,Platinum,Precious Metals,($/troy oz),1359.0,-6.02,-6.47,-6.73,5.43,-2.01
2014-10-01,2014,10,Platinum,Precious Metals,($/troy oz),1260.0,-7.28,-15.55,-10.83,-5.48,-2.07
2014-11-01,2014,11,Platinum,Precious Metals,($/troy oz),1208.0,-4.13,-16.46,-14.93,-13.78,-0.86
2014-12-01,2014,12,Platinum,Precious Metals,($/troy oz),1215.0,0.58,-10.6,-10.4,-15.45,0.48
2015-01-01,2015,1,Platinum,Precious Metals,($/troy oz),1242.0,2.22,-1.43,-12.6,-20.28,0.82
2015-02-01,2015,2,Platinum,Precious Metals,($/troy oz),1197.0,-3.62,-0.91,-15.11,-21.25,-0.75
2015-03-01,2015,3,Platinum,Precious Metals,($/troy oz),1139.0,-4.85,-6.26,-21.56,-28.77,-1.01
2015-04-01,2015,4,Platinum,Precious Metals,($/troy oz),1151.0,1.05,-7.33,-19.51,-32.73,0.89
2015-05-01,2015,5,Platinum,Precious Metals,($/troy oz),1140.0,-0.96,-4.76,-21.7,-29.85,0.22
2015-06-01,2015,6,Platinum,Precious Metals,($/troy oz),1089.0,-4.47,-4.39,-25.05,-29.88,-0.76
2015-07-01,2015,7,Platinum,Precious Metals,($/troy oz),1009.0,-7.35,-12.34,-32.37,-33.88,-1.51
2015-08-01,2015,8,Platinum,Precious Metals,($/troy oz),984.0,-2.48,-13.68,-31.95,-36.15,0.21
2015-09-01,2015,9,Platinum,Precious Metals,($/troy oz),964.0,-2.03,-11.48,-29.07,-39.45,0.33
2015-10-01,2015,10,Platinum,Precious Metals,($/troy oz),977.0,1.35,-3.17,-22.46,-42.16,1.33
2015-11-01,2015,11,Platinum,Precious Metals,($/troy oz),885.0,-9.42,-10.06,-26.74,-47.73,-2.49
2015-12-01,2015,12,Platinum,Precious Metals,($/troy oz),860.0,-2.82,-10.79,-29.22,-49.74,-0.09
2016-01-01,2016,1,Platinum,Precious Metals,($/troy oz),855.0,-0.58,-12.49,-31.16,-52.1,0.63
2016-02-01,2016,2,Platinum,Precious Metals,($/troy oz),919.0,7.49,3.84,-23.22,-49.67,3.28
2016-03-01,2016,3,Platinum,Precious Metals,($/troy oz),968.0,5.33,12.56,-15.01,-45.31,1.69
2016-04-01,2016,4,Platinum,Precious Metals,($/troy oz),994.0,2.69,16.26,-13.64,-44.72,0.82
2016-05-01,2016,5,Platinum,Precious Metals,($/troy oz),1036.0,4.23,12.73,-9.12,-42.03,1.09
2016-06-01,2016,6,Platinum,Precious Metals,($/troy oz),984.0,-5.02,1.65,-9.64,-44.38,-0.85
2016-07-01,2016,7,Platinum,Precious Metals,($/troy oz),1088.0,10.57,9.46,7.83,-38.18,2.19
2016-08-01,2016,8,Platinum,Precious Metals,($/troy oz),1122.0,3.12,8.3,14.02,-37.84,0.42
2016-09-01,2016,9,Platinum,Precious Metals,($/troy oz),1047.0,-6.68,6.4,8.61,-40.1,-1.42
2016-10-01,2016,10,Platinum,Precious Metals,($/troy oz),959.0,-8.4,-11.86,-1.84,-37.52,-1.55
2016-11-01,2016,11,Platinum,Precious Metals,($/troy oz),955.0,-0.42,-14.88,7.91,-40.2,-0.07
2016-12-01,2016,12,Platinum,Precious Metals,($/troy oz),918.0,-3.87,-12.32,6.74,-36.91,-0.8
2017-01-01,2017,1,Platinum,Precious Metals,($/troy oz),971.0,5.77,1.25,13.57,-35.22,0.86
2017-02-01,2017,2,Platinum,Precious Metals,($/troy oz),1008.0,3.81,5.55,9.68,-39.2,0.43
2017-03-01,2017,3,Platinum,Precious Metals,($/troy oz),963.0,-4.46,4.9,-0.52,-41.81,-0.93
2017-04-01,2017,4,Platinum,Precious Metals,($/troy oz),961.0,-0.21,-1.03,-3.32,-39.41,-0.05
2017-05-01,2017,5,Platinum,Precious Metals,($/troy oz),930.0,-3.23,-7.74,-10.23,-36.78,-0.54
2017-06-01,2017,6,Platinum,Precious Metals,($/troy oz),931.0,0.11,-3.32,-5.39,-35.53,0.15
2017-07-01,2017,7,Platinum,Precious Metals,($/troy oz),919.0,-1.29,-4.37,-15.53,-35.55,-0.18
2017-08-01,2017,8,Platinum,Precious Metals,($/troy oz),973.0,5.88,4.62,-13.28,-33.04,1.69
2017-09-01,2017,9,Platinum,Precious Metals,($/troy oz),964.0,-0.92,3.54,-7.93,-40.64,0.03
2017-10-01,2017,10,Platinum,Precious Metals,($/troy oz),921.0,-4.46,0.22,-3.96,-43.7,-0.91
2017-11-01,2017,11,Platinum,Precious Metals,($/troy oz),934.0,1.41,-4.01,-2.2,-40.74,0.46
2017-12-01,2017,12,Platinum,Precious Metals,($/troy oz),907.0,-2.89,-5.91,-1.2,-42.67,-0.74
2018-01-01,2018,1,Platinum,Precious Metals,($/troy oz),990.0,9.15,7.49,1.96,-39.6,2.53
2018-02-01,2018,2,Platinum,Precious Metals,($/troy oz),987.0,-0.3,5.67,-2.08,-41.07,-0.13
2018-03-01,2018,3,Platinum,Precious Metals,($/troy oz),955.0,-3.24,5.29,-0.83,-39.67,-0.77
2018-04-01,2018,4,Platinum,Precious Metals,($/troy oz),924.0,-3.25,-6.67,-3.85,-38.11,-0.82
2018-05-01,2018,5,Platinum,Precious Metals,($/troy oz),905.0,-2.06,-8.31,-2.69,-38.64,-0.44
2018-06-01,2018,6,Platinum,Precious Metals,($/troy oz),885.0,-2.21,-7.33,-4.94,-38.11,-0.51
2018-07-01,2018,7,Platinum,Precious Metals,($/troy oz),832.0,-5.99,-9.96,-9.47,-40.61,-1.39
2018-08-01,2018,8,Platinum,Precious Metals,($/troy oz),805.0,-3.25,-11.05,-17.27,-46.19,-0.57
2018-09-01,2018,9,Platinum,Precious Metals,($/troy oz),805.0,0.0,-9.04,-16.49,-44.75,0.39
2018-10-01,2018,10,Platinum,Precious Metals,($/troy oz),830.0,3.11,-0.24,-9.88,-41.26,1.16
2018-11-01,2018,11,Platinum,Precious Metals,($/troy oz),846.0,1.93,5.09,-9.42,-40.42,0.69
2018-12-01,2018,12,Platinum,Precious Metals,($/troy oz),791.0,-6.5,-1.74,-12.79,-41.67,-1.44
2019-01-01,2019,1,Platinum,Precious Metals,($/troy oz),807.0,2.02,-2.77,-18.48,-43.21,0.72
2019-02-01,2019,2,Platinum,Precious Metals,($/troy oz),818.0,1.36,-3.31,-17.12,-41.99,0.98
2019-03-01,2019,3,Platinum,Precious Metals,($/troy oz),843.0,3.06,6.57,-11.73,-41.94,1.44
2019-04-01,2019,4,Platinum,Precious Metals,($/troy oz),887.0,5.22,9.91,-4.0,-37.97,1.84
2019-05-01,2019,5,Platinum,Precious Metals,($/troy oz),834.0,-5.98,1.96,-7.85,-42.72,-1.53
2019-06-01,2019,6,Platinum,Precious Metals,($/troy oz),808.0,-3.12,-4.15,-8.7,-44.39,-0.62
2019-07-01,2019,7,Platinum,Precious Metals,($/troy oz),844.0,4.46,-4.85,1.44,-43.43,1.25
2019-08-01,2019,8,Platinum,Precious Metals,($/troy oz),859.0,1.78,3.0,6.71,-40.59,0.4
2019-09-01,2019,9,Platinum,Precious Metals,($/troy oz),945.0,10.01,16.96,17.39,-30.46,2.45
2019-10-01,2019,10,Platinum,Precious Metals,($/troy oz),897.0,-5.08,6.28,8.07,-28.81,-1.39
2019-11-01,2019,11,Platinum,Precious Metals,($/troy oz),902.0,0.56,5.01,6.62,-25.33,-0.04
2019-12-01,2019,12,Platinum,Precious Metals,($/troy oz),924.0,2.44,-2.22,16.81,-23.95,0.36
2020-01-01,2020,1,Platinum,Precious Metals,($/troy oz),987.0,6.82,10.03,22.3,-20.53,1.21
2020-02-01,2020,2,Platinum,Precious Metals,($/troy oz),961.0,-2.63,6.54,17.48,-19.72,-0.93
2020-03-01,2020,3,Platinum,Precious Metals,($/troy oz),759.0,-21.02,-17.86,-9.96,-33.36,-4.58
2020-04-01,2020,4,Platinum,Precious Metals,($/troy oz),754.0,-0.66,-23.61,-14.99,-34.49,-0.01
2020-05-01,2020,5,Platinum,Precious Metals,($/troy oz),790.0,4.77,-17.79,-5.28,-30.7,0.74
2020-06-01,2020,6,Platinum,Precious Metals,($/troy oz),821.0,3.92,8.17,1.61,-24.61,0.52
2020-07-01,2020,7,Platinum,Precious Metals,($/troy oz),865.0,5.36,14.72,2.49,-14.27,0.62
2020-08-01,2020,8,Platinum,Precious Metals,($/troy oz),940.0,8.67,18.99,9.43,-4.47,1.03
2020-09-01,2020,9,Platinum,Precious Metals,($/troy oz),908.0,-3.4,10.6,-3.92,-5.81,-0.54
2020-10-01,2020,10,Platinum,Precious Metals,($/troy oz),876.0,-3.52,1.27,-2.34,-10.34,-0.45
2020-11-01,2020,11,Platinum,Precious Metals,($/troy oz),912.0,4.11,-2.98,1.11,3.05,0.51
2020-12-01,2020,12,Platinum,Precious Metals,($/troy oz),1028.0,12.72,13.22,11.26,19.53,1.56
2021-01-01,2021,1,Platinum,Precious Metals,($/troy oz),1091.0,6.13,24.54,10.54,27.6,0.56
2021-02-01,2021,2,Platinum,Precious Metals,($/troy oz),1207.0,10.63,32.35,25.6,31.34,1.1
2021-03-01,2021,3,Platinum,Precious Metals,($/troy oz),1181.0,-2.15,14.88,55.6,22.0,-0.5
2021-04-01,2021,4,Platinum,Precious Metals,($/troy oz),1209.0,2.37,10.82,60.34,21.63,-0.28
2021-05-01,2021,5,Platinum,Precious Metals,($/troy oz),1214.0,0.41,0.58,53.67,17.18,-0.71
2021-06-01,2021,6,Platinum,Precious Metals,($/troy oz),1124.0,-7.41,-4.83,36.91,14.23,-2.1
2021-07-01,2021,7,Platinum,Precious Metals,($/troy oz),1086.0,-3.38,-10.17,25.55,-0.18,-1.0
2021-08-01,2021,8,Platinum,Precious Metals,($/troy oz),1009.0,-7.09,-16.89,7.34,-10.07,-1.43
2021-09-01,2021,9,Platinum,Precious Metals,($/troy oz),973.0,-3.57,-13.43,7.16,-7.07,-0.66
2021-10-01,2021,10,Platinum,Precious Metals,($/troy oz),1017.0,4.52,-6.35,16.1,6.05,0.57
2021-11-01,2021,11,Platinum,Precious Metals,($/troy oz),1038.0,2.06,2.87,13.82,8.69,0.1
2021-12-01,2021,12,Platinum,Precious Metals,($/troy oz),945.0,-8.96,-2.88,-8.07,2.94,-1.59
2022-01-01,2022,1,Platinum,Precious Metals,($/troy oz),994.0,5.19,-2.26,-8.89,2.37,0.96
2022-02-01,2022,2,Platinum,Precious Metals,($/troy oz),1049.0,5.53,1.06,-13.09,4.07,1.05
2022-03-01,2022,3,Platinum,Precious Metals,($/troy oz),1043.0,-0.57,10.37,-11.69,8.31,0.09
2022-04-01,2022,4,Platinum,Precious Metals,($/troy oz),965.0,-7.48,-2.92,-20.18,0.42,-1.28
2022-05-01,2022,5,Platinum,Precious Metals,($/troy oz),958.0,-0.73,-8.67,-21.09,3.01,0.19
2022-06-01,2022,6,Platinum,Precious Metals,($/troy oz),957.0,-0.1,-8.25,-14.86,2.79,0.32
2022-07-01,2022,7,Platinum,Precious Metals,($/troy oz),869.0,-9.2,-9.95,-19.98,-5.44,-1.59
2022-08-01,2022,8,Platinum,Precious Metals,($/troy oz),909.0,4.6,-5.11,-9.91,-6.58,1.15
2022-09-01,2022,9,Platinum,Precious Metals,($/troy oz),881.0,-3.08,-7.94,-9.46,-8.61,-0.43
2022-10-01,2022,10,Platinum,Precious Metals,($/troy oz),915.0,3.86,5.29,-10.03,-0.65,0.83
2022-11-01,2022,11,Platinum,Precious Metals,($/troy oz),989.0,8.09,8.8,-4.72,5.89,1.63
2022-12-01,2022,12,Platinum,Precious Metals,($/troy oz),1011.0,2.22,14.76,6.98,11.47,0.41
2023-01-01,2023,1,Platinum,Precious Metals,($/troy oz),1053.0,4.15,15.08,5.94,6.36,0.65
2023-02-01,2023,2,Platinum,Precious Metals,($/troy oz),959.0,-8.93,-3.03,-8.58,-2.84,-1.82
2023-03-01,2023,3,Platinum,Precious Metals,($/troy oz),971.0,1.25,-3.96,-6.9,1.68,0.33
2023-04-01,2023,4,Platinum,Precious Metals,($/troy oz),1051.0,8.24,-0.19,8.91,13.74,1.53
2023-05-01,2023,5,Platinum,Precious Metals,($/troy oz),1063.0,1.14,10.84,10.96,17.46,0.05
2023-06-01,2023,6,Platinum,Precious Metals,($/troy oz),971.0,-8.65,0.0,1.46,9.72,-1.7
2023-07-01,2023,7,Platinum,Precious Metals,($/troy oz),950.0,-2.16,-9.61,9.32,14.18,-0.39
2023-08-01,2023,8,Platinum,Precious Metals,($/troy oz),925.0,-2.63,-12.98,1.76,14.91,-0.62
2023-09-01,2023,9,Platinum,Precious Metals,($/troy oz),921.0,-0.43,-5.15,4.54,14.41,-0.13
2023-10-01,2023,10,Platinum,Precious Metals,($/troy oz),892.0,-3.15,-6.11,-2.51,7.47,-0.66
2023-11-01,2023,11,Platinum,Precious Metals,($/troy oz),906.0,1.57,-2.05,-8.39,7.09,0.3
2023-12-01,2023,12,Platinum,Precious Metals,($/troy oz),935.0,3.2,1.52,-7.52,18.2,0.77
2024-01-01,2024,1,Platinum,Precious Metals,($/troy oz),926.0,-0.96,3.81,-12.06,14.75,-0.09
2024-02-01,2024,2,Platinum,Precious Metals,($/troy oz),894.0,-3.46,-1.32,-6.78,9.29,-0.52
2024-03-01,2024,3,Platinum,Precious Metals,($/troy oz),909.0,1.68,-2.78,-6.39,7.83,0.53
2024-04-01,2024,4,Platinum,Precious Metals,($/troy oz),940.0,3.41,1.51,-10.56,5.98,0.93
2024-05-01,2024,5,Platinum,Precious Metals,($/troy oz),1015.0,7.98,13.53,-4.52,21.7,2.59
2024-06-01,2024,6,Platinum,Precious Metals,($/troy oz),985.0,-2.96,8.36,1.44,21.91,-0.62
2024-07-01,2024,7,Platinum,Precious Metals,($/troy oz),979.0,-0.61,4.15,3.05,16.0,-0.22
2024-08-01,2024,8,Platinum,Precious Metals,($/troy oz),945.0,-3.47,-6.9,2.16,10.01,-1.1
2024-09-01,2024,9,Platinum,Precious Metals,($/troy oz),967.0,2.33,-1.83,4.99,2.33,0.6
2024-10-01,2024,10,Platinum,Precious Metals,($/troy oz),999.0,3.31,2.04,12.0,11.37,0.8
2024-11-01,2024,11,Platinum,Precious Metals,($/troy oz),966.0,-3.3,2.22,6.62,7.1,-1.26
2024-12-01,2024,12,Platinum,Precious Metals,($/troy oz),938.0,-2.9,-3.0,0.32,1.52,-0.96
2025-01-01,2025,1,Platinum,Precious Metals,($/troy oz),949.0,1.17,-5.01,2.48,-3.85,0.3
2025-02-01,2025,2,Platinum,Precious Metals,($/troy oz),978.0,3.06,1.24,9.4,1.77,0.76
2025-03-01,2025,3,Platinum,Precious Metals,($/troy oz),980.0,0.2,4.48,7.81,29.12,-0.17
2025-04-01,2025,4,Platinum,Precious Metals,($/troy oz),959.0,-2.14,1.05,2.02,27.19,-0.8
2025-05-01,2025,5,Platinum,Precious Metals,($/troy oz),980.0,2.19,0.2,-3.45,24.05,0.56
2025-06-01,2025,6,Platinum,Precious Metals,($/troy oz),1251.0,27.65,27.65,27.01,52.38,10.61
2025-07-01,2025,7,Platinum,Precious Metals,($/troy oz),1391.0,11.19,45.05,42.08,60.81,1.06
2025-08-01,2025,8,Platinum,Precious Metals,($/troy oz),1343.0,-3.45,37.04,42.12,42.87,-0.77
2025-09-01,2025,9,Platinum,Precious Metals,($/troy oz),1435.0,6.85,14.71,48.4,58.04,0.41
2025-10-01,2025,10,Platinum,Precious Metals,($/troy oz),1616.0,12.61,16.18,61.76,84.47,1.03
2025-11-01,2025,11,Platinum,Precious Metals,($/troy oz),1565.0,-3.16,16.53,62.01,71.6,-0.83
2025-12-01,2025,12,Platinum,Precious Metals,($/troy oz),1893.0,20.96,31.92,101.81,84.14,1.82
2026-01-01,2026,1,Platinum,Precious Metals,($/troy oz),2434.0,28.58,50.62,156.48,123.1,2.23
2026-02-01,2026,2,Platinum,Precious Metals,($/troy oz),2137.0,-12.2,36.55,118.51,77.05,-1.8
2026-03-01,2026,3,Platinum,Precious Metals,($/troy oz),2046.0,-4.26,8.08,108.78,73.24,-0.9
2026-04-01,2026,4,Platinum,Precious Metals,($/troy oz),2028.0,-0.88,-16.68,111.47,67.74,-0.6
2026-05-01,2026,5,Platinum,Precious Metals,($/troy oz),1998.0,-1.48,-6.5,103.88,64.58,-0.65
2026-06-01,2026,6,Platinum,Precious Metals,($/troy oz),1726.0,-13.61,-15.64,37.97,53.56,-1.53
2026-07-01,2026,7,Platinum,Precious Metals,($/troy oz),1622.0,-6.03,-20.02,16.61,49.36,-0.73
2026-08-01,2026,8,Platinum,Precious Metals,($/troy oz),1780.0,9.74,-10.91,32.54,76.41,0.6
2026-09-01,2026,9,Platinum,Precious Metals,($/troy oz),1784.0,0.22,3.36,24.32,83.35,-0.22
1979-01-01,1979,1,Plywood,Raw Materials,(cents/sheet),270.0,,,,,
1979-02-01,1979,2,Plywood,Raw Materials,(cents/sheet),238.0,-11.85,,,,
1979-03-01,1979,3,Plywood,Raw Materials,(cents/sheet),206.6,-13.19,,,,
1979-04-01,1979,4,Plywood,Raw Materials,(cents/sheet),225.4,9.1,-16.52,,,
1979-05-01,1979,5,Plywood,Raw Materials,(cents/sheet),256.0,13.58,7.56,,,
1979-06-01,1979,6,Plywood,Raw Materials,(cents/sheet),285.0,11.33,37.95,,,
1979-07-01,1979,7,Plywood,Raw Materials,(cents/sheet),333.0,16.84,47.74,,,
1979-08-01,1979,8,Plywood,Raw Materials,(cents/sheet),281.0,-15.62,9.77,,,-1.5
1979-09-01,1979,9,Plywood,Raw Materials,(cents/sheet),283.0,0.71,-0.7,,,-0.05
1979-10-01,1979,10,Plywood,Raw Materials,(cents/sheet),258.0,-8.83,-22.52,,,-0.77
1979-11-01,1979,11,Plywood,Raw Materials,(cents/sheet),252.0,-2.33,-10.32,,,-0.2
1979-12-01,1979,12,Plywood,Raw Materials,(cents/sheet),262.0,3.97,-7.42,,,0.33
1980-01-01,1980,1,Plywood,Raw Materials,(cents/sheet),285.8,9.08,10.78,5.85,,0.76
1980-02-01,1980,2,Plywood,Raw Materials,(cents/sheet),306.9,7.38,21.79,28.95,,0.56
1980-03-01,1980,3,Plywood,Raw Materials,(cents/sheet),310.1,1.04,18.36,50.1,,-0.15
1980-04-01,1980,4,Plywood,Raw Materials,(cents/sheet),285.3,-8.0,-0.17,26.57,,-1.25
1980-05-01,1980,5,Plywood,Raw Materials,(cents/sheet),291.1,2.03,-5.15,13.71,,-0.04
1980-06-01,1980,6,Plywood,Raw Materials,(cents/sheet),264.6,-9.1,-14.67,-7.16,,-1.15
1980-07-01,1980,7,Plywood,Raw Materials,(cents/sheet),276.5,4.5,-3.08,-16.97,,0.52
1980-08-01,1980,8,Plywood,Raw Materials,(cents/sheet),257.5,-6.87,-11.54,-8.36,,-0.74
1980-09-01,1980,9,Plywood,Raw Materials,(cents/sheet),242.5,-5.83,-8.35,-14.31,,-0.82
1980-10-01,1980,10,Plywood,Raw Materials,(cents/sheet),241.0,-0.62,-12.84,-6.59,,0.07
1980-11-01,1980,11,Plywood,Raw Materials,(cents/sheet),259.6,7.72,0.82,3.02,,1.33
1980-12-01,1980,12,Plywood,Raw Materials,(cents/sheet),264.5,1.89,9.07,0.95,,0.22
1981-01-01,1981,1,Plywood,Raw Materials,(cents/sheet),258.9,-2.12,7.43,-9.41,,-0.37
1981-02-01,1981,2,Plywood,Raw Materials,(cents/sheet),259.4,0.19,-0.08,-15.48,,0.15
1981-03-01,1981,3,Plywood,Raw Materials,(cents/sheet),244.3,-5.82,-7.64,-21.22,,-0.87
1981-04-01,1981,4,Plywood,Raw Materials,(cents/sheet),259.4,6.18,0.19,-9.08,,1.5
1981-05-01,1981,5,Plywood,Raw Materials,(cents/sheet),256.5,-1.12,-1.12,-11.89,,-0.09
1981-06-01,1981,6,Plywood,Raw Materials,(cents/sheet),231.9,-9.59,-5.08,-12.36,,-1.62
1981-07-01,1981,7,Plywood,Raw Materials,(cents/sheet),224.2,-3.32,-13.57,-18.92,,-0.44
1981-08-01,1981,8,Plywood,Raw Materials,(cents/sheet),215.2,-4.01,-16.1,-16.43,,-0.46
1981-09-01,1981,9,Plywood,Raw Materials,(cents/sheet),236.9,10.08,2.16,-2.31,,2.3
1981-10-01,1981,10,Plywood,Raw Materials,(cents/sheet),231.4,-2.32,3.21,-3.98,,-0.4
1981-11-01,1981,11,Plywood,Raw Materials,(cents/sheet),250.9,8.43,16.59,-3.35,,1.49
1981-12-01,1981,12,Plywood,Raw Materials,(cents/sheet),267.3,6.54,12.83,1.06,,1.14
1982-01-01,1982,1,Plywood,Raw Materials,(cents/sheet),255.5,-4.41,10.41,-1.31,,-0.76
1982-02-01,1982,2,Plywood,Raw Materials,(cents/sheet),235.3,-7.91,-6.22,-9.29,,-1.27
1982-03-01,1982,3,Plywood,Raw Materials,(cents/sheet),240.9,2.38,-9.88,-1.39,,0.45
1982-04-01,1982,4,Plywood,Raw Materials,(cents/sheet),235.9,-2.08,-7.67,-9.06,,-0.33
1982-05-01,1982,5,Plywood,Raw Materials,(cents/sheet),233.8,-0.89,-0.64,-8.85,,-0.04
1982-06-01,1982,6,Plywood,Raw Materials,(cents/sheet),207.5,-11.25,-13.86,-10.52,,-1.71
1982-07-01,1982,7,Plywood,Raw Materials,(cents/sheet),225.4,8.63,-4.45,0.54,,1.45
1982-08-01,1982,8,Plywood,Raw Materials,(cents/sheet),230.3,2.17,-1.5,7.02,,0.28
1982-09-01,1982,9,Plywood,Raw Materials,(cents/sheet),239.1,3.82,15.23,0.93,,0.45
1982-10-01,1982,10,Plywood,Raw Materials,(cents/sheet),217.4,-9.08,-3.55,-6.05,,-1.49
1982-11-01,1982,11,Plywood,Raw Materials,(cents/sheet),221.6,1.93,-3.78,-11.68,,0.33
1982-12-01,1982,12,Plywood,Raw Materials,(cents/sheet),246.7,11.33,3.18,-7.71,,1.94
1983-01-01,1983,1,Plywood,Raw Materials,(cents/sheet),244.7,-0.81,12.56,-4.23,,-0.05
1983-02-01,1983,2,Plywood,Raw Materials,(cents/sheet),234.9,-4.0,6.0,-0.17,,-0.57
1983-03-01,1983,3,Plywood,Raw Materials,(cents/sheet),243.3,3.58,-1.38,1.0,,0.52
1983-04-01,1983,4,Plywood,Raw Materials,(cents/sheet),237.7,-2.3,-2.86,0.76,,-0.4
1983-05-01,1983,5,Plywood,Raw Materials,(cents/sheet),240.6,1.22,2.43,2.91,,0.15
1983-06-01,1983,6,Plywood,Raw Materials,(cents/sheet),231.6,-3.74,-4.81,11.61,,-0.64
1983-07-01,1983,7,Plywood,Raw Materials,(cents/sheet),215.4,-6.99,-9.38,-4.44,,-1.44
1983-08-01,1983,8,Plywood,Raw Materials,(cents/sheet),214.5,-0.42,-10.85,-6.86,,-0.03
1983-09-01,1983,9,Plywood,Raw Materials,(cents/sheet),218.3,1.77,-5.74,-8.7,,0.41
1983-10-01,1983,10,Plywood,Raw Materials,(cents/sheet),227.5,4.21,5.62,4.65,,0.91
1983-11-01,1983,11,Plywood,Raw Materials,(cents/sheet),225.2,-1.01,4.99,1.62,,-0.31
1983-12-01,1983,12,Plywood,Raw Materials,(cents/sheet),224.0,-0.53,2.61,-9.2,,-0.16
1984-01-01,1984,1,Plywood,Raw Materials,(cents/sheet),222.3,-0.76,-2.29,-9.15,-17.67,-0.0
1984-02-01,1984,2,Plywood,Raw Materials,(cents/sheet),225.7,1.53,0.22,-3.92,-5.17,0.71
1984-03-01,1984,3,Plywood,Raw Materials,(cents/sheet),254.0,12.54,13.39,4.4,22.94,4.12
1984-04-01,1984,4,Plywood,Raw Materials,(cents/sheet),255.6,0.63,14.98,7.53,13.4,0.04
1984-05-01,1984,5,Plywood,Raw Materials,(cents/sheet),245.0,-4.15,8.55,1.83,-4.3,-1.04
1984-06-01,1984,6,Plywood,Raw Materials,(cents/sheet),232.6,-5.06,-8.43,0.43,-18.39,-1.09
1984-07-01,1984,7,Plywood,Raw Materials,(cents/sheet),218.3,-6.15,-14.59,1.35,-34.44,-1.26
1984-08-01,1984,8,Plywood,Raw Materials,(cents/sheet),222.9,2.11,-9.02,3.92,-20.68,0.39
1984-09-01,1984,9,Plywood,Raw Materials,(cents/sheet),216.1,-3.05,-7.09,-1.01,-23.64,-0.71
1984-10-01,1984,10,Plywood,Raw Materials,(cents/sheet),211.9,-1.94,-2.93,-6.86,-17.87,-0.39
1984-11-01,1984,11,Plywood,Raw Materials,(cents/sheet),211.7,-0.09,-5.02,-5.99,-15.99,0.08
1984-12-01,1984,12,Plywood,Raw Materials,(cents/sheet),207.7,-1.89,-3.89,-7.28,-20.73,-0.31
1985-01-01,1985,1,Plywood,Raw Materials,(cents/sheet),202.6,-2.46,-4.39,-8.86,-29.11,-0.4
1985-02-01,1985,2,Plywood,Raw Materials,(cents/sheet),196.9,-2.81,-6.99,-12.76,-35.84,-0.44
1985-03-01,1985,3,Plywood,Raw Materials,(cents/sheet),197.2,0.15,-5.06,-22.36,-36.41,0.24
1985-04-01,1985,4,Plywood,Raw Materials,(cents/sheet),202.7,2.79,0.05,-20.7,-28.95,1.99
1985-05-01,1985,5,Plywood,Raw Materials,(cents/sheet),200.4,-1.13,1.78,-18.2,-31.16,0.27
1985-06-01,1985,6,Plywood,Raw Materials,(cents/sheet),196.8,-1.8,-0.2,-15.39,-25.62,-0.06
1985-07-01,1985,7,Plywood,Raw Materials,(cents/sheet),208.1,5.74,2.66,-4.67,-24.74,2.96
1985-08-01,1985,8,Plywood,Raw Materials,(cents/sheet),212.9,2.31,6.24,-4.49,-17.32,1.0
1985-09-01,1985,9,Plywood,Raw Materials,(cents/sheet),210.2,-1.27,6.81,-2.73,-13.32,-0.34
1985-10-01,1985,10,Plywood,Raw Materials,(cents/sheet),225.9,7.47,8.55,6.61,-6.27,2.98
1985-11-01,1985,11,Plywood,Raw Materials,(cents/sheet),237.8,5.27,11.7,12.33,-8.4,1.41
1985-12-01,1985,12,Plywood,Raw Materials,(cents/sheet),239.1,0.55,13.75,15.12,-9.6,-0.14
1986-01-01,1986,1,Plywood,Raw Materials,(cents/sheet),242.4,1.38,7.3,19.64,-6.37,0.04
1986-02-01,1986,2,Plywood,Raw Materials,(cents/sheet),258.6,6.68,8.75,31.34,-0.31,1.57
1986-03-01,1986,3,Plywood,Raw Materials,(cents/sheet),257.6,-0.39,7.74,30.63,5.44,-0.84
1986-04-01,1986,4,Plywood,Raw Materials,(cents/sheet),257.0,-0.23,6.02,26.79,-0.93,-0.77
1986-05-01,1986,5,Plywood,Raw Materials,(cents/sheet),269.7,4.94,4.29,34.58,5.15,0.86
1986-06-01,1986,6,Plywood,Raw Materials,(cents/sheet),267.9,-0.67,4.0,36.13,15.52,-0.98
1986-07-01,1986,7,Plywood,Raw Materials,(cents/sheet),280.6,4.74,9.18,34.84,25.16,0.66
1986-08-01,1986,8,Plywood,Raw Materials,(cents/sheet),280.0,-0.21,3.82,31.52,30.11,-0.9
1986-09-01,1986,9,Plywood,Raw Materials,(cents/sheet),274.7,-1.89,2.54,30.69,15.96,-1.33
1986-10-01,1986,10,Plywood,Raw Materials,(cents/sheet),278.1,1.24,-0.89,23.11,20.18,-0.33
1986-11-01,1986,11,Plywood,Raw Materials,(cents/sheet),285.1,2.52,1.82,19.89,13.63,0.26
1986-12-01,1986,12,Plywood,Raw Materials,(cents/sheet),332.7,16.7,21.11,39.15,24.47,5.73
1987-01-01,1987,1,Plywood,Raw Materials,(cents/sheet),373.8,12.35,34.41,54.21,46.3,1.86
1987-02-01,1987,2,Plywood,Raw Materials,(cents/sheet),376.3,0.67,31.99,45.51,59.92,-0.55
1987-03-01,1987,3,Plywood,Raw Materials,(cents/sheet),339.8,-9.7,2.13,31.91,41.05,-2.28
1987-04-01,1987,4,Plywood,Raw Materials,(cents/sheet),323.5,-4.8,-13.46,25.88,37.13,-1.08
1987-05-01,1987,5,Plywood,Raw Materials,(cents/sheet),329.1,1.73,-12.54,22.02,40.76,-0.06
1987-06-01,1987,6,Plywood,Raw Materials,(cents/sheet),352.3,7.05,3.68,31.5,69.78,0.73
1987-07-01,1987,7,Plywood,Raw Materials,(cents/sheet),384.5,9.14,18.86,37.03,70.59,0.93
1987-08-01,1987,8,Plywood,Raw Materials,(cents/sheet),454.1,18.1,37.98,62.18,97.18,2.07
1987-09-01,1987,9,Plywood,Raw Materials,(cents/sheet),479.0,5.48,35.96,74.37,100.33,0.12
1987-10-01,1987,10,Plywood,Raw Materials,(cents/sheet),472.9,-1.27,22.99,70.05,117.53,-0.77
1987-11-01,1987,11,Plywood,Raw Materials,(cents/sheet),470.2,-0.57,3.55,64.92,112.18,-0.65
1987-12-01,1987,12,Plywood,Raw Materials,(cents/sheet),437.4,-6.98,-8.68,31.47,77.3,-1.36
1988-01-01,1988,1,Plywood,Raw Materials,(cents/sheet),414.5,-5.24,-12.35,10.89,69.39,-0.96
1988-02-01,1988,2,Plywood,Raw Materials,(cents/sheet),353.8,-14.64,-24.76,-5.98,50.62,-2.02
1988-03-01,1988,3,Plywood,Raw Materials,(cents/sheet),373.2,5.48,-14.68,9.83,53.39,0.62
1988-04-01,1988,4,Plywood,Raw Materials,(cents/sheet),376.2,0.8,-9.24,16.29,58.27,-0.04
1988-05-01,1988,5,Plywood,Raw Materials,(cents/sheet),372.7,-0.93,5.34,13.25,54.9,-0.3
1988-06-01,1988,6,Plywood,Raw Materials,(cents/sheet),350.0,-6.09,-6.22,-0.65,51.12,-0.88
1988-07-01,1988,7,Plywood,Raw Materials,(cents/sheet),312.8,-10.63,-16.85,-18.65,45.22,-1.28
1988-08-01,1988,8,Plywood,Raw Materials,(cents/sheet),310.6,-0.7,-16.66,-31.6,44.8,0.08
1988-09-01,1988,9,Plywood,Raw Materials,(cents/sheet),319.9,2.99,-8.6,-33.22,46.54,0.98
1988-10-01,1988,10,Plywood,Raw Materials,(cents/sheet),336.4,5.16,7.54,-28.86,47.87,1.44
1988-11-01,1988,11,Plywood,Raw Materials,(cents/sheet),393.7,17.03,26.75,-16.27,74.82,3.15
1988-12-01,1988,12,Plywood,Raw Materials,(cents/sheet),392.3,-0.36,22.63,-10.31,75.13,0.09
1989-01-01,1989,1,Plywood,Raw Materials,(cents/sheet),363.5,-7.34,8.06,-12.3,63.52,-0.82
1989-02-01,1989,2,Plywood,Raw Materials,(cents/sheet),352.2,-3.11,-10.54,-0.45,56.05,-0.28
1989-03-01,1989,3,Plywood,Raw Materials,(cents/sheet),345.2,-1.99,-12.01,-7.5,35.91,-0.3
1989-04-01,1989,4,Plywood,Raw Materials,(cents/sheet),342.6,-0.75,-5.75,-8.93,34.04,-0.05
1989-05-01,1989,5,Plywood,Raw Materials,(cents/sheet),346.2,1.05,-1.7,-7.11,41.31,0.23
1989-06-01,1989,6,Plywood,Raw Materials,(cents/sheet),342.5,-1.07,-0.78,-2.14,47.25,-0.1
1989-07-01,1989,7,Plywood,Raw Materials,(cents/sheet),371.7,8.53,8.49,18.83,70.27,1.25
1989-08-01,1989,8,Plywood,Raw Materials,(cents/sheet),370.3,-0.38,6.96,19.22,66.13,-0.32
1989-09-01,1989,9,Plywood,Raw Materials,(cents/sheet),353.3,-4.59,3.15,10.44,63.49,-0.99
1989-10-01,1989,10,Plywood,Raw Materials,(cents/sheet),353.0,-0.08,-5.03,4.93,66.59,-0.17
1989-11-01,1989,11,Plywood,Raw Materials,(cents/sheet),336.2,-4.76,-9.21,-14.61,58.81,-0.83
1989-12-01,1989,12,Plywood,Raw Materials,(cents/sheet),327.2,-2.68,-7.39,-16.59,57.53,-0.37
1990-01-01,1990,1,Plywood,Raw Materials,(cents/sheet),317.0,-3.12,-10.2,-12.79,56.47,-0.43
1990-02-01,1990,2,Plywood,Raw Materials,(cents/sheet),314.4,-0.82,-6.48,-10.73,59.67,0.07
1990-03-01,1990,3,Plywood,Raw Materials,(cents/sheet),314.4,0.0,-3.91,-8.92,59.43,0.26
1990-04-01,1990,4,Plywood,Raw Materials,(cents/sheet),312.4,-0.64,-1.45,-8.81,54.12,0.03
1990-05-01,1990,5,Plywood,Raw Materials,(cents/sheet),350.1,12.07,11.35,1.13,74.7,3.71
1990-06-01,1990,6,Plywood,Raw Materials,(cents/sheet),373.9,6.8,18.92,9.17,89.99,1.3
1990-07-01,1990,7,Plywood,Raw Materials,(cents/sheet),378.5,1.23,21.16,1.83,81.88,0.07
1990-08-01,1990,8,Plywood,Raw Materials,(cents/sheet),364.6,-3.67,4.14,-1.54,71.25,-0.82
1990-09-01,1990,9,Plywood,Raw Materials,(cents/sheet),384.9,5.57,2.94,8.94,83.11,1.13
1990-10-01,1990,10,Plywood,Raw Materials,(cents/sheet),409.3,6.34,8.14,15.95,81.19,1.11
1990-11-01,1990,11,Plywood,Raw Materials,(cents/sheet),375.7,-8.21,3.04,11.75,57.99,-1.84
1990-12-01,1990,12,Plywood,Raw Materials,(cents/sheet),363.2,-3.33,-5.64,11.0,51.9,-0.78
1991-01-01,1991,1,Plywood,Raw Materials,(cents/sheet),362.3,-0.25,-11.48,14.29,49.46,-0.22
1991-02-01,1991,2,Plywood,Raw Materials,(cents/sheet),371.7,2.59,-1.06,18.23,43.74,0.24
1991-03-01,1991,3,Plywood,Raw Materials,(cents/sheet),364.4,-1.96,0.33,15.9,41.46,-0.64
1991-04-01,1991,4,Plywood,Raw Materials,(cents/sheet),368.3,1.07,1.66,17.89,43.31,-0.06
1991-05-01,1991,5,Plywood,Raw Materials,(cents/sheet),365.8,-0.68,-1.59,4.48,35.63,-0.4
1991-06-01,1991,6,Plywood,Raw Materials,(cents/sheet),361.3,-1.23,-0.85,-3.37,34.86,-0.38
1991-07-01,1991,7,Plywood,Raw Materials,(cents/sheet),365.9,1.27,-0.65,-3.33,30.4,0.37
1991-08-01,1991,8,Plywood,Raw Materials,(cents/sheet),363.6,-0.63,-0.6,-0.27,29.86,-0.1
1991-09-01,1991,9,Plywood,Raw Materials,(cents/sheet),375.2,3.19,3.85,-2.52,36.59,0.81
1991-10-01,1991,10,Plywood,Raw Materials,(cents/sheet),386.3,2.96,5.58,-5.62,38.91,0.86
1991-11-01,1991,11,Plywood,Raw Materials,(cents/sheet),389.4,0.8,7.1,3.65,36.58,0.39
1991-12-01,1991,12,Plywood,Raw Materials,(cents/sheet),394.2,1.23,5.06,8.54,18.49,0.45
1992-01-01,1992,1,Plywood,Raw Materials,(cents/sheet),403.7,2.41,4.5,11.43,8.0,1.02
1992-02-01,1992,2,Plywood,Raw Materials,(cents/sheet),396.0,-1.91,1.69,6.54,5.24,-1.64
1992-03-01,1992,3,Plywood,Raw Materials,(cents/sheet),380.6,-3.89,-3.45,4.45,12.01,-2.45
1992-04-01,1992,4,Plywood,Raw Materials,(cents/sheet),361.7,-4.97,-10.4,-1.79,11.81,-2.53
1992-05-01,1992,5,Plywood,Raw Materials,(cents/sheet),338.5,-6.41,-14.52,-7.46,2.86,-2.42
1992-06-01,1992,6,Plywood,Raw Materials,(cents/sheet),347.0,2.51,-8.83,-3.96,-1.5,0.98
1992-07-01,1992,7,Plywood,Raw Materials,(cents/sheet),350.2,0.92,-3.18,-4.29,-8.92,0.37
1992-08-01,1992,8,Plywood,Raw Materials,(cents/sheet),348.4,-0.51,2.92,-4.18,-23.28,-0.06
1992-09-01,1992,9,Plywood,Raw Materials,(cents/sheet),358.5,2.9,3.31,-4.45,-25.16,0.98
1992-10-01,1992,10,Plywood,Raw Materials,(cents/sheet),421.4,17.55,20.33,9.09,-10.89,5.51
1992-11-01,1992,11,Plywood,Raw Materials,(cents/sheet),419.8,-0.38,20.49,7.81,-10.72,-0.21
1992-12-01,1992,12,Plywood,Raw Materials,(cents/sheet),443.4,5.62,23.68,12.48,1.37,0.79
1993-01-01,1993,1,Plywood,Raw Materials,(cents/sheet),512.0,15.47,21.5,26.83,23.52,2.29
1993-02-01,1993,2,Plywood,Raw Materials,(cents/sheet),611.8,19.49,45.74,54.49,72.92,2.3
1993-03-01,1993,3,Plywood,Raw Materials,(cents/sheet),700.4,14.48,57.96,84.03,87.67,1.18
1993-04-01,1993,4,Plywood,Raw Materials,(cents/sheet),738.1,5.38,44.16,104.06,96.2,-0.02
1993-05-01,1993,5,Plywood,Raw Materials,(cents/sheet),751.8,1.86,22.88,122.1,101.72,-0.55
1993-06-01,1993,6,Plywood,Raw Materials,(cents/sheet),745.3,-0.86,6.41,114.78,112.94,-1.07
1993-07-01,1993,7,Plywood,Raw Materials,(cents/sheet),696.2,-6.59,-5.68,98.8,122.57,-1.74
1993-08-01,1993,8,Plywood,Raw Materials,(cents/sheet),703.9,1.11,-6.37,102.04,126.63,-0.6
1993-09-01,1993,9,Plywood,Raw Materials,(cents/sheet),664.9,-5.54,-10.79,85.47,107.85,-1.42
1993-10-01,1993,10,Plywood,Raw Materials,(cents/sheet),617.3,-7.16,-11.33,46.49,83.5,-1.42
1993-11-01,1993,11,Plywood,Raw Materials,(cents/sheet),603.0,-2.32,-14.33,43.64,53.16,-0.66
1993-12-01,1993,12,Plywood,Raw Materials,(cents/sheet),592.5,-1.74,-10.89,33.63,51.03,-0.57
1994-01-01,1994,1,Plywood,Raw Materials,(cents/sheet),565.0,-4.64,-8.47,10.35,55.43,-0.82
1994-02-01,1994,2,Plywood,Raw Materials,(cents/sheet),600.3,6.25,-0.45,-1.88,70.44,0.61
1994-03-01,1994,3,Plywood,Raw Materials,(cents/sheet),617.1,2.8,4.15,-11.89,78.77,0.44
1994-04-01,1994,4,Plywood,Raw Materials,(cents/sheet),647.1,4.86,14.53,-12.33,88.88,1.28
1994-05-01,1994,5,Plywood,Raw Materials,(cents/sheet),637.2,-1.53,6.15,-15.24,84.06,-0.12
1994-06-01,1994,6,Plywood,Raw Materials,(cents/sheet),629.6,-1.19,2.03,-15.52,83.82,0.02
1994-07-01,1994,7,Plywood,Raw Materials,(cents/sheet),649.7,3.19,0.4,-6.68,74.79,1.03
1994-08-01,1994,8,Plywood,Raw Materials,(cents/sheet),631.0,-2.88,-0.97,-10.36,70.4,-0.57
1994-09-01,1994,9,Plywood,Raw Materials,(cents/sheet),566.5,-10.22,-10.02,-14.8,60.35,-2.22
1994-10-01,1994,10,Plywood,Raw Materials,(cents/sheet),567.9,0.25,-12.59,-8.0,60.88,0.3
1994-11-01,1994,11,Plywood,Raw Materials,(cents/sheet),562.7,-0.92,-10.82,-6.68,67.37,-0.07
1994-12-01,1994,12,Plywood,Raw Materials,(cents/sheet),540.0,-4.03,-4.68,-8.86,65.04,-0.79
1995-01-01,1995,1,Plywood,Raw Materials,(cents/sheet),551.0,2.04,-2.98,-2.48,73.82,0.59
1995-02-01,1995,2,Plywood,Raw Materials,(cents/sheet),599.1,8.73,6.47,-0.2,90.55,1.99
1995-03-01,1995,3,Plywood,Raw Materials,(cents/sheet),656.5,9.58,21.57,6.38,108.81,1.97
1995-04-01,1995,4,Plywood,Raw Materials,(cents/sheet),665.1,1.31,20.71,2.78,112.9,0.12
1995-05-01,1995,5,Plywood,Raw Materials,(cents/sheet),635.4,-4.47,6.06,-0.28,81.49,-0.9
1995-06-01,1995,6,Plywood,Raw Materials,(cents/sheet),627.0,-1.32,-4.49,-0.41,67.69,-0.26
1995-07-01,1995,7,Plywood,Raw Materials,(cents/sheet),584.7,-6.75,-12.09,-10.0,54.48,-1.24
1995-08-01,1995,8,Plywood,Raw Materials,(cents/sheet),560.6,-4.12,-11.77,-11.16,53.76,-0.59
1995-09-01,1995,9,Plywood,Raw Materials,(cents/sheet),527.4,-5.92,-15.89,-6.9,37.02,-0.88
1995-10-01,1995,10,Plywood,Raw Materials,(cents/sheet),526.6,-0.15,-9.94,-7.27,28.66,0.06
1995-11-01,1995,11,Plywood,Raw Materials,(cents/sheet),539.7,2.49,-3.73,-4.09,43.65,0.57
1995-12-01,1995,12,Plywood,Raw Materials,(cents/sheet),540.2,0.09,2.43,0.04,48.73,0.06
1996-01-01,1996,1,Plywood,Raw Materials,(cents/sheet),529.1,-2.05,0.47,-3.97,46.04,-0.42
1996-02-01,1996,2,Plywood,Raw Materials,(cents/sheet),548.6,3.69,1.65,-8.43,47.59,0.75
1996-03-01,1996,3,Plywood,Raw Materials,(cents/sheet),529.2,-3.54,-2.04,-19.39,45.23,-0.63
1996-04-01,1996,4,Plywood,Raw Materials,(cents/sheet),521.1,-1.53,-1.51,-21.65,41.49,0.06
1996-05-01,1996,5,Plywood,Raw Materials,(cents/sheet),535.5,2.76,-2.39,-15.72,46.39,1.48
1996-06-01,1996,6,Plywood,Raw Materials,(cents/sheet),523.6,-2.22,-1.06,-16.49,44.92,-0.26
1996-07-01,1996,7,Plywood,Raw Materials,(cents/sheet),521.4,-0.42,0.06,-10.83,42.5,0.3
1996-08-01,1996,8,Plywood,Raw Materials,(cents/sheet),538.3,3.24,0.52,-3.98,48.05,1.42
1996-09-01,1996,9,Plywood,Raw Materials,(cents/sheet),537.6,-0.13,2.67,1.93,43.28,0.06
1996-10-01,1996,10,Plywood,Raw Materials,(cents/sheet),525.1,-2.33,0.71,-0.28,35.93,-1.06
1996-11-01,1996,11,Plywood,Raw Materials,(cents/sheet),526.2,0.21,-2.25,-2.5,35.13,0.08
1996-12-01,1996,12,Plywood,Raw Materials,(cents/sheet),518.6,-1.44,-3.53,-4.0,31.56,-0.53
1997-01-01,1997,1,Plywood,Raw Materials,(cents/sheet),499.9,-3.61,-4.8,-5.52,23.83,-1.38
1997-02-01,1997,2,Plywood,Raw Materials,(cents/sheet),487.8,-2.42,-7.3,-11.08,23.18,-0.78
1997-03-01,1997,3,Plywood,Raw Materials,(cents/sheet),497.4,1.97,-4.09,-6.01,30.69,1.32
1997-04-01,1997,4,Plywood,Raw Materials,(cents/sheet),486.0,-2.29,-2.78,-6.74,34.37,-0.82
1997-05-01,1997,5,Plywood,Raw Materials,(cents/sheet),512.7,5.49,5.1,-4.26,51.46,2.7
1997-06-01,1997,6,Plywood,Raw Materials,(cents/sheet),525.4,2.48,5.63,0.34,51.41,1.04
1997-07-01,1997,7,Plywood,Raw Materials,(cents/sheet),512.3,-2.49,5.41,-1.75,46.29,-0.93
1997-08-01,1997,8,Plywood,Raw Materials,(cents/sheet),500.4,-2.32,-2.4,-7.04,43.63,-0.78
1997-09-01,1997,9,Plywood,Raw Materials,(cents/sheet),479.1,-4.26,-8.81,-10.88,33.64,-1.37
1997-10-01,1997,10,Plywood,Raw Materials,(cents/sheet),454.3,-5.18,-11.32,-13.48,7.81,-1.48
1997-11-01,1997,11,Plywood,Raw Materials,(cents/sheet),439.0,-3.37,-12.27,-16.57,4.57,-0.71
1997-12-01,1997,12,Plywood,Raw Materials,(cents/sheet),425.1,-3.17,-11.27,-18.03,-4.13,-0.54
1998-01-01,1998,1,Plywood,Raw Materials,(cents/sheet),409.4,-3.69,-9.88,-18.1,-20.04,-0.66
1998-02-01,1998,2,Plywood,Raw Materials,(cents/sheet),412.7,0.81,-5.99,-15.4,-32.54,0.76
1998-03-01,1998,3,Plywood,Raw Materials,(cents/sheet),388.5,-5.86,-8.61,-21.89,-44.53,-1.39
1998-04-01,1998,4,Plywood,Raw Materials,(cents/sheet),372.1,-4.22,-9.11,-23.44,-49.59,-0.67
1998-05-01,1998,5,Plywood,Raw Materials,(cents/sheet),362.7,-2.53,-12.12,-29.26,-51.76,-0.11
1998-06-01,1998,6,Plywood,Raw Materials,(cents/sheet),348.6,-3.89,-10.27,-33.65,-53.23,-0.45
1998-07-01,1998,7,Plywood,Raw Materials,(cents/sheet),348.5,-0.03,-6.34,-31.97,-49.94,1.96
1998-08-01,1998,8,Plywood,Raw Materials,(cents/sheet),335.3,-3.79,-7.55,-32.99,-52.37,-0.33
1998-09-01,1998,9,Plywood,Raw Materials,(cents/sheet),349.2,4.15,0.17,-27.11,-47.48,3.85
1998-10-01,1998,10,Plywood,Raw Materials,(cents/sheet),379.2,8.59,8.81,-16.53,-38.57,3.93
1998-11-01,1998,11,Plywood,Raw Materials,(cents/sheet),389.8,2.8,16.25,-11.21,-35.36,1.01
1998-12-01,1998,12,Plywood,Raw Materials,(cents/sheet),416.6,6.88,19.3,-2.0,-29.69,1.82
1999-01-01,1999,1,Plywood,Raw Materials,(cents/sheet),441.8,6.05,16.51,7.91,-21.81,1.29
1999-02-01,1999,2,Plywood,Raw Materials,(cents/sheet),420.0,-4.93,7.75,1.77,-30.03,-1.16
1999-03-01,1999,3,Plywood,Raw Materials,(cents/sheet),417.4,-0.62,0.19,7.44,-32.36,-0.17
1999-04-01,1999,4,Plywood,Raw Materials,(cents/sheet),434.0,3.98,-1.77,16.64,-32.93,0.68
1999-05-01,1999,5,Plywood,Raw Materials,(cents/sheet),425.7,-1.91,1.36,17.37,-33.19,-0.71
1999-06-01,1999,6,Plywood,Raw Materials,(cents/sheet),430.1,1.03,3.04,23.38,-31.69,-0.09
1999-07-01,1999,7,Plywood,Raw Materials,(cents/sheet),423.6,-1.51,-2.4,21.55,-34.8,-0.79
1999-08-01,1999,8,Plywood,Raw Materials,(cents/sheet),441.8,4.3,3.78,31.76,-29.98,0.59
1999-09-01,1999,9,Plywood,Raw Materials,(cents/sheet),455.5,3.1,5.91,30.44,-19.59,0.17
1999-10-01,1999,10,Plywood,Raw Materials,(cents/sheet),462.4,1.51,9.16,21.94,-18.58,-0.2
1999-11-01,1999,11,Plywood,Raw Materials,(cents/sheet),466.9,0.97,5.68,19.78,-17.03,-0.21
1999-12-01,1999,12,Plywood,Raw Materials,(cents/sheet),467.5,0.13,2.63,12.22,-13.43,-0.41
2000-01-01,2000,1,Plywood,Raw Materials,(cents/sheet),456.4,-2.37,-1.3,3.3,-17.17,-1.1
2000-02-01,2000,2,Plywood,Raw Materials,(cents/sheet),439.1,-3.79,-5.95,4.55,-26.71,-1.49
2000-03-01,2000,3,Plywood,Raw Materials,(cents/sheet),448.8,2.21,-4.0,7.52,-31.64,0.7
2000-04-01,2000,4,Plywood,Raw Materials,(cents/sheet),455.1,1.4,-0.28,4.86,-31.57,0.3
2000-05-01,2000,5,Plywood,Raw Materials,(cents/sheet),444.0,-2.44,1.12,4.3,-30.12,-1.2
2000-06-01,2000,6,Plywood,Raw Materials,(cents/sheet),450.0,1.35,0.27,4.63,-28.23,0.4
2000-07-01,2000,7,Plywood,Raw Materials,(cents/sheet),443.8,-1.38,-2.48,4.77,-24.1,-0.73
2000-08-01,2000,8,Plywood,Raw Materials,(cents/sheet),443.9,0.02,-0.02,0.48,-20.82,-0.16
2000-09-01,2000,9,Plywood,Raw Materials,(cents/sheet),459.0,3.4,2.0,0.77,-12.97,1.58
2000-10-01,2000,10,Plywood,Raw Materials,(cents/sheet),452.0,-1.53,1.85,-2.25,-14.17,-0.75
2000-11-01,2000,11,Plywood,Raw Materials,(cents/sheet),450.0,-0.44,1.37,-3.62,-16.62,-0.13
2000-12-01,2000,12,Plywood,Raw Materials,(cents/sheet),436.7,-2.96,-4.86,-6.59,-19.16,-1.26
2001-01-01,2001,1,Plywood,Raw Materials,(cents/sheet),427.0,-2.22,-5.53,-6.44,-19.3,-0.74
2001-02-01,2001,2,Plywood,Raw Materials,(cents/sheet),439.5,2.93,-2.33,0.09,-19.89,1.54
2001-03-01,2001,3,Plywood,Raw Materials,(cents/sheet),421.1,-4.19,-3.57,-6.17,-20.43,-1.92
2001-04-01,2001,4,Plywood,Raw Materials,(cents/sheet),411.9,-2.18,-3.54,-9.49,-20.96,-0.71
2001-05-01,2001,5,Plywood,Raw Materials,(cents/sheet),410.1,-0.44,-6.69,-7.64,-23.42,0.16
2001-06-01,2001,6,Plywood,Raw Materials,(cents/sheet),409.3,-0.2,-2.8,-9.04,-21.83,0.19
2001-07-01,2001,7,Plywood,Raw Materials,(cents/sheet),393.1,-3.96,-4.56,-11.42,-24.61,-1.44
2001-08-01,2001,8,Plywood,Raw Materials,(cents/sheet),402.9,2.49,-1.76,-9.24,-25.15,1.45
2001-09-01,2001,9,Plywood,Raw Materials,(cents/sheet),411.9,2.23,0.64,-10.26,-23.38,1.16
2001-10-01,2001,10,Plywood,Raw Materials,(cents/sheet),404.0,-1.92,2.77,-10.62,-23.06,-0.43
2001-11-01,2001,11,Plywood,Raw Materials,(cents/sheet),400.6,-0.84,-0.57,-10.98,-23.87,0.03
2001-12-01,2001,12,Plywood,Raw Materials,(cents/sheet),386.3,-3.57,-6.22,-11.54,-25.51,-1.08
2002-01-01,2002,1,Plywood,Raw Materials,(cents/sheet),369.4,-4.37,-8.56,-13.49,-26.11,-1.36
2002-02-01,2002,2,Plywood,Raw Materials,(cents/sheet),367.0,-0.65,-8.39,-16.5,-24.76,0.19
2002-03-01,2002,3,Plywood,Raw Materials,(cents/sheet),373.5,1.77,-3.31,-11.3,-24.91,1.38
2002-04-01,2002,4,Plywood,Raw Materials,(cents/sheet),373.8,0.08,1.19,-9.25,-23.09,0.45
2002-05-01,2002,5,Plywood,Raw Materials,(cents/sheet),391.4,4.71,6.65,-4.56,-23.66,2.36
2002-06-01,2002,6,Plywood,Raw Materials,(cents/sheet),404.5,3.35,8.3,-1.17,-23.01,1.31
2002-07-01,2002,7,Plywood,Raw Materials,(cents/sheet),432.0,6.8,15.57,9.9,-15.67,2.27
2002-08-01,2002,8,Plywood,Raw Materials,(cents/sheet),432.8,0.19,10.58,7.42,-13.51,-0.2
2002-09-01,2002,9,Plywood,Raw Materials,(cents/sheet),427.5,-1.22,5.69,3.79,-10.77,-0.57
2002-10-01,2002,10,Plywood,Raw Materials,(cents/sheet),415.8,-2.74,-3.75,2.92,-8.47,-0.94
2002-11-01,2002,11,Plywood,Raw Materials,(cents/sheet),424.1,2.0,-2.01,5.87,-3.39,0.51
2002-12-01,2002,12,Plywood,Raw Materials,(cents/sheet),421.2,-0.68,-1.47,9.03,-0.92,-0.36
2003-01-01,2003,1,Plywood,Raw Materials,(cents/sheet),421.4,0.05,1.35,14.08,2.93,-0.23
2003-02-01,2003,2,Plywood,Raw Materials,(cents/sheet),419.2,-0.52,-1.16,14.22,1.57,-0.61
2003-03-01,2003,3,Plywood,Raw Materials,(cents/sheet),421.8,0.62,0.14,12.93,8.57,-0.19
2003-04-01,2003,4,Plywood,Raw Materials,(cents/sheet),417.4,-1.04,-0.95,11.66,12.17,-0.77
2003-05-01,2003,5,Plywood,Raw Materials,(cents/sheet),426.4,2.16,1.72,8.94,17.56,0.43
2003-06-01,2003,6,Plywood,Raw Materials,(cents/sheet),422.8,-0.84,0.24,4.52,21.29,-0.63
2003-07-01,2003,7,Plywood,Raw Materials,(cents/sheet),421.3,-0.35,0.93,-2.48,20.89,-0.31
2003-08-01,2003,8,Plywood,Raw Materials,(cents/sheet),420.8,-0.12,-1.31,-2.77,25.5,0.06
2003-09-01,2003,9,Plywood,Raw Materials,(cents/sheet),434.1,3.16,2.67,1.54,24.31,2.51
2003-10-01,2003,10,Plywood,Raw Materials,(cents/sheet),456.3,5.11,8.31,9.74,20.33,3.07
2003-11-01,2003,11,Plywood,Raw Materials,(cents/sheet),457.9,0.35,8.82,7.97,17.47,-0.23
2003-12-01,2003,12,Plywood,Raw Materials,(cents/sheet),463.2,1.16,6.7,9.97,11.19,0.27
2004-01-01,2004,1,Plywood,Raw Materials,(cents/sheet),469.4,1.34,2.87,11.39,6.25,0.29
2004-02-01,2004,2,Plywood,Raw Materials,(cents/sheet),469.3,-0.02,2.49,11.95,11.74,-0.52
2004-03-01,2004,3,Plywood,Raw Materials,(cents/sheet),460.3,-1.92,-0.63,9.13,10.28,-1.61
2004-04-01,2004,4,Plywood,Raw Materials,(cents/sheet),466.8,1.41,-0.55,11.84,7.56,0.34
2004-05-01,2004,5,Plywood,Raw Materials,(cents/sheet),444.4,-4.8,-5.31,4.22,4.39,-3.03
2004-06-01,2004,6,Plywood,Raw Materials,(cents/sheet),456.8,2.79,-0.76,8.04,6.21,0.98
2004-07-01,2004,7,Plywood,Raw Materials,(cents/sheet),457.2,0.09,-2.06,8.52,7.93,-0.23
2004-08-01,2004,8,Plywood,Raw Materials,(cents/sheet),453.1,-0.9,1.96,7.68,2.56,-0.64
2004-09-01,2004,9,Plywood,Raw Materials,(cents/sheet),454.5,0.31,-0.5,4.7,-0.22,-0.13
2004-10-01,2004,10,Plywood,Raw Materials,(cents/sheet),459.0,0.99,0.39,0.59,-0.74,0.24
2004-11-01,2004,11,Plywood,Raw Materials,(cents/sheet),476.7,3.86,5.21,4.11,2.1,1.95
2004-12-01,2004,12,Plywood,Raw Materials,(cents/sheet),510.4,7.07,12.3,10.19,9.18,3.01
2005-01-01,2005,1,Plywood,Raw Materials,(cents/sheet),513.3,0.57,11.83,9.35,12.47,-0.1
2005-02-01,2005,2,Plywood,Raw Materials,(cents/sheet),514.9,0.31,8.01,9.72,17.26,-0.16
2005-03-01,2005,3,Plywood,Raw Materials,(cents/sheet),517.5,0.5,1.39,12.43,15.31,-0.11
2005-04-01,2005,4,Plywood,Raw Materials,(cents/sheet),507.6,-1.91,-1.11,8.74,11.54,-1.04
2005-05-01,2005,5,Plywood,Raw Materials,(cents/sheet),519.1,2.27,0.82,16.81,16.91,0.52
2005-06-01,2005,6,Plywood,Raw Materials,(cents/sheet),510.9,-1.58,-1.28,11.84,13.53,-1.22
2005-07-01,2005,7,Plywood,Raw Materials,(cents/sheet),496.0,-2.92,-2.29,8.49,11.76,-1.57
2005-08-01,2005,8,Plywood,Raw Materials,(cents/sheet),510.3,2.88,-1.7,12.62,14.96,0.8
2005-09-01,2005,9,Plywood,Raw Materials,(cents/sheet),513.2,0.57,0.45,12.92,11.81,-0.17
2005-10-01,2005,10,Plywood,Raw Materials,(cents/sheet),496.4,-3.27,0.08,8.15,9.82,-1.59
2005-11-01,2005,11,Plywood,Raw Materials,(cents/sheet),498.3,0.38,-2.35,4.53,10.73,-0.1
2005-12-01,2005,12,Plywood,Raw Materials,(cents/sheet),505.7,1.49,-1.46,-0.92,15.8,0.38
2006-01-01,2006,1,Plywood,Raw Materials,(cents/sheet),519.7,2.77,4.69,1.25,21.71,1.44
2006-02-01,2006,2,Plywood,Raw Materials,(cents/sheet),530.2,2.02,6.4,2.97,20.64,0.9
2006-03-01,2006,3,Plywood,Raw Materials,(cents/sheet),537.0,1.28,6.19,3.77,27.52,0.46
2006-04-01,2006,4,Plywood,Raw Materials,(cents/sheet),545.6,1.6,4.98,7.49,32.46,0.58
2006-05-01,2006,5,Plywood,Raw Materials,(cents/sheet),576.6,5.68,8.75,11.08,40.6,2.39
2006-06-01,2006,6,Plywood,Raw Materials,(cents/sheet),611.2,6.0,13.82,19.63,49.33,2.0
2006-07-01,2006,7,Plywood,Raw Materials,(cents/sheet),635.4,3.96,16.46,28.1,61.64,0.87
2006-08-01,2006,8,Plywood,Raw Materials,(cents/sheet),638.6,0.5,10.75,25.14,58.5,-0.65
2006-09-01,2006,9,Plywood,Raw Materials,(cents/sheet),641.0,0.38,4.88,24.9,55.62,-0.61
2006-10-01,2006,10,Plywood,Raw Materials,(cents/sheet),632.1,-1.39,-0.52,27.34,56.46,-1.3
2006-11-01,2006,11,Plywood,Raw Materials,(cents/sheet),639.1,1.11,0.08,28.26,59.54,-0.43
2006-12-01,2006,12,Plywood,Raw Materials,(cents/sheet),640.3,0.19,-0.11,26.62,65.75,-0.89
2007-01-01,2007,1,Plywood,Raw Materials,(cents/sheet),622.0,-2.86,-1.6,19.68,68.38,-2.17
2007-02-01,2007,2,Plywood,Raw Materials,(cents/sheet),622.7,0.11,-2.57,17.45,69.67,-0.54
2007-03-01,2007,3,Plywood,Raw Materials,(cents/sheet),643.8,3.39,0.55,19.89,72.37,0.76
2007-04-01,2007,4,Plywood,Raw Materials,(cents/sheet),635.1,-1.35,2.11,16.4,69.9,-1.07
2007-05-01,2007,5,Plywood,Raw Materials,(cents/sheet),641.1,0.94,2.95,11.19,63.8,-0.13
2007-06-01,2007,6,Plywood,Raw Materials,(cents/sheet),642.6,0.23,-0.19,5.14,58.86,-0.27
2007-07-01,2007,7,Plywood,Raw Materials,(cents/sheet),645.6,0.47,1.65,1.61,49.44,0.02
2007-08-01,2007,8,Plywood,Raw Materials,(cents/sheet),646.8,0.19,0.89,1.28,49.45,0.03
2007-09-01,2007,9,Plywood,Raw Materials,(cents/sheet),647.7,0.14,0.79,1.05,51.51,0.01
2007-10-01,2007,10,Plywood,Raw Materials,(cents/sheet),648.0,0.05,0.37,2.52,55.84,-0.03
2007-11-01,2007,11,Plywood,Raw Materials,(cents/sheet),647.2,-0.12,0.06,1.27,52.61,-0.23
2007-12-01,2007,12,Plywood,Raw Materials,(cents/sheet),645.9,-0.2,-0.28,0.87,53.35,-0.22
2008-01-01,2008,1,Plywood,Raw Materials,(cents/sheet),640.9,-0.77,-1.1,3.04,52.09,-0.6
2008-02-01,2008,2,Plywood,Raw Materials,(cents/sheet),639.2,-0.27,-1.24,2.65,52.48,-0.46
2008-03-01,2008,3,Plywood,Raw Materials,(cents/sheet),640.9,0.27,-0.77,-0.45,51.94,0.04
2008-04-01,2008,4,Plywood,Raw Materials,(cents/sheet),646.6,0.89,0.89,1.81,54.91,1.57
2008-05-01,2008,5,Plywood,Raw Materials,(cents/sheet),648.2,0.25,1.41,1.11,52.02,0.2
2008-06-01,2008,6,Plywood,Raw Materials,(cents/sheet),647.3,-0.14,1.0,0.73,53.1,-0.56
2008-07-01,2008,7,Plywood,Raw Materials,(cents/sheet),647.9,0.09,0.2,0.36,53.79,0.08
2008-08-01,2008,8,Plywood,Raw Materials,(cents/sheet),649.3,0.22,0.17,0.39,54.3,0.47
2008-09-01,2008,9,Plywood,Raw Materials,(cents/sheet),648.8,-0.08,0.23,0.17,49.46,-0.28
2008-10-01,2008,10,Plywood,Raw Materials,(cents/sheet),643.9,-0.76,-0.62,-0.63,41.11,-1.94
2008-11-01,2008,11,Plywood,Raw Materials,(cents/sheet),646.5,0.4,-0.43,-0.11,41.19,1.0
2008-12-01,2008,12,Plywood,Raw Materials,(cents/sheet),646.1,-0.06,-0.42,0.03,39.49,-0.11
2009-01-01,2009,1,Plywood,Raw Materials,(cents/sheet),574.7,-11.05,-10.75,-10.33,22.43,-23.62
2009-02-01,2009,2,Plywood,Raw Materials,(cents/sheet),573.0,-0.3,-11.37,-10.36,22.1,0.17
2009-03-01,2009,3,Plywood,Raw Materials,(cents/sheet),570.8,-0.38,-11.65,-10.94,24.01,0.15
2009-04-01,2009,4,Plywood,Raw Materials,(cents/sheet),567.7,-0.54,-1.22,-12.2,21.62,0.11
2009-05-01,2009,5,Plywood,Raw Materials,(cents/sheet),565.9,-0.32,-1.24,-12.7,27.34,0.22
2009-06-01,2009,6,Plywood,Raw Materials,(cents/sheet),563.6,-0.41,-1.26,-12.93,23.38,0.21
2009-07-01,2009,7,Plywood,Raw Materials,(cents/sheet),561.9,-0.3,-1.02,-13.27,22.9,0.25
2009-08-01,2009,8,Plywood,Raw Materials,(cents/sheet),562.0,0.02,-0.69,-13.45,24.03,0.37
2009-09-01,2009,9,Plywood,Raw Materials,(cents/sheet),560.7,-0.23,-0.51,-13.58,23.37,0.29
2009-10-01,2009,10,Plywood,Raw Materials,(cents/sheet),559.3,-0.25,-0.46,-13.14,21.85,0.29
2009-11-01,2009,11,Plywood,Raw Materials,(cents/sheet),558.6,-0.13,-0.6,-13.6,17.18,0.32
2009-12-01,2009,12,Plywood,Raw Materials,(cents/sheet),557.2,-0.25,-0.62,-13.76,9.17,0.29
2010-01-01,2010,1,Plywood,Raw Materials,(cents/sheet),557.2,0.0,-0.38,-3.05,8.55,0.38
2010-02-01,2010,2,Plywood,Raw Materials,(cents/sheet),557.2,0.0,-0.25,-2.76,8.22,1.59
2010-03-01,2010,3,Plywood,Raw Materials,(cents/sheet),557.2,0.0,0.0,-2.38,7.67,1.31
2010-04-01,2010,4,Plywood,Raw Materials,(cents/sheet),564.7,1.35,1.35,-0.53,11.25,8.51
2010-05-01,2010,5,Plywood,Raw Materials,(cents/sheet),566.8,0.37,1.72,0.16,9.19,0.9
2010-06-01,2010,6,Plywood,Raw Materials,(cents/sheet),567.5,0.12,1.85,0.69,11.08,0.23
2010-07-01,2010,7,Plywood,Raw Materials,(cents/sheet),569.7,0.39,0.89,1.39,14.86,0.73
2010-08-01,2010,8,Plywood,Raw Materials,(cents/sheet),571.8,0.37,0.88,1.74,12.05,0.57
2010-09-01,2010,9,Plywood,Raw Materials,(cents/sheet),575.4,0.63,1.39,2.62,12.12,1.09
2010-10-01,2010,10,Plywood,Raw Materials,(cents/sheet),578.2,0.49,1.49,3.38,16.48,0.6
2010-11-01,2010,11,Plywood,Raw Materials,(cents/sheet),581.0,0.48,1.61,4.01,16.6,0.48
2010-12-01,2010,12,Plywood,Raw Materials,(cents/sheet),582.4,0.24,1.22,4.52,15.17,-0.21
2011-01-01,2011,1,Plywood,Raw Materials,(cents/sheet),584.5,0.36,1.09,4.9,12.47,-0.03
2011-02-01,2011,2,Plywood,Raw Materials,(cents/sheet),588.7,0.72,1.33,5.65,11.03,0.9
2011-03-01,2011,3,Plywood,Raw Materials,(cents/sheet),592.2,0.59,1.68,6.28,10.28,0.39
2011-04-01,2011,4,Plywood,Raw Materials,(cents/sheet),596.3,0.69,2.02,5.6,9.29,0.59
2011-05-01,2011,5,Plywood,Raw Materials,(cents/sheet),605.6,1.56,2.87,6.85,5.03,6.1
2011-06-01,2011,6,Plywood,Raw Materials,(cents/sheet),607.7,0.35,2.62,7.08,-0.57,-0.57
2011-07-01,2011,7,Plywood,Raw Materials,(cents/sheet),612.7,0.82,2.75,7.55,-3.57,0.73
2011-08-01,2011,8,Plywood,Raw Materials,(cents/sheet),619.2,1.06,2.25,8.29,-3.04,1.3
2011-09-01,2011,9,Plywood,Raw Materials,(cents/sheet),631.1,1.92,3.85,9.68,-1.54,3.48
2011-10-01,2011,10,Plywood,Raw Materials,(cents/sheet),619.9,-1.77,1.18,7.21,-1.93,-4.99
2011-11-01,2011,11,Plywood,Raw Materials,(cents/sheet),617.5,-0.39,-0.27,6.28,-3.38,-1.08
2011-12-01,2011,12,Plywood,Raw Materials,(cents/sheet),615.0,-0.4,-2.55,5.6,-3.95,-0.98
2012-01-01,2012,1,Plywood,Raw Materials,(cents/sheet),615.0,0.0,-0.79,5.22,-1.13,-0.47
2012-02-01,2012,2,Plywood,Raw Materials,(cents/sheet),612.3,-0.44,-0.84,4.01,-1.67,-0.88
2012-03-01,2012,3,Plywood,Raw Materials,(cents/sheet),611.0,-0.21,-0.65,3.17,-5.09,-0.54
2012-04-01,2012,4,Plywood,Raw Materials,(cents/sheet),611.6,0.1,-0.55,2.57,-3.7,-0.16
2012-05-01,2012,5,Plywood,Raw Materials,(cents/sheet),611.6,0.0,-0.11,0.99,-4.6,-0.21
2012-06-01,2012,6,Plywood,Raw Materials,(cents/sheet),606.7,-0.8,-0.7,-0.16,-5.59,-0.97
2012-07-01,2012,7,Plywood,Raw Materials,(cents/sheet),606.7,0.0,-0.8,-0.98,-6.03,0.01
2012-08-01,2012,8,Plywood,Raw Materials,(cents/sheet),606.7,0.0,-0.8,-2.02,-6.2,0.09
2012-09-01,2012,9,Plywood,Raw Materials,(cents/sheet),608.1,0.23,0.23,-3.64,-6.11,0.47
2012-10-01,2012,10,Plywood,Raw Materials,(cents/sheet),610.2,0.35,0.58,-1.56,-5.83,1.2
2012-11-01,2012,11,Plywood,Raw Materials,(cents/sheet),611.5,0.21,0.79,-0.97,-5.52,1.05
2012-12-01,2012,12,Plywood,Raw Materials,(cents/sheet),612.9,0.23,0.79,-0.34,-5.11,0.94
2013-01-01,2013,1,Plywood,Raw Materials,(cents/sheet),612.9,0.0,0.44,-0.34,-4.37,0.09
2013-02-01,2013,2,Plywood,Raw Materials,(cents/sheet),586.4,-4.32,-4.1,-4.23,-8.26,-13.28
2013-03-01,2013,3,Plywood,Raw Materials,(cents/sheet),575.6,-1.84,-6.09,-5.79,-10.19,-1.16
2013-04-01,2013,4,Plywood,Raw Materials,(cents/sheet),558.6,-2.95,-8.86,-8.67,-13.61,-1.82
2013-05-01,2013,5,Plywood,Raw Materials,(cents/sheet),540.7,-3.2,-7.79,-11.59,-16.58,-1.63
2013-06-01,2013,6,Plywood,Raw Materials,(cents/sheet),561.3,3.81,-2.48,-7.48,-13.29,2.93
2013-07-01,2013,7,Plywood,Raw Materials,(cents/sheet),548.0,-2.37,-1.9,-9.68,-15.42,-0.81
2013-08-01,2013,8,Plywood,Raw Materials,(cents/sheet),558.3,1.88,3.26,-7.98,-14.02,1.23
2013-09-01,2013,9,Plywood,Raw Materials,(cents/sheet),550.5,-1.4,-1.92,-9.47,-15.15,-0.31
2013-10-01,2013,10,Plywood,Raw Materials,(cents/sheet),558.2,1.4,1.86,-8.52,-13.31,0.95
2013-11-01,2013,11,Plywood,Raw Materials,(cents/sheet),545.4,-2.29,-2.31,-10.81,-15.64,-0.66
2013-12-01,2013,12,Plywood,Raw Materials,(cents/sheet),527.1,-3.36,-4.25,-14.0,-18.42,-1.01
2014-01-01,2014,1,Plywood,Raw Materials,(cents/sheet),525.7,-0.27,-5.82,-14.23,-8.53,0.39
2014-02-01,2014,2,Plywood,Raw Materials,(cents/sheet),535.3,1.83,-1.85,-8.71,-6.58,1.25
2014-03-01,2014,3,Plywood,Raw Materials,(cents/sheet),533.6,-0.32,1.23,-7.3,-6.52,0.17
2014-04-01,2014,4,Plywood,Raw Materials,(cents/sheet),532.5,-0.21,1.29,-4.67,-6.2,0.17
2014-05-01,2014,5,Plywood,Raw Materials,(cents/sheet),536.5,0.75,0.22,-0.78,-5.2,0.5
2014-06-01,2014,6,Plywood,Raw Materials,(cents/sheet),535.1,-0.26,0.28,-4.67,-5.06,-0.1
2014-07-01,2014,7,Plywood,Raw Materials,(cents/sheet),536.9,0.34,0.83,-2.03,-4.45,0.42
2014-08-01,2014,8,Plywood,Raw Materials,(cents/sheet),530.4,-1.21,-1.14,-5.0,-5.62,-0.66
2014-09-01,2014,9,Plywood,Raw Materials,(cents/sheet),509.1,-4.02,-4.86,-7.52,-9.2,-2.43
2014-10-01,2014,10,Plywood,Raw Materials,(cents/sheet),505.6,-0.69,-5.83,-9.42,-9.6,-0.03
2014-11-01,2014,11,Plywood,Raw Materials,(cents/sheet),469.8,-7.08,-11.43,-13.86,-15.9,-3.73
2014-12-01,2014,12,Plywood,Raw Materials,(cents/sheet),457.4,-2.64,-10.16,-13.22,-17.91,-0.58
2015-01-01,2015,1,Plywood,Raw Materials,(cents/sheet),461.3,0.85,-8.76,-12.25,-17.21,0.83
2015-02-01,2015,2,Plywood,Raw Materials,(cents/sheet),460.2,-0.24,-2.04,-14.03,-17.41,0.33
2015-03-01,2015,3,Plywood,Raw Materials,(cents/sheet),453.6,-1.43,-0.83,-14.99,-18.59,-0.09
2015-04-01,2015,4,Plywood,Raw Materials,(cents/sheet),456.8,0.71,-0.98,-14.22,-19.11,0.88
2015-05-01,2015,5,Plywood,Raw Materials,(cents/sheet),452.1,-1.03,-1.76,-15.73,-20.24,0.09
2015-06-01,2015,6,Plywood,Raw Materials,(cents/sheet),441.3,-2.39,-2.71,-17.53,-22.24,-0.44
2015-07-01,2015,7,Plywood,Raw Materials,(cents/sheet),442.5,0.27,-3.13,-17.58,-22.33,0.82
2015-08-01,2015,8,Plywood,Raw Materials,(cents/sheet),443.3,0.18,-1.95,-16.42,-22.47,0.78
2015-09-01,2015,9,Plywood,Raw Materials,(cents/sheet),454.5,2.53,2.99,-10.72,-21.01,1.73
2015-10-01,2015,10,Plywood,Raw Materials,(cents/sheet),455.0,0.11,2.82,-10.01,-21.31,0.42
2015-11-01,2015,11,Plywood,Raw Materials,(cents/sheet),445.5,-2.09,0.5,-5.17,-23.32,-0.51
2015-12-01,2015,12,Plywood,Raw Materials,(cents/sheet),448.7,0.72,-1.28,-1.9,-22.96,0.75
2016-01-01,2016,1,Plywood,Raw Materials,(cents/sheet),461.8,2.92,1.49,0.11,-20.99,2.21
2016-02-01,2016,2,Plywood,Raw Materials,(cents/sheet),475.7,3.01,6.78,3.37,-19.19,1.83
2016-03-01,2016,3,Plywood,Raw Materials,(cents/sheet),483.5,1.64,7.76,6.59,-18.36,0.73
2016-04-01,2016,4,Plywood,Raw Materials,(cents/sheet),498.4,3.08,7.93,9.11,-16.42,1.41
2016-05-01,2016,5,Plywood,Raw Materials,(cents/sheet),501.2,0.56,5.36,10.86,-17.24,-0.1
2016-06-01,2016,6,Plywood,Raw Materials,(cents/sheet),517.7,3.29,7.07,17.31,-14.81,1.3
2016-07-01,2016,7,Plywood,Raw Materials,(cents/sheet),524.5,1.31,5.24,18.53,-14.4,-0.02
2016-08-01,2016,8,Plywood,Raw Materials,(cents/sheet),539.3,2.82,7.6,21.66,-12.9,0.85
2016-09-01,2016,9,Plywood,Raw Materials,(cents/sheet),535.9,-0.63,3.52,17.91,-15.08,-1.41
2016-10-01,2016,10,Plywood,Raw Materials,(cents/sheet),526.2,-1.81,0.32,15.65,-15.12,-1.86
2016-11-01,2016,11,Plywood,Raw Materials,(cents/sheet),504.7,-4.09,-6.42,13.29,-18.27,-2.76
2016-12-01,2016,12,Plywood,Raw Materials,(cents/sheet),470.3,-6.82,-12.24,4.81,-23.53,-3.44
2017-01-01,2017,1,Plywood,Raw Materials,(cents/sheet),474.3,0.85,-9.86,2.71,-22.88,0.13
2017-02-01,2017,2,Plywood,Raw Materials,(cents/sheet),483.2,1.88,-4.26,1.58,-21.08,0.51
2017-03-01,2017,3,Plywood,Raw Materials,(cents/sheet),483.3,0.02,2.76,-0.04,-20.9,-0.05
2017-04-01,2017,4,Plywood,Raw Materials,(cents/sheet),495.9,2.61,4.55,-0.5,-18.92,0.85
2017-05-01,2017,5,Plywood,Raw Materials,(cents/sheet),486.6,-1.88,0.7,-2.91,-20.44,-0.63
2017-06-01,2017,6,Plywood,Raw Materials,(cents/sheet),492.3,1.17,1.86,-4.91,-18.86,0.45
2017-07-01,2017,7,Plywood,Raw Materials,(cents/sheet),485.4,-1.4,-2.12,-7.45,-19.99,-0.36
2017-08-01,2017,8,Plywood,Raw Materials,(cents/sheet),497.0,2.39,2.14,-7.84,-18.08,1.06
2017-09-01,2017,9,Plywood,Raw Materials,(cents/sheet),493.3,-0.74,0.2,-7.95,-18.88,-0.04
2017-10-01,2017,10,Plywood,Raw Materials,(cents/sheet),483.5,-1.99,-0.39,-8.11,-20.76,-0.48
2017-11-01,2017,11,Plywood,Raw Materials,(cents/sheet),484.0,0.1,-2.62,-4.1,-20.85,0.28
2017-12-01,2017,12,Plywood,Raw Materials,(cents/sheet),483.5,-0.1,-1.99,2.81,-21.11,0.08
2018-01-01,2018,1,Plywood,Raw Materials,(cents/sheet),492.1,1.78,1.78,3.75,-19.71,0.97
2018-02-01,2018,2,Plywood,Raw Materials,(cents/sheet),505.9,2.8,4.52,4.7,-13.73,1.52
2018-03-01,2018,3,Plywood,Raw Materials,(cents/sheet),514.9,1.78,6.49,6.54,-10.55,0.8
2018-04-01,2018,4,Plywood,Raw Materials,(cents/sheet),507.5,-1.44,3.13,2.34,-9.15,-1.12
2018-05-01,2018,5,Plywood,Raw Materials,(cents/sheet),497.8,-1.91,-1.6,2.3,-7.93,-1.23
2018-06-01,2018,6,Plywood,Raw Materials,(cents/sheet),496.3,-0.3,-3.61,0.81,-11.58,-0.29
2018-07-01,2018,7,Plywood,Raw Materials,(cents/sheet),489.8,-1.31,-3.49,0.91,-10.62,-0.81
2018-08-01,2018,8,Plywood,Raw Materials,(cents/sheet),491.8,0.41,-1.21,-1.05,-11.91,0.19
2018-09-01,2018,9,Plywood,Raw Materials,(cents/sheet),487.6,-0.85,-1.75,-1.16,-11.43,-0.5
2018-10-01,2018,10,Plywood,Raw Materials,(cents/sheet),484.0,-0.74,-1.18,0.1,-13.29,-0.42
2018-11-01,2018,11,Plywood,Raw Materials,(cents/sheet),481.9,-0.43,-2.01,-0.43,-11.64,-0.31
2018-12-01,2018,12,Plywood,Raw Materials,(cents/sheet),486.9,1.04,-0.14,0.7,-7.63,0.73
2019-01-01,2019,1,Plywood,Raw Materials,(cents/sheet),501.2,2.94,3.55,1.85,-4.66,1.93
2019-02-01,2019,2,Plywood,Raw Materials,(cents/sheet),494.7,-1.3,2.66,-2.21,-7.58,-0.89
2019-03-01,2019,3,Plywood,Raw Materials,(cents/sheet),491.1,-0.73,0.86,-4.62,-7.96,-0.38
2019-04-01,2019,4,Plywood,Raw Materials,(cents/sheet),489.1,-0.41,-2.41,-3.63,-8.15,-0.02
2019-05-01,2019,5,Plywood,Raw Materials,(cents/sheet),496.3,1.47,0.32,-0.3,-7.49,1.38
2019-06-01,2019,6,Plywood,Raw Materials,(cents/sheet),505.1,1.77,2.85,1.77,-5.61,1.41
2019-07-01,2019,7,Plywood,Raw Materials,(cents/sheet),504.6,-0.1,3.17,3.02,-6.02,-0.19
2019-08-01,2019,8,Plywood,Raw Materials,(cents/sheet),513.9,1.84,3.55,4.49,-3.11,1.23
2019-09-01,2019,9,Plywood,Raw Materials,(cents/sheet),508.2,-1.11,0.61,4.22,-0.18,-1.09
2019-10-01,2019,10,Plywood,Raw Materials,(cents/sheet),505.0,-0.63,0.08,4.34,-0.12,-0.71
2019-11-01,2019,11,Plywood,Raw Materials,(cents/sheet),501.5,-0.69,-2.41,4.07,6.75,-0.76
2019-12-01,2019,12,Plywood,Raw Materials,(cents/sheet),500.4,-0.22,-1.53,2.77,9.4,-0.4
2020-01-01,2020,1,Plywood,Raw Materials,(cents/sheet),499.6,-0.16,-1.07,-0.32,8.3,-0.29
2020-02-01,2020,2,Plywood,Raw Materials,(cents/sheet),496.3,-0.66,-1.04,0.32,7.84,-0.58
2020-03-01,2020,3,Plywood,Raw Materials,(cents/sheet),508.0,2.36,1.52,3.44,11.99,2.22
2020-04-01,2020,4,Plywood,Raw Materials,(cents/sheet),506.7,-0.26,1.42,3.6,10.92,-0.45
2020-05-01,2020,5,Plywood,Raw Materials,(cents/sheet),509.4,0.53,2.64,2.64,12.67,0.19
2020-06-01,2020,6,Plywood,Raw Materials,(cents/sheet),507.5,-0.37,-0.1,0.48,15.0,-0.52
2020-07-01,2020,7,Plywood,Raw Materials,(cents/sheet),511.5,0.79,0.95,1.37,15.59,0.71
2020-08-01,2020,8,Plywood,Raw Materials,(cents/sheet),515.0,0.68,1.1,0.21,16.17,0.53
2020-09-01,2020,9,Plywood,Raw Materials,(cents/sheet),517.3,0.45,1.93,1.79,13.82,0.45
2020-10-01,2020,10,Plywood,Raw Materials,(cents/sheet),519.1,0.35,1.49,2.79,14.09,0.22
2020-11-01,2020,11,Plywood,Raw Materials,(cents/sheet),523.1,0.77,1.57,4.31,17.42,0.64
2020-12-01,2020,12,Plywood,Raw Materials,(cents/sheet),526.2,0.59,1.72,5.16,17.27,0.3
2021-01-01,2021,1,Plywood,Raw Materials,(cents/sheet),526.4,0.04,1.41,5.36,13.99,-0.49
2021-02-01,2021,2,Plywood,Raw Materials,(cents/sheet),518.2,-1.56,-0.94,4.41,8.93,-2.59
2021-03-01,2021,3,Plywood,Raw Materials,(cents/sheet),502.3,-3.07,-4.54,-1.12,3.89,-3.75
2021-04-01,2021,4,Plywood,Raw Materials,(cents/sheet),500.6,-0.34,-4.9,-1.2,0.44,-0.22
2021-05-01,2021,5,Plywood,Raw Materials,(cents/sheet),500.3,-0.06,-3.45,-1.79,-0.18,0.03
2021-06-01,2021,6,Plywood,Raw Materials,(cents/sheet),496.0,-0.86,-1.25,-2.27,-4.19,-0.63
2021-07-01,2021,7,Plywood,Raw Materials,(cents/sheet),495.2,-0.16,-1.08,-3.19,-5.59,0.02
2021-08-01,2021,8,Plywood,Raw Materials,(cents/sheet),497.1,0.38,-0.64,-3.48,-7.82,0.58
2021-09-01,2021,9,Plywood,Raw Materials,(cents/sheet),495.7,-0.28,-0.06,-4.18,-7.5,0.01
2021-10-01,2021,10,Plywood,Raw Materials,(cents/sheet),482.7,-2.62,-2.52,-7.01,-8.27,-2.13
2021-11-01,2021,11,Plywood,Raw Materials,(cents/sheet),479.0,-0.77,-3.64,-8.43,-5.09,-0.14
2021-12-01,2021,12,Plywood,Raw Materials,(cents/sheet),479.2,0.04,-3.33,-8.93,1.89,0.67
2022-01-01,2022,1,Plywood,Raw Materials,(cents/sheet),475.2,-0.83,-1.55,-9.73,0.19,-0.06
2022-02-01,2022,2,Plywood,Raw Materials,(cents/sheet),474.1,-0.23,-1.02,-8.51,-1.88,0.57
2022-03-01,2022,3,Plywood,Raw Materials,(cents/sheet),460.3,-2.91,-3.94,-8.36,-4.76,-2.06
2022-04-01,2022,4,Plywood,Raw Materials,(cents/sheet),432.3,-6.08,-9.03,-13.64,-12.83,-5.23
2022-05-01,2022,5,Plywood,Raw Materials,(cents/sheet),424.0,-1.92,-10.57,-15.25,-12.86,-0.39
2022-06-01,2022,6,Plywood,Raw Materials,(cents/sheet),407.7,-3.84,-11.43,-17.8,-17.18,-1.37
2022-07-01,2022,7,Plywood,Raw Materials,(cents/sheet),399.4,-2.04,-7.61,-19.35,-17.72,-0.22
2022-08-01,2022,8,Plywood,Raw Materials,(cents/sheet),403.9,1.13,-4.74,-18.75,-18.73,1.52
2022-09-01,2022,9,Plywood,Raw Materials,(cents/sheet),381.9,-5.45,-6.33,-22.96,-22.58,-1.89
2022-10-01,2022,10,Plywood,Raw Materials,(cents/sheet),370.8,-2.91,-7.16,-23.18,-23.31,-0.36
2022-11-01,2022,11,Plywood,Raw Materials,(cents/sheet),383.8,3.51,-4.98,-19.87,-20.7,2.57
2022-12-01,2022,12,Plywood,Raw Materials,(cents/sheet),404.9,5.5,6.02,-15.51,-16.26,2.67
2023-01-01,2023,1,Plywood,Raw Materials,(cents/sheet),418.6,3.38,12.89,-11.91,-14.94,1.38
2023-02-01,2023,2,Plywood,Raw Materials,(cents/sheet),410.9,-1.84,7.06,-13.33,-18.78,-0.23
2023-03-01,2023,3,Plywood,Raw Materials,(cents/sheet),408.3,-0.63,0.84,-11.3,-20.7,0.13
2023-04-01,2023,4,Plywood,Raw Materials,(cents/sheet),409.2,0.22,-2.25,-5.34,-19.37,0.32
2023-05-01,2023,5,Plywood,Raw Materials,(cents/sheet),398.4,-2.64,-3.04,-6.04,-19.97,-0.68
2023-06-01,2023,6,Plywood,Raw Materials,(cents/sheet),386.5,-2.99,-5.34,-5.2,-22.12,-0.76
2023-07-01,2023,7,Plywood,Raw Materials,(cents/sheet),387.1,0.16,-5.4,-3.08,-20.97,0.17
2023-08-01,2023,8,Plywood,Raw Materials,(cents/sheet),377.1,-2.58,-5.35,-6.64,-23.32,-0.74
2023-09-01,2023,9,Plywood,Raw Materials,(cents/sheet),369.7,-1.96,-4.35,-3.19,-24.18,-0.44
2023-10-01,2023,10,Plywood,Raw Materials,(cents/sheet),365.0,-1.27,-5.71,-1.56,-24.59,-0.36
2023-11-01,2023,11,Plywood,Raw Materials,(cents/sheet),364.5,-0.14,-3.34,-5.03,-24.36,-0.01
2023-12-01,2023,12,Plywood,Raw Materials,(cents/sheet),379.2,4.03,2.57,-6.35,-22.12,1.74
2024-01-01,2024,1,Plywood,Raw Materials,(cents/sheet),373.6,-1.48,2.36,-10.75,-25.46,-0.42
2024-02-01,2024,2,Plywood,Raw Materials,(cents/sheet),365.3,-2.22,0.22,-11.1,-26.16,-0.68
2024-03-01,2024,3,Plywood,Raw Materials,(cents/sheet),364.6,-0.19,-3.85,-10.7,-25.76,0.4
2024-04-01,2024,4,Plywood,Raw Materials,(cents/sheet),355.3,-2.55,-4.9,-13.17,-27.36,-0.84
2024-05-01,2024,5,Plywood,Raw Materials,(cents/sheet),350.1,-1.46,-4.16,-12.12,-29.46,-0.16
2024-06-01,2024,6,Plywood,Raw Materials,(cents/sheet),346.0,-1.17,-5.1,-10.48,-31.5,-0.06
2024-07-01,2024,7,Plywood,Raw Materials,(cents/sheet),345.9,-0.03,-2.65,-10.64,-31.45,0.48
2024-08-01,2024,8,Plywood,Raw Materials,(cents/sheet),373.3,7.92,6.63,-1.01,-27.36,4.92
2024-09-01,2024,9,Plywood,Raw Materials,(cents/sheet),381.3,2.14,10.2,3.14,-24.97,0.72
2024-10-01,2024,10,Plywood,Raw Materials,(cents/sheet),365.0,-4.27,5.52,0.0,-27.72,-1.51
2024-11-01,2024,11,Plywood,Raw Materials,(cents/sheet),355.5,-2.6,-4.77,-2.47,-29.11,-0.81
2024-12-01,2024,12,Plywood,Raw Materials,(cents/sheet),354.6,-0.25,-7.0,-6.49,-29.14,-0.03
2025-01-01,2025,1,Plywood,Raw Materials,(cents/sheet),348.9,-1.61,-4.41,-6.61,-30.16,-0.35
2025-02-01,2025,2,Plywood,Raw Materials,(cents/sheet),359.7,3.1,1.18,-1.53,-27.52,1.16
2025-03-01,2025,3,Plywood,Raw Materials,(cents/sheet),366.2,1.81,3.27,0.44,-27.91,0.59
2025-04-01,2025,4,Plywood,Raw Materials,(cents/sheet),379.0,3.5,8.63,6.67,-25.2,1.04
2025-05-01,2025,5,Plywood,Raw Materials,(cents/sheet),377.3,-0.45,4.89,7.77,-25.93,-0.31
2025-06-01,2025,6,Plywood,Raw Materials,(cents/sheet),377.8,0.13,3.17,9.19,-25.56,-0.17
2025-07-01,2025,7,Plywood,Raw Materials,(cents/sheet),371.7,-1.61,-1.93,7.46,-27.33,-0.75
2025-08-01,2025,8,Plywood,Raw Materials,(cents/sheet),369.7,-0.54,-2.01,-0.96,-28.21,-0.36
2025-09-01,2025,9,Plywood,Raw Materials,(cents/sheet),369.2,-0.14,-2.28,-3.17,-28.63,-0.03
2025-10-01,2025,10,Plywood,Raw Materials,(cents/sheet),360.7,-2.3,-2.96,-1.18,-30.51,-0.92
2025-11-01,2025,11,Plywood,Raw Materials,(cents/sheet),351.8,-2.47,-4.84,-1.04,-32.75,-1.21
2025-12-01,2025,12,Plywood,Raw Materials,(cents/sheet),350.2,-0.45,-5.15,-1.24,-33.45,-0.2
2026-01-01,2026,1,Plywood,Raw Materials,(cents/sheet),348.5,-0.49,-3.38,-0.11,-33.8,-0.2
2026-02-01,2026,2,Plywood,Raw Materials,(cents/sheet),352.0,1.0,0.06,-2.14,-32.07,0.52
2026-03-01,2026,3,Plywood,Raw Materials,(cents/sheet),344.1,-2.24,-1.74,-6.03,-31.5,-1.23
2026-04-01,2026,4,Plywood,Raw Materials,(cents/sheet),343.0,-0.32,-1.58,-9.5,-31.48,0.11
2026-05-01,2026,5,Plywood,Raw Materials,(cents/sheet),345.3,0.67,-1.9,-8.48,-30.98,1.37
2026-06-01,2026,6,Plywood,Raw Materials,(cents/sheet),339.8,-1.59,-1.25,-10.06,-31.49,-0.74
2026-07-01,2026,7,Plywood,Raw Materials,(cents/sheet),336.1,-1.09,-2.01,-9.58,-32.13,-0.19
2026-08-01,2026,8,Plywood,Raw Materials,(cents/sheet),343.8,2.29,-0.43,-7.01,-30.84,2.75
2026-09-01,2026,9,Plywood,Raw Materials,(cents/sheet),349.1,1.54,2.74,-5.44,-29.57,1.47
1960-01-01,1960,1,Potassium chloride **,Fertilizers,($/mt),28.5,,,,,
1960-02-01,1960,2,Potassium chloride **,Fertilizers,($/mt),28.5,0.0,,,,
1960-03-01,1960,3,Potassium chloride **,Fertilizers,($/mt),28.5,0.0,,,,
1960-04-01,1960,4,Potassium chloride **,Fertilizers,($/mt),28.5,0.0,0.0,,,
1960-05-01,1960,5,Potassium chloride **,Fertilizers,($/mt),28.5,0.0,0.0,,,
1960-06-01,1960,6,Potassium chloride **,Fertilizers,($/mt),28.5,0.0,0.0,,,
1960-07-01,1960,7,Potassium chloride **,Fertilizers,($/mt),28.5,0.0,0.0,,,
1960-08-01,1960,8,Potassium chloride **,Fertilizers,($/mt),28.5,0.0,0.0,,,0.0
1960-09-01,1960,9,Potassium chloride **,Fertilizers,($/mt),28.5,0.0,0.0,,,0.0
1960-10-01,1960,10,Potassium chloride **,Fertilizers,($/mt),28.5,0.0,0.0,,,0.0
1960-11-01,1960,11,Potassium chloride **,Fertilizers,($/mt),28.5,0.0,0.0,,,0.0
1960-12-01,1960,12,Potassium chloride **,Fertilizers,($/mt),28.5,0.0,0.0,,,0.0
1961-01-01,1961,1,Potassium chloride **,Fertilizers,($/mt),30.0,5.26,5.26,5.26,,0.0
1961-02-01,1961,2,Potassium chloride **,Fertilizers,($/mt),30.0,0.0,5.26,5.26,,-0.29
1961-03-01,1961,3,Potassium chloride **,Fertilizers,($/mt),30.0,0.0,5.26,5.26,,-0.29
1961-04-01,1961,4,Potassium chloride **,Fertilizers,($/mt),30.0,0.0,0.0,5.26,,-0.29
1961-05-01,1961,5,Potassium chloride **,Fertilizers,($/mt),30.0,0.0,0.0,5.26,,-0.29
1961-06-01,1961,6,Potassium chloride **,Fertilizers,($/mt),30.0,0.0,0.0,5.26,,-0.29
1961-07-01,1961,7,Potassium chloride **,Fertilizers,($/mt),30.0,0.0,0.0,5.26,,-0.29
1961-08-01,1961,8,Potassium chloride **,Fertilizers,($/mt),30.0,0.0,0.0,5.26,,-0.29
1961-09-01,1961,9,Potassium chloride **,Fertilizers,($/mt),30.0,0.0,0.0,5.26,,-0.29
1961-10-01,1961,10,Potassium chloride **,Fertilizers,($/mt),30.0,0.0,0.0,5.26,,-0.29
1961-11-01,1961,11,Potassium chloride **,Fertilizers,($/mt),30.0,0.0,0.0,5.26,,-0.29
1961-12-01,1961,12,Potassium chloride **,Fertilizers,($/mt),30.0,0.0,0.0,5.26,,-0.29
1962-01-01,1962,1,Potassium chloride **,Fertilizers,($/mt),30.0,0.0,0.0,0.0,,-0.29
1962-02-01,1962,2,Potassium chloride **,Fertilizers,($/mt),30.0,0.0,0.0,0.0,,0.0
1962-03-01,1962,3,Potassium chloride **,Fertilizers,($/mt),30.0,0.0,0.0,0.0,,0.0
1962-04-01,1962,4,Potassium chloride **,Fertilizers,($/mt),30.0,0.0,0.0,0.0,,0.0
1962-05-01,1962,5,Potassium chloride **,Fertilizers,($/mt),30.0,0.0,0.0,0.0,,0.0
1962-06-01,1962,6,Potassium chloride **,Fertilizers,($/mt),30.0,0.0,0.0,0.0,,0.0
1962-07-01,1962,7,Potassium chloride **,Fertilizers,($/mt),30.0,0.0,0.0,0.0,,0.0
1962-08-01,1962,8,Potassium chloride **,Fertilizers,($/mt),30.0,0.0,0.0,0.0,,0.0
1962-09-01,1962,9,Potassium chloride **,Fertilizers,($/mt),30.0,0.0,0.0,0.0,,0.0
1962-10-01,1962,10,Potassium chloride **,Fertilizers,($/mt),30.0,0.0,0.0,0.0,,0.0
1962-11-01,1962,11,Potassium chloride **,Fertilizers,($/mt),30.0,0.0,0.0,0.0,,0.0
1962-12-01,1962,12,Potassium chloride **,Fertilizers,($/mt),30.0,0.0,0.0,0.0,,0.0
1963-01-01,1963,1,Potassium chloride **,Fertilizers,($/mt),30.0,0.0,0.0,0.0,,0.0
1963-02-01,1963,2,Potassium chloride **,Fertilizers,($/mt),30.0,0.0,0.0,0.0,,0.0
1963-03-01,1963,3,Potassium chloride **,Fertilizers,($/mt),30.0,0.0,0.0,0.0,,0.0
1963-04-01,1963,4,Potassium chloride **,Fertilizers,($/mt),30.0,0.0,0.0,0.0,,0.0
1963-05-01,1963,5,Potassium chloride **,Fertilizers,($/mt),30.0,0.0,0.0,0.0,,0.0
1963-06-01,1963,6,Potassium chloride **,Fertilizers,($/mt),30.0,0.0,0.0,0.0,,0.0
1963-07-01,1963,7,Potassium chloride **,Fertilizers,($/mt),30.0,0.0,0.0,0.0,,0.0
1963-08-01,1963,8,Potassium chloride **,Fertilizers,($/mt),30.0,0.0,0.0,0.0,,0.0
1963-09-01,1963,9,Potassium chloride **,Fertilizers,($/mt),30.0,0.0,0.0,0.0,,0.0
1963-10-01,1963,10,Potassium chloride **,Fertilizers,($/mt),30.0,0.0,0.0,0.0,,0.0
1963-11-01,1963,11,Potassium chloride **,Fertilizers,($/mt),30.0,0.0,0.0,0.0,,0.0
1963-12-01,1963,12,Potassium chloride **,Fertilizers,($/mt),30.0,0.0,0.0,0.0,,0.0
1964-01-01,1964,1,Potassium chloride **,Fertilizers,($/mt),32.5,8.33,8.33,8.33,,0.0
1964-02-01,1964,2,Potassium chloride **,Fertilizers,($/mt),32.5,0.0,8.33,8.33,,-0.29
1964-03-01,1964,3,Potassium chloride **,Fertilizers,($/mt),32.5,0.0,8.33,8.33,,-0.29
1964-04-01,1964,4,Potassium chloride **,Fertilizers,($/mt),32.5,0.0,0.0,8.33,,-0.29
1964-05-01,1964,5,Potassium chloride **,Fertilizers,($/mt),32.5,0.0,0.0,8.33,,-0.29
1964-06-01,1964,6,Potassium chloride **,Fertilizers,($/mt),32.5,0.0,0.0,8.33,,-0.29
1964-07-01,1964,7,Potassium chloride **,Fertilizers,($/mt),32.5,0.0,0.0,8.33,,-0.29
1964-08-01,1964,8,Potassium chloride **,Fertilizers,($/mt),32.5,0.0,0.0,8.33,,-0.29
1964-09-01,1964,9,Potassium chloride **,Fertilizers,($/mt),32.5,0.0,0.0,8.33,,-0.29
1964-10-01,1964,10,Potassium chloride **,Fertilizers,($/mt),32.5,0.0,0.0,8.33,,-0.29
1964-11-01,1964,11,Potassium chloride **,Fertilizers,($/mt),32.5,0.0,0.0,8.33,,-0.29
1964-12-01,1964,12,Potassium chloride **,Fertilizers,($/mt),32.5,0.0,0.0,8.33,,-0.29
1965-01-01,1965,1,Potassium chloride **,Fertilizers,($/mt),29.5,-9.23,-9.23,-9.23,3.51,-4.13
1965-02-01,1965,2,Potassium chloride **,Fertilizers,($/mt),29.5,0.0,-9.23,-9.23,3.51,0.29
1965-03-01,1965,3,Potassium chloride **,Fertilizers,($/mt),29.5,0.0,-9.23,-9.23,3.51,0.29
1965-04-01,1965,4,Potassium chloride **,Fertilizers,($/mt),29.5,0.0,0.0,-9.23,3.51,0.29
1965-05-01,1965,5,Potassium chloride **,Fertilizers,($/mt),29.5,0.0,0.0,-9.23,3.51,0.29
1965-06-01,1965,6,Potassium chloride **,Fertilizers,($/mt),29.5,0.0,0.0,-9.23,3.51,0.29
1965-07-01,1965,7,Potassium chloride **,Fertilizers,($/mt),29.5,0.0,0.0,-9.23,3.51,0.29
1965-08-01,1965,8,Potassium chloride **,Fertilizers,($/mt),29.5,0.0,0.0,-9.23,3.51,0.29
1965-09-01,1965,9,Potassium chloride **,Fertilizers,($/mt),29.5,0.0,0.0,-9.23,3.51,0.29
1965-10-01,1965,10,Potassium chloride **,Fertilizers,($/mt),29.5,0.0,0.0,-9.23,3.51,0.29
1965-11-01,1965,11,Potassium chloride **,Fertilizers,($/mt),29.5,0.0,0.0,-9.23,3.51,0.29
1965-12-01,1965,12,Potassium chloride **,Fertilizers,($/mt),29.5,0.0,0.0,-9.23,3.51,0.29
1966-01-01,1966,1,Potassium chloride **,Fertilizers,($/mt),27.5,-6.78,-6.78,-6.78,-8.33,-2.26
1966-02-01,1966,2,Potassium chloride **,Fertilizers,($/mt),27.5,0.0,-6.78,-6.78,-8.33,0.29
1966-03-01,1966,3,Potassium chloride **,Fertilizers,($/mt),27.5,0.0,-6.78,-6.78,-8.33,0.29
1966-04-01,1966,4,Potassium chloride **,Fertilizers,($/mt),27.5,0.0,0.0,-6.78,-8.33,0.29
1966-05-01,1966,5,Potassium chloride **,Fertilizers,($/mt),27.5,0.0,0.0,-6.78,-8.33,0.29
1966-06-01,1966,6,Potassium chloride **,Fertilizers,($/mt),27.5,0.0,0.0,-6.78,-8.33,0.29
1966-07-01,1966,7,Potassium chloride **,Fertilizers,($/mt),27.5,0.0,0.0,-6.78,-8.33,0.29
1966-08-01,1966,8,Potassium chloride **,Fertilizers,($/mt),27.5,0.0,0.0,-6.78,-8.33,0.29
1966-09-01,1966,9,Potassium chloride **,Fertilizers,($/mt),27.5,0.0,0.0,-6.78,-8.33,0.29
1966-10-01,1966,10,Potassium chloride **,Fertilizers,($/mt),27.5,0.0,0.0,-6.78,-8.33,0.29
1966-11-01,1966,11,Potassium chloride **,Fertilizers,($/mt),27.5,0.0,0.0,-6.78,-8.33,0.29
1966-12-01,1966,12,Potassium chloride **,Fertilizers,($/mt),27.5,0.0,0.0,-6.78,-8.33,0.29
1967-01-01,1967,1,Potassium chloride **,Fertilizers,($/mt),25.5,-7.27,-7.27,-7.27,-15.0,-3.43
1967-02-01,1967,2,Potassium chloride **,Fertilizers,($/mt),25.5,0.0,-7.27,-7.27,-15.0,0.29
1967-03-01,1967,3,Potassium chloride **,Fertilizers,($/mt),25.5,0.0,-7.27,-7.27,-15.0,0.29
1967-04-01,1967,4,Potassium chloride **,Fertilizers,($/mt),25.5,0.0,0.0,-7.27,-15.0,0.29
1967-05-01,1967,5,Potassium chloride **,Fertilizers,($/mt),25.5,0.0,0.0,-7.27,-15.0,0.29
1967-06-01,1967,6,Potassium chloride **,Fertilizers,($/mt),25.5,0.0,0.0,-7.27,-15.0,0.29
1967-07-01,1967,7,Potassium chloride **,Fertilizers,($/mt),25.5,0.0,0.0,-7.27,-15.0,0.29
1967-08-01,1967,8,Potassium chloride **,Fertilizers,($/mt),25.5,0.0,0.0,-7.27,-15.0,0.29
1967-09-01,1967,9,Potassium chloride **,Fertilizers,($/mt),25.5,0.0,0.0,-7.27,-15.0,0.29
1967-10-01,1967,10,Potassium chloride **,Fertilizers,($/mt),25.5,0.0,0.0,-7.27,-15.0,0.29
1967-11-01,1967,11,Potassium chloride **,Fertilizers,($/mt),25.5,0.0,0.0,-7.27,-15.0,0.29
1967-12-01,1967,12,Potassium chloride **,Fertilizers,($/mt),25.5,0.0,0.0,-7.27,-15.0,0.29
1968-01-01,1968,1,Potassium chloride **,Fertilizers,($/mt),24.0,-5.88,-5.88,-5.88,-20.0,-2.51
1968-02-01,1968,2,Potassium chloride **,Fertilizers,($/mt),24.0,0.0,-5.88,-5.88,-20.0,0.29
1968-03-01,1968,3,Potassium chloride **,Fertilizers,($/mt),24.0,0.0,-5.88,-5.88,-20.0,0.29
1968-04-01,1968,4,Potassium chloride **,Fertilizers,($/mt),24.0,0.0,0.0,-5.88,-20.0,0.29
1968-05-01,1968,5,Potassium chloride **,Fertilizers,($/mt),24.0,0.0,0.0,-5.88,-20.0,0.29
1968-06-01,1968,6,Potassium chloride **,Fertilizers,($/mt),24.0,0.0,0.0,-5.88,-20.0,0.29
1968-07-01,1968,7,Potassium chloride **,Fertilizers,($/mt),24.0,0.0,0.0,-5.88,-20.0,0.29
1968-08-01,1968,8,Potassium chloride **,Fertilizers,($/mt),24.0,0.0,0.0,-5.88,-20.0,0.29
1968-09-01,1968,9,Potassium chloride **,Fertilizers,($/mt),24.0,0.0,0.0,-5.88,-20.0,0.29
1968-10-01,1968,10,Potassium chloride **,Fertilizers,($/mt),24.0,0.0,0.0,-5.88,-20.0,0.29
1968-11-01,1968,11,Potassium chloride **,Fertilizers,($/mt),24.0,0.0,0.0,-5.88,-20.0,0.29
1968-12-01,1968,12,Potassium chloride **,Fertilizers,($/mt),24.0,0.0,0.0,-5.88,-20.0,0.29
1969-01-01,1969,1,Potassium chloride **,Fertilizers,($/mt),22.0,-8.33,-8.33,-8.33,-32.31,-4.62
1969-02-01,1969,2,Potassium chloride **,Fertilizers,($/mt),22.0,0.0,-8.33,-8.33,-32.31,0.29
1969-03-01,1969,3,Potassium chloride **,Fertilizers,($/mt),22.0,0.0,-8.33,-8.33,-32.31,0.29
1969-04-01,1969,4,Potassium chloride **,Fertilizers,($/mt),22.0,0.0,0.0,-8.33,-32.31,0.29
1969-05-01,1969,5,Potassium chloride **,Fertilizers,($/mt),22.0,0.0,0.0,-8.33,-32.31,0.29
1969-06-01,1969,6,Potassium chloride **,Fertilizers,($/mt),22.0,0.0,0.0,-8.33,-32.31,0.29
1969-07-01,1969,7,Potassium chloride **,Fertilizers,($/mt),22.0,0.0,0.0,-8.33,-32.31,0.29
1969-08-01,1969,8,Potassium chloride **,Fertilizers,($/mt),22.0,0.0,0.0,-8.33,-32.31,0.29
1969-09-01,1969,9,Potassium chloride **,Fertilizers,($/mt),22.0,0.0,0.0,-8.33,-32.31,0.29
1969-10-01,1969,10,Potassium chloride **,Fertilizers,($/mt),22.0,0.0,0.0,-8.33,-32.31,0.29
1969-11-01,1969,11,Potassium chloride **,Fertilizers,($/mt),22.0,0.0,0.0,-8.33,-32.31,0.29
1969-12-01,1969,12,Potassium chloride **,Fertilizers,($/mt),22.0,0.0,0.0,-8.33,-32.31,0.29
1970-01-01,1970,1,Potassium chloride **,Fertilizers,($/mt),31.5,43.18,43.18,43.18,6.78,18.24
1970-02-01,1970,2,Potassium chloride **,Fertilizers,($/mt),31.5,0.0,43.18,43.18,6.78,-0.29
1970-03-01,1970,3,Potassium chloride **,Fertilizers,($/mt),31.5,0.0,43.18,43.18,6.78,-0.29
1970-04-01,1970,4,Potassium chloride **,Fertilizers,($/mt),31.5,0.0,0.0,43.18,6.78,-0.29
1970-05-01,1970,5,Potassium chloride **,Fertilizers,($/mt),31.5,0.0,0.0,43.18,6.78,-0.29
1970-06-01,1970,6,Potassium chloride **,Fertilizers,($/mt),31.5,0.0,0.0,43.18,6.78,-0.29
1970-07-01,1970,7,Potassium chloride **,Fertilizers,($/mt),31.5,0.0,0.0,43.18,6.78,-0.29
1970-08-01,1970,8,Potassium chloride **,Fertilizers,($/mt),31.5,0.0,0.0,43.18,6.78,-0.29
1970-09-01,1970,9,Potassium chloride **,Fertilizers,($/mt),31.5,0.0,0.0,43.18,6.78,-0.29
1970-10-01,1970,10,Potassium chloride **,Fertilizers,($/mt),31.5,0.0,0.0,43.18,6.78,-0.29
1970-11-01,1970,11,Potassium chloride **,Fertilizers,($/mt),31.5,0.0,0.0,43.18,6.78,-0.29
1970-12-01,1970,12,Potassium chloride **,Fertilizers,($/mt),31.5,0.0,0.0,43.18,6.78,-0.29
1971-01-01,1971,1,Potassium chloride **,Fertilizers,($/mt),32.5,3.17,3.17,3.17,18.18,-0.03
1971-02-01,1971,2,Potassium chloride **,Fertilizers,($/mt),32.5,0.0,3.17,3.17,18.18,-0.29
1971-03-01,1971,3,Potassium chloride **,Fertilizers,($/mt),32.5,0.0,3.17,3.17,18.18,-0.29
1971-04-01,1971,4,Potassium chloride **,Fertilizers,($/mt),32.5,0.0,0.0,3.17,18.18,-0.29
1971-05-01,1971,5,Potassium chloride **,Fertilizers,($/mt),32.5,0.0,0.0,3.17,18.18,-0.29
1971-06-01,1971,6,Potassium chloride **,Fertilizers,($/mt),32.5,0.0,0.0,3.17,18.18,-0.29
1971-07-01,1971,7,Potassium chloride **,Fertilizers,($/mt),32.5,0.0,0.0,3.17,18.18,-0.29
1971-08-01,1971,8,Potassium chloride **,Fertilizers,($/mt),32.5,0.0,0.0,3.17,18.18,-0.29
1971-09-01,1971,9,Potassium chloride **,Fertilizers,($/mt),32.5,0.0,0.0,3.17,18.18,-0.29
1971-10-01,1971,10,Potassium chloride **,Fertilizers,($/mt),32.5,0.0,0.0,3.17,18.18,-0.29
1971-11-01,1971,11,Potassium chloride **,Fertilizers,($/mt),32.5,0.0,0.0,3.17,18.18,-0.29
1971-12-01,1971,12,Potassium chloride **,Fertilizers,($/mt),32.5,0.0,0.0,3.17,18.18,-0.29
1972-01-01,1972,1,Potassium chloride **,Fertilizers,($/mt),33.5,3.08,3.08,3.08,31.37,3.07
1972-02-01,1972,2,Potassium chloride **,Fertilizers,($/mt),33.5,0.0,3.08,3.08,31.37,-0.29
1972-03-01,1972,3,Potassium chloride **,Fertilizers,($/mt),33.5,0.0,3.08,3.08,31.37,-0.29
1972-04-01,1972,4,Potassium chloride **,Fertilizers,($/mt),33.5,0.0,0.0,3.08,31.37,-0.29
1972-05-01,1972,5,Potassium chloride **,Fertilizers,($/mt),33.5,0.0,0.0,3.08,31.37,-0.29
1972-06-01,1972,6,Potassium chloride **,Fertilizers,($/mt),33.5,0.0,0.0,3.08,31.37,-0.29
1972-07-01,1972,7,Potassium chloride **,Fertilizers,($/mt),33.5,0.0,0.0,3.08,31.37,-0.29
1972-08-01,1972,8,Potassium chloride **,Fertilizers,($/mt),33.5,0.0,0.0,3.08,31.37,-0.29
1972-09-01,1972,9,Potassium chloride **,Fertilizers,($/mt),33.5,0.0,0.0,3.08,31.37,-0.29
1972-10-01,1972,10,Potassium chloride **,Fertilizers,($/mt),33.5,0.0,0.0,3.08,31.37,-0.29
1972-11-01,1972,11,Potassium chloride **,Fertilizers,($/mt),33.5,0.0,0.0,3.08,31.37,-0.29
1972-12-01,1972,12,Potassium chloride **,Fertilizers,($/mt),33.5,0.0,0.0,3.08,31.37,-0.29
1973-01-01,1973,1,Potassium chloride **,Fertilizers,($/mt),42.5,26.87,26.87,26.87,77.08,29.96
1973-02-01,1973,2,Potassium chloride **,Fertilizers,($/mt),42.5,0.0,26.87,26.87,77.08,-0.29
1973-03-01,1973,3,Potassium chloride **,Fertilizers,($/mt),42.5,0.0,26.87,26.87,77.08,-0.29
1973-04-01,1973,4,Potassium chloride **,Fertilizers,($/mt),42.5,0.0,0.0,26.87,77.08,-0.29
1973-05-01,1973,5,Potassium chloride **,Fertilizers,($/mt),42.5,0.0,0.0,26.87,77.08,-0.29
1973-06-01,1973,6,Potassium chloride **,Fertilizers,($/mt),42.5,0.0,0.0,26.87,77.08,-0.29
1973-07-01,1973,7,Potassium chloride **,Fertilizers,($/mt),42.5,0.0,0.0,26.87,77.08,-0.29
1973-08-01,1973,8,Potassium chloride **,Fertilizers,($/mt),42.5,0.0,0.0,26.87,77.08,-0.29
1973-09-01,1973,9,Potassium chloride **,Fertilizers,($/mt),42.5,0.0,0.0,26.87,77.08,-0.29
1973-10-01,1973,10,Potassium chloride **,Fertilizers,($/mt),42.5,0.0,0.0,26.87,77.08,-0.29
1973-11-01,1973,11,Potassium chloride **,Fertilizers,($/mt),42.5,0.0,0.0,26.87,77.08,-0.29
1973-12-01,1973,12,Potassium chloride **,Fertilizers,($/mt),42.5,0.0,0.0,26.87,77.08,-0.29
1974-01-01,1974,1,Potassium chloride **,Fertilizers,($/mt),53.0,24.71,24.71,24.71,140.91,2.9
1974-02-01,1974,2,Potassium chloride **,Fertilizers,($/mt),55.0,3.77,29.41,29.41,150.0,0.24
1974-03-01,1974,3,Potassium chloride **,Fertilizers,($/mt),55.0,0.0,29.41,29.41,150.0,-0.33
1974-04-01,1974,4,Potassium chloride **,Fertilizers,($/mt),55.0,0.0,3.77,29.41,150.0,-0.33
1974-05-01,1974,5,Potassium chloride **,Fertilizers,($/mt),55.0,0.0,0.0,29.41,150.0,-0.33
1974-06-01,1974,6,Potassium chloride **,Fertilizers,($/mt),57.0,3.64,3.64,34.12,159.09,0.18
1974-07-01,1974,7,Potassium chloride **,Fertilizers,($/mt),58.0,1.75,5.45,36.47,163.64,-0.13
1974-08-01,1974,8,Potassium chloride **,Fertilizers,($/mt),62.0,6.9,12.73,45.88,181.82,0.58
1974-09-01,1974,9,Potassium chloride **,Fertilizers,($/mt),66.0,6.45,15.79,55.29,200.0,0.43
1974-10-01,1974,10,Potassium chloride **,Fertilizers,($/mt),70.0,6.06,20.69,64.71,218.18,0.3
1974-11-01,1974,11,Potassium chloride **,Fertilizers,($/mt),70.0,0.0,12.9,64.71,218.18,-0.64
1974-12-01,1974,12,Potassium chloride **,Fertilizers,($/mt),70.0,0.0,6.06,64.71,218.18,-0.64
1975-01-01,1975,1,Potassium chloride **,Fertilizers,($/mt),70.0,0.0,0.0,32.08,122.22,-0.64
1975-02-01,1975,2,Potassium chloride **,Fertilizers,($/mt),70.0,0.0,0.0,27.27,122.22,-0.84
1975-03-01,1975,3,Potassium chloride **,Fertilizers,($/mt),88.0,25.71,25.71,60.0,179.37,8.22
1975-04-01,1975,4,Potassium chloride **,Fertilizers,($/mt),88.0,0.0,25.71,60.0,179.37,-0.57
1975-05-01,1975,5,Potassium chloride **,Fertilizers,($/mt),89.0,1.14,27.14,61.82,182.54,-0.42
1975-06-01,1975,6,Potassium chloride **,Fertilizers,($/mt),88.0,-1.12,0.0,54.39,179.37,-0.75
1975-07-01,1975,7,Potassium chloride **,Fertilizers,($/mt),85.0,-3.41,-3.41,46.55,169.84,-0.98
1975-08-01,1975,8,Potassium chloride **,Fertilizers,($/mt),85.0,0.0,-4.49,37.1,169.84,-0.45
1975-09-01,1975,9,Potassium chloride **,Fertilizers,($/mt),84.0,-1.18,-4.55,27.27,166.67,-0.53
1975-10-01,1975,10,Potassium chloride **,Fertilizers,($/mt),78.0,-7.14,-8.24,11.43,147.62,-1.22
1975-11-01,1975,11,Potassium chloride **,Fertilizers,($/mt),76.0,-2.56,-10.59,8.57,141.27,-0.46
1975-12-01,1975,12,Potassium chloride **,Fertilizers,($/mt),75.0,-1.32,-10.71,7.14,138.1,-0.28
1976-01-01,1976,1,Potassium chloride **,Fertilizers,($/mt),70.0,-6.67,-10.26,0.0,115.38,-0.92
1976-02-01,1976,2,Potassium chloride **,Fertilizers,($/mt),56.0,-20.0,-26.32,-20.0,72.31,-2.41
1976-03-01,1976,3,Potassium chloride **,Fertilizers,($/mt),56.0,0.0,-25.33,-36.36,72.31,0.13
1976-04-01,1976,4,Potassium chloride **,Fertilizers,($/mt),55.0,-1.79,-21.43,-37.5,69.23,0.3
1976-05-01,1976,5,Potassium chloride **,Fertilizers,($/mt),53.0,-3.64,-5.36,-40.45,63.08,0.01
1976-06-01,1976,6,Potassium chloride **,Fertilizers,($/mt),53.0,0.0,-5.36,-39.77,63.08,0.74
1976-07-01,1976,7,Potassium chloride **,Fertilizers,($/mt),55.0,3.77,0.0,-35.29,69.23,1.39
1976-08-01,1976,8,Potassium chloride **,Fertilizers,($/mt),53.0,-3.64,0.0,-37.65,63.08,-0.04
1976-09-01,1976,9,Potassium chloride **,Fertilizers,($/mt),53.0,0.0,0.0,-36.9,63.08,0.62
1976-10-01,1976,10,Potassium chloride **,Fertilizers,($/mt),55.0,3.77,0.0,-29.49,69.23,1.23
1976-11-01,1976,11,Potassium chloride **,Fertilizers,($/mt),54.0,-1.82,1.89,-28.95,66.15,0.14
1976-12-01,1976,12,Potassium chloride **,Fertilizers,($/mt),53.0,-1.85,0.0,-29.33,63.08,0.12
1977-01-01,1977,1,Potassium chloride **,Fertilizers,($/mt),54.5,2.83,-0.91,-22.14,62.69,0.88
1977-02-01,1977,2,Potassium chloride **,Fertilizers,($/mt),54.5,0.0,0.93,-2.68,62.69,0.3
1977-03-01,1977,3,Potassium chloride **,Fertilizers,($/mt),54.5,0.0,2.83,-2.68,62.69,0.08
1977-04-01,1977,4,Potassium chloride **,Fertilizers,($/mt),54.5,0.0,0.0,-0.91,62.69,0.08
1977-05-01,1977,5,Potassium chloride **,Fertilizers,($/mt),54.3,-0.37,-0.37,2.45,62.09,-0.13
1977-06-01,1977,6,Potassium chloride **,Fertilizers,($/mt),55.0,1.29,0.92,3.77,64.18,0.47
1977-07-01,1977,7,Potassium chloride **,Fertilizers,($/mt),55.0,0.0,0.92,0.0,64.18,-0.15
1977-08-01,1977,8,Potassium chloride **,Fertilizers,($/mt),55.1,0.18,1.47,3.96,64.48,0.08
1977-09-01,1977,9,Potassium chloride **,Fertilizers,($/mt),56.6,2.72,2.91,6.79,68.96,1.46
1977-10-01,1977,10,Potassium chloride **,Fertilizers,($/mt),57.5,1.59,4.55,4.55,71.64,0.58
1977-11-01,1977,11,Potassium chloride **,Fertilizers,($/mt),56.0,-2.61,1.63,3.7,67.16,-1.99
1977-12-01,1977,12,Potassium chloride **,Fertilizers,($/mt),56.0,0.0,-1.06,5.66,67.16,-0.19
1978-01-01,1978,1,Potassium chloride **,Fertilizers,($/mt),56.0,0.0,-2.61,2.75,31.76,-0.32
1978-02-01,1978,2,Potassium chloride **,Fertilizers,($/mt),56.0,0.0,0.0,2.75,31.76,-0.18
1978-03-01,1978,3,Potassium chloride **,Fertilizers,($/mt),56.0,0.0,0.0,2.75,31.76,-0.18
1978-04-01,1978,4,Potassium chloride **,Fertilizers,($/mt),56.0,0.0,0.0,2.75,31.76,-0.18
1978-05-01,1978,5,Potassium chloride **,Fertilizers,($/mt),56.0,0.0,0.0,3.13,31.76,-0.18
1978-06-01,1978,6,Potassium chloride **,Fertilizers,($/mt),56.0,0.0,0.0,1.82,31.76,-0.21
1978-07-01,1978,7,Potassium chloride **,Fertilizers,($/mt),57.0,1.79,1.79,3.64,34.12,1.33
1978-08-01,1978,8,Potassium chloride **,Fertilizers,($/mt),58.5,2.63,4.46,6.17,37.65,1.78
1978-09-01,1978,9,Potassium chloride **,Fertilizers,($/mt),63.1,7.86,12.68,11.48,48.47,5.01
1978-10-01,1978,10,Potassium chloride **,Fertilizers,($/mt),63.5,0.63,11.4,10.43,49.41,-0.12
1978-11-01,1978,11,Potassium chloride **,Fertilizers,($/mt),65.0,2.36,11.11,16.07,52.94,0.59
1978-12-01,1978,12,Potassium chloride **,Fertilizers,($/mt),65.0,0.0,3.01,16.07,52.94,-0.55
1979-01-01,1979,1,Potassium chloride **,Fertilizers,($/mt),65.0,0.0,2.36,16.07,22.64,-0.55
1979-02-01,1979,2,Potassium chloride **,Fertilizers,($/mt),64.5,-0.77,-0.77,15.18,17.27,-0.89
1979-03-01,1979,3,Potassium chloride **,Fertilizers,($/mt),65.5,1.55,0.77,16.96,19.09,0.15
1979-04-01,1979,4,Potassium chloride **,Fertilizers,($/mt),70.0,6.87,7.69,25.0,27.27,2.38
1979-05-01,1979,5,Potassium chloride **,Fertilizers,($/mt),70.0,0.0,8.53,25.0,27.27,-0.69
1979-06-01,1979,6,Potassium chloride **,Fertilizers,($/mt),71.3,1.86,8.85,27.32,25.09,-0.02
1979-07-01,1979,7,Potassium chloride **,Fertilizers,($/mt),77.0,7.99,10.0,35.09,32.76,2.19
1979-08-01,1979,8,Potassium chloride **,Fertilizers,($/mt),79.0,2.6,12.86,35.04,27.42,0.0
1979-09-01,1979,9,Potassium chloride **,Fertilizers,($/mt),80.1,1.39,12.34,26.94,21.36,-0.37
1979-10-01,1979,10,Potassium chloride **,Fertilizers,($/mt),83.5,4.24,8.44,31.5,19.29,0.81
1979-11-01,1979,11,Potassium chloride **,Fertilizers,($/mt),83.5,0.0,5.7,28.46,19.29,-0.85
1979-12-01,1979,12,Potassium chloride **,Fertilizers,($/mt),108.3,29.7,35.21,66.62,54.71,9.68
1980-01-01,1980,1,Potassium chloride **,Fertilizers,($/mt),106.5,-1.66,27.54,63.85,52.14,-0.75
1980-02-01,1980,2,Potassium chloride **,Fertilizers,($/mt),106.5,0.0,27.54,65.12,52.14,-0.53
1980-03-01,1980,3,Potassium chloride **,Fertilizers,($/mt),106.5,0.0,-1.66,62.6,21.02,-0.54
1980-04-01,1980,4,Potassium chloride **,Fertilizers,($/mt),106.5,0.0,0.0,52.14,21.02,-0.52
1980-05-01,1980,5,Potassium chloride **,Fertilizers,($/mt),106.5,0.0,0.0,52.14,19.66,-0.45
1980-06-01,1980,6,Potassium chloride **,Fertilizers,($/mt),106.5,0.0,0.0,49.37,21.02,-0.45
1980-07-01,1980,7,Potassium chloride **,Fertilizers,($/mt),106.5,0.0,0.0,38.31,25.29,-0.43
1980-08-01,1980,8,Potassium chloride **,Fertilizers,($/mt),106.5,0.0,0.0,34.81,25.29,-0.35
1980-09-01,1980,9,Potassium chloride **,Fertilizers,($/mt),106.5,0.0,0.0,32.96,26.79,-0.33
1980-10-01,1980,10,Potassium chloride **,Fertilizers,($/mt),106.5,0.0,0.0,27.54,36.54,-0.31
1980-11-01,1980,11,Potassium chloride **,Fertilizers,($/mt),106.5,0.0,0.0,27.54,40.13,-0.27
1980-12-01,1980,12,Potassium chloride **,Fertilizers,($/mt),106.5,0.0,0.0,-1.66,42.0,-0.27
1981-01-01,1981,1,Potassium chloride **,Fertilizers,($/mt),115.0,7.98,7.98,7.98,64.29,16.92
1981-02-01,1981,2,Potassium chloride **,Fertilizers,($/mt),115.0,0.0,7.98,7.98,105.36,-0.29
1981-03-01,1981,3,Potassium chloride **,Fertilizers,($/mt),115.0,0.0,7.98,7.98,105.36,-0.29
1981-04-01,1981,4,Potassium chloride **,Fertilizers,($/mt),70.0,-39.13,-39.13,-34.27,27.27,-17.27
1981-05-01,1981,5,Potassium chloride **,Fertilizers,($/mt),115.0,64.29,0.0,7.98,116.98,5.7
1981-06-01,1981,6,Potassium chloride **,Fertilizers,($/mt),115.0,0.0,0.0,7.98,116.98,-0.12
1981-07-01,1981,7,Potassium chloride **,Fertilizers,($/mt),116.5,1.3,66.43,9.39,111.82,-0.06
1981-08-01,1981,8,Potassium chloride **,Fertilizers,($/mt),116.5,0.0,1.3,9.39,119.81,-0.13
1981-09-01,1981,9,Potassium chloride **,Fertilizers,($/mt),116.5,0.0,1.3,9.39,119.81,-0.13
1981-10-01,1981,10,Potassium chloride **,Fertilizers,($/mt),116.5,0.0,0.0,9.39,111.82,-0.13
1981-11-01,1981,11,Potassium chloride **,Fertilizers,($/mt),116.5,0.0,0.0,9.39,115.74,-0.13
1981-12-01,1981,12,Potassium chloride **,Fertilizers,($/mt),94.5,-18.88,-18.88,-11.27,78.3,-0.96
1982-01-01,1982,1,Potassium chloride **,Fertilizers,($/mt),94.5,0.0,-18.88,-17.83,73.39,-0.06
1982-02-01,1982,2,Potassium chloride **,Fertilizers,($/mt),94.5,0.0,-18.88,-17.83,73.39,-0.03
1982-03-01,1982,3,Potassium chloride **,Fertilizers,($/mt),94.5,0.0,0.0,-17.83,73.39,-0.03
1982-04-01,1982,4,Potassium chloride **,Fertilizers,($/mt),94.5,0.0,0.0,35.0,73.39,-0.03
1982-05-01,1982,5,Potassium chloride **,Fertilizers,($/mt),90.0,-4.76,-4.76,-21.74,65.75,-0.44
1982-06-01,1982,6,Potassium chloride **,Fertilizers,($/mt),75.0,-16.67,-20.63,-34.78,36.36,-2.67
1982-07-01,1982,7,Potassium chloride **,Fertilizers,($/mt),77.5,3.33,-17.99,-33.48,40.91,0.95
1982-08-01,1982,8,Potassium chloride **,Fertilizers,($/mt),77.5,0.0,-13.89,-33.48,40.65,0.43
1982-09-01,1982,9,Potassium chloride **,Fertilizers,($/mt),77.0,-0.65,2.67,-33.91,36.04,0.34
1982-10-01,1982,10,Potassium chloride **,Fertilizers,($/mt),79.0,2.6,1.94,-32.19,37.39,0.81
1982-11-01,1982,11,Potassium chloride **,Fertilizers,($/mt),72.5,-8.23,-6.45,-37.77,29.46,-0.74
1982-12-01,1982,12,Potassium chloride **,Fertilizers,($/mt),72.5,0.0,-5.84,-23.28,29.46,0.49
1983-01-01,1983,1,Potassium chloride **,Fertilizers,($/mt),75.0,3.45,-5.06,-20.63,33.93,0.99
1983-02-01,1983,2,Potassium chloride **,Fertilizers,($/mt),75.5,0.67,4.14,-20.11,34.82,0.42
1983-03-01,1983,3,Potassium chloride **,Fertilizers,($/mt),75.5,0.0,4.14,-20.11,34.82,0.29
1983-04-01,1983,4,Potassium chloride **,Fertilizers,($/mt),75.5,0.0,0.67,-20.11,34.82,0.29
1983-05-01,1983,5,Potassium chloride **,Fertilizers,($/mt),75.5,0.0,0.0,-16.11,34.82,0.29
1983-06-01,1983,6,Potassium chloride **,Fertilizers,($/mt),73.0,-3.31,-3.31,-2.67,30.36,-0.36
1983-07-01,1983,7,Potassium chloride **,Fertilizers,($/mt),73.0,0.0,-3.31,-5.81,28.07,0.06
1983-08-01,1983,8,Potassium chloride **,Fertilizers,($/mt),73.0,0.0,-3.31,-5.81,24.79,0.15
1983-09-01,1983,9,Potassium chloride **,Fertilizers,($/mt),73.0,0.0,0.0,-5.19,15.69,0.15
1983-10-01,1983,10,Potassium chloride **,Fertilizers,($/mt),73.0,0.0,0.0,-7.59,14.96,0.14
1983-11-01,1983,11,Potassium chloride **,Fertilizers,($/mt),75.5,3.42,3.42,4.14,16.15,1.44
1983-12-01,1983,12,Potassium chloride **,Fertilizers,($/mt),75.5,0.0,3.42,4.14,16.15,-0.2
1984-01-01,1984,1,Potassium chloride **,Fertilizers,($/mt),82.5,9.27,13.01,10.0,26.92,5.11
1984-02-01,1984,2,Potassium chloride **,Fertilizers,($/mt),82.5,0.0,9.27,9.27,27.91,-0.28
1984-03-01,1984,3,Potassium chloride **,Fertilizers,($/mt),82.5,0.0,9.27,9.27,25.95,-0.26
1984-04-01,1984,4,Potassium chloride **,Fertilizers,($/mt),81.0,-1.82,-1.82,7.28,15.71,-0.86
1984-05-01,1984,5,Potassium chloride **,Fertilizers,($/mt),81.0,0.0,-1.82,7.28,15.71,-0.2
1984-06-01,1984,6,Potassium chloride **,Fertilizers,($/mt),81.0,0.0,-1.82,10.96,13.6,-0.2
1984-07-01,1984,7,Potassium chloride **,Fertilizers,($/mt),86.5,6.79,6.79,18.49,12.34,2.04
1984-08-01,1984,8,Potassium chloride **,Fertilizers,($/mt),86.5,0.0,6.79,18.49,9.49,-0.44
1984-09-01,1984,9,Potassium chloride **,Fertilizers,($/mt),86.5,0.0,6.79,18.49,7.99,-0.44
1984-10-01,1984,10,Potassium chloride **,Fertilizers,($/mt),86.5,0.0,0.0,18.49,3.59,-0.44
1984-11-01,1984,11,Potassium chloride **,Fertilizers,($/mt),86.5,0.0,0.0,14.57,3.59,-0.44
1984-12-01,1984,12,Potassium chloride **,Fertilizers,($/mt),86.5,0.0,0.0,14.57,-20.13,-0.36
1985-01-01,1985,1,Potassium chloride **,Fertilizers,($/mt),86.5,0.0,0.0,4.85,-18.78,-0.36
1985-02-01,1985,2,Potassium chloride **,Fertilizers,($/mt),87.0,0.58,0.58,5.45,-18.31,0.08
1985-03-01,1985,3,Potassium chloride **,Fertilizers,($/mt),75.5,-13.22,-12.72,-8.48,-29.11,-6.61
1985-04-01,1985,4,Potassium chloride **,Fertilizers,($/mt),75.5,0.0,-12.72,-6.79,-29.11,0.14
1985-05-01,1985,5,Potassium chloride **,Fertilizers,($/mt),87.0,15.23,0.0,7.41,-18.31,3.53
1985-06-01,1985,6,Potassium chloride **,Fertilizers,($/mt),87.0,0.0,15.23,7.41,-18.31,-0.12
1985-07-01,1985,7,Potassium chloride **,Fertilizers,($/mt),87.0,0.0,15.23,0.58,-18.31,-0.12
1985-08-01,1985,8,Potassium chloride **,Fertilizers,($/mt),87.0,0.0,0.0,0.58,-18.31,-0.04
1985-09-01,1985,9,Potassium chloride **,Fertilizers,($/mt),81.5,-6.32,-6.32,-5.78,-23.47,-1.08
1985-10-01,1985,10,Potassium chloride **,Fertilizers,($/mt),81.5,0.0,-6.32,-5.78,-23.47,0.05
1985-11-01,1985,11,Potassium chloride **,Fertilizers,($/mt),81.5,0.0,-6.32,-5.78,-23.47,0.05
1985-12-01,1985,12,Potassium chloride **,Fertilizers,($/mt),81.5,0.0,0.0,-5.78,-23.47,0.05
1986-01-01,1986,1,Potassium chloride **,Fertilizers,($/mt),81.5,0.0,0.0,-5.78,-29.13,0.05
1986-02-01,1986,2,Potassium chloride **,Fertilizers,($/mt),80.0,-1.84,-1.84,-8.05,-30.43,-0.24
1986-03-01,1986,3,Potassium chloride **,Fertilizers,($/mt),80.0,0.0,-1.84,5.96,-30.43,0.08
1986-04-01,1986,4,Potassium chloride **,Fertilizers,($/mt),75.0,-6.25,-7.98,-0.66,7.14,-1.38
1986-05-01,1986,5,Potassium chloride **,Fertilizers,($/mt),75.0,0.0,-6.25,-13.79,-34.78,-0.01
1986-06-01,1986,6,Potassium chloride **,Fertilizers,($/mt),75.0,0.0,-6.25,-13.79,-34.78,0.49
1986-07-01,1986,7,Potassium chloride **,Fertilizers,($/mt),72.5,-3.33,-3.33,-16.67,-37.77,-0.88
1986-08-01,1986,8,Potassium chloride **,Fertilizers,($/mt),72.5,0.0,-3.33,-16.67,-37.77,0.6
1986-09-01,1986,9,Potassium chloride **,Fertilizers,($/mt),66.5,-8.28,-11.33,-18.4,-42.92,-2.75
1986-10-01,1986,10,Potassium chloride **,Fertilizers,($/mt),66.5,0.0,-8.28,-18.4,-42.92,0.57
1986-11-01,1986,11,Potassium chloride **,Fertilizers,($/mt),65.5,-1.5,-9.66,-19.63,-43.78,0.05
1986-12-01,1986,12,Potassium chloride **,Fertilizers,($/mt),65.5,0.0,-1.5,-19.63,-30.69,0.63
1987-01-01,1987,1,Potassium chloride **,Fertilizers,($/mt),63.0,-3.82,-5.26,-22.7,-33.33,-0.73
1987-02-01,1987,2,Potassium chloride **,Fertilizers,($/mt),61.5,-2.38,-6.11,-23.12,-34.92,-0.11
1987-03-01,1987,3,Potassium chloride **,Fertilizers,($/mt),61.5,0.0,-6.11,-23.12,-34.92,0.76
1987-04-01,1987,4,Potassium chloride **,Fertilizers,($/mt),61.5,0.0,-2.38,-18.0,-34.92,0.76
1987-05-01,1987,5,Potassium chloride **,Fertilizers,($/mt),61.5,0.0,0.0,-18.0,-31.67,0.63
1987-06-01,1987,6,Potassium chloride **,Fertilizers,($/mt),61.5,0.0,0.0,-18.0,-18.0,0.63
1987-07-01,1987,7,Potassium chloride **,Fertilizers,($/mt),70.0,13.82,13.82,-3.45,-9.68,6.07
1987-08-01,1987,8,Potassium chloride **,Fertilizers,($/mt),70.0,0.0,13.82,-3.45,-9.68,0.04
1987-09-01,1987,9,Potassium chloride **,Fertilizers,($/mt),70.0,0.0,13.82,5.26,-9.09,0.04
1987-10-01,1987,10,Potassium chloride **,Fertilizers,($/mt),73.0,4.29,4.29,9.77,-7.59,0.86
1987-11-01,1987,11,Potassium chloride **,Fertilizers,($/mt),73.0,0.0,4.29,11.45,0.69,-0.19
1987-12-01,1987,12,Potassium chloride **,Fertilizers,($/mt),81.0,10.96,15.71,23.66,11.72,2.24
1988-01-01,1988,1,Potassium chloride **,Fertilizers,($/mt),82.0,1.23,12.33,30.16,9.33,-0.13
1988-02-01,1988,2,Potassium chloride **,Fertilizers,($/mt),83.0,1.22,13.7,34.96,9.93,-0.22
1988-03-01,1988,3,Potassium chloride **,Fertilizers,($/mt),83.0,0.0,2.47,34.96,9.93,-0.55
1988-04-01,1988,4,Potassium chloride **,Fertilizers,($/mt),83.0,0.0,1.22,34.96,9.93,-0.55
1988-05-01,1988,5,Potassium chloride **,Fertilizers,($/mt),84.5,1.81,1.81,37.4,11.92,-0.17
1988-06-01,1988,6,Potassium chloride **,Fertilizers,($/mt),84.5,0.0,1.81,37.4,15.75,-0.59
1988-07-01,1988,7,Potassium chloride **,Fertilizers,($/mt),84.5,0.0,1.81,20.71,15.75,-0.59
1988-08-01,1988,8,Potassium chloride **,Fertilizers,($/mt),93.0,10.06,10.06,32.86,27.4,2.63
1988-09-01,1988,9,Potassium chloride **,Fertilizers,($/mt),90.0,-3.23,6.51,28.57,23.29,-1.43
1988-10-01,1988,10,Potassium chloride **,Fertilizers,($/mt),91.5,1.67,8.28,25.34,25.34,-0.12
1988-11-01,1988,11,Potassium chloride **,Fertilizers,($/mt),91.5,0.0,-1.61,25.34,21.19,-0.47
1988-12-01,1988,12,Potassium chloride **,Fertilizers,($/mt),91.5,0.0,1.67,12.96,21.19,-0.47
1989-01-01,1989,1,Potassium chloride **,Fertilizers,($/mt),91.5,0.0,0.0,11.59,10.91,-0.34
1989-02-01,1989,2,Potassium chloride **,Fertilizers,($/mt),101.5,10.93,10.93,22.29,23.03,3.18
1989-03-01,1989,3,Potassium chloride **,Fertilizers,($/mt),100.5,-0.99,9.84,21.08,21.82,-0.65
1989-04-01,1989,4,Potassium chloride **,Fertilizers,($/mt),98.5,-1.99,7.65,18.67,21.6,-0.85
1989-05-01,1989,5,Potassium chloride **,Fertilizers,($/mt),98.5,0.0,-2.96,16.57,21.6,-0.34
1989-06-01,1989,6,Potassium chloride **,Fertilizers,($/mt),98.5,0.0,-1.99,16.57,21.6,-0.31
1989-07-01,1989,7,Potassium chloride **,Fertilizers,($/mt),98.5,0.0,0.0,16.57,13.87,-0.31
1989-08-01,1989,8,Potassium chloride **,Fertilizers,($/mt),98.5,0.0,0.0,5.91,13.87,-0.31
1989-09-01,1989,9,Potassium chloride **,Fertilizers,($/mt),98.5,0.0,0.0,9.44,13.87,-0.15
1989-10-01,1989,10,Potassium chloride **,Fertilizers,($/mt),98.5,0.0,0.0,7.65,13.87,-0.24
1989-11-01,1989,11,Potassium chloride **,Fertilizers,($/mt),98.5,0.0,0.0,7.65,13.87,-0.2
1989-12-01,1989,12,Potassium chloride **,Fertilizers,($/mt),98.5,0.0,0.0,7.65,13.87,-0.2
1990-01-01,1990,1,Potassium chloride **,Fertilizers,($/mt),98.5,0.0,0.0,7.65,13.87,-0.2
1990-02-01,1990,2,Potassium chloride **,Fertilizers,($/mt),98.5,0.0,0.0,-2.96,13.22,-0.2
1990-03-01,1990,3,Potassium chloride **,Fertilizers,($/mt),97.4,-1.12,-1.12,-3.08,29.01,-1.41
1990-04-01,1990,4,Potassium chloride **,Fertilizers,($/mt),93.2,-4.31,-5.38,-5.38,23.44,-6.41
1990-05-01,1990,5,Potassium chloride **,Fertilizers,($/mt),93.5,0.32,-5.08,-5.08,7.47,0.62
1990-06-01,1990,6,Potassium chloride **,Fertilizers,($/mt),93.5,0.0,-4.0,-5.08,7.47,0.33
1990-07-01,1990,7,Potassium chloride **,Fertilizers,($/mt),93.5,0.0,0.32,-5.08,7.47,0.33
1990-08-01,1990,8,Potassium chloride **,Fertilizers,($/mt),93.5,0.0,0.0,-5.08,7.47,0.33
1990-09-01,1990,9,Potassium chloride **,Fertilizers,($/mt),93.5,0.0,0.0,-5.08,14.72,0.33
1990-10-01,1990,10,Potassium chloride **,Fertilizers,($/mt),93.5,0.0,0.0,-5.08,14.72,0.33
1990-11-01,1990,11,Potassium chloride **,Fertilizers,($/mt),93.5,0.0,0.0,-5.08,14.72,0.33
1990-12-01,1990,12,Potassium chloride **,Fertilizers,($/mt),93.5,0.0,0.0,-5.08,14.72,0.33
1991-01-01,1991,1,Potassium chloride **,Fertilizers,($/mt),93.5,0.0,0.0,-5.08,14.72,0.33
1991-02-01,1991,2,Potassium chloride **,Fertilizers,($/mt),95.6,2.25,2.25,-2.94,19.5,2.1
1991-03-01,1991,3,Potassium chloride **,Fertilizers,($/mt),95.6,0.0,2.25,-1.85,19.5,0.16
1991-04-01,1991,4,Potassium chloride **,Fertilizers,($/mt),108.0,12.97,15.51,15.88,44.0,8.98
1991-05-01,1991,5,Potassium chloride **,Fertilizers,($/mt),112.0,3.7,17.15,19.79,49.33,0.65
1991-06-01,1991,6,Potassium chloride **,Fertilizers,($/mt),112.0,0.0,17.15,19.79,49.33,-0.42
1991-07-01,1991,7,Potassium chloride **,Fertilizers,($/mt),110.4,-1.43,2.22,18.07,52.28,-0.8
1991-08-01,1991,8,Potassium chloride **,Fertilizers,($/mt),110.0,-0.36,-1.79,17.65,51.72,-0.47
1991-09-01,1991,9,Potassium chloride **,Fertilizers,($/mt),110.0,0.0,-1.79,17.65,65.41,-0.37
1991-10-01,1991,10,Potassium chloride **,Fertilizers,($/mt),110.0,0.0,-0.36,17.65,65.41,-0.37
1991-11-01,1991,11,Potassium chloride **,Fertilizers,($/mt),110.0,0.0,0.0,17.65,67.94,-0.37
1991-12-01,1991,12,Potassium chloride **,Fertilizers,($/mt),110.0,0.0,0.0,17.65,67.94,-0.37
1992-01-01,1992,1,Potassium chloride **,Fertilizers,($/mt),110.0,0.0,0.0,17.65,74.6,-0.37
1992-02-01,1992,2,Potassium chloride **,Fertilizers,($/mt),110.0,0.0,0.0,15.06,78.86,-0.37
1992-03-01,1992,3,Potassium chloride **,Fertilizers,($/mt),110.0,0.0,0.0,15.06,78.86,-0.32
1992-04-01,1992,4,Potassium chloride **,Fertilizers,($/mt),110.0,0.0,0.0,1.85,78.86,-0.32
1992-05-01,1992,5,Potassium chloride **,Fertilizers,($/mt),110.0,0.0,0.0,-1.79,78.86,-0.13
1992-06-01,1992,6,Potassium chloride **,Fertilizers,($/mt),110.0,0.0,0.0,-1.79,78.86,0.36
1992-07-01,1992,7,Potassium chloride **,Fertilizers,($/mt),110.0,0.0,0.0,-0.36,57.14,0.36
1992-08-01,1992,8,Potassium chloride **,Fertilizers,($/mt),113.6,3.27,3.27,3.27,62.29,31.58
1992-09-01,1992,9,Potassium chloride **,Fertilizers,($/mt),114.5,0.79,4.09,4.09,63.57,0.55
1992-10-01,1992,10,Potassium chloride **,Fertilizers,($/mt),114.5,0.0,4.09,4.09,56.85,-0.36
1992-11-01,1992,11,Potassium chloride **,Fertilizers,($/mt),114.5,0.0,0.79,4.09,56.85,-0.36
1992-12-01,1992,12,Potassium chloride **,Fertilizers,($/mt),114.0,-0.44,-0.44,3.64,40.74,-0.81
1993-01-01,1993,1,Potassium chloride **,Fertilizers,($/mt),113.0,-0.88,-1.31,2.73,37.8,-1.21
1993-02-01,1993,2,Potassium chloride **,Fertilizers,($/mt),112.5,-0.44,-1.75,2.27,35.54,-0.65
1993-03-01,1993,3,Potassium chloride **,Fertilizers,($/mt),112.5,0.0,-1.32,2.27,35.54,-0.18
1993-04-01,1993,4,Potassium chloride **,Fertilizers,($/mt),112.5,0.0,-0.44,2.27,35.54,-0.18
1993-05-01,1993,5,Potassium chloride **,Fertilizers,($/mt),112.5,0.0,0.0,2.27,33.14,-0.18
1993-06-01,1993,6,Potassium chloride **,Fertilizers,($/mt),112.5,0.0,0.0,2.27,33.14,-0.18
1993-07-01,1993,7,Potassium chloride **,Fertilizers,($/mt),112.5,0.0,0.0,2.27,33.14,-0.18
1993-08-01,1993,8,Potassium chloride **,Fertilizers,($/mt),112.5,0.0,0.0,-0.97,20.97,-0.18
1993-09-01,1993,9,Potassium chloride **,Fertilizers,($/mt),112.5,0.0,0.0,-1.75,25.0,0.2
1993-10-01,1993,10,Potassium chloride **,Fertilizers,($/mt),112.5,0.0,0.0,-1.75,22.95,0.51
1993-11-01,1993,11,Potassium chloride **,Fertilizers,($/mt),112.5,0.0,0.0,-1.75,22.95,0.51
1993-12-01,1993,12,Potassium chloride **,Fertilizers,($/mt),112.5,0.0,0.0,-1.32,22.95,0.51
1994-01-01,1994,1,Potassium chloride **,Fertilizers,($/mt),112.5,0.0,0.0,-0.44,22.95,0.4
1994-02-01,1994,2,Potassium chloride **,Fertilizers,($/mt),112.5,0.0,0.0,0.0,10.84,0.29
1994-03-01,1994,3,Potassium chloride **,Fertilizers,($/mt),112.5,0.0,0.0,0.0,11.94,0.0
1994-04-01,1994,4,Potassium chloride **,Fertilizers,($/mt),112.5,0.0,0.0,0.0,14.21,0.0
1994-05-01,1994,5,Potassium chloride **,Fertilizers,($/mt),112.5,0.0,0.0,0.0,14.21,0.0
1994-06-01,1994,6,Potassium chloride **,Fertilizers,($/mt),112.5,0.0,0.0,0.0,14.21,0.0
1994-07-01,1994,7,Potassium chloride **,Fertilizers,($/mt),112.5,0.0,0.0,0.0,14.21,0.0
1994-08-01,1994,8,Potassium chloride **,Fertilizers,($/mt),112.5,0.0,0.0,0.0,14.21,0.0
1994-09-01,1994,9,Potassium chloride **,Fertilizers,($/mt),112.5,0.0,0.0,0.0,14.21,0.0
1994-10-01,1994,10,Potassium chloride **,Fertilizers,($/mt),112.5,0.0,0.0,0.0,14.21,0.0
1994-11-01,1994,11,Potassium chloride **,Fertilizers,($/mt),112.5,0.0,0.0,0.0,14.21,0.0
1994-12-01,1994,12,Potassium chloride **,Fertilizers,($/mt),112.5,0.0,0.0,0.0,14.21,0.0
1995-01-01,1995,1,Potassium chloride **,Fertilizers,($/mt),112.5,0.0,0.0,0.0,14.21,0.0
1995-02-01,1995,2,Potassium chloride **,Fertilizers,($/mt),112.5,0.0,0.0,0.0,14.21,0.0
1995-03-01,1995,3,Potassium chloride **,Fertilizers,($/mt),112.5,0.0,0.0,0.0,15.5,0.0
1995-04-01,1995,4,Potassium chloride **,Fertilizers,($/mt),112.5,0.0,0.0,0.0,20.71,0.0
1995-05-01,1995,5,Potassium chloride **,Fertilizers,($/mt),112.5,0.0,0.0,0.0,20.32,0.0
1995-06-01,1995,6,Potassium chloride **,Fertilizers,($/mt),112.5,0.0,0.0,0.0,20.32,0.0
1995-07-01,1995,7,Potassium chloride **,Fertilizers,($/mt),112.5,0.0,0.0,0.0,20.32,0.0
1995-08-01,1995,8,Potassium chloride **,Fertilizers,($/mt),112.5,0.0,0.0,0.0,20.32,0.0
1995-09-01,1995,9,Potassium chloride **,Fertilizers,($/mt),112.5,0.0,0.0,0.0,20.32,0.0
1995-10-01,1995,10,Potassium chloride **,Fertilizers,($/mt),112.5,0.0,0.0,0.0,20.32,0.0
1995-11-01,1995,11,Potassium chloride **,Fertilizers,($/mt),112.5,0.0,0.0,0.0,20.32,0.0
1995-12-01,1995,12,Potassium chloride **,Fertilizers,($/mt),112.5,0.0,0.0,0.0,20.32,0.0
1996-01-01,1996,1,Potassium chloride **,Fertilizers,($/mt),112.5,0.0,0.0,0.0,20.32,0.0
1996-02-01,1996,2,Potassium chloride **,Fertilizers,($/mt),112.5,0.0,0.0,0.0,17.68,0.0
1996-03-01,1996,3,Potassium chloride **,Fertilizers,($/mt),112.5,0.0,0.0,0.0,17.68,0.0
1996-04-01,1996,4,Potassium chloride **,Fertilizers,($/mt),112.5,0.0,0.0,0.0,4.17,0.0
1996-05-01,1996,5,Potassium chloride **,Fertilizers,($/mt),112.5,0.0,0.0,0.0,0.45,0.0
1996-06-01,1996,6,Potassium chloride **,Fertilizers,($/mt),112.5,0.0,0.0,0.0,0.45,0.0
1996-07-01,1996,7,Potassium chloride **,Fertilizers,($/mt),112.5,0.0,0.0,0.0,1.9,0.0
1996-08-01,1996,8,Potassium chloride **,Fertilizers,($/mt),112.5,0.0,0.0,0.0,2.27,0.0
1996-09-01,1996,9,Potassium chloride **,Fertilizers,($/mt),112.5,0.0,0.0,0.0,2.27,0.0
1996-10-01,1996,10,Potassium chloride **,Fertilizers,($/mt),112.5,0.0,0.0,0.0,2.27,0.0
1996-11-01,1996,11,Potassium chloride **,Fertilizers,($/mt),112.5,0.0,0.0,0.0,2.27,0.0
1996-12-01,1996,12,Potassium chloride **,Fertilizers,($/mt),112.5,0.0,0.0,0.0,2.27,0.0
1997-01-01,1997,1,Potassium chloride **,Fertilizers,($/mt),112.5,0.0,0.0,0.0,2.27,0.0
1997-02-01,1997,2,Potassium chloride **,Fertilizers,($/mt),112.5,0.0,0.0,0.0,2.27,0.0
1997-03-01,1997,3,Potassium chloride **,Fertilizers,($/mt),112.5,0.0,0.0,0.0,2.27,0.0
1997-04-01,1997,4,Potassium chloride **,Fertilizers,($/mt),112.5,0.0,0.0,0.0,2.27,0.0
1997-05-01,1997,5,Potassium chloride **,Fertilizers,($/mt),112.5,0.0,0.0,0.0,2.27,0.0
1997-06-01,1997,6,Potassium chloride **,Fertilizers,($/mt),112.5,0.0,0.0,0.0,2.27,0.0
1997-07-01,1997,7,Potassium chloride **,Fertilizers,($/mt),112.5,0.0,0.0,0.0,2.27,0.0
1997-08-01,1997,8,Potassium chloride **,Fertilizers,($/mt),112.5,0.0,0.0,0.0,-0.97,0.0
1997-09-01,1997,9,Potassium chloride **,Fertilizers,($/mt),112.5,0.0,0.0,0.0,-1.75,0.0
1997-10-01,1997,10,Potassium chloride **,Fertilizers,($/mt),112.5,0.0,0.0,0.0,-1.75,0.0
1997-11-01,1997,11,Potassium chloride **,Fertilizers,($/mt),112.5,0.0,0.0,0.0,-1.75,0.0
1997-12-01,1997,12,Potassium chloride **,Fertilizers,($/mt),112.5,0.0,0.0,0.0,-1.32,0.0
1998-01-01,1998,1,Potassium chloride **,Fertilizers,($/mt),112.5,0.0,0.0,0.0,-0.44,0.0
1998-02-01,1998,2,Potassium chloride **,Fertilizers,($/mt),112.5,0.0,0.0,0.0,0.0,0.0
1998-03-01,1998,3,Potassium chloride **,Fertilizers,($/mt),112.5,0.0,0.0,0.0,0.0,0.0
1998-04-01,1998,4,Potassium chloride **,Fertilizers,($/mt),112.5,0.0,0.0,0.0,0.0,0.0
1998-05-01,1998,5,Potassium chloride **,Fertilizers,($/mt),112.5,0.0,0.0,0.0,0.0,0.0
1998-06-01,1998,6,Potassium chloride **,Fertilizers,($/mt),112.5,0.0,0.0,0.0,0.0,0.0
1998-07-01,1998,7,Potassium chloride **,Fertilizers,($/mt),112.5,0.0,0.0,0.0,0.0,0.0
1998-08-01,1998,8,Potassium chloride **,Fertilizers,($/mt),112.5,0.0,0.0,0.0,0.0,0.0
1998-09-01,1998,9,Potassium chloride **,Fertilizers,($/mt),112.5,0.0,0.0,0.0,0.0,0.0
1998-10-01,1998,10,Potassium chloride **,Fertilizers,($/mt),112.5,0.0,0.0,0.0,0.0,0.0
1998-11-01,1998,11,Potassium chloride **,Fertilizers,($/mt),112.5,0.0,0.0,0.0,0.0,0.0
1998-12-01,1998,12,Potassium chloride **,Fertilizers,($/mt),112.5,0.0,0.0,0.0,0.0,0.0
1999-01-01,1999,1,Potassium chloride **,Fertilizers,($/mt),112.5,0.0,0.0,0.0,0.0,0.0
1999-02-01,1999,2,Potassium chloride **,Fertilizers,($/mt),112.5,0.0,0.0,0.0,0.0,0.0
1999-03-01,1999,3,Potassium chloride **,Fertilizers,($/mt),112.5,0.0,0.0,0.0,0.0,0.0
1999-04-01,1999,4,Potassium chloride **,Fertilizers,($/mt),112.5,0.0,0.0,0.0,0.0,0.0
1999-05-01,1999,5,Potassium chloride **,Fertilizers,($/mt),112.5,0.0,0.0,0.0,0.0,0.0
1999-06-01,1999,6,Potassium chloride **,Fertilizers,($/mt),112.5,0.0,0.0,0.0,0.0,0.0
1999-07-01,1999,7,Potassium chloride **,Fertilizers,($/mt),112.5,0.0,0.0,0.0,0.0,0.0
1999-08-01,1999,8,Potassium chloride **,Fertilizers,($/mt),112.5,0.0,0.0,0.0,0.0,0.0
1999-09-01,1999,9,Potassium chloride **,Fertilizers,($/mt),112.5,0.0,0.0,0.0,0.0,0.0
1999-10-01,1999,10,Potassium chloride **,Fertilizers,($/mt),112.5,0.0,0.0,0.0,0.0,0.0
1999-11-01,1999,11,Potassium chloride **,Fertilizers,($/mt),112.5,0.0,0.0,0.0,0.0,0.0
1999-12-01,1999,12,Potassium chloride **,Fertilizers,($/mt),112.5,0.0,0.0,0.0,0.0,0.0
2000-01-01,2000,1,Potassium chloride **,Fertilizers,($/mt),112.5,0.0,0.0,0.0,0.0,0.0
2000-02-01,2000,2,Potassium chloride **,Fertilizers,($/mt),112.5,0.0,0.0,0.0,0.0,0.0
2000-03-01,2000,3,Potassium chloride **,Fertilizers,($/mt),112.5,0.0,0.0,0.0,0.0,0.0
2000-04-01,2000,4,Potassium chloride **,Fertilizers,($/mt),112.5,0.0,0.0,0.0,0.0,0.0
2000-05-01,2000,5,Potassium chloride **,Fertilizers,($/mt),112.5,0.0,0.0,0.0,0.0,0.0
2000-06-01,2000,6,Potassium chloride **,Fertilizers,($/mt),112.5,0.0,0.0,0.0,0.0,0.0
2000-07-01,2000,7,Potassium chloride **,Fertilizers,($/mt),112.5,0.0,0.0,0.0,0.0,0.0
2000-08-01,2000,8,Potassium chloride **,Fertilizers,($/mt),112.5,0.0,0.0,0.0,0.0,0.0
2000-09-01,2000,9,Potassium chloride **,Fertilizers,($/mt),112.5,0.0,0.0,0.0,0.0,0.0
2000-10-01,2000,10,Potassium chloride **,Fertilizers,($/mt),112.5,0.0,0.0,0.0,0.0,0.0
2000-11-01,2000,11,Potassium chloride **,Fertilizers,($/mt),112.5,0.0,0.0,0.0,0.0,0.0
2000-12-01,2000,12,Potassium chloride **,Fertilizers,($/mt),112.5,0.0,0.0,0.0,0.0,0.0
2001-01-01,2001,1,Potassium chloride **,Fertilizers,($/mt),112.5,0.0,0.0,0.0,0.0,0.0
2001-02-01,2001,2,Potassium chloride **,Fertilizers,($/mt),112.5,0.0,0.0,0.0,0.0,0.0
2001-03-01,2001,3,Potassium chloride **,Fertilizers,($/mt),112.5,0.0,0.0,0.0,0.0,0.0
2001-04-01,2001,4,Potassium chloride **,Fertilizers,($/mt),112.5,0.0,0.0,0.0,0.0,0.0
2001-05-01,2001,5,Potassium chloride **,Fertilizers,($/mt),112.5,0.0,0.0,0.0,0.0,0.0
2001-06-01,2001,6,Potassium chloride **,Fertilizers,($/mt),112.5,0.0,0.0,0.0,0.0,0.0
2001-07-01,2001,7,Potassium chloride **,Fertilizers,($/mt),112.5,0.0,0.0,0.0,0.0,0.0
2001-08-01,2001,8,Potassium chloride **,Fertilizers,($/mt),112.5,0.0,0.0,0.0,0.0,0.0
2001-09-01,2001,9,Potassium chloride **,Fertilizers,($/mt),112.5,0.0,0.0,0.0,0.0,0.0
2001-10-01,2001,10,Potassium chloride **,Fertilizers,($/mt),112.5,0.0,0.0,0.0,0.0,0.0
2001-11-01,2001,11,Potassium chloride **,Fertilizers,($/mt),112.5,0.0,0.0,0.0,0.0,0.0
2001-12-01,2001,12,Potassium chloride **,Fertilizers,($/mt),112.5,0.0,0.0,0.0,0.0,0.0
2002-01-01,2002,1,Potassium chloride **,Fertilizers,($/mt),112.5,0.0,0.0,0.0,0.0,0.0
2002-02-01,2002,2,Potassium chloride **,Fertilizers,($/mt),112.5,0.0,0.0,0.0,0.0,0.0
2002-03-01,2002,3,Potassium chloride **,Fertilizers,($/mt),112.5,0.0,0.0,0.0,0.0,0.0
2002-04-01,2002,4,Potassium chloride **,Fertilizers,($/mt),112.5,0.0,0.0,0.0,0.0,0.0
2002-05-01,2002,5,Potassium chloride **,Fertilizers,($/mt),112.5,0.0,0.0,0.0,0.0,0.0
2002-06-01,2002,6,Potassium chloride **,Fertilizers,($/mt),112.5,0.0,0.0,0.0,0.0,0.0
2002-07-01,2002,7,Potassium chloride **,Fertilizers,($/mt),112.5,0.0,0.0,0.0,0.0,0.0
2002-08-01,2002,8,Potassium chloride **,Fertilizers,($/mt),112.5,0.0,0.0,0.0,0.0,0.0
2002-09-01,2002,9,Potassium chloride **,Fertilizers,($/mt),112.5,0.0,0.0,0.0,0.0,0.0
2002-10-01,2002,10,Potassium chloride **,Fertilizers,($/mt),112.5,0.0,0.0,0.0,0.0,0.0
2002-11-01,2002,11,Potassium chloride **,Fertilizers,($/mt),112.5,0.0,0.0,0.0,0.0,0.0
2002-12-01,2002,12,Potassium chloride **,Fertilizers,($/mt),112.5,0.0,0.0,0.0,0.0,0.0
2003-01-01,2003,1,Potassium chloride **,Fertilizers,($/mt),112.5,0.0,0.0,0.0,0.0,0.0
2003-02-01,2003,2,Potassium chloride **,Fertilizers,($/mt),112.5,0.0,0.0,0.0,0.0,0.0
2003-03-01,2003,3,Potassium chloride **,Fertilizers,($/mt),112.5,0.0,0.0,0.0,0.0,0.0
2003-04-01,2003,4,Potassium chloride **,Fertilizers,($/mt),112.5,0.0,0.0,0.0,0.0,0.0
2003-05-01,2003,5,Potassium chloride **,Fertilizers,($/mt),112.5,0.0,0.0,0.0,0.0,0.0
2003-06-01,2003,6,Potassium chloride **,Fertilizers,($/mt),112.5,0.0,0.0,0.0,0.0,0.0
2003-07-01,2003,7,Potassium chloride **,Fertilizers,($/mt),112.5,0.0,0.0,0.0,0.0,0.0
2003-08-01,2003,8,Potassium chloride **,Fertilizers,($/mt),112.5,0.0,0.0,0.0,0.0,0.0
2003-09-01,2003,9,Potassium chloride **,Fertilizers,($/mt),112.5,0.0,0.0,0.0,0.0,0.0
2003-10-01,2003,10,Potassium chloride **,Fertilizers,($/mt),112.5,0.0,0.0,0.0,0.0,0.0
2003-11-01,2003,11,Potassium chloride **,Fertilizers,($/mt),112.5,0.0,0.0,0.0,0.0,0.0
2003-12-01,2003,12,Potassium chloride **,Fertilizers,($/mt),112.5,0.0,0.0,0.0,0.0,0.0
2004-01-01,2004,1,Potassium chloride **,Fertilizers,($/mt),112.5,0.0,0.0,0.0,0.0,0.0
2004-02-01,2004,2,Potassium chloride **,Fertilizers,($/mt),112.5,0.0,0.0,0.0,0.0,0.0
2004-03-01,2004,3,Potassium chloride **,Fertilizers,($/mt),112.5,0.0,0.0,0.0,0.0,0.0
2004-04-01,2004,4,Potassium chloride **,Fertilizers,($/mt),112.5,0.0,0.0,0.0,0.0,0.0
2004-05-01,2004,5,Potassium chloride **,Fertilizers,($/mt),112.5,0.0,0.0,0.0,0.0,0.0
2004-06-01,2004,6,Potassium chloride **,Fertilizers,($/mt),112.5,0.0,0.0,0.0,0.0,0.0
2004-07-01,2004,7,Potassium chloride **,Fertilizers,($/mt),112.5,0.0,0.0,0.0,0.0,0.0
2004-08-01,2004,8,Potassium chloride **,Fertilizers,($/mt),125.9,11.91,11.91,11.91,11.91,0.0
2004-09-01,2004,9,Potassium chloride **,Fertilizers,($/mt),143.5,13.98,27.56,27.56,27.56,3.78
2004-10-01,2004,10,Potassium chloride **,Fertilizers,($/mt),146.0,1.74,29.78,29.78,29.78,-0.08
2004-11-01,2004,11,Potassium chloride **,Fertilizers,($/mt),151.2,3.56,20.1,34.4,34.4,0.25
2004-12-01,2004,12,Potassium chloride **,Fertilizers,($/mt),152.5,0.86,6.27,35.56,35.56,-0.35
2005-01-01,2005,1,Potassium chloride **,Fertilizers,($/mt),152.5,0.0,4.45,35.56,35.56,-0.54
2005-02-01,2005,2,Potassium chloride **,Fertilizers,($/mt),152.5,0.0,0.86,35.56,35.56,-0.54
2005-03-01,2005,3,Potassium chloride **,Fertilizers,($/mt),152.5,0.0,0.0,35.56,35.56,-0.54
2005-04-01,2005,4,Potassium chloride **,Fertilizers,($/mt),152.5,0.0,0.0,35.56,35.56,-0.54
2005-05-01,2005,5,Potassium chloride **,Fertilizers,($/mt),152.5,0.0,0.0,35.56,35.56,-0.54
2005-06-01,2005,6,Potassium chloride **,Fertilizers,($/mt),152.5,0.0,0.0,35.56,35.56,-0.54
2005-07-01,2005,7,Potassium chloride **,Fertilizers,($/mt),152.5,0.0,0.0,35.56,35.56,-0.54
2005-08-01,2005,8,Potassium chloride **,Fertilizers,($/mt),152.5,0.0,0.0,21.13,35.56,-0.54
2005-09-01,2005,9,Potassium chloride **,Fertilizers,($/mt),152.5,0.0,0.0,6.27,35.56,-0.42
2005-10-01,2005,10,Potassium chloride **,Fertilizers,($/mt),152.5,0.0,0.0,4.45,35.56,-0.47
2005-11-01,2005,11,Potassium chloride **,Fertilizers,($/mt),167.5,9.84,9.84,10.78,48.89,9.14
2005-12-01,2005,12,Potassium chloride **,Fertilizers,($/mt),167.5,0.0,9.84,9.84,48.89,-0.32
2006-01-01,2006,1,Potassium chloride **,Fertilizers,($/mt),167.5,0.0,9.84,9.84,48.89,-0.29
2006-02-01,2006,2,Potassium chloride **,Fertilizers,($/mt),167.5,0.0,0.0,9.84,48.89,-0.29
2006-03-01,2006,3,Potassium chloride **,Fertilizers,($/mt),167.5,0.0,0.0,9.84,48.89,-0.29
2006-04-01,2006,4,Potassium chloride **,Fertilizers,($/mt),167.5,0.0,0.0,9.84,48.89,-0.29
2006-05-01,2006,5,Potassium chloride **,Fertilizers,($/mt),167.5,0.0,0.0,9.84,48.89,-0.29
2006-06-01,2006,6,Potassium chloride **,Fertilizers,($/mt),167.5,0.0,0.0,9.84,48.89,-0.29
2006-07-01,2006,7,Potassium chloride **,Fertilizers,($/mt),172.5,2.99,2.99,13.11,53.33,0.76
2006-08-01,2006,8,Potassium chloride **,Fertilizers,($/mt),192.5,11.59,14.93,26.23,71.11,3.64
2006-09-01,2006,9,Potassium chloride **,Fertilizers,($/mt),192.5,0.0,14.93,26.23,71.11,-0.49
2006-10-01,2006,10,Potassium chloride **,Fertilizers,($/mt),192.5,0.0,11.59,26.23,71.11,-0.49
2006-11-01,2006,11,Potassium chloride **,Fertilizers,($/mt),192.5,0.0,0.0,14.93,71.11,-0.49
2006-12-01,2006,12,Potassium chloride **,Fertilizers,($/mt),192.5,0.0,0.0,14.93,71.11,-0.36
2007-01-01,2007,1,Potassium chloride **,Fertilizers,($/mt),192.5,0.0,0.0,14.93,71.11,-0.36
2007-02-01,2007,2,Potassium chloride **,Fertilizers,($/mt),192.5,0.0,0.0,14.93,71.11,-0.36
2007-03-01,2007,3,Potassium chloride **,Fertilizers,($/mt),192.5,0.0,0.0,14.93,71.11,-0.36
2007-04-01,2007,4,Potassium chloride **,Fertilizers,($/mt),192.5,0.0,0.0,14.93,71.11,-0.36
2007-05-01,2007,5,Potassium chloride **,Fertilizers,($/mt),192.5,0.0,0.0,14.93,71.11,-0.36
2007-06-01,2007,6,Potassium chloride **,Fertilizers,($/mt),192.5,0.0,0.0,14.93,71.11,-0.36
2007-07-01,2007,7,Potassium chloride **,Fertilizers,($/mt),192.5,0.0,0.0,11.59,71.11,-0.36
2007-08-01,2007,8,Potassium chloride **,Fertilizers,($/mt),192.5,0.0,0.0,0.0,71.11,-0.29
2007-09-01,2007,9,Potassium chloride **,Fertilizers,($/mt),197.5,2.6,2.6,2.6,75.56,0.0
2007-10-01,2007,10,Potassium chloride **,Fertilizers,($/mt),202.5,2.53,5.19,5.19,80.0,3.09
2007-11-01,2007,11,Potassium chloride **,Fertilizers,($/mt),202.5,0.0,5.19,5.19,80.0,-0.43
2007-12-01,2007,12,Potassium chloride **,Fertilizers,($/mt),202.5,0.0,2.53,5.19,80.0,-0.43
2008-01-01,2008,1,Potassium chloride **,Fertilizers,($/mt),230.6,13.88,13.88,19.79,104.98,13.47
2008-02-01,2008,2,Potassium chloride **,Fertilizers,($/mt),240.0,4.08,18.52,24.68,113.33,0.62
2008-03-01,2008,3,Potassium chloride **,Fertilizers,($/mt),240.0,0.0,18.52,24.68,113.33,-0.48
2008-04-01,2008,4,Potassium chloride **,Fertilizers,($/mt),393.0,63.75,70.42,104.16,249.33,15.37
2008-05-01,2008,5,Potassium chloride **,Fertilizers,($/mt),546.0,38.93,127.5,183.64,385.33,1.74
2008-06-01,2008,6,Potassium chloride **,Fertilizers,($/mt),546.0,0.0,127.5,183.64,385.33,-0.52
2008-07-01,2008,7,Potassium chloride **,Fertilizers,($/mt),546.0,0.0,38.93,183.64,385.33,-0.52
2008-08-01,2008,8,Potassium chloride **,Fertilizers,($/mt),546.0,0.0,0.0,183.64,385.33,-0.52
2008-09-01,2008,9,Potassium chloride **,Fertilizers,($/mt),546.0,0.0,0.0,176.46,385.33,-0.52
2008-10-01,2008,10,Potassium chloride **,Fertilizers,($/mt),546.0,0.0,0.0,169.63,385.33,-0.51
2008-11-01,2008,11,Potassium chloride **,Fertilizers,($/mt),546.0,0.0,0.0,169.63,385.33,-0.49
2008-12-01,2008,12,Potassium chloride **,Fertilizers,($/mt),546.0,0.0,0.0,169.63,385.33,-0.49
2009-01-01,2009,1,Potassium chloride **,Fertilizers,($/mt),546.0,0.0,0.0,136.77,385.33,-0.49
2009-02-01,2009,2,Potassium chloride **,Fertilizers,($/mt),580.1,6.25,6.25,141.71,415.64,-0.13
2009-03-01,2009,3,Potassium chloride **,Fertilizers,($/mt),682.5,17.65,25.0,184.38,506.67,0.42
2009-04-01,2009,4,Potassium chloride **,Fertilizers,($/mt),682.5,0.0,25.0,73.66,506.67,-0.52
2009-05-01,2009,5,Potassium chloride **,Fertilizers,($/mt),682.5,0.0,17.65,25.0,506.67,-0.44
2009-06-01,2009,6,Potassium chloride **,Fertilizers,($/mt),682.5,0.0,0.0,25.0,506.67,-0.38
2009-07-01,2009,7,Potassium chloride **,Fertilizers,($/mt),615.6,-9.8,-9.8,12.75,447.2,-2.25
2009-08-01,2009,8,Potassium chloride **,Fertilizers,($/mt),530.0,-13.91,-22.34,-2.93,320.97,-2.41
2009-09-01,2009,9,Potassium chloride **,Fertilizers,($/mt),425.0,-19.81,-37.73,-22.16,196.17,-2.6
2009-10-01,2009,10,Potassium chloride **,Fertilizers,($/mt),425.0,0.0,-30.96,-22.16,191.1,0.17
2009-11-01,2009,11,Potassium chloride **,Fertilizers,($/mt),425.0,0.0,-19.81,-22.16,181.08,0.17
2009-12-01,2009,12,Potassium chloride **,Fertilizers,($/mt),425.0,0.0,0.0,-22.16,178.69,0.17
2010-01-01,2010,1,Potassium chloride **,Fertilizers,($/mt),389.4,-8.38,-8.38,-28.68,155.34,-0.71
2010-02-01,2010,2,Potassium chloride **,Fertilizers,($/mt),374.4,-3.85,-11.91,-35.46,145.51,-0.16
2010-03-01,2010,3,Potassium chloride **,Fertilizers,($/mt),340.0,-9.19,-20.0,-50.18,122.95,-0.64
2010-04-01,2010,4,Potassium chloride **,Fertilizers,($/mt),340.0,0.0,-12.69,-50.18,122.95,0.8
2010-05-01,2010,5,Potassium chloride **,Fertilizers,($/mt),334.5,-1.62,-10.66,-50.99,119.34,0.56
2010-06-01,2010,6,Potassium chloride **,Fertilizers,($/mt),312.5,-6.58,-8.09,-54.21,104.92,-0.16
2010-07-01,2010,7,Potassium chloride **,Fertilizers,($/mt),312.5,0.0,-8.09,-49.24,104.92,0.95
2010-08-01,2010,8,Potassium chloride **,Fertilizers,($/mt),312.5,0.0,-6.58,-41.04,104.92,0.81
2010-09-01,2010,9,Potassium chloride **,Fertilizers,($/mt),312.5,0.0,0.0,-26.47,104.92,0.68
2010-10-01,2010,10,Potassium chloride **,Fertilizers,($/mt),312.5,0.0,0.0,-26.47,104.92,0.69
2010-11-01,2010,11,Potassium chloride **,Fertilizers,($/mt),322.5,3.2,3.2,-24.12,92.54,1.58
2010-12-01,2010,12,Potassium chloride **,Fertilizers,($/mt),322.5,0.0,3.2,-24.12,92.54,0.56
2011-01-01,2011,1,Potassium chloride **,Fertilizers,($/mt),322.5,0.0,3.2,-17.18,92.54,0.56
2011-02-01,2011,2,Potassium chloride **,Fertilizers,($/mt),374.4,16.09,16.09,0.0,123.52,5.15
2011-03-01,2011,3,Potassium chloride **,Fertilizers,($/mt),340.0,-9.19,5.43,0.0,102.99,-1.55
2011-04-01,2011,4,Potassium chloride **,Fertilizers,($/mt),340.0,0.0,5.43,0.0,102.99,-0.03
2011-05-01,2011,5,Potassium chloride **,Fertilizers,($/mt),334.5,-1.62,-10.66,0.0,99.7,-0.29
2011-06-01,2011,6,Potassium chloride **,Fertilizers,($/mt),355.0,6.13,4.41,13.6,111.94,0.99
2011-07-01,2011,7,Potassium chloride **,Fertilizers,($/mt),442.5,24.65,30.15,41.6,156.52,4.01
2011-08-01,2011,8,Potassium chloride **,Fertilizers,($/mt),442.5,0.0,32.29,41.6,129.87,-0.37
2011-09-01,2011,9,Potassium chloride **,Fertilizers,($/mt),442.5,0.0,24.65,41.6,129.87,-0.37
2011-10-01,2011,10,Potassium chloride **,Fertilizers,($/mt),435.0,-1.69,-1.69,39.2,125.97,-0.56
2011-11-01,2011,11,Potassium chloride **,Fertilizers,($/mt),435.0,0.0,-1.69,34.88,125.97,-0.35
2011-12-01,2011,12,Potassium chloride **,Fertilizers,($/mt),450.0,3.45,1.69,39.53,133.77,0.06
2012-01-01,2012,1,Potassium chloride **,Fertilizers,($/mt),495.0,10.0,13.79,53.49,157.14,0.76
2012-02-01,2012,2,Potassium chloride **,Fertilizers,($/mt),495.0,0.0,13.79,32.21,157.14,-0.44
2012-03-01,2012,3,Potassium chloride **,Fertilizers,($/mt),495.0,0.0,10.0,45.59,157.14,-0.32
2012-04-01,2012,4,Potassium chloride **,Fertilizers,($/mt),477.5,-3.54,-3.54,40.44,148.05,-0.92
2012-05-01,2012,5,Potassium chloride **,Fertilizers,($/mt),477.5,0.0,-3.54,42.75,148.05,-0.4
2012-06-01,2012,6,Potassium chloride **,Fertilizers,($/mt),477.5,0.0,-3.54,34.51,148.05,-0.42
2012-07-01,2012,7,Potassium chloride **,Fertilizers,($/mt),279.5,-41.47,-41.47,-36.84,45.19,-5.77
2012-08-01,2012,8,Potassium chloride **,Fertilizers,($/mt),477.5,70.84,0.0,7.91,148.05,5.83
2012-09-01,2012,9,Potassium chloride **,Fertilizers,($/mt),477.5,0.0,0.0,7.91,141.77,-0.13
2012-10-01,2012,10,Potassium chloride **,Fertilizers,($/mt),477.5,0.0,70.84,9.77,135.8,-0.13
2012-11-01,2012,11,Potassium chloride **,Fertilizers,($/mt),477.5,0.0,0.0,9.77,135.8,-0.13
2012-12-01,2012,12,Potassium chloride **,Fertilizers,($/mt),477.5,0.0,0.0,6.11,135.8,-0.13
2013-01-01,2013,1,Potassium chloride **,Fertilizers,($/mt),395.0,-17.28,-17.28,-20.2,71.29,-0.82
2013-02-01,2013,2,Potassium chloride **,Fertilizers,($/mt),395.0,0.0,-17.28,-20.2,64.58,-0.03
2013-03-01,2013,3,Potassium chloride **,Fertilizers,($/mt),395.0,0.0,-17.28,-20.2,64.58,-0.03
2013-04-01,2013,4,Potassium chloride **,Fertilizers,($/mt),395.0,0.0,0.0,-17.28,0.51,-0.03
2013-05-01,2013,5,Potassium chloride **,Fertilizers,($/mt),395.0,0.0,0.0,-17.28,-27.66,-0.04
2013-06-01,2013,6,Potassium chloride **,Fertilizers,($/mt),395.0,0.0,0.0,-17.28,-27.66,-0.04
2013-07-01,2013,7,Potassium chloride **,Fertilizers,($/mt),395.0,0.0,0.0,41.32,-27.66,-0.04
2013-08-01,2013,8,Potassium chloride **,Fertilizers,($/mt),395.0,0.0,0.0,-17.28,-27.66,-0.21
2013-09-01,2013,9,Potassium chloride **,Fertilizers,($/mt),395.0,0.0,0.0,-17.28,-27.66,0.29
2013-10-01,2013,10,Potassium chloride **,Fertilizers,($/mt),395.0,0.0,0.0,-17.28,-27.66,0.29
2013-11-01,2013,11,Potassium chloride **,Fertilizers,($/mt),395.0,0.0,0.0,-17.28,-27.66,0.29
2013-12-01,2013,12,Potassium chloride **,Fertilizers,($/mt),395.0,0.0,0.0,-17.28,-27.66,0.29
2014-01-01,2014,1,Potassium chloride **,Fertilizers,($/mt),395.0,0.0,0.0,0.0,-27.66,0.29
2014-02-01,2014,2,Potassium chloride **,Fertilizers,($/mt),307.6,-22.13,-22.13,-22.13,-46.97,0.0
2014-03-01,2014,3,Potassium chloride **,Fertilizers,($/mt),278.5,-9.46,-29.49,-29.49,-59.19,-1.19
2014-04-01,2014,4,Potassium chloride **,Fertilizers,($/mt),299.0,7.36,-24.3,-24.3,-56.19,1.49
2014-05-01,2014,5,Potassium chloride **,Fertilizers,($/mt),300.9,0.64,-2.18,-23.82,-55.91,0.36
2014-06-01,2014,6,Potassium chloride **,Fertilizers,($/mt),301.5,0.2,8.26,-23.67,-55.82,0.3
2014-07-01,2014,7,Potassium chloride **,Fertilizers,($/mt),279.5,-7.3,-6.52,-29.24,-54.6,-0.73
2014-08-01,2014,8,Potassium chloride **,Fertilizers,($/mt),279.5,0.0,-7.11,-29.24,-47.26,0.34
2014-09-01,2014,9,Potassium chloride **,Fertilizers,($/mt),279.5,0.0,-7.3,-29.24,-34.24,0.34
2014-10-01,2014,10,Potassium chloride **,Fertilizers,($/mt),279.5,0.0,0.0,-29.24,-34.24,0.34
2014-11-01,2014,11,Potassium chloride **,Fertilizers,($/mt),279.5,0.0,0.0,-29.24,-34.24,0.34
2014-12-01,2014,12,Potassium chloride **,Fertilizers,($/mt),279.5,0.0,0.0,-29.24,-34.24,0.34
2015-01-01,2015,1,Potassium chloride **,Fertilizers,($/mt),279.5,0.0,0.0,-29.24,-28.22,0.34
2015-02-01,2015,2,Potassium chloride **,Fertilizers,($/mt),279.5,0.0,0.0,-9.14,-25.35,0.34
2015-03-01,2015,3,Potassium chloride **,Fertilizers,($/mt),283.4,1.4,1.4,1.76,-16.65,0.51
2015-04-01,2015,4,Potassium chloride **,Fertilizers,($/mt),299.0,5.5,6.98,0.0,-12.06,1.69
2015-05-01,2015,5,Potassium chloride **,Fertilizers,($/mt),300.9,0.64,7.66,0.0,-10.04,0.21
2015-06-01,2015,6,Potassium chloride **,Fertilizers,($/mt),301.5,0.2,6.39,0.0,-3.52,0.06
2015-07-01,2015,7,Potassium chloride **,Fertilizers,($/mt),301.5,0.0,0.84,7.87,-3.52,-0.01
2015-08-01,2015,8,Potassium chloride **,Fertilizers,($/mt),301.5,0.0,0.2,7.87,-3.52,-0.41
2015-09-01,2015,9,Potassium chloride **,Fertilizers,($/mt),301.5,0.0,0.0,7.87,-3.52,-0.41
2015-10-01,2015,10,Potassium chloride **,Fertilizers,($/mt),301.5,0.0,0.0,7.87,-3.52,-0.41
2015-11-01,2015,11,Potassium chloride **,Fertilizers,($/mt),301.5,0.0,0.0,7.87,-6.51,-0.41
2015-12-01,2015,12,Potassium chloride **,Fertilizers,($/mt),301.5,0.0,0.0,7.87,-6.51,-0.41
2016-01-01,2016,1,Potassium chloride **,Fertilizers,($/mt),301.5,0.0,0.0,7.87,-6.51,-0.41
2016-02-01,2016,2,Potassium chloride **,Fertilizers,($/mt),301.5,0.0,0.0,7.87,-19.47,-0.41
2016-03-01,2016,3,Potassium chloride **,Fertilizers,($/mt),301.5,0.0,0.0,6.39,-11.32,-0.41
2016-04-01,2016,4,Potassium chloride **,Fertilizers,($/mt),301.5,0.0,0.0,0.84,-11.32,-0.33
2016-05-01,2016,5,Potassium chloride **,Fertilizers,($/mt),301.5,0.0,0.0,0.2,-9.87,-0.37
2016-06-01,2016,6,Potassium chloride **,Fertilizers,($/mt),301.5,0.0,0.0,0.0,-15.07,-0.29
2016-07-01,2016,7,Potassium chloride **,Fertilizers,($/mt),282.5,-6.3,-6.3,-6.3,-36.16,0.0
2016-08-01,2016,8,Potassium chloride **,Fertilizers,($/mt),206.5,-26.9,-31.51,-31.51,-53.33,-14.5
2016-09-01,2016,9,Potassium chloride **,Fertilizers,($/mt),206.5,0.0,-31.51,-31.51,-53.33,0.35
2016-10-01,2016,10,Potassium chloride **,Fertilizers,($/mt),206.5,0.0,-26.9,-31.51,-52.53,0.35
2016-11-01,2016,11,Potassium chloride **,Fertilizers,($/mt),206.5,0.0,0.0,-31.51,-52.53,0.35
2016-12-01,2016,12,Potassium chloride **,Fertilizers,($/mt),206.5,0.0,0.0,-31.51,-54.11,0.35
2017-01-01,2017,1,Potassium chloride **,Fertilizers,($/mt),206.5,0.0,0.0,-31.51,-58.28,0.35
2017-02-01,2017,2,Potassium chloride **,Fertilizers,($/mt),301.5,46.0,46.0,0.0,-39.09,6.24
2017-03-01,2017,3,Potassium chloride **,Fertilizers,($/mt),206.5,-31.51,0.0,-31.51,-58.28,-2.02
2017-04-01,2017,4,Potassium chloride **,Fertilizers,($/mt),206.5,0.0,0.0,-31.51,-56.75,0.08
2017-05-01,2017,5,Potassium chloride **,Fertilizers,($/mt),206.5,0.0,-31.51,-31.51,-56.75,0.08
2017-06-01,2017,6,Potassium chloride **,Fertilizers,($/mt),206.5,0.0,0.0,-31.51,-56.75,0.08
2017-07-01,2017,7,Potassium chloride **,Fertilizers,($/mt),207.3,0.39,0.39,-26.62,-25.83,0.1
2017-08-01,2017,8,Potassium chloride **,Fertilizers,($/mt),215.5,3.96,4.36,4.36,-54.87,0.27
2017-09-01,2017,9,Potassium chloride **,Fertilizers,($/mt),215.5,0.0,4.36,4.36,-54.87,-0.09
2017-10-01,2017,10,Potassium chloride **,Fertilizers,($/mt),215.5,0.0,3.96,4.36,-54.87,-0.09
2017-11-01,2017,11,Potassium chloride **,Fertilizers,($/mt),215.5,0.0,0.0,4.36,-54.87,-0.09
2017-12-01,2017,12,Potassium chloride **,Fertilizers,($/mt),215.5,0.0,0.0,4.36,-54.87,-0.09
2018-01-01,2018,1,Potassium chloride **,Fertilizers,($/mt),215.5,0.0,0.0,4.36,-45.44,-0.09
2018-02-01,2018,2,Potassium chloride **,Fertilizers,($/mt),215.5,0.0,0.0,-28.52,-45.44,-0.09
2018-03-01,2018,3,Potassium chloride **,Fertilizers,($/mt),215.5,0.0,0.0,4.36,-45.44,0.24
2018-04-01,2018,4,Potassium chloride **,Fertilizers,($/mt),215.5,0.0,0.0,4.36,-45.44,-0.32
2018-05-01,2018,5,Potassium chloride **,Fertilizers,($/mt),215.5,0.0,0.0,4.36,-45.44,-0.32
2018-06-01,2018,6,Potassium chloride **,Fertilizers,($/mt),215.5,0.0,0.0,4.36,-45.44,-0.32
2018-07-01,2018,7,Potassium chloride **,Fertilizers,($/mt),215.5,0.0,0.0,3.96,-45.44,-0.32
2018-08-01,2018,8,Potassium chloride **,Fertilizers,($/mt),215.5,0.0,0.0,0.0,-45.44,-0.29
2018-09-01,2018,9,Potassium chloride **,Fertilizers,($/mt),215.5,0.0,0.0,0.0,-45.44,0.0
2018-10-01,2018,10,Potassium chloride **,Fertilizers,($/mt),215.5,0.0,0.0,0.0,-45.44,0.0
2018-11-01,2018,11,Potassium chloride **,Fertilizers,($/mt),215.5,0.0,0.0,0.0,-45.44,0.0
2018-12-01,2018,12,Potassium chloride **,Fertilizers,($/mt),215.5,0.0,0.0,0.0,-45.44,0.0
2019-01-01,2019,1,Potassium chloride **,Fertilizers,($/mt),215.5,0.0,0.0,0.0,-45.44,0.0
2019-02-01,2019,2,Potassium chloride **,Fertilizers,($/mt),215.5,0.0,0.0,0.0,-29.94,0.0
2019-03-01,2019,3,Potassium chloride **,Fertilizers,($/mt),245.5,13.92,13.92,13.92,-11.85,0.0
2019-04-01,2019,4,Potassium chloride **,Fertilizers,($/mt),265.5,8.15,23.2,23.2,-11.2,1.74
2019-05-01,2019,5,Potassium chloride **,Fertilizers,($/mt),265.5,0.0,23.2,23.2,-11.76,-0.41
2019-06-01,2019,6,Potassium chloride **,Fertilizers,($/mt),265.5,0.0,8.15,23.2,-11.94,-0.41
2019-07-01,2019,7,Potassium chloride **,Fertilizers,($/mt),265.5,0.0,0.0,23.2,-5.01,-0.41
2019-08-01,2019,8,Potassium chloride **,Fertilizers,($/mt),265.5,0.0,0.0,23.2,-5.01,-0.41
2019-09-01,2019,9,Potassium chloride **,Fertilizers,($/mt),265.5,0.0,0.0,23.2,-5.01,-0.41
2019-10-01,2019,10,Potassium chloride **,Fertilizers,($/mt),265.5,0.0,0.0,23.2,-5.01,-0.41
2019-11-01,2019,11,Potassium chloride **,Fertilizers,($/mt),265.5,0.0,0.0,23.2,-5.01,-0.41
2019-12-01,2019,12,Potassium chloride **,Fertilizers,($/mt),265.5,0.0,0.0,23.2,-5.01,-0.41
2020-01-01,2020,1,Potassium chloride **,Fertilizers,($/mt),268.7,1.21,1.21,24.69,-3.86,-0.14
2020-02-01,2020,2,Potassium chloride **,Fertilizers,($/mt),243.4,-9.42,-8.32,12.95,-12.92,-2.56
2020-03-01,2020,3,Potassium chloride **,Fertilizers,($/mt),235.0,-3.45,-11.49,-4.28,-17.08,-0.84
2020-04-01,2020,4,Potassium chloride **,Fertilizers,($/mt),220.4,-6.21,-17.98,-16.99,-26.29,-1.52
2020-05-01,2020,5,Potassium chloride **,Fertilizers,($/mt),222.2,0.82,-8.71,-16.31,-26.15,0.72
2020-06-01,2020,6,Potassium chloride **,Fertilizers,($/mt),226.3,1.85,-3.7,-14.76,-24.94,1.0
2020-07-01,2020,7,Potassium chloride **,Fertilizers,($/mt),237.5,4.95,7.76,-10.55,-21.23,1.84
2020-08-01,2020,8,Potassium chloride **,Fertilizers,($/mt),240.4,1.22,8.19,-9.45,-20.27,0.54
2020-09-01,2020,9,Potassium chloride **,Fertilizers,($/mt),247.8,3.08,9.5,-6.67,-17.81,0.99
2020-10-01,2020,10,Potassium chloride **,Fertilizers,($/mt),255.0,2.91,7.37,-3.95,-15.42,0.85
2020-11-01,2020,11,Potassium chloride **,Fertilizers,($/mt),250.0,-1.96,3.99,-5.84,-17.08,-0.41
2020-12-01,2020,12,Potassium chloride **,Fertilizers,($/mt),246.3,-1.48,-0.61,-7.23,-18.31,-0.26
2021-01-01,2021,1,Potassium chloride **,Fertilizers,($/mt),255.5,3.74,0.2,-4.91,-15.26,1.03
2021-02-01,2021,2,Potassium chloride **,Fertilizers,($/mt),290.6,13.74,16.24,19.39,-3.62,3.25
2021-03-01,2021,3,Potassium chloride **,Fertilizers,($/mt),320.9,10.43,30.29,36.55,6.43,1.76
2021-04-01,2021,4,Potassium chloride **,Fertilizers,($/mt),345.5,7.67,35.23,56.76,14.59,0.92
2021-05-01,2021,5,Potassium chloride **,Fertilizers,($/mt),378.1,9.44,30.11,70.16,25.41,1.18
2021-06-01,2021,6,Potassium chloride **,Fertilizers,($/mt),462.5,22.32,44.13,104.37,53.4,3.67
2021-07-01,2021,7,Potassium chloride **,Fertilizers,($/mt),633.0,36.86,83.21,166.53,124.07,4.42
2021-08-01,2021,8,Potassium chloride **,Fertilizers,($/mt),695.0,9.79,83.81,189.1,236.56,0.07
2021-09-01,2021,9,Potassium chloride **,Fertilizers,($/mt),736.3,5.94,59.2,197.13,256.56,-0.35
2021-10-01,2021,10,Potassium chloride **,Fertilizers,($/mt),782.0,6.21,23.54,206.67,278.69,-0.35
2021-11-01,2021,11,Potassium chloride **,Fertilizers,($/mt),806.9,3.18,16.1,222.76,290.75,-0.66
2021-12-01,2021,12,Potassium chloride **,Fertilizers,($/mt),807.5,0.07,9.67,227.85,291.04,-1.04
2022-01-01,2022,1,Potassium chloride **,Fertilizers,($/mt),785.6,-2.71,0.46,207.48,280.44,-1.35
2022-02-01,2022,2,Potassium chloride **,Fertilizers,($/mt),791.9,0.8,-1.86,172.51,162.65,-0.89
2022-03-01,2022,3,Potassium chloride **,Fertilizers,($/mt),977.5,23.44,21.05,204.61,373.37,1.32
2022-04-01,2022,4,Potassium chloride **,Fertilizers,($/mt),1202.0,22.97,53.0,247.9,482.08,1.1
2022-05-01,2022,5,Potassium chloride **,Fertilizers,($/mt),1170.0,-2.66,47.75,209.44,466.59,-1.17
2022-06-01,2022,6,Potassium chloride **,Fertilizers,($/mt),1101.9,-5.82,12.73,138.25,433.61,-1.28
2022-07-01,2022,7,Potassium chloride **,Fertilizers,($/mt),1013.0,-8.07,-15.72,60.03,388.66,-1.25
2022-08-01,2022,8,Potassium chloride **,Fertilizers,($/mt),888.8,-12.26,-24.03,27.88,312.44,-1.64
2022-09-01,2022,9,Potassium chloride **,Fertilizers,($/mt),731.0,-17.75,-33.66,-0.72,239.21,-1.84
2022-10-01,2022,10,Potassium chloride **,Fertilizers,($/mt),622.5,-14.84,-38.55,-20.4,188.86,-1.24
2022-11-01,2022,11,Potassium chloride **,Fertilizers,($/mt),563.1,-9.54,-36.64,-30.21,161.3,-0.64
2022-12-01,2022,12,Potassium chloride **,Fertilizers,($/mt),513.8,-8.76,-29.71,-36.37,138.42,-0.5
2023-01-01,2023,1,Potassium chloride **,Fertilizers,($/mt),508.8,-0.97,-18.27,-35.23,136.1,0.15
2023-02-01,2023,2,Potassium chloride **,Fertilizers,($/mt),496.9,-2.34,-11.76,-37.25,130.58,0.03
2023-03-01,2023,3,Potassium chloride **,Fertilizers,($/mt),453.0,-8.83,-11.83,-53.66,110.21,-0.44
2023-04-01,2023,4,Potassium chloride **,Fertilizers,($/mt),407.5,-10.04,-19.91,-66.1,89.1,-0.42
2023-05-01,2023,5,Potassium chloride **,Fertilizers,($/mt),372.5,-8.59,-25.04,-68.16,72.85,-0.02
2023-06-01,2023,6,Potassium chloride **,Fertilizers,($/mt),328.0,-11.95,-27.59,-70.23,52.2,-0.63
2023-07-01,2023,7,Potassium chloride **,Fertilizers,($/mt),341.3,4.05,-16.25,-66.31,58.38,2.91
2023-08-01,2023,8,Potassium chloride **,Fertilizers,($/mt),353.1,3.46,-5.21,-60.27,63.85,1.96
2023-09-01,2023,9,Potassium chloride **,Fertilizers,($/mt),352.0,-0.31,7.32,-51.85,63.34,1.0
2023-10-01,2023,10,Potassium chloride **,Fertilizers,($/mt),341.9,-2.87,0.18,-45.08,58.65,0.46
2023-11-01,2023,11,Potassium chloride **,Fertilizers,($/mt),331.9,-2.92,-6.0,-41.06,54.01,0.32
2023-12-01,2023,12,Potassium chloride **,Fertilizers,($/mt),311.9,-6.03,-11.39,-39.3,44.73,-0.35
2024-01-01,2024,1,Potassium chloride **,Fertilizers,($/mt),296.3,-5.0,-13.34,-41.76,37.49,-0.2
2024-02-01,2024,2,Potassium chloride **,Fertilizers,($/mt),289.4,-2.33,-12.81,-41.76,34.29,0.38
2024-03-01,2024,3,Potassium chloride **,Fertilizers,($/mt),300.5,3.84,-3.66,-33.66,22.4,1.59
2024-04-01,2024,4,Potassium chloride **,Fertilizers,($/mt),305.0,1.5,2.94,-25.15,14.88,0.88
2024-05-01,2024,5,Potassium chloride **,Fertilizers,($/mt),307.0,0.66,6.08,-17.58,15.63,0.57
2024-06-01,2024,6,Potassium chloride **,Fertilizers,($/mt),310.0,0.98,3.16,-5.49,16.76,0.52
2024-07-01,2024,7,Potassium chloride **,Fertilizers,($/mt),300.6,-3.03,-1.44,-11.92,13.22,-0.77
2024-08-01,2024,8,Potassium chloride **,Fertilizers,($/mt),294.0,-2.2,-4.23,-16.74,10.73,-0.37
2024-09-01,2024,9,Potassium chloride **,Fertilizers,($/mt),286.9,-2.41,-7.45,-18.49,8.06,-0.33
2024-10-01,2024,10,Potassium chloride **,Fertilizers,($/mt),278.1,-3.07,-7.49,-18.66,4.75,-0.5
2024-11-01,2024,11,Potassium chloride **,Fertilizers,($/mt),281.0,1.04,-4.42,-15.34,5.84,0.95
2024-12-01,2024,12,Potassium chloride **,Fertilizers,($/mt),292.5,4.09,1.95,-6.22,10.17,1.86
2025-01-01,2025,1,Potassium chloride **,Fertilizers,($/mt),302.0,3.25,8.59,1.92,12.39,1.29
2025-02-01,2025,2,Potassium chloride **,Fertilizers,($/mt),318.8,5.56,13.45,10.16,30.98,1.98
2025-03-01,2025,3,Potassium chloride **,Fertilizers,($/mt),336.3,5.49,14.97,11.91,43.11,1.55
2025-04-01,2025,4,Potassium chloride **,Fertilizers,($/mt),351.9,4.64,16.52,15.38,59.66,1.15
2025-05-01,2025,5,Potassium chloride **,Fertilizers,($/mt),362.5,3.01,13.71,18.08,63.14,0.53
2025-06-01,2025,6,Potassium chloride **,Fertilizers,($/mt),363.1,0.17,7.97,17.13,60.45,-0.38
2025-07-01,2025,7,Potassium chloride **,Fertilizers,($/mt),362.5,-0.17,3.01,20.59,52.63,-0.46
2025-08-01,2025,8,Potassium chloride **,Fertilizers,($/mt),356.5,-1.66,-1.66,21.26,48.29,-1.04
2025-09-01,2025,9,Potassium chloride **,Fertilizers,($/mt),352.5,-1.12,-2.92,22.87,42.25,-0.9
2025-10-01,2025,10,Potassium chloride **,Fertilizers,($/mt),352.0,-0.14,-2.9,26.57,38.04,-0.65
2025-11-01,2025,11,Potassium chloride **,Fertilizers,($/mt),353.8,0.51,-0.76,25.91,41.52,-0.57
2025-12-01,2025,12,Potassium chloride **,Fertilizers,($/mt),358.3,1.27,1.65,22.5,45.47,-0.26
2026-01-01,2026,1,Potassium chloride **,Fertilizers,($/mt),366.0,2.15,3.98,21.19,43.25,0.16
2026-02-01,2026,2,Potassium chloride **,Fertilizers,($/mt),372.5,1.78,5.29,16.84,28.18,0.05
2026-03-01,2026,3,Potassium chloride **,Fertilizers,($/mt),380.6,2.17,6.22,13.17,18.6,0.38
2026-04-01,2026,4,Potassium chloride **,Fertilizers,($/mt),401.3,5.44,9.64,14.04,16.15,2.43
2026-05-01,2026,5,Potassium chloride **,Fertilizers,($/mt),405.0,0.92,8.72,11.72,7.11,-0.1
2026-06-01,2026,6,Potassium chloride **,Fertilizers,($/mt),402.5,-0.62,5.75,10.85,-12.97,-0.84
2026-07-01,2026,7,Potassium chloride **,Fertilizers,($/mt),396.5,-1.49,-1.2,9.38,-37.36,-1.24
2026-08-01,2026,8,Potassium chloride **,Fertilizers,($/mt),386.9,-2.42,-4.47,8.53,-44.33,-1.59
2026-09-01,2026,9,Potassium chloride **,Fertilizers,($/mt),367.5,-5.01,-8.7,4.26,-50.09,-2.72
2002-02-01,2002,2,Rapeseed oil,Oils & Meals,($/mt),423.0,,,,,
2002-03-01,2002,3,Rapeseed oil,Oils & Meals,($/mt),416.0,-1.65,,,,
2002-04-01,2002,4,Rapeseed oil,Oils & Meals,($/mt),411.0,-1.2,,,,
2002-05-01,2002,5,Rapeseed oil,Oils & Meals,($/mt),415.0,0.97,-1.89,,,
2002-06-01,2002,6,Rapeseed oil,Oils & Meals,($/mt),451.0,8.67,8.41,,,
2002-07-01,2002,7,Rapeseed oil,Oils & Meals,($/mt),477.0,5.76,16.06,,,
2002-08-01,2002,8,Rapeseed oil,Oils & Meals,($/mt),521.0,9.22,25.54,,,
2002-09-01,2002,9,Rapeseed oil,Oils & Meals,($/mt),525.0,0.77,16.41,,,-0.59
2002-10-01,2002,10,Rapeseed oil,Oils & Meals,($/mt),539.0,2.67,13.0,,,-0.12
2002-11-01,2002,11,Rapeseed oil,Oils & Meals,($/mt),593.0,10.02,13.82,,,1.61
2002-12-01,2002,12,Rapeseed oil,Oils & Meals,($/mt),616.0,3.88,17.33,,,-0.01
2003-01-01,2003,1,Rapeseed oil,Oils & Meals,($/mt),624.0,1.3,15.77,,,-0.6
2003-02-01,2003,2,Rapeseed oil,Oils & Meals,($/mt),586.0,-6.09,-1.18,38.53,,-2.33
2003-03-01,2003,3,Rapeseed oil,Oils & Meals,($/mt),552.0,-5.8,-10.39,32.69,,-1.77
2003-04-01,2003,4,Rapeseed oil,Oils & Meals,($/mt),557.0,0.91,-10.74,35.52,,-0.3
2003-05-01,2003,5,Rapeseed oil,Oils & Meals,($/mt),607.0,8.98,3.58,46.27,,1.2
2003-06-01,2003,6,Rapeseed oil,Oils & Meals,($/mt),612.0,0.82,10.87,35.7,,-0.46
2003-07-01,2003,7,Rapeseed oil,Oils & Meals,($/mt),583.0,-4.74,4.67,22.22,,-1.41
2003-08-01,2003,8,Rapeseed oil,Oils & Meals,($/mt),553.0,-5.15,-8.9,6.14,,-1.24
2003-09-01,2003,9,Rapeseed oil,Oils & Meals,($/mt),564.0,1.99,-7.84,7.43,,0.25
2003-10-01,2003,10,Rapeseed oil,Oils & Meals,($/mt),616.0,9.22,5.66,14.29,,1.57
2003-11-01,2003,11,Rapeseed oil,Oils & Meals,($/mt),620.0,0.65,12.12,4.55,,-0.11
2003-12-01,2003,12,Rapeseed oil,Oils & Meals,($/mt),649.0,4.68,15.07,5.36,,0.79
2004-01-01,2004,1,Rapeseed oil,Oils & Meals,($/mt),675.0,4.01,9.58,8.17,,0.65
2004-02-01,2004,2,Rapeseed oil,Oils & Meals,($/mt),705.0,4.44,13.71,20.31,,0.68
2004-03-01,2004,3,Rapeseed oil,Oils & Meals,($/mt),688.0,-2.41,6.01,24.64,,-0.81
2004-04-01,2004,4,Rapeseed oil,Oils & Meals,($/mt),645.0,-6.25,-4.44,15.8,,-1.76
2004-05-01,2004,5,Rapeseed oil,Oils & Meals,($/mt),701.0,8.68,-0.57,15.49,,1.4
2004-06-01,2004,6,Rapeseed oil,Oils & Meals,($/mt),700.0,-0.14,1.74,14.38,,-0.28
2004-07-01,2004,7,Rapeseed oil,Oils & Meals,($/mt),651.0,-7.0,0.93,11.66,,-1.59
2004-08-01,2004,8,Rapeseed oil,Oils & Meals,($/mt),668.0,2.61,-4.71,20.8,,0.28
2004-09-01,2004,9,Rapeseed oil,Oils & Meals,($/mt),658.0,-1.5,-6.0,16.67,,-0.63
2004-10-01,2004,10,Rapeseed oil,Oils & Meals,($/mt),669.0,1.67,2.76,8.6,,0.05
2004-11-01,2004,11,Rapeseed oil,Oils & Meals,($/mt),685.0,2.39,2.54,10.48,,0.35
2004-12-01,2004,12,Rapeseed oil,Oils & Meals,($/mt),710.0,3.65,7.9,9.4,,0.59
2005-01-01,2005,1,Rapeseed oil,Oils & Meals,($/mt),684.0,-3.66,2.24,1.33,,-0.99
2005-02-01,2005,2,Rapeseed oil,Oils & Meals,($/mt),647.0,-5.41,-5.55,-8.23,,-1.22
2005-03-01,2005,3,Rapeseed oil,Oils & Meals,($/mt),664.0,2.63,-6.48,-3.49,,0.7
2005-04-01,2005,4,Rapeseed oil,Oils & Meals,($/mt),652.0,-1.81,-4.68,1.09,,-0.34
2005-05-01,2005,5,Rapeseed oil,Oils & Meals,($/mt),653.0,0.15,0.93,-6.85,,-0.01
2005-06-01,2005,6,Rapeseed oil,Oils & Meals,($/mt),642.0,-1.68,-3.31,-8.29,,-0.34
2005-07-01,2005,7,Rapeseed oil,Oils & Meals,($/mt),645.0,0.47,-1.07,-0.92,,0.33
2005-08-01,2005,8,Rapeseed oil,Oils & Meals,($/mt),654.0,1.4,0.15,-2.1,,0.51
2005-09-01,2005,9,Rapeseed oil,Oils & Meals,($/mt),688.0,5.2,7.17,4.56,,1.96
2005-10-01,2005,10,Rapeseed oil,Oils & Meals,($/mt),734.0,6.69,13.8,9.72,,2.03
2005-11-01,2005,11,Rapeseed oil,Oils & Meals,($/mt),727.0,-0.95,11.16,6.13,,-0.5
2005-12-01,2005,12,Rapeseed oil,Oils & Meals,($/mt),712.0,-2.06,3.49,0.28,,-0.73
2006-01-01,2006,1,Rapeseed oil,Oils & Meals,($/mt),729.0,2.39,-0.68,6.58,,0.66
2006-02-01,2006,2,Rapeseed oil,Oils & Meals,($/mt),716.0,-1.78,-1.51,10.66,,-0.71
2006-03-01,2006,3,Rapeseed oil,Oils & Meals,($/mt),739.0,3.21,3.79,11.3,,0.81
2006-04-01,2006,4,Rapeseed oil,Oils & Meals,($/mt),774.0,4.74,6.17,18.71,,1.3
2006-05-01,2006,5,Rapeseed oil,Oils & Meals,($/mt),828.0,6.98,15.64,26.8,,1.85
2006-06-01,2006,6,Rapeseed oil,Oils & Meals,($/mt),830.0,0.24,12.31,29.28,,-0.54
2006-07-01,2006,7,Rapeseed oil,Oils & Meals,($/mt),821.0,-1.08,6.07,27.29,,-1.04
2006-08-01,2006,8,Rapeseed oil,Oils & Meals,($/mt),809.0,-1.46,-2.29,23.7,,-1.08
2006-09-01,2006,9,Rapeseed oil,Oils & Meals,($/mt),786.0,-2.84,-5.3,14.24,,-1.36
2006-10-01,2006,10,Rapeseed oil,Oils & Meals,($/mt),784.0,-0.25,-4.51,6.81,,-0.41
2006-11-01,2006,11,Rapeseed oil,Oils & Meals,($/mt),822.0,4.85,1.61,13.07,,1.39
2006-12-01,2006,12,Rapeseed oil,Oils & Meals,($/mt),854.0,3.89,8.65,19.94,,0.87
2007-01-01,2007,1,Rapeseed oil,Oils & Meals,($/mt),823.0,-3.63,4.97,12.89,,-1.64
2007-02-01,2007,2,Rapeseed oil,Oils & Meals,($/mt),790.0,-4.01,-3.89,10.34,86.76,-1.45
2007-03-01,2007,3,Rapeseed oil,Oils & Meals,($/mt),772.0,-2.28,-9.6,4.47,85.58,-0.85
2007-04-01,2007,4,Rapeseed oil,Oils & Meals,($/mt),808.0,4.66,-1.82,4.39,96.59,1.13
2007-05-01,2007,5,Rapeseed oil,Oils & Meals,($/mt),845.0,4.58,6.96,2.05,103.61,1.12
2007-06-01,2007,6,Rapeseed oil,Oils & Meals,($/mt),868.0,2.72,12.44,4.58,92.46,0.74
2007-07-01,2007,7,Rapeseed oil,Oils & Meals,($/mt),926.0,6.68,14.6,12.79,94.13,1.8
2007-08-01,2007,8,Rapeseed oil,Oils & Meals,($/mt),958.0,3.46,13.37,18.42,83.88,0.62
2007-09-01,2007,9,Rapeseed oil,Oils & Meals,($/mt),1045.0,9.08,20.39,32.95,99.05,1.98
2007-10-01,2007,10,Rapeseed oil,Oils & Meals,($/mt),1147.0,9.76,23.87,46.3,112.8,1.76
2007-11-01,2007,11,Rapeseed oil,Oils & Meals,($/mt),1252.0,9.15,30.69,52.31,111.13,1.29
2007-12-01,2007,12,Rapeseed oil,Oils & Meals,($/mt),1337.0,6.79,27.94,56.56,117.05,0.65
2008-01-01,2008,1,Rapeseed oil,Oils & Meals,($/mt),1390.0,3.96,21.19,68.89,122.76,0.01
2008-02-01,2008,2,Rapeseed oil,Oils & Meals,($/mt),1430.0,2.88,14.22,81.01,144.03,-0.39
2008-03-01,2008,3,Rapeseed oil,Oils & Meals,($/mt),1510.0,5.59,12.94,95.6,173.55,0.14
2008-04-01,2008,4,Rapeseed oil,Oils & Meals,($/mt),1471.0,-2.58,5.83,82.05,164.09,-3.33
2008-05-01,2008,5,Rapeseed oil,Oils & Meals,($/mt),1525.0,3.67,6.64,80.47,151.24,-0.43
2008-06-01,2008,6,Rapeseed oil,Oils & Meals,($/mt),1592.0,4.39,5.43,83.41,160.13,-0.2
2008-07-01,2008,7,Rapeseed oil,Oils & Meals,($/mt),1549.0,-2.7,5.3,67.28,165.69,-2.31
2008-08-01,2008,8,Rapeseed oil,Oils & Meals,($/mt),1353.0,-12.65,-11.28,41.23,144.67,-4.19
2008-09-01,2008,9,Rapeseed oil,Oils & Meals,($/mt),1238.0,-8.5,-22.24,18.47,119.5,-1.81
2008-10-01,2008,10,Rapeseed oil,Oils & Meals,($/mt),1041.0,-15.91,-32.8,-9.24,68.99,-2.54
2008-11-01,2008,11,Rapeseed oil,Oils & Meals,($/mt),975.0,-6.34,-27.94,-22.12,57.26,-0.73
2008-12-01,2008,12,Rapeseed oil,Oils & Meals,($/mt),838.0,-14.05,-32.31,-37.32,29.12,-1.61
2009-01-01,2009,1,Rapeseed oil,Oils & Meals,($/mt),832.0,-0.72,-20.08,-40.14,23.26,0.36
2009-02-01,2009,2,Rapeseed oil,Oils & Meals,($/mt),802.0,-3.61,-17.74,-43.92,13.76,0.04
2009-03-01,2009,3,Rapeseed oil,Oils & Meals,($/mt),777.0,-3.12,-7.28,-48.54,12.94,0.18
2009-04-01,2009,4,Rapeseed oil,Oils & Meals,($/mt),830.0,6.82,-0.24,-43.58,28.68,1.83
2009-05-01,2009,5,Rapeseed oil,Oils & Meals,($/mt),947.0,14.1,18.08,-37.9,35.09,2.5
2009-06-01,2009,6,Rapeseed oil,Oils & Meals,($/mt),917.0,-3.17,18.02,-42.4,31.0,0.04
2009-07-01,2009,7,Rapeseed oil,Oils & Meals,($/mt),852.0,-7.09,2.65,-45.0,30.88,-0.34
2009-08-01,2009,8,Rapeseed oil,Oils & Meals,($/mt),884.0,3.76,-6.65,-34.66,32.34,0.97
2009-09-01,2009,9,Rapeseed oil,Oils & Meals,($/mt),855.0,-3.28,-6.76,-30.94,29.94,-0.02
2009-10-01,2009,10,Rapeseed oil,Oils & Meals,($/mt),894.0,4.56,4.93,-14.12,33.63,0.88
2009-11-01,2009,11,Rapeseed oil,Oils & Meals,($/mt),934.0,4.47,5.66,-4.21,36.35,0.74
2009-12-01,2009,12,Rapeseed oil,Oils & Meals,($/mt),938.0,0.43,9.71,11.93,32.11,0.07
2010-01-01,2010,1,Rapeseed oil,Oils & Meals,($/mt),914.0,-2.56,2.24,9.86,33.63,-0.62
2010-02-01,2010,2,Rapeseed oil,Oils & Meals,($/mt),901.0,-1.42,-3.53,12.34,39.26,-0.4
2010-03-01,2010,3,Rapeseed oil,Oils & Meals,($/mt),910.0,1.0,-2.99,17.12,37.05,-0.02
2010-04-01,2010,4,Rapeseed oil,Oils & Meals,($/mt),909.0,-0.11,-0.55,9.52,39.42,-0.28
2010-05-01,2010,5,Rapeseed oil,Oils & Meals,($/mt),862.0,-5.17,-4.33,-8.98,32.01,-1.12
2010-06-01,2010,6,Rapeseed oil,Oils & Meals,($/mt),876.0,1.62,-3.74,-4.47,36.45,0.62
2010-07-01,2010,7,Rapeseed oil,Oils & Meals,($/mt),947.0,8.11,4.18,11.15,46.82,2.25
2010-08-01,2010,8,Rapeseed oil,Oils & Meals,($/mt),1013.0,6.97,17.52,14.59,54.89,1.58
2010-09-01,2010,9,Rapeseed oil,Oils & Meals,($/mt),1033.0,1.97,17.92,20.82,50.15,0.18
2010-10-01,2010,10,Rapeseed oil,Oils & Meals,($/mt),1150.0,11.33,21.44,28.64,56.68,2.5
2010-11-01,2010,11,Rapeseed oil,Oils & Meals,($/mt),1242.0,8.0,22.61,32.98,70.84,1.22
2010-12-01,2010,12,Rapeseed oil,Oils & Meals,($/mt),1383.0,11.35,33.88,47.44,94.24,1.77
2011-01-01,2011,1,Rapeseed oil,Oils & Meals,($/mt),1441.0,4.19,25.3,57.66,97.67,0.14
2011-02-01,2011,2,Rapeseed oil,Oils & Meals,($/mt),1403.0,-2.64,12.96,55.72,95.95,-1.27
2011-03-01,2011,3,Rapeseed oil,Oils & Meals,($/mt),1412.0,0.64,2.1,55.16,91.07,-0.61
2011-04-01,2011,4,Rapeseed oil,Oils & Meals,($/mt),1447.0,2.48,0.42,59.19,86.95,-0.26
2011-05-01,2011,5,Rapeseed oil,Oils & Meals,($/mt),1407.0,-2.76,0.29,63.23,69.93,-1.31
2011-06-01,2011,6,Rapeseed oil,Oils & Meals,($/mt),1402.0,-0.36,-0.71,60.05,68.92,-0.95
2011-07-01,2011,7,Rapeseed oil,Oils & Meals,($/mt),1393.0,-0.64,-3.73,47.1,69.67,-0.95
2011-08-01,2011,8,Rapeseed oil,Oils & Meals,($/mt),1351.0,-3.02,-3.98,33.37,67.0,-1.28
2011-09-01,2011,9,Rapeseed oil,Oils & Meals,($/mt),1310.0,-3.03,-6.56,26.82,66.67,-1.08
2011-10-01,2011,10,Rapeseed oil,Oils & Meals,($/mt),1271.0,-2.98,-8.76,10.52,62.12,-0.94
2011-11-01,2011,11,Rapeseed oil,Oils & Meals,($/mt),1274.0,0.24,-5.7,2.58,54.99,-0.15
2011-12-01,2011,12,Rapeseed oil,Oils & Meals,($/mt),1245.0,-2.28,-4.96,-9.98,45.78,-0.61
2012-01-01,2012,1,Rapeseed oil,Oils & Meals,($/mt),1253.0,0.64,-1.42,-13.05,52.25,0.62
2012-02-01,2012,2,Rapeseed oil,Oils & Meals,($/mt),1288.0,2.79,1.1,-8.2,63.04,2.09
2012-03-01,2012,3,Rapeseed oil,Oils & Meals,($/mt),1289.0,0.08,3.53,-8.71,66.97,0.36
2012-04-01,2012,4,Rapeseed oil,Oils & Meals,($/mt),1304.0,1.16,4.07,-9.88,61.39,0.91
2012-05-01,2012,5,Rapeseed oil,Oils & Meals,($/mt),1235.0,-5.29,-4.11,-12.22,46.15,-2.29
2012-06-01,2012,6,Rapeseed oil,Oils & Meals,($/mt),1183.0,-4.21,-8.22,-15.62,36.29,-1.38
2012-07-01,2012,7,Rapeseed oil,Oils & Meals,($/mt),1215.0,2.7,-6.83,-12.78,31.21,1.68
2012-08-01,2012,8,Rapeseed oil,Oils & Meals,($/mt),1231.0,1.32,-0.32,-8.88,28.5,0.89
2012-09-01,2012,9,Rapeseed oil,Oils & Meals,($/mt),1269.0,3.09,7.27,-3.13,21.44,1.41
2012-10-01,2012,10,Rapeseed oil,Oils & Meals,($/mt),1214.0,-4.33,-0.08,-4.48,5.84,-1.46
2012-11-01,2012,11,Rapeseed oil,Oils & Meals,($/mt),1185.0,-2.39,-3.74,-6.99,-5.35,-0.69
2012-12-01,2012,12,Rapeseed oil,Oils & Meals,($/mt),1188.0,0.25,-6.38,-4.58,-11.14,0.27
2013-01-01,2013,1,Rapeseed oil,Oils & Meals,($/mt),1211.0,1.94,-0.25,-3.35,-12.88,0.77
2013-02-01,2013,2,Rapeseed oil,Oils & Meals,($/mt),1217.0,0.5,2.7,-5.51,-14.9,0.24
2013-03-01,2013,3,Rapeseed oil,Oils & Meals,($/mt),1162.0,-4.52,-2.19,-9.85,-23.05,-1.41
2013-04-01,2013,4,Rapeseed oil,Oils & Meals,($/mt),1132.0,-2.58,-6.52,-13.19,-23.05,-0.57
2013-05-01,2013,5,Rapeseed oil,Oils & Meals,($/mt),1117.0,-1.33,-8.22,-9.55,-26.75,-0.06
2013-06-01,2013,6,Rapeseed oil,Oils & Meals,($/mt),1147.0,2.69,-1.29,-3.04,-27.95,1.25
2013-07-01,2013,7,Rapeseed oil,Oils & Meals,($/mt),1009.0,-12.03,-10.87,-16.95,-34.86,-4.31
2013-08-01,2013,8,Rapeseed oil,Oils & Meals,($/mt),994.0,-1.49,-11.01,-19.25,-26.53,-0.01
2013-09-01,2013,9,Rapeseed oil,Oils & Meals,($/mt),984.0,-1.01,-14.21,-22.46,-20.52,0.16
2013-10-01,2013,10,Rapeseed oil,Oils & Meals,($/mt),1011.0,2.74,0.2,-16.72,-2.88,1.24
2013-11-01,2013,11,Rapeseed oil,Oils & Meals,($/mt),1022.0,1.09,2.82,-13.76,4.82,0.63
2013-12-01,2013,12,Rapeseed oil,Oils & Meals,($/mt),1007.0,-1.47,2.34,-15.24,20.17,-0.08
2014-01-01,2014,1,Rapeseed oil,Oils & Meals,($/mt),948.0,-5.86,-6.23,-21.72,13.94,-1.13
2014-02-01,2014,2,Rapeseed oil,Oils & Meals,($/mt),972.0,2.53,-4.89,-20.13,21.2,1.09
2014-03-01,2014,3,Rapeseed oil,Oils & Meals,($/mt),1010.0,3.91,0.3,-13.08,29.99,1.34
2014-04-01,2014,4,Rapeseed oil,Oils & Meals,($/mt),1011.0,0.1,6.65,-10.69,21.81,0.26
2014-05-01,2014,5,Rapeseed oil,Oils & Meals,($/mt),955.0,-5.54,-1.75,-14.5,0.84,-1.06
2014-06-01,2014,6,Rapeseed oil,Oils & Meals,($/mt),948.0,-0.73,-6.14,-17.35,3.38,0.1
2014-07-01,2014,7,Rapeseed oil,Oils & Meals,($/mt),892.0,-5.91,-11.77,-11.6,4.69,-0.99
2014-08-01,2014,8,Rapeseed oil,Oils & Meals,($/mt),852.0,-4.48,-10.79,-14.29,-3.62,-1.04
2014-09-01,2014,9,Rapeseed oil,Oils & Meals,($/mt),836.0,-1.88,-11.81,-15.04,-2.22,-0.19
2014-10-01,2014,10,Rapeseed oil,Oils & Meals,($/mt),859.0,2.75,-3.7,-15.03,-3.91,1.15
2014-11-01,2014,11,Rapeseed oil,Oils & Meals,($/mt),841.0,-2.1,-1.29,-17.71,-9.96,-0.23
2014-12-01,2014,12,Rapeseed oil,Oils & Meals,($/mt),815.0,-3.09,-2.51,-19.07,-13.11,-0.45
2015-01-01,2015,1,Rapeseed oil,Oils & Meals,($/mt),778.0,-4.54,-9.43,-17.93,-14.88,-0.82
2015-02-01,2015,2,Rapeseed oil,Oils & Meals,($/mt),763.0,-1.93,-9.27,-21.5,-15.32,-0.1
2015-03-01,2015,3,Rapeseed oil,Oils & Meals,($/mt),751.0,-1.57,-7.85,-25.64,-17.47,0.12
2015-04-01,2015,4,Rapeseed oil,Oils & Meals,($/mt),748.0,-0.4,-3.86,-26.01,-17.71,0.81
2015-05-01,2015,5,Rapeseed oil,Oils & Meals,($/mt),770.0,2.94,0.92,-19.37,-10.67,2.2
2015-06-01,2015,6,Rapeseed oil,Oils & Meals,($/mt),842.0,9.35,12.12,-11.18,-3.88,4.12
2015-07-01,2015,7,Rapeseed oil,Oils & Meals,($/mt),810.0,-3.8,8.29,-9.19,-14.47,-0.69
2015-08-01,2015,8,Rapeseed oil,Oils & Meals,($/mt),754.0,-6.91,-2.08,-11.5,-25.57,-1.54
2015-09-01,2015,9,Rapeseed oil,Oils & Meals,($/mt),772.0,2.39,-8.31,-7.66,-25.27,0.78
2015-10-01,2015,10,Rapeseed oil,Oils & Meals,($/mt),809.0,4.79,-0.12,-5.82,-29.65,1.23
2015-11-01,2015,11,Rapeseed oil,Oils & Meals,($/mt),800.0,-1.11,6.1,-4.88,-35.59,-0.16
2015-12-01,2015,12,Rapeseed oil,Oils & Meals,($/mt),821.0,2.63,6.35,0.74,-40.64,0.65
2016-01-01,2016,1,Rapeseed oil,Oils & Meals,($/mt),781.0,-4.87,-3.46,0.39,-45.8,-1.12
2016-02-01,2016,2,Rapeseed oil,Oils & Meals,($/mt),780.0,-0.13,-2.5,2.23,-44.4,-0.06
2016-03-01,2016,3,Rapeseed oil,Oils & Meals,($/mt),766.0,-1.79,-6.7,2.0,-45.75,-0.46
2016-04-01,2016,4,Rapeseed oil,Oils & Meals,($/mt),809.0,5.61,3.59,8.16,-44.09,1.19
2016-05-01,2016,5,Rapeseed oil,Oils & Meals,($/mt),806.0,-0.37,3.33,4.68,-42.71,-0.24
2016-06-01,2016,6,Rapeseed oil,Oils & Meals,($/mt),793.0,-1.61,3.52,-5.82,-43.44,-0.45
2016-07-01,2016,7,Rapeseed oil,Oils & Meals,($/mt),768.0,-3.15,-5.07,-5.19,-44.87,-0.72
2016-08-01,2016,8,Rapeseed oil,Oils & Meals,($/mt),818.0,6.51,1.49,8.49,-39.45,1.84
2016-09-01,2016,9,Rapeseed oil,Oils & Meals,($/mt),850.0,3.91,7.19,10.1,-35.11,0.88
2016-10-01,2016,10,Rapeseed oil,Oils & Meals,($/mt),914.0,7.53,19.01,12.98,-28.09,1.8
2016-11-01,2016,11,Rapeseed oil,Oils & Meals,($/mt),918.0,0.44,12.22,14.75,-27.94,-0.16
2016-12-01,2016,12,Rapeseed oil,Oils & Meals,($/mt),930.0,1.31,9.41,13.28,-25.3,0.02
2017-01-01,2017,1,Rapeseed oil,Oils & Meals,($/mt),891.0,-4.19,-2.52,14.08,-28.89,-1.34
2017-02-01,2017,2,Rapeseed oil,Oils & Meals,($/mt),874.0,-1.91,-4.79,12.05,-32.14,-0.8
2017-03-01,2017,3,Rapeseed oil,Oils & Meals,($/mt),847.0,-3.09,-8.92,10.57,-34.29,-1.04
2017-04-01,2017,4,Rapeseed oil,Oils & Meals,($/mt),839.0,-0.94,-5.84,3.71,-35.66,-0.46
2017-05-01,2017,5,Rapeseed oil,Oils & Meals,($/mt),842.0,0.36,-3.66,4.47,-31.82,-0.0
2017-06-01,2017,6,Rapeseed oil,Oils & Meals,($/mt),847.0,0.59,0.0,6.81,-28.4,0.04
2017-07-01,2017,7,Rapeseed oil,Oils & Meals,($/mt),906.0,6.97,7.99,17.97,-25.43,1.7
2017-08-01,2017,8,Rapeseed oil,Oils & Meals,($/mt),875.0,-3.42,3.92,6.97,-28.92,-1.24
2017-09-01,2017,9,Rapeseed oil,Oils & Meals,($/mt),873.0,-0.23,3.07,2.71,-31.21,-0.22
2017-10-01,2017,10,Rapeseed oil,Oils & Meals,($/mt),897.0,2.75,-0.99,-1.86,-26.11,0.67
2017-11-01,2017,11,Rapeseed oil,Oils & Meals,($/mt),963.0,7.36,10.06,4.9,-18.73,2.46
2017-12-01,2017,12,Rapeseed oil,Oils & Meals,($/mt),902.0,-6.33,3.32,-3.01,-24.07,-1.82
2018-01-01,2018,1,Rapeseed oil,Oils & Meals,($/mt),848.0,-5.99,-5.46,-4.83,-29.98,-1.38
2018-02-01,2018,2,Rapeseed oil,Oils & Meals,($/mt),827.0,-2.48,-14.12,-5.38,-32.05,-0.49
2018-03-01,2018,3,Rapeseed oil,Oils & Meals,($/mt),800.0,-3.26,-11.31,-5.55,-31.15,-0.66
2018-04-01,2018,4,Rapeseed oil,Oils & Meals,($/mt),793.0,-0.88,-6.49,-5.48,-29.95,-0.11
2018-05-01,2018,5,Rapeseed oil,Oils & Meals,($/mt),811.0,2.27,-1.93,-3.68,-27.39,0.6
2018-06-01,2018,6,Rapeseed oil,Oils & Meals,($/mt),838.0,3.33,4.75,-1.06,-26.94,0.79
2018-07-01,2018,7,Rapeseed oil,Oils & Meals,($/mt),849.0,1.31,7.06,-6.29,-15.86,0.28
2018-08-01,2018,8,Rapeseed oil,Oils & Meals,($/mt),854.0,0.59,5.3,-2.4,-14.08,0.26
2018-09-01,2018,9,Rapeseed oil,Oils & Meals,($/mt),821.0,-3.86,-2.03,-5.96,-16.57,-0.94
2018-10-01,2018,10,Rapeseed oil,Oils & Meals,($/mt),850.0,3.53,0.12,-5.24,-15.92,0.96
2018-11-01,2018,11,Rapeseed oil,Oils & Meals,($/mt),840.0,-1.18,-1.64,-12.77,-17.81,-0.19
2018-12-01,2018,12,Rapeseed oil,Oils & Meals,($/mt),827.0,-1.55,0.73,-8.31,-17.87,-0.14
2019-01-01,2019,1,Rapeseed oil,Oils & Meals,($/mt),860.0,3.99,1.18,1.42,-9.28,1.57
2019-02-01,2019,2,Rapeseed oil,Oils & Meals,($/mt),830.0,-3.49,-1.19,0.36,-14.61,-1.33
2019-03-01,2019,3,Rapeseed oil,Oils & Meals,($/mt),809.0,-2.53,-2.18,1.12,-19.9,-0.91
2019-04-01,2019,4,Rapeseed oil,Oils & Meals,($/mt),806.0,-0.37,-6.28,1.64,-20.28,-0.18
2019-05-01,2019,5,Rapeseed oil,Oils & Meals,($/mt),816.0,1.24,-1.69,0.62,-14.55,0.39
2019-06-01,2019,6,Rapeseed oil,Oils & Meals,($/mt),840.0,2.94,3.83,0.24,-11.39,1.06
2019-07-01,2019,7,Rapeseed oil,Oils & Meals,($/mt),845.0,0.6,4.84,-0.47,-5.27,0.2
2019-08-01,2019,8,Rapeseed oil,Oils & Meals,($/mt),877.0,3.79,7.48,2.69,2.93,1.44
2019-09-01,2019,9,Rapeseed oil,Oils & Meals,($/mt),903.0,2.96,7.5,9.99,8.01,0.95
2019-10-01,2019,10,Rapeseed oil,Oils & Meals,($/mt),909.0,0.66,7.57,6.94,5.82,-0.06
2019-11-01,2019,11,Rapeseed oil,Oils & Meals,($/mt),891.0,-1.98,1.6,6.07,5.95,-1.03
2019-12-01,2019,12,Rapeseed oil,Oils & Meals,($/mt),901.0,1.12,-0.22,8.95,10.55,0.23
2020-01-01,2020,1,Rapeseed oil,Oils & Meals,($/mt),945.0,4.88,3.96,9.88,21.47,1.67
2020-02-01,2020,2,Rapeseed oil,Oils & Meals,($/mt),902.0,-4.55,1.23,8.67,18.22,-2.07
2020-03-01,2020,3,Rapeseed oil,Oils & Meals,($/mt),797.0,-11.64,-11.54,-1.48,6.13,-4.48
2020-04-01,2020,4,Rapeseed oil,Oils & Meals,($/mt),759.0,-4.77,-19.68,-5.83,1.47,-1.06
2020-05-01,2020,5,Rapeseed oil,Oils & Meals,($/mt),800.0,5.4,-11.31,-1.96,3.9,1.24
2020-06-01,2020,6,Rapeseed oil,Oils & Meals,($/mt),851.0,6.37,6.78,1.31,1.07,1.3
2020-07-01,2020,7,Rapeseed oil,Oils & Meals,($/mt),890.0,4.58,17.26,5.33,9.88,0.83
2020-08-01,2020,8,Rapeseed oil,Oils & Meals,($/mt),922.0,3.6,15.25,5.13,22.28,0.56
2020-09-01,2020,9,Rapeseed oil,Oils & Meals,($/mt),938.0,1.74,10.22,3.88,21.5,0.22
2020-10-01,2020,10,Rapeseed oil,Oils & Meals,($/mt),928.0,-1.07,4.27,2.09,14.71,-0.28
2020-11-01,2020,11,Rapeseed oil,Oils & Meals,($/mt),1048.0,12.93,13.67,17.62,31.0,2.36
2020-12-01,2020,12,Rapeseed oil,Oils & Meals,($/mt),1098.0,4.77,17.06,21.86,33.74,0.5
2021-01-01,2021,1,Rapeseed oil,Oils & Meals,($/mt),1141.0,3.92,22.95,20.74,46.09,0.32
2021-02-01,2021,2,Rapeseed oil,Oils & Meals,($/mt),1272.0,11.48,21.37,41.02,63.08,1.51
2021-03-01,2021,3,Rapeseed oil,Oils & Meals,($/mt),1322.0,3.93,20.4,65.87,72.58,0.12
2021-04-01,2021,4,Rapeseed oil,Oils & Meals,($/mt),1312.0,-0.76,14.99,72.86,62.18,-1.08
2021-05-01,2021,5,Rapeseed oil,Oils & Meals,($/mt),1531.0,16.69,20.36,91.38,89.95,2.87
2021-06-01,2021,6,Rapeseed oil,Oils & Meals,($/mt),1528.0,-0.2,15.58,79.55,92.69,-1.08
2021-07-01,2021,7,Rapeseed oil,Oils & Meals,($/mt),1410.0,-7.72,7.47,58.43,83.59,-2.27
2021-08-01,2021,8,Rapeseed oil,Oils & Meals,($/mt),1519.0,7.73,-0.78,64.75,85.7,0.53
2021-09-01,2021,9,Rapeseed oil,Oils & Meals,($/mt),1629.0,7.24,6.61,73.67,91.65,0.41
2021-10-01,2021,10,Rapeseed oil,Oils & Meals,($/mt),1795.0,10.19,27.3,93.43,96.39,0.77
2021-11-01,2021,11,Rapeseed oil,Oils & Meals,($/mt),1825.0,1.67,20.14,74.14,98.8,-0.62
2021-12-01,2021,12,Rapeseed oil,Oils & Meals,($/mt),1743.0,-4.49,7.0,58.74,87.42,-1.46
2022-01-01,2022,1,Rapeseed oil,Oils & Meals,($/mt),1865.0,7.0,3.9,63.45,109.32,0.41
2022-02-01,2022,2,Rapeseed oil,Oils & Meals,($/mt),1744.0,-6.49,-4.44,37.11,99.54,-1.55
2022-03-01,2022,3,Rapeseed oil,Oils & Meals,($/mt),2162.0,23.97,24.04,63.54,155.25,2.89
2022-04-01,2022,4,Rapeseed oil,Oils & Meals,($/mt),2266.0,4.81,21.5,72.71,170.08,0.03
2022-05-01,2022,5,Rapeseed oil,Oils & Meals,($/mt),2218.0,-2.12,27.18,44.87,163.42,-0.76
2022-06-01,2022,6,Rapeseed oil,Oils & Meals,($/mt),2001.0,-9.78,-7.45,30.96,136.25,-1.51
2022-07-01,2022,7,Rapeseed oil,Oils & Meals,($/mt),1737.0,-13.19,-23.35,23.19,91.72,-1.66
2022-08-01,2022,8,Rapeseed oil,Oils & Meals,($/mt),1639.0,-5.64,-26.1,7.9,87.31,-0.77
2022-09-01,2022,9,Rapeseed oil,Oils & Meals,($/mt),1402.0,-14.46,-29.94,-13.93,60.6,-1.52
2022-10-01,2022,10,Rapeseed oil,Oils & Meals,($/mt),1408.0,0.43,-18.94,-21.56,56.97,0.1
2022-11-01,2022,11,Rapeseed oil,Oils & Meals,($/mt),1378.0,-2.13,-15.92,-24.49,43.09,-0.06
2022-12-01,2022,12,Rapeseed oil,Oils & Meals,($/mt),1260.0,-8.56,-10.13,-27.71,39.69,-0.65
2023-01-01,2023,1,Rapeseed oil,Oils & Meals,($/mt),1224.0,-2.86,-13.07,-34.37,44.34,-0.06
2023-02-01,2023,2,Rapeseed oil,Oils & Meals,($/mt),1189.0,-2.86,-13.72,-31.82,43.77,0.01
2023-03-01,2023,3,Rapeseed oil,Oils & Meals,($/mt),1054.0,-11.35,-16.35,-51.25,31.75,-0.86
2023-04-01,2023,4,Rapeseed oil,Oils & Meals,($/mt),1026.0,-2.66,-16.18,-54.72,29.38,0.51
2023-05-01,2023,5,Rapeseed oil,Oils & Meals,($/mt),967.0,-5.75,-18.67,-56.4,19.24,0.1
2023-06-01,2023,6,Rapeseed oil,Oils & Meals,($/mt),991.0,2.48,-5.98,-50.47,18.26,1.87
2023-07-01,2023,7,Rapeseed oil,Oils & Meals,($/mt),1108.0,11.81,7.99,-36.21,30.51,3.24
2023-08-01,2023,8,Rapeseed oil,Oils & Meals,($/mt),1067.0,-3.7,10.34,-34.9,24.94,-0.03
2023-09-01,2023,9,Rapeseed oil,Oils & Meals,($/mt),1047.0,-1.87,5.65,-25.32,27.53,0.21
2023-10-01,2023,10,Rapeseed oil,Oils & Meals,($/mt),1060.0,1.24,-4.33,-24.72,24.71,0.61
2023-11-01,2023,11,Rapeseed oil,Oils & Meals,($/mt),1039.0,-1.98,-2.62,-24.6,23.69,0.04
2023-12-01,2023,12,Rapeseed oil,Oils & Meals,($/mt),1010.0,-2.79,-3.53,-19.84,22.13,-0.11
2024-01-01,2024,1,Rapeseed oil,Oils & Meals,($/mt),972.0,-3.76,-8.3,-20.59,13.02,-0.38
2024-02-01,2024,2,Rapeseed oil,Oils & Meals,($/mt),963.0,-0.93,-7.31,-19.01,16.02,0.15
2024-03-01,2024,3,Rapeseed oil,Oils & Meals,($/mt),1029.0,6.85,1.88,-2.37,27.19,1.55
2024-04-01,2024,4,Rapeseed oil,Oils & Meals,($/mt),1059.0,2.92,8.95,3.22,31.39,0.6
2024-05-01,2024,5,Rapeseed oil,Oils & Meals,($/mt),1104.0,4.25,14.64,14.17,35.29,0.77
2024-06-01,2024,6,Rapeseed oil,Oils & Meals,($/mt),1099.0,-0.45,6.8,10.9,30.83,-0.35
2024-07-01,2024,7,Rapeseed oil,Oils & Meals,($/mt),1118.0,1.73,5.57,0.9,32.31,0.16
2024-08-01,2024,8,Rapeseed oil,Oils & Meals,($/mt),1080.0,-3.4,-2.17,1.22,23.15,-1.06
2024-09-01,2024,9,Rapeseed oil,Oils & Meals,($/mt),1083.0,0.28,-1.46,3.44,19.93,0.04
2024-10-01,2024,10,Rapeseed oil,Oils & Meals,($/mt),1142.0,5.45,2.15,7.74,25.63,1.58
2024-11-01,2024,11,Rapeseed oil,Oils & Meals,($/mt),1243.0,8.84,15.09,19.63,39.51,2.29
2024-12-01,2024,12,Rapeseed oil,Oils & Meals,($/mt),1181.0,-4.99,9.05,16.93,31.08,-1.58
2025-01-01,2025,1,Rapeseed oil,Oils & Meals,($/mt),1149.0,-2.71,0.61,18.21,21.59,-0.93
2025-02-01,2025,2,Rapeseed oil,Oils & Meals,($/mt),1159.0,0.87,-6.76,20.35,28.49,-0.14
2025-03-01,2025,3,Rapeseed oil,Oils & Meals,($/mt),1193.0,2.93,1.02,15.94,49.69,0.31
2025-04-01,2025,4,Rapeseed oil,Oils & Meals,($/mt),1256.0,5.28,9.31,18.6,65.48,1.01
2025-05-01,2025,5,Rapeseed oil,Oils & Meals,($/mt),1241.0,-1.19,7.08,12.41,55.12,-0.66
2025-06-01,2025,6,Rapeseed oil,Oils & Meals,($/mt),1252.0,0.89,4.95,13.92,47.12,-0.04
2025-07-01,2025,7,Rapeseed oil,Oils & Meals,($/mt),1202.0,-3.99,-4.3,7.51,35.06,-1.28
2025-08-01,2025,8,Rapeseed oil,Oils & Meals,($/mt),1213.0,0.92,-2.26,12.31,31.56,0.05
2025-09-01,2025,9,Rapeseed oil,Oils & Meals,($/mt),1268.0,4.53,1.28,17.08,35.18,0.85
2025-10-01,2025,10,Rapeseed oil,Oils & Meals,($/mt),1264.0,-0.32,5.16,10.68,36.21,-0.41
2025-11-01,2025,11,Rapeseed oil,Oils & Meals,($/mt),1259.0,-0.4,3.79,1.29,20.13,-0.33
2025-12-01,2025,12,Rapeseed oil,Oils & Meals,($/mt),1258.0,-0.08,-0.79,6.52,14.57,-0.07
2026-01-01,2026,1,Rapeseed oil,Oils & Meals,($/mt),1223.0,-2.78,-3.24,6.44,7.19,-1.23
2026-02-01,2026,2,Rapeseed oil,Oils & Meals,($/mt),1275.0,4.25,1.27,10.01,0.24,1.36
2026-03-01,2026,3,Rapeseed oil,Oils & Meals,($/mt),1304.0,2.27,3.66,9.3,-1.36,0.49
2026-04-01,2026,4,Rapeseed oil,Oils & Meals,($/mt),1345.0,3.14,9.98,7.09,2.52,0.82
2026-05-01,2026,5,Rapeseed oil,Oils & Meals,($/mt),1488.0,10.63,16.71,19.9,-2.81,3.81
2026-06-01,2026,6,Rapeseed oil,Oils & Meals,($/mt),1522.0,2.28,16.72,21.57,-0.39,0.18
2026-07-01,2026,7,Rapeseed oil,Oils & Meals,($/mt),1488.0,-2.23,10.63,23.79,5.53,-1.03
2026-08-01,2026,8,Rapeseed oil,Oils & Meals,($/mt),1474.0,-0.94,-0.94,21.52,-2.96,-0.77
2026-09-01,2026,9,Rapeseed oil,Oils & Meals,($/mt),1440.0,-2.31,-5.39,13.56,-11.6,-1.08
1986-01-01,1986,1,"Rice, Thai 25%",Grains,($/mt),83.3,,,,,
1986-02-01,1986,2,"Rice, Thai 25%",Grains,($/mt),115.1,38.18,,,,
1986-03-01,1986,3,"Rice, Thai 25%",Grains,($/mt),101.4,-11.9,,,,
1986-04-01,1986,4,"Rice, Thai 25%",Grains,($/mt),91.1,-10.16,9.36,,,
1986-05-01,1986,5,"Rice, Thai 25%",Grains,($/mt),94.8,4.06,-17.64,,,
1986-06-01,1986,6,"Rice, Thai 25%",Grains,($/mt),86.4,-8.86,-14.79,,,
1986-07-01,1986,7,"Rice, Thai 25%",Grains,($/mt),88.3,2.2,-3.07,,,
1986-08-01,1986,8,"Rice, Thai 25%",Grains,($/mt),99.4,12.57,4.85,,,0.55
1986-09-01,1986,9,"Rice, Thai 25%",Grains,($/mt),106.2,6.84,22.92,,,0.18
1986-10-01,1986,10,"Rice, Thai 25%",Grains,($/mt),96.5,-9.13,9.29,,,-0.81
1986-11-01,1986,11,"Rice, Thai 25%",Grains,($/mt),146.0,51.3,46.88,,,3.06
1986-12-01,1986,12,"Rice, Thai 25%",Grains,($/mt),141.0,-3.42,32.77,,,-0.51
1987-01-01,1987,1,"Rice, Thai 25%",Grains,($/mt),148.0,4.96,53.37,77.67,,-0.08
1987-02-01,1987,2,"Rice, Thai 25%",Grains,($/mt),164.0,10.81,12.33,42.48,,0.22
1987-03-01,1987,3,"Rice, Thai 25%",Grains,($/mt),178.0,8.54,26.24,75.54,,0.26
1987-04-01,1987,4,"Rice, Thai 25%",Grains,($/mt),176.0,-1.12,18.92,93.19,,-0.42
1987-05-01,1987,5,"Rice, Thai 25%",Grains,($/mt),175.0,-0.57,6.71,84.6,,-0.45
1987-06-01,1987,6,"Rice, Thai 25%",Grains,($/mt),174.0,-0.57,-2.25,101.39,,-0.42
1987-07-01,1987,7,"Rice, Thai 25%",Grains,($/mt),170.0,-2.3,-3.41,92.53,,-0.6
1987-08-01,1987,8,"Rice, Thai 25%",Grains,($/mt),186.0,9.41,6.29,87.12,,0.19
1987-09-01,1987,9,"Rice, Thai 25%",Grains,($/mt),231.0,24.19,32.76,117.51,,1.16
1987-10-01,1987,10,"Rice, Thai 25%",Grains,($/mt),232.0,0.43,36.47,140.41,,-0.44
1987-11-01,1987,11,"Rice, Thai 25%",Grains,($/mt),231.0,-0.43,24.19,58.22,,-0.57
1987-12-01,1987,12,"Rice, Thai 25%",Grains,($/mt),227.0,-1.73,-1.73,60.99,,-0.74
1988-01-01,1988,1,"Rice, Thai 25%",Grains,($/mt),265.0,16.74,14.22,79.05,,1.59
1988-02-01,1988,2,"Rice, Thai 25%",Grains,($/mt),278.0,4.91,20.35,69.51,,-0.04
1988-03-01,1988,3,"Rice, Thai 25%",Grains,($/mt),270.0,-2.88,18.94,51.69,,-0.91
1988-04-01,1988,4,"Rice, Thai 25%",Grains,($/mt),267.0,-1.11,0.75,51.7,,-0.57
1988-05-01,1988,5,"Rice, Thai 25%",Grains,($/mt),241.0,-9.74,-13.31,37.71,,-1.57
1988-06-01,1988,6,"Rice, Thai 25%",Grains,($/mt),253.0,4.98,-6.3,45.4,,0.2
1988-07-01,1988,7,"Rice, Thai 25%",Grains,($/mt),260.0,2.77,-2.62,52.94,,-0.08
1988-09-01,1988,9,"Rice, Thai 25%",Grains,($/mt),251.0,-3.46,4.15,34.95,,-0.81
1988-10-01,1988,10,"Rice, Thai 25%",Grains,($/mt),257.0,2.39,1.58,11.26,,-0.05
1988-11-01,1988,11,"Rice, Thai 25%",Grains,($/mt),255.0,-0.78,-1.92,9.91,,-0.29
1988-12-01,1988,12,"Rice, Thai 25%",Grains,($/mt),242.0,-5.1,-3.59,4.76,,-0.95
1989-01-01,1989,1,"Rice, Thai 25%",Grains,($/mt),248.0,2.48,-3.5,9.25,,0.29
1989-02-01,1989,2,"Rice, Thai 25%",Grains,($/mt),256.0,3.23,0.39,-3.4,,0.35
1989-03-01,1989,3,"Rice, Thai 25%",Grains,($/mt),259.0,1.17,7.02,-6.83,,0.3
1989-04-01,1989,4,"Rice, Thai 25%",Grains,($/mt),274.0,5.79,10.48,1.48,,1.49
1989-05-01,1989,5,"Rice, Thai 25%",Grains,($/mt),288.0,5.11,12.5,7.87,,1.08
1989-07-01,1989,7,"Rice, Thai 25%",Grains,($/mt),297.0,3.12,14.67,23.24,,0.51
1989-08-01,1989,8,"Rice, Thai 25%",Grains,($/mt),298.0,0.34,8.76,17.79,,-0.44
1989-09-01,1989,9,"Rice, Thai 25%",Grains,($/mt),268.0,-10.07,-6.94,3.08,,-3.55
1989-10-01,1989,10,"Rice, Thai 25%",Grains,($/mt),244.0,-8.96,-17.85,-2.79,,-2.03
1989-11-01,1989,11,"Rice, Thai 25%",Grains,($/mt),216.0,-11.48,-27.52,-15.95,,-2.17
1989-12-01,1989,12,"Rice, Thai 25%",Grains,($/mt),227.0,5.09,-15.3,-10.98,,1.04
1990-01-01,1990,1,"Rice, Thai 25%",Grains,($/mt),248.0,9.25,1.64,2.48,,1.58
1990-02-01,1990,2,"Rice, Thai 25%",Grains,($/mt),256.0,3.23,18.52,3.23,,0.41
1990-03-01,1990,3,"Rice, Thai 25%",Grains,($/mt),259.0,1.17,14.1,1.17,,0.1
1990-04-01,1990,4,"Rice, Thai 25%",Grains,($/mt),274.0,5.79,10.48,5.79,,0.81
1990-05-01,1990,5,"Rice, Thai 25%",Grains,($/mt),288.0,5.11,12.5,5.11,,0.63
1990-07-01,1990,7,"Rice, Thai 25%",Grains,($/mt),297.0,3.12,14.67,3.12,,0.36
1990-08-01,1990,8,"Rice, Thai 25%",Grains,($/mt),298.0,0.34,8.76,0.34,,-0.02
1990-09-01,1990,9,"Rice, Thai 25%",Grains,($/mt),268.0,-10.07,-6.94,-10.07,,-1.52
1990-10-01,1990,10,"Rice, Thai 25%",Grains,($/mt),244.0,-8.96,-17.85,-8.96,,-1.13
1990-11-01,1990,11,"Rice, Thai 25%",Grains,($/mt),216.0,-11.48,-27.52,-11.48,,-1.5
1990-12-01,1990,12,"Rice, Thai 25%",Grains,($/mt),227.0,5.09,-15.3,5.09,,0.77
1991-01-01,1991,1,"Rice, Thai 25%",Grains,($/mt),239.0,5.29,-2.05,5.29,,0.67
1991-02-01,1991,2,"Rice, Thai 25%",Grains,($/mt),265.0,10.88,22.69,6.85,,1.47
1991-03-01,1991,3,"Rice, Thai 25%",Grains,($/mt),248.0,-6.42,9.25,-3.12,,-1.01
1991-04-01,1991,4,"Rice, Thai 25%",Grains,($/mt),234.0,-5.65,-2.09,-9.65,180.91,-0.76
1991-05-01,1991,5,"Rice, Thai 25%",Grains,($/mt),234.0,0.0,-11.7,-14.6,103.3,0.08
1991-06-01,1991,6,"Rice, Thai 25%",Grains,($/mt),230.0,-1.71,-7.26,-20.14,126.82,-0.09
1991-07-01,1991,7,"Rice, Thai 25%",Grains,($/mt),240.0,4.35,2.56,-19.19,163.45,0.85
1991-08-01,1991,8,"Rice, Thai 25%",Grains,($/mt),245.0,2.08,4.7,-17.79,158.44,0.51
1991-09-01,1991,9,"Rice, Thai 25%",Grains,($/mt),241.0,-1.63,4.78,-10.07,178.94,-0.04
1991-10-01,1991,10,"Rice, Thai 25%",Grains,($/mt),236.0,-2.07,-1.67,-3.28,167.27,-0.21
1991-11-01,1991,11,"Rice, Thai 25%",Grains,($/mt),232.0,-1.69,-5.31,7.41,133.4,-0.26
1991-12-01,1991,12,"Rice, Thai 25%",Grains,($/mt),230.0,-0.86,-4.56,1.32,116.57,-0.31
1992-01-01,1992,1,"Rice, Thai 25%",Grains,($/mt),238.0,3.48,0.85,-0.42,146.63,0.68
1992-02-01,1992,2,"Rice, Thai 25%",Grains,($/mt),238.0,0.0,2.59,-10.19,63.01,-0.01
1992-03-01,1992,3,"Rice, Thai 25%",Grains,($/mt),236.0,-0.84,2.61,-4.84,67.38,0.0
1992-04-01,1992,4,"Rice, Thai 25%",Grains,($/mt),238.0,0.85,0.0,1.71,60.81,0.46
1992-05-01,1992,5,"Rice, Thai 25%",Grains,($/mt),228.0,-4.2,-4.2,-2.56,39.02,-2.05
1992-06-01,1992,6,"Rice, Thai 25%",Grains,($/mt),225.0,-1.32,-4.66,-2.17,26.4,-0.46
1992-07-01,1992,7,"Rice, Thai 25%",Grains,($/mt),236.0,4.89,-0.84,-1.67,34.09,2.05
1992-08-01,1992,8,"Rice, Thai 25%",Grains,($/mt),231.0,-2.12,1.32,-5.71,32.0,-0.79
1992-09-01,1992,9,"Rice, Thai 25%",Grains,($/mt),222.0,-3.9,-1.33,-7.88,27.59,-1.37
1992-10-01,1992,10,"Rice, Thai 25%",Grains,($/mt),214.0,-3.6,-9.32,-9.32,25.88,-1.1
1992-11-01,1992,11,"Rice, Thai 25%",Grains,($/mt),216.0,0.93,-6.49,-6.9,16.13,0.61
1992-12-01,1992,12,"Rice, Thai 25%",Grains,($/mt),218.0,0.93,-1.8,-5.22,-5.63,0.53
1993-01-01,1993,1,"Rice, Thai 25%",Grains,($/mt),219.0,0.46,2.34,-7.98,-5.6,0.3
1993-02-01,1993,2,"Rice, Thai 25%",Grains,($/mt),216.0,-1.37,0.0,-9.24,-6.49,-0.27
1993-03-01,1993,3,"Rice, Thai 25%",Grains,($/mt),197.0,-8.8,-9.63,-16.53,-13.22,-3.09
1993-04-01,1993,4,"Rice, Thai 25%",Grains,($/mt),182.0,-7.61,-16.89,-23.53,-31.32,-1.78
1993-05-01,1993,5,"Rice, Thai 25%",Grains,($/mt),165.0,-9.34,-23.61,-27.63,-40.65,-1.89
1993-06-01,1993,6,"Rice, Thai 25%",Grains,($/mt),169.0,2.42,-14.21,-24.89,-37.41,1.16
1993-07-01,1993,7,"Rice, Thai 25%",Grains,($/mt),177.0,4.73,-2.75,-25.0,-33.71,1.54
1993-08-01,1993,8,"Rice, Thai 25%",Grains,($/mt),187.0,5.65,13.33,-19.05,-22.41,1.75
1993-09-01,1993,9,"Rice, Thai 25%",Grains,($/mt),185.0,-1.07,9.47,-16.67,-26.88,0.11
1993-10-01,1993,10,"Rice, Thai 25%",Grains,($/mt),217.0,17.3,22.6,1.4,-16.54,3.72
1993-11-01,1993,11,"Rice, Thai 25%",Grains,($/mt),263.0,21.2,40.64,21.76,4.78,2.86
1993-12-01,1993,12,"Rice, Thai 25%",Grains,($/mt),252.0,-4.18,36.22,15.6,-1.95,-0.66
1994-01-01,1994,1,"Rice, Thai 25%",Grains,($/mt),263.0,4.37,21.2,20.09,3.14,0.29
1994-02-01,1994,2,"Rice, Thai 25%",Grains,($/mt),259.0,-1.52,-1.52,19.91,7.02,-0.36
1994-03-01,1994,3,"Rice, Thai 25%",Grains,($/mt),222.0,-14.29,-11.9,12.69,-10.48,-1.68
1994-04-01,1994,4,"Rice, Thai 25%",Grains,($/mt),221.0,-0.45,-15.97,21.43,-13.67,-0.19
1994-05-01,1994,5,"Rice, Thai 25%",Grains,($/mt),201.0,-9.05,-22.39,21.82,-22.39,-1.12
1994-06-01,1994,6,"Rice, Thai 25%",Grains,($/mt),193.0,-3.98,-13.06,14.2,-29.56,-0.61
1994-07-01,1994,7,"Rice, Thai 25%",Grains,($/mt),204.0,5.7,-7.69,15.25,-29.17,0.41
1994-08-01,1994,8,"Rice, Thai 25%",Grains,($/mt),228.0,11.76,13.43,21.93,-23.23,1.0
1994-09-01,1994,9,"Rice, Thai 25%",Grains,($/mt),239.0,4.82,23.83,29.19,-19.8,0.26
1994-10-01,1994,10,"Rice, Thai 25%",Grains,($/mt),243.0,1.67,19.12,11.98,-9.33,-0.09
1994-11-01,1994,11,"Rice, Thai 25%",Grains,($/mt),242.0,-0.41,6.14,-7.98,-0.82,-0.19
1994-12-01,1994,12,"Rice, Thai 25%",Grains,($/mt),244.0,0.83,2.09,-3.17,12.96,0.18
1995-01-01,1995,1,"Rice, Thai 25%",Grains,($/mt),258.0,5.74,6.17,-1.9,13.66,0.84
1995-02-01,1995,2,"Rice, Thai 25%",Grains,($/mt),262.0,1.55,8.26,1.16,5.65,0.21
1995-03-01,1995,3,"Rice, Thai 25%",Grains,($/mt),259.0,-1.15,6.15,16.67,1.17,-0.21
1995-04-01,1995,4,"Rice, Thai 25%",Grains,($/mt),260.0,0.39,0.78,17.65,0.39,-0.2
1995-05-01,1995,5,"Rice, Thai 25%",Grains,($/mt),268.0,3.08,2.29,33.33,-2.19,0.3
1995-06-01,1995,6,"Rice, Thai 25%",Grains,($/mt),303.0,13.06,16.99,56.99,5.21,2.58
1995-07-01,1995,7,"Rice, Thai 25%",Grains,($/mt),327.0,7.92,25.77,60.29,10.1,0.87
1995-08-01,1995,8,"Rice, Thai 25%",Grains,($/mt),318.0,-2.75,18.66,39.47,6.71,-1.46
1995-09-01,1995,9,"Rice, Thai 25%",Grains,($/mt),332.0,4.4,9.57,38.91,23.88,0.34
1995-10-01,1995,10,"Rice, Thai 25%",Grains,($/mt),351.0,5.72,7.34,44.44,43.85,0.65
1995-11-01,1995,11,"Rice, Thai 25%",Grains,($/mt),322.0,-8.26,1.26,33.06,49.07,-2.58
1995-12-01,1995,12,"Rice, Thai 25%",Grains,($/mt),312.0,-3.11,-6.02,27.87,37.44,-1.03
1996-01-01,1996,1,"Rice, Thai 25%",Grains,($/mt),331.0,6.09,-5.7,28.29,38.49,0.68
1996-02-01,1996,2,"Rice, Thai 25%",Grains,($/mt),320.0,-3.32,-0.62,22.14,20.75,-0.97
1996-03-01,1996,3,"Rice, Thai 25%",Grains,($/mt),313.0,-2.19,0.32,20.85,26.21,-0.68
1996-04-01,1996,4,"Rice, Thai 25%",Grains,($/mt),281.0,-10.22,-15.11,8.08,20.09,-1.99
1996-05-01,1996,5,"Rice, Thai 25%",Grains,($/mt),279.0,-0.71,-12.81,4.1,19.23,-0.23
1996-06-01,1996,6,"Rice, Thai 25%",Grains,($/mt),285.0,2.15,-8.95,-5.94,23.91,0.23
1996-07-01,1996,7,"Rice, Thai 25%",Grains,($/mt),293.0,2.81,4.27,-10.4,22.08,0.55
1996-08-01,1996,8,"Rice, Thai 25%",Grains,($/mt),276.0,-5.8,-1.08,-13.21,12.65,-0.96
1996-09-01,1996,9,"Rice, Thai 25%",Grains,($/mt),274.0,-0.72,-3.86,-17.47,13.69,0.06
1996-10-01,1996,10,"Rice, Thai 25%",Grains,($/mt),260.0,-5.11,-11.26,-25.93,10.17,-0.71
1996-11-01,1996,11,"Rice, Thai 25%",Grains,($/mt),258.0,-0.77,-6.52,-19.88,11.21,0.34
1996-12-01,1996,12,"Rice, Thai 25%",Grains,($/mt),263.0,1.94,-4.01,-15.71,14.35,0.85
1997-01-01,1997,1,"Rice, Thai 25%",Grains,($/mt),291.0,10.65,11.92,-12.08,22.27,2.71
1997-02-01,1997,2,"Rice, Thai 25%",Grains,($/mt),283.0,-2.75,9.69,-11.56,18.91,-0.35
1997-03-01,1997,3,"Rice, Thai 25%",Grains,($/mt),273.0,-3.53,3.8,-12.78,15.68,-0.51
1997-04-01,1997,4,"Rice, Thai 25%",Grains,($/mt),262.0,-4.03,-9.97,-6.76,10.08,-0.58
1997-05-01,1997,5,"Rice, Thai 25%",Grains,($/mt),267.0,1.91,-5.65,-4.3,17.11,0.53
1997-06-01,1997,6,"Rice, Thai 25%",Grains,($/mt),266.0,-0.37,-2.56,-6.67,18.22,-0.02
1997-07-01,1997,7,"Rice, Thai 25%",Grains,($/mt),267.0,0.38,1.91,-8.87,13.14,0.19
1997-08-01,1997,8,"Rice, Thai 25%",Grains,($/mt),246.0,-7.87,-7.87,-10.87,6.49,-1.63
1997-09-01,1997,9,"Rice, Thai 25%",Grains,($/mt),239.0,-2.85,-10.15,-12.77,7.66,-0.43
1997-10-01,1997,10,"Rice, Thai 25%",Grains,($/mt),233.0,-2.51,-12.73,-10.38,8.88,-0.32
1997-11-01,1997,11,"Rice, Thai 25%",Grains,($/mt),221.0,-5.15,-10.16,-14.34,2.31,-0.96
1997-12-01,1997,12,"Rice, Thai 25%",Grains,($/mt),237.0,7.24,-0.84,-9.89,8.72,1.79
1998-01-01,1998,1,"Rice, Thai 25%",Grains,($/mt),247.0,4.22,6.01,-15.12,12.79,0.95
1998-02-01,1998,2,"Rice, Thai 25%",Grains,($/mt),246.0,-0.4,11.31,-13.07,13.89,0.21
1998-03-01,1998,3,"Rice, Thai 25%",Grains,($/mt),245.0,-0.41,3.38,-10.26,24.37,0.16
1998-04-01,1998,4,"Rice, Thai 25%",Grains,($/mt),259.0,5.71,4.86,-1.15,42.31,1.59
1998-05-01,1998,5,"Rice, Thai 25%",Grains,($/mt),258.8,-0.08,5.2,-3.07,56.85,-0.02
1998-06-01,1998,6,"Rice, Thai 25%",Grains,($/mt),268.3,3.67,9.51,0.86,58.76,0.89
1998-07-01,1998,7,"Rice, Thai 25%",Grains,($/mt),266.3,-0.75,2.82,-0.26,50.45,-0.2
1998-08-01,1998,8,"Rice, Thai 25%",Grains,($/mt),274.8,3.19,6.18,11.71,46.95,0.7
1998-09-01,1998,9,"Rice, Thai 25%",Grains,($/mt),280.0,1.89,4.36,17.15,51.35,0.24
1998-10-01,1998,10,"Rice, Thai 25%",Grains,($/mt),271.0,-3.21,1.76,16.31,24.88,-1.29
1998-11-01,1998,11,"Rice, Thai 25%",Grains,($/mt),250.7,-7.49,-8.77,13.44,-4.68,-2.41
1998-12-01,1998,12,"Rice, Thai 25%",Grains,($/mt),251.5,0.32,-10.18,6.12,-0.2,-0.2
1999-01-01,1999,1,"Rice, Thai 25%",Grains,($/mt),258.8,2.9,-4.5,4.78,-1.6,0.65
1999-02-01,1999,2,"Rice, Thai 25%",Grains,($/mt),239.5,-7.46,-4.47,-2.64,-7.53,-2.27
1999-03-01,1999,3,"Rice, Thai 25%",Grains,($/mt),220.6,-7.89,-12.29,-9.96,-0.63,-1.86
1999-04-01,1999,4,"Rice, Thai 25%",Grains,($/mt),204.5,-7.3,-20.98,-21.04,-7.47,-1.38
1999-05-01,1999,5,"Rice, Thai 25%",Grains,($/mt),207.0,1.22,-13.57,-20.02,2.99,0.67
1999-06-01,1999,6,"Rice, Thai 25%",Grains,($/mt),223.2,7.83,1.18,-16.81,15.65,2.05
1999-07-01,1999,7,"Rice, Thai 25%",Grains,($/mt),231.0,3.49,12.96,-13.26,13.24,0.94
1999-08-01,1999,8,"Rice, Thai 25%",Grains,($/mt),220.3,-4.63,6.43,-19.83,-3.38,-0.66
1999-09-01,1999,9,"Rice, Thai 25%",Grains,($/mt),202.5,-8.08,-9.27,-27.68,-15.27,-1.2
1999-10-01,1999,10,"Rice, Thai 25%",Grains,($/mt),190.3,-6.02,-17.62,-29.78,-21.69,-0.64
1999-11-01,1999,11,"Rice, Thai 25%",Grains,($/mt),199.2,4.68,-9.58,-20.54,-17.69,1.33
1999-12-01,1999,12,"Rice, Thai 25%",Grains,($/mt),198.8,-0.2,-1.83,-20.95,-18.52,0.27
2000-01-01,2000,1,"Rice, Thai 25%",Grains,($/mt),201.6,1.41,5.94,-22.1,-21.86,0.56
2000-02-01,2000,2,"Rice, Thai 25%",Grains,($/mt),199.0,-1.29,-0.1,-16.91,-24.05,0.11
2000-03-01,2000,3,"Rice, Thai 25%",Grains,($/mt),187.5,-5.78,-5.68,-15.0,-27.61,-0.82
2000-04-01,2000,4,"Rice, Thai 25%",Grains,($/mt),179.8,-4.11,-10.81,-12.08,-30.85,-0.56
2000-05-01,2000,5,"Rice, Thai 25%",Grains,($/mt),168.8,-6.12,-15.18,-18.45,-37.01,-1.06
2000-06-01,2000,6,"Rice, Thai 25%",Grains,($/mt),166.8,-1.18,-11.04,-25.27,-44.95,0.08
2000-07-01,2000,7,"Rice, Thai 25%",Grains,($/mt),165.6,-0.72,-7.9,-28.31,-49.36,0.39
2000-08-01,2000,8,"Rice, Thai 25%",Grains,($/mt),164.3,-0.79,-2.67,-25.42,-48.33,0.51
2000-09-01,2000,9,"Rice, Thai 25%",Grains,($/mt),161.0,-2.01,-3.48,-20.49,-51.51,0.09
2000-10-01,2000,10,"Rice, Thai 25%",Grains,($/mt),163.3,1.43,-1.39,-14.19,-53.48,1.01
2000-11-01,2000,11,"Rice, Thai 25%",Grains,($/mt),158.0,-3.25,-3.83,-20.68,-50.93,-0.66
2000-12-01,2000,12,"Rice, Thai 25%",Grains,($/mt),158.3,0.19,-1.68,-20.37,-49.26,0.83
2001-01-01,2001,1,"Rice, Thai 25%",Grains,($/mt),158.2,-0.06,-3.12,-21.53,-52.21,0.71
2001-02-01,2001,2,"Rice, Thai 25%",Grains,($/mt),156.3,-1.2,-1.08,-21.46,-51.16,0.33
2001-03-01,2001,3,"Rice, Thai 25%",Grains,($/mt),146.3,-6.4,-7.58,-21.97,-53.26,-1.87
2001-04-01,2001,4,"Rice, Thai 25%",Grains,($/mt),139.0,-4.99,-12.14,-22.69,-50.53,-1.2
2001-05-01,2001,5,"Rice, Thai 25%",Grains,($/mt),141.7,1.94,-9.34,-16.05,-49.21,1.58
2001-06-01,2001,6,"Rice, Thai 25%",Grains,($/mt),148.5,4.8,1.5,-10.97,-47.89,2.54
2001-07-01,2001,7,"Rice, Thai 25%",Grains,($/mt),152.4,2.63,9.64,-7.97,-47.99,1.17
2001-08-01,2001,8,"Rice, Thai 25%",Grains,($/mt),153.0,0.39,7.97,-6.88,-44.57,0.32
2001-09-01,2001,9,"Rice, Thai 25%",Grains,($/mt),161.0,5.23,8.42,0.0,-41.24,1.79
2001-10-01,2001,10,"Rice, Thai 25%",Grains,($/mt),158.2,-1.74,3.81,-3.12,-39.15,-0.5
2001-11-01,2001,11,"Rice, Thai 25%",Grains,($/mt),159.3,0.7,4.12,0.82,-38.26,0.25
2001-12-01,2001,12,"Rice, Thai 25%",Grains,($/mt),163.0,2.32,1.24,2.97,-38.02,0.64
2002-01-01,2002,1,"Rice, Thai 25%",Grains,($/mt),173.5,6.44,9.67,9.67,-40.38,1.74
2002-02-01,2002,2,"Rice, Thai 25%",Grains,($/mt),172.3,-0.69,8.16,10.24,-39.12,-0.39
2002-03-01,2002,3,"Rice, Thai 25%",Grains,($/mt),171.5,-0.46,5.21,17.22,-37.18,-0.35
2002-04-01,2002,4,"Rice, Thai 25%",Grains,($/mt),171.6,0.06,-1.1,23.45,-34.5,-0.41
2002-05-01,2002,5,"Rice, Thai 25%",Grains,($/mt),177.0,3.15,2.73,24.91,-33.71,0.52
2002-06-01,2002,6,"Rice, Thai 25%",Grains,($/mt),182.3,2.99,6.3,22.76,-31.47,0.42
2002-07-01,2002,7,"Rice, Thai 25%",Grains,($/mt),181.0,-0.71,5.48,18.77,-32.21,-0.99
2002-08-01,2002,8,"Rice, Thai 25%",Grains,($/mt),175.0,-3.31,-1.13,14.38,-28.86,-1.87
2002-09-01,2002,9,"Rice, Thai 25%",Grains,($/mt),172.2,-1.6,-5.54,6.96,-27.95,-0.95
2002-10-01,2002,10,"Rice, Thai 25%",Grains,($/mt),174.0,1.05,-3.87,9.99,-25.32,0.17
2002-11-01,2002,11,"Rice, Thai 25%",Grains,($/mt),175.3,0.75,0.17,10.04,-20.68,-0.03
2002-12-01,2002,12,"Rice, Thai 25%",Grains,($/mt),174.0,-0.74,1.05,6.75,-26.58,-0.61
2003-01-01,2003,1,"Rice, Thai 25%",Grains,($/mt),185.3,6.49,6.49,6.8,-24.98,2.29
2003-02-01,2003,2,"Rice, Thai 25%",Grains,($/mt),182.0,-1.78,3.82,5.63,-26.02,-0.91
2003-03-01,2003,3,"Rice, Thai 25%",Grains,($/mt),180.3,-0.93,3.62,5.13,-26.41,-0.54
2003-04-01,2003,4,"Rice, Thai 25%",Grains,($/mt),178.6,-0.94,-3.62,4.08,-31.04,-0.52
2003-05-01,2003,5,"Rice, Thai 25%",Grains,($/mt),180.8,1.23,-0.66,2.15,-30.14,0.32
2003-06-01,2003,6,"Rice, Thai 25%",Grains,($/mt),186.2,2.99,3.27,2.14,-30.6,1.08
2003-07-01,2003,7,"Rice, Thai 25%",Grains,($/mt),182.3,-2.09,2.07,0.72,-31.54,-0.89
2003-08-01,2003,8,"Rice, Thai 25%",Grains,($/mt),178.5,-2.08,-1.27,2.0,-35.04,-0.82
2003-09-01,2003,9,"Rice, Thai 25%",Grains,($/mt),180.0,0.84,-3.33,4.53,-35.71,0.26
2003-10-01,2003,10,"Rice, Thai 25%",Grains,($/mt),181.5,0.83,-0.44,4.31,-33.03,0.18
2003-11-01,2003,11,"Rice, Thai 25%",Grains,($/mt),179.8,-0.94,0.73,2.57,-28.28,-0.53
2003-12-01,2003,12,"Rice, Thai 25%",Grains,($/mt),185.5,3.17,3.06,6.61,-26.24,1.18
2004-01-01,2004,1,"Rice, Thai 25%",Grains,($/mt),198.0,6.74,9.09,6.85,-23.49,2.37
2004-02-01,2004,2,"Rice, Thai 25%",Grains,($/mt),200.0,1.01,11.23,9.89,-16.49,0.16
2004-03-01,2004,3,"Rice, Thai 25%",Grains,($/mt),225.6,12.8,21.62,25.12,2.27,4.69
2004-04-01,2004,4,"Rice, Thai 25%",Grains,($/mt),229.3,1.64,15.81,28.39,12.13,-0.08
2004-05-01,2004,5,"Rice, Thai 25%",Grains,($/mt),222.0,-3.18,11.0,22.79,7.25,-1.3
2004-06-01,2004,6,"Rice, Thai 25%",Grains,($/mt),219.8,-0.99,-2.57,18.05,-1.52,-0.64
2004-07-01,2004,7,"Rice, Thai 25%",Grains,($/mt),221.0,0.55,-3.62,21.23,-4.33,-0.21
2004-08-01,2004,8,"Rice, Thai 25%",Grains,($/mt),228.2,3.26,2.79,27.84,3.59,0.36
2004-09-01,2004,9,"Rice, Thai 25%",Grains,($/mt),224.5,-1.62,2.14,24.72,10.86,-0.9
2004-10-01,2004,10,"Rice, Thai 25%",Grains,($/mt),230.3,2.58,4.21,26.89,21.02,0.15
2004-11-01,2004,11,"Rice, Thai 25%",Grains,($/mt),244.8,6.3,7.27,36.15,22.89,0.98
2004-12-01,2004,12,"Rice, Thai 25%",Grains,($/mt),261.8,6.94,16.61,41.13,31.69,0.98
2005-01-01,2005,1,"Rice, Thai 25%",Grains,($/mt),268.6,2.6,16.63,35.66,33.23,-0.09
2005-02-01,2005,2,"Rice, Thai 25%",Grains,($/mt),270.5,0.71,10.5,35.25,35.93,-0.45
2005-03-01,2005,3,"Rice, Thai 25%",Grains,($/mt),272.5,0.74,4.09,20.79,45.33,-0.43
2005-04-01,2005,4,"Rice, Thai 25%",Grains,($/mt),276.3,1.39,2.87,20.5,53.67,-0.08
2005-05-01,2005,5,"Rice, Thai 25%",Grains,($/mt),272.6,-1.34,0.78,22.79,61.49,-0.99
2005-06-01,2005,6,"Rice, Thai 25%",Grains,($/mt),262.5,-3.71,-3.67,19.43,57.37,-1.98
2005-07-01,2005,7,"Rice, Thai 25%",Grains,($/mt),256.5,-2.29,-7.17,16.06,54.89,-1.24
2005-08-01,2005,8,"Rice, Thai 25%",Grains,($/mt),261.4,1.91,-4.11,14.55,59.1,0.19
2005-09-01,2005,9,"Rice, Thai 25%",Grains,($/mt),264.3,1.11,0.69,17.73,64.16,-0.02
2005-10-01,2005,10,"Rice, Thai 25%",Grains,($/mt),265.2,0.34,3.39,15.15,62.4,-0.35
2005-11-01,2005,11,"Rice, Thai 25%",Grains,($/mt),257.3,-2.98,-1.57,5.11,62.85,-1.36
2005-12-01,2005,12,"Rice, Thai 25%",Grains,($/mt),257.0,-0.12,-2.76,-1.83,62.35,-0.2
2006-01-01,2006,1,"Rice, Thai 25%",Grains,($/mt),266.3,3.62,0.41,-0.86,68.33,1.87
2006-02-01,2006,2,"Rice, Thai 25%",Grains,($/mt),274.8,3.19,6.8,1.59,75.82,1.51
2006-03-01,2006,3,"Rice, Thai 25%",Grains,($/mt),274.5,-0.11,6.81,0.73,87.63,-0.11
2006-04-01,2006,4,"Rice, Thai 25%",Grains,($/mt),271.5,-1.09,1.95,-1.74,95.32,-0.51
2006-05-01,2006,5,"Rice, Thai 25%",Grains,($/mt),276.0,1.66,0.44,1.25,94.78,0.77
2006-06-01,2006,6,"Rice, Thai 25%",Grains,($/mt),280.5,1.63,2.19,6.86,88.89,0.64
2006-07-01,2006,7,"Rice, Thai 25%",Grains,($/mt),286.6,2.17,5.56,11.73,88.06,0.79
2006-08-01,2006,8,"Rice, Thai 25%",Grains,($/mt),284.3,-0.8,3.01,8.76,85.82,-0.94
2006-09-01,2006,9,"Rice, Thai 25%",Grains,($/mt),282.8,-0.53,0.82,7.0,75.65,-0.66
2006-10-01,2006,10,"Rice, Thai 25%",Grains,($/mt),274.8,-2.83,-4.12,3.62,73.7,-1.78
2006-11-01,2006,11,"Rice, Thai 25%",Grains,($/mt),273.3,-0.55,-3.87,6.22,71.56,-0.4
2006-12-01,2006,12,"Rice, Thai 25%",Grains,($/mt),280.3,2.56,-0.88,9.07,71.96,1.06
2007-01-01,2007,1,"Rice, Thai 25%",Grains,($/mt),286.6,2.25,4.29,7.62,65.19,0.75
2007-02-01,2007,2,"Rice, Thai 25%",Grains,($/mt),291.8,1.81,6.77,6.19,69.36,0.64
2007-03-01,2007,3,"Rice, Thai 25%",Grains,($/mt),299.3,2.57,6.78,9.03,74.52,1.2
2007-04-01,2007,4,"Rice, Thai 25%",Grains,($/mt),296.0,-1.1,3.28,9.02,72.49,-1.02
2007-05-01,2007,5,"Rice, Thai 25%",Grains,($/mt),295.8,-0.07,1.37,7.17,67.12,-0.45
2007-06-01,2007,6,"Rice, Thai 25%",Grains,($/mt),300.5,1.59,0.4,7.13,64.84,0.56
2007-07-01,2007,7,"Rice, Thai 25%",Grains,($/mt),306.8,2.1,3.65,7.05,69.5,0.84
2007-08-01,2007,8,"Rice, Thai 25%",Grains,($/mt),306.5,-0.1,3.62,7.81,75.14,-0.38
2007-09-01,2007,9,"Rice, Thai 25%",Grains,($/mt),306.3,-0.07,1.93,8.31,77.87,-0.41
2007-10-01,2007,10,"Rice, Thai 25%",Grains,($/mt),313.4,2.32,2.15,14.05,80.11,0.95
2007-11-01,2007,11,"Rice, Thai 25%",Grains,($/mt),327.8,4.59,6.95,19.94,86.99,2.55
2007-12-01,2007,12,"Rice, Thai 25%",Grains,($/mt),347.3,5.95,13.39,23.9,99.6,2.78
2008-01-01,2008,1,"Rice, Thai 25%",Grains,($/mt),364.4,4.92,16.27,27.15,96.65,1.53
2008-03-01,2008,3,"Rice, Thai 25%",Grains,($/mt),0.0,-100.0,-100.0,-100.0,-100.0,-46.03
2008-04-01,2008,4,"Rice, Thai 25%",Grains,($/mt),0.0,,-100.0,-100.0,-100.0,
2008-05-01,2008,5,"Rice, Thai 25%",Grains,($/mt),0.0,,-100.0,-100.0,-100.0,
2008-06-01,2008,6,"Rice, Thai 25%",Grains,($/mt),0.0,,,-100.0,-100.0,
2008-07-01,2008,7,"Rice, Thai 25%",Grains,($/mt),700.0,inf,inf,132.95,275.94,inf
2008-08-01,2008,8,"Rice, Thai 25%",Grains,($/mt),657.5,-6.07,inf,114.31,260.67,0.11
2008-09-01,2008,9,"Rice, Thai 25%",Grains,($/mt),651.0,-0.99,inf,112.4,264.71,0.28
2008-10-01,2008,10,"Rice, Thai 25%",Grains,($/mt),487.5,-25.12,-30.36,59.16,170.83,-0.39
2008-11-01,2008,11,"Rice, Thai 25%",Grains,($/mt),440.3,-9.68,-33.03,40.49,142.59,0.13
2008-12-01,2008,12,"Rice, Thai 25%",Grains,($/mt),422.0,-4.16,-35.18,28.74,134.71,0.33
2009-01-01,2009,1,"Rice, Thai 25%",Grains,($/mt),464.0,9.95,-4.82,33.6,150.13,0.77
2009-02-01,2009,2,"Rice, Thai 25%",Grains,($/mt),472.8,1.9,7.38,29.75,138.79,0.52
2009-03-01,2009,3,"Rice, Thai 25%",Grains,($/mt),471.5,-0.27,11.73,inf,135.75,0.47
2009-04-01,2009,4,"Rice, Thai 25%",Grains,($/mt),446.0,-5.41,-3.88,inf,97.7,-0.11
2009-05-01,2009,5,"Rice, Thai 25%",Grains,($/mt),454.0,1.79,-3.98,inf,97.99,0.65
2009-06-01,2009,6,"Rice, Thai 25%",Grains,($/mt),476.0,4.85,0.95,inf,114.41,0.94
2009-07-01,2009,7,"Rice, Thai 25%",Grains,($/mt),463.5,-2.63,3.92,-33.79,110.87,0.04
2009-08-01,2009,8,"Rice, Thai 25%",Grains,($/mt),432.8,-6.62,-4.67,-34.17,95.84,-0.42
2009-09-01,2009,9,"Rice, Thai 25%",Grains,($/mt),428.0,-1.11,-10.08,-34.25,87.55,0.22
2009-10-01,2009,10,"Rice, Thai 25%",Grains,($/mt),412.8,-3.55,-10.94,-15.32,83.88,-0.06
2009-11-01,2009,11,"Rice, Thai 25%",Grains,($/mt),460.3,11.51,6.35,4.54,99.87,2.38
2009-12-01,2009,12,"Rice, Thai 25%",Grains,($/mt),515.3,11.95,20.4,22.11,110.5,1.97
2010-01-01,2010,1,"Rice, Thai 25%",Grains,($/mt),510.6,-0.91,23.69,10.04,95.03,-0.43
2010-02-01,2010,2,"Rice, Thai 25%",Grains,($/mt),474.7,-7.03,3.13,0.4,76.73,-1.34
2010-03-01,2010,3,"Rice, Thai 25%",Grains,($/mt),445.6,-6.13,-13.53,-5.49,64.73,-1.0
2010-04-01,2010,4,"Rice, Thai 25%",Grains,($/mt),408.7,-8.28,-19.96,-8.36,49.98,-1.21
2010-05-01,2010,5,"Rice, Thai 25%",Grains,($/mt),396.7,-2.94,-16.43,-12.62,43.58,-0.35
2010-06-01,2010,6,"Rice, Thai 25%",Grains,($/mt),392.0,-1.18,-12.03,-17.65,43.8,-0.04
2010-07-01,2010,7,"Rice, Thai 25%",Grains,($/mt),395.6,0.92,-3.21,-14.65,50.7,0.35
2010-08-01,2010,8,"Rice, Thai 25%",Grains,($/mt),412.0,4.15,3.86,-4.81,60.62,0.79
2010-09-01,2010,9,"Rice, Thai 25%",Grains,($/mt),448.0,8.74,14.29,4.67,71.38,1.37
2010-10-01,2010,10,"Rice, Thai 25%",Grains,($/mt),457.0,2.01,15.52,10.71,72.91,0.2
2010-11-01,2010,11,"Rice, Thai 25%",Grains,($/mt),477.5,4.49,15.9,3.74,80.05,0.49
2010-12-01,2010,12,"Rice, Thai 25%",Grains,($/mt),479.8,0.48,7.1,-6.89,86.47,0.0
2011-01-01,2011,1,"Rice, Thai 25%",Grains,($/mt),467.6,-2.54,2.32,-8.42,81.95,-0.41
2011-02-01,2011,2,"Rice, Thai 25%",Grains,($/mt),473.0,1.15,-0.94,-0.36,77.62,0.35
2011-03-01,2011,3,"Rice, Thai 25%",Grains,($/mt),455.5,-3.7,-5.06,2.22,65.76,-0.8
2011-04-01,2011,4,"Rice, Thai 25%",Grains,($/mt),448.3,-1.58,-4.13,9.69,63.32,-0.42
2011-05-01,2011,5,"Rice, Thai 25%",Grains,($/mt),448.4,0.02,-5.2,13.03,65.16,-0.22
2011-06-01,2011,6,"Rice, Thai 25%",Grains,($/mt),473.8,5.66,4.02,20.87,71.67,1.33
2011-07-01,2011,7,"Rice, Thai 25%",Grains,($/mt),506.8,6.96,13.05,28.11,80.68,1.48
2011-08-01,2011,8,"Rice, Thai 25%",Grains,($/mt),533.8,5.33,19.05,29.56,86.25,0.81
2011-09-01,2011,9,"Rice, Thai 25%",Grains,($/mt),555.5,4.07,17.24,24.0,95.39,0.46
2011-10-01,2011,10,"Rice, Thai 25%",Grains,($/mt),560.2,0.85,10.54,22.58,98.09,-0.29
2011-11-01,2011,11,"Rice, Thai 25%",Grains,($/mt),584.3,4.3,9.46,22.37,112.63,0.73
2011-12-01,2011,12,"Rice, Thai 25%",Grains,($/mt),565.5,-3.22,1.8,17.86,106.92,-1.43
2012-01-01,2012,1,"Rice, Thai 25%",Grains,($/mt),534.0,-5.57,-4.68,14.2,90.51,-1.87
2012-02-01,2012,2,"Rice, Thai 25%",Grains,($/mt),529.0,-0.94,-9.46,11.84,84.58,-0.52
2012-03-01,2012,3,"Rice, Thai 25%",Grains,($/mt),544.4,2.91,-3.73,19.52,86.57,0.46
2012-04-01,2012,4,"Rice, Thai 25%",Grains,($/mt),550.7,1.16,3.13,22.84,84.0,-0.1
2012-05-01,2012,5,"Rice, Thai 25%",Grains,($/mt),553.3,0.47,4.59,23.39,86.93,-0.35
2012-06-01,2012,6,"Rice, Thai 25%",Grains,($/mt),578.0,4.46,6.17,21.99,95.4,0.7
2012-07-01,2012,7,"Rice, Thai 25%",Grains,($/mt),555.0,-3.98,0.78,9.51,84.69,-1.55
2012-08-01,2012,8,"Rice, Thai 25%",Grains,($/mt),545.0,-1.8,-1.5,2.1,77.64,-0.72
2012-09-01,2012,9,"Rice, Thai 25%",Grains,($/mt),543.8,-0.22,-5.92,-2.11,77.42,-0.13
2012-10-01,2012,10,"Rice, Thai 25%",Grains,($/mt),532.5,-2.08,-4.05,-4.94,73.85,-0.61
2012-11-01,2012,11,"Rice, Thai 25%",Grains,($/mt),530.0,-0.47,-2.75,-9.29,69.11,-0.03
2012-12-01,2012,12,"Rice, Thai 25%",Grains,($/mt),530.0,0.0,-2.54,-6.28,61.68,0.27
2013-01-01,2013,1,"Rice, Thai 25%",Grains,($/mt),540.0,1.89,1.41,1.12,55.49,0.87
2013-02-01,2013,2,"Rice, Thai 25%",Grains,($/mt),538.8,-0.22,1.66,1.85,47.86,-0.15
2013-03-01,2013,3,"Rice, Thai 25%",Grains,($/mt),535.0,-0.71,0.94,-1.73,inf,-0.39
2013-04-01,2013,4,"Rice, Thai 25%",Grains,($/mt),535.6,0.11,-0.81,-2.74,inf,0.11
2013-05-01,2013,5,"Rice, Thai 25%",Grains,($/mt),508.8,-5.0,-5.57,-8.04,inf,-2.31
2013-06-01,2013,6,"Rice, Thai 25%",Grains,($/mt),483.8,-4.91,-9.57,-16.3,inf,-1.72
2013-07-01,2013,7,"Rice, Thai 25%",Grains,($/mt),454.0,-6.16,-15.24,-18.2,-35.14,-2.17
2013-08-01,2013,8,"Rice, Thai 25%",Grains,($/mt),425.0,-6.39,-16.47,-22.02,-35.36,-1.93
2013-09-01,2013,9,"Rice, Thai 25%",Grains,($/mt),428.0,0.71,-11.53,-21.29,-34.25,0.96
2013-10-01,2013,10,"Rice, Thai 25%",Grains,($/mt),423.0,-1.17,-6.83,-20.56,-13.23,0.27
2013-11-01,2013,11,"Rice, Thai 25%",Grains,($/mt),405.0,-4.26,-4.71,-23.58,-8.02,-0.83
2013-12-01,2013,12,"Rice, Thai 25%",Grains,($/mt),398.7,-1.56,-6.85,-24.77,-5.52,0.21
2014-01-01,2014,1,"Rice, Thai 25%",Grains,($/mt),377.0,-5.44,-10.87,-30.19,-18.75,-1.09
2014-02-01,2014,2,"Rice, Thai 25%",Grains,($/mt),382.0,1.33,-5.68,-29.1,-19.2,1.59
2014-03-01,2014,3,"Rice, Thai 25%",Grains,($/mt),366.0,-4.19,-8.2,-31.59,-22.38,-0.49
2014-04-01,2014,4,"Rice, Thai 25%",Grains,($/mt),352.0,-3.83,-6.63,-34.28,-21.08,-0.27
2014-05-01,2014,5,"Rice, Thai 25%",Grains,($/mt),346.0,-1.7,-9.42,-32.0,-23.79,0.65
2014-06-01,2014,6,"Rice, Thai 25%",Grains,($/mt),356.0,2.89,-2.73,-26.42,-25.21,2.32
2014-07-01,2014,7,"Rice, Thai 25%",Grains,($/mt),375.0,5.34,6.53,-17.4,-19.09,2.57
2014-08-01,2014,8,"Rice, Thai 25%",Grains,($/mt),414.0,10.4,19.65,-2.59,-4.34,3.36
2014-09-01,2014,9,"Rice, Thai 25%",Grains,($/mt),411.0,-0.72,15.45,-3.97,-3.97,-0.13
2014-10-01,2014,10,"Rice, Thai 25%",Grains,($/mt),409.0,-0.49,9.07,-3.31,-0.92,-0.05
2014-11-01,2014,11,"Rice, Thai 25%",Grains,($/mt),400.0,-2.2,-3.38,-1.23,-13.1,-0.44
2014-12-01,2014,12,"Rice, Thai 25%",Grains,($/mt),398.0,-0.5,-3.16,-0.18,-22.76,-0.11
2015-01-01,2015,1,"Rice, Thai 25%",Grains,($/mt),400.0,0.5,-2.2,6.1,-21.66,0.1
2015-02-01,2015,2,"Rice, Thai 25%",Grains,($/mt),400.0,0.0,0.0,4.71,-15.74,-0.14
2015-03-01,2015,3,"Rice, Thai 25%",Grains,($/mt),392.0,-2.0,-1.51,7.1,-12.03,-0.6
2015-04-01,2015,4,"Rice, Thai 25%",Grains,($/mt),384.0,-2.04,-4.0,9.09,-6.04,-0.69
2015-05-01,2015,5,"Rice, Thai 25%",Grains,($/mt),368.0,-4.17,-8.0,6.36,-7.23,-1.32
2015-06-01,2015,6,"Rice, Thai 25%",Grains,($/mt),365.0,-0.82,-6.89,2.53,-6.89,-0.35
2015-07-01,2015,7,"Rice, Thai 25%",Grains,($/mt),376.0,3.01,-2.08,0.27,-4.95,0.7
2015-08-01,2015,8,"Rice, Thai 25%",Grains,($/mt),362.0,-3.72,-1.63,-12.56,-12.14,-1.03
2015-09-01,2015,9,"Rice, Thai 25%",Grains,($/mt),347.0,-4.14,-4.93,-15.57,-22.54,-1.58
2015-10-01,2015,10,"Rice, Thai 25%",Grains,($/mt),362.0,4.32,-3.72,-11.49,-20.79,2.7
2015-11-01,2015,11,"Rice, Thai 25%",Grains,($/mt),359.0,-0.83,-0.83,-10.25,-24.82,0.06
2015-12-01,2015,12,"Rice, Thai 25%",Grains,($/mt),356.0,-0.84,2.59,-10.55,-25.8,0.01
2016-01-01,2016,1,"Rice, Thai 25%",Grains,($/mt),361.0,1.4,-0.28,-9.75,-22.8,0.87
2016-02-01,2016,2,"Rice, Thai 25%",Grains,($/mt),374.0,3.6,4.18,-6.5,-20.93,1.64
2016-03-01,2016,3,"Rice, Thai 25%",Grains,($/mt),375.0,0.27,5.34,-4.34,-17.67,0.26
2016-04-01,2016,4,"Rice, Thai 25%",Grains,($/mt),386.0,2.93,6.93,0.52,-13.9,1.1
2016-05-01,2016,5,"Rice, Thai 25%",Grains,($/mt),415.0,7.51,10.96,12.77,-7.45,2.44
2016-06-01,2016,6,"Rice, Thai 25%",Grains,($/mt),422.0,1.69,12.53,15.62,-10.93,0.18
2016-07-01,2016,7,"Rice, Thai 25%",Grains,($/mt),424.0,0.47,9.84,12.77,-16.34,-0.24
2016-08-01,2016,8,"Rice, Thai 25%",Grains,($/mt),403.0,-4.95,-2.89,11.33,-24.5,-1.81
2016-09-01,2016,9,"Rice, Thai 25%",Grains,($/mt),378.0,-6.2,-10.43,8.93,-31.95,-2.05
2016-10-01,2016,10,"Rice, Thai 25%",Grains,($/mt),365.0,-3.44,-13.92,0.83,-34.84,-1.11
2016-11-01,2016,11,"Rice, Thai 25%",Grains,($/mt),357.0,-2.19,-11.41,-0.56,-38.9,-0.61
2016-12-01,2016,12,"Rice, Thai 25%",Grains,($/mt),364.0,1.96,-3.7,2.25,-35.63,0.5
2017-01-01,2017,1,"Rice, Thai 25%",Grains,($/mt),369.0,1.37,1.1,2.22,-30.9,0.29
2017-02-01,2017,2,"Rice, Thai 25%",Grains,($/mt),361.0,-2.17,1.12,-3.48,-31.76,-0.62
2017-03-01,2017,3,"Rice, Thai 25%",Grains,($/mt),364.0,0.83,0.0,-2.93,-33.14,0.28
2017-04-01,2017,4,"Rice, Thai 25%",Grains,($/mt),369.0,1.37,0.0,-4.4,-32.99,0.41
2017-05-01,2017,5,"Rice, Thai 25%",Grains,($/mt),399.0,8.13,10.53,-3.86,-27.89,2.28
2017-06-01,2017,6,"Rice, Thai 25%",Grains,($/mt),430.0,7.77,18.13,1.9,-25.61,2.1
2017-07-01,2017,7,"Rice, Thai 25%",Grains,($/mt),399.0,-7.21,8.13,-5.9,-28.11,-1.67
2017-08-01,2017,8,"Rice, Thai 25%",Grains,($/mt),381.0,-4.51,-4.51,-5.46,-30.09,-0.83
2017-09-01,2017,9,"Rice, Thai 25%",Grains,($/mt),388.0,1.84,-9.77,2.65,-28.65,0.45
2017-10-01,2017,10,"Rice, Thai 25%",Grains,($/mt),379.0,-2.32,-5.01,3.84,-28.83,-0.57
2017-11-01,2017,11,"Rice, Thai 25%",Grains,($/mt),386.0,1.85,1.31,8.12,-27.17,0.32
2017-12-01,2017,12,"Rice, Thai 25%",Grains,($/mt),391.0,1.3,0.77,7.42,-26.23,0.12
2018-01-01,2018,1,"Rice, Thai 25%",Grains,($/mt),422.0,7.93,11.35,14.36,-21.85,1.63
2018-02-01,2018,2,"Rice, Thai 25%",Grains,($/mt),411.0,-2.61,6.48,13.85,-23.72,-0.78
2018-03-01,2018,3,"Rice, Thai 25%",Grains,($/mt),418.0,1.7,6.91,14.84,-21.87,0.1
2018-04-01,2018,4,"Rice, Thai 25%",Grains,($/mt),436.0,4.31,3.32,18.16,-18.6,0.62
2018-05-01,2018,5,"Rice, Thai 25%",Grains,($/mt),436.0,0.0,6.08,9.27,-14.31,-0.3
2018-06-01,2018,6,"Rice, Thai 25%",Grains,($/mt),415.0,-4.82,-0.72,-3.49,-14.22,-1.24
2018-07-01,2018,7,"Rice, Thai 25%",Grains,($/mt),390.0,-6.02,-10.55,-2.26,-14.1,-1.36
2018-08-01,2018,8,"Rice, Thai 25%",Grains,($/mt),393.0,0.77,-9.86,3.15,-7.53,0.22
2018-09-01,2018,9,"Rice, Thai 25%",Grains,($/mt),393.0,0.0,-5.3,1.29,-8.18,-0.08
2018-10-01,2018,10,"Rice, Thai 25%",Grains,($/mt),397.0,1.02,1.79,4.75,-6.15,0.22
2018-11-01,2018,11,"Rice, Thai 25%",Grains,($/mt),391.0,-1.51,-0.51,1.3,-3.46,-0.52
2018-12-01,2018,12,"Rice, Thai 25%",Grains,($/mt),395.0,1.02,0.51,1.02,-0.93,0.23
2019-01-01,2019,1,"Rice, Thai 25%",Grains,($/mt),402.0,1.77,1.26,-4.74,6.63,0.43
2019-02-01,2019,2,"Rice, Thai 25%",Grains,($/mt),401.0,-0.25,2.56,-2.43,4.97,0.04
2019-03-01,2019,3,"Rice, Thai 25%",Grains,($/mt),399.0,-0.5,1.01,-4.55,9.02,-0.12
2019-04-01,2019,4,"Rice, Thai 25%",Grains,($/mt),404.0,1.25,0.5,-7.34,14.77,0.58
2019-05-01,2019,5,"Rice, Thai 25%",Grains,($/mt),401.0,-0.74,0.0,-8.03,15.9,-0.06
2019-06-01,2019,6,"Rice, Thai 25%",Grains,($/mt),411.0,2.49,3.01,-0.96,15.45,1.3
2019-07-01,2019,7,"Rice, Thai 25%",Grains,($/mt),409.0,-0.49,1.24,4.87,9.07,-0.2
2019-08-01,2019,8,"Rice, Thai 25%",Grains,($/mt),421.0,2.93,4.99,7.12,1.69,2.16
2019-09-01,2019,9,"Rice, Thai 25%",Grains,($/mt),421.0,0.0,2.43,7.12,2.43,-0.42
2019-10-01,2019,10,"Rice, Thai 25%",Grains,($/mt),418.0,-0.71,2.2,5.29,2.2,-0.94
2019-11-01,2019,11,"Rice, Thai 25%",Grains,($/mt),415.0,-0.72,-1.43,6.14,3.75,-0.82
2019-12-01,2019,12,"Rice, Thai 25%",Grains,($/mt),423.0,1.93,0.48,7.09,6.28,1.06
2020-01-01,2020,1,"Rice, Thai 25%",Grains,($/mt),440.0,4.02,5.26,9.45,10.0,2.47
2020-02-01,2020,2,"Rice, Thai 25%",Grains,($/mt),442.0,0.45,6.51,10.22,10.5,-0.19
2020-03-01,2020,3,"Rice, Thai 25%",Grains,($/mt),477.0,7.92,12.77,19.55,21.68,4.27
2020-04-01,2020,4,"Rice, Thai 25%",Grains,($/mt),536.0,12.37,21.82,32.67,39.58,4.21
2020-05-01,2020,5,"Rice, Thai 25%",Grains,($/mt),494.0,-7.84,11.76,23.19,34.24,-2.54
2020-06-01,2020,6,"Rice, Thai 25%",Grains,($/mt),501.0,1.42,5.03,21.9,37.26,-0.09
2020-07-01,2020,7,"Rice, Thai 25%",Grains,($/mt),467.0,-6.79,-12.87,14.18,24.2,-1.72
2020-08-01,2020,8,"Rice, Thai 25%",Grains,($/mt),486.0,4.07,-1.62,15.44,34.25,0.51
2020-09-01,2020,9,"Rice, Thai 25%",Grains,($/mt),488.0,0.41,-2.59,15.91,40.63,-0.17
2020-10-01,2020,10,"Rice, Thai 25%",Grains,($/mt),463.0,-5.12,-0.86,10.77,27.9,-1.17
2020-11-01,2020,11,"Rice, Thai 25%",Grains,($/mt),480.0,3.67,-1.23,15.66,33.7,0.45
2020-12-01,2020,12,"Rice, Thai 25%",Grains,($/mt),508.0,5.83,4.1,20.09,42.7,0.76
2021-01-01,2021,1,"Rice, Thai 25%",Grains,($/mt),528.0,3.94,14.04,20.0,46.26,0.37
2021-02-01,2021,2,"Rice, Thai 25%",Grains,($/mt),542.0,2.65,12.92,22.62,44.92,0.16
2021-03-01,2021,3,"Rice, Thai 25%",Grains,($/mt),515.0,-4.98,1.38,7.97,37.33,-1.14
2021-04-01,2021,4,"Rice, Thai 25%",Grains,($/mt),484.0,-6.02,-8.33,-9.7,25.39,-1.14
2021-05-01,2021,5,"Rice, Thai 25%",Grains,($/mt),483.0,-0.21,-10.89,-2.23,16.39,0.1
2021-06-01,2021,6,"Rice, Thai 25%",Grains,($/mt),455.0,-5.8,-11.65,-9.18,7.82,-1.27
2021-07-01,2021,7,"Rice, Thai 25%",Grains,($/mt),407.0,-10.55,-15.91,-12.85,-4.01,-2.08
2021-08-01,2021,8,"Rice, Thai 25%",Grains,($/mt),392.0,-3.69,-18.84,-19.34,-2.73,-0.51
2021-09-01,2021,9,"Rice, Thai 25%",Grains,($/mt),391.0,-0.26,-14.07,-19.88,3.44,0.28
2021-10-01,2021,10,"Rice, Thai 25%",Grains,($/mt),395.0,1.02,-2.95,-14.69,8.22,0.54
2021-11-01,2021,11,"Rice, Thai 25%",Grains,($/mt),394.0,-0.25,0.51,-17.92,10.36,0.19
2021-12-01,2021,12,"Rice, Thai 25%",Grains,($/mt),393.0,-0.25,0.51,-22.64,7.97,0.27
2022-01-01,2022,1,"Rice, Thai 25%",Grains,($/mt),419.0,6.62,6.08,-20.64,13.55,2.06
2022-02-01,2022,2,"Rice, Thai 25%",Grains,($/mt),422.0,0.72,7.11,-22.14,16.9,0.55
2022-03-01,2022,3,"Rice, Thai 25%",Grains,($/mt),419.0,-0.71,6.62,-18.64,15.11,0.28
2022-04-01,2022,4,"Rice, Thai 25%",Grains,($/mt),429.0,2.39,2.39,-11.36,16.26,0.92
2022-05-01,2022,5,"Rice, Thai 25%",Grains,($/mt),458.0,6.76,8.53,-5.18,14.79,1.8
2022-06-01,2022,6,"Rice, Thai 25%",Grains,($/mt),441.0,-3.71,5.25,-3.08,2.56,-0.7
2022-07-01,2022,7,"Rice, Thai 25%",Grains,($/mt),412.0,-6.58,-3.96,1.23,3.26,-1.39
2022-08-01,2022,8,"Rice, Thai 25%",Grains,($/mt),421.0,2.18,-8.08,7.4,10.5,0.52
2022-09-01,2022,9,"Rice, Thai 25%",Grains,($/mt),428.0,1.66,-2.95,9.46,10.31,0.27
2022-10-01,2022,10,"Rice, Thai 25%",Grains,($/mt),420.0,-1.87,1.94,6.33,10.82,-0.72
2022-11-01,2022,11,"Rice, Thai 25%",Grains,($/mt),430.0,2.38,2.14,9.14,11.4,0.47
2022-12-01,2022,12,"Rice, Thai 25%",Grains,($/mt),457.0,6.28,6.78,16.28,16.88,1.43
2023-01-01,2023,1,"Rice, Thai 25%",Grains,($/mt),507.0,10.94,20.71,21.0,20.14,2.32
2023-02-01,2023,2,"Rice, Thai 25%",Grains,($/mt),482.0,-4.93,12.09,14.22,17.27,-1.39
2023-03-01,2023,3,"Rice, Thai 25%",Grains,($/mt),468.0,-2.9,2.41,11.69,11.96,-0.8
2023-04-01,2023,4,"Rice, Thai 25%",Grains,($/mt),490.0,4.7,-3.35,14.22,12.39,0.69
2023-05-01,2023,5,"Rice, Thai 25%",Grains,($/mt),495.0,1.02,2.7,8.08,13.53,-0.04
2023-06-01,2023,6,"Rice, Thai 25%",Grains,($/mt),496.0,0.2,5.98,12.47,19.52,-0.11
2023-07-01,2023,7,"Rice, Thai 25%",Grains,($/mt),524.0,5.65,6.94,27.18,34.36,0.94
2023-08-01,2023,8,"Rice, Thai 25%",Grains,($/mt),600.0,14.5,21.21,42.52,52.67,2.84
2023-09-01,2023,9,"Rice, Thai 25%",Grains,($/mt),587.0,-2.17,18.35,37.15,49.36,-0.94
2023-10-01,2023,10,"Rice, Thai 25%",Grains,($/mt),563.0,-4.09,7.44,34.05,41.81,-1.18
2023-11-01,2023,11,"Rice, Thai 25%",Grains,($/mt),573.0,1.78,-4.5,33.26,46.55,-0.14
2023-12-01,2023,12,"Rice, Thai 25%",Grains,($/mt),610.0,6.46,3.92,33.48,54.43,0.64
2024-01-01,2024,1,"Rice, Thai 25%",Grains,($/mt),620.0,1.64,10.12,22.29,54.23,-0.16
2024-02-01,2024,2,"Rice, Thai 25%",Grains,($/mt),594.0,-4.19,3.66,23.24,48.13,-1.1
2024-03-01,2024,3,"Rice, Thai 25%",Grains,($/mt),584.0,-1.68,-4.26,24.79,46.37,-0.66
2024-04-01,2024,4,"Rice, Thai 25%",Grains,($/mt),564.0,-3.42,-9.03,15.1,39.6,-1.02
2024-05-01,2024,5,"Rice, Thai 25%",Grains,($/mt),593.0,5.14,-0.17,19.8,47.88,0.71
2024-06-01,2024,6,"Rice, Thai 25%",Grains,($/mt),595.0,0.34,1.88,19.96,44.77,-0.24
2024-07-01,2024,7,"Rice, Thai 25%",Grains,($/mt),557.0,-6.39,-1.24,6.3,36.19,-1.45
2024-08-01,2024,8,"Rice, Thai 25%",Grains,($/mt),560.0,0.54,-5.56,-6.67,33.02,-0.02
2024-09-01,2024,9,"Rice, Thai 25%",Grains,($/mt),556.0,-0.71,-6.55,-5.28,32.07,-0.05
2024-10-01,2024,10,"Rice, Thai 25%",Grains,($/mt),499.0,-10.25,-10.41,-11.37,19.38,-2.57
2024-11-01,2024,11,"Rice, Thai 25%",Grains,($/mt),487.0,-2.4,-13.04,-15.01,17.35,-0.32
2024-12-01,2024,12,"Rice, Thai 25%",Grains,($/mt),500.0,2.67,-10.07,-18.03,18.2,0.84
2025-01-01,2025,1,"Rice, Thai 25%",Grains,($/mt),459.0,-8.2,-8.02,-25.97,4.32,-1.59
2025-02-01,2025,2,"Rice, Thai 25%",Grains,($/mt),424.0,-7.63,-12.94,-28.62,-4.07,-1.18
2025-03-01,2025,3,"Rice, Thai 25%",Grains,($/mt),410.0,-3.3,-18.0,-29.79,-14.05,-0.14
2025-04-01,2025,4,"Rice, Thai 25%",Grains,($/mt),401.0,-2.2,-12.64,-28.9,-25.19,0.13
2025-05-01,2025,5,"Rice, Thai 25%",Grains,($/mt),416.0,3.74,-1.89,-29.85,-15.79,1.38
2025-06-01,2025,6,"Rice, Thai 25%",Grains,($/mt),408.0,-1.92,-0.49,-31.43,-18.56,0.2
2025-07-01,2025,7,"Rice, Thai 25%",Grains,($/mt),382.0,-6.37,-4.74,-31.42,-18.2,-0.77
2025-08-01,2025,8,"Rice, Thai 25%",Grains,($/mt),363.0,-4.97,-12.74,-35.18,-25.31,-0.45
2025-09-01,2025,9,"Rice, Thai 25%",Grains,($/mt),367.0,1.1,-10.05,-33.99,-24.8,1.07
2025-10-01,2025,10,"Rice, Thai 25%",Grains,($/mt),351.0,-4.36,-8.12,-29.66,-24.19,-0.24
2025-11-01,2025,11,"Rice, Thai 25%",Grains,($/mt),362.0,3.13,-0.28,-25.67,-24.58,1.55
2025-12-01,2025,12,"Rice, Thai 25%",Grains,($/mt),414.0,14.36,12.81,-17.2,-18.5,3.98
2026-01-01,2026,1,"Rice, Thai 25%",Grains,($/mt),402.0,-2.9,14.53,-12.42,-23.86,-0.24
2026-02-01,2026,2,"Rice, Thai 25%",Grains,($/mt),404.0,0.5,11.6,-4.72,-25.46,0.24
2026-03-01,2026,3,"Rice, Thai 25%",Grains,($/mt),379.0,-6.19,-8.45,-7.56,-26.41,-1.06
2026-04-01,2026,4,"Rice, Thai 25%",Grains,($/mt),399.0,5.28,-0.75,-0.5,-17.56,1.0
2026-05-01,2026,5,"Rice, Thai 25%",Grains,($/mt),435.0,9.02,7.67,4.57,-9.94,1.49
2026-06-01,2026,6,"Rice, Thai 25%",Grains,($/mt),479.0,10.11,26.39,17.4,5.27,1.48
2026-07-01,2026,7,"Rice, Thai 25%",Grains,($/mt),453.0,-5.43,13.53,18.59,11.3,-1.01
2026-08-01,2026,8,"Rice, Thai 25%",Grains,($/mt),447.0,-1.32,2.76,23.14,14.03,-0.43
2026-09-01,2026,9,"Rice, Thai 25%",Grains,($/mt),461.0,3.13,-3.76,25.61,17.9,0.18
1960-01-01,1960,1,"Rice, Thai 5%",Grains,($/mt),104.5,,,,,
1960-02-01,1960,2,"Rice, Thai 5%",Grains,($/mt),103.5,-0.96,,,,
1960-03-01,1960,3,"Rice, Thai 5%",Grains,($/mt),103.8,0.29,,,,
1960-04-01,1960,4,"Rice, Thai 5%",Grains,($/mt),101.0,-2.7,-3.35,,,
1960-05-01,1960,5,"Rice, Thai 5%",Grains,($/mt),102.2,1.19,-1.26,,,
1960-06-01,1960,6,"Rice, Thai 5%",Grains,($/mt),103.1,0.88,-0.67,,,
1960-07-01,1960,7,"Rice, Thai 5%",Grains,($/mt),102.1,-0.97,1.09,,,
1960-08-01,1960,8,"Rice, Thai 5%",Grains,($/mt),109.7,7.44,7.34,,,5.38
1960-09-01,1960,9,"Rice, Thai 5%",Grains,($/mt),116.1,5.83,12.61,,,1.57
1960-10-01,1960,10,"Rice, Thai 5%",Grains,($/mt),115.2,-0.78,12.83,,,-0.61
1960-11-01,1960,11,"Rice, Thai 5%",Grains,($/mt),114.4,-0.69,4.28,,,-0.55
1960-12-01,1960,12,"Rice, Thai 5%",Grains,($/mt),112.7,-1.49,-2.93,,,-0.76
1961-01-01,1961,1,"Rice, Thai 5%",Grains,($/mt),113.5,0.71,-1.48,8.61,,-0.01
1961-02-01,1961,2,"Rice, Thai 5%",Grains,($/mt),109.5,-3.52,-4.28,5.8,,-1.42
1961-03-01,1961,3,"Rice, Thai 5%",Grains,($/mt),117.7,7.49,4.44,13.39,,2.18
1961-04-01,1961,4,"Rice, Thai 5%",Grains,($/mt),115.2,-2.12,1.5,14.06,,-0.86
1961-05-01,1961,5,"Rice, Thai 5%",Grains,($/mt),119.4,3.65,9.04,16.83,,0.67
1961-06-01,1961,6,"Rice, Thai 5%",Grains,($/mt),121.4,1.68,3.14,17.75,,0.08
1961-07-01,1961,7,"Rice, Thai 5%",Grains,($/mt),123.4,1.65,7.12,20.86,,0.06
1961-08-01,1961,8,"Rice, Thai 5%",Grains,($/mt),119.6,-3.08,0.17,9.02,,-1.27
1961-09-01,1961,9,"Rice, Thai 5%",Grains,($/mt),119.0,-0.5,-1.98,2.5,,-0.37
1961-10-01,1961,10,"Rice, Thai 5%",Grains,($/mt),120.3,1.09,-2.51,4.43,,0.27
1961-11-01,1961,11,"Rice, Thai 5%",Grains,($/mt),128.3,6.65,7.27,12.15,,2.03
1961-12-01,1961,12,"Rice, Thai 5%",Grains,($/mt),120.1,-6.39,0.92,6.57,,-2.1
1962-01-01,1962,1,"Rice, Thai 5%",Grains,($/mt),117.8,-1.92,-2.08,3.79,,-0.62
1962-02-01,1962,2,"Rice, Thai 5%",Grains,($/mt),119.2,1.19,-7.09,8.86,,0.19
1962-03-01,1962,3,"Rice, Thai 5%",Grains,($/mt),123.8,3.86,3.08,5.18,,0.78
1962-04-01,1962,4,"Rice, Thai 5%",Grains,($/mt),130.8,5.65,11.04,13.54,,1.47
1962-05-01,1962,5,"Rice, Thai 5%",Grains,($/mt),149.1,13.99,25.08,24.87,,3.47
1962-06-01,1962,6,"Rice, Thai 5%",Grains,($/mt),144.1,-3.35,16.4,18.7,,-1.02
1962-07-01,1962,7,"Rice, Thai 5%",Grains,($/mt),144.2,0.07,10.24,16.86,,-0.27
1962-08-01,1962,8,"Rice, Thai 5%",Grains,($/mt),142.9,-0.9,-4.16,19.48,,-0.43
1962-09-01,1962,9,"Rice, Thai 5%",Grains,($/mt),140.6,-1.61,-2.43,18.15,,-0.6
1962-10-01,1962,10,"Rice, Thai 5%",Grains,($/mt),143.0,1.71,-0.83,18.87,,0.03
1962-11-01,1962,11,"Rice, Thai 5%",Grains,($/mt),142.5,-0.35,-0.28,11.07,,-0.36
1962-12-01,1962,12,"Rice, Thai 5%",Grains,($/mt),121.1,-15.02,-13.87,0.83,,-3.1
1963-01-01,1963,1,"Rice, Thai 5%",Grains,($/mt),121.8,0.58,-14.83,3.4,,0.05
1963-02-01,1963,2,"Rice, Thai 5%",Grains,($/mt),123.4,1.31,-13.4,3.52,,0.12
1963-03-01,1963,3,"Rice, Thai 5%",Grains,($/mt),123.3,-0.08,1.82,-0.4,,-0.09
1963-04-01,1963,4,"Rice, Thai 5%",Grains,($/mt),122.4,-0.73,0.49,-6.42,,-0.14
1963-05-01,1963,5,"Rice, Thai 5%",Grains,($/mt),123.2,0.65,-0.16,-17.37,,0.16
1963-06-01,1963,6,"Rice, Thai 5%",Grains,($/mt),128.1,3.98,3.89,-11.1,,1.22
1963-07-01,1963,7,"Rice, Thai 5%",Grains,($/mt),130.6,1.95,6.7,-9.43,,0.6
1963-08-01,1963,8,"Rice, Thai 5%",Grains,($/mt),129.9,-0.54,5.44,-9.1,,0.04
1963-09-01,1963,9,"Rice, Thai 5%",Grains,($/mt),130.3,0.31,1.72,-7.33,,0.21
1963-10-01,1963,10,"Rice, Thai 5%",Grains,($/mt),128.7,-1.23,-1.45,-10.0,,-0.15
1963-11-01,1963,11,"Rice, Thai 5%",Grains,($/mt),124.8,-3.03,-3.93,-12.42,,-0.48
1963-12-01,1963,12,"Rice, Thai 5%",Grains,($/mt),121.5,-2.64,-6.75,0.33,,-0.35
1964-01-01,1964,1,"Rice, Thai 5%",Grains,($/mt),124.0,2.06,-3.65,1.81,,1.05
1964-02-01,1964,2,"Rice, Thai 5%",Grains,($/mt),119.1,-3.95,-4.57,-3.48,,-2.05
1964-03-01,1964,3,"Rice, Thai 5%",Grains,($/mt),115.1,-3.36,-5.27,-6.65,,-1.35
1964-04-01,1964,4,"Rice, Thai 5%",Grains,($/mt),116.9,1.56,-5.73,-4.49,,0.86
1964-05-01,1964,5,"Rice, Thai 5%",Grains,($/mt),117.0,0.09,-1.76,-5.03,,0.17
1964-06-01,1964,6,"Rice, Thai 5%",Grains,($/mt),119.2,1.88,3.56,-6.95,,0.91
1964-07-01,1964,7,"Rice, Thai 5%",Grains,($/mt),122.6,2.85,4.88,-6.13,,1.53
1964-08-01,1964,8,"Rice, Thai 5%",Grains,($/mt),122.9,0.24,5.04,-5.39,,0.32
1964-09-01,1964,9,"Rice, Thai 5%",Grains,($/mt),123.4,0.41,3.52,-5.3,,0.36
1964-10-01,1964,10,"Rice, Thai 5%",Grains,($/mt),121.5,-1.54,-0.9,-5.59,,-0.47
1964-11-01,1964,11,"Rice, Thai 5%",Grains,($/mt),121.0,-0.41,-1.55,-3.04,,0.02
1964-12-01,1964,12,"Rice, Thai 5%",Grains,($/mt),119.1,-1.57,-3.48,-1.98,,-0.6
1965-01-01,1965,1,"Rice, Thai 5%",Grains,($/mt),114.6,-3.78,-5.68,-7.58,9.67,-1.7
1965-02-01,1965,2,"Rice, Thai 5%",Grains,($/mt),115.9,1.13,-4.21,-2.69,11.98,0.78
1965-03-01,1965,3,"Rice, Thai 5%",Grains,($/mt),115.6,-0.26,-2.94,0.43,11.37,-0.03
1965-04-01,1965,4,"Rice, Thai 5%",Grains,($/mt),113.3,-1.99,-1.13,-3.08,12.18,-1.14
1965-05-01,1965,5,"Rice, Thai 5%",Grains,($/mt),111.8,-1.32,-3.54,-4.44,9.39,-0.6
1965-06-01,1965,6,"Rice, Thai 5%",Grains,($/mt),110.9,-0.81,-4.07,-6.96,7.57,-0.24
1965-07-01,1965,7,"Rice, Thai 5%",Grains,($/mt),112.0,0.99,-1.15,-8.65,9.7,0.94
1965-08-01,1965,8,"Rice, Thai 5%",Grains,($/mt),116.9,4.37,4.56,-4.88,6.56,3.65
1965-09-01,1965,9,"Rice, Thai 5%",Grains,($/mt),126.6,8.3,14.16,2.59,9.04,4.28
1965-10-01,1965,10,"Rice, Thai 5%",Grains,($/mt),126.7,0.08,13.13,4.28,9.98,-0.06
1965-11-01,1965,11,"Rice, Thai 5%",Grains,($/mt),129.2,1.97,10.52,6.78,12.94,0.5
1965-12-01,1965,12,"Rice, Thai 5%",Grains,($/mt),132.1,2.24,4.34,10.92,17.21,0.51
1966-01-01,1966,1,"Rice, Thai 5%",Grains,($/mt),125.5,-5.0,-0.95,9.51,10.57,-1.87
1966-02-01,1966,2,"Rice, Thai 5%",Grains,($/mt),124.8,-0.56,-3.41,7.68,13.97,-0.41
1966-03-01,1966,3,"Rice, Thai 5%",Grains,($/mt),131.7,5.53,-0.3,13.93,11.89,1.45
1966-04-01,1966,4,"Rice, Thai 5%",Grains,($/mt),143.0,8.58,13.94,26.21,24.13,2.05
1966-05-01,1966,5,"Rice, Thai 5%",Grains,($/mt),140.9,-1.47,12.9,26.03,18.01,-0.86
1966-06-01,1966,6,"Rice, Thai 5%",Grains,($/mt),144.5,2.56,9.72,30.3,19.03,0.13
1966-07-01,1966,7,"Rice, Thai 5%",Grains,($/mt),153.3,6.09,7.2,36.88,24.23,0.96
1966-08-01,1966,8,"Rice, Thai 5%",Grains,($/mt),150.4,-1.89,6.74,28.66,25.75,-1.13
1966-09-01,1966,9,"Rice, Thai 5%",Grains,($/mt),155.4,3.32,7.54,22.75,30.59,0.26
1966-10-01,1966,10,"Rice, Thai 5%",Grains,($/mt),164.3,5.73,7.18,29.68,36.58,1.03
1966-11-01,1966,11,"Rice, Thai 5%",Grains,($/mt),166.1,1.1,10.44,28.56,29.46,-0.3
1966-12-01,1966,12,"Rice, Thai 5%",Grains,($/mt),142.6,-14.15,-8.24,7.95,18.73,-4.14
1967-01-01,1967,1,"Rice, Thai 5%",Grains,($/mt),142.3,-0.21,-13.39,13.39,20.8,-0.17
1967-02-01,1967,2,"Rice, Thai 5%",Grains,($/mt),151.5,6.47,-8.79,21.39,27.1,0.89
1967-03-01,1967,3,"Rice, Thai 5%",Grains,($/mt),163.5,7.92,14.66,24.15,32.07,1.01
1967-04-01,1967,4,"Rice, Thai 5%",Grains,($/mt),168.5,3.06,18.41,17.83,28.82,0.17
1967-05-01,1967,5,"Rice, Thai 5%",Grains,($/mt),175.8,4.33,16.04,24.77,17.91,0.47
1967-06-01,1967,6,"Rice, Thai 5%",Grains,($/mt),184.5,4.95,12.84,27.68,28.04,0.5
1967-07-01,1967,7,"Rice, Thai 5%",Grains,($/mt),206.2,11.76,22.37,34.51,43.0,1.61
1967-08-01,1967,8,"Rice, Thai 5%",Grains,($/mt),207.2,0.48,17.86,37.77,45.0,-0.34
1967-09-01,1967,9,"Rice, Thai 5%",Grains,($/mt),221.6,6.95,20.11,42.6,57.61,0.64
1967-10-01,1967,10,"Rice, Thai 5%",Grains,($/mt),224.1,1.13,8.68,36.4,56.71,-0.32
1967-11-01,1967,11,"Rice, Thai 5%",Grains,($/mt),213.6,-4.69,3.09,28.6,49.89,-1.17
1967-12-01,1967,12,"Rice, Thai 5%",Grains,($/mt),213.6,0.0,-3.61,49.79,76.38,-0.35
1968-01-01,1968,1,"Rice, Thai 5%",Grains,($/mt),198.8,-6.93,-11.29,39.7,63.22,-2.34
1968-02-01,1968,2,"Rice, Thai 5%",Grains,($/mt),207.0,4.12,-3.09,36.63,67.75,0.22
1968-03-01,1968,3,"Rice, Thai 5%",Grains,($/mt),209.8,1.35,-1.78,28.32,70.15,-0.27
1968-04-01,1968,4,"Rice, Thai 5%",Grains,($/mt),197.0,-6.1,-0.91,16.91,60.95,-1.67
1968-05-01,1968,5,"Rice, Thai 5%",Grains,($/mt),187.1,-5.03,-9.61,6.43,51.87,-1.18
1968-06-01,1968,6,"Rice, Thai 5%",Grains,($/mt),179.3,-4.17,-14.54,-2.82,39.97,-0.85
1968-07-01,1968,7,"Rice, Thai 5%",Grains,($/mt),181.7,1.34,-7.77,-11.88,39.13,0.25
1968-08-01,1968,8,"Rice, Thai 5%",Grains,($/mt),177.7,-2.2,-5.02,-14.24,36.8,-0.28
1968-09-01,1968,9,"Rice, Thai 5%",Grains,($/mt),175.8,-1.07,-1.95,-20.67,34.92,0.03
1968-10-01,1968,10,"Rice, Thai 5%",Grains,($/mt),163.7,-6.88,-9.91,-26.95,27.2,-1.43
1968-11-01,1968,11,"Rice, Thai 5%",Grains,($/mt),157.1,-4.03,-11.59,-26.45,25.88,-0.41
1968-12-01,1968,12,"Rice, Thai 5%",Grains,($/mt),159.9,1.78,-9.04,-25.14,31.6,1.17
1969-01-01,1969,1,"Rice, Thai 5%",Grains,($/mt),162.4,1.56,-0.79,-18.31,30.97,1.03
1969-02-01,1969,2,"Rice, Thai 5%",Grains,($/mt),160.5,-1.17,2.16,-22.46,34.76,0.12
1969-03-01,1969,3,"Rice, Thai 5%",Grains,($/mt),167.0,4.05,4.44,-20.4,45.09,1.93
1969-04-01,1969,4,"Rice, Thai 5%",Grains,($/mt),165.2,-1.08,1.72,-16.14,41.32,0.21
1969-05-01,1969,5,"Rice, Thai 5%",Grains,($/mt),171.1,3.57,6.6,-8.55,46.24,1.54
1969-06-01,1969,6,"Rice, Thai 5%",Grains,($/mt),178.8,4.5,7.07,-0.28,50.0,1.57
1969-07-01,1969,7,"Rice, Thai 5%",Grains,($/mt),180.5,0.95,9.26,-0.66,47.23,0.27
1969-08-01,1969,8,"Rice, Thai 5%",Grains,($/mt),171.6,-4.93,0.29,-3.43,39.63,-1.44
1969-09-01,1969,9,"Rice, Thai 5%",Grains,($/mt),167.6,-2.33,-6.26,-4.66,35.82,-0.58
1969-10-01,1969,10,"Rice, Thai 5%",Grains,($/mt),167.4,-0.12,-7.26,2.26,37.78,0.06
1969-11-01,1969,11,"Rice, Thai 5%",Grains,($/mt),167.6,0.12,-2.33,6.68,38.51,-0.04
1969-12-01,1969,12,"Rice, Thai 5%",Grains,($/mt),161.1,-3.88,-3.88,0.75,35.26,-1.61
1970-01-01,1970,1,"Rice, Thai 5%",Grains,($/mt),140.5,-12.79,-16.07,-13.49,22.6,-4.28
1970-02-01,1970,2,"Rice, Thai 5%",Grains,($/mt),133.4,-5.05,-20.41,-16.88,15.1,-0.84
1970-03-01,1970,3,"Rice, Thai 5%",Grains,($/mt),126.3,-5.32,-21.6,-24.37,9.26,-0.8
1970-04-01,1970,4,"Rice, Thai 5%",Grains,($/mt),121.6,-3.72,-13.45,-26.39,7.33,-0.33
1970-05-01,1970,5,"Rice, Thai 5%",Grains,($/mt),121.6,0.0,-8.85,-28.93,8.77,0.52
1970-06-01,1970,6,"Rice, Thai 5%",Grains,($/mt),124.0,1.97,-1.82,-30.65,11.81,1.08
1970-07-01,1970,7,"Rice, Thai 5%",Grains,($/mt),124.9,0.73,2.71,-30.8,11.52,0.91
1970-08-01,1970,8,"Rice, Thai 5%",Grains,($/mt),128.1,2.56,5.35,-25.35,9.58,1.37
1970-09-01,1970,9,"Rice, Thai 5%",Grains,($/mt),125.7,-1.87,1.37,-25.0,-0.71,0.11
1970-10-01,1970,10,"Rice, Thai 5%",Grains,($/mt),124.4,-1.03,-0.4,-25.69,-1.82,0.29
1970-11-01,1970,11,"Rice, Thai 5%",Grains,($/mt),124.8,0.32,-2.58,-25.54,-3.41,0.64
1970-12-01,1970,12,"Rice, Thai 5%",Grains,($/mt),120.4,-3.53,-4.22,-25.26,-8.86,-0.28
1971-01-01,1971,1,"Rice, Thai 5%",Grains,($/mt),121.4,0.83,-2.41,-13.59,-3.27,0.75
1971-02-01,1971,2,"Rice, Thai 5%",Grains,($/mt),105.1,-13.43,-15.79,-21.21,-15.79,-4.55
1971-03-01,1971,3,"Rice, Thai 5%",Grains,($/mt),98.9,-5.9,-17.86,-21.69,-24.91,-0.92
1971-04-01,1971,4,"Rice, Thai 5%",Grains,($/mt),95.7,-3.24,-21.17,-21.3,-33.08,-0.3
1971-05-01,1971,5,"Rice, Thai 5%",Grains,($/mt),106.0,10.76,0.86,-12.83,-24.77,2.88
1971-06-01,1971,6,"Rice, Thai 5%",Grains,($/mt),109.2,3.02,10.41,-11.94,-24.43,0.7
1971-07-01,1971,7,"Rice, Thai 5%",Grains,($/mt),111.5,2.11,16.51,-10.73,-27.27,0.52
1971-08-01,1971,8,"Rice, Thai 5%",Grains,($/mt),113.4,1.7,6.98,-11.48,-24.6,0.43
1971-09-01,1971,9,"Rice, Thai 5%",Grains,($/mt),120.6,6.35,10.44,-4.06,-22.39,1.25
1971-10-01,1971,10,"Rice, Thai 5%",Grains,($/mt),121.7,0.91,9.15,-2.17,-25.93,0.18
1971-11-01,1971,11,"Rice, Thai 5%",Grains,($/mt),118.1,-2.96,4.14,-5.37,-28.9,-0.48
1971-12-01,1971,12,"Rice, Thai 5%",Grains,($/mt),117.0,-0.93,-2.99,-2.82,-17.95,-0.11
1972-01-01,1972,1,"Rice, Thai 5%",Grains,($/mt),113.8,-2.74,-6.49,-6.26,-20.03,-0.44
1972-02-01,1972,2,"Rice, Thai 5%",Grains,($/mt),112.6,-1.05,-4.66,7.14,-25.68,-0.11
1972-03-01,1972,3,"Rice, Thai 5%",Grains,($/mt),113.1,0.44,-3.33,14.36,-30.83,-0.05
1972-04-01,1972,4,"Rice, Thai 5%",Grains,($/mt),111.6,-1.33,-1.93,16.61,-33.77,-0.62
1972-05-01,1972,5,"Rice, Thai 5%",Grains,($/mt),114.1,2.24,1.33,7.64,-35.1,0.22
1972-06-01,1972,6,"Rice, Thai 5%",Grains,($/mt),118.4,3.77,4.69,8.42,-35.83,1.17
1972-07-01,1972,7,"Rice, Thai 5%",Grains,($/mt),119.3,0.76,6.9,7.0,-42.14,0.02
1972-08-01,1972,8,"Rice, Thai 5%",Grains,($/mt),135.6,13.66,18.84,19.58,-34.56,4.85
1972-09-01,1972,9,"Rice, Thai 5%",Grains,($/mt),144.8,6.78,22.3,20.07,-34.66,1.12
1972-10-01,1972,10,"Rice, Thai 5%",Grains,($/mt),148.7,2.69,24.64,22.19,-33.65,0.23
1972-11-01,1972,11,"Rice, Thai 5%",Grains,($/mt),156.0,4.91,15.04,32.09,-26.97,0.67
1972-12-01,1972,12,"Rice, Thai 5%",Grains,($/mt),165.5,6.09,14.3,41.45,-22.52,0.81
1973-01-01,1973,1,"Rice, Thai 5%",Grains,($/mt),160.9,-2.78,8.2,41.39,-19.06,-1.29
1973-02-01,1973,2,"Rice, Thai 5%",Grains,($/mt),173.5,7.83,11.22,54.09,-16.18,1.07
1973-03-01,1973,3,"Rice, Thai 5%",Grains,($/mt),185.9,7.15,12.33,64.37,-11.39,0.75
1973-04-01,1973,4,"Rice, Thai 5%",Grains,($/mt),185.9,0.0,15.54,66.58,-5.63,-0.97
1973-05-01,1973,5,"Rice, Thai 5%",Grains,($/mt),185.9,0.0,7.15,62.93,-0.64,-1.02
1973-06-01,1973,6,"Rice, Thai 5%",Grains,($/mt),185.9,0.0,0.0,57.01,3.68,-0.95
1973-07-01,1973,7,"Rice, Thai 5%",Grains,($/mt),332.5,78.86,78.86,178.71,82.99,16.14
1973-08-01,1973,8,"Rice, Thai 5%",Grains,($/mt),377.7,13.59,103.17,178.54,112.55,0.14
1973-09-01,1973,9,"Rice, Thai 5%",Grains,($/mt),377.7,0.0,103.17,160.84,114.85,-0.47
1973-10-01,1973,10,"Rice, Thai 5%",Grains,($/mt),337.7,-10.59,1.56,127.1,106.29,-0.92
1973-11-01,1973,11,"Rice, Thai 5%",Grains,($/mt),475.9,40.92,26.0,205.06,202.93,1.4
1973-12-01,1973,12,"Rice, Thai 5%",Grains,($/mt),495.5,4.12,31.19,199.4,209.88,-0.31
1974-01-01,1974,1,"Rice, Thai 5%",Grains,($/mt),512.2,3.37,51.67,218.33,215.39,-0.33
1974-02-01,1974,2,"Rice, Thai 5%",Grains,($/mt),539.7,5.37,13.41,211.07,236.26,-0.28
1974-03-01,1974,3,"Rice, Thai 5%",Grains,($/mt),570.2,5.65,15.08,206.72,241.44,-0.26
1974-04-01,1974,4,"Rice, Thai 5%",Grains,($/mt),603.6,5.86,17.84,224.69,265.38,-0.24
1974-05-01,1974,5,"Rice, Thai 5%",Grains,($/mt),598.7,-0.81,10.93,222.05,249.91,-0.54
1974-06-01,1974,6,"Rice, Thai 5%",Grains,($/mt),570.4,-4.73,0.04,206.83,219.02,-0.69
1974-07-01,1974,7,"Rice, Thai 5%",Grains,($/mt),494.6,-13.29,-18.06,48.75,174.02,-1.02
1974-08-01,1974,8,"Rice, Thai 5%",Grains,($/mt),496.5,0.38,-17.07,31.45,189.34,-0.27
1974-09-01,1974,9,"Rice, Thai 5%",Grains,($/mt),491.9,-0.93,-13.76,30.24,193.5,-0.29
1974-10-01,1974,10,"Rice, Thai 5%",Grains,($/mt),478.4,-2.74,-3.28,41.66,185.78,-0.42
1974-11-01,1974,11,"Rice, Thai 5%",Grains,($/mt),436.6,-8.74,-12.06,-8.26,160.5,-0.95
1974-12-01,1974,12,"Rice, Thai 5%",Grains,($/mt),413.3,-5.34,-15.98,-16.59,156.55,-0.79
1975-01-01,1975,1,"Rice, Thai 5%",Grains,($/mt),376.7,-8.86,-21.26,-26.45,168.11,-1.25
1975-02-01,1975,2,"Rice, Thai 5%",Grains,($/mt),381.4,1.25,-12.64,-29.33,185.91,0.58
1975-03-01,1975,3,"Rice, Thai 5%",Grains,($/mt),374.0,-1.94,-9.51,-34.41,196.12,0.13
1975-04-01,1975,4,"Rice, Thai 5%",Grains,($/mt),377.7,0.99,0.27,-37.43,210.61,0.83
1975-05-01,1975,5,"Rice, Thai 5%",Grains,($/mt),365.4,-3.26,-4.2,-38.97,200.49,0.1
1975-06-01,1975,6,"Rice, Thai 5%",Grains,($/mt),324.9,-11.08,-13.13,-43.04,162.02,-1.59
1975-07-01,1975,7,"Rice, Thai 5%",Grains,($/mt),307.7,-5.29,-18.53,-37.79,146.36,-0.17
1975-08-01,1975,8,"Rice, Thai 5%",Grains,($/mt),323.7,5.2,-11.41,-34.8,152.69,2.18
1975-09-01,1975,9,"Rice, Thai 5%",Grains,($/mt),336.2,3.86,3.48,-31.65,167.46,1.53
1975-10-01,1975,10,"Rice, Thai 5%",Grains,($/mt),332.5,-1.1,8.06,-30.5,167.28,0.37
1975-11-01,1975,11,"Rice, Thai 5%",Grains,($/mt),309.5,-6.92,-4.39,-29.11,148.0,-0.78
1975-12-01,1975,12,"Rice, Thai 5%",Grains,($/mt),287.4,-7.14,-14.52,-30.46,138.7,-0.88
1976-01-01,1976,1,"Rice, Thai 5%",Grains,($/mt),259.9,-9.57,-21.83,-31.01,114.09,-1.31
1976-02-01,1976,2,"Rice, Thai 5%",Grains,($/mt),233.4,-10.2,-24.59,-38.8,122.07,-1.4
1976-03-01,1976,3,"Rice, Thai 5%",Grains,($/mt),228.4,-2.14,-20.53,-38.93,130.94,0.32
1976-04-01,1976,4,"Rice, Thai 5%",Grains,($/mt),226.5,-0.83,-12.85,-40.03,136.68,0.56
1976-05-01,1976,5,"Rice, Thai 5%",Grains,($/mt),226.5,0.0,-2.96,-38.01,113.68,0.76
1976-06-01,1976,6,"Rice, Thai 5%",Grains,($/mt),222.8,-1.63,-2.45,-31.43,104.03,0.39
1976-07-01,1976,7,"Rice, Thai 5%",Grains,($/mt),222.7,-0.04,-1.68,-27.62,99.73,0.6
1976-08-01,1976,8,"Rice, Thai 5%",Grains,($/mt),223.5,0.36,-1.32,-30.95,97.09,0.59
1976-09-01,1976,9,"Rice, Thai 5%",Grains,($/mt),244.9,9.57,9.92,-27.16,103.07,2.84
1976-10-01,1976,10,"Rice, Thai 5%",Grains,($/mt),250.0,2.08,12.26,-24.81,105.42,0.84
1976-11-01,1976,11,"Rice, Thai 5%",Grains,($/mt),239.2,-4.32,7.02,-22.71,102.54,-0.38
1976-12-01,1976,12,"Rice, Thai 5%",Grains,($/mt),238.3,-0.38,-2.69,-17.08,103.68,0.3
1977-01-01,1977,1,"Rice, Thai 5%",Grains,($/mt),239.5,0.5,-4.2,-7.85,110.46,0.37
1977-02-01,1977,2,"Rice, Thai 5%",Grains,($/mt),235.1,-1.84,-1.71,0.73,108.79,-0.28
1977-03-01,1977,3,"Rice, Thai 5%",Grains,($/mt),242.5,3.15,1.76,6.17,114.41,0.9
1977-04-01,1977,4,"Rice, Thai 5%",Grains,($/mt),232.6,-4.08,-2.88,2.69,108.42,-1.36
1977-05-01,1977,5,"Rice, Thai 5%",Grains,($/mt),237.7,2.19,1.11,4.94,108.33,0.52
1977-06-01,1977,6,"Rice, Thai 5%",Grains,($/mt),244.6,2.9,0.87,9.78,106.59,0.66
1977-07-01,1977,7,"Rice, Thai 5%",Grains,($/mt),251.2,2.7,8.0,12.8,110.56,0.5
1977-08-01,1977,8,"Rice, Thai 5%",Grains,($/mt),255.0,1.51,7.28,14.09,88.05,0.12
1977-09-01,1977,9,"Rice, Thai 5%",Grains,($/mt),255.0,0.0,4.25,4.12,76.1,-0.31
1977-10-01,1977,10,"Rice, Thai 5%",Grains,($/mt),256.9,0.75,2.27,2.76,72.76,0.14
1977-11-01,1977,11,"Rice, Thai 5%",Grains,($/mt),274.1,6.7,7.49,14.59,75.71,2.52
1977-12-01,1977,12,"Rice, Thai 5%",Grains,($/mt),302.6,10.4,18.67,26.98,82.84,3.38
1978-01-01,1978,1,"Rice, Thai 5%",Grains,($/mt),317.3,4.86,23.51,32.48,97.2,0.74
1978-02-01,1978,2,"Rice, Thai 5%",Grains,($/mt),341.1,7.5,24.44,45.09,96.6,1.33
1978-03-01,1978,3,"Rice, Thai 5%",Grains,($/mt),373.8,9.59,23.53,54.14,101.08,1.68
1978-04-01,1978,4,"Rice, Thai 5%",Grains,($/mt),388.5,3.93,22.44,67.02,108.98,0.04
1978-05-01,1978,5,"Rice, Thai 5%",Grains,($/mt),386.5,-0.51,13.31,62.6,107.91,-1.44
1978-06-01,1978,6,"Rice, Thai 5%",Grains,($/mt),381.1,-1.4,1.95,55.81,105.0,-1.52
1978-07-01,1978,7,"Rice, Thai 5%",Grains,($/mt),362.2,-4.96,-6.77,44.19,8.93,-2.2
1978-08-01,1978,8,"Rice, Thai 5%",Grains,($/mt),344.3,-4.94,-10.92,35.02,-8.84,-1.72
1978-09-01,1978,9,"Rice, Thai 5%",Grains,($/mt),347.0,0.78,-8.95,36.08,-8.13,-0.35
1978-10-01,1978,10,"Rice, Thai 5%",Grains,($/mt),338.4,-2.48,-6.57,31.72,0.21,-0.99
1978-11-01,1978,11,"Rice, Thai 5%",Grains,($/mt),294.2,-13.06,-14.55,7.33,-38.18,-2.85
1978-12-01,1978,12,"Rice, Thai 5%",Grains,($/mt),273.4,-7.07,-21.21,-9.65,-44.82,-1.15
1979-01-01,1979,1,"Rice, Thai 5%",Grains,($/mt),278.5,1.87,-17.7,-12.23,-45.63,0.39
1979-02-01,1979,2,"Rice, Thai 5%",Grains,($/mt),279.5,0.36,-5.0,-18.06,-48.21,0.2
1979-03-01,1979,3,"Rice, Thai 5%",Grains,($/mt),293.0,4.83,7.17,-21.62,-48.61,1.1
1979-04-01,1979,4,"Rice, Thai 5%",Grains,($/mt),295.5,0.85,6.1,-23.94,-51.04,0.54
1979-05-01,1979,5,"Rice, Thai 5%",Grains,($/mt),296.8,0.44,6.19,-23.21,-50.43,0.54
1979-06-01,1979,6,"Rice, Thai 5%",Grains,($/mt),303.3,2.19,3.52,-20.41,-46.83,0.88
1979-07-01,1979,7,"Rice, Thai 5%",Grains,($/mt),304.1,0.26,2.91,-16.04,-38.52,0.41
1979-08-01,1979,8,"Rice, Thai 5%",Grains,($/mt),328.4,7.99,10.65,-4.62,-33.86,1.91
1979-09-01,1979,9,"Rice, Thai 5%",Grains,($/mt),338.2,2.98,11.51,-2.54,-31.25,0.6
1979-10-01,1979,10,"Rice, Thai 5%",Grains,($/mt),340.4,0.65,11.94,0.59,-28.85,0.13
1979-11-01,1979,11,"Rice, Thai 5%",Grains,($/mt),342.4,0.59,4.26,16.38,-21.58,0.07
1979-12-01,1979,12,"Rice, Thai 5%",Grains,($/mt),356.9,4.23,5.53,30.54,-13.65,0.83
1980-01-01,1980,1,"Rice, Thai 5%",Grains,($/mt),372.8,4.46,9.52,33.86,-1.04,0.92
1980-02-01,1980,2,"Rice, Thai 5%",Grains,($/mt),376.5,0.99,9.96,34.7,-1.28,-0.61
1980-03-01,1980,3,"Rice, Thai 5%",Grains,($/mt),392.7,4.3,10.03,34.03,5.0,0.73
1980-04-01,1980,4,"Rice, Thai 5%",Grains,($/mt),396.0,0.84,6.22,34.01,4.85,-0.7
1980-05-01,1980,5,"Rice, Thai 5%",Grains,($/mt),410.4,3.64,9.0,38.27,12.32,0.48
1980-06-01,1980,6,"Rice, Thai 5%",Grains,($/mt),418.9,2.07,6.67,38.11,28.93,-0.3
1980-07-01,1980,7,"Rice, Thai 5%",Grains,($/mt),418.9,0.0,5.78,37.75,36.14,-1.19
1980-08-01,1980,8,"Rice, Thai 5%",Grains,($/mt),418.9,0.0,2.07,27.56,29.41,-1.17
1980-09-01,1980,9,"Rice, Thai 5%",Grains,($/mt),418.9,0.0,0.0,23.86,24.6,-1.17
1980-10-01,1980,10,"Rice, Thai 5%",Grains,($/mt),418.9,0.0,0.0,23.06,25.98,-0.99
1980-11-01,1980,11,"Rice, Thai 5%",Grains,($/mt),439.4,4.89,4.89,28.33,41.97,1.67
1980-12-01,1980,12,"Rice, Thai 5%",Grains,($/mt),446.4,1.59,6.56,25.08,55.32,-0.26
1981-01-01,1981,1,"Rice, Thai 5%",Grains,($/mt),446.4,0.0,6.56,19.74,71.76,-0.99
1981-02-01,1981,2,"Rice, Thai 5%",Grains,($/mt),456.3,2.22,3.85,21.2,95.5,0.38
1981-03-01,1981,3,"Rice, Thai 5%",Grains,($/mt),480.6,5.33,7.66,22.38,110.42,2.04
1981-04-01,1981,4,"Rice, Thai 5%",Grains,($/mt),490.6,2.08,9.9,23.89,116.6,0.19
1981-05-01,1981,5,"Rice, Thai 5%",Grains,($/mt),494.4,0.77,8.35,20.47,118.28,-0.53
1981-06-01,1981,6,"Rice, Thai 5%",Grains,($/mt),510.3,3.22,6.18,21.82,129.04,0.87
1981-07-01,1981,7,"Rice, Thai 5%",Grains,($/mt),498.5,-2.31,1.61,19.0,123.84,-2.06
1981-08-01,1981,8,"Rice, Thai 5%",Grains,($/mt),473.9,-4.93,-4.15,13.13,112.04,-2.9
1981-09-01,1981,9,"Rice, Thai 5%",Grains,($/mt),463.1,-2.28,-9.25,10.55,89.1,-1.16
1981-10-01,1981,10,"Rice, Thai 5%",Grains,($/mt),431.7,-6.78,-13.4,3.06,72.68,-2.53
1981-11-01,1981,11,"Rice, Thai 5%",Grains,($/mt),405.2,-6.14,-14.5,-7.78,69.4,-1.72
1981-12-01,1981,12,"Rice, Thai 5%",Grains,($/mt),356.9,-11.92,-22.93,-20.05,49.77,-2.92
1982-01-01,1982,1,"Rice, Thai 5%",Grains,($/mt),321.2,-10.0,-25.6,-28.05,34.11,-1.66
1982-02-01,1982,2,"Rice, Thai 5%",Grains,($/mt),302.8,-5.73,-25.27,-33.64,28.8,-0.58
1982-03-01,1982,3,"Rice, Thai 5%",Grains,($/mt),305.3,0.83,-14.46,-36.48,25.9,0.76
1982-04-01,1982,4,"Rice, Thai 5%",Grains,($/mt),291.3,-4.59,-9.31,-40.62,25.24,-0.21
1982-05-01,1982,5,"Rice, Thai 5%",Grains,($/mt),278.5,-4.39,-8.03,-43.67,17.16,-0.05
1982-06-01,1982,6,"Rice, Thai 5%",Grains,($/mt),270.7,-2.8,-11.33,-46.95,10.67,0.43
1982-07-01,1982,7,"Rice, Thai 5%",Grains,($/mt),261.8,-3.29,-10.13,-47.48,4.22,0.52
1982-08-01,1982,8,"Rice, Thai 5%",Grains,($/mt),266.7,1.87,-4.24,-43.72,4.59,2.07
1982-09-01,1982,9,"Rice, Thai 5%",Grains,($/mt),252.0,-5.51,-6.91,-45.58,-1.18,-0.23
1982-10-01,1982,10,"Rice, Thai 5%",Grains,($/mt),235.1,-6.71,-10.2,-45.54,-8.49,-0.47
1982-11-01,1982,11,"Rice, Thai 5%",Grains,($/mt),238.3,1.36,-10.65,-41.19,-13.06,1.6
1982-12-01,1982,12,"Rice, Thai 5%",Grains,($/mt),246.1,3.27,-2.34,-31.05,-18.67,1.76
1983-01-01,1983,1,"Rice, Thai 5%",Grains,($/mt),240.0,-2.48,2.08,-25.28,-24.36,0.12
1983-02-01,1983,2,"Rice, Thai 5%",Grains,($/mt),249.6,4.0,4.74,-17.57,-26.82,1.89
1983-03-01,1983,3,"Rice, Thai 5%",Grains,($/mt),261.8,4.89,6.38,-14.25,-29.96,1.77
1983-04-01,1983,4,"Rice, Thai 5%",Grains,($/mt),261.8,0.0,9.08,-10.13,-32.61,0.3
1983-05-01,1983,5,"Rice, Thai 5%",Grains,($/mt),259.9,-0.73,4.13,-6.68,-32.76,0.02
1983-06-01,1983,6,"Rice, Thai 5%",Grains,($/mt),249.1,-4.16,-4.85,-7.98,-34.64,-0.98
1983-07-01,1983,7,"Rice, Thai 5%",Grains,($/mt),241.5,-3.05,-7.75,-7.75,-33.32,-0.63
1983-08-01,1983,8,"Rice, Thai 5%",Grains,($/mt),255.0,5.59,-1.89,-4.39,-25.94,1.62
1983-09-01,1983,9,"Rice, Thai 5%",Grains,($/mt),278.3,9.14,11.72,10.44,-19.8,2.26
1983-10-01,1983,10,"Rice, Thai 5%",Grains,($/mt),269.7,-3.09,11.68,14.72,-20.3,-0.87
1983-11-01,1983,11,"Rice, Thai 5%",Grains,($/mt),264.2,-2.04,3.61,10.87,-10.2,-0.78
1983-12-01,1983,12,"Rice, Thai 5%",Grains,($/mt),251.0,-5.0,-9.81,1.99,-8.19,-1.39
1984-01-01,1984,1,"Rice, Thai 5%",Grains,($/mt),237.8,-5.26,-11.83,-0.92,-14.61,-1.22
1984-02-01,1984,2,"Rice, Thai 5%",Grains,($/mt),227.9,-4.16,-13.74,-8.69,-18.46,-0.88
1984-03-01,1984,3,"Rice, Thai 5%",Grains,($/mt),234.1,2.72,-6.73,-10.58,-20.1,0.72
1984-04-01,1984,4,"Rice, Thai 5%",Grains,($/mt),235.3,0.51,-1.05,-10.12,-20.37,0.3
1984-05-01,1984,5,"Rice, Thai 5%",Grains,($/mt),234.3,-0.42,2.81,-9.85,-21.06,0.08
1984-06-01,1984,6,"Rice, Thai 5%",Grains,($/mt),235.3,0.43,0.51,-5.54,-22.42,0.26
1984-07-01,1984,7,"Rice, Thai 5%",Grains,($/mt),248.8,5.74,5.74,3.02,-18.18,1.39
1984-08-01,1984,8,"Rice, Thai 5%",Grains,($/mt),252.0,1.29,7.55,-1.18,-23.26,0.2
1984-09-01,1984,9,"Rice, Thai 5%",Grains,($/mt),236.5,-6.15,0.51,-15.02,-30.07,-1.41
1984-10-01,1984,10,"Rice, Thai 5%",Grains,($/mt),231.6,-2.07,-6.91,-14.13,-31.96,-0.22
1984-11-01,1984,11,"Rice, Thai 5%",Grains,($/mt),211.7,-8.59,-15.99,-19.87,-38.17,-2.06
1984-12-01,1984,12,"Rice, Thai 5%",Grains,($/mt),204.6,-3.35,-13.49,-18.49,-42.67,-0.38
1985-01-01,1985,1,"Rice, Thai 5%",Grains,($/mt),206.8,1.08,-10.71,-13.04,-44.53,0.66
1985-02-01,1985,2,"Rice, Thai 5%",Grains,($/mt),200.9,-2.85,-5.1,-11.85,-46.64,-0.44
1985-03-01,1985,3,"Rice, Thai 5%",Grains,($/mt),200.0,-0.45,-2.25,-14.57,-49.07,0.13
1985-04-01,1985,4,"Rice, Thai 5%",Grains,($/mt),202.9,1.45,-1.89,-13.77,-48.76,0.72
1985-05-01,1985,5,"Rice, Thai 5%",Grains,($/mt),202.9,0.0,1.0,-13.4,-50.56,0.31
1985-06-01,1985,6,"Rice, Thai 5%",Grains,($/mt),202.9,0.0,1.45,-13.77,-51.56,0.3
1985-07-01,1985,7,"Rice, Thai 5%",Grains,($/mt),191.1,-5.82,-5.82,-23.19,-54.38,-1.23
1985-08-01,1985,8,"Rice, Thai 5%",Grains,($/mt),191.1,0.0,-5.82,-24.17,-54.38,0.64
1985-09-01,1985,9,"Rice, Thai 5%",Grains,($/mt),191.1,0.0,-5.82,-19.2,-54.38,0.7
1985-10-01,1985,10,"Rice, Thai 5%",Grains,($/mt),191.1,0.0,0.0,-17.49,-54.38,0.57
1985-11-01,1985,11,"Rice, Thai 5%",Grains,($/mt),191.1,0.0,0.0,-9.73,-56.51,0.51
1985-12-01,1985,12,"Rice, Thai 5%",Grains,($/mt),191.1,0.0,0.0,-6.6,-57.19,0.39
1986-01-01,1986,1,"Rice, Thai 5%",Grains,($/mt),220.6,15.44,15.44,6.67,-50.58,8.2
1986-02-01,1986,2,"Rice, Thai 5%",Grains,($/mt),212.0,-3.9,10.94,5.53,-53.54,-0.91
1986-03-01,1986,3,"Rice, Thai 5%",Grains,($/mt),197.3,-6.93,3.24,-1.35,-58.95,-1.47
1986-04-01,1986,4,"Rice, Thai 5%",Grains,($/mt),186.2,-5.63,-15.59,-8.23,-62.05,-1.02
1986-05-01,1986,5,"Rice, Thai 5%",Grains,($/mt),181.3,-2.63,-14.48,-10.65,-63.33,-0.36
1986-06-01,1986,6,"Rice, Thai 5%",Grains,($/mt),181.3,0.0,-8.11,-10.65,-64.47,0.14
1986-07-01,1986,7,"Rice, Thai 5%",Grains,($/mt),181.3,0.0,-2.63,-5.13,-63.63,0.14
1986-08-01,1986,8,"Rice, Thai 5%",Grains,($/mt),185.8,2.48,2.48,-2.77,-60.79,0.5
1986-09-01,1986,9,"Rice, Thai 5%",Grains,($/mt),173.5,-6.62,-4.3,-9.21,-62.54,-1.16
1986-10-01,1986,10,"Rice, Thai 5%",Grains,($/mt),174.8,0.75,-3.59,-8.53,-59.51,0.24
1986-11-01,1986,11,"Rice, Thai 5%",Grains,($/mt),174.0,-0.46,-6.35,-8.95,-57.06,0.02
1986-12-01,1986,12,"Rice, Thai 5%",Grains,($/mt),167.0,-4.02,-3.75,-12.61,-53.21,-0.57
1987-01-01,1987,1,"Rice, Thai 5%",Grains,($/mt),172.0,2.99,-1.6,-22.03,-46.45,0.66
1987-02-01,1987,2,"Rice, Thai 5%",Grains,($/mt),186.0,8.14,6.9,-12.26,-38.57,2.95
1987-03-01,1987,3,"Rice, Thai 5%",Grains,($/mt),198.3,6.61,18.74,0.51,-35.05,1.71
1987-04-01,1987,4,"Rice, Thai 5%",Grains,($/mt),199.4,0.55,15.93,7.09,-31.55,0.09
1987-05-01,1987,5,"Rice, Thai 5%",Grains,($/mt),197.5,-0.95,6.18,8.94,-29.08,-0.39
1987-06-01,1987,6,"Rice, Thai 5%",Grains,($/mt),192.8,-2.38,-2.77,6.34,-28.78,-0.78
1987-07-01,1987,7,"Rice, Thai 5%",Grains,($/mt),190.8,-1.04,-4.31,5.24,-27.12,-0.39
1987-08-01,1987,8,"Rice, Thai 5%",Grains,($/mt),204.0,6.92,3.29,9.8,-23.51,1.54
1987-09-01,1987,9,"Rice, Thai 5%",Grains,($/mt),258.0,26.47,33.82,48.7,2.38,5.64
1987-10-01,1987,10,"Rice, Thai 5%",Grains,($/mt),266.8,3.41,39.83,52.63,13.48,-0.03
1987-11-01,1987,11,"Rice, Thai 5%",Grains,($/mt),254.3,-4.69,24.66,46.15,6.71,-1.05
1987-12-01,1987,12,"Rice, Thai 5%",Grains,($/mt),255.6,0.51,-0.93,53.05,3.86,-0.36
1988-01-01,1988,1,"Rice, Thai 5%",Grains,($/mt),291.5,14.05,9.26,69.48,21.46,1.25
1988-02-01,1988,2,"Rice, Thai 5%",Grains,($/mt),306.3,5.08,20.45,64.68,22.72,0.03
1988-03-01,1988,3,"Rice, Thai 5%",Grains,($/mt),294.0,-4.02,15.02,48.26,12.3,-1.0
1988-04-01,1988,4,"Rice, Thai 5%",Grains,($/mt),288.0,-2.04,-1.2,44.43,10.01,-0.64
1988-05-01,1988,5,"Rice, Thai 5%",Grains,($/mt),257.0,-10.76,-16.1,30.13,-1.12,-1.58
1988-06-01,1988,6,"Rice, Thai 5%",Grains,($/mt),271.5,5.64,-7.65,40.82,8.99,0.31
1988-07-01,1988,7,"Rice, Thai 5%",Grains,($/mt),271.8,0.11,-5.62,42.45,12.55,-0.33
1988-08-01,1988,8,"Rice, Thai 5%",Grains,($/mt),271.6,-0.07,5.68,33.14,6.51,-0.36
1988-09-01,1988,9,"Rice, Thai 5%",Grains,($/mt),273.3,0.63,0.66,5.93,-1.8,-0.23
1988-10-01,1988,10,"Rice, Thai 5%",Grains,($/mt),273.0,-0.11,0.44,2.32,1.22,-0.12
1988-11-01,1988,11,"Rice, Thai 5%",Grains,($/mt),271.8,-0.44,0.07,6.88,2.88,-0.13
1988-12-01,1988,12,"Rice, Thai 5%",Grains,($/mt),260.0,-4.34,-4.87,1.72,3.59,-0.85
1989-01-01,1989,1,"Rice, Thai 5%",Grains,($/mt),264.8,1.85,-3.0,-9.16,11.35,0.25
1989-02-01,1989,2,"Rice, Thai 5%",Grains,($/mt),269.3,1.7,-0.92,-12.08,18.17,0.55
1989-03-01,1989,3,"Rice, Thai 5%",Grains,($/mt),278.5,3.42,7.12,-5.27,18.97,1.08
1989-04-01,1989,4,"Rice, Thai 5%",Grains,($/mt),293.0,5.21,10.65,1.74,24.52,1.35
1989-05-01,1989,5,"Rice, Thai 5%",Grains,($/mt),310.3,5.9,15.22,20.74,32.44,1.29
1989-06-01,1989,6,"Rice, Thai 5%",Grains,($/mt),327.2,5.45,17.49,20.52,39.06,1.27
1989-07-01,1989,7,"Rice, Thai 5%",Grains,($/mt),350.5,7.12,19.62,28.96,40.88,1.85
1989-08-01,1989,8,"Rice, Thai 5%",Grains,($/mt),332.2,-5.22,7.06,22.31,31.83,-2.22
1989-09-01,1989,9,"Rice, Thai 5%",Grains,($/mt),319.8,-3.73,-2.26,17.01,35.22,-1.4
1989-10-01,1989,10,"Rice, Thai 5%",Grains,($/mt),304.0,-4.94,-13.27,11.36,31.26,-1.5
1989-11-01,1989,11,"Rice, Thai 5%",Grains,($/mt),268.5,-11.68,-19.18,-1.21,26.83,-2.75
1989-12-01,1989,12,"Rice, Thai 5%",Grains,($/mt),272.0,1.3,-14.95,4.62,32.94,0.21
1990-01-01,1990,1,"Rice, Thai 5%",Grains,($/mt),276.2,1.54,-9.14,4.31,33.56,0.18
1990-02-01,1990,2,"Rice, Thai 5%",Grains,($/mt),300.0,8.62,11.73,11.4,49.33,1.42
1990-03-01,1990,3,"Rice, Thai 5%",Grains,($/mt),289.3,-3.57,6.36,3.88,44.65,-0.75
1990-04-01,1990,4,"Rice, Thai 5%",Grains,($/mt),275.8,-4.67,-0.14,-5.87,35.93,-0.82
1990-05-01,1990,5,"Rice, Thai 5%",Grains,($/mt),260.0,-5.73,-13.33,-16.21,28.14,-0.87
1990-06-01,1990,6,"Rice, Thai 5%",Grains,($/mt),255.0,-1.92,-11.86,-22.07,25.68,-0.1
1990-07-01,1990,7,"Rice, Thai 5%",Grains,($/mt),256.4,0.55,-7.03,-26.85,34.17,0.43
1990-08-01,1990,8,"Rice, Thai 5%",Grains,($/mt),259.5,1.21,-0.19,-21.88,35.79,0.73
1990-09-01,1990,9,"Rice, Thai 5%",Grains,($/mt),260.8,0.5,2.27,-18.45,36.47,0.48
1990-10-01,1990,10,"Rice, Thai 5%",Grains,($/mt),281.4,7.9,9.75,-7.43,47.25,1.87
1990-11-01,1990,11,"Rice, Thai 5%",Grains,($/mt),272.3,-3.23,4.93,1.42,42.49,-0.49
1990-12-01,1990,12,"Rice, Thai 5%",Grains,($/mt),263.8,-3.12,1.15,-3.01,38.04,-0.74
1991-01-01,1991,1,"Rice, Thai 5%",Grains,($/mt),303.4,15.01,7.82,9.85,37.53,3.3
1991-02-01,1991,2,"Rice, Thai 5%",Grains,($/mt),327.3,7.88,20.2,9.1,54.39,1.09
1991-03-01,1991,3,"Rice, Thai 5%",Grains,($/mt),311.5,-4.83,18.08,7.67,57.88,-0.91
1991-04-01,1991,4,"Rice, Thai 5%",Grains,($/mt),285.8,-8.25,-5.8,3.63,53.49,-1.42
1991-05-01,1991,5,"Rice, Thai 5%",Grains,($/mt),288.3,0.87,-11.92,10.88,59.02,0.06
1991-06-01,1991,6,"Rice, Thai 5%",Grains,($/mt),293.3,1.73,-5.84,15.02,61.78,0.11
1991-07-01,1991,7,"Rice, Thai 5%",Grains,($/mt),303.4,3.44,6.16,18.33,67.35,0.33
1991-08-01,1991,8,"Rice, Thai 5%",Grains,($/mt),298.3,-1.68,3.47,14.95,60.55,-0.51
1991-09-01,1991,9,"Rice, Thai 5%",Grains,($/mt),291.5,-2.28,-0.61,11.77,68.01,-0.56
1991-10-01,1991,10,"Rice, Thai 5%",Grains,($/mt),276.6,-5.11,-8.83,-1.71,58.24,-0.95
1991-11-01,1991,11,"Rice, Thai 5%",Grains,($/mt),271.8,-1.74,-8.88,-0.18,56.21,-0.28
1991-12-01,1991,12,"Rice, Thai 5%",Grains,($/mt),268.4,-1.25,-7.92,1.74,60.72,-0.22
1992-01-01,1992,1,"Rice, Thai 5%",Grains,($/mt),277.3,3.32,0.25,-8.6,61.22,0.48
1992-02-01,1992,2,"Rice, Thai 5%",Grains,($/mt),278.3,0.36,2.39,-14.97,49.62,0.23
1992-03-01,1992,3,"Rice, Thai 5%",Grains,($/mt),277.2,-0.4,3.28,-11.01,39.79,0.25
1992-04-01,1992,4,"Rice, Thai 5%",Grains,($/mt),278.0,0.29,0.25,-2.73,39.42,0.36
1992-05-01,1992,5,"Rice, Thai 5%",Grains,($/mt),274.0,-1.44,-1.55,-4.96,38.73,-0.51
1992-06-01,1992,6,"Rice, Thai 5%",Grains,($/mt),268.8,-1.9,-3.03,-8.35,39.42,-0.62
1992-07-01,1992,7,"Rice, Thai 5%",Grains,($/mt),278.5,3.61,0.18,-8.21,45.96,1.82
1992-08-01,1992,8,"Rice, Thai 5%",Grains,($/mt),270.8,-2.76,-1.17,-9.22,32.75,-0.87
1992-09-01,1992,9,"Rice, Thai 5%",Grains,($/mt),257.0,-5.1,-4.39,-11.84,-0.39,-1.76
1992-10-01,1992,10,"Rice, Thai 5%",Grains,($/mt),250.0,-2.72,-10.23,-9.62,-6.3,-0.63
1992-11-01,1992,11,"Rice, Thai 5%",Grains,($/mt),252.6,1.04,-6.72,-7.06,-0.67,0.75
1992-12-01,1992,12,"Rice, Thai 5%",Grains,($/mt),256.3,1.46,-0.27,-4.51,0.27,0.81
1993-01-01,1993,1,"Rice, Thai 5%",Grains,($/mt),259.8,1.37,3.92,-6.31,-10.87,0.67
1993-02-01,1993,2,"Rice, Thai 5%",Grains,($/mt),254.3,-2.12,0.67,-8.62,-16.98,-0.67
1993-03-01,1993,3,"Rice, Thai 5%",Grains,($/mt),230.2,-9.48,-10.18,-16.96,-21.7,-3.65
1993-04-01,1993,4,"Rice, Thai 5%",Grains,($/mt),206.3,-10.38,-20.59,-25.79,-28.37,-2.56
1993-05-01,1993,5,"Rice, Thai 5%",Grains,($/mt),184.8,-10.42,-27.33,-32.55,-28.09,-1.89
1993-06-01,1993,6,"Rice, Thai 5%",Grains,($/mt),189.0,2.27,-17.9,-29.69,-30.39,1.12
1993-07-01,1993,7,"Rice, Thai 5%",Grains,($/mt),200.8,6.24,-2.67,-27.9,-26.12,1.78
1993-08-01,1993,8,"Rice, Thai 5%",Grains,($/mt),209.0,4.08,13.1,-22.82,-23.05,1.22
1993-09-01,1993,9,"Rice, Thai 5%",Grains,($/mt),206.0,-1.44,8.99,-19.84,-24.62,0.09
1993-10-01,1993,10,"Rice, Thai 5%",Grains,($/mt),256.8,24.66,27.89,2.72,-5.93,4.65
1993-11-01,1993,11,"Rice, Thai 5%",Grains,($/mt),307.8,19.86,47.27,21.85,13.25,2.04
1993-12-01,1993,12,"Rice, Thai 5%",Grains,($/mt),320.5,4.13,55.58,25.05,23.27,0.18
1994-01-01,1994,1,"Rice, Thai 5%",Grains,($/mt),356.0,11.08,38.63,37.03,34.44,0.79
1994-02-01,1994,2,"Rice, Thai 5%",Grains,($/mt),343.8,-3.43,11.7,35.19,27.66,-0.59
1994-03-01,1994,3,"Rice, Thai 5%",Grains,($/mt),269.8,-21.52,-15.82,17.2,-3.12,-2.18
1994-04-01,1994,4,"Rice, Thai 5%",Grains,($/mt),269.3,-0.19,-24.35,30.54,-8.09,-0.18
1994-05-01,1994,5,"Rice, Thai 5%",Grains,($/mt),233.0,-13.48,-32.23,26.08,-24.91,-1.33
1994-06-01,1994,6,"Rice, Thai 5%",Grains,($/mt),213.8,-8.24,-20.76,13.12,-34.66,-0.86
1994-07-01,1994,7,"Rice, Thai 5%",Grains,($/mt),226.3,5.85,-15.97,12.7,-35.44,0.31
1994-08-01,1994,8,"Rice, Thai 5%",Grains,($/mt),252.6,11.62,8.41,20.86,-23.96,0.75
1994-09-01,1994,9,"Rice, Thai 5%",Grains,($/mt),259.8,2.85,21.52,26.12,-18.76,0.03
1994-10-01,1994,10,"Rice, Thai 5%",Grains,($/mt),262.0,0.85,15.78,2.02,-13.82,-0.14
1994-11-01,1994,11,"Rice, Thai 5%",Grains,($/mt),264.5,0.95,4.71,-14.07,-1.49,0.02
1994-12-01,1994,12,"Rice, Thai 5%",Grains,($/mt),260.5,-1.51,0.27,-18.72,-4.23,-0.07
1995-01-01,1995,1,"Rice, Thai 5%",Grains,($/mt),276.8,6.26,5.65,-22.25,0.22,0.79
1995-02-01,1995,2,"Rice, Thai 5%",Grains,($/mt),280.5,1.34,6.05,-18.41,-6.5,0.33
1995-03-01,1995,3,"Rice, Thai 5%",Grains,($/mt),286.3,2.07,9.9,6.12,-1.04,0.37
1995-04-01,1995,4,"Rice, Thai 5%",Grains,($/mt),281.5,-1.68,1.7,4.53,2.07,-0.36
1995-05-01,1995,5,"Rice, Thai 5%",Grains,($/mt),291.0,3.37,3.74,24.89,11.92,0.43
1995-06-01,1995,6,"Rice, Thai 5%",Grains,($/mt),326.0,12.03,13.87,52.48,27.84,2.06
1995-07-01,1995,7,"Rice, Thai 5%",Grains,($/mt),345.6,6.01,22.77,52.72,34.79,0.52
1995-08-01,1995,8,"Rice, Thai 5%",Grains,($/mt),339.5,-1.77,16.67,34.4,30.83,-1.2
1995-09-01,1995,9,"Rice, Thai 5%",Grains,($/mt),359.8,5.98,10.37,38.49,37.96,0.85
1995-10-01,1995,10,"Rice, Thai 5%",Grains,($/mt),382.6,6.34,10.71,46.03,35.96,0.85
1995-11-01,1995,11,"Rice, Thai 5%",Grains,($/mt),340.5,-11.0,0.29,28.73,25.05,-3.41
1995-12-01,1995,12,"Rice, Thai 5%",Grains,($/mt),341.5,0.29,-5.09,31.09,29.45,-0.34
1996-01-01,1996,1,"Rice, Thai 5%",Grains,($/mt),369.2,8.11,-3.5,33.38,21.69,0.98
1996-02-01,1996,2,"Rice, Thai 5%",Grains,($/mt),368.0,-0.33,8.08,31.19,12.44,-0.49
1996-03-01,1996,3,"Rice, Thai 5%",Grains,($/mt),359.5,-2.31,5.27,25.57,15.41,-0.8
1996-04-01,1996,4,"Rice, Thai 5%",Grains,($/mt),327.2,-8.98,-11.38,16.23,14.49,-1.8
1996-05-01,1996,5,"Rice, Thai 5%",Grains,($/mt),332.3,1.56,-9.7,14.19,15.26,0.01
1996-06-01,1996,6,"Rice, Thai 5%",Grains,($/mt),341.5,2.77,-5.01,4.75,16.43,0.21
1996-07-01,1996,7,"Rice, Thai 5%",Grains,($/mt),358.0,4.83,9.41,3.59,18.0,0.71
1996-08-01,1996,8,"Rice, Thai 5%",Grains,($/mt),335.5,-6.28,0.96,-1.18,12.47,-1.14
1996-09-01,1996,9,"Rice, Thai 5%",Grains,($/mt),328.4,-2.12,-3.84,-8.73,12.66,-0.35
1996-10-01,1996,10,"Rice, Thai 5%",Grains,($/mt),312.8,-4.75,-12.63,-18.24,13.09,-0.7
1996-11-01,1996,11,"Rice, Thai 5%",Grains,($/mt),315.0,0.7,-6.11,-7.49,15.89,0.4
1996-12-01,1996,12,"Rice, Thai 5%",Grains,($/mt),319.2,1.33,-2.8,-6.53,18.93,0.39
1997-01-01,1997,1,"Rice, Thai 5%",Grains,($/mt),356.0,11.53,13.81,-3.58,28.38,2.51
1997-02-01,1997,2,"Rice, Thai 5%",Grains,($/mt),347.0,-2.53,10.16,-5.71,24.69,-0.44
1997-03-01,1997,3,"Rice, Thai 5%",Grains,($/mt),323.4,-6.8,1.32,-10.04,16.67,-1.18
1997-04-01,1997,4,"Rice, Thai 5%",Grains,($/mt),304.5,-5.84,-14.47,-6.94,9.53,-0.89
1997-05-01,1997,5,"Rice, Thai 5%",Grains,($/mt),324.5,6.57,-6.48,-2.35,18.43,1.31
1997-06-01,1997,6,"Rice, Thai 5%",Grains,($/mt),323.2,-0.4,-0.06,-5.36,20.24,-0.06
1997-07-01,1997,7,"Rice, Thai 5%",Grains,($/mt),320.0,-0.99,5.09,-10.61,14.9,-0.12
1997-08-01,1997,8,"Rice, Thai 5%",Grains,($/mt),285.0,-10.94,-12.17,-15.05,5.24,-1.86
1997-09-01,1997,9,"Rice, Thai 5%",Grains,($/mt),270.6,-5.05,-16.27,-17.6,5.29,-0.64
1997-10-01,1997,10,"Rice, Thai 5%",Grains,($/mt),265.8,-1.77,-16.94,-15.03,6.32,-0.06
1997-11-01,1997,11,"Rice, Thai 5%",Grains,($/mt),252.5,-5.0,-11.4,-19.84,-0.04,-0.64
1997-12-01,1997,12,"Rice, Thai 5%",Grains,($/mt),269.7,6.81,-0.33,-15.51,5.23,1.39
1998-01-01,1998,1,"Rice, Thai 5%",Grains,($/mt),288.0,6.79,8.35,-19.1,10.85,1.23
1998-02-01,1998,2,"Rice, Thai 5%",Grains,($/mt),297.3,3.23,17.74,-14.32,16.91,0.84
1998-03-01,1998,3,"Rice, Thai 5%",Grains,($/mt),296.0,-0.44,9.75,-8.47,28.58,0.11
1998-04-01,1998,4,"Rice, Thai 5%",Grains,($/mt),311.5,5.24,8.16,2.3,50.99,1.03
1998-05-01,1998,5,"Rice, Thai 5%",Grains,($/mt),318.3,2.18,7.06,-1.91,72.24,0.33
1998-06-01,1998,6,"Rice, Thai 5%",Grains,($/mt),325.5,2.26,9.97,0.71,72.22,0.43
1998-07-01,1998,7,"Rice, Thai 5%",Grains,($/mt),324.3,-0.37,4.11,1.34,61.5,-0.11
1998-08-01,1998,8,"Rice, Thai 5%",Grains,($/mt),321.4,-0.89,0.97,12.77,53.78,-0.21
1998-09-01,1998,9,"Rice, Thai 5%",Grains,($/mt),321.3,-0.03,-1.29,18.74,55.97,-0.27
1998-10-01,1998,10,"Rice, Thai 5%",Grains,($/mt),298.8,-7.0,-7.86,12.42,16.36,-2.36
1998-11-01,1998,11,"Rice, Thai 5%",Grains,($/mt),270.0,-9.64,-15.99,6.93,-12.28,-2.5
1998-12-01,1998,12,"Rice, Thai 5%",Grains,($/mt),277.8,2.89,-13.54,3.0,-13.32,0.44
1999-01-01,1999,1,"Rice, Thai 5%",Grains,($/mt),299.8,7.92,0.33,4.1,-15.79,1.61
1999-02-01,1999,2,"Rice, Thai 5%",Grains,($/mt),280.0,-6.6,3.7,-5.82,-18.56,-1.45
1999-03-01,1999,3,"Rice, Thai 5%",Grains,($/mt),256.2,-8.5,-7.78,-13.45,-5.04,-1.57
1999-04-01,1999,4,"Rice, Thai 5%",Grains,($/mt),235.5,-8.08,-21.45,-24.4,-12.55,-1.24
1999-05-01,1999,5,"Rice, Thai 5%",Grains,($/mt),244.3,3.74,-12.75,-23.25,4.85,1.05
1999-06-01,1999,6,"Rice, Thai 5%",Grains,($/mt),253.8,3.89,-0.94,-22.03,18.71,1.03
1999-07-01,1999,7,"Rice, Thai 5%",Grains,($/mt),259.0,2.05,9.98,-20.14,14.45,0.67
1999-08-01,1999,8,"Rice, Thai 5%",Grains,($/mt),244.5,-5.6,0.08,-23.93,-3.21,-0.65
1999-09-01,1999,9,"Rice, Thai 5%",Grains,($/mt),229.3,-6.22,-9.65,-28.63,-11.74,-0.68
1999-10-01,1999,10,"Rice, Thai 5%",Grains,($/mt),217.0,-5.36,-16.22,-27.38,-17.18,-0.45
1999-11-01,1999,11,"Rice, Thai 5%",Grains,($/mt),228.0,5.07,-6.75,-15.56,-13.8,1.24
1999-12-01,1999,12,"Rice, Thai 5%",Grains,($/mt),233.8,2.54,1.96,-15.84,-10.25,0.63
2000-01-01,2000,1,"Rice, Thai 5%",Grains,($/mt),241.4,3.25,11.24,-19.48,-12.79,0.76
2000-02-01,2000,2,"Rice, Thai 5%",Grains,($/mt),241.0,-0.17,5.7,-13.93,-14.08,0.27
2000-03-01,2000,3,"Rice, Thai 5%",Grains,($/mt),225.8,-6.31,-3.42,-11.87,-21.13,-1.0
2000-04-01,2000,4,"Rice, Thai 5%",Grains,($/mt),214.8,-4.87,-11.02,-8.79,-23.69,-0.8
2000-05-01,2000,5,"Rice, Thai 5%",Grains,($/mt),198.6,-7.54,-17.59,-18.71,-31.75,-1.49
2000-06-01,2000,6,"Rice, Thai 5%",Grains,($/mt),196.0,-1.31,-13.2,-22.77,-39.88,0.06
2000-07-01,2000,7,"Rice, Thai 5%",Grains,($/mt),189.0,-3.57,-12.01,-27.03,-45.31,-0.34
2000-08-01,2000,8,"Rice, Thai 5%",Grains,($/mt),186.5,-1.32,-6.09,-23.72,-45.07,0.28
2000-09-01,2000,9,"Rice, Thai 5%",Grains,($/mt),179.0,-4.02,-8.67,-21.94,-50.25,-0.45
2000-10-01,2000,10,"Rice, Thai 5%",Grains,($/mt),187.5,4.75,-0.79,-13.59,-50.99,1.67
2000-11-01,2000,11,"Rice, Thai 5%",Grains,($/mt),185.0,-1.33,-0.8,-18.86,-45.67,-0.05
2000-12-01,2000,12,"Rice, Thai 5%",Grains,($/mt),184.3,-0.38,2.96,-21.17,-46.03,0.33
2001-01-01,2001,1,"Rice, Thai 5%",Grains,($/mt),184.4,0.05,-1.65,-23.61,-50.05,0.54
2001-02-01,2001,2,"Rice, Thai 5%",Grains,($/mt),184.5,0.05,-0.27,-23.44,-49.86,0.67
2001-03-01,2001,3,"Rice, Thai 5%",Grains,($/mt),175.0,-5.15,-5.05,-22.5,-51.32,-0.9
2001-04-01,2001,4,"Rice, Thai 5%",Grains,($/mt),163.8,-6.4,-11.17,-23.74,-49.94,-1.35
2001-05-01,2001,5,"Rice, Thai 5%",Grains,($/mt),164.3,0.31,-10.95,-17.27,-50.56,0.74
2001-06-01,2001,6,"Rice, Thai 5%",Grains,($/mt),168.0,2.25,-4.0,-14.29,-50.81,1.28
2001-07-01,2001,7,"Rice, Thai 5%",Grains,($/mt),169.4,0.83,3.42,-10.37,-52.68,0.65
2001-08-01,2001,8,"Rice, Thai 5%",Grains,($/mt),168.3,-0.65,2.43,-9.76,-49.84,0.07
2001-09-01,2001,9,"Rice, Thai 5%",Grains,($/mt),173.0,2.79,2.98,-3.35,-47.32,1.16
2001-10-01,2001,10,"Rice, Thai 5%",Grains,($/mt),170.6,-1.39,0.71,-9.01,-45.46,-0.37
2001-11-01,2001,11,"Rice, Thai 5%",Grains,($/mt),173.5,1.7,3.09,-6.22,-44.92,0.92
2001-12-01,2001,12,"Rice, Thai 5%",Grains,($/mt),179.3,3.34,3.64,-2.71,-43.83,1.39
2002-01-01,2002,1,"Rice, Thai 5%",Grains,($/mt),191.8,6.97,12.43,4.01,-46.12,2.41
2002-02-01,2002,2,"Rice, Thai 5%",Grains,($/mt),195.3,1.82,12.56,5.85,-43.72,0.4
2002-03-01,2002,3,"Rice, Thai 5%",Grains,($/mt),189.0,-3.23,5.41,8.0,-41.56,-1.03
2002-04-01,2002,4,"Rice, Thai 5%",Grains,($/mt),190.2,0.63,-0.83,16.12,-37.54,-0.02
2002-05-01,2002,5,"Rice, Thai 5%",Grains,($/mt),197.5,3.84,1.13,20.21,-39.14,0.99
2002-06-01,2002,6,"Rice, Thai 5%",Grains,($/mt),202.7,2.63,7.25,20.65,-37.28,0.4
2002-07-01,2002,7,"Rice, Thai 5%",Grains,($/mt),199.6,-1.53,4.94,17.83,-37.62,-1.18
2002-08-01,2002,8,"Rice, Thai 5%",Grains,($/mt),190.3,-4.66,-3.65,13.07,-33.23,-2.16
2002-09-01,2002,9,"Rice, Thai 5%",Grains,($/mt),186.6,-1.94,-7.94,7.86,-31.04,-0.92
2002-10-01,2002,10,"Rice, Thai 5%",Grains,($/mt),186.3,-0.16,-6.66,9.2,-29.91,-0.25
2002-11-01,2002,11,"Rice, Thai 5%",Grains,($/mt),186.8,0.27,-1.84,7.67,-26.02,-0.16
2002-12-01,2002,12,"Rice, Thai 5%",Grains,($/mt),186.5,-0.16,-0.05,4.02,-30.85,-0.25
2003-01-01,2003,1,"Rice, Thai 5%",Grains,($/mt),200.8,7.67,7.78,4.69,-30.28,2.3
2003-02-01,2003,2,"Rice, Thai 5%",Grains,($/mt),198.8,-1.0,6.42,1.79,-33.13,-0.43
2003-03-01,2003,3,"Rice, Thai 5%",Grains,($/mt),197.0,-0.91,5.63,4.23,-33.45,-0.33
2003-04-01,2003,4,"Rice, Thai 5%",Grains,($/mt),195.0,-1.02,-2.89,2.52,-37.4,-0.45
2003-05-01,2003,5,"Rice, Thai 5%",Grains,($/mt),198.0,1.54,-0.4,0.25,-37.79,0.41
2003-06-01,2003,6,"Rice, Thai 5%",Grains,($/mt),203.4,2.73,3.25,0.35,-37.51,0.89
2003-07-01,2003,7,"Rice, Thai 5%",Grains,($/mt),198.5,-2.41,1.79,-0.55,-38.79,-0.82
2003-08-01,2003,8,"Rice, Thai 5%",Grains,($/mt),195.0,-1.76,-1.52,2.47,-39.33,-0.58
2003-09-01,2003,9,"Rice, Thai 5%",Grains,($/mt),197.6,1.33,-2.85,5.89,-38.5,0.4
2003-10-01,2003,10,"Rice, Thai 5%",Grains,($/mt),195.8,-0.91,-1.36,5.1,-34.47,-0.53
2003-11-01,2003,11,"Rice, Thai 5%",Grains,($/mt),193.4,-1.23,-0.82,3.53,-28.37,-0.62
2003-12-01,2003,12,"Rice, Thai 5%",Grains,($/mt),198.3,2.53,0.35,6.33,-28.62,0.8
2004-01-01,2004,1,"Rice, Thai 5%",Grains,($/mt),212.8,7.31,8.68,5.98,-29.02,2.4
2004-02-01,2004,2,"Rice, Thai 5%",Grains,($/mt),213.3,0.23,10.29,7.29,-23.82,-0.1
2004-03-01,2004,3,"Rice, Thai 5%",Grains,($/mt),237.8,11.49,19.92,20.71,-7.18,4.03
2004-04-01,2004,4,"Rice, Thai 5%",Grains,($/mt),240.8,1.26,13.16,23.49,2.25,-0.1
2004-05-01,2004,5,"Rice, Thai 5%",Grains,($/mt),232.0,-3.65,8.77,17.17,-5.03,-1.38
2004-06-01,2004,6,"Rice, Thai 5%",Grains,($/mt),229.0,-1.29,-3.7,12.59,-9.77,-0.63
2004-07-01,2004,7,"Rice, Thai 5%",Grains,($/mt),230.8,0.79,-4.15,16.27,-10.89,-0.07
2004-08-01,2004,8,"Rice, Thai 5%",Grains,($/mt),239.0,3.55,3.02,22.56,-2.25,0.53
2004-09-01,2004,9,"Rice, Thai 5%",Grains,($/mt),235.3,-1.55,2.75,19.08,2.62,-0.81
2004-10-01,2004,10,"Rice, Thai 5%",Grains,($/mt),244.0,3.7,5.72,24.62,12.44,0.51
2004-11-01,2004,11,"Rice, Thai 5%",Grains,($/mt),259.2,6.23,8.45,34.02,13.68,1.02
2004-12-01,2004,12,"Rice, Thai 5%",Grains,($/mt),278.3,7.37,18.27,40.34,19.03,1.13
2005-01-01,2005,1,"Rice, Thai 5%",Grains,($/mt),287.0,3.13,17.62,34.87,18.89,0.04
2005-02-01,2005,2,"Rice, Thai 5%",Grains,($/mt),290.0,1.05,11.88,35.96,20.33,-0.37
2005-03-01,2005,3,"Rice, Thai 5%",Grains,($/mt),292.8,0.97,5.21,23.13,29.67,-0.4
2005-04-01,2005,4,"Rice, Thai 5%",Grains,($/mt),297.3,1.54,3.59,23.46,38.41,-0.08
2005-05-01,2005,5,"Rice, Thai 5%",Grains,($/mt),293.8,-1.18,1.31,26.64,47.94,-0.94
2005-06-01,2005,6,"Rice, Thai 5%",Grains,($/mt),285.0,-3.0,-2.66,24.45,45.41,-1.75
2005-07-01,2005,7,"Rice, Thai 5%",Grains,($/mt),276.8,-2.88,-6.9,19.93,46.46,-1.54
2005-08-01,2005,8,"Rice, Thai 5%",Grains,($/mt),282.8,2.17,-3.74,18.33,51.64,0.18
2005-09-01,2005,9,"Rice, Thai 5%",Grains,($/mt),285.3,0.88,0.11,21.25,59.39,-0.17
2005-10-01,2005,10,"Rice, Thai 5%",Grains,($/mt),286.4,0.39,3.47,17.38,52.75,-0.4
2005-11-01,2005,11,"Rice, Thai 5%",Grains,($/mt),277.8,-3.0,-1.77,7.18,50.16,-1.4
2005-12-01,2005,12,"Rice, Thai 5%",Grains,($/mt),280.5,0.97,-1.68,0.79,52.2,0.12
2006-01-01,2006,1,"Rice, Thai 5%",Grains,($/mt),291.3,3.85,1.71,1.5,57.97,1.8
2006-02-01,2006,2,"Rice, Thai 5%",Grains,($/mt),301.5,3.5,8.53,3.97,63.41,1.53
2006-03-01,2006,3,"Rice, Thai 5%",Grains,($/mt),303.5,0.66,8.2,3.65,73.43,0.13
2006-04-01,2006,4,"Rice, Thai 5%",Grains,($/mt),302.3,-0.4,3.78,1.68,84.55,-0.3
2006-05-01,2006,5,"Rice, Thai 5%",Grains,($/mt),308.0,1.89,2.16,4.83,87.46,0.73
2006-06-01,2006,6,"Rice, Thai 5%",Grains,($/mt),312.5,1.46,2.97,9.65,86.01,0.44
2006-07-01,2006,7,"Rice, Thai 5%",Grains,($/mt),315.4,0.93,4.33,13.95,86.19,0.06
2006-08-01,2006,8,"Rice, Thai 5%",Grains,($/mt),312.7,-0.86,1.53,10.57,85.8,-1.1
2006-09-01,2006,9,"Rice, Thai 5%",Grains,($/mt),309.2,-1.12,-1.06,8.38,78.73,-1.08
2006-10-01,2006,10,"Rice, Thai 5%",Grains,($/mt),301.0,-2.65,-4.57,5.1,76.44,-1.74
2006-11-01,2006,11,"Rice, Thai 5%",Grains,($/mt),296.3,-1.56,-5.24,6.66,70.78,-0.93
2006-12-01,2006,12,"Rice, Thai 5%",Grains,($/mt),305.0,2.94,-1.36,8.73,70.11,1.2
2007-01-01,2007,1,"Rice, Thai 5%",Grains,($/mt),313.0,2.62,3.99,7.45,63.19,0.91
2007-02-01,2007,2,"Rice, Thai 5%",Grains,($/mt),315.0,0.64,6.31,4.48,61.29,0.01
2007-03-01,2007,3,"Rice, Thai 5%",Grains,($/mt),318.7,1.17,4.49,5.01,68.62,0.46
2007-04-01,2007,4,"Rice, Thai 5%",Grains,($/mt),316.5,-0.69,1.12,4.7,66.4,-0.64
2007-05-01,2007,5,"Rice, Thai 5%",Grains,($/mt),317.6,0.35,0.83,3.12,60.81,-0.03
2007-06-01,2007,6,"Rice, Thai 5%",Grains,($/mt),323.3,1.79,1.44,3.46,59.5,0.9
2007-07-01,2007,7,"Rice, Thai 5%",Grains,($/mt),328.8,1.7,3.89,4.25,64.73,0.82
2007-08-01,2007,8,"Rice, Thai 5%",Grains,($/mt),327.5,-0.4,3.12,4.73,72.1,-0.43
2007-09-01,2007,9,"Rice, Thai 5%",Grains,($/mt),325.0,-0.76,0.53,5.11,74.17,-0.67
2007-10-01,2007,10,"Rice, Thai 5%",Grains,($/mt),329.2,1.29,0.12,9.37,76.7,0.51
2007-11-01,2007,11,"Rice, Thai 5%",Grains,($/mt),342.0,3.89,4.43,15.42,83.08,2.22
2007-12-01,2007,12,"Rice, Thai 5%",Grains,($/mt),360.7,5.47,10.98,18.26,93.4,2.89
2008-01-01,2008,1,"Rice, Thai 5%",Grains,($/mt),375.6,4.13,14.09,20.0,87.05,1.45
2008-02-01,2008,2,"Rice, Thai 5%",Grains,($/mt),464.8,23.75,35.91,47.56,133.8,11.07
2008-03-01,2008,3,"Rice, Thai 5%",Grains,($/mt),594.0,27.8,64.68,86.38,201.52,3.64
2008-04-01,2008,4,"Rice, Thai 5%",Grains,($/mt),907.0,52.69,141.48,186.57,365.13,4.88
2008-05-01,2008,5,"Rice, Thai 5%",Grains,($/mt),901.8,-0.57,94.02,183.94,355.45,-0.65
2008-06-01,2008,6,"Rice, Thai 5%",Grains,($/mt),757.0,-16.06,27.44,134.15,272.17,-1.59
2008-07-01,2008,7,"Rice, Thai 5%",Grains,($/mt),731.8,-3.33,-19.32,122.57,268.66,-0.66
2008-08-01,2008,8,"Rice, Thai 5%",Grains,($/mt),693.5,-5.23,-23.1,111.76,255.64,-0.74
2008-09-01,2008,9,"Rice, Thai 5%",Grains,($/mt),683.8,-1.4,-9.67,110.4,246.05,-0.5
2008-10-01,2008,10,"Rice, Thai 5%",Grains,($/mt),609.3,-10.89,-16.74,85.09,211.18,-1.01
2008-11-01,2008,11,"Rice, Thai 5%",Grains,($/mt),552.0,-9.4,-20.4,61.4,185.42,-0.84
2008-12-01,2008,12,"Rice, Thai 5%",Grains,($/mt),531.8,-3.66,-22.23,47.44,168.18,-0.47
2009-01-01,2009,1,"Rice, Thai 5%",Grains,($/mt),580.0,9.06,-4.81,54.42,172.56,0.21
2009-02-01,2009,2,"Rice, Thai 5%",Grains,($/mt),590.8,1.86,7.03,27.11,176.98,-0.17
2009-03-01,2009,3,"Rice, Thai 5%",Grains,($/mt),588.3,-0.42,10.62,-0.96,147.39,-0.2
2009-04-01,2009,4,"Rice, Thai 5%",Grains,($/mt),549.7,-6.56,-5.22,-39.39,128.28,-0.44
2009-05-01,2009,5,"Rice, Thai 5%",Grains,($/mt),533.0,-3.04,-9.78,-40.9,129.74,0.13
2009-06-01,2009,6,"Rice, Thai 5%",Grains,($/mt),574.5,7.79,-2.35,-24.11,150.87,1.84
2009-07-01,2009,7,"Rice, Thai 5%",Grains,($/mt),572.0,-0.44,4.06,-21.84,147.83,0.27
2009-08-01,2009,8,"Rice, Thai 5%",Grains,($/mt),526.3,-7.99,-1.26,-24.11,120.21,-1.01
2009-09-01,2009,9,"Rice, Thai 5%",Grains,($/mt),518.8,-1.43,-9.7,-24.13,120.48,0.11
2009-10-01,2009,10,"Rice, Thai 5%",Grains,($/mt),493.0,-4.97,-13.81,-19.09,102.05,-0.46
2009-11-01,2009,11,"Rice, Thai 5%",Grains,($/mt),542.8,10.1,3.14,-1.67,109.41,2.04
2009-12-01,2009,12,"Rice, Thai 5%",Grains,($/mt),591.0,8.88,13.92,11.13,112.36,1.46
2010-01-01,2010,1,"Rice, Thai 5%",Grains,($/mt),568.8,-3.76,15.38,-1.93,98.19,-0.75
2010-02-01,2010,2,"Rice, Thai 5%",Grains,($/mt),535.0,-5.94,-1.44,-9.44,84.48,-0.98
2010-03-01,2010,3,"Rice, Thai 5%",Grains,($/mt),502.2,-6.13,-15.03,-14.64,71.52,-0.88
2010-04-01,2010,4,"Rice, Thai 5%",Grains,($/mt),466.0,-7.21,-18.07,-15.23,56.74,-0.94
2010-05-01,2010,5,"Rice, Thai 5%",Grains,($/mt),451.3,-3.15,-15.64,-15.33,53.61,-0.3
2010-06-01,2010,6,"Rice, Thai 5%",Grains,($/mt),440.0,-2.5,-12.39,-23.41,54.39,-0.2
2010-07-01,2010,7,"Rice, Thai 5%",Grains,($/mt),441.8,0.41,-5.19,-22.76,59.61,0.42
2010-08-01,2010,8,"Rice, Thai 5%",Grains,($/mt),452.8,2.49,0.33,-13.97,60.11,0.76
2010-09-01,2010,9,"Rice, Thai 5%",Grains,($/mt),476.5,5.23,8.3,-8.15,67.02,1.12
2010-10-01,2010,10,"Rice, Thai 5%",Grains,($/mt),486.0,1.99,10.0,-1.42,69.69,0.43
2010-11-01,2010,11,"Rice, Thai 5%",Grains,($/mt),514.5,5.86,13.63,-5.21,85.21,1.0
2010-12-01,2010,12,"Rice, Thai 5%",Grains,($/mt),532.0,3.4,11.65,-9.98,89.66,0.71
2011-01-01,2011,1,"Rice, Thai 5%",Grains,($/mt),516.8,-2.86,6.34,-9.14,77.41,-0.45
2011-02-01,2011,2,"Rice, Thai 5%",Grains,($/mt),524.0,1.39,1.85,-2.06,73.8,0.46
2011-03-01,2011,3,"Rice, Thai 5%",Grains,($/mt),492.8,-5.95,-7.37,-1.87,62.37,-1.38
2011-04-01,2011,4,"Rice, Thai 5%",Grains,($/mt),484.3,-1.72,-6.29,3.93,60.21,-0.39
2011-05-01,2011,5,"Rice, Thai 5%",Grains,($/mt),481.4,-0.6,-8.13,6.67,56.3,-0.27
2011-06-01,2011,6,"Rice, Thai 5%",Grains,($/mt),513.8,6.73,4.26,16.77,64.42,1.75
2011-07-01,2011,7,"Rice, Thai 5%",Grains,($/mt),538.3,4.77,11.15,21.84,70.67,0.91
2011-08-01,2011,8,"Rice, Thai 5%",Grains,($/mt),566.0,5.15,17.57,25.0,81.0,0.88
2011-09-01,2011,9,"Rice, Thai 5%",Grains,($/mt),598.8,5.8,16.54,25.67,93.66,0.96
2011-10-01,2011,10,"Rice, Thai 5%",Grains,($/mt),599.4,0.1,11.35,23.33,99.14,-0.47
2011-11-01,2011,11,"Rice, Thai 5%",Grains,($/mt),615.3,2.65,8.71,19.59,107.66,0.2
2011-12-01,2011,12,"Rice, Thai 5%",Grains,($/mt),585.8,-4.79,-2.17,10.11,92.07,-1.64
2012-01-01,2012,1,"Rice, Thai 5%",Grains,($/mt),542.0,-7.48,-9.58,4.88,73.16,-1.97
2012-02-01,2012,2,"Rice, Thai 5%",Grains,($/mt),537.5,-0.83,-12.64,2.58,70.63,-0.28
2012-03-01,2012,3,"Rice, Thai 5%",Grains,($/mt),548.0,1.95,-6.45,11.2,71.95,0.34
2012-04-01,2012,4,"Rice, Thai 5%",Grains,($/mt),547.8,-0.04,1.07,13.11,73.08,-0.23
2012-05-01,2012,5,"Rice, Thai 5%",Grains,($/mt),600.5,9.62,11.72,24.74,89.07,1.97
2012-06-01,2012,6,"Rice, Thai 5%",Grains,($/mt),600.0,-0.08,9.49,16.78,85.59,-0.42
2012-07-01,2012,7,"Rice, Thai 5%",Grains,($/mt),573.8,-4.37,4.75,6.59,74.51,-1.23
2012-08-01,2012,8,"Rice, Thai 5%",Grains,($/mt),567.8,-1.05,-5.45,0.32,73.37,-0.35
2012-09-01,2012,9,"Rice, Thai 5%",Grains,($/mt),563.3,-0.79,-6.12,-5.93,73.32,-0.2
2012-10-01,2012,10,"Rice, Thai 5%",Grains,($/mt),558.3,-0.89,-2.7,-6.86,69.59,-0.11
2012-11-01,2012,11,"Rice, Thai 5%",Grains,($/mt),559.3,0.18,-1.5,-9.1,63.54,0.16
2012-12-01,2012,12,"Rice, Thai 5%",Grains,($/mt),557.8,-0.27,-0.98,-4.78,54.64,0.11
2013-01-01,2013,1,"Rice, Thai 5%",Grains,($/mt),564.2,1.15,1.06,4.1,50.21,0.37
2013-02-01,2013,2,"Rice, Thai 5%",Grains,($/mt),563.0,-0.21,0.66,4.74,21.13,-0.18
2013-03-01,2013,3,"Rice, Thai 5%",Grains,($/mt),559.0,-0.71,0.22,2.01,-5.89,-0.35
2013-04-01,2013,4,"Rice, Thai 5%",Grains,($/mt),557.0,-0.36,-1.28,1.68,-38.59,-0.18
2013-05-01,2013,5,"Rice, Thai 5%",Grains,($/mt),543.5,-2.42,-3.46,-9.49,-39.73,-0.8
2013-06-01,2013,6,"Rice, Thai 5%",Grains,($/mt),524.3,-3.53,-6.21,-12.62,-30.74,-1.94
2013-07-01,2013,7,"Rice, Thai 5%",Grains,($/mt),509.0,-2.92,-8.62,-11.29,-30.45,-1.15
2013-08-01,2013,8,"Rice, Thai 5%",Grains,($/mt),478.8,-5.93,-11.9,-15.67,-30.96,-3.69
2013-09-01,2013,9,"Rice, Thai 5%",Grains,($/mt),444.0,-7.27,-15.32,-21.18,-35.07,-3.0
2013-10-01,2013,10,"Rice, Thai 5%",Grains,($/mt),439.0,-1.13,-13.75,-21.37,-27.95,0.31
2013-11-01,2013,11,"Rice, Thai 5%",Grains,($/mt),438.0,-0.23,-8.52,-21.69,-20.65,0.67
2013-12-01,2013,12,"Rice, Thai 5%",Grains,($/mt),451.0,2.97,1.58,-19.15,-15.19,1.95
2014-01-01,2014,1,"Rice, Thai 5%",Grains,($/mt),450.0,-0.22,2.51,-20.24,-22.41,0.52
2014-02-01,2014,2,"Rice, Thai 5%",Grains,($/mt),459.0,2.0,4.79,-18.47,-22.31,1.37
2014-03-01,2014,3,"Rice, Thai 5%",Grains,($/mt),422.0,-8.06,-6.43,-24.51,-28.27,-2.16
2014-04-01,2014,4,"Rice, Thai 5%",Grains,($/mt),395.0,-6.4,-12.22,-29.08,-28.14,-1.19
2014-05-01,2014,5,"Rice, Thai 5%",Grains,($/mt),388.0,-1.77,-15.47,-28.61,-27.2,0.27
2014-06-01,2014,6,"Rice, Thai 5%",Grains,($/mt),397.0,2.32,-5.92,-24.28,-30.9,1.39
2014-07-01,2014,7,"Rice, Thai 5%",Grains,($/mt),422.0,6.3,6.84,-17.09,-26.22,2.19
2014-08-01,2014,8,"Rice, Thai 5%",Grains,($/mt),445.0,5.45,14.69,-7.06,-15.45,1.51
2014-09-01,2014,9,"Rice, Thai 5%",Grains,($/mt),432.0,-2.92,8.82,-2.7,-16.73,-0.51
2014-10-01,2014,10,"Rice, Thai 5%",Grains,($/mt),428.0,-0.93,1.42,-2.51,-13.18,-0.18
2014-11-01,2014,11,"Rice, Thai 5%",Grains,($/mt),418.0,-2.34,-6.07,-4.57,-22.99,-0.51
2014-12-01,2014,12,"Rice, Thai 5%",Grains,($/mt),418.0,0.0,-3.24,-7.32,-29.27,0.07
2015-01-01,2015,1,"Rice, Thai 5%",Grains,($/mt),420.0,0.48,-1.87,-6.67,-26.16,0.24
2015-02-01,2015,2,"Rice, Thai 5%",Grains,($/mt),420.0,0.0,0.48,-8.5,-21.5,0.11
2015-03-01,2015,3,"Rice, Thai 5%",Grains,($/mt),410.0,-2.38,-1.91,-2.84,-18.36,-0.41
2015-04-01,2015,4,"Rice, Thai 5%",Grains,($/mt),399.0,-2.68,-5.0,1.01,-14.38,-0.7
2015-05-01,2015,5,"Rice, Thai 5%",Grains,($/mt),381.0,-4.51,-9.29,-1.8,-15.58,-1.5
2015-06-01,2015,6,"Rice, Thai 5%",Grains,($/mt),376.0,-1.31,-8.29,-5.29,-14.55,-0.36
2015-07-01,2015,7,"Rice, Thai 5%",Grains,($/mt),392.0,4.26,-1.75,-7.11,-11.27,1.43
2015-08-01,2015,8,"Rice, Thai 5%",Grains,($/mt),373.0,-4.85,-2.1,-16.18,-17.62,-1.46
2015-09-01,2015,9,"Rice, Thai 5%",Grains,($/mt),357.0,-4.29,-5.05,-17.36,-25.08,-1.16
2015-10-01,2015,10,"Rice, Thai 5%",Grains,($/mt),373.0,4.48,-4.85,-12.85,-23.25,2.34
2015-11-01,2015,11,"Rice, Thai 5%",Grains,($/mt),368.0,-1.34,-1.34,-11.96,-28.47,-0.08
2015-12-01,2015,12,"Rice, Thai 5%",Grains,($/mt),363.0,-1.36,1.68,-13.16,-31.77,-0.11
2016-01-01,2016,1,"Rice, Thai 5%",Grains,($/mt),369.0,1.65,-1.07,-12.14,-28.6,0.9
2016-02-01,2016,2,"Rice, Thai 5%",Grains,($/mt),384.0,4.07,4.35,-8.57,-26.72,1.62
2016-03-01,2016,3,"Rice, Thai 5%",Grains,($/mt),384.0,0.0,5.79,-6.34,-22.08,0.2
2016-04-01,2016,4,"Rice, Thai 5%",Grains,($/mt),395.0,2.86,7.05,-1.0,-18.44,0.98
2016-05-01,2016,5,"Rice, Thai 5%",Grains,($/mt),433.0,9.62,12.76,13.65,-10.05,2.77
2016-06-01,2016,6,"Rice, Thai 5%",Grains,($/mt),441.0,1.85,14.84,17.29,-14.17,0.17
2016-07-01,2016,7,"Rice, Thai 5%",Grains,($/mt),442.0,0.23,11.9,12.76,-17.89,-0.29
2016-08-01,2016,8,"Rice, Thai 5%",Grains,($/mt),415.0,-6.11,-4.16,11.26,-26.68,-1.8
2016-09-01,2016,9,"Rice, Thai 5%",Grains,($/mt),384.0,-7.47,-12.93,7.56,-35.87,-2.02
2016-10-01,2016,10,"Rice, Thai 5%",Grains,($/mt),369.0,-3.91,-16.52,-1.07,-38.44,-1.0
2016-11-01,2016,11,"Rice, Thai 5%",Grains,($/mt),365.0,-1.08,-12.05,-0.82,-40.68,-0.24
2016-12-01,2016,12,"Rice, Thai 5%",Grains,($/mt),373.0,2.19,-2.86,2.75,-36.33,0.47
2017-01-01,2017,1,"Rice, Thai 5%",Grains,($/mt),377.0,1.07,2.17,2.17,-30.44,0.16
2017-02-01,2017,2,"Rice, Thai 5%",Grains,($/mt),367.0,-2.65,0.55,-4.43,-31.72,-0.63
2017-03-01,2017,3,"Rice, Thai 5%",Grains,($/mt),370.0,0.82,-0.8,-3.65,-32.48,0.24
2017-04-01,2017,4,"Rice, Thai 5%",Grains,($/mt),380.0,2.7,0.8,-3.8,-30.63,0.64
2017-05-01,2017,5,"Rice, Thai 5%",Grains,($/mt),421.0,10.79,14.71,-2.77,-29.89,2.43
2017-06-01,2017,6,"Rice, Thai 5%",Grains,($/mt),458.0,8.79,23.78,3.85,-23.67,1.87
2017-07-01,2017,7,"Rice, Thai 5%",Grains,($/mt),417.0,-8.95,9.74,-5.66,-27.33,-1.74
2017-08-01,2017,8,"Rice, Thai 5%",Grains,($/mt),393.0,-5.76,-6.65,-5.3,-30.79,-0.9
2017-09-01,2017,9,"Rice, Thai 5%",Grains,($/mt),402.0,2.29,-12.23,4.69,-28.63,0.43
2017-10-01,2017,10,"Rice, Thai 5%",Grains,($/mt),394.0,-1.99,-5.52,6.78,-29.43,-0.45
2017-11-01,2017,11,"Rice, Thai 5%",Grains,($/mt),402.0,2.03,2.29,10.14,-28.12,0.24
2017-12-01,2017,12,"Rice, Thai 5%",Grains,($/mt),406.0,1.0,1.0,8.85,-27.21,0.01
2018-01-01,2018,1,"Rice, Thai 5%",Grains,($/mt),442.0,8.87,12.18,17.24,-21.66,1.47
2018-02-01,2018,2,"Rice, Thai 5%",Grains,($/mt),425.0,-3.85,5.72,15.8,-24.51,-0.9
2018-03-01,2018,3,"Rice, Thai 5%",Grains,($/mt),430.0,1.18,5.91,16.22,-23.08,-0.04
2018-04-01,2018,4,"Rice, Thai 5%",Grains,($/mt),451.0,4.88,2.04,18.68,-19.03,0.57
2018-05-01,2018,5,"Rice, Thai 5%",Grains,($/mt),451.0,0.0,6.12,7.13,-17.02,-0.26
2018-06-01,2018,6,"Rice, Thai 5%",Grains,($/mt),427.0,-5.32,-0.7,-6.77,-18.56,-1.12
2018-07-01,2018,7,"Rice, Thai 5%",Grains,($/mt),398.0,-6.79,-11.75,-4.56,-21.81,-1.27
2018-08-01,2018,8,"Rice, Thai 5%",Grains,($/mt),405.0,1.76,-10.2,3.05,-15.41,0.44
2018-09-01,2018,9,"Rice, Thai 5%",Grains,($/mt),405.0,0.0,-5.15,0.75,-8.78,-0.08
2018-10-01,2018,10,"Rice, Thai 5%",Grains,($/mt),409.0,0.99,2.76,3.81,-6.83,0.19
2018-11-01,2018,11,"Rice, Thai 5%",Grains,($/mt),401.0,-1.96,-0.99,-0.25,-8.45,-0.55
2018-12-01,2018,12,"Rice, Thai 5%",Grains,($/mt),404.0,0.75,-0.25,-0.49,-10.42,0.16
2019-01-01,2019,1,"Rice, Thai 5%",Grains,($/mt),410.0,1.49,0.24,-7.24,-8.89,0.34
2019-02-01,2019,2,"Rice, Thai 5%",Grains,($/mt),408.0,-0.49,1.75,-4.0,-11.11,0.03
2019-03-01,2019,3,"Rice, Thai 5%",Grains,($/mt),406.0,-0.49,0.5,-5.58,-3.79,-0.06
2019-04-01,2019,4,"Rice, Thai 5%",Grains,($/mt),413.0,1.72,0.73,-8.43,4.56,0.69
2019-05-01,2019,5,"Rice, Thai 5%",Grains,($/mt),409.0,-0.97,0.25,-9.31,5.41,-0.1
2019-06-01,2019,6,"Rice, Thai 5%",Grains,($/mt),420.0,2.69,3.45,-1.64,5.79,1.27
2019-07-01,2019,7,"Rice, Thai 5%",Grains,($/mt),416.0,-0.95,0.73,4.52,-1.42,-0.34
2019-08-01,2019,8,"Rice, Thai 5%",Grains,($/mt),430.0,3.37,5.13,6.17,-3.37,2.14
2019-09-01,2019,9,"Rice, Thai 5%",Grains,($/mt),427.0,-0.7,1.67,5.43,-1.16,-0.75
2019-10-01,2019,10,"Rice, Thai 5%",Grains,($/mt),424.0,-0.7,1.92,3.67,-0.93,-0.71
2019-11-01,2019,11,"Rice, Thai 5%",Grains,($/mt),421.0,-0.71,-2.09,4.99,0.72,-0.62
2019-12-01,2019,12,"Rice, Thai 5%",Grains,($/mt),432.0,2.61,1.17,6.93,3.35,1.43
2020-01-01,2020,1,"Rice, Thai 5%",Grains,($/mt),451.0,4.4,6.37,10.0,7.38,2.3
2020-02-01,2020,2,"Rice, Thai 5%",Grains,($/mt),450.0,-0.22,6.89,10.29,7.14,-0.52
2020-03-01,2020,3,"Rice, Thai 5%",Grains,($/mt),494.0,9.78,14.35,21.67,20.49,4.53
2020-04-01,2020,4,"Rice, Thai 5%",Grains,($/mt),564.0,14.17,25.06,36.56,41.35,3.91
2020-05-01,2020,5,"Rice, Thai 5%",Grains,($/mt),510.0,-9.57,13.33,24.69,33.86,-2.56
2020-06-01,2020,6,"Rice, Thai 5%",Grains,($/mt),520.0,1.96,5.26,23.81,38.3,-0.01
2020-07-01,2020,7,"Rice, Thai 5%",Grains,($/mt),480.0,-7.69,-14.89,15.38,22.45,-1.63
2020-08-01,2020,8,"Rice, Thai 5%",Grains,($/mt),505.0,5.21,-0.98,17.44,35.39,0.59
2020-09-01,2020,9,"Rice, Thai 5%",Grains,($/mt),507.0,0.4,-2.5,18.74,42.02,-0.17
2020-10-01,2020,10,"Rice, Thai 5%",Grains,($/mt),471.0,-7.1,-1.88,11.08,26.27,-1.33
2020-11-01,2020,11,"Rice, Thai 5%",Grains,($/mt),489.0,3.82,-3.17,16.15,32.88,0.39
2020-12-01,2020,12,"Rice, Thai 5%",Grains,($/mt),520.0,6.34,2.56,20.37,43.25,0.69
2021-01-01,2021,1,"Rice, Thai 5%",Grains,($/mt),545.0,4.81,15.71,20.84,47.7,0.42
2021-02-01,2021,2,"Rice, Thai 5%",Grains,($/mt),557.0,2.2,13.91,23.78,45.05,0.05
2021-03-01,2021,3,"Rice, Thai 5%",Grains,($/mt),525.0,-5.75,0.96,6.28,36.72,-1.09
2021-04-01,2021,4,"Rice, Thai 5%",Grains,($/mt),495.0,-5.71,-9.17,-12.23,25.32,-0.92
2021-05-01,2021,5,"Rice, Thai 5%",Grains,($/mt),493.0,-0.4,-11.49,-3.33,13.86,0.09
2021-06-01,2021,6,"Rice, Thai 5%",Grains,($/mt),466.0,-5.48,-11.24,-10.38,5.67,-1.04
2021-07-01,2021,7,"Rice, Thai 5%",Grains,($/mt),414.0,-11.16,-16.36,-13.75,-6.33,-1.96
2021-08-01,2021,8,"Rice, Thai 5%",Grains,($/mt),403.0,-2.66,-18.26,-20.2,-2.89,-0.27
2021-09-01,2021,9,"Rice, Thai 5%",Grains,($/mt),400.0,-0.74,-14.16,-21.1,4.17,0.18
2021-10-01,2021,10,"Rice, Thai 5%",Grains,($/mt),401.0,0.25,-3.14,-14.86,8.67,0.38
2021-11-01,2021,11,"Rice, Thai 5%",Grains,($/mt),400.0,-0.25,-0.74,-18.2,9.59,0.19
2021-12-01,2021,12,"Rice, Thai 5%",Grains,($/mt),400.0,0.0,0.0,-23.08,7.24,0.31
2022-01-01,2022,1,"Rice, Thai 5%",Grains,($/mt),427.0,6.75,6.48,-21.65,13.26,2.05
2022-02-01,2022,2,"Rice, Thai 5%",Grains,($/mt),427.0,0.0,6.75,-23.34,16.35,0.41
2022-03-01,2022,3,"Rice, Thai 5%",Grains,($/mt),422.0,-1.17,5.5,-19.62,14.05,0.21
2022-04-01,2022,4,"Rice, Thai 5%",Grains,($/mt),431.0,2.13,0.94,-12.93,13.42,0.89
2022-05-01,2022,5,"Rice, Thai 5%",Grains,($/mt),464.0,7.66,8.67,-5.88,10.21,2.04
2022-06-01,2022,6,"Rice, Thai 5%",Grains,($/mt),444.0,-4.31,5.21,-4.72,-3.06,-0.79
2022-07-01,2022,7,"Rice, Thai 5%",Grains,($/mt),418.0,-5.86,-3.02,0.97,0.24,-1.14
2022-08-01,2022,8,"Rice, Thai 5%",Grains,($/mt),431.0,3.11,-7.11,6.95,9.67,0.75
2022-09-01,2022,9,"Rice, Thai 5%",Grains,($/mt),439.0,1.86,-1.13,9.75,9.2,0.31
2022-10-01,2022,10,"Rice, Thai 5%",Grains,($/mt),431.0,-1.82,3.11,7.48,9.39,-0.68
2022-11-01,2022,11,"Rice, Thai 5%",Grains,($/mt),440.0,2.09,2.09,10.0,9.45,0.36
2022-12-01,2022,12,"Rice, Thai 5%",Grains,($/mt),467.0,6.14,6.38,16.75,15.02,1.32
2023-01-01,2023,1,"Rice, Thai 5%",Grains,($/mt),517.0,10.71,19.95,21.08,16.97,2.2
2023-02-01,2023,2,"Rice, Thai 5%",Grains,($/mt),492.0,-4.84,11.82,15.22,15.76,-1.36
2023-03-01,2023,3,"Rice, Thai 5%",Grains,($/mt),476.0,-3.25,1.93,12.8,10.7,-0.88
2023-04-01,2023,4,"Rice, Thai 5%",Grains,($/mt),501.0,5.25,-3.09,16.24,11.09,0.78
2023-05-01,2023,5,"Rice, Thai 5%",Grains,($/mt),510.0,1.8,3.66,9.91,13.08,0.07
2023-06-01,2023,6,"Rice, Thai 5%",Grains,($/mt),514.0,0.78,7.98,15.77,20.37,-0.02
2023-07-01,2023,7,"Rice, Thai 5%",Grains,($/mt),547.0,6.42,9.18,30.86,37.44,1.06
2023-08-01,2023,8,"Rice, Thai 5%",Grains,($/mt),635.0,16.09,24.51,47.33,56.79,3.12
2023-09-01,2023,9,"Rice, Thai 5%",Grains,($/mt),620.0,-2.36,20.62,41.23,53.09,-0.98
2023-10-01,2023,10,"Rice, Thai 5%",Grains,($/mt),590.0,-4.84,7.86,36.89,44.25,-1.29
2023-11-01,2023,11,"Rice, Thai 5%",Grains,($/mt),598.0,1.36,-5.83,35.91,49.13,-0.23
2023-12-01,2023,12,"Rice, Thai 5%",Grains,($/mt),644.0,7.69,3.87,37.9,59.41,0.76
2024-01-01,2024,1,"Rice, Thai 5%",Grains,($/mt),660.0,2.48,11.86,27.66,60.98,-0.06
2024-02-01,2024,2,"Rice, Thai 5%",Grains,($/mt),624.0,-5.45,4.35,26.83,52.94,-1.27
2024-03-01,2024,3,"Rice, Thai 5%",Grains,($/mt),613.0,-1.76,-4.81,28.78,50.99,-0.64
2024-04-01,2024,4,"Rice, Thai 5%",Grains,($/mt),592.0,-3.43,-10.3,18.16,43.34,-0.95
2024-05-01,2024,5,"Rice, Thai 5%",Grains,($/mt),628.0,6.08,0.64,23.14,53.55,0.74
2024-06-01,2024,6,"Rice, Thai 5%",Grains,($/mt),632.0,0.64,3.1,22.96,50.48,-0.2
2024-07-01,2024,7,"Rice, Thai 5%",Grains,($/mt),590.0,-6.65,-0.34,7.86,41.83,-1.36
2024-08-01,2024,8,"Rice, Thai 5%",Grains,($/mt),589.0,-0.17,-6.21,-7.24,36.98,-0.15
2024-09-01,2024,9,"Rice, Thai 5%",Grains,($/mt),580.0,-1.53,-8.23,-6.45,35.83,-0.22
2024-10-01,2024,10,"Rice, Thai 5%",Grains,($/mt),515.0,-11.21,-12.71,-12.71,21.46,-2.42
2024-11-01,2024,11,"Rice, Thai 5%",Grains,($/mt),511.0,-0.78,-13.24,-14.55,21.38,0.04
2024-12-01,2024,12,"Rice, Thai 5%",Grains,($/mt),527.0,3.13,-9.14,-18.17,21.99,0.82
2025-01-01,2025,1,"Rice, Thai 5%",Grains,($/mt),478.0,-9.3,-7.18,-27.58,5.99,-1.65
2025-02-01,2025,2,"Rice, Thai 5%",Grains,($/mt),437.0,-8.58,-14.48,-29.97,-2.89,-1.21
2025-03-01,2025,3,"Rice, Thai 5%",Grains,($/mt),425.0,-2.75,-19.35,-30.67,-13.97,0.01
2025-04-01,2025,4,"Rice, Thai 5%",Grains,($/mt),415.0,-2.35,-13.18,-29.9,-26.42,0.1
2025-05-01,2025,5,"Rice, Thai 5%",Grains,($/mt),431.0,3.86,-1.37,-31.37,-15.49,1.27
2025-06-01,2025,6,"Rice, Thai 5%",Grains,($/mt),419.0,-2.78,-1.41,-33.7,-19.42,0.04
2025-07-01,2025,7,"Rice, Thai 5%",Grains,($/mt),392.0,-6.44,-5.54,-33.56,-18.33,-0.67
2025-08-01,2025,8,"Rice, Thai 5%",Grains,($/mt),375.0,-4.34,-12.99,-36.33,-25.74,-0.23
2025-09-01,2025,9,"Rice, Thai 5%",Grains,($/mt),374.0,-0.27,-10.74,-35.52,-26.23,0.71
2025-10-01,2025,10,"Rice, Thai 5%",Grains,($/mt),356.0,-4.81,-9.18,-30.87,-24.42,-0.28
2025-11-01,2025,11,"Rice, Thai 5%",Grains,($/mt),368.0,3.37,-1.87,-27.98,-24.74,1.54
2025-12-01,2025,12,"Rice, Thai 5%",Grains,($/mt),424.0,15.22,13.37,-19.54,-18.46,3.99
2026-01-01,2026,1,"Rice, Thai 5%",Grains,($/mt),408.0,-3.77,14.61,-14.64,-25.14,-0.33
2026-02-01,2026,2,"Rice, Thai 5%",Grains,($/mt),409.0,0.25,11.14,-6.41,-26.57,0.22
2026-03-01,2026,3,"Rice, Thai 5%",Grains,($/mt),381.0,-6.85,-10.14,-10.35,-27.43,-1.1
2026-04-01,2026,4,"Rice, Thai 5%",Grains,($/mt),403.0,5.77,-1.23,-2.89,-18.59,1.07
2026-05-01,2026,5,"Rice, Thai 5%",Grains,($/mt),440.0,9.18,7.58,2.09,-10.75,1.46
2026-06-01,2026,6,"Rice, Thai 5%",Grains,($/mt),494.0,12.27,29.66,17.9,6.01,1.74
2026-07-01,2026,7,"Rice, Thai 5%",Grains,($/mt),467.0,-5.47,15.88,19.13,12.8,-0.94
2026-08-01,2026,8,"Rice, Thai 5%",Grains,($/mt),471.0,0.86,7.05,25.6,16.87,-0.12
2026-09-01,2026,9,"Rice, Thai 5%",Grains,($/mt),482.0,2.34,-2.43,28.88,20.5,0.03
1986-01-01,1986,1,"Rice, Thai A.1",Grains,($/mt),98.0,,,,,
1986-02-01,1986,2,"Rice, Thai A.1",Grains,($/mt),97.0,-1.02,,,,
1986-03-01,1986,3,"Rice, Thai A.1",Grains,($/mt),100.0,3.09,,,,
1986-04-01,1986,4,"Rice, Thai A.1",Grains,($/mt),97.0,-3.0,-1.02,,,
1986-05-01,1986,5,"Rice, Thai A.1",Grains,($/mt),98.0,1.03,1.03,,,
1986-06-01,1986,6,"Rice, Thai A.1",Grains,($/mt),101.0,3.06,1.0,,,
1986-07-01,1986,7,"Rice, Thai A.1",Grains,($/mt),107.0,5.94,10.31,,,
1986-08-01,1986,8,"Rice, Thai A.1",Grains,($/mt),122.0,14.02,24.49,,,3.89
1986-09-01,1986,9,"Rice, Thai A.1",Grains,($/mt),113.0,-7.38,11.88,,,-1.92
1986-10-01,1986,10,"Rice, Thai A.1",Grains,($/mt),113.0,0.0,5.61,,,-0.31
1986-11-01,1986,11,"Rice, Thai A.1",Grains,($/mt),105.0,-7.08,-13.93,,,-1.47
1986-12-01,1986,12,"Rice, Thai A.1",Grains,($/mt),100.0,-4.76,-11.5,,,-0.89
1987-01-01,1987,1,"Rice, Thai A.1",Grains,($/mt),107.0,7.0,-5.31,9.18,,1.07
1987-02-01,1987,2,"Rice, Thai A.1",Grains,($/mt),120.0,12.15,14.29,23.71,,1.8
1987-03-01,1987,3,"Rice, Thai A.1",Grains,($/mt),131.0,9.17,31.0,31.0,,1.03
1987-04-01,1987,4,"Rice, Thai A.1",Grains,($/mt),133.0,1.53,24.3,37.11,,-0.14
1987-05-01,1987,5,"Rice, Thai A.1",Grains,($/mt),136.0,2.26,13.33,38.78,,-0.09
1987-06-01,1987,6,"Rice, Thai A.1",Grains,($/mt),142.0,4.41,8.4,40.59,,0.2
1987-07-01,1987,7,"Rice, Thai A.1",Grains,($/mt),148.0,4.23,11.28,38.32,,0.16
1987-08-01,1987,8,"Rice, Thai A.1",Grains,($/mt),168.0,13.51,23.53,37.7,,1.5
1987-09-01,1987,9,"Rice, Thai A.1",Grains,($/mt),195.0,16.07,37.32,72.57,,1.89
1987-10-01,1987,10,"Rice, Thai A.1",Grains,($/mt),210.0,7.69,41.89,85.84,,0.4
1987-11-01,1987,11,"Rice, Thai A.1",Grains,($/mt),189.0,-10.0,12.5,80.0,,-2.23
1987-12-01,1987,12,"Rice, Thai A.1",Grains,($/mt),168.0,-11.11,-13.85,68.0,,-2.19
1988-01-01,1988,1,"Rice, Thai A.1",Grains,($/mt),207.0,23.21,-1.43,93.46,,2.19
1988-02-01,1988,2,"Rice, Thai A.1",Grains,($/mt),214.0,3.38,13.23,78.33,,-0.27
1988-03-01,1988,3,"Rice, Thai A.1",Grains,($/mt),213.0,-0.47,26.79,62.6,,-0.59
1988-04-01,1988,4,"Rice, Thai A.1",Grains,($/mt),220.0,3.29,6.28,65.41,,-0.13
1988-05-01,1988,5,"Rice, Thai A.1",Grains,($/mt),211.0,-4.09,-1.4,55.15,,-0.9
1988-06-01,1988,6,"Rice, Thai A.1",Grains,($/mt),226.0,7.11,6.1,59.15,,0.29
1988-07-01,1988,7,"Rice, Thai A.1",Grains,($/mt),232.0,2.65,5.45,56.76,,-0.17
1988-08-01,1988,8,"Rice, Thai A.1",Grains,($/mt),217.0,-6.47,2.84,29.17,,-1.05
1988-09-01,1988,9,"Rice, Thai A.1",Grains,($/mt),221.0,1.84,-2.21,13.33,,-0.08
1988-10-01,1988,10,"Rice, Thai A.1",Grains,($/mt),226.0,2.26,-2.59,7.62,,0.09
1988-11-01,1988,11,"Rice, Thai A.1",Grains,($/mt),227.0,0.44,4.61,20.11,,-0.06
1988-12-01,1988,12,"Rice, Thai A.1",Grains,($/mt),223.0,-1.76,0.9,32.74,,-0.43
1989-01-01,1989,1,"Rice, Thai A.1",Grains,($/mt),231.0,3.59,2.21,11.59,,0.13
1989-02-01,1989,2,"Rice, Thai A.1",Grains,($/mt),235.0,1.73,3.52,9.81,,0.2
1989-03-01,1989,3,"Rice, Thai A.1",Grains,($/mt),233.0,-0.85,4.48,9.39,,-0.46
1989-04-01,1989,4,"Rice, Thai A.1",Grains,($/mt),239.0,2.58,3.46,8.64,,0.48
1989-05-01,1989,5,"Rice, Thai A.1",Grains,($/mt),246.0,2.93,4.68,16.59,,0.6
1989-06-01,1989,6,"Rice, Thai A.1",Grains,($/mt),244.0,-0.81,4.72,7.96,,-0.65
1989-07-01,1989,7,"Rice, Thai A.1",Grains,($/mt),246.0,0.82,2.93,6.03,,0.05
1989-08-01,1989,8,"Rice, Thai A.1",Grains,($/mt),221.0,-10.16,-10.16,1.84,,-3.88
1989-09-01,1989,9,"Rice, Thai A.1",Grains,($/mt),205.0,-7.24,-15.98,-7.24,,-2.04
1989-10-01,1989,10,"Rice, Thai A.1",Grains,($/mt),183.0,-10.73,-25.61,-19.03,,-2.43
1989-11-01,1989,11,"Rice, Thai A.1",Grains,($/mt),166.0,-9.29,-24.89,-26.87,,-1.53
1989-12-01,1989,12,"Rice, Thai A.1",Grains,($/mt),174.0,4.82,-15.12,-21.97,,1.34
1990-01-01,1990,1,"Rice, Thai A.1",Grains,($/mt),170.0,-2.3,-7.1,-26.41,,-0.07
1990-02-01,1990,2,"Rice, Thai A.1",Grains,($/mt),176.0,3.53,6.02,-25.11,,1.07
1990-03-01,1990,3,"Rice, Thai A.1",Grains,($/mt),169.0,-3.98,-2.87,-27.47,,-0.31
1990-04-01,1990,4,"Rice, Thai A.1",Grains,($/mt),164.0,-2.96,-3.53,-31.38,,-0.08
1990-05-01,1990,5,"Rice, Thai A.1",Grains,($/mt),151.0,-7.93,-14.2,-38.62,,-0.91
1990-06-01,1990,6,"Rice, Thai A.1",Grains,($/mt),140.0,-7.28,-17.16,-42.62,,-0.65
1990-07-01,1990,7,"Rice, Thai A.1",Grains,($/mt),142.0,1.43,-13.41,-42.28,,1.1
1990-08-01,1990,8,"Rice, Thai A.1",Grains,($/mt),149.0,4.93,-1.32,-32.58,,1.73
1990-09-01,1990,9,"Rice, Thai A.1",Grains,($/mt),150.0,0.67,7.14,-26.83,,0.67
1990-10-01,1990,10,"Rice, Thai A.1",Grains,($/mt),163.0,8.67,14.79,-10.93,,2.0
1990-11-01,1990,11,"Rice, Thai A.1",Grains,($/mt),153.0,-6.13,2.68,-7.83,,-0.93
1990-12-01,1990,12,"Rice, Thai A.1",Grains,($/mt),147.0,-3.92,-2.0,-15.52,,-0.63
1991-01-01,1991,1,"Rice, Thai A.1",Grains,($/mt),165.0,12.24,1.23,-2.94,68.37,2.62
1991-02-01,1991,2,"Rice, Thai A.1",Grains,($/mt),187.0,13.33,22.22,6.25,92.78,2.08
1991-03-01,1991,3,"Rice, Thai A.1",Grains,($/mt),175.0,-6.42,19.05,3.55,75.0,-0.96
1991-04-01,1991,4,"Rice, Thai A.1",Grains,($/mt),176.0,0.57,6.67,7.32,81.44,0.0
1991-05-01,1991,5,"Rice, Thai A.1",Grains,($/mt),173.0,-1.7,-7.49,14.57,76.53,-0.34
1991-06-01,1991,6,"Rice, Thai A.1",Grains,($/mt),163.0,-5.78,-6.86,16.43,61.39,-1.0
1991-07-01,1991,7,"Rice, Thai A.1",Grains,($/mt),174.0,6.75,-1.14,22.54,62.62,0.75
1991-08-01,1991,8,"Rice, Thai A.1",Grains,($/mt),184.0,5.75,6.36,23.49,50.82,0.53
1991-09-01,1991,9,"Rice, Thai A.1",Grains,($/mt),193.0,4.89,18.4,28.67,70.8,0.4
1991-10-01,1991,10,"Rice, Thai A.1",Grains,($/mt),191.0,-1.04,9.77,17.18,69.03,-0.47
1991-11-01,1991,11,"Rice, Thai A.1",Grains,($/mt),185.0,-3.14,0.54,20.92,76.19,-0.67
1991-12-01,1991,12,"Rice, Thai A.1",Grains,($/mt),184.0,-0.54,-4.66,25.17,84.0,-0.35
1992-01-01,1992,1,"Rice, Thai A.1",Grains,($/mt),188.0,2.17,-1.57,13.94,75.7,0.01
1992-02-01,1992,2,"Rice, Thai A.1",Grains,($/mt),189.0,0.53,2.16,1.07,57.5,-0.12
1992-03-01,1992,3,"Rice, Thai A.1",Grains,($/mt),186.0,-1.59,1.09,6.29,41.98,-0.42
1992-04-01,1992,4,"Rice, Thai A.1",Grains,($/mt),186.0,0.0,-1.06,5.68,39.85,-0.15
1992-05-01,1992,5,"Rice, Thai A.1",Grains,($/mt),178.0,-4.3,-5.82,2.89,30.88,-1.29
1992-06-01,1992,6,"Rice, Thai A.1",Grains,($/mt),171.0,-3.93,-8.06,4.91,20.42,-1.07
1992-07-01,1992,7,"Rice, Thai A.1",Grains,($/mt),173.0,1.17,-6.99,-0.57,16.89,0.19
1992-08-01,1992,8,"Rice, Thai A.1",Grains,($/mt),182.0,5.2,2.25,-1.09,8.33,1.64
1992-09-01,1992,9,"Rice, Thai A.1",Grains,($/mt),176.0,-3.3,2.92,-8.81,-9.74,-1.05
1992-10-01,1992,10,"Rice, Thai A.1",Grains,($/mt),172.0,-2.27,-0.58,-9.95,-18.1,-0.55
1992-11-01,1992,11,"Rice, Thai A.1",Grains,($/mt),172.0,0.0,-5.49,-7.03,-8.99,0.29
1992-12-01,1992,12,"Rice, Thai A.1",Grains,($/mt),162.0,-5.81,-7.95,-11.96,-3.57,-1.92
1993-01-01,1993,1,"Rice, Thai A.1",Grains,($/mt),166.0,2.47,-3.49,-11.7,-19.81,1.11
1993-02-01,1993,2,"Rice, Thai A.1",Grains,($/mt),172.0,3.61,0.0,-8.99,-19.63,1.46
1993-03-01,1993,3,"Rice, Thai A.1",Grains,($/mt),161.0,-6.4,-0.62,-13.44,-24.41,-1.66
1993-04-01,1993,4,"Rice, Thai A.1",Grains,($/mt),153.0,-4.97,-7.83,-17.74,-30.45,-1.02
1993-05-01,1993,5,"Rice, Thai A.1",Grains,($/mt),145.0,-5.23,-15.7,-18.54,-31.28,-0.94
1993-06-01,1993,6,"Rice, Thai A.1",Grains,($/mt),147.0,1.38,-8.7,-14.04,-34.96,0.75
1993-07-01,1993,7,"Rice, Thai A.1",Grains,($/mt),149.0,1.36,-2.61,-13.87,-35.78,0.64
1993-08-01,1993,8,"Rice, Thai A.1",Grains,($/mt),156.0,4.7,7.59,-14.29,-28.11,1.46
1993-09-01,1993,9,"Rice, Thai A.1",Grains,($/mt),158.0,1.28,7.48,-10.23,-28.51,0.63
1993-10-01,1993,10,"Rice, Thai A.1",Grains,($/mt),162.0,2.53,8.72,-5.81,-28.32,0.85
1993-11-01,1993,11,"Rice, Thai A.1",Grains,($/mt),167.0,3.09,7.05,-2.91,-26.43,0.87
1993-12-01,1993,12,"Rice, Thai A.1",Grains,($/mt),155.0,-7.19,-1.9,-4.32,-30.49,-1.69
1994-01-01,1994,1,"Rice, Thai A.1",Grains,($/mt),151.0,-2.58,-6.79,-9.04,-34.63,-0.53
1994-02-01,1994,2,"Rice, Thai A.1",Grains,($/mt),155.0,2.65,-7.19,-9.88,-34.04,0.78
1994-03-01,1994,3,"Rice, Thai A.1",Grains,($/mt),155.3,0.19,0.19,-3.54,-33.35,0.23
1994-04-01,1994,4,"Rice, Thai A.1",Grains,($/mt),156.8,0.97,3.84,2.48,-34.39,0.31
1994-05-01,1994,5,"Rice, Thai A.1",Grains,($/mt),160.2,2.17,3.35,10.48,-34.88,0.54
1994-06-01,1994,6,"Rice, Thai A.1",Grains,($/mt),166.3,3.81,7.08,13.13,-31.84,0.95
1994-07-01,1994,7,"Rice, Thai A.1",Grains,($/mt),177.8,6.92,13.39,19.33,-27.72,1.82
1994-08-01,1994,8,"Rice, Thai A.1",Grains,($/mt),199.6,12.26,24.59,27.95,-9.68,2.96
1994-09-01,1994,9,"Rice, Thai A.1",Grains,($/mt),210.0,5.21,26.28,32.91,2.44,0.64
1994-10-01,1994,10,"Rice, Thai A.1",Grains,($/mt),215.8,2.76,21.37,33.21,17.92,0.05
1994-11-01,1994,11,"Rice, Thai A.1",Grains,($/mt),216.5,0.32,8.47,29.64,30.42,-0.46
1994-12-01,1994,12,"Rice, Thai A.1",Grains,($/mt),223.5,3.23,6.43,44.19,28.45,0.2
1995-01-01,1995,1,"Rice, Thai A.1",Grains,($/mt),232.2,3.89,7.6,53.77,36.59,0.19
1995-02-01,1995,2,"Rice, Thai A.1",Grains,($/mt),221.0,-4.82,2.08,42.58,25.57,-2.56
1995-03-01,1995,3,"Rice, Thai A.1",Grains,($/mt),223.5,1.13,0.0,43.92,32.25,-0.47
1995-04-01,1995,4,"Rice, Thai A.1",Grains,($/mt),226.3,1.25,-2.54,44.32,37.99,-0.46
1995-05-01,1995,5,"Rice, Thai A.1",Grains,($/mt),238.6,5.44,7.96,48.94,58.01,0.55
1995-06-01,1995,6,"Rice, Thai A.1",Grains,($/mt),275.8,15.59,23.4,65.84,97.0,2.95
1995-07-01,1995,7,"Rice, Thai A.1",Grains,($/mt),296.0,7.32,30.8,66.48,108.45,0.53
1995-08-01,1995,8,"Rice, Thai A.1",Grains,($/mt),286.0,-3.38,19.87,43.29,91.95,-1.45
1995-09-01,1995,9,"Rice, Thai A.1",Grains,($/mt),284.8,-0.42,3.26,35.62,89.87,-0.68
1995-10-01,1995,10,"Rice, Thai A.1",Grains,($/mt),294.4,3.37,-0.54,36.42,80.61,0.13
1995-11-01,1995,11,"Rice, Thai A.1",Grains,($/mt),298.3,1.32,4.3,37.78,94.97,-0.27
1995-12-01,1995,12,"Rice, Thai A.1",Grains,($/mt),277.8,-6.87,-2.46,24.3,88.98,-1.84
1996-01-01,1996,1,"Rice, Thai A.1",Grains,($/mt),271.6,-2.23,-7.74,16.97,64.61,-0.71
1996-02-01,1996,2,"Rice, Thai A.1",Grains,($/mt),256.3,-5.63,-14.08,15.97,37.06,-1.17
1996-03-01,1996,3,"Rice, Thai A.1",Grains,($/mt),259.5,1.25,-6.59,16.11,48.29,-0.03
1996-04-01,1996,4,"Rice, Thai A.1",Grains,($/mt),244.8,-5.66,-9.87,8.17,39.09,-1.15
1996-05-01,1996,5,"Rice, Thai A.1",Grains,($/mt),244.5,-0.12,-4.6,2.47,41.33,-0.15
1996-06-01,1996,6,"Rice, Thai A.1",Grains,($/mt),240.3,-1.72,-7.4,-12.87,47.42,-0.33
1996-07-01,1996,7,"Rice, Thai A.1",Grains,($/mt),229.2,-4.62,-6.37,-22.57,31.72,-0.87
1996-08-01,1996,8,"Rice, Thai A.1",Grains,($/mt),213.0,-7.07,-12.88,-25.52,15.76,-1.54
1996-09-01,1996,9,"Rice, Thai A.1",Grains,($/mt),214.4,0.66,-10.78,-24.72,11.09,0.85
1996-10-01,1996,10,"Rice, Thai A.1",Grains,($/mt),208.0,-2.99,-9.25,-29.35,8.9,-0.2
1996-11-01,1996,11,"Rice, Thai A.1",Grains,($/mt),205.8,-1.06,-3.38,-31.01,11.24,0.56
1996-12-01,1996,12,"Rice, Thai A.1",Grains,($/mt),205.2,-0.29,-4.29,-26.13,11.52,0.93
1997-01-01,1997,1,"Rice, Thai A.1",Grains,($/mt),217.5,5.99,4.57,-19.92,15.69,3.08
1997-02-01,1997,2,"Rice, Thai A.1",Grains,($/mt),225.8,3.82,9.72,-11.9,19.47,1.52
1997-03-01,1997,3,"Rice, Thai A.1",Grains,($/mt),231.6,2.57,12.87,-10.75,24.52,0.94
1997-04-01,1997,4,"Rice, Thai A.1",Grains,($/mt),217.3,-6.17,-0.09,-11.23,16.83,-1.37
1997-05-01,1997,5,"Rice, Thai A.1",Grains,($/mt),215.5,-0.83,-4.56,-11.86,21.07,0.02
1997-06-01,1997,6,"Rice, Thai A.1",Grains,($/mt),220.6,2.37,-4.75,-8.2,29.01,0.85
1997-07-01,1997,7,"Rice, Thai A.1",Grains,($/mt),215.8,-2.18,-0.69,-5.85,24.74,-0.38
1997-08-01,1997,8,"Rice, Thai A.1",Grains,($/mt),209.3,-3.01,-2.88,-1.74,15.0,-0.67
1997-09-01,1997,9,"Rice, Thai A.1",Grains,($/mt),202.8,-3.11,-8.07,-5.41,15.23,-0.89
1997-10-01,1997,10,"Rice, Thai A.1",Grains,($/mt),192.3,-5.18,-10.89,-7.55,11.8,-1.37
1997-11-01,1997,11,"Rice, Thai A.1",Grains,($/mt),180.7,-6.03,-13.66,-12.2,5.06,-1.48
1997-12-01,1997,12,"Rice, Thai A.1",Grains,($/mt),195.7,8.3,-3.5,-4.63,20.8,2.33
1998-01-01,1998,1,"Rice, Thai A.1",Grains,($/mt),184.8,-5.57,-3.9,-15.03,11.33,-1.09
1998-02-01,1998,2,"Rice, Thai A.1",Grains,($/mt),186.8,1.08,3.38,-17.27,8.6,0.51
1998-03-01,1998,3,"Rice, Thai A.1",Grains,($/mt),193.2,3.43,-1.28,-16.58,20.0,1.12
1998-04-01,1998,4,"Rice, Thai A.1",Grains,($/mt),196.8,1.86,6.49,-9.43,28.63,0.73
1998-05-01,1998,5,"Rice, Thai A.1",Grains,($/mt),197.0,0.1,5.46,-8.58,35.86,0.2
1998-06-01,1998,6,"Rice, Thai A.1",Grains,($/mt),205.5,4.31,6.37,-6.84,39.8,1.16
1998-07-01,1998,7,"Rice, Thai A.1",Grains,($/mt),211.0,2.68,7.22,-2.22,41.61,0.71
1998-08-01,1998,8,"Rice, Thai A.1",Grains,($/mt),228.8,8.44,16.14,9.32,46.67,1.89
1998-09-01,1998,9,"Rice, Thai A.1",Grains,($/mt),237.0,3.58,15.33,16.86,50.0,0.54
1998-10-01,1998,10,"Rice, Thai A.1",Grains,($/mt),251.8,6.24,19.34,30.94,55.43,0.98
1998-11-01,1998,11,"Rice, Thai A.1",Grains,($/mt),231.0,-8.26,0.96,27.84,38.32,-2.3
1998-12-01,1998,12,"Rice, Thai A.1",Grains,($/mt),232.8,0.78,-1.77,18.96,50.19,-0.28
1999-01-01,1999,1,"Rice, Thai A.1",Grains,($/mt),233.5,0.3,-7.27,26.35,54.64,-0.27
1999-02-01,1999,2,"Rice, Thai A.1",Grains,($/mt),212.0,-9.21,-8.23,13.49,36.77,-2.75
1999-03-01,1999,3,"Rice, Thai A.1",Grains,($/mt),197.2,-6.98,-15.29,2.07,26.98,-1.56
1999-04-01,1999,4,"Rice, Thai A.1",Grains,($/mt),184.0,-6.69,-21.2,-6.5,17.35,-1.24
1999-05-01,1999,5,"Rice, Thai A.1",Grains,($/mt),184.3,0.16,-13.07,-6.45,15.04,0.09
1999-06-01,1999,6,"Rice, Thai A.1",Grains,($/mt),200.2,8.63,1.52,-2.58,20.38,1.51
1999-07-01,1999,7,"Rice, Thai A.1",Grains,($/mt),216.0,7.89,17.39,2.37,21.48,1.24
1999-08-01,1999,8,"Rice, Thai A.1",Grains,($/mt),202.8,-6.11,10.04,-11.36,1.6,-0.96
1999-09-01,1999,9,"Rice, Thai A.1",Grains,($/mt),184.5,-9.02,-7.84,-22.15,-12.14,-1.26
1999-10-01,1999,10,"Rice, Thai A.1",Grains,($/mt),169.8,-7.97,-21.39,-32.57,-21.32,-0.91
1999-11-01,1999,11,"Rice, Thai A.1",Grains,($/mt),172.0,1.3,-15.19,-25.54,-20.55,0.67
1999-12-01,1999,12,"Rice, Thai A.1",Grains,($/mt),155.3,-9.71,-15.83,-33.29,-30.51,-1.18
2000-01-01,2000,1,"Rice, Thai A.1",Grains,($/mt),158.2,1.87,-6.83,-32.25,-31.87,0.76
2000-02-01,2000,2,"Rice, Thai A.1",Grains,($/mt),156.7,-0.95,-8.9,-26.08,-29.1,0.31
2000-03-01,2000,3,"Rice, Thai A.1",Grains,($/mt),151.5,-3.32,-2.45,-23.17,-32.21,-0.16
2000-04-01,2000,4,"Rice, Thai A.1",Grains,($/mt),148.0,-2.31,-6.45,-19.57,-34.6,-0.05
2000-05-01,2000,5,"Rice, Thai A.1",Grains,($/mt),143.6,-2.97,-8.36,-22.08,-39.82,-0.22
2000-06-01,2000,6,"Rice, Thai A.1",Grains,($/mt),139.5,-2.86,-7.92,-30.32,-49.42,-0.16
2000-07-01,2000,7,"Rice, Thai A.1",Grains,($/mt),142.8,2.37,-3.51,-33.89,-51.76,1.03
2000-08-01,2000,8,"Rice, Thai A.1",Grains,($/mt),143.8,0.7,0.14,-29.09,-49.72,0.96
2000-09-01,2000,9,"Rice, Thai A.1",Grains,($/mt),143.7,-0.07,3.01,-22.11,-49.54,0.63
2000-10-01,2000,10,"Rice, Thai A.1",Grains,($/mt),136.8,-4.8,-4.2,-19.43,-53.53,-0.75
2000-11-01,2000,11,"Rice, Thai A.1",Grains,($/mt),127.8,-6.58,-11.13,-25.7,-57.16,-1.43
2000-12-01,2000,12,"Rice, Thai A.1",Grains,($/mt),129.5,1.33,-9.88,-16.61,-53.38,1.06
2001-01-01,2001,1,"Rice, Thai A.1",Grains,($/mt),134.2,3.63,-1.9,-15.17,-50.59,1.82
2001-02-01,2001,2,"Rice, Thai A.1",Grains,($/mt),134.3,0.07,5.09,-14.29,-47.6,0.46
2001-03-01,2001,3,"Rice, Thai A.1",Grains,($/mt),125.5,-6.55,-3.09,-17.16,-51.64,-1.74
2001-04-01,2001,4,"Rice, Thai A.1",Grains,($/mt),120.8,-3.75,-9.99,-18.38,-50.65,-0.66
2001-05-01,2001,5,"Rice, Thai A.1",Grains,($/mt),123.0,1.82,-8.41,-14.35,-49.69,1.0
2001-06-01,2001,6,"Rice, Thai A.1",Grains,($/mt),129.8,5.53,3.43,-6.95,-45.98,1.91
2001-07-01,2001,7,"Rice, Thai A.1",Grains,($/mt),137.2,5.7,13.58,-3.92,-40.14,1.56
2001-08-01,2001,8,"Rice, Thai A.1",Grains,($/mt),140.8,2.62,14.47,-2.09,-33.9,0.67
2001-09-01,2001,9,"Rice, Thai A.1",Grains,($/mt),148.3,5.33,14.25,3.2,-30.83,1.23
2001-10-01,2001,10,"Rice, Thai A.1",Grains,($/mt),146.2,-1.42,6.56,6.87,-29.71,-0.38
2001-11-01,2001,11,"Rice, Thai A.1",Grains,($/mt),135.0,-7.66,-4.12,5.63,-34.4,-1.88
2001-12-01,2001,12,"Rice, Thai A.1",Grains,($/mt),134.3,-0.52,-9.44,3.71,-34.55,-0.23
2002-01-01,2002,1,"Rice, Thai A.1",Grains,($/mt),142.5,6.11,-2.53,6.18,-34.48,1.25
2002-02-01,2002,2,"Rice, Thai A.1",Grains,($/mt),143.8,0.91,6.52,7.07,-36.32,0.06
2002-03-01,2002,3,"Rice, Thai A.1",Grains,($/mt),151.3,5.22,12.66,20.56,-34.67,0.95
2002-04-01,2002,4,"Rice, Thai A.1",Grains,($/mt),148.4,-1.92,4.14,22.85,-31.71,-0.82
2002-05-01,2002,5,"Rice, Thai A.1",Grains,($/mt),148.0,-0.27,2.92,20.33,-31.32,-0.5
2002-06-01,2002,6,"Rice, Thai A.1",Grains,($/mt),149.0,0.68,-1.52,14.79,-32.46,-0.23
2002-07-01,2002,7,"Rice, Thai A.1",Grains,($/mt),152.4,2.28,2.7,11.08,-29.38,0.26
2002-08-01,2002,8,"Rice, Thai A.1",Grains,($/mt),148.3,-2.69,0.2,5.33,-29.14,-0.95
2002-09-01,2002,9,"Rice, Thai A.1",Grains,($/mt),148.8,0.34,-0.13,0.34,-26.63,-0.04
2002-10-01,2002,10,"Rice, Thai A.1",Grains,($/mt),157.3,5.71,3.22,7.59,-18.2,1.56
2002-11-01,2002,11,"Rice, Thai A.1",Grains,($/mt),158.3,0.64,6.74,17.26,-12.4,-0.01
2002-12-01,2002,12,"Rice, Thai A.1",Grains,($/mt),154.3,-2.53,3.7,14.89,-21.15,-1.34
2003-01-01,2003,1,"Rice, Thai A.1",Grains,($/mt),152.0,-1.49,-3.37,6.67,-17.75,-0.88
2003-02-01,2003,2,"Rice, Thai A.1",Grains,($/mt),150.3,-1.12,-5.05,4.52,-19.54,-0.62
2003-03-01,2003,3,"Rice, Thai A.1",Grains,($/mt),147.0,-2.2,-4.73,-2.84,-23.91,-0.94
2003-04-01,2003,4,"Rice, Thai A.1",Grains,($/mt),141.4,-3.81,-6.97,-4.72,-28.15,-1.49
2003-05-01,2003,5,"Rice, Thai A.1",Grains,($/mt),142.5,0.78,-5.19,-3.72,-27.66,0.44
2003-06-01,2003,6,"Rice, Thai A.1",Grains,($/mt),151.2,6.11,2.86,1.48,-26.42,2.45
2003-07-01,2003,7,"Rice, Thai A.1",Grains,($/mt),150.3,-0.6,6.29,-1.38,-28.77,-0.24
2003-08-01,2003,8,"Rice, Thai A.1",Grains,($/mt),150.0,-0.2,5.26,1.15,-34.44,-0.04
2003-09-01,2003,9,"Rice, Thai A.1",Grains,($/mt),154.6,3.07,2.25,3.9,-34.77,0.97
2003-10-01,2003,10,"Rice, Thai A.1",Grains,($/mt),157.0,1.55,4.46,-0.19,-37.65,0.38
2003-11-01,2003,11,"Rice, Thai A.1",Grains,($/mt),158.4,0.89,5.6,0.06,-31.43,0.33
2003-12-01,2003,12,"Rice, Thai A.1",Grains,($/mt),163.0,2.9,5.43,5.64,-29.98,1.06
2004-01-01,2004,1,"Rice, Thai A.1",Grains,($/mt),171.0,4.91,8.92,12.5,-26.77,1.65
2004-02-01,2004,2,"Rice, Thai A.1",Grains,($/mt),181.8,6.32,14.77,20.96,-14.25,1.84
2004-03-01,2004,3,"Rice, Thai A.1",Grains,($/mt),207.4,14.08,27.24,41.09,5.17,3.93
2004-04-01,2004,4,"Rice, Thai A.1",Grains,($/mt),215.0,3.66,25.73,52.05,16.85,0.15
2004-05-01,2004,5,"Rice, Thai A.1",Grains,($/mt),212.8,-1.02,17.05,49.33,15.46,-1.16
2004-06-01,2004,6,"Rice, Thai A.1",Grains,($/mt),212.5,-0.14,2.46,40.54,6.14,-0.87
2004-07-01,2004,7,"Rice, Thai A.1",Grains,($/mt),210.0,-1.18,-2.33,39.72,-2.78,-0.98
2004-08-01,2004,8,"Rice, Thai A.1",Grains,($/mt),212.4,1.14,-0.19,41.6,4.73,-0.41
2004-09-01,2004,9,"Rice, Thai A.1",Grains,($/mt),206.3,-2.87,-2.92,33.44,11.82,-1.41
2004-10-01,2004,10,"Rice, Thai A.1",Grains,($/mt),201.3,-2.42,-4.14,28.22,18.55,-1.1
2004-11-01,2004,11,"Rice, Thai A.1",Grains,($/mt),211.6,5.12,-0.38,33.59,23.02,0.62
2004-12-01,2004,12,"Rice, Thai A.1",Grains,($/mt),219.8,3.88,6.54,34.85,41.53,0.28
2005-01-01,2005,1,"Rice, Thai A.1",Grains,($/mt),226.2,2.91,12.37,32.28,42.98,0.06
2005-02-01,2005,2,"Rice, Thai A.1",Grains,($/mt),231.8,2.48,9.55,27.5,47.93,0.0
2005-03-01,2005,3,"Rice, Thai A.1",Grains,($/mt),230.0,-0.78,4.64,10.9,51.82,-0.64
2005-04-01,2005,4,"Rice, Thai A.1",Grains,($/mt),225.5,-1.96,-0.31,4.88,52.36,-1.07
2005-05-01,2005,5,"Rice, Thai A.1",Grains,($/mt),220.4,-2.26,-4.92,3.57,53.48,-1.02
2005-06-01,2005,6,"Rice, Thai A.1",Grains,($/mt),210.8,-4.36,-8.35,-0.8,51.11,-1.73
2005-07-01,2005,7,"Rice, Thai A.1",Grains,($/mt),207.3,-1.66,-8.07,-1.29,45.17,-0.54
2005-08-01,2005,8,"Rice, Thai A.1",Grains,($/mt),212.8,2.65,-3.45,0.19,47.98,0.89
2005-09-01,2005,9,"Rice, Thai A.1",Grains,($/mt),215.5,1.27,2.23,4.46,49.97,0.39
2005-10-01,2005,10,"Rice, Thai A.1",Grains,($/mt),217.4,0.88,4.87,8.0,58.92,0.16
2005-11-01,2005,11,"Rice, Thai A.1",Grains,($/mt),209.5,-3.63,-1.55,-0.99,63.93,-1.5
2005-12-01,2005,12,"Rice, Thai A.1",Grains,($/mt),206.8,-1.29,-4.04,-5.91,59.69,-0.45
2006-01-01,2006,1,"Rice, Thai A.1",Grains,($/mt),211.0,2.03,-2.94,-6.72,57.23,1.01
2006-02-01,2006,2,"Rice, Thai A.1",Grains,($/mt),216.8,2.75,3.48,-6.47,61.43,1.39
2006-03-01,2006,3,"Rice, Thai A.1",Grains,($/mt),216.5,-0.14,4.69,-5.87,72.51,0.16
2006-04-01,2006,4,"Rice, Thai A.1",Grains,($/mt),218.5,0.92,3.55,-3.1,80.88,0.58
2006-05-01,2006,5,"Rice, Thai A.1",Grains,($/mt),219.4,0.41,1.2,-0.45,78.37,0.27
2006-06-01,2006,6,"Rice, Thai A.1",Grains,($/mt),216.5,-1.32,0.0,2.7,66.8,-0.57
2006-07-01,2006,7,"Rice, Thai A.1",Grains,($/mt),218.6,0.97,0.05,5.45,59.33,0.38
2006-08-01,2006,8,"Rice, Thai A.1",Grains,($/mt),220.0,0.64,0.27,3.38,56.25,0.1
2006-09-01,2006,9,"Rice, Thai A.1",Grains,($/mt),224.4,2.0,3.65,4.13,51.31,1.0
2006-10-01,2006,10,"Rice, Thai A.1",Grains,($/mt),223.5,-0.4,2.24,2.81,52.87,-0.43
2006-11-01,2006,11,"Rice, Thai A.1",Grains,($/mt),220.8,-1.21,0.36,5.39,63.56,-0.83
2006-12-01,2006,12,"Rice, Thai A.1",Grains,($/mt),228.3,3.4,1.74,10.4,69.99,2.15
2007-01-01,2007,1,"Rice, Thai A.1",Grains,($/mt),243.8,6.79,9.08,15.55,71.09,3.98
2007-02-01,2007,2,"Rice, Thai A.1",Grains,($/mt),257.5,5.62,16.62,18.77,79.07,1.93
2007-03-01,2007,3,"Rice, Thai A.1",Grains,($/mt),262.3,1.86,14.89,21.15,73.36,0.15
2007-04-01,2007,4,"Rice, Thai A.1",Grains,($/mt),258.5,-1.45,6.03,18.31,74.19,-1.22
2007-05-01,2007,5,"Rice, Thai A.1",Grains,($/mt),255.4,-1.2,-0.82,16.41,72.57,-0.99
2007-06-01,2007,6,"Rice, Thai A.1",Grains,($/mt),257.0,0.63,-2.02,18.71,72.48,-0.25
2007-07-01,2007,7,"Rice, Thai A.1",Grains,($/mt),260.4,1.32,0.74,19.12,70.87,-0.06
2007-08-01,2007,8,"Rice, Thai A.1",Grains,($/mt),264.5,1.57,3.56,20.23,78.35,0.03
2007-09-01,2007,9,"Rice, Thai A.1",Grains,($/mt),272.3,2.95,5.95,21.35,83.0,0.52
2007-10-01,2007,10,"Rice, Thai A.1",Grains,($/mt),293.2,7.68,12.6,31.19,86.4,2.26
2007-11-01,2007,11,"Rice, Thai A.1",Grains,($/mt),311.3,6.17,17.69,40.99,96.65,1.25
2007-12-01,2007,12,"Rice, Thai A.1",Grains,($/mt),331.7,6.55,21.81,45.29,114.97,1.18
2008-01-01,2008,1,"Rice, Thai A.1",Grains,($/mt),358.0,7.93,22.1,46.84,135.53,1.46
2008-02-01,2008,2,"Rice, Thai A.1",Grains,($/mt),432.8,20.89,39.03,68.08,187.96,5.24
2008-03-01,2008,3,"Rice, Thai A.1",Grains,($/mt),537.6,24.21,62.07,104.96,265.71,3.22
2008-04-01,2008,4,"Rice, Thai A.1",Grains,($/mt),762.7,41.87,113.04,195.05,439.39,4.31
2008-05-01,2008,5,"Rice, Thai A.1",Grains,($/mt),727.4,-4.63,68.07,184.81,410.46,-1.15
2008-06-01,2008,6,"Rice, Thai A.1",Grains,($/mt),591.0,-18.75,9.93,129.96,290.87,-2.19
2008-07-01,2008,7,"Rice, Thai A.1",Grains,($/mt),546.5,-7.53,-28.35,109.87,263.61,-1.03
2008-08-01,2008,8,"Rice, Thai A.1",Grains,($/mt),468.8,-14.22,-35.55,77.24,212.53,-1.37
2008-09-01,2008,9,"Rice, Thai A.1",Grains,($/mt),420.4,-10.32,-28.87,54.39,171.93,-0.97
2008-10-01,2008,10,"Rice, Thai A.1",Grains,($/mt),348.3,-17.15,-36.27,18.79,121.85,-1.26
2008-11-01,2008,11,"Rice, Thai A.1",Grains,($/mt),307.0,-11.86,-34.51,-1.38,93.81,-0.79
2008-12-01,2008,12,"Rice, Thai A.1",Grains,($/mt),287.0,-6.51,-31.73,-13.48,76.07,-0.41
2009-01-01,2009,1,"Rice, Thai A.1",Grains,($/mt),318.6,11.01,-8.53,-11.01,86.32,0.56
2009-02-01,2009,2,"Rice, Thai A.1",Grains,($/mt),319.5,0.28,4.07,-26.18,75.74,-0.02
2009-03-01,2009,3,"Rice, Thai A.1",Grains,($/mt),332.0,3.91,15.68,-38.24,60.08,0.28
2009-04-01,2009,4,"Rice, Thai A.1",Grains,($/mt),335.7,1.11,5.37,-55.99,56.14,0.24
2009-05-01,2009,5,"Rice, Thai A.1",Grains,($/mt),322.4,-3.96,0.91,-55.68,51.5,0.25
2009-06-01,2009,6,"Rice, Thai A.1",Grains,($/mt),320.8,-0.5,-3.37,-45.72,50.96,0.63
2009-07-01,2009,7,"Rice, Thai A.1",Grains,($/mt),320.3,-0.16,-4.59,-41.39,52.52,0.55
2009-08-01,2009,8,"Rice, Thai A.1",Grains,($/mt),305.5,-4.62,-5.24,-34.83,43.83,-0.07
2009-09-01,2009,9,"Rice, Thai A.1",Grains,($/mt),303.3,-0.72,-5.46,-27.85,47.02,0.33
2009-10-01,2009,10,"Rice, Thai A.1",Grains,($/mt),298.4,-1.62,-6.84,-14.33,48.24,0.11
2009-11-01,2009,11,"Rice, Thai A.1",Grains,($/mt),337.0,12.94,10.31,9.77,59.26,2.51
2009-12-01,2009,12,"Rice, Thai A.1",Grains,($/mt),403.0,19.58,32.87,40.42,83.35,3.18
2010-01-01,2010,1,"Rice, Thai A.1",Grains,($/mt),420.2,4.27,40.82,31.89,85.76,0.16
2010-02-01,2010,2,"Rice, Thai A.1",Grains,($/mt),405.0,-3.62,20.18,26.76,74.72,-0.87
2010-03-01,2010,3,"Rice, Thai A.1",Grains,($/mt),377.0,-6.91,-6.45,13.55,63.91,-1.26
2010-04-01,2010,4,"Rice, Thai A.1",Grains,($/mt),343.0,-9.02,-18.37,2.17,52.11,-1.34
2010-05-01,2010,5,"Rice, Thai A.1",Grains,($/mt),329.0,-4.08,-18.77,2.05,49.27,-0.55
2010-06-01,2010,6,"Rice, Thai A.1",Grains,($/mt),329.5,0.15,-12.6,2.71,56.31,-0.04
2010-07-01,2010,7,"Rice, Thai A.1",Grains,($/mt),349.8,6.16,1.98,9.21,68.74,0.68
2010-08-01,2010,8,"Rice, Thai A.1",Grains,($/mt),369.0,5.49,12.16,20.79,73.4,0.53
2010-09-01,2010,9,"Rice, Thai A.1",Grains,($/mt),412.0,11.65,25.04,35.84,91.18,1.18
2010-10-01,2010,10,"Rice, Thai A.1",Grains,($/mt),428.3,3.96,22.44,43.53,97.01,0.12
2010-11-01,2010,11,"Rice, Thai A.1",Grains,($/mt),427.8,-0.12,15.93,26.94,104.2,-0.41
2010-12-01,2010,12,"Rice, Thai A.1",Grains,($/mt),413.4,-3.37,0.34,2.58,99.9,-0.7
2011-01-01,2011,1,"Rice, Thai A.1",Grains,($/mt),405.0,-2.03,-5.44,-3.62,91.94,-0.4
2011-02-01,2011,2,"Rice, Thai A.1",Grains,($/mt),420.5,3.83,-1.71,3.83,93.96,0.66
2011-03-01,2011,3,"Rice, Thai A.1",Grains,($/mt),408.3,-2.9,-1.23,8.3,88.59,-0.57
2011-04-01,2011,4,"Rice, Thai A.1",Grains,($/mt),409.0,0.17,0.99,19.24,87.19,-0.11
2011-05-01,2011,5,"Rice, Thai A.1",Grains,($/mt),421.2,2.98,0.17,28.02,91.98,0.3
2011-06-01,2011,6,"Rice, Thai A.1",Grains,($/mt),427.5,1.5,4.7,29.74,97.46,-0.15
2011-07-01,2011,7,"Rice, Thai A.1",Grains,($/mt),449.3,5.1,9.85,28.44,105.54,0.65
2011-08-01,2011,8,"Rice, Thai A.1",Grains,($/mt),465.3,3.56,10.47,26.1,111.5,0.32
2011-09-01,2011,9,"Rice, Thai A.1",Grains,($/mt),514.0,10.47,20.23,24.76,129.06,2.03
2011-10-01,2011,10,"Rice, Thai A.1",Grains,($/mt),489.0,-4.86,8.84,14.17,118.79,-1.73
2011-11-01,2011,11,"Rice, Thai A.1",Grains,($/mt),549.8,12.43,18.16,28.52,149.0,2.61
2011-12-01,2011,12,"Rice, Thai A.1",Grains,($/mt),544.0,-1.05,5.84,31.59,138.28,-0.61
2012-01-01,2012,1,"Rice, Thai A.1",Grains,($/mt),516.3,-5.09,5.58,27.48,111.77,-1.45
2012-02-01,2012,2,"Rice, Thai A.1",Grains,($/mt),518.3,0.39,-5.73,23.26,101.28,-0.33
2012-03-01,2012,3,"Rice, Thai A.1",Grains,($/mt),526.8,1.64,-3.16,29.02,100.84,-0.05
2012-04-01,2012,4,"Rice, Thai A.1",Grains,($/mt),533.3,1.23,3.29,30.39,106.31,-0.2
2012-05-01,2012,5,"Rice, Thai A.1",Grains,($/mt),561.8,5.34,8.39,33.38,119.97,0.57
2012-06-01,2012,6,"Rice, Thai A.1",Grains,($/mt),541.2,-3.67,2.73,26.6,110.58,-1.17
2012-07-01,2012,7,"Rice, Thai A.1",Grains,($/mt),518.8,-4.14,-2.72,15.47,99.23,-1.12
2012-08-01,2012,8,"Rice, Thai A.1",Grains,($/mt),509.0,-1.89,-9.4,9.39,92.44,-0.56
2012-09-01,2012,9,"Rice, Thai A.1",Grains,($/mt),512.0,0.59,-5.4,-0.39,88.03,-0.05
2012-10-01,2012,10,"Rice, Thai A.1",Grains,($/mt),520.3,1.62,0.29,6.4,77.46,0.31
2012-11-01,2012,11,"Rice, Thai A.1",Grains,($/mt),523.0,0.52,2.75,-4.87,68.01,-0.02
2012-12-01,2012,12,"Rice, Thai A.1",Grains,($/mt),520.4,-0.5,1.64,-4.34,56.89,-0.04
2013-01-01,2013,1,"Rice, Thai A.1",Grains,($/mt),530.0,1.84,1.86,2.65,48.04,0.74
2013-02-01,2013,2,"Rice, Thai A.1",Grains,($/mt),535.0,0.94,2.29,3.22,23.61,0.27
2013-03-01,2013,3,"Rice, Thai A.1",Grains,($/mt),532.5,-0.47,2.33,1.08,-0.95,-0.29
2013-04-01,2013,4,"Rice, Thai A.1",Grains,($/mt),530.6,-0.36,0.11,-0.51,-30.43,-0.19
2013-05-01,2013,5,"Rice, Thai A.1",Grains,($/mt),510.8,-3.73,-4.52,-9.08,-29.78,-1.47
2013-06-01,2013,6,"Rice, Thai A.1",Grains,($/mt),492.0,-3.68,-7.61,-9.09,-16.75,-1.38
2013-07-01,2013,7,"Rice, Thai A.1",Grains,($/mt),461.8,-6.14,-12.97,-10.99,-15.5,-2.54
2013-08-01,2013,8,"Rice, Thai A.1",Grains,($/mt),428.3,-7.25,-16.15,-15.85,-8.64,-2.57
2013-09-01,2013,9,"Rice, Thai A.1",Grains,($/mt),431.5,0.75,-12.3,-15.72,2.64,0.7
2013-10-01,2013,10,"Rice, Thai A.1",Grains,($/mt),420.4,-2.57,-8.96,-19.2,20.7,-0.39
2013-11-01,2013,11,"Rice, Thai A.1",Grains,($/mt),414.3,-1.45,-3.27,-20.78,34.95,0.09
2013-12-01,2013,12,"Rice, Thai A.1",Grains,($/mt),400.8,-3.26,-7.11,-22.98,39.65,-0.48
2014-01-01,2014,1,"Rice, Thai A.1",Grains,($/mt),405.0,1.05,-3.66,-23.58,27.12,1.11
2014-02-01,2014,2,"Rice, Thai A.1",Grains,($/mt),449.9,11.09,8.59,-15.91,40.81,4.83
2014-03-01,2014,3,"Rice, Thai A.1",Grains,($/mt),425.1,-5.51,6.06,-20.17,28.04,-0.89
2014-04-01,2014,4,"Rice, Thai A.1",Grains,($/mt),399.3,-6.07,-1.41,-24.75,18.95,-0.9
2014-05-01,2014,5,"Rice, Thai A.1",Grains,($/mt),391.6,-1.93,-12.96,-23.34,21.46,0.06
2014-06-01,2014,6,"Rice, Thai A.1",Grains,($/mt),402.6,2.81,-5.29,-18.17,25.5,0.99
2014-07-01,2014,7,"Rice, Thai A.1",Grains,($/mt),435.4,8.15,9.04,-5.72,35.94,1.9
2014-08-01,2014,8,"Rice, Thai A.1",Grains,($/mt),460.6,5.79,17.62,7.54,50.77,1.1
2014-09-01,2014,9,"Rice, Thai A.1",Grains,($/mt),449.9,-2.32,11.75,4.26,48.33,-0.57
2014-10-01,2014,10,"Rice, Thai A.1",Grains,($/mt),437.6,-2.73,0.51,4.09,46.65,-0.59
2014-11-01,2014,11,"Rice, Thai A.1",Grains,($/mt),423.8,-3.15,-7.99,2.29,25.76,-0.67
2014-12-01,2014,12,"Rice, Thai A.1",Grains,($/mt),421.2,-0.61,-6.38,5.09,4.52,-0.17
2015-01-01,2015,1,"Rice, Thai A.1",Grains,($/mt),418.6,-0.62,-4.34,3.36,-0.38,-0.21
2015-02-01,2015,2,"Rice, Thai A.1",Grains,($/mt),417.0,-0.38,-1.6,-7.31,2.96,-0.15
2015-03-01,2015,3,"Rice, Thai A.1",Grains,($/mt),411.0,-1.44,-2.42,-3.32,9.02,-0.21
2015-04-01,2015,4,"Rice, Thai A.1",Grains,($/mt),400.3,-2.6,-4.37,0.25,16.71,-0.6
2015-05-01,2015,5,"Rice, Thai A.1",Grains,($/mt),386.5,-3.45,-7.31,-1.3,17.48,-0.97
2015-06-01,2015,6,"Rice, Thai A.1",Grains,($/mt),376.0,-2.72,-8.52,-6.61,14.11,-0.72
2015-07-01,2015,7,"Rice, Thai A.1",Grains,($/mt),389.9,3.7,-2.6,-10.45,11.46,1.14
2015-08-01,2015,8,"Rice, Thai A.1",Grains,($/mt),377.5,-3.18,-2.33,-18.04,2.3,-0.81
2015-09-01,2015,9,"Rice, Thai A.1",Grains,($/mt),360.0,-4.64,-4.26,-19.98,-12.62,-1.51
2015-10-01,2015,10,"Rice, Thai A.1",Grains,($/mt),369.3,2.58,-5.28,-15.61,-13.78,2.02
2015-11-01,2015,11,"Rice, Thai A.1",Grains,($/mt),366.2,-0.84,-2.99,-13.59,-14.4,0.22
2015-12-01,2015,12,"Rice, Thai A.1",Grains,($/mt),360.2,-1.64,0.06,-14.48,-12.87,-0.19
2016-01-01,2016,1,"Rice, Thai A.1",Grains,($/mt),366.2,1.67,-0.84,-12.52,-9.58,1.21
2016-02-01,2016,2,"Rice, Thai A.1",Grains,($/mt),377.4,3.06,3.06,-9.5,-10.25,1.61
2016-03-01,2016,3,"Rice, Thai A.1",Grains,($/mt),374.9,-0.66,4.08,-8.78,-8.18,0.05
2016-04-01,2016,4,"Rice, Thai A.1",Grains,($/mt),383.5,2.29,4.72,-4.2,-6.23,1.07
2016-05-01,2016,5,"Rice, Thai A.1",Grains,($/mt),414.4,8.06,9.8,7.22,-1.61,2.91
2016-06-01,2016,6,"Rice, Thai A.1",Grains,($/mt),426.8,2.99,13.84,13.51,-0.16,0.66
2016-07-01,2016,7,"Rice, Thai A.1",Grains,($/mt),417.9,-2.09,8.97,7.18,-6.99,-0.92
2016-08-01,2016,8,"Rice, Thai A.1",Grains,($/mt),393.8,-5.77,-4.97,4.32,-15.37,-1.84
2016-09-01,2016,9,"Rice, Thai A.1",Grains,($/mt),365.3,-7.24,-14.41,1.47,-28.93,-2.02
2016-10-01,2016,10,"Rice, Thai A.1",Grains,($/mt),349.9,-4.22,-16.27,-5.25,-28.45,-1.06
2016-11-01,2016,11,"Rice, Thai A.1",Grains,($/mt),339.6,-2.94,-13.76,-7.26,-38.23,-0.6
2016-12-01,2016,12,"Rice, Thai A.1",Grains,($/mt),354.4,4.36,-2.98,-1.61,-34.85,1.13
2017-01-01,2017,1,"Rice, Thai A.1",Grains,($/mt),355.9,0.42,1.71,-2.81,-31.07,0.1
2017-02-01,2017,2,"Rice, Thai A.1",Grains,($/mt),348.8,-1.99,2.71,-7.58,-32.7,-0.41
2017-03-01,2017,3,"Rice, Thai A.1",Grains,($/mt),358.4,2.75,1.13,-4.4,-31.97,0.75
2017-04-01,2017,4,"Rice, Thai A.1",Grains,($/mt),358.5,0.03,0.73,-6.52,-32.78,0.07
2017-05-01,2017,5,"Rice, Thai A.1",Grains,($/mt),395.0,10.18,13.25,-4.68,-29.69,2.39
2017-06-01,2017,6,"Rice, Thai A.1",Grains,($/mt),440.9,11.62,23.02,3.3,-18.53,2.46
2017-07-01,2017,7,"Rice, Thai A.1",Grains,($/mt),397.4,-9.87,10.85,-4.91,-23.4,-1.74
2017-08-01,2017,8,"Rice, Thai A.1",Grains,($/mt),376.1,-5.36,-4.78,-4.49,-26.11,-0.78
2017-09-01,2017,9,"Rice, Thai A.1",Grains,($/mt),384.8,2.31,-12.72,5.34,-24.84,0.38
2017-10-01,2017,10,"Rice, Thai A.1",Grains,($/mt),375.7,-2.36,-5.46,7.37,-27.79,-0.48
2017-11-01,2017,11,"Rice, Thai A.1",Grains,($/mt),378.8,0.83,0.72,11.54,-27.57,0.01
2017-12-01,2017,12,"Rice, Thai A.1",Grains,($/mt),388.5,2.56,0.96,9.62,-25.35,0.25
2018-01-01,2018,1,"Rice, Thai A.1",Grains,($/mt),410.8,5.74,9.34,15.43,-22.49,0.81
2018-02-01,2018,2,"Rice, Thai A.1",Grains,($/mt),407.8,-0.73,7.66,16.92,-23.78,-0.35
2018-03-01,2018,3,"Rice, Thai A.1",Grains,($/mt),403.5,-1.05,3.86,12.58,-24.23,-0.42
2018-04-01,2018,4,"Rice, Thai A.1",Grains,($/mt),430.2,6.62,4.72,20.0,-18.92,0.9
2018-05-01,2018,5,"Rice, Thai A.1",Grains,($/mt),431.8,0.37,5.89,9.32,-15.47,-0.21
2018-06-01,2018,6,"Rice, Thai A.1",Grains,($/mt),408.6,-5.37,1.26,-7.33,-16.95,-1.11
2018-07-01,2018,7,"Rice, Thai A.1",Grains,($/mt),382.7,-6.34,-11.04,-3.7,-17.13,-1.22
2018-08-01,2018,8,"Rice, Thai A.1",Grains,($/mt),393.5,2.82,-8.87,4.63,-8.13,0.73
2018-09-01,2018,9,"Rice, Thai A.1",Grains,($/mt),395.4,0.48,-3.23,2.75,-8.37,0.01
2018-10-01,2018,10,"Rice, Thai A.1",Grains,($/mt),390.4,-1.26,2.01,3.91,-7.14,-0.4
2018-11-01,2018,11,"Rice, Thai A.1",Grains,($/mt),378.8,-2.97,-3.74,0.0,-8.57,-0.87
2018-12-01,2018,12,"Rice, Thai A.1",Grains,($/mt),379.3,0.13,-4.07,-2.37,-5.36,0.02
2019-01-01,2019,1,"Rice, Thai A.1",Grains,($/mt),387.4,2.14,-0.77,-5.7,-4.35,0.58
2019-02-01,2019,2,"Rice, Thai A.1",Grains,($/mt),386.3,-0.28,1.98,-5.27,-14.14,0.04
2019-03-01,2019,3,"Rice, Thai A.1",Grains,($/mt),382.4,-1.01,0.82,-5.23,-10.04,-0.18
2019-04-01,2019,4,"Rice, Thai A.1",Grains,($/mt),391.3,2.33,1.01,-9.04,-2.0,0.77
2019-05-01,2019,5,"Rice, Thai A.1",Grains,($/mt),386.8,-1.15,0.13,-10.42,-1.23,-0.14
2019-06-01,2019,6,"Rice, Thai A.1",Grains,($/mt),394.2,1.91,3.09,-3.52,-2.09,0.97
2019-07-01,2019,7,"Rice, Thai A.1",Grains,($/mt),391.7,-0.63,0.1,2.35,-10.04,-0.14
2019-08-01,2019,8,"Rice, Thai A.1",Grains,($/mt),407.5,4.03,5.35,3.56,-11.53,2.16
2019-09-01,2019,9,"Rice, Thai A.1",Grains,($/mt),401.7,-1.42,1.9,1.59,-10.71,-0.88
2019-10-01,2019,10,"Rice, Thai A.1",Grains,($/mt),397.0,-1.17,1.35,1.69,-9.28,-0.65
2019-11-01,2019,11,"Rice, Thai A.1",Grains,($/mt),394.8,-0.55,-3.12,4.22,-6.84,-0.35
2019-12-01,2019,12,"Rice, Thai A.1",Grains,($/mt),400.9,1.55,-0.2,5.69,-4.82,0.67
2020-01-01,2020,1,"Rice, Thai A.1",Grains,($/mt),426.0,6.26,7.3,9.96,1.77,3.19
2020-02-01,2020,2,"Rice, Thai A.1",Grains,($/mt),426.5,0.12,8.03,10.41,2.28,-0.29
2020-03-01,2020,3,"Rice, Thai A.1",Grains,($/mt),469.6,10.11,17.14,22.8,14.26,3.82
2020-04-01,2020,4,"Rice, Thai A.1",Grains,($/mt),543.7,15.78,27.63,38.95,35.82,3.97
2020-05-01,2020,5,"Rice, Thai A.1",Grains,($/mt),492.9,-9.34,15.57,27.43,27.53,-2.28
2020-06-01,2020,6,"Rice, Thai A.1",Grains,($/mt),493.6,0.14,5.11,25.22,31.28,-0.33
2020-07-01,2020,7,"Rice, Thai A.1",Grains,($/mt),459.7,-6.87,-15.45,17.36,17.9,-1.4
2020-08-01,2020,8,"Rice, Thai A.1",Grains,($/mt),480.9,4.61,-2.43,18.01,27.39,0.45
2020-09-01,2020,9,"Rice, Thai A.1",Grains,($/mt),483.0,0.44,-2.15,20.24,34.17,-0.17
2020-10-01,2020,10,"Rice, Thai A.1",Grains,($/mt),454.5,-5.9,-1.13,14.48,23.07,-1.12
2020-11-01,2020,11,"Rice, Thai A.1",Grains,($/mt),468.5,3.08,-2.58,18.67,27.94,0.24
2020-12-01,2020,12,"Rice, Thai A.1",Grains,($/mt),496.6,6.0,2.82,23.87,37.87,0.61
2021-01-01,2021,1,"Rice, Thai A.1",Grains,($/mt),517.8,4.27,13.93,21.55,41.4,0.31
2021-02-01,2021,2,"Rice, Thai A.1",Grains,($/mt),531.0,2.55,13.34,24.5,40.7,0.1
2021-03-01,2021,3,"Rice, Thai A.1",Grains,($/mt),504.1,-5.07,1.51,7.35,34.46,-1.0
2021-04-01,2021,4,"Rice, Thai A.1",Grains,($/mt),477.4,-5.3,-7.8,-12.19,24.49,-0.88
2021-05-01,2021,5,"Rice, Thai A.1",Grains,($/mt),462.8,-3.06,-12.84,-6.11,11.68,-0.4
2021-06-01,2021,6,"Rice, Thai A.1",Grains,($/mt),438.6,-5.23,-12.99,-11.14,2.76,-1.04
2021-07-01,2021,7,"Rice, Thai A.1",Grains,($/mt),397.0,-9.48,-16.84,-13.64,-5.0,-1.79
2021-08-01,2021,8,"Rice, Thai A.1",Grains,($/mt),381.0,-4.03,-17.68,-20.77,-3.25,-0.57
2021-09-01,2021,9,"Rice, Thai A.1",Grains,($/mt),381.3,0.08,-13.06,-21.06,4.38,0.39
2021-10-01,2021,10,"Rice, Thai A.1",Grains,($/mt),382.7,0.37,-3.6,-15.8,9.37,0.45
2021-11-01,2021,11,"Rice, Thai A.1",Grains,($/mt),378.6,-1.07,-0.63,-19.19,11.48,0.05
2021-12-01,2021,12,"Rice, Thai A.1",Grains,($/mt),381.0,0.63,-0.08,-23.28,7.51,0.51
2022-01-01,2022,1,"Rice, Thai A.1",Grains,($/mt),403.2,5.83,5.36,-22.13,13.29,2.02
2022-02-01,2022,2,"Rice, Thai A.1",Grains,($/mt),406.0,0.69,7.24,-23.54,16.4,0.64
2022-03-01,2022,3,"Rice, Thai A.1",Grains,($/mt),407.1,0.27,6.85,-19.24,13.59,0.6
2022-04-01,2022,4,"Rice, Thai A.1",Grains,($/mt),409.1,0.49,1.46,-14.31,14.11,0.55
2022-05-01,2022,5,"Rice, Thai A.1",Grains,($/mt),442.9,8.26,9.09,-4.3,12.13,2.47
2022-06-01,2022,6,"Rice, Thai A.1",Grains,($/mt),427.6,-3.45,5.04,-2.51,-3.02,-0.69
2022-07-01,2022,7,"Rice, Thai A.1",Grains,($/mt),405.7,-5.12,-0.83,2.19,2.09,-1.11
2022-08-01,2022,8,"Rice, Thai A.1",Grains,($/mt),412.6,1.7,-6.84,8.29,9.7,0.38
2022-09-01,2022,9,"Rice, Thai A.1",Grains,($/mt),423.4,2.62,-0.98,11.04,10.03,0.53
2022-10-01,2022,10,"Rice, Thai A.1",Grains,($/mt),411.6,-2.79,1.45,7.55,9.56,-1.04
2022-11-01,2022,11,"Rice, Thai A.1",Grains,($/mt),417.5,1.43,1.19,10.27,10.22,0.2
2022-12-01,2022,12,"Rice, Thai A.1",Grains,($/mt),446.4,6.92,5.43,17.17,14.9,1.63
2023-01-01,2023,1,"Rice, Thai A.1",Grains,($/mt),484.6,8.56,17.74,20.19,17.96,1.74
2023-02-01,2023,2,"Rice, Thai A.1",Grains,($/mt),469.0,-3.22,12.34,15.52,15.01,-1.09
2023-03-01,2023,3,"Rice, Thai A.1",Grains,($/mt),460.9,-1.73,3.25,13.22,14.23,-0.65
2023-04-01,2023,4,"Rice, Thai A.1",Grains,($/mt),482.9,4.77,-0.35,18.04,12.25,0.77
2023-05-01,2023,5,"Rice, Thai A.1",Grains,($/mt),492.7,2.03,5.05,11.24,14.1,0.11
2023-06-01,2023,6,"Rice, Thai A.1",Grains,($/mt),495.8,0.63,7.57,15.95,21.34,-0.08
2023-07-01,2023,7,"Rice, Thai A.1",Grains,($/mt),533.5,7.6,10.48,31.5,39.4,1.53
2023-08-01,2023,8,"Rice, Thai A.1",Grains,($/mt),626.0,17.34,27.06,51.72,59.09,3.79
2023-09-01,2023,9,"Rice, Thai A.1",Grains,($/mt),609.9,-2.57,23.01,44.05,54.25,-1.07
2023-10-01,2023,10,"Rice, Thai A.1",Grains,($/mt),574.7,-5.77,7.72,39.63,47.21,-1.48
2023-11-01,2023,11,"Rice, Thai A.1",Grains,($/mt),574.6,-0.02,-8.21,37.63,51.69,-0.47
2023-12-01,2023,12,"Rice, Thai A.1",Grains,($/mt),629.6,9.57,3.23,41.04,65.99,1.03
2024-01-01,2024,1,"Rice, Thai A.1",Grains,($/mt),648.9,3.07,12.91,33.9,67.5,-0.01
2024-02-01,2024,2,"Rice, Thai A.1",Grains,($/mt),619.9,-4.47,7.88,32.17,60.47,-1.1
2024-03-01,2024,3,"Rice, Thai A.1",Grains,($/mt),607.7,-1.97,-3.48,31.85,58.92,-0.69
2024-04-01,2024,4,"Rice, Thai A.1",Grains,($/mt),578.0,-4.89,-10.93,19.69,47.71,-1.13
2024-05-01,2024,5,"Rice, Thai A.1",Grains,($/mt),606.5,4.93,-2.16,23.1,56.8,0.47
2024-06-01,2024,6,"Rice, Thai A.1",Grains,($/mt),613.3,1.12,0.92,23.7,55.58,-0.12
2024-07-01,2024,7,"Rice, Thai A.1",Grains,($/mt),570.9,-6.91,-1.23,7.01,45.75,-1.29
2024-08-01,2024,8,"Rice, Thai A.1",Grains,($/mt),566.7,-0.74,-6.56,-9.47,39.07,-0.21
2024-09-01,2024,9,"Rice, Thai A.1",Grains,($/mt),564.3,-0.42,-7.99,-7.48,40.48,0.06
2024-10-01,2024,10,"Rice, Thai A.1",Grains,($/mt),504.8,-10.54,-11.58,-12.16,27.15,-2.09
2024-11-01,2024,11,"Rice, Thai A.1",Grains,($/mt),489.6,-3.01,-13.61,-14.79,24.01,-0.38
2024-12-01,2024,12,"Rice, Thai A.1",Grains,($/mt),501.9,2.51,-11.06,-20.28,25.19,0.68
2025-01-01,2025,1,"Rice, Thai A.1",Grains,($/mt),464.2,-7.51,-8.04,-28.46,8.97,-1.28
2025-02-01,2025,2,"Rice, Thai A.1",Grains,($/mt),419.1,-9.72,-14.4,-32.39,-1.74,-1.58
2025-03-01,2025,3,"Rice, Thai A.1",Grains,($/mt),404.1,-3.58,-19.49,-33.5,-13.95,-0.1
2025-04-01,2025,4,"Rice, Thai A.1",Grains,($/mt),396.9,-1.78,-14.5,-31.33,-27.0,0.3
2025-05-01,2025,5,"Rice, Thai A.1",Grains,($/mt),405.5,2.17,-3.25,-33.14,-17.73,1.05
2025-06-01,2025,6,"Rice, Thai A.1",Grains,($/mt),393.4,-2.98,-2.65,-35.86,-20.3,0.05
2025-07-01,2025,7,"Rice, Thai A.1",Grains,($/mt),376.1,-4.4,-5.24,-34.12,-18.19,-0.2
2025-08-01,2025,8,"Rice, Thai A.1",Grains,($/mt),357.9,-4.84,-11.74,-36.84,-25.58,-0.36
2025-09-01,2025,9,"Rice, Thai A.1",Grains,($/mt),355.2,-0.75,-9.71,-37.05,-26.46,0.71
2025-10-01,2025,10,"Rice, Thai A.1",Grains,($/mt),335.9,-5.43,-10.69,-33.46,-26.09,-0.42
2025-11-01,2025,11,"Rice, Thai A.1",Grains,($/mt),338.5,0.77,-5.42,-30.86,-27.75,1.14
2025-12-01,2025,12,"Rice, Thai A.1",Grains,($/mt),389.4,15.04,9.63,-22.41,-21.59,4.8
2026-01-01,2026,1,"Rice, Thai A.1",Grains,($/mt),382.9,-1.67,13.99,-17.51,-26.05,0.04
2026-02-01,2026,2,"Rice, Thai A.1",Grains,($/mt),385.1,0.57,13.77,-8.11,-27.48,0.33
2026-03-01,2026,3,"Rice, Thai A.1",Grains,($/mt),365.3,-5.14,-6.19,-9.6,-27.53,-0.84
2026-04-01,2026,4,"Rice, Thai A.1",Grains,($/mt),385.2,5.45,0.6,-2.95,-19.31,1.11
2026-05-01,2026,5,"Rice, Thai A.1",Grains,($/mt),420.2,9.09,9.11,3.63,-9.2,1.58
2026-06-01,2026,6,"Rice, Thai A.1",Grains,($/mt),469.4,11.71,28.5,19.32,7.02,1.76
2026-07-01,2026,7,"Rice, Thai A.1",Grains,($/mt),454.7,-3.13,18.04,20.9,14.53,-0.69
2026-08-01,2026,8,"Rice, Thai A.1",Grains,($/mt),452.8,-0.42,7.76,26.52,18.85,-0.32
2026-09-01,2026,9,"Rice, Thai A.1",Grains,($/mt),473.2,4.51,0.81,33.22,24.1,0.35
2003-12-01,2003,12,"Rice, Viet Namese 5%",Grains,($/mt),197.0,,,,,
2004-01-01,2004,1,"Rice, Viet Namese 5%",Grains,($/mt),198.8,0.91,,,,
2004-02-01,2004,2,"Rice, Viet Namese 5%",Grains,($/mt),204.1,2.67,,,,
2004-03-01,2004,3,"Rice, Viet Namese 5%",Grains,($/mt),225.8,10.63,14.62,,,
2004-04-01,2004,4,"Rice, Viet Namese 5%",Grains,($/mt),240.7,6.6,21.08,,,
2004-05-01,2004,5,"Rice, Viet Namese 5%",Grains,($/mt),236.1,-1.91,15.68,,,
2004-06-01,2004,6,"Rice, Viet Namese 5%",Grains,($/mt),230.7,-2.29,2.17,,,
2004-07-01,2004,7,"Rice, Viet Namese 5%",Grains,($/mt),229.0,-0.74,-4.86,,,-0.69
2004-08-01,2004,8,"Rice, Viet Namese 5%",Grains,($/mt),232.7,1.62,-1.44,,,-0.14
2004-09-01,2004,9,"Rice, Viet Namese 5%",Grains,($/mt),224.2,-3.65,-2.82,,,-1.31
2004-10-01,2004,10,"Rice, Viet Namese 5%",Grains,($/mt),222.1,-0.94,-3.01,,,-0.54
2004-11-01,2004,11,"Rice, Viet Namese 5%",Grains,($/mt),233.1,4.95,0.17,,,0.83
2004-12-01,2004,12,"Rice, Viet Namese 5%",Grains,($/mt),238.5,2.32,6.38,21.07,,0.16
2005-01-01,2005,1,"Rice, Viet Namese 5%",Grains,($/mt),255.3,7.04,14.95,28.42,,1.3
2005-02-01,2005,2,"Rice, Viet Namese 5%",Grains,($/mt),265.6,4.03,13.94,30.13,,0.42
2005-03-01,2005,3,"Rice, Viet Namese 5%",Grains,($/mt),262.9,-1.02,10.23,16.43,,-0.75
2005-04-01,2005,4,"Rice, Viet Namese 5%",Grains,($/mt),259.9,-1.14,1.8,7.98,,-0.68
2005-05-01,2005,5,"Rice, Viet Namese 5%",Grains,($/mt),256.1,-1.46,-3.58,8.47,,-0.66
2005-06-01,2005,6,"Rice, Viet Namese 5%",Grains,($/mt),241.5,-5.7,-8.14,4.68,,-1.98
2005-07-01,2005,7,"Rice, Viet Namese 5%",Grains,($/mt),237.3,-1.74,-8.7,3.62,,-0.6
2005-08-01,2005,8,"Rice, Viet Namese 5%",Grains,($/mt),255.7,7.75,-0.16,9.88,,2.0
2005-09-01,2005,9,"Rice, Viet Namese 5%",Grains,($/mt),257.0,0.51,6.42,14.63,,-0.08
2005-10-01,2005,10,"Rice, Viet Namese 5%",Grains,($/mt),269.4,4.82,13.53,21.3,,0.89
2005-11-01,2005,11,"Rice, Viet Namese 5%",Grains,($/mt),272.0,0.97,6.37,16.69,,-0.18
2006-01-01,2006,1,"Rice, Viet Namese 5%",Grains,($/mt),263.9,-2.98,2.68,10.65,,-1.09
2006-02-01,2006,2,"Rice, Viet Namese 5%",Grains,($/mt),264.3,0.15,-1.89,3.53,,-0.19
2006-03-01,2006,3,"Rice, Viet Namese 5%",Grains,($/mt),244.9,-7.34,-9.96,-7.79,,-2.09
2006-04-01,2006,4,"Rice, Viet Namese 5%",Grains,($/mt),244.3,-0.24,-7.43,-7.07,,0.09
2006-05-01,2006,5,"Rice, Viet Namese 5%",Grains,($/mt),256.2,4.87,-3.06,-1.42,,1.33
2006-06-01,2006,6,"Rice, Viet Namese 5%",Grains,($/mt),259.4,1.25,5.92,1.29,,0.29
2006-07-01,2006,7,"Rice, Viet Namese 5%",Grains,($/mt),257.4,-0.77,5.36,6.58,,-0.22
2006-08-01,2006,8,"Rice, Viet Namese 5%",Grains,($/mt),263.6,2.41,2.89,11.08,,0.46
2006-09-01,2006,9,"Rice, Viet Namese 5%",Grains,($/mt),267.7,1.56,3.2,4.69,,0.15
2006-10-01,2006,10,"Rice, Viet Namese 5%",Grains,($/mt),283.2,5.79,10.02,10.19,,1.63
2007-02-01,2007,2,"Rice, Viet Namese 5%",Grains,($/mt),303.0,6.99,14.95,12.47,,1.68
2007-03-01,2007,3,"Rice, Viet Namese 5%",Grains,($/mt),304.9,0.63,13.9,12.1,,-0.11
2007-04-01,2007,4,"Rice, Viet Namese 5%",Grains,($/mt),302.3,-0.85,6.74,14.55,,-0.48
2007-05-01,2007,5,"Rice, Viet Namese 5%",Grains,($/mt),300.4,-0.63,-0.86,13.66,,-0.49
2007-06-01,2007,6,"Rice, Viet Namese 5%",Grains,($/mt),302.5,0.7,-0.79,23.52,,-0.12
2007-07-01,2007,7,"Rice, Viet Namese 5%",Grains,($/mt),302.7,0.07,0.13,23.91,,-0.65
2007-08-01,2007,8,"Rice, Viet Namese 5%",Grains,($/mt),310.0,2.41,3.2,21.0,,0.22
2007-09-01,2007,9,"Rice, Viet Namese 5%",Grains,($/mt),315.3,1.71,4.23,21.55,,0.03
2007-10-01,2007,10,"Rice, Viet Namese 5%",Grains,($/mt),323.0,2.44,6.71,25.49,,0.31
2007-11-01,2007,11,"Rice, Viet Namese 5%",Grains,($/mt),320.0,-0.93,3.23,21.4,,-1.2
2008-06-01,2008,6,"Rice, Viet Namese 5%",Grains,($/mt),780.0,143.75,147.38,191.37,,56.55
2008-07-01,2008,7,"Rice, Viet Namese 5%",Grains,($/mt),698.0,-10.51,116.1,146.47,,-0.58
2008-08-01,2008,8,"Rice, Viet Namese 5%",Grains,($/mt),607.5,-12.97,89.84,100.5,,-0.6
2008-09-01,2008,9,"Rice, Viet Namese 5%",Grains,($/mt),561.8,-7.52,-27.97,84.26,,-0.43
2008-10-01,2008,10,"Rice, Viet Namese 5%",Grains,($/mt),478.6,-14.81,-31.43,58.32,,-0.58
2008-11-01,2008,11,"Rice, Viet Namese 5%",Grains,($/mt),431.1,-9.92,-29.04,43.51,,-0.43
2008-12-01,2008,12,"Rice, Viet Namese 5%",Grains,($/mt),413.0,-4.2,-26.49,36.53,,-0.28
2009-01-01,2009,1,"Rice, Viet Namese 5%",Grains,($/mt),386.8,-6.34,-19.18,27.78,,-0.32
2009-02-01,2009,2,"Rice, Viet Namese 5%",Grains,($/mt),418.1,8.09,-3.02,34.87,,0.03
2009-04-01,2009,4,"Rice, Viet Namese 5%",Grains,($/mt),430.0,2.85,4.12,36.38,,-0.1
2009-05-01,2009,5,"Rice, Viet Namese 5%",Grains,($/mt),405.2,-5.77,4.76,25.45,,-0.31
2009-06-01,2009,6,"Rice, Viet Namese 5%",Grains,($/mt),404.3,-0.22,-3.3,26.34,,-0.16
2009-07-01,2009,7,"Rice, Viet Namese 5%",Grains,($/mt),410.2,1.46,-4.6,-47.41,,-0.12
2009-08-01,2009,8,"Rice, Viet Namese 5%",Grains,($/mt),395.7,-3.53,-2.34,-43.31,,0.21
2009-09-01,2009,9,"Rice, Viet Namese 5%",Grains,($/mt),392.9,-0.71,-2.82,-35.33,,0.56
2009-10-01,2009,10,"Rice, Viet Namese 5%",Grains,($/mt),414.1,5.4,0.95,-26.29,,1.43
2009-11-01,2009,11,"Rice, Viet Namese 5%",Grains,($/mt),491.6,18.72,24.24,2.72,149.54,3.24
2009-12-01,2009,12,"Rice, Viet Namese 5%",Grains,($/mt),529.9,7.79,34.87,22.92,166.55,0.95
2010-01-01,2010,1,"Rice, Viet Namese 5%",Grains,($/mt),485.3,-8.42,17.19,17.51,137.78,-1.44
2010-02-01,2010,2,"Rice, Viet Namese 5%",Grains,($/mt),421.8,-13.08,-14.2,9.05,86.8,-1.92
2010-03-01,2010,3,"Rice, Viet Namese 5%",Grains,($/mt),392.6,-6.92,-25.91,-6.1,63.11,-0.94
2010-04-01,2010,4,"Rice, Viet Namese 5%",Grains,($/mt),371.2,-5.45,-23.51,-13.67,57.22,-0.62
2010-05-01,2010,5,"Rice, Viet Namese 5%",Grains,($/mt),368.8,-0.65,-12.57,-8.98,59.86,0.03
2010-06-01,2010,6,"Rice, Viet Namese 5%",Grains,($/mt),358.2,-2.87,-8.76,-11.4,56.42,-0.29
2010-07-01,2010,7,"Rice, Viet Namese 5%",Grains,($/mt),357.9,-0.08,-3.58,-12.75,53.8,0.07
2010-08-01,2010,8,"Rice, Viet Namese 5%",Grains,($/mt),422.9,18.16,14.67,6.87,88.63,2.26
2010-09-01,2010,9,"Rice, Viet Namese 5%",Grains,($/mt),457.7,8.23,27.78,16.49,106.08,0.73
2010-10-01,2010,10,"Rice, Viet Namese 5%",Grains,($/mt),477.7,4.37,33.47,15.36,104.93,0.26
2010-11-01,2010,11,"Rice, Viet Namese 5%",Grains,($/mt),508.0,6.34,20.12,3.34,113.0,0.46
2010-12-01,2010,12,"Rice, Viet Namese 5%",Grains,($/mt),528.3,4.0,15.42,-0.3,106.93,0.39
2011-01-01,2011,1,"Rice, Viet Namese 5%",Grains,($/mt),493.9,-6.51,3.39,1.77,85.96,-0.8
2011-02-01,2011,2,"Rice, Viet Namese 5%",Grains,($/mt),478.6,-3.1,-5.79,13.47,82.05,-0.43
2011-03-01,2011,3,"Rice, Viet Namese 5%",Grains,($/mt),464.0,-3.05,-12.17,18.19,78.53,-0.59
2011-04-01,2011,4,"Rice, Viet Namese 5%",Grains,($/mt),484.3,4.37,-1.94,30.47,89.11,0.39
2011-05-01,2011,5,"Rice, Viet Namese 5%",Grains,($/mt),479.6,-0.97,0.21,30.04,98.59,-0.51
2011-06-01,2011,6,"Rice, Viet Namese 5%",Grains,($/mt),475.3,-0.9,2.44,32.69,100.29,-0.49
2011-07-01,2011,7,"Rice, Viet Namese 5%",Grains,($/mt),519.5,9.3,7.27,45.15,103.17,1.02
2011-08-01,2011,8,"Rice, Viet Namese 5%",Grains,($/mt),553.4,6.53,15.39,30.86,115.33,0.47
2011-09-01,2011,9,"Rice, Viet Namese 5%",Grains,($/mt),561.4,1.45,18.11,22.66,108.39,-0.18
2011-10-01,2011,10,"Rice, Viet Namese 5%",Grains,($/mt),580.5,3.4,11.74,21.52,113.42,0.33
2011-11-01,2011,11,"Rice, Viet Namese 5%",Grains,($/mt),568.7,-2.03,2.76,11.95,115.5,-0.8
2011-12-01,2011,12,"Rice, Viet Namese 5%",Grains,($/mt),504.4,-11.31,-10.15,-4.52,90.84,-2.69
2012-01-01,2012,1,"Rice, Viet Namese 5%",Grains,($/mt),451.4,-10.51,-22.24,-8.6,84.32,-1.81
2012-02-01,2012,2,"Rice, Viet Namese 5%",Grains,($/mt),430.4,-4.65,-24.32,-10.07,76.18,-0.66
2012-03-01,2012,3,"Rice, Viet Namese 5%",Grains,($/mt),428.7,-0.39,-15.01,-7.61,67.33,0.05
2012-04-01,2012,4,"Rice, Viet Namese 5%",Grains,($/mt),440.7,2.8,-2.37,-9.0,69.89,0.53
2012-05-01,2012,5,"Rice, Viet Namese 5%",Grains,($/mt),433.3,-1.68,0.67,-9.65,68.34,-0.18
2012-06-01,2012,6,"Rice, Viet Namese 5%",Grains,($/mt),412.0,-4.92,-3.9,-13.32,56.3,-0.69
2012-07-01,2012,7,"Rice, Viet Namese 5%",Grains,($/mt),409.3,-0.66,-7.13,-21.21,52.9,0.06
2012-08-01,2012,8,"Rice, Viet Namese 5%",Grains,($/mt),436.4,6.62,0.72,-21.14,54.1,1.58
2012-09-01,2012,9,"Rice, Viet Namese 5%",Grains,($/mt),455.2,4.31,10.49,-18.92,50.23,1.14
2012-10-01,2012,10,"Rice, Viet Namese 5%",Grains,($/mt),453.7,-0.33,10.85,-21.84,48.8,0.22
2012-11-01,2012,11,"Rice, Viet Namese 5%",Grains,($/mt),448.3,-1.19,2.73,-21.17,48.3,0.13
2012-12-01,2012,12,"Rice, Viet Namese 5%",Grains,($/mt),413.8,-7.7,-9.09,-17.96,37.75,-1.09
2013-01-01,2013,1,"Rice, Viet Namese 5%",Grains,($/mt),401.2,-3.04,-11.57,-11.12,32.63,-0.31
2013-02-01,2013,2,"Rice, Viet Namese 5%",Grains,($/mt),401.6,0.1,-10.42,-6.69,32.67,0.25
2013-03-01,2013,3,"Rice, Viet Namese 5%",Grains,($/mt),401.6,0.0,-2.95,-6.32,29.55,0.13
2013-04-01,2013,4,"Rice, Viet Namese 5%",Grains,($/mt),390.8,-2.69,-2.59,-11.32,23.95,-0.57
2013-05-01,2013,5,"Rice, Viet Namese 5%",Grains,($/mt),386.8,-1.02,-3.69,-10.73,19.75,-0.02
2013-06-01,2013,6,"Rice, Viet Namese 5%",Grains,($/mt),385.9,-0.23,-3.91,-6.33,20.59,0.17
2013-07-01,2013,7,"Rice, Viet Namese 5%",Grains,($/mt),387.7,0.47,-0.79,-5.28,-50.29,0.27
2013-08-01,2013,8,"Rice, Viet Namese 5%",Grains,($/mt),399.4,3.02,3.26,-8.48,-42.78,0.96
2013-09-01,2013,9,"Rice, Viet Namese 5%",Grains,($/mt),362.0,-9.36,-6.19,-20.47,-40.41,-2.87
2013-10-01,2013,10,"Rice, Viet Namese 5%",Grains,($/mt),376.3,3.95,-2.94,-17.06,-33.02,1.65
2013-11-01,2013,11,"Rice, Viet Namese 5%",Grains,($/mt),395.9,5.21,-0.88,-11.69,-17.28,1.73
2013-12-01,2013,12,"Rice, Viet Namese 5%",Grains,($/mt),419.4,5.94,15.86,1.35,-2.71,1.59
2014-01-01,2014,1,"Rice, Viet Namese 5%",Grains,($/mt),402.0,-4.15,6.83,0.2,-2.66,-1.04
2014-02-01,2014,2,"Rice, Viet Namese 5%",Grains,($/mt),393.2,-2.19,-0.68,-2.09,1.65,-0.54
2014-03-01,2014,3,"Rice, Viet Namese 5%",Grains,($/mt),378.6,-3.71,-9.73,-5.73,-9.45,-0.84
2014-04-01,2014,4,"Rice, Viet Namese 5%",Grains,($/mt),370.9,-2.03,-7.74,-5.09,-13.74,-0.37
2014-05-01,2014,5,"Rice, Viet Namese 5%",Grains,($/mt),390.5,5.28,-0.69,0.96,-3.63,1.27
2014-06-01,2014,6,"Rice, Viet Namese 5%",Grains,($/mt),404.5,3.59,6.84,4.82,0.05,0.72
2014-07-01,2014,7,"Rice, Viet Namese 5%",Grains,($/mt),420.9,4.05,13.48,8.56,2.61,0.74
2014-08-01,2014,8,"Rice, Viet Namese 5%",Grains,($/mt),442.6,5.16,13.34,10.82,11.85,0.89
2014-09-01,2014,9,"Rice, Viet Namese 5%",Grains,($/mt),442.1,-0.11,9.3,22.13,12.52,-0.22
2014-10-01,2014,10,"Rice, Viet Namese 5%",Grains,($/mt),437.0,-1.15,3.83,16.13,5.53,-0.75
2014-11-01,2014,11,"Rice, Viet Namese 5%",Grains,($/mt),422.0,-3.43,-4.65,6.59,-14.16,-1.22
2014-12-01,2014,12,"Rice, Viet Namese 5%",Grains,($/mt),382.4,-9.38,-13.5,-8.82,-27.84,-2.56
2015-01-01,2015,1,"Rice, Viet Namese 5%",Grains,($/mt),374.4,-2.09,-14.32,-6.87,-22.85,-0.32
2015-02-01,2015,2,"Rice, Viet Namese 5%",Grains,($/mt),353.5,-5.58,-16.23,-10.1,-16.19,-1.17
2015-03-01,2015,3,"Rice, Viet Namese 5%",Grains,($/mt),360.7,2.04,-5.67,-4.73,-8.13,0.62
2015-04-01,2015,4,"Rice, Viet Namese 5%",Grains,($/mt),354.0,-1.86,-5.45,-4.56,-4.63,-0.34
2015-05-01,2015,5,"Rice, Viet Namese 5%",Grains,($/mt),351.0,-0.85,-0.71,-10.12,-4.83,-0.12
2015-06-01,2015,6,"Rice, Viet Namese 5%",Grains,($/mt),349.0,-0.57,-3.24,-13.72,-2.57,0.06
2015-07-01,2015,7,"Rice, Viet Namese 5%",Grains,($/mt),345.8,-0.92,-2.32,-17.84,-3.38,0.06
2015-08-01,2015,8,"Rice, Viet Namese 5%",Grains,($/mt),340.1,-1.65,-3.11,-23.16,-19.58,-0.02
2015-09-01,2015,9,"Rice, Viet Namese 5%",Grains,($/mt),326.4,-4.03,-6.48,-26.17,-28.69,-0.65
2015-10-01,2015,10,"Rice, Viet Namese 5%",Grains,($/mt),342.4,4.9,-0.98,-21.65,-28.32,2.53
2015-11-01,2015,11,"Rice, Viet Namese 5%",Grains,($/mt),353.6,3.27,3.97,-16.21,-30.39,1.45
2015-12-01,2015,12,"Rice, Viet Namese 5%",Grains,($/mt),371.0,4.92,13.66,-2.98,-29.77,1.64
2016-01-01,2016,1,"Rice, Viet Namese 5%",Grains,($/mt),364.9,-1.64,6.57,-2.54,-26.12,-0.43
2016-02-01,2016,2,"Rice, Viet Namese 5%",Grains,($/mt),360.1,-1.32,1.84,1.87,-24.76,-0.35
2016-03-01,2016,3,"Rice, Viet Namese 5%",Grains,($/mt),360.2,0.03,-2.91,-0.14,-22.37,-0.06
2016-04-01,2016,4,"Rice, Viet Namese 5%",Grains,($/mt),371.0,3.0,1.67,4.8,-23.39,1.05
2016-05-01,2016,5,"Rice, Viet Namese 5%",Grains,($/mt),377.3,1.7,4.78,7.49,-21.33,0.44
2016-06-01,2016,6,"Rice, Viet Namese 5%",Grains,($/mt),372.5,-1.27,3.41,6.73,-21.63,-0.67
2016-07-01,2016,7,"Rice, Viet Namese 5%",Grains,($/mt),361.6,-2.93,-2.53,4.57,-30.39,-1.21
2016-08-01,2016,8,"Rice, Viet Namese 5%",Grains,($/mt),347.5,-3.9,-7.9,2.18,-37.21,-1.41
2016-09-01,2016,9,"Rice, Viet Namese 5%",Grains,($/mt),342.7,-1.38,-8.0,4.99,-38.96,-0.49
2016-10-01,2016,10,"Rice, Viet Namese 5%",Grains,($/mt),336.4,-1.84,-6.97,-1.75,-42.05,-0.76
2016-11-01,2016,11,"Rice, Viet Namese 5%",Grains,($/mt),338.0,0.48,-2.73,-4.41,-40.57,0.22
2016-12-01,2016,12,"Rice, Viet Namese 5%",Grains,($/mt),341.0,0.89,-0.5,-8.09,-32.39,0.49
2017-01-01,2017,1,"Rice, Viet Namese 5%",Grains,($/mt),336.6,-1.29,0.06,-7.76,-25.43,-0.31
2017-02-01,2017,2,"Rice, Viet Namese 5%",Grains,($/mt),335.3,-0.39,-0.8,-6.89,-22.1,0.14
2017-03-01,2017,3,"Rice, Viet Namese 5%",Grains,($/mt),343.6,2.48,0.76,-4.61,-19.85,1.57
2017-04-01,2017,4,"Rice, Viet Namese 5%",Grains,($/mt),344.7,0.32,2.41,-7.09,-21.78,0.32
2017-05-01,2017,5,"Rice, Viet Namese 5%",Grains,($/mt),345.0,0.09,2.89,-8.56,-20.38,0.37
2017-06-01,2017,6,"Rice, Viet Namese 5%",Grains,($/mt),357.2,3.54,3.96,-4.11,-13.3,2.45
2017-07-01,2017,7,"Rice, Viet Namese 5%",Grains,($/mt),385.9,8.03,11.95,6.72,-5.72,3.95
2017-08-01,2017,8,"Rice, Viet Namese 5%",Grains,($/mt),390.4,1.17,13.16,12.35,-10.54,0.19
2017-09-01,2017,9,"Rice, Viet Namese 5%",Grains,($/mt),382.0,-2.15,6.94,11.47,-16.08,-1.17
2017-10-01,2017,10,"Rice, Viet Namese 5%",Grains,($/mt),376.2,-1.52,-2.51,11.83,-17.08,-0.89
2017-11-01,2017,11,"Rice, Viet Namese 5%",Grains,($/mt),379.0,0.74,-2.92,12.13,-15.46,-0.08
2017-12-01,2017,12,"Rice, Viet Namese 5%",Grains,($/mt),383.2,1.11,0.31,12.38,-7.39,0.04
2018-01-01,2018,1,"Rice, Viet Namese 5%",Grains,($/mt),380.9,-0.6,1.25,13.16,-5.06,-0.59
2018-02-01,2018,2,"Rice, Viet Namese 5%",Grains,($/mt),395.4,3.81,4.33,17.92,-1.54,1.01
2018-03-01,2018,3,"Rice, Viet Namese 5%",Grains,($/mt),409.9,3.67,6.97,19.3,2.07,0.81
2018-04-01,2018,4,"Rice, Viet Namese 5%",Grains,($/mt),413.4,0.85,8.53,19.93,5.78,-0.23
2018-05-01,2018,5,"Rice, Viet Namese 5%",Grains,($/mt),419.0,1.35,5.97,21.45,8.32,-0.07
2018-06-01,2018,6,"Rice, Viet Namese 5%",Grains,($/mt),443.1,5.75,8.1,24.05,14.82,1.47
2018-07-01,2018,7,"Rice, Viet Namese 5%",Grains,($/mt),440.7,-0.54,6.6,14.2,13.67,-0.8
2018-08-01,2018,8,"Rice, Viet Namese 5%",Grains,($/mt),401.6,-8.87,-4.15,2.87,0.55,-4.33
2018-09-01,2018,9,"Rice, Viet Namese 5%",Grains,($/mt),384.7,-4.21,-13.18,0.71,6.27,-1.22
2018-10-01,2018,10,"Rice, Viet Namese 5%",Grains,($/mt),389.8,1.33,-11.55,3.62,3.59,0.31
2018-11-01,2018,11,"Rice, Viet Namese 5%",Grains,($/mt),395.7,1.51,-1.47,4.41,-0.05,0.3
2018-12-01,2018,12,"Rice, Viet Namese 5%",Grains,($/mt),399.5,0.96,3.85,4.25,-4.74,0.14
2019-01-01,2019,1,"Rice, Viet Namese 5%",Grains,($/mt),396.3,-0.8,1.67,4.04,-1.42,-0.32
2019-02-01,2019,2,"Rice, Viet Namese 5%",Grains,($/mt),368.0,-7.14,-7.0,-6.93,-6.41,-1.95
2019-03-01,2019,3,"Rice, Viet Namese 5%",Grains,($/mt),342.6,-6.9,-14.24,-16.42,-9.51,-1.5
2019-04-01,2019,4,"Rice, Viet Namese 5%",Grains,($/mt),341.1,-0.44,-13.93,-17.49,-8.03,0.22
2019-05-01,2019,5,"Rice, Viet Namese 5%",Grains,($/mt),350.9,2.87,-4.65,-16.25,-10.14,1.0
2019-06-01,2019,6,"Rice, Viet Namese 5%",Grains,($/mt),358.8,2.25,4.73,-19.03,-11.3,0.81
2019-07-01,2019,7,"Rice, Viet Namese 5%",Grains,($/mt),360.2,0.39,5.6,-18.27,-14.42,0.51
2019-08-01,2019,8,"Rice, Viet Namese 5%",Grains,($/mt),362.4,0.61,3.28,-9.76,-18.12,0.54
2019-09-01,2019,9,"Rice, Viet Namese 5%",Grains,($/mt),350.9,-3.17,-2.2,-8.79,-20.63,-0.7
2019-10-01,2019,10,"Rice, Viet Namese 5%",Grains,($/mt),325.8,-7.15,-9.55,-16.42,-25.45,-1.93
2019-11-01,2019,11,"Rice, Viet Namese 5%",Grains,($/mt),328.2,0.74,-9.44,-17.06,-22.23,0.58
2019-12-01,2019,12,"Rice, Viet Namese 5%",Grains,($/mt),337.4,2.8,-3.85,-15.54,-11.77,1.16
2020-01-01,2020,1,"Rice, Viet Namese 5%",Grains,($/mt),348.7,3.35,7.03,-12.01,-6.86,1.22
2020-02-01,2020,2,"Rice, Viet Namese 5%",Grains,($/mt),357.4,2.49,8.9,-2.88,1.1,0.86
2020-03-01,2020,3,"Rice, Viet Namese 5%",Grains,($/mt),372.6,4.25,10.43,8.76,3.3,1.21
2020-04-01,2020,4,"Rice, Viet Namese 5%",Grains,($/mt),407.1,9.26,16.75,19.35,15.0,2.66
2020-05-01,2020,5,"Rice, Viet Namese 5%",Grains,($/mt),438.4,7.69,22.66,24.94,24.9,1.53
2020-06-01,2020,6,"Rice, Viet Namese 5%",Grains,($/mt),449.5,2.53,20.64,25.28,28.8,0.13
2020-07-01,2020,7,"Rice, Viet Namese 5%",Grains,($/mt),444.2,-1.18,9.11,23.32,28.46,-0.72
2020-08-01,2020,8,"Rice, Viet Namese 5%",Grains,($/mt),448.9,1.06,2.4,23.87,31.99,-0.18
2020-09-01,2020,9,"Rice, Viet Namese 5%",Grains,($/mt),462.7,3.07,2.94,31.86,41.76,0.27
2020-10-01,2020,10,"Rice, Viet Namese 5%",Grains,($/mt),459.2,-0.76,3.38,40.95,34.11,-0.76
2020-11-01,2020,11,"Rice, Viet Namese 5%",Grains,($/mt),469.5,2.24,4.59,43.05,32.78,-0.23
2020-12-01,2020,12,"Rice, Viet Namese 5%",Grains,($/mt),477.4,1.68,3.18,41.49,28.68,-0.46
2021-01-01,2021,1,"Rice, Viet Namese 5%",Grains,($/mt),491.0,2.85,6.93,40.81,34.56,-0.04
2021-02-01,2021,2,"Rice, Viet Namese 5%",Grains,($/mt),500.5,1.93,6.6,40.04,38.99,-0.33
2021-03-01,2021,3,"Rice, Viet Namese 5%",Grains,($/mt),498.4,-0.42,4.4,33.76,38.37,-1.09
2021-04-01,2021,4,"Rice, Viet Namese 5%",Grains,($/mt),488.2,-2.05,-0.57,19.92,31.59,-1.44
2021-05-01,2021,5,"Rice, Viet Namese 5%",Grains,($/mt),477.7,-2.15,-4.56,8.96,26.61,-1.44
2021-06-01,2021,6,"Rice, Viet Namese 5%",Grains,($/mt),474.0,-0.77,-4.9,5.45,27.25,-0.78
2021-07-01,2021,7,"Rice, Viet Namese 5%",Grains,($/mt),436.2,-7.97,-10.65,-1.8,20.63,-4.46
2021-08-01,2021,8,"Rice, Viet Namese 5%",Grains,($/mt),384.5,-11.85,-19.51,-14.35,10.65,-3.82
2021-09-01,2021,9,"Rice, Viet Namese 5%",Grains,($/mt),387.3,0.73,-18.29,-16.3,13.01,0.42
2021-10-01,2021,10,"Rice, Viet Namese 5%",Grains,($/mt),404.5,4.44,-7.27,-11.91,20.24,1.33
2021-11-01,2021,11,"Rice, Viet Namese 5%",Grains,($/mt),411.4,1.71,7.0,-12.37,21.72,0.56
2021-12-01,2021,12,"Rice, Viet Namese 5%",Grains,($/mt),402.7,-2.11,3.98,-15.65,18.09,-0.24
2022-01-01,2022,1,"Rice, Viet Namese 5%",Grains,($/mt),395.9,-1.69,-2.13,-19.37,17.62,-0.08
2022-02-01,2022,2,"Rice, Viet Namese 5%",Grains,($/mt),384.2,-2.96,-6.61,-23.24,14.58,-0.29
2022-03-01,2022,3,"Rice, Viet Namese 5%",Grains,($/mt),391.7,1.95,-2.73,-21.41,14.0,0.95
2022-04-01,2022,4,"Rice, Viet Namese 5%",Grains,($/mt),402.4,2.73,1.64,-17.57,16.74,1.05
2022-05-01,2022,5,"Rice, Viet Namese 5%",Grains,($/mt),406.5,1.02,5.8,-14.9,17.83,0.55
2022-06-01,2022,6,"Rice, Viet Namese 5%",Grains,($/mt),411.9,1.33,5.16,-13.1,15.31,0.55
2022-07-01,2022,7,"Rice, Viet Namese 5%",Grains,($/mt),411.1,-0.19,2.16,-5.75,6.53,0.18
2022-08-01,2022,8,"Rice, Viet Namese 5%",Grains,($/mt),395.8,-3.72,-2.63,2.94,1.38,-0.79
2022-09-01,2022,9,"Rice, Viet Namese 5%",Grains,($/mt),392.2,-0.91,-4.78,1.27,2.67,-0.48
2022-10-01,2022,10,"Rice, Viet Namese 5%",Grains,($/mt),409.1,4.31,-0.49,1.14,8.75,1.69
2022-11-01,2022,11,"Rice, Viet Namese 5%",Grains,($/mt),421.2,2.96,6.42,2.38,11.13,1.16
2022-12-01,2022,12,"Rice, Viet Namese 5%",Grains,($/mt),432.4,2.66,10.25,7.38,12.84,0.95
2023-01-01,2023,1,"Rice, Viet Namese 5%",Grains,($/mt),440.7,1.92,7.72,11.32,15.7,0.51
2023-02-01,2023,2,"Rice, Viet Namese 5%",Grains,($/mt),448.3,1.72,6.43,16.68,13.38,0.33
2023-03-01,2023,3,"Rice, Viet Namese 5%",Grains,($/mt),444.6,-0.83,2.82,13.51,8.47,-1.01
2023-04-01,2023,4,"Rice, Viet Namese 5%",Grains,($/mt),455.1,2.36,3.27,13.1,10.09,0.58
2023-05-01,2023,5,"Rice, Viet Namese 5%",Grains,($/mt),470.5,3.38,4.95,15.74,12.29,1.08
2023-06-01,2023,6,"Rice, Viet Namese 5%",Grains,($/mt),508.2,8.01,14.3,23.38,14.69,2.98
2023-07-01,2023,7,"Rice, Viet Namese 5%",Grains,($/mt),502.8,-1.06,10.48,22.31,14.09,-0.96
2023-08-01,2023,8,"Rice, Viet Namese 5%",Grains,($/mt),541.2,7.64,15.03,36.74,34.76,1.93
2023-09-01,2023,9,"Rice, Viet Namese 5%",Grains,($/mt),594.4,9.83,16.96,51.56,54.51,2.41
2023-10-01,2023,10,"Rice, Viet Namese 5%",Grains,($/mt),616.2,3.67,22.55,50.62,58.08,0.03
2023-11-01,2023,11,"Rice, Viet Namese 5%",Grains,($/mt),629.4,2.14,16.3,49.43,59.06,-0.41
2023-12-01,2023,12,"Rice, Viet Namese 5%",Grains,($/mt),632.9,0.56,6.48,46.37,58.42,-0.85
2024-01-01,2024,1,"Rice, Viet Namese 5%",Grains,($/mt),625.5,-1.17,1.51,41.93,57.83,-1.27
2024-02-01,2024,2,"Rice, Viet Namese 5%",Grains,($/mt),614.3,-1.79,-2.4,37.03,66.93,-1.3
2024-03-01,2024,3,"Rice, Viet Namese 5%",Grains,($/mt),585.4,-4.7,-7.51,31.67,70.87,-1.88
2024-04-01,2024,4,"Rice, Viet Namese 5%",Grains,($/mt),571.5,-2.37,-8.63,25.58,67.55,-1.09
2024-05-01,2024,5,"Rice, Viet Namese 5%",Grains,($/mt),568.0,-0.61,-7.54,20.72,61.87,-0.57
2024-06-01,2024,6,"Rice, Viet Namese 5%",Grains,($/mt),561.6,-1.13,-4.07,10.51,56.52,-0.6
2024-07-01,2024,7,"Rice, Viet Namese 5%",Grains,($/mt),552.4,-1.64,-3.34,9.86,53.36,-0.6
2024-08-01,2024,8,"Rice, Viet Namese 5%",Grains,($/mt),535.3,-3.1,-5.76,-1.09,47.71,-0.93
2024-09-01,2024,9,"Rice, Viet Namese 5%",Grains,($/mt),540.5,0.97,-3.76,-9.07,54.03,0.26
2024-10-01,2024,10,"Rice, Viet Namese 5%",Grains,($/mt),529.8,-1.98,-4.09,-14.02,62.62,-0.53
2024-11-01,2024,11,"Rice, Viet Namese 5%",Grains,($/mt),509.7,-3.79,-4.78,-19.02,55.3,-1.38
2024-12-01,2024,12,"Rice, Viet Namese 5%",Grains,($/mt),495.7,-2.75,-8.29,-21.68,46.92,-0.62
2025-01-01,2025,1,"Rice, Viet Namese 5%",Grains,($/mt),447.3,-9.76,-15.57,-28.49,28.28,-5.17
2025-02-01,2025,2,"Rice, Viet Namese 5%",Grains,($/mt),401.7,-10.19,-21.19,-34.61,12.4,-2.8
2025-03-01,2025,3,"Rice, Viet Namese 5%",Grains,($/mt),378.4,-5.8,-23.66,-35.36,1.56,-0.7
2025-04-01,2025,4,"Rice, Viet Namese 5%",Grains,($/mt),377.8,-0.16,-15.54,-33.89,-7.2,0.97
2025-05-01,2025,5,"Rice, Viet Namese 5%",Grains,($/mt),379.3,0.4,-5.58,-33.22,-13.48,1.04
2025-06-01,2025,6,"Rice, Viet Namese 5%",Grains,($/mt),377.2,-0.55,-0.32,-32.83,-16.08,0.74
2025-07-01,2025,7,"Rice, Viet Namese 5%",Grains,($/mt),370.6,-1.75,-1.91,-32.91,-16.57,0.39
2025-08-01,2025,8,"Rice, Viet Namese 5%",Grains,($/mt),378.8,2.21,-0.13,-29.24,-15.62,1.47
2025-09-01,2025,9,"Rice, Viet Namese 5%",Grains,($/mt),371.5,-1.93,-1.51,-31.27,-19.71,0.21
2025-10-01,2025,10,"Rice, Viet Namese 5%",Grains,($/mt),365.6,-1.59,-1.35,-30.99,-20.38,0.37
2025-11-01,2025,11,"Rice, Viet Namese 5%",Grains,($/mt),359.8,-1.59,-5.02,-29.41,-23.37,0.36
2025-12-01,2025,12,"Rice, Viet Namese 5%",Grains,($/mt),351.9,-2.2,-5.28,-29.01,-26.29,0.15
2026-01-01,2026,1,"Rice, Viet Namese 5%",Grains,($/mt),351.2,-0.2,-3.94,-21.48,-28.47,0.66
2026-02-01,2026,2,"Rice, Viet Namese 5%",Grains,($/mt),349.1,-0.6,-2.97,-13.09,-30.25,0.42
2026-03-01,2026,3,"Rice, Viet Namese 5%",Grains,($/mt),345.8,-0.95,-1.73,-8.62,-30.62,0.1
2026-04-01,2026,4,"Rice, Viet Namese 5%",Grains,($/mt),352.9,2.05,0.48,-6.59,-27.71,2.27
2026-05-01,2026,5,"Rice, Viet Namese 5%",Grains,($/mt),376.3,6.63,7.79,-0.79,-21.23,4.89
2026-06-01,2026,6,"Rice, Viet Namese 5%",Grains,($/mt),391.3,3.99,13.16,3.74,-17.45,1.58
2026-07-01,2026,7,"Rice, Viet Namese 5%",Grains,($/mt),396.1,1.23,12.24,6.88,-9.19,0.32
2026-08-01,2026,8,"Rice, Viet Namese 5%",Grains,($/mt),410.9,3.74,9.19,8.47,6.87,1.16
2026-09-01,2026,9,"Rice, Viet Namese 5%",Grains,($/mt),418.5,1.85,6.95,12.65,8.06,0.4
1960-01-01,1960,1,"Rubber, RSS3",Raw Materials,($/kg),0.82,,,,,
1960-02-01,1960,2,"Rubber, RSS3",Raw Materials,($/kg),0.83,1.22,,,,
1960-03-01,1960,3,"Rubber, RSS3",Raw Materials,($/kg),0.86,3.61,,,,
1960-04-01,1960,4,"Rubber, RSS3",Raw Materials,($/kg),0.86,0.0,4.88,,,
1960-05-01,1960,5,"Rubber, RSS3",Raw Materials,($/kg),0.93,8.14,12.05,,,
1960-06-01,1960,6,"Rubber, RSS3",Raw Materials,($/kg),0.89,-4.3,3.49,,,
1960-07-01,1960,7,"Rubber, RSS3",Raw Materials,($/kg),0.79,-11.24,-8.14,,,
1960-08-01,1960,8,"Rubber, RSS3",Raw Materials,($/kg),0.72,-8.86,-22.58,,,-1.26
1960-09-01,1960,9,"Rubber, RSS3",Raw Materials,($/kg),0.73,1.39,-17.98,,,0.44
1960-10-01,1960,10,"Rubber, RSS3",Raw Materials,($/kg),0.69,-5.48,-12.66,,,-0.65
1960-11-01,1960,11,"Rubber, RSS3",Raw Materials,($/kg),0.63,-8.7,-12.5,,,-1.12
1960-12-01,1960,12,"Rubber, RSS3",Raw Materials,($/kg),0.62,-1.59,-15.07,,,0.13
1961-01-01,1961,1,"Rubber, RSS3",Raw Materials,($/kg),0.6,-3.23,-13.04,-26.83,,-0.15
1961-02-01,1961,2,"Rubber, RSS3",Raw Materials,($/kg),0.58,-3.33,-7.94,-30.12,,-0.16
1961-03-01,1961,3,"Rubber, RSS3",Raw Materials,($/kg),0.62,6.9,0.0,-27.91,,1.74
1961-04-01,1961,4,"Rubber, RSS3",Raw Materials,($/kg),0.64,3.23,6.67,-25.58,,0.96
1961-05-01,1961,5,"Rubber, RSS3",Raw Materials,($/kg),0.64,0.0,10.34,-31.18,,0.37
1961-06-01,1961,6,"Rubber, RSS3",Raw Materials,($/kg),0.61,-4.69,-1.61,-31.46,,-0.33
1961-07-01,1961,7,"Rubber, RSS3",Raw Materials,($/kg),0.61,0.0,-4.69,-22.78,,0.56
1961-08-01,1961,8,"Rubber, RSS3",Raw Materials,($/kg),0.62,1.64,-3.12,-13.89,,0.78
1961-09-01,1961,9,"Rubber, RSS3",Raw Materials,($/kg),0.62,0.0,1.64,-15.07,,0.27
1961-10-01,1961,10,"Rubber, RSS3",Raw Materials,($/kg),0.59,-4.84,-3.28,-14.49,,-0.85
1961-11-01,1961,11,"Rubber, RSS3",Raw Materials,($/kg),0.54,-8.47,-12.9,-14.29,,-1.76
1961-12-01,1961,12,"Rubber, RSS3",Raw Materials,($/kg),0.56,3.7,-9.68,-9.68,,1.2
1962-01-01,1962,1,"Rubber, RSS3",Raw Materials,($/kg),0.58,3.57,-1.69,-3.33,,1.0
1962-02-01,1962,2,"Rubber, RSS3",Raw Materials,($/kg),0.6,3.45,11.11,3.45,,0.82
1962-03-01,1962,3,"Rubber, RSS3",Raw Materials,($/kg),0.58,-3.33,3.57,-6.45,,-0.84
1962-04-01,1962,4,"Rubber, RSS3",Raw Materials,($/kg),0.57,-1.72,-1.72,-10.94,,-0.31
1962-05-01,1962,5,"Rubber, RSS3",Raw Materials,($/kg),0.56,-1.75,-6.67,-12.5,,-0.22
1962-06-01,1962,6,"Rubber, RSS3",Raw Materials,($/kg),0.54,-3.57,-6.9,-11.48,,-0.66
1962-07-01,1962,7,"Rubber, RSS3",Raw Materials,($/kg),0.55,1.85,-3.51,-9.84,,0.74
1962-08-01,1962,8,"Rubber, RSS3",Raw Materials,($/kg),0.53,-3.64,-5.36,-14.52,,-0.74
1962-09-01,1962,9,"Rubber, RSS3",Raw Materials,($/kg),0.54,1.89,0.0,-12.9,,0.81
1962-10-01,1962,10,"Rubber, RSS3",Raw Materials,($/kg),0.57,5.56,3.64,-3.39,,1.69
1962-11-01,1962,11,"Rubber, RSS3",Raw Materials,($/kg),0.58,1.75,9.43,7.41,,0.47
1962-12-01,1962,12,"Rubber, RSS3",Raw Materials,($/kg),0.58,0.0,7.41,3.57,,-0.2
1963-01-01,1963,1,"Rubber, RSS3",Raw Materials,($/kg),0.57,-1.72,0.0,-1.72,,-0.66
1963-02-01,1963,2,"Rubber, RSS3",Raw Materials,($/kg),0.56,-1.75,-3.45,-6.67,,-0.55
1963-03-01,1963,3,"Rubber, RSS3",Raw Materials,($/kg),0.54,-3.57,-6.9,-6.9,,-1.08
1963-04-01,1963,4,"Rubber, RSS3",Raw Materials,($/kg),0.55,1.85,-3.51,-3.51,,0.85
1963-05-01,1963,5,"Rubber, RSS3",Raw Materials,($/kg),0.54,-1.82,-3.57,-3.57,,-0.54
1963-06-01,1963,6,"Rubber, RSS3",Raw Materials,($/kg),0.53,-1.85,-1.85,-1.85,,-0.55
1963-07-01,1963,7,"Rubber, RSS3",Raw Materials,($/kg),0.52,-1.89,-5.45,-5.45,,-0.64
1963-08-01,1963,8,"Rubber, RSS3",Raw Materials,($/kg),0.49,-5.77,-9.26,-7.55,,-1.97
1963-09-01,1963,9,"Rubber, RSS3",Raw Materials,($/kg),0.48,-2.04,-9.43,-11.11,,-0.48
1963-10-01,1963,10,"Rubber, RSS3",Raw Materials,($/kg),0.5,4.17,-3.85,-12.28,,1.75
1963-11-01,1963,11,"Rubber, RSS3",Raw Materials,($/kg),0.5,0.0,2.04,-13.79,,0.4
1963-12-01,1963,12,"Rubber, RSS3",Raw Materials,($/kg),0.47,-6.0,-2.08,-18.97,,-1.9
1964-01-01,1964,1,"Rubber, RSS3",Raw Materials,($/kg),0.45,-4.26,-10.0,-21.05,,-0.9
1964-02-01,1964,2,"Rubber, RSS3",Raw Materials,($/kg),0.47,4.44,-6.0,-16.07,,2.17
1964-03-01,1964,3,"Rubber, RSS3",Raw Materials,($/kg),0.5,6.38,6.38,-7.41,,2.25
1964-04-01,1964,4,"Rubber, RSS3",Raw Materials,($/kg),0.5,0.0,11.11,-9.09,,0.14
1964-05-01,1964,5,"Rubber, RSS3",Raw Materials,($/kg),0.5,0.0,6.38,-7.41,,0.18
1964-06-01,1964,6,"Rubber, RSS3",Raw Materials,($/kg),0.49,-2.0,-2.0,-7.55,,-0.36
1964-07-01,1964,7,"Rubber, RSS3",Raw Materials,($/kg),0.48,-2.04,-4.0,-7.69,,-0.37
1964-08-01,1964,8,"Rubber, RSS3",Raw Materials,($/kg),0.48,0.0,-4.0,-2.04,,0.15
1964-09-01,1964,9,"Rubber, RSS3",Raw Materials,($/kg),0.5,4.17,2.04,4.17,,1.18
1964-10-01,1964,10,"Rubber, RSS3",Raw Materials,($/kg),0.52,4.0,8.33,4.0,,0.96
1964-11-01,1964,11,"Rubber, RSS3",Raw Materials,($/kg),0.51,-1.92,6.25,2.0,,-0.62
1964-12-01,1964,12,"Rubber, RSS3",Raw Materials,($/kg),0.5,-1.96,0.0,6.38,,-0.58
1965-01-01,1965,1,"Rubber, RSS3",Raw Materials,($/kg),0.51,2.0,-1.92,13.33,-37.8,0.43
1965-02-01,1965,2,"Rubber, RSS3",Raw Materials,($/kg),0.52,1.96,1.96,10.64,-37.35,0.29
1965-03-01,1965,3,"Rubber, RSS3",Raw Materials,($/kg),0.52,0.0,4.0,4.0,-39.53,-0.31
1965-04-01,1965,4,"Rubber, RSS3",Raw Materials,($/kg),0.53,1.92,3.92,6.0,-38.37,0.7
1965-05-01,1965,5,"Rubber, RSS3",Raw Materials,($/kg),0.53,0.0,1.92,6.0,-43.01,-0.22
1965-06-01,1965,6,"Rubber, RSS3",Raw Materials,($/kg),0.52,-1.89,0.0,6.12,-41.57,-1.05
1965-07-01,1965,7,"Rubber, RSS3",Raw Materials,($/kg),0.49,-5.77,-7.55,2.08,-37.97,-2.76
1965-08-01,1965,8,"Rubber, RSS3",Raw Materials,($/kg),0.48,-2.04,-9.43,0.0,-33.33,-0.79
1965-09-01,1965,9,"Rubber, RSS3",Raw Materials,($/kg),0.48,0.0,-7.69,-4.0,-34.25,-0.01
1965-10-01,1965,10,"Rubber, RSS3",Raw Materials,($/kg),0.47,-2.08,-4.08,-9.62,-31.88,-0.68
1965-11-01,1965,11,"Rubber, RSS3",Raw Materials,($/kg),0.49,4.26,2.08,-3.92,-22.22,2.24
1965-12-01,1965,12,"Rubber, RSS3",Raw Materials,($/kg),0.5,2.04,4.17,0.0,-19.35,0.88
1966-01-01,1966,1,"Rubber, RSS3",Raw Materials,($/kg),0.51,2.0,8.51,0.0,-15.0,0.73
1966-02-01,1966,2,"Rubber, RSS3",Raw Materials,($/kg),0.51,0.0,4.08,-1.92,-12.07,-0.01
1966-03-01,1966,3,"Rubber, RSS3",Raw Materials,($/kg),0.5,-1.96,0.0,-3.85,-19.35,-0.7
1966-04-01,1966,4,"Rubber, RSS3",Raw Materials,($/kg),0.48,-4.0,-5.88,-9.43,-25.0,-1.39
1966-05-01,1966,5,"Rubber, RSS3",Raw Materials,($/kg),0.49,2.08,-3.92,-7.55,-23.44,1.04
1966-06-01,1966,6,"Rubber, RSS3",Raw Materials,($/kg),0.47,-4.08,-6.0,-9.62,-22.95,-1.2
1966-07-01,1966,7,"Rubber, RSS3",Raw Materials,($/kg),0.47,0.0,-2.08,-4.08,-22.95,0.26
1966-08-01,1966,8,"Rubber, RSS3",Raw Materials,($/kg),0.46,-2.13,-6.12,-4.17,-25.81,-0.7
1966-09-01,1966,9,"Rubber, RSS3",Raw Materials,($/kg),0.43,-6.52,-8.51,-10.42,-30.65,-2.38
1966-10-01,1966,10,"Rubber, RSS3",Raw Materials,($/kg),0.45,4.65,-4.26,-4.26,-23.73,1.75
1966-11-01,1966,11,"Rubber, RSS3",Raw Materials,($/kg),0.45,0.0,-2.17,-8.16,-16.67,0.09
1966-12-01,1966,12,"Rubber, RSS3",Raw Materials,($/kg),0.43,-4.44,0.0,-14.0,-23.21,-1.18
1967-01-01,1967,1,"Rubber, RSS3",Raw Materials,($/kg),0.43,0.0,-4.44,-15.69,-25.86,0.37
1967-02-01,1967,2,"Rubber, RSS3",Raw Materials,($/kg),0.41,-4.65,-8.89,-19.61,-31.67,-1.05
1967-03-01,1967,3,"Rubber, RSS3",Raw Materials,($/kg),0.41,0.0,-4.65,-18.0,-29.31,0.54
1967-04-01,1967,4,"Rubber, RSS3",Raw Materials,($/kg),0.41,0.0,-4.65,-14.58,-28.07,0.49
1967-05-01,1967,5,"Rubber, RSS3",Raw Materials,($/kg),0.4,-2.44,-2.44,-18.37,-28.57,-0.37
1967-06-01,1967,6,"Rubber, RSS3",Raw Materials,($/kg),0.41,2.5,0.0,-12.77,-24.07,1.37
1967-07-01,1967,7,"Rubber, RSS3",Raw Materials,($/kg),0.4,-2.44,-2.44,-14.89,-27.27,-0.43
1967-08-01,1967,8,"Rubber, RSS3",Raw Materials,($/kg),0.37,-7.5,-7.5,-19.57,-30.19,-1.98
1967-09-01,1967,9,"Rubber, RSS3",Raw Materials,($/kg),0.36,-2.7,-12.2,-16.28,-33.33,-0.27
1967-10-01,1967,10,"Rubber, RSS3",Raw Materials,($/kg),0.36,0.0,-10.0,-20.0,-36.84,0.43
1967-11-01,1967,11,"Rubber, RSS3",Raw Materials,($/kg),0.35,-2.78,-5.41,-22.22,-39.66,-0.35
1967-12-01,1967,12,"Rubber, RSS3",Raw Materials,($/kg),0.36,2.86,0.0,-16.28,-37.93,1.8
1968-01-01,1968,1,"Rubber, RSS3",Raw Materials,($/kg),0.35,-2.78,-2.78,-18.6,-38.6,-0.46
1968-02-01,1968,2,"Rubber, RSS3",Raw Materials,($/kg),0.33,-5.71,-5.71,-19.51,-41.07,-1.39
1968-03-01,1968,3,"Rubber, RSS3",Raw Materials,($/kg),0.36,9.09,0.0,-12.2,-33.33,3.57
1968-04-01,1968,4,"Rubber, RSS3",Raw Materials,($/kg),0.36,0.0,2.86,-12.2,-34.55,0.23
1968-05-01,1968,5,"Rubber, RSS3",Raw Materials,($/kg),0.37,2.78,12.12,-7.5,-31.48,0.87
1968-06-01,1968,6,"Rubber, RSS3",Raw Materials,($/kg),0.4,8.11,11.11,-2.44,-24.53,1.94
1968-07-01,1968,7,"Rubber, RSS3",Raw Materials,($/kg),0.39,-2.5,8.33,-2.5,-25.0,-0.48
1968-08-01,1968,8,"Rubber, RSS3",Raw Materials,($/kg),0.4,2.56,8.11,8.11,-18.37,0.53
1968-09-01,1968,9,"Rubber, RSS3",Raw Materials,($/kg),0.39,-2.5,-2.5,8.33,-18.75,-0.72
1968-10-01,1968,10,"Rubber, RSS3",Raw Materials,($/kg),0.41,5.13,5.13,13.89,-18.0,0.97
1968-11-01,1968,11,"Rubber, RSS3",Raw Materials,($/kg),0.42,2.44,5.0,20.0,-16.0,0.27
1968-12-01,1968,12,"Rubber, RSS3",Raw Materials,($/kg),0.42,0.0,7.69,16.67,-10.64,-0.36
1969-01-01,1969,1,"Rubber, RSS3",Raw Materials,($/kg),0.43,2.38,4.88,22.86,-4.44,0.22
1969-02-01,1969,2,"Rubber, RSS3",Raw Materials,($/kg),0.47,9.3,11.9,42.42,0.0,1.73
1969-03-01,1969,3,"Rubber, RSS3",Raw Materials,($/kg),0.51,8.51,21.43,41.67,2.0,1.32
1969-04-01,1969,4,"Rubber, RSS3",Raw Materials,($/kg),0.52,1.96,20.93,44.44,4.0,-0.26
1969-05-01,1969,5,"Rubber, RSS3",Raw Materials,($/kg),0.5,-3.85,6.38,35.14,0.0,-1.78
1969-06-01,1969,6,"Rubber, RSS3",Raw Materials,($/kg),0.51,2.0,0.0,27.5,4.08,-0.14
1969-07-01,1969,7,"Rubber, RSS3",Raw Materials,($/kg),0.54,5.88,3.85,38.46,12.5,0.92
1969-08-01,1969,8,"Rubber, RSS3",Raw Materials,($/kg),0.58,7.41,16.0,45.0,20.83,1.16
1969-09-01,1969,9,"Rubber, RSS3",Raw Materials,($/kg),0.54,-6.9,5.88,38.46,8.0,-2.43
1969-10-01,1969,10,"Rubber, RSS3",Raw Materials,($/kg),0.5,-7.41,-7.41,21.95,-3.85,-2.12
1969-11-01,1969,11,"Rubber, RSS3",Raw Materials,($/kg),0.45,-10.0,-22.41,7.14,-11.76,-2.11
1969-12-01,1969,12,"Rubber, RSS3",Raw Materials,($/kg),0.47,4.44,-12.96,11.9,-6.0,0.56
1970-01-01,1970,1,"Rubber, RSS3",Raw Materials,($/kg),0.5,6.38,0.0,16.28,-1.96,0.79
1970-02-01,1970,2,"Rubber, RSS3",Raw Materials,($/kg),0.48,-4.0,6.67,2.13,-7.69,-0.81
1970-03-01,1970,3,"Rubber, RSS3",Raw Materials,($/kg),0.44,-8.33,-6.38,-13.73,-15.38,-1.34
1970-04-01,1970,4,"Rubber, RSS3",Raw Materials,($/kg),0.42,-4.55,-16.0,-19.23,-20.75,-0.55
1970-05-01,1970,5,"Rubber, RSS3",Raw Materials,($/kg),0.41,-2.38,-14.58,-18.0,-22.64,-0.13
1970-06-01,1970,6,"Rubber, RSS3",Raw Materials,($/kg),0.41,0.0,-6.82,-19.61,-21.15,0.23
1970-07-01,1970,7,"Rubber, RSS3",Raw Materials,($/kg),0.38,-7.32,-9.52,-29.63,-22.45,-0.91
1970-08-01,1970,8,"Rubber, RSS3",Raw Materials,($/kg),0.37,-2.63,-9.76,-36.21,-22.92,0.01
1970-09-01,1970,9,"Rubber, RSS3",Raw Materials,($/kg),0.36,-2.7,-12.2,-33.33,-25.0,0.17
1970-10-01,1970,10,"Rubber, RSS3",Raw Materials,($/kg),0.35,-2.78,-7.89,-30.0,-25.53,0.09
1970-11-01,1970,11,"Rubber, RSS3",Raw Materials,($/kg),0.37,5.71,0.0,-17.78,-24.49,1.78
1970-12-01,1970,12,"Rubber, RSS3",Raw Materials,($/kg),0.37,0.0,2.78,-21.28,-26.0,0.32
1971-01-01,1971,1,"Rubber, RSS3",Raw Materials,($/kg),0.35,-5.41,0.0,-30.0,-31.37,-0.79
1971-02-01,1971,2,"Rubber, RSS3",Raw Materials,($/kg),0.33,-5.71,-10.81,-31.25,-35.29,-0.77
1971-03-01,1971,3,"Rubber, RSS3",Raw Materials,($/kg),0.34,3.03,-8.11,-22.73,-32.0,1.6
1971-04-01,1971,4,"Rubber, RSS3",Raw Materials,($/kg),0.36,5.88,2.86,-14.29,-25.0,2.12
1971-05-01,1971,5,"Rubber, RSS3",Raw Materials,($/kg),0.38,5.56,15.15,-7.32,-22.45,1.57
1971-06-01,1971,6,"Rubber, RSS3",Raw Materials,($/kg),0.34,-10.53,0.0,-17.07,-27.66,-2.13
1971-07-01,1971,7,"Rubber, RSS3",Raw Materials,($/kg),0.33,-2.94,-8.33,-13.16,-29.79,-0.28
1971-08-01,1971,8,"Rubber, RSS3",Raw Materials,($/kg),0.32,-3.03,-15.79,-13.51,-30.43,-0.38
1971-09-01,1971,9,"Rubber, RSS3",Raw Materials,($/kg),0.32,0.0,-5.88,-11.11,-25.58,0.21
1971-10-01,1971,10,"Rubber, RSS3",Raw Materials,($/kg),0.32,0.0,-3.03,-8.57,-28.89,0.16
1971-11-01,1971,11,"Rubber, RSS3",Raw Materials,($/kg),0.32,0.0,0.0,-13.51,-28.89,0.12
1971-12-01,1971,12,"Rubber, RSS3",Raw Materials,($/kg),0.29,-9.38,-9.38,-21.62,-32.56,-1.73
1972-01-01,1972,1,"Rubber, RSS3",Raw Materials,($/kg),0.32,10.34,0.0,-8.57,-25.58,2.3
1972-02-01,1972,2,"Rubber, RSS3",Raw Materials,($/kg),0.31,-3.12,-3.12,-6.06,-24.39,-0.41
1972-03-01,1972,3,"Rubber, RSS3",Raw Materials,($/kg),0.31,0.0,6.9,-8.82,-24.39,0.06
1972-04-01,1972,4,"Rubber, RSS3",Raw Materials,($/kg),0.31,0.0,-3.12,-13.89,-24.39,0.1
1972-05-01,1972,5,"Rubber, RSS3",Raw Materials,($/kg),0.33,6.45,6.45,-13.16,-17.5,1.34
1972-06-01,1972,6,"Rubber, RSS3",Raw Materials,($/kg),0.33,0.0,6.45,-2.94,-19.51,0.18
1972-07-01,1972,7,"Rubber, RSS3",Raw Materials,($/kg),0.32,-3.03,3.23,-3.03,-20.0,-0.59
1972-08-01,1972,8,"Rubber, RSS3",Raw Materials,($/kg),0.32,0.0,-3.03,0.0,-13.51,0.03
1972-09-01,1972,9,"Rubber, RSS3",Raw Materials,($/kg),0.31,-3.12,-6.06,-3.12,-13.89,-0.67
1972-10-01,1972,10,"Rubber, RSS3",Raw Materials,($/kg),0.36,16.13,12.5,12.5,0.0,3.32
1972-11-01,1972,11,"Rubber, RSS3",Raw Materials,($/kg),0.37,2.78,15.62,15.62,5.71,0.23
1972-12-01,1972,12,"Rubber, RSS3",Raw Materials,($/kg),0.4,8.11,29.03,37.93,11.11,0.98
1973-01-01,1973,1,"Rubber, RSS3",Raw Materials,($/kg),0.44,10.0,22.22,37.5,25.71,1.16
1973-02-01,1973,2,"Rubber, RSS3",Raw Materials,($/kg),0.46,4.55,24.32,48.39,39.39,0.28
1973-03-01,1973,3,"Rubber, RSS3",Raw Materials,($/kg),0.55,19.57,37.5,77.42,52.78,2.78
1973-04-01,1973,4,"Rubber, RSS3",Raw Materials,($/kg),0.54,-1.82,22.73,74.19,50.0,-0.95
1973-05-01,1973,5,"Rubber, RSS3",Raw Materials,($/kg),0.55,1.85,19.57,66.67,48.65,-0.42
1973-06-01,1973,6,"Rubber, RSS3",Raw Materials,($/kg),0.67,21.82,21.82,103.03,67.5,2.31
1973-07-01,1973,7,"Rubber, RSS3",Raw Materials,($/kg),0.85,26.87,57.41,165.62,117.95,2.33
1973-08-01,1973,8,"Rubber, RSS3",Raw Materials,($/kg),0.82,-3.53,49.09,156.25,105.0,-1.24
1973-09-01,1973,9,"Rubber, RSS3",Raw Materials,($/kg),0.73,-10.98,8.96,135.48,87.18,-1.89
1973-10-01,1973,10,"Rubber, RSS3",Raw Materials,($/kg),0.71,-2.74,-16.47,97.22,73.17,-0.94
1973-11-01,1973,11,"Rubber, RSS3",Raw Materials,($/kg),0.8,12.68,-2.44,116.22,90.48,0.55
1973-12-01,1973,12,"Rubber, RSS3",Raw Materials,($/kg),1.01,26.25,38.36,152.5,140.48,1.66
1974-01-01,1974,1,"Rubber, RSS3",Raw Materials,($/kg),1.08,6.93,52.11,145.45,151.16,-0.14
1974-02-01,1974,2,"Rubber, RSS3",Raw Materials,($/kg),0.98,-9.26,22.5,113.04,108.51,-1.39
1974-03-01,1974,3,"Rubber, RSS3",Raw Materials,($/kg),0.94,-4.08,-6.93,70.91,84.31,-0.83
1974-04-01,1974,4,"Rubber, RSS3",Raw Materials,($/kg),0.84,-10.64,-22.22,55.56,61.54,-1.18
1974-05-01,1974,5,"Rubber, RSS3",Raw Materials,($/kg),0.86,2.38,-12.24,56.36,72.0,-0.16
1974-06-01,1974,6,"Rubber, RSS3",Raw Materials,($/kg),0.74,-13.95,-21.28,10.45,45.1,-1.32
1974-07-01,1974,7,"Rubber, RSS3",Raw Materials,($/kg),0.67,-9.46,-20.24,-21.18,24.07,-0.8
1974-08-01,1974,8,"Rubber, RSS3",Raw Materials,($/kg),0.68,1.49,-20.93,-17.07,17.24,0.24
1974-09-01,1974,9,"Rubber, RSS3",Raw Materials,($/kg),0.6,-11.76,-18.92,-17.81,11.11,-0.92
1974-10-01,1974,10,"Rubber, RSS3",Raw Materials,($/kg),0.58,-3.33,-13.43,-18.31,16.0,-0.2
1974-11-01,1974,11,"Rubber, RSS3",Raw Materials,($/kg),0.5,-13.79,-26.47,-37.5,11.11,-1.08
1974-12-01,1974,12,"Rubber, RSS3",Raw Materials,($/kg),0.56,12.0,-6.67,-44.55,19.15,1.33
1975-01-01,1975,1,"Rubber, RSS3",Raw Materials,($/kg),0.55,-1.79,-5.17,-49.07,10.0,0.31
1975-02-01,1975,2,"Rubber, RSS3",Raw Materials,($/kg),0.58,5.45,16.0,-40.82,20.83,1.36
1975-03-01,1975,3,"Rubber, RSS3",Raw Materials,($/kg),0.57,-1.72,1.79,-39.36,29.55,0.27
1975-04-01,1975,4,"Rubber, RSS3",Raw Materials,($/kg),0.53,-7.02,-3.64,-36.9,26.19,-0.39
1975-05-01,1975,5,"Rubber, RSS3",Raw Materials,($/kg),0.53,0.0,-8.62,-38.37,29.27,0.43
1975-06-01,1975,6,"Rubber, RSS3",Raw Materials,($/kg),0.54,1.89,-5.26,-27.03,31.71,0.7
1975-07-01,1975,7,"Rubber, RSS3",Raw Materials,($/kg),0.57,5.56,7.55,-14.93,50.0,1.07
1975-08-01,1975,8,"Rubber, RSS3",Raw Materials,($/kg),0.59,3.51,11.32,-13.24,59.46,0.63
1975-09-01,1975,9,"Rubber, RSS3",Raw Materials,($/kg),0.56,-5.08,3.7,-6.67,55.56,-0.56
1975-10-01,1975,10,"Rubber, RSS3",Raw Materials,($/kg),0.53,-5.36,-7.02,-8.62,51.43,-0.74
1975-11-01,1975,11,"Rubber, RSS3",Raw Materials,($/kg),0.57,7.55,-3.39,14.0,54.05,1.18
1975-12-01,1975,12,"Rubber, RSS3",Raw Materials,($/kg),0.62,8.77,10.71,10.71,67.57,1.3
1976-01-01,1976,1,"Rubber, RSS3",Raw Materials,($/kg),0.64,3.23,20.75,16.36,82.86,0.42
1976-02-01,1976,2,"Rubber, RSS3",Raw Materials,($/kg),0.71,10.94,24.56,22.41,115.15,1.81
1976-03-01,1976,3,"Rubber, RSS3",Raw Materials,($/kg),0.74,4.23,19.35,29.82,117.65,0.41
1976-04-01,1976,4,"Rubber, RSS3",Raw Materials,($/kg),0.75,1.35,17.19,41.51,108.33,-0.17
1976-05-01,1976,5,"Rubber, RSS3",Raw Materials,($/kg),0.81,8.0,14.08,52.83,113.16,0.99
1976-06-01,1976,6,"Rubber, RSS3",Raw Materials,($/kg),0.85,4.94,14.86,57.41,150.0,0.24
1976-07-01,1976,7,"Rubber, RSS3",Raw Materials,($/kg),0.79,-7.06,5.33,38.6,139.39,-2.18
1976-08-01,1976,8,"Rubber, RSS3",Raw Materials,($/kg),0.78,-1.27,-3.7,32.2,143.75,-0.71
1976-09-01,1976,9,"Rubber, RSS3",Raw Materials,($/kg),0.77,-1.28,-9.41,37.5,140.62,-0.63
1976-10-01,1976,10,"Rubber, RSS3",Raw Materials,($/kg),0.83,7.79,5.06,56.6,159.38,0.87
1976-11-01,1976,11,"Rubber, RSS3",Raw Materials,($/kg),0.83,0.0,6.41,45.61,159.38,-0.75
1976-12-01,1976,12,"Rubber, RSS3",Raw Materials,($/kg),0.79,-4.82,2.6,27.42,172.41,-1.56
1977-01-01,1977,1,"Rubber, RSS3",Raw Materials,($/kg),0.82,3.8,-1.2,28.12,156.25,0.3
1977-02-01,1977,2,"Rubber, RSS3",Raw Materials,($/kg),0.82,0.0,-1.2,15.49,164.52,-0.41
1977-03-01,1977,3,"Rubber, RSS3",Raw Materials,($/kg),0.82,0.0,3.8,10.81,164.52,-0.28
1977-04-01,1977,4,"Rubber, RSS3",Raw Materials,($/kg),0.79,-3.66,-3.66,5.33,154.84,-1.01
1977-05-01,1977,5,"Rubber, RSS3",Raw Materials,($/kg),0.78,-1.27,-4.88,-3.7,136.36,-0.38
1977-06-01,1977,6,"Rubber, RSS3",Raw Materials,($/kg),0.77,-1.28,-6.1,-9.41,133.33,-0.25
1977-07-01,1977,7,"Rubber, RSS3",Raw Materials,($/kg),0.77,0.0,-2.53,-2.53,140.62,0.2
1977-08-01,1977,8,"Rubber, RSS3",Raw Materials,($/kg),0.8,3.9,2.56,2.56,150.0,1.24
1977-09-01,1977,9,"Rubber, RSS3",Raw Materials,($/kg),0.86,7.5,11.69,11.69,177.42,2.1
1977-10-01,1977,10,"Rubber, RSS3",Raw Materials,($/kg),0.87,1.16,12.99,4.82,141.67,0.04
1977-11-01,1977,11,"Rubber, RSS3",Raw Materials,($/kg),0.86,-1.15,7.5,3.61,132.43,-0.47
1977-12-01,1977,12,"Rubber, RSS3",Raw Materials,($/kg),0.83,-3.49,-3.49,5.06,107.5,-1.13
1978-01-01,1978,1,"Rubber, RSS3",Raw Materials,($/kg),0.85,2.41,-2.3,3.66,93.18,0.6
1978-02-01,1978,2,"Rubber, RSS3",Raw Materials,($/kg),0.86,1.18,0.0,4.88,86.96,0.27
1978-03-01,1978,3,"Rubber, RSS3",Raw Materials,($/kg),0.87,1.16,4.82,6.1,58.18,0.23
1978-04-01,1978,4,"Rubber, RSS3",Raw Materials,($/kg),0.86,-1.15,1.18,8.86,59.26,-0.54
1978-05-01,1978,5,"Rubber, RSS3",Raw Materials,($/kg),0.91,5.81,5.81,16.67,65.45,1.75
1978-06-01,1978,6,"Rubber, RSS3",Raw Materials,($/kg),0.98,7.69,12.64,27.27,46.27,2.01
1978-07-01,1978,7,"Rubber, RSS3",Raw Materials,($/kg),0.98,0.0,13.95,27.27,15.29,-0.59
1978-08-01,1978,8,"Rubber, RSS3",Raw Materials,($/kg),1.03,5.1,13.19,28.75,25.61,0.86
1978-09-01,1978,9,"Rubber, RSS3",Raw Materials,($/kg),1.09,5.83,11.22,26.74,49.32,1.01
1978-10-01,1978,10,"Rubber, RSS3",Raw Materials,($/kg),1.16,6.42,18.37,33.33,63.38,1.29
1978-11-01,1978,11,"Rubber, RSS3",Raw Materials,($/kg),1.14,-1.72,10.68,32.56,42.5,-1.17
1978-12-01,1978,12,"Rubber, RSS3",Raw Materials,($/kg),1.08,-5.26,-0.92,30.12,6.93,-2.1
1979-01-01,1979,1,"Rubber, RSS3",Raw Materials,($/kg),1.07,-0.93,-7.76,25.88,-0.93,-0.81
1979-02-01,1979,2,"Rubber, RSS3",Raw Materials,($/kg),1.13,5.61,-0.88,31.4,15.31,0.89
1979-03-01,1979,3,"Rubber, RSS3",Raw Materials,($/kg),1.16,2.65,7.41,33.33,23.4,0.07
1979-04-01,1979,4,"Rubber, RSS3",Raw Materials,($/kg),1.24,6.9,15.89,44.19,47.62,1.06
1979-05-01,1979,5,"Rubber, RSS3",Raw Materials,($/kg),1.28,3.23,13.27,40.66,48.84,0.01
1979-06-01,1979,6,"Rubber, RSS3",Raw Materials,($/kg),1.38,7.81,18.97,40.82,86.49,1.19
1979-07-01,1979,7,"Rubber, RSS3",Raw Materials,($/kg),1.33,-3.62,7.26,35.71,98.51,-1.61
1979-08-01,1979,8,"Rubber, RSS3",Raw Materials,($/kg),1.31,-1.5,2.34,27.18,92.65,-0.94
1979-09-01,1979,9,"Rubber, RSS3",Raw Materials,($/kg),1.3,-0.76,-5.8,19.27,116.67,-0.64
1979-10-01,1979,10,"Rubber, RSS3",Raw Materials,($/kg),1.3,0.0,-2.26,12.07,124.14,-0.35
1979-11-01,1979,11,"Rubber, RSS3",Raw Materials,($/kg),1.31,0.77,0.0,14.91,162.0,-0.06
1979-12-01,1979,12,"Rubber, RSS3",Raw Materials,($/kg),1.34,2.29,3.08,24.07,139.29,0.26
1980-01-01,1980,1,"Rubber, RSS3",Raw Materials,($/kg),1.52,13.43,16.92,42.06,176.36,3.26
1980-02-01,1980,2,"Rubber, RSS3",Raw Materials,($/kg),1.66,9.21,26.72,46.9,186.21,1.3
1980-03-01,1980,3,"Rubber, RSS3",Raw Materials,($/kg),1.46,-12.05,8.96,25.86,156.14,-3.07
1980-04-01,1980,4,"Rubber, RSS3",Raw Materials,($/kg),1.33,-8.9,-12.5,7.26,150.94,-1.64
1980-05-01,1980,5,"Rubber, RSS3",Raw Materials,($/kg),1.33,0.0,-19.88,3.91,150.94,-0.11
1980-06-01,1980,6,"Rubber, RSS3",Raw Materials,($/kg),1.36,2.26,-6.85,-1.45,151.85,0.24
1980-07-01,1980,7,"Rubber, RSS3",Raw Materials,($/kg),1.35,-0.74,1.5,1.5,136.84,-0.12
1980-08-01,1980,8,"Rubber, RSS3",Raw Materials,($/kg),1.4,3.7,5.26,6.87,137.29,0.5
1980-09-01,1980,9,"Rubber, RSS3",Raw Materials,($/kg),1.46,4.29,7.35,12.31,160.71,0.52
1980-10-01,1980,10,"Rubber, RSS3",Raw Materials,($/kg),1.42,-2.74,5.19,9.23,167.92,-0.57
1980-11-01,1980,11,"Rubber, RSS3",Raw Materials,($/kg),1.42,0.0,1.43,8.4,149.12,-0.14
1980-12-01,1980,12,"Rubber, RSS3",Raw Materials,($/kg),1.38,-2.82,-5.48,2.99,122.58,-0.53
1981-01-01,1981,1,"Rubber, RSS3",Raw Materials,($/kg),1.37,-0.72,-3.52,-9.87,114.06,-0.17
1981-02-01,1981,2,"Rubber, RSS3",Raw Materials,($/kg),1.32,-3.65,-7.04,-20.48,85.92,-0.52
1981-03-01,1981,3,"Rubber, RSS3",Raw Materials,($/kg),1.26,-4.55,-8.7,-13.7,70.27,-0.58
1981-04-01,1981,4,"Rubber, RSS3",Raw Materials,($/kg),1.15,-8.73,-16.06,-13.53,53.33,-2.04
1981-05-01,1981,5,"Rubber, RSS3",Raw Materials,($/kg),1.16,0.87,-12.12,-12.78,43.21,0.55
1981-06-01,1981,6,"Rubber, RSS3",Raw Materials,($/kg),1.14,-1.72,-9.52,-16.18,34.12,-0.18
1981-07-01,1981,7,"Rubber, RSS3",Raw Materials,($/kg),1.03,-9.65,-10.43,-23.7,30.38,-2.32
1981-08-01,1981,8,"Rubber, RSS3",Raw Materials,($/kg),1.07,3.88,-7.76,-23.57,37.18,1.41
1981-09-01,1981,9,"Rubber, RSS3",Raw Materials,($/kg),1.06,-0.93,-7.02,-27.4,37.66,0.28
1981-10-01,1981,10,"Rubber, RSS3",Raw Materials,($/kg),1.02,-3.77,-0.97,-28.17,22.89,-0.32
1981-11-01,1981,11,"Rubber, RSS3",Raw Materials,($/kg),0.99,-2.94,-7.48,-30.28,19.28,-0.08
1981-12-01,1981,12,"Rubber, RSS3",Raw Materials,($/kg),0.9,-9.09,-15.09,-34.78,13.92,-1.66
1982-01-01,1982,1,"Rubber, RSS3",Raw Materials,($/kg),0.91,1.11,-10.78,-33.58,10.98,1.09
1982-02-01,1982,2,"Rubber, RSS3",Raw Materials,($/kg),0.88,-3.3,-11.11,-33.33,7.32,-0.01
1982-03-01,1982,3,"Rubber, RSS3",Raw Materials,($/kg),0.88,0.0,-2.22,-30.16,7.32,0.76
1982-04-01,1982,4,"Rubber, RSS3",Raw Materials,($/kg),0.89,1.14,-2.2,-22.61,12.66,0.92
1982-05-01,1982,5,"Rubber, RSS3",Raw Materials,($/kg),0.9,1.12,2.27,-22.41,15.38,0.78
1982-06-01,1982,6,"Rubber, RSS3",Raw Materials,($/kg),0.84,-6.67,-4.55,-26.32,9.09,-1.14
1982-07-01,1982,7,"Rubber, RSS3",Raw Materials,($/kg),0.83,-1.19,-6.74,-19.42,7.79,0.29
1982-08-01,1982,8,"Rubber, RSS3",Raw Materials,($/kg),0.84,1.2,-6.67,-21.5,5.0,0.8
1982-09-01,1982,9,"Rubber, RSS3",Raw Materials,($/kg),0.85,1.19,1.19,-19.81,-1.16,0.94
1982-10-01,1982,10,"Rubber, RSS3",Raw Materials,($/kg),0.85,0.0,2.41,-16.67,-2.3,0.51
1982-11-01,1982,11,"Rubber, RSS3",Raw Materials,($/kg),0.83,-2.35,-1.19,-16.16,-3.49,-0.26
1982-12-01,1982,12,"Rubber, RSS3",Raw Materials,($/kg),0.8,-3.61,-5.88,-11.11,-3.61,-0.65
1983-01-01,1983,1,"Rubber, RSS3",Raw Materials,($/kg),0.82,2.5,-3.53,-9.89,-3.53,1.35
1983-02-01,1983,2,"Rubber, RSS3",Raw Materials,($/kg),0.94,14.63,13.25,6.82,9.3,5.78
1983-03-01,1983,3,"Rubber, RSS3",Raw Materials,($/kg),1.06,12.77,32.5,20.45,21.84,2.38
1983-04-01,1983,4,"Rubber, RSS3",Raw Materials,($/kg),1.13,6.6,37.8,26.97,31.4,0.79
1983-05-01,1983,5,"Rubber, RSS3",Raw Materials,($/kg),1.05,-7.08,11.7,16.67,15.38,-1.47
1983-06-01,1983,6,"Rubber, RSS3",Raw Materials,($/kg),1.08,2.86,1.89,28.57,10.2,0.2
1983-07-01,1983,7,"Rubber, RSS3",Raw Materials,($/kg),1.13,4.63,0.0,36.14,15.31,0.37
1983-08-01,1983,8,"Rubber, RSS3",Raw Materials,($/kg),1.13,0.0,7.62,34.52,9.71,-0.44
1983-09-01,1983,9,"Rubber, RSS3",Raw Materials,($/kg),1.09,-3.54,0.93,28.24,0.0,-0.98
1983-10-01,1983,10,"Rubber, RSS3",Raw Materials,($/kg),1.09,0.0,-3.54,28.24,-6.03,-0.35
1983-11-01,1983,11,"Rubber, RSS3",Raw Materials,($/kg),1.11,1.83,-1.77,33.73,-2.63,-0.07
1983-12-01,1983,12,"Rubber, RSS3",Raw Materials,($/kg),1.13,1.8,3.67,41.25,4.63,-0.13
1984-01-01,1984,1,"Rubber, RSS3",Raw Materials,($/kg),1.14,0.88,4.59,39.02,6.54,-0.36
1984-02-01,1984,2,"Rubber, RSS3",Raw Materials,($/kg),1.14,0.0,2.7,21.28,0.88,-0.48
1984-03-01,1984,3,"Rubber, RSS3",Raw Materials,($/kg),1.12,-1.75,-0.88,5.66,-3.45,-0.7
1984-04-01,1984,4,"Rubber, RSS3",Raw Materials,($/kg),1.07,-4.46,-6.14,-5.31,-13.71,-1.38
1984-05-01,1984,5,"Rubber, RSS3",Raw Materials,($/kg),0.98,-8.41,-14.04,-6.67,-23.44,-2.42
1984-06-01,1984,6,"Rubber, RSS3",Raw Materials,($/kg),0.88,-10.2,-21.43,-18.52,-36.23,-2.72
1984-07-01,1984,7,"Rubber, RSS3",Raw Materials,($/kg),0.89,1.14,-16.82,-21.24,-33.08,0.63
1984-08-01,1984,8,"Rubber, RSS3",Raw Materials,($/kg),0.91,2.25,-7.14,-19.47,-30.53,1.03
1984-09-01,1984,9,"Rubber, RSS3",Raw Materials,($/kg),0.92,1.1,4.55,-15.6,-29.23,0.68
1984-10-01,1984,10,"Rubber, RSS3",Raw Materials,($/kg),0.85,-7.61,-4.49,-22.02,-34.62,-1.51
1984-11-01,1984,11,"Rubber, RSS3",Raw Materials,($/kg),0.81,-4.71,-10.99,-27.03,-38.17,-0.61
1984-12-01,1984,12,"Rubber, RSS3",Raw Materials,($/kg),0.79,-2.47,-14.13,-30.09,-41.04,0.01
1985-01-01,1985,1,"Rubber, RSS3",Raw Materials,($/kg),0.76,-3.8,-10.59,-33.33,-50.0,-0.22
1985-02-01,1985,2,"Rubber, RSS3",Raw Materials,($/kg),0.74,-2.63,-8.64,-35.09,-55.42,0.15
1985-03-01,1985,3,"Rubber, RSS3",Raw Materials,($/kg),0.74,0.0,-6.33,-33.93,-49.32,0.88
1985-04-01,1985,4,"Rubber, RSS3",Raw Materials,($/kg),0.79,6.76,3.95,-26.17,-40.6,2.51
1985-05-01,1985,5,"Rubber, RSS3",Raw Materials,($/kg),0.77,-2.53,4.05,-21.43,-42.11,-0.03
1985-06-01,1985,6,"Rubber, RSS3",Raw Materials,($/kg),0.81,5.19,9.46,-7.95,-40.44,1.56
1985-07-01,1985,7,"Rubber, RSS3",Raw Materials,($/kg),0.78,-3.7,-1.27,-12.36,-42.22,-0.75
1985-08-01,1985,8,"Rubber, RSS3",Raw Materials,($/kg),0.76,-2.56,-1.3,-16.48,-45.71,-0.37
1985-09-01,1985,9,"Rubber, RSS3",Raw Materials,($/kg),0.73,-3.95,-9.88,-20.65,-50.0,-0.62
1985-10-01,1985,10,"Rubber, RSS3",Raw Materials,($/kg),0.75,2.74,-3.85,-11.76,-47.18,1.12
1985-11-01,1985,11,"Rubber, RSS3",Raw Materials,($/kg),0.74,-1.33,-2.63,-8.64,-47.89,-0.09
1985-12-01,1985,12,"Rubber, RSS3",Raw Materials,($/kg),0.73,-1.35,0.0,-7.59,-47.1,-0.18
1986-01-01,1986,1,"Rubber, RSS3",Raw Materials,($/kg),0.74,1.37,-1.33,-2.63,-45.99,0.55
1986-02-01,1986,2,"Rubber, RSS3",Raw Materials,($/kg),0.79,6.76,6.76,6.76,-40.15,1.98
1986-03-01,1986,3,"Rubber, RSS3",Raw Materials,($/kg),0.78,-1.27,6.85,5.41,-38.1,-0.48
1986-04-01,1986,4,"Rubber, RSS3",Raw Materials,($/kg),0.75,-3.85,1.35,-5.06,-34.78,-1.1
1986-05-01,1986,5,"Rubber, RSS3",Raw Materials,($/kg),0.77,2.67,-2.53,0.0,-33.62,0.84
1986-06-01,1986,6,"Rubber, RSS3",Raw Materials,($/kg),0.78,1.3,0.0,-3.7,-31.58,0.34
1986-07-01,1986,7,"Rubber, RSS3",Raw Materials,($/kg),0.81,3.85,8.0,3.85,-21.36,1.25
1986-08-01,1986,8,"Rubber, RSS3",Raw Materials,($/kg),0.84,3.7,9.09,10.53,-21.5,1.01
1986-09-01,1986,9,"Rubber, RSS3",Raw Materials,($/kg),0.86,2.38,10.26,17.81,-18.87,0.46
1986-10-01,1986,10,"Rubber, RSS3",Raw Materials,($/kg),0.88,2.33,8.64,17.33,-13.73,0.31
1986-11-01,1986,11,"Rubber, RSS3",Raw Materials,($/kg),0.84,-4.55,0.0,13.51,-15.15,-2.04
1986-12-01,1986,12,"Rubber, RSS3",Raw Materials,($/kg),0.84,0.0,-2.33,15.07,-6.67,-0.34
1987-01-01,1987,1,"Rubber, RSS3",Raw Materials,($/kg),0.88,4.76,0.0,18.92,-3.3,1.09
1987-02-01,1987,2,"Rubber, RSS3",Raw Materials,($/kg),0.9,2.27,7.14,13.92,2.27,0.23
1987-03-01,1987,3,"Rubber, RSS3",Raw Materials,($/kg),0.9,0.0,7.14,15.38,2.27,-0.38
1987-04-01,1987,4,"Rubber, RSS3",Raw Materials,($/kg),0.93,3.33,5.68,24.0,4.49,0.72
1987-05-01,1987,5,"Rubber, RSS3",Raw Materials,($/kg),0.95,2.15,5.56,23.38,5.56,0.13
1987-06-01,1987,6,"Rubber, RSS3",Raw Materials,($/kg),0.98,3.16,8.89,25.64,16.67,0.55
1987-07-01,1987,7,"Rubber, RSS3",Raw Materials,($/kg),1.02,4.08,9.68,25.93,22.89,0.86
1987-08-01,1987,8,"Rubber, RSS3",Raw Materials,($/kg),1.03,0.98,8.42,22.62,22.62,-0.39
1987-09-01,1987,9,"Rubber, RSS3",Raw Materials,($/kg),1.06,2.91,8.16,23.26,24.71,0.48
1987-10-01,1987,10,"Rubber, RSS3",Raw Materials,($/kg),1.05,-0.94,2.94,19.32,23.53,-1.1
1987-11-01,1987,11,"Rubber, RSS3",Raw Materials,($/kg),1.04,-0.95,0.97,23.81,25.3,-0.95
1987-12-01,1987,12,"Rubber, RSS3",Raw Materials,($/kg),1.09,4.81,2.83,29.76,36.25,1.53
1988-01-01,1988,1,"Rubber, RSS3",Raw Materials,($/kg),1.1,0.92,4.76,25.0,34.15,-0.64
1988-02-01,1988,2,"Rubber, RSS3",Raw Materials,($/kg),1.09,-0.91,4.81,21.11,15.96,-1.47
1988-03-01,1988,3,"Rubber, RSS3",Raw Materials,($/kg),1.12,2.75,2.75,24.44,5.66,0.55
1988-04-01,1988,4,"Rubber, RSS3",Raw Materials,($/kg),1.19,6.25,8.18,27.96,5.31,2.18
1988-05-01,1988,5,"Rubber, RSS3",Raw Materials,($/kg),1.3,9.24,19.27,36.84,23.81,3.03
1988-06-01,1988,6,"Rubber, RSS3",Raw Materials,($/kg),1.46,12.31,30.36,48.98,35.19,3.07
1988-07-01,1988,7,"Rubber, RSS3",Raw Materials,($/kg),1.32,-9.59,10.92,29.41,16.81,-3.11
1988-08-01,1988,8,"Rubber, RSS3",Raw Materials,($/kg),1.29,-2.27,-0.77,25.24,14.16,-0.82
1988-09-01,1988,9,"Rubber, RSS3",Raw Materials,($/kg),1.19,-7.75,-18.49,12.26,9.17,-1.7
1988-10-01,1988,10,"Rubber, RSS3",Raw Materials,($/kg),1.06,-10.92,-19.7,0.95,-2.75,-1.89
1988-11-01,1988,11,"Rubber, RSS3",Raw Materials,($/kg),1.03,-2.83,-20.16,-0.96,-7.21,-0.43
1988-12-01,1988,12,"Rubber, RSS3",Raw Materials,($/kg),1.07,3.88,-10.08,-1.83,-5.31,0.51
1989-01-01,1989,1,"Rubber, RSS3",Raw Materials,($/kg),1.12,4.67,5.66,1.82,-1.75,0.63
1989-02-01,1989,2,"Rubber, RSS3",Raw Materials,($/kg),1.12,0.0,8.74,2.75,-1.75,-0.05
1989-03-01,1989,3,"Rubber, RSS3",Raw Materials,($/kg),1.09,-2.68,1.87,-2.68,-2.68,-0.43
1989-04-01,1989,4,"Rubber, RSS3",Raw Materials,($/kg),1.1,0.92,-1.79,-7.56,2.8,0.12
1989-05-01,1989,5,"Rubber, RSS3",Raw Materials,($/kg),1.02,-7.27,-8.93,-21.54,4.08,-0.96
1989-06-01,1989,6,"Rubber, RSS3",Raw Materials,($/kg),0.95,-6.86,-12.84,-34.93,7.95,-0.76
1989-07-01,1989,7,"Rubber, RSS3",Raw Materials,($/kg),0.95,0.0,-13.64,-28.03,6.74,0.66
1989-08-01,1989,8,"Rubber, RSS3",Raw Materials,($/kg),0.9,-5.26,-11.76,-30.23,-1.1,-0.55
1989-09-01,1989,9,"Rubber, RSS3",Raw Materials,($/kg),0.87,-3.33,-8.42,-26.89,-5.43,-0.1
1989-10-01,1989,10,"Rubber, RSS3",Raw Materials,($/kg),0.85,-2.3,-10.53,-19.81,0.0,0.04
1989-11-01,1989,11,"Rubber, RSS3",Raw Materials,($/kg),0.84,-1.18,-6.67,-18.45,3.7,0.15
1989-12-01,1989,12,"Rubber, RSS3",Raw Materials,($/kg),0.84,0.0,-3.45,-21.5,6.33,0.43
1990-01-01,1990,1,"Rubber, RSS3",Raw Materials,($/kg),0.83,-1.19,-2.35,-25.89,9.21,0.22
1990-02-01,1990,2,"Rubber, RSS3",Raw Materials,($/kg),0.85,2.41,1.19,-24.11,14.86,1.75
1990-03-01,1990,3,"Rubber, RSS3",Raw Materials,($/kg),0.83,-2.35,-1.19,-23.85,12.16,-0.04
1990-04-01,1990,4,"Rubber, RSS3",Raw Materials,($/kg),0.84,1.2,1.2,-23.64,6.33,1.12
1990-05-01,1990,5,"Rubber, RSS3",Raw Materials,($/kg),0.85,1.19,0.0,-16.67,10.39,1.1
1990-06-01,1990,6,"Rubber, RSS3",Raw Materials,($/kg),0.85,0.0,2.41,-10.53,4.94,0.54
1990-07-01,1990,7,"Rubber, RSS3",Raw Materials,($/kg),0.86,1.18,2.38,-9.47,10.26,0.96
1990-08-01,1990,8,"Rubber, RSS3",Raw Materials,($/kg),0.88,2.33,3.53,-2.22,15.79,1.4
1990-09-01,1990,9,"Rubber, RSS3",Raw Materials,($/kg),0.9,2.27,5.88,3.45,23.29,1.28
1990-10-01,1990,10,"Rubber, RSS3",Raw Materials,($/kg),0.9,0.0,4.65,5.88,20.0,-0.17
1990-11-01,1990,11,"Rubber, RSS3",Raw Materials,($/kg),0.9,0.0,2.27,7.14,21.62,-0.32
1990-12-01,1990,12,"Rubber, RSS3",Raw Materials,($/kg),0.88,-2.22,-2.22,4.76,20.55,-1.92
1991-01-01,1991,1,"Rubber, RSS3",Raw Materials,($/kg),0.87,-1.14,-3.33,4.82,17.57,-0.92
1991-02-01,1991,2,"Rubber, RSS3",Raw Materials,($/kg),0.85,-2.3,-5.56,0.0,7.59,-1.63
1991-03-01,1991,3,"Rubber, RSS3",Raw Materials,($/kg),0.83,-2.35,-5.68,0.0,6.41,-1.39
1991-04-01,1991,4,"Rubber, RSS3",Raw Materials,($/kg),0.82,-1.2,-5.75,-2.38,9.33,-0.72
1991-05-01,1991,5,"Rubber, RSS3",Raw Materials,($/kg),0.82,0.0,-3.53,-3.53,6.49,0.11
1991-06-01,1991,6,"Rubber, RSS3",Raw Materials,($/kg),0.84,2.44,1.2,-1.18,7.69,1.67
1991-07-01,1991,7,"Rubber, RSS3",Raw Materials,($/kg),0.82,-2.38,0.0,-4.65,1.23,-1.26
1991-08-01,1991,8,"Rubber, RSS3",Raw Materials,($/kg),0.82,0.0,0.0,-6.82,-2.38,0.2
1991-09-01,1991,9,"Rubber, RSS3",Raw Materials,($/kg),0.81,-1.22,-3.57,-10.0,-5.81,-0.38
1991-10-01,1991,10,"Rubber, RSS3",Raw Materials,($/kg),0.83,2.47,1.22,-7.78,-5.68,2.32
1991-11-01,1991,11,"Rubber, RSS3",Raw Materials,($/kg),0.81,-2.41,-1.22,-10.0,-3.57,-1.02
1991-12-01,1991,12,"Rubber, RSS3",Raw Materials,($/kg),0.79,-2.47,-2.47,-10.23,-5.95,-0.91
1992-01-01,1992,1,"Rubber, RSS3",Raw Materials,($/kg),0.8,1.27,-3.61,-8.05,-9.09,1.2
1992-02-01,1992,2,"Rubber, RSS3",Raw Materials,($/kg),0.81,1.25,0.0,-4.71,-10.0,1.02
1992-03-01,1992,3,"Rubber, RSS3",Raw Materials,($/kg),0.83,2.47,5.06,0.0,-7.78,1.51
1992-04-01,1992,4,"Rubber, RSS3",Raw Materials,($/kg),0.86,3.61,7.5,4.88,-7.53,1.84
1992-05-01,1992,5,"Rubber, RSS3",Raw Materials,($/kg),0.87,1.16,7.41,6.1,-8.42,0.34
1992-06-01,1992,6,"Rubber, RSS3",Raw Materials,($/kg),0.88,1.15,6.02,4.76,-10.2,0.29
1992-07-01,1992,7,"Rubber, RSS3",Raw Materials,($/kg),0.88,0.0,2.33,7.32,-13.73,-0.2
1992-08-01,1992,8,"Rubber, RSS3",Raw Materials,($/kg),0.88,0.0,1.15,7.32,-14.56,-0.32
1992-09-01,1992,9,"Rubber, RSS3",Raw Materials,($/kg),0.87,-1.14,-1.14,7.41,-17.92,-0.91
1992-10-01,1992,10,"Rubber, RSS3",Raw Materials,($/kg),0.89,2.3,1.14,7.23,-15.24,0.89
1992-11-01,1992,11,"Rubber, RSS3",Raw Materials,($/kg),0.88,-1.12,0.0,8.64,-15.38,-0.91
1992-12-01,1992,12,"Rubber, RSS3",Raw Materials,($/kg),0.88,0.0,1.15,11.39,-19.27,-0.41
1993-01-01,1993,1,"Rubber, RSS3",Raw Materials,($/kg),0.91,3.41,2.25,13.75,-17.27,1.73
1993-02-01,1993,2,"Rubber, RSS3",Raw Materials,($/kg),0.89,-2.2,1.14,9.88,-18.35,-2.04
1993-03-01,1993,3,"Rubber, RSS3",Raw Materials,($/kg),0.85,-4.49,-3.41,2.41,-24.11,-2.84
1993-04-01,1993,4,"Rubber, RSS3",Raw Materials,($/kg),0.82,-3.53,-9.89,-4.65,-31.09,-1.61
1993-05-01,1993,5,"Rubber, RSS3",Raw Materials,($/kg),0.81,-1.22,-8.99,-6.9,-37.69,-0.37
1993-06-01,1993,6,"Rubber, RSS3",Raw Materials,($/kg),0.81,0.0,-4.71,-7.95,-44.52,0.25
1993-07-01,1993,7,"Rubber, RSS3",Raw Materials,($/kg),0.81,0.0,-1.22,-7.95,-38.64,0.3
1993-08-01,1993,8,"Rubber, RSS3",Raw Materials,($/kg),0.82,1.23,1.23,-6.82,-36.43,0.86
1993-09-01,1993,9,"Rubber, RSS3",Raw Materials,($/kg),0.82,0.0,1.23,-5.75,-31.09,0.25
1993-10-01,1993,10,"Rubber, RSS3",Raw Materials,($/kg),0.8,-2.44,-1.23,-10.11,-24.53,-0.87
1993-11-01,1993,11,"Rubber, RSS3",Raw Materials,($/kg),0.81,1.25,-1.22,-7.95,-21.36,0.99
1993-12-01,1993,12,"Rubber, RSS3",Raw Materials,($/kg),0.82,1.23,0.0,-6.82,-23.36,0.86
1994-01-01,1994,1,"Rubber, RSS3",Raw Materials,($/kg),0.81,-1.22,1.25,-10.99,-27.68,-0.29
1994-02-01,1994,2,"Rubber, RSS3",Raw Materials,($/kg),0.85,4.94,4.94,-4.49,-24.11,3.08
1994-03-01,1994,3,"Rubber, RSS3",Raw Materials,($/kg),0.91,7.06,10.98,7.06,-16.51,2.96
1994-04-01,1994,4,"Rubber, RSS3",Raw Materials,($/kg),0.95,4.4,17.28,15.85,-13.64,1.28
1994-05-01,1994,5,"Rubber, RSS3",Raw Materials,($/kg),0.98,3.16,15.29,20.99,-3.92,0.67
1994-06-01,1994,6,"Rubber, RSS3",Raw Materials,($/kg),1.05,7.14,15.38,29.63,10.53,2.0
1994-07-01,1994,7,"Rubber, RSS3",Raw Materials,($/kg),1.25,19.05,31.58,54.32,31.58,5.39
1994-08-01,1994,8,"Rubber, RSS3",Raw Materials,($/kg),1.26,0.8,28.57,53.66,40.0,-0.53
1994-09-01,1994,9,"Rubber, RSS3",Raw Materials,($/kg),1.27,0.79,20.95,54.88,45.98,-0.52
1994-10-01,1994,10,"Rubber, RSS3",Raw Materials,($/kg),1.37,7.87,9.6,71.25,61.18,0.71
1994-11-01,1994,11,"Rubber, RSS3",Raw Materials,($/kg),1.34,-2.19,6.35,65.43,59.52,-1.28
1994-12-01,1994,12,"Rubber, RSS3",Raw Materials,($/kg),1.47,9.7,15.75,79.27,75.0,0.93
1995-01-01,1995,1,"Rubber, RSS3",Raw Materials,($/kg),1.64,11.56,19.71,102.47,97.59,1.12
1995-02-01,1995,2,"Rubber, RSS3",Raw Materials,($/kg),1.77,7.93,32.09,108.24,108.24,0.31
1995-03-01,1995,3,"Rubber, RSS3",Raw Materials,($/kg),1.8,1.69,22.45,97.8,116.87,-0.84
1995-04-01,1995,4,"Rubber, RSS3",Raw Materials,($/kg),1.84,2.22,12.2,93.68,119.05,-0.65
1995-05-01,1995,5,"Rubber, RSS3",Raw Materials,($/kg),1.72,-6.52,-2.82,75.51,102.35,-2.08
1995-06-01,1995,6,"Rubber, RSS3",Raw Materials,($/kg),1.54,-10.47,-14.44,46.67,81.18,-2.24
1995-07-01,1995,7,"Rubber, RSS3",Raw Materials,($/kg),1.33,-13.64,-27.72,6.4,54.65,-2.11
1995-08-01,1995,8,"Rubber, RSS3",Raw Materials,($/kg),1.3,-2.26,-24.42,3.17,47.73,-0.39
1995-09-01,1995,9,"Rubber, RSS3",Raw Materials,($/kg),1.35,3.85,-12.34,6.3,50.0,0.41
1995-10-01,1995,10,"Rubber, RSS3",Raw Materials,($/kg),1.41,4.44,6.02,2.92,56.67,0.45
1995-11-01,1995,11,"Rubber, RSS3",Raw Materials,($/kg),1.61,14.18,23.85,20.15,78.89,1.74
1995-12-01,1995,12,"Rubber, RSS3",Raw Materials,($/kg),1.64,1.86,21.48,11.56,86.36,-0.0
1996-01-01,1996,1,"Rubber, RSS3",Raw Materials,($/kg),1.55,-5.49,9.93,-5.49,78.16,-0.8
1996-02-01,1996,2,"Rubber, RSS3",Raw Materials,($/kg),1.56,0.65,-3.11,-11.86,83.53,0.11
1996-03-01,1996,3,"Rubber, RSS3",Raw Materials,($/kg),1.48,-5.13,-9.76,-17.78,78.31,-0.58
1996-04-01,1996,4,"Rubber, RSS3",Raw Materials,($/kg),1.46,-1.35,-5.81,-20.65,78.05,0.0
1996-05-01,1996,5,"Rubber, RSS3",Raw Materials,($/kg),1.48,1.37,-5.13,-13.95,80.49,0.41
1996-06-01,1996,6,"Rubber, RSS3",Raw Materials,($/kg),1.47,-0.68,-0.68,-4.55,75.0,0.04
1996-07-01,1996,7,"Rubber, RSS3",Raw Materials,($/kg),1.35,-8.16,-7.53,1.5,64.63,-1.19
1996-08-01,1996,8,"Rubber, RSS3",Raw Materials,($/kg),1.3,-3.7,-12.16,0.0,58.54,-0.68
1996-09-01,1996,9,"Rubber, RSS3",Raw Materials,($/kg),1.3,0.0,-11.56,-3.7,60.49,-0.03
1996-10-01,1996,10,"Rubber, RSS3",Raw Materials,($/kg),1.24,-4.62,-8.15,-12.06,49.4,-0.77
1996-11-01,1996,11,"Rubber, RSS3",Raw Materials,($/kg),1.27,2.42,-2.31,-21.12,56.79,0.59
1996-12-01,1996,12,"Rubber, RSS3",Raw Materials,($/kg),1.26,-0.79,-3.08,-23.17,59.49,0.33
1997-01-01,1997,1,"Rubber, RSS3",Raw Materials,($/kg),1.23,-2.38,-0.81,-20.65,53.75,-0.08
1997-02-01,1997,2,"Rubber, RSS3",Raw Materials,($/kg),1.22,-0.81,-3.94,-21.79,50.62,0.34
1997-03-01,1997,3,"Rubber, RSS3",Raw Materials,($/kg),1.23,0.82,-2.38,-16.89,48.19,0.94
1997-04-01,1997,4,"Rubber, RSS3",Raw Materials,($/kg),1.15,-6.5,-6.5,-21.23,33.72,-1.73
1997-05-01,1997,5,"Rubber, RSS3",Raw Materials,($/kg),1.11,-3.48,-9.02,-25.0,27.59,-0.48
1997-06-01,1997,6,"Rubber, RSS3",Raw Materials,($/kg),1.11,0.0,-9.76,-24.49,26.14,0.75
1997-07-01,1997,7,"Rubber, RSS3",Raw Materials,($/kg),0.94,-15.32,-18.26,-30.37,6.82,-4.17
1997-08-01,1997,8,"Rubber, RSS3",Raw Materials,($/kg),0.92,-2.13,-17.12,-29.23,4.55,0.16
1997-09-01,1997,9,"Rubber, RSS3",Raw Materials,($/kg),0.87,-5.43,-21.62,-33.08,0.0,-0.58
1997-10-01,1997,10,"Rubber, RSS3",Raw Materials,($/kg),0.87,0.0,-7.45,-29.84,-2.25,0.69
1997-11-01,1997,11,"Rubber, RSS3",Raw Materials,($/kg),0.84,-3.45,-8.7,-33.86,-4.55,-0.14
1997-12-01,1997,12,"Rubber, RSS3",Raw Materials,($/kg),0.73,-13.1,-16.09,-42.06,-17.05,-2.23
1998-01-01,1998,1,"Rubber, RSS3",Raw Materials,($/kg),0.68,-6.85,-21.84,-44.72,-25.27,-0.49
1998-02-01,1998,2,"Rubber, RSS3",Raw Materials,($/kg),0.82,20.59,-2.38,-32.79,-7.87,4.91
1998-03-01,1998,3,"Rubber, RSS3",Raw Materials,($/kg),0.74,-9.76,1.37,-39.84,-12.94,-0.77
1998-04-01,1998,4,"Rubber, RSS3",Raw Materials,($/kg),0.77,4.05,13.24,-33.04,-6.1,0.87
1998-05-01,1998,5,"Rubber, RSS3",Raw Materials,($/kg),0.78,1.3,-4.88,-29.73,-3.7,0.45
1998-06-01,1998,6,"Rubber, RSS3",Raw Materials,($/kg),0.7,-10.26,-5.41,-36.94,-13.58,-0.83
1998-07-01,1998,7,"Rubber, RSS3",Raw Materials,($/kg),0.7,0.0,-9.09,-25.53,-13.58,0.35
1998-08-01,1998,8,"Rubber, RSS3",Raw Materials,($/kg),0.65,-7.14,-16.67,-29.35,-20.73,-0.57
1998-09-01,1998,9,"Rubber, RSS3",Raw Materials,($/kg),0.68,4.62,-2.86,-21.84,-17.07,0.8
1998-10-01,1998,10,"Rubber, RSS3",Raw Materials,($/kg),0.73,7.35,4.29,-16.09,-8.75,0.99
1998-11-01,1998,11,"Rubber, RSS3",Raw Materials,($/kg),0.72,-1.37,10.77,-14.29,-11.11,-0.03
1998-12-01,1998,12,"Rubber, RSS3",Raw Materials,($/kg),0.67,-6.94,-1.47,-8.22,-18.29,-0.64
1999-01-01,1999,1,"Rubber, RSS3",Raw Materials,($/kg),0.71,5.97,-2.74,4.41,-12.35,0.72
1999-02-01,1999,2,"Rubber, RSS3",Raw Materials,($/kg),0.69,-2.82,-4.17,-15.85,-18.82,-0.4
1999-03-01,1999,3,"Rubber, RSS3",Raw Materials,($/kg),0.64,-7.25,-4.48,-13.51,-29.67,-0.97
1999-04-01,1999,4,"Rubber, RSS3",Raw Materials,($/kg),0.59,-7.81,-16.9,-23.38,-37.89,-1.15
1999-05-01,1999,5,"Rubber, RSS3",Raw Materials,($/kg),0.6,1.69,-13.04,-23.08,-38.78,0.62
1999-06-01,1999,6,"Rubber, RSS3",Raw Materials,($/kg),0.6,0.0,-6.25,-14.29,-42.86,0.33
1999-07-01,1999,7,"Rubber, RSS3",Raw Materials,($/kg),0.57,-5.0,-3.39,-18.57,-54.4,-0.71
1999-08-01,1999,8,"Rubber, RSS3",Raw Materials,($/kg),0.56,-1.75,-6.67,-13.85,-55.56,-0.04
1999-09-01,1999,9,"Rubber, RSS3",Raw Materials,($/kg),0.54,-3.57,-10.0,-20.59,-57.48,-0.47
1999-10-01,1999,10,"Rubber, RSS3",Raw Materials,($/kg),0.65,20.37,14.04,-10.96,-52.55,4.5
1999-11-01,1999,11,"Rubber, RSS3",Raw Materials,($/kg),0.74,13.85,32.14,2.78,-44.78,1.88
1999-12-01,1999,12,"Rubber, RSS3",Raw Materials,($/kg),0.65,-12.16,20.37,-2.99,-55.78,-1.45
2000-01-01,2000,1,"Rubber, RSS3",Raw Materials,($/kg),0.64,-1.54,-1.54,-9.86,-60.98,-0.18
2000-02-01,2000,2,"Rubber, RSS3",Raw Materials,($/kg),0.74,15.62,0.0,7.25,-58.19,1.76
2000-03-01,2000,3,"Rubber, RSS3",Raw Materials,($/kg),0.68,-8.11,4.62,6.25,-62.22,-0.9
2000-04-01,2000,4,"Rubber, RSS3",Raw Materials,($/kg),0.7,2.94,9.38,18.64,-61.96,0.19
2000-05-01,2000,5,"Rubber, RSS3",Raw Materials,($/kg),0.69,-1.43,-6.76,15.0,-59.88,-0.33
2000-06-01,2000,6,"Rubber, RSS3",Raw Materials,($/kg),0.67,-2.9,-1.47,11.67,-56.49,-0.45
2000-07-01,2000,7,"Rubber, RSS3",Raw Materials,($/kg),0.65,-2.99,-7.14,14.04,-51.13,-0.43
2000-08-01,2000,8,"Rubber, RSS3",Raw Materials,($/kg),0.66,1.54,-4.35,17.86,-49.23,0.0
2000-09-01,2000,9,"Rubber, RSS3",Raw Materials,($/kg),0.66,0.0,-1.49,22.22,-51.11,-0.18
2000-10-01,2000,10,"Rubber, RSS3",Raw Materials,($/kg),0.66,0.0,1.54,1.54,-53.19,-0.22
2000-11-01,2000,11,"Rubber, RSS3",Raw Materials,($/kg),0.63,-4.55,-4.55,-14.86,-60.87,-0.63
2000-12-01,2000,12,"Rubber, RSS3",Raw Materials,($/kg),0.62,-1.59,-6.06,-4.62,-62.2,-0.07
2001-01-01,2001,1,"Rubber, RSS3",Raw Materials,($/kg),0.61,-1.61,-7.58,-4.69,-60.65,-0.24
2001-02-01,2001,2,"Rubber, RSS3",Raw Materials,($/kg),0.6,-1.64,-4.76,-18.92,-61.54,-0.24
2001-03-01,2001,3,"Rubber, RSS3",Raw Materials,($/kg),0.57,-5.0,-8.06,-16.18,-61.49,-1.15
2001-04-01,2001,4,"Rubber, RSS3",Raw Materials,($/kg),0.58,1.75,-4.92,-17.14,-60.27,1.38
2001-05-01,2001,5,"Rubber, RSS3",Raw Materials,($/kg),0.61,5.17,1.67,-11.59,-58.78,3.14
2001-06-01,2001,6,"Rubber, RSS3",Raw Materials,($/kg),0.62,1.64,8.77,-7.46,-57.82,0.91
2001-07-01,2001,7,"Rubber, RSS3",Raw Materials,($/kg),0.6,-3.23,3.45,-7.69,-55.56,-0.9
2001-08-01,2001,8,"Rubber, RSS3",Raw Materials,($/kg),0.59,-1.67,-3.28,-10.61,-54.62,-0.36
2001-09-01,2001,9,"Rubber, RSS3",Raw Materials,($/kg),0.58,-1.69,-6.45,-12.12,-55.38,-0.28
2001-10-01,2001,10,"Rubber, RSS3",Raw Materials,($/kg),0.54,-6.9,-10.0,-18.18,-56.45,-2.06
2001-11-01,2001,11,"Rubber, RSS3",Raw Materials,($/kg),0.51,-5.56,-13.56,-19.05,-59.84,-1.2
2001-12-01,2001,12,"Rubber, RSS3",Raw Materials,($/kg),0.49,-3.92,-15.52,-20.97,-61.11,-0.66
2002-01-01,2002,1,"Rubber, RSS3",Raw Materials,($/kg),0.57,16.33,5.56,-6.56,-53.66,5.3
2002-02-01,2002,2,"Rubber, RSS3",Raw Materials,($/kg),0.62,8.77,21.57,3.33,-49.18,1.46
2002-03-01,2002,3,"Rubber, RSS3",Raw Materials,($/kg),0.67,8.06,36.73,17.54,-45.53,1.12
2002-04-01,2002,4,"Rubber, RSS3",Raw Materials,($/kg),0.67,0.0,17.54,15.52,-41.74,-0.23
2002-05-01,2002,5,"Rubber, RSS3",Raw Materials,($/kg),0.7,4.48,12.9,14.75,-36.94,0.44
2002-06-01,2002,6,"Rubber, RSS3",Raw Materials,($/kg),0.84,20.0,25.37,35.48,-24.32,2.71
2002-07-01,2002,7,"Rubber, RSS3",Raw Materials,($/kg),0.83,-1.19,23.88,38.33,-11.7,-0.47
2002-08-01,2002,8,"Rubber, RSS3",Raw Materials,($/kg),0.86,3.61,22.86,45.76,-6.52,0.06
2002-09-01,2002,9,"Rubber, RSS3",Raw Materials,($/kg),0.89,3.49,5.95,53.45,2.3,-0.0
2002-10-01,2002,10,"Rubber, RSS3",Raw Materials,($/kg),0.83,-6.74,0.0,53.7,-4.6,-1.28
2002-11-01,2002,11,"Rubber, RSS3",Raw Materials,($/kg),0.84,1.2,-2.33,64.71,0.0,-0.33
2002-12-01,2002,12,"Rubber, RSS3",Raw Materials,($/kg),0.85,1.19,-4.49,73.47,16.44,-0.42
2003-01-01,2003,1,"Rubber, RSS3",Raw Materials,($/kg),0.91,7.06,9.64,59.65,33.82,0.29
2003-02-01,2003,2,"Rubber, RSS3",Raw Materials,($/kg),0.99,8.79,17.86,59.68,20.73,0.7
2003-03-01,2003,3,"Rubber, RSS3",Raw Materials,($/kg),1.06,7.07,24.71,58.21,43.24,0.44
2003-04-01,2003,4,"Rubber, RSS3",Raw Materials,($/kg),1.0,-5.66,9.89,49.25,29.87,-1.49
2003-05-01,2003,5,"Rubber, RSS3",Raw Materials,($/kg),1.0,0.0,1.01,42.86,28.21,-0.51
2003-06-01,2003,6,"Rubber, RSS3",Raw Materials,($/kg),1.03,3.0,-2.83,22.62,47.14,-0.03
2003-07-01,2003,7,"Rubber, RSS3",Raw Materials,($/kg),1.0,-2.91,0.0,20.48,42.86,-0.99
2003-08-01,2003,8,"Rubber, RSS3",Raw Materials,($/kg),1.05,5.0,5.0,22.09,61.54,0.68
2003-09-01,2003,9,"Rubber, RSS3",Raw Materials,($/kg),1.11,5.71,7.77,24.72,63.24,0.79
2003-10-01,2003,10,"Rubber, RSS3",Raw Materials,($/kg),1.3,17.12,30.0,56.63,78.08,2.97
2003-11-01,2003,11,"Rubber, RSS3",Raw Materials,($/kg),1.28,-1.54,21.9,52.38,77.78,-0.92
2003-12-01,2003,12,"Rubber, RSS3",Raw Materials,($/kg),1.26,-1.56,13.51,48.24,88.06,-0.86
2004-01-01,2004,1,"Rubber, RSS3",Raw Materials,($/kg),1.24,-1.59,-4.62,36.26,74.65,-0.81
2004-02-01,2004,2,"Rubber, RSS3",Raw Materials,($/kg),1.28,3.23,0.0,29.29,85.51,0.07
2004-03-01,2004,3,"Rubber, RSS3",Raw Materials,($/kg),1.33,3.91,5.56,25.47,107.81,0.26
2004-04-01,2004,4,"Rubber, RSS3",Raw Materials,($/kg),1.37,3.01,10.48,37.0,132.2,0.16
2004-05-01,2004,5,"Rubber, RSS3",Raw Materials,($/kg),1.35,-1.46,5.47,35.0,125.0,-0.79
2004-06-01,2004,6,"Rubber, RSS3",Raw Materials,($/kg),1.37,1.48,3.01,33.01,128.33,-0.22
2004-07-01,2004,7,"Rubber, RSS3",Raw Materials,($/kg),1.28,-6.57,-6.57,28.0,124.56,-1.67
2004-08-01,2004,8,"Rubber, RSS3",Raw Materials,($/kg),1.23,-3.91,-8.89,17.14,119.64,-1.04
2004-09-01,2004,9,"Rubber, RSS3",Raw Materials,($/kg),1.24,0.81,-9.49,11.71,129.63,-0.11
2004-10-01,2004,10,"Rubber, RSS3",Raw Materials,($/kg),1.27,2.42,-0.78,-2.31,95.38,0.23
2004-11-01,2004,11,"Rubber, RSS3",Raw Materials,($/kg),1.23,-3.15,0.0,-3.91,66.22,-0.94
2004-12-01,2004,12,"Rubber, RSS3",Raw Materials,($/kg),1.18,-4.07,-4.84,-6.35,81.54,-1.16
2005-01-01,2005,1,"Rubber, RSS3",Raw Materials,($/kg),1.18,0.0,-7.09,-4.84,84.37,0.14
2005-02-01,2005,2,"Rubber, RSS3",Raw Materials,($/kg),1.26,6.78,2.44,-1.56,70.27,2.09
2005-03-01,2005,3,"Rubber, RSS3",Raw Materials,($/kg),1.32,4.76,11.86,-0.75,94.12,1.24
2005-04-01,2005,4,"Rubber, RSS3",Raw Materials,($/kg),1.31,-0.76,11.02,-4.38,87.14,-0.19
2005-05-01,2005,5,"Rubber, RSS3",Raw Materials,($/kg),1.36,3.82,7.94,0.74,97.1,1.07
2005-06-01,2005,6,"Rubber, RSS3",Raw Materials,($/kg),1.46,7.35,10.61,6.57,117.91,1.8
2005-07-01,2005,7,"Rubber, RSS3",Raw Materials,($/kg),1.69,15.75,29.01,32.03,160.0,3.35
2005-08-01,2005,8,"Rubber, RSS3",Raw Materials,($/kg),1.6,-5.33,17.65,30.08,142.42,-1.36
2005-09-01,2005,9,"Rubber, RSS3",Raw Materials,($/kg),1.7,6.25,16.44,37.1,157.58,0.66
2005-10-01,2005,10,"Rubber, RSS3",Raw Materials,($/kg),1.7,0.0,0.59,33.86,157.58,-0.47
2005-11-01,2005,11,"Rubber, RSS3",Raw Materials,($/kg),1.6,-5.88,0.0,30.08,153.97,-1.41
2005-12-01,2005,12,"Rubber, RSS3",Raw Materials,($/kg),1.68,5.0,-1.18,42.37,170.97,0.41
2006-01-01,2006,1,"Rubber, RSS3",Raw Materials,($/kg),1.88,11.9,10.59,59.32,208.2,1.46
2006-02-01,2006,2,"Rubber, RSS3",Raw Materials,($/kg),2.06,9.57,28.75,63.49,243.33,0.85
2006-03-01,2006,3,"Rubber, RSS3",Raw Materials,($/kg),2.07,0.49,23.21,56.82,263.16,-0.59
2006-04-01,2006,4,"Rubber, RSS3",Raw Materials,($/kg),2.14,3.38,13.83,63.36,268.97,-0.1
2006-05-01,2006,5,"Rubber, RSS3",Raw Materials,($/kg),2.45,14.49,18.93,80.15,301.64,1.56
2006-06-01,2006,6,"Rubber, RSS3",Raw Materials,($/kg),2.7,10.2,30.43,84.93,335.48,0.7
2006-07-01,2006,7,"Rubber, RSS3",Raw Materials,($/kg),2.48,-8.15,15.89,46.75,313.33,-1.89
2006-08-01,2006,8,"Rubber, RSS3",Raw Materials,($/kg),2.18,-12.1,-11.02,36.25,269.49,-2.1
2006-09-01,2006,9,"Rubber, RSS3",Raw Materials,($/kg),1.81,-16.97,-32.96,6.47,212.07,-2.38
2006-10-01,2006,10,"Rubber, RSS3",Raw Materials,($/kg),1.82,0.55,-26.61,7.06,237.04,-0.04
2006-11-01,2006,11,"Rubber, RSS3",Raw Materials,($/kg),1.62,-10.99,-25.69,1.25,217.65,-1.2
2006-12-01,2006,12,"Rubber, RSS3",Raw Materials,($/kg),1.73,6.79,-4.42,2.98,253.06,0.59
2007-01-01,2007,1,"Rubber, RSS3",Raw Materials,($/kg),2.08,20.23,14.29,10.64,264.91,1.85
2007-02-01,2007,2,"Rubber, RSS3",Raw Materials,($/kg),2.28,9.62,40.74,10.68,267.74,0.71
2007-03-01,2007,3,"Rubber, RSS3",Raw Materials,($/kg),2.23,-2.19,28.9,7.73,232.84,-0.32
2007-04-01,2007,4,"Rubber, RSS3",Raw Materials,($/kg),2.32,4.04,11.54,8.41,246.27,0.24
2007-05-01,2007,5,"Rubber, RSS3",Raw Materials,($/kg),2.37,2.16,3.95,-3.27,238.57,0.07
2007-06-01,2007,6,"Rubber, RSS3",Raw Materials,($/kg),2.23,-5.91,0.0,-17.41,165.48,-0.57
2007-07-01,2007,7,"Rubber, RSS3",Raw Materials,($/kg),2.08,-6.73,-10.34,-16.13,150.6,-0.54
2007-08-01,2007,8,"Rubber, RSS3",Raw Materials,($/kg),2.11,1.44,-10.97,-3.21,145.35,0.23
2007-09-01,2007,9,"Rubber, RSS3",Raw Materials,($/kg),2.16,2.37,-3.14,19.34,142.7,0.22
2007-10-01,2007,10,"Rubber, RSS3",Raw Materials,($/kg),2.33,7.87,12.02,28.02,180.72,0.74
2007-11-01,2007,11,"Rubber, RSS3",Raw Materials,($/kg),2.48,6.44,17.54,53.09,195.24,0.48
2007-12-01,2007,12,"Rubber, RSS3",Raw Materials,($/kg),2.48,0.0,14.81,43.35,191.76,-0.53
2008-01-01,2008,1,"Rubber, RSS3",Raw Materials,($/kg),2.62,5.65,12.45,25.96,187.91,0.32
2008-02-01,2008,2,"Rubber, RSS3",Raw Materials,($/kg),2.79,6.49,12.5,22.37,181.82,0.86
2008-03-01,2008,3,"Rubber, RSS3",Raw Materials,($/kg),2.79,0.0,12.5,25.11,163.21,-0.38
2008-04-01,2008,4,"Rubber, RSS3",Raw Materials,($/kg),2.84,1.79,8.4,22.41,184.0,-0.04
2008-05-01,2008,5,"Rubber, RSS3",Raw Materials,($/kg),3.05,7.39,9.32,28.69,205.0,1.21
2008-06-01,2008,6,"Rubber, RSS3",Raw Materials,($/kg),3.22,5.57,15.41,44.39,212.62,0.68
2008-07-01,2008,7,"Rubber, RSS3",Raw Materials,($/kg),3.2,-0.62,12.68,53.85,220.0,-0.9
2008-08-01,2008,8,"Rubber, RSS3",Raw Materials,($/kg),2.93,-8.44,-3.93,38.86,179.05,-3.84
2008-09-01,2008,9,"Rubber, RSS3",Raw Materials,($/kg),2.83,-3.41,-12.11,31.02,154.95,-1.33
2008-10-01,2008,10,"Rubber, RSS3",Raw Materials,($/kg),1.92,-32.16,-40.0,-17.6,47.69,-6.84
2008-11-01,2008,11,"Rubber, RSS3",Raw Materials,($/kg),1.65,-14.06,-43.69,-33.47,28.91,-1.2
2008-12-01,2008,12,"Rubber, RSS3",Raw Materials,($/kg),1.2,-27.27,-57.6,-51.61,-4.76,-2.19
2009-01-01,2009,1,"Rubber, RSS3",Raw Materials,($/kg),1.49,24.17,-22.4,-43.13,20.16,2.2
2009-02-01,2009,2,"Rubber, RSS3",Raw Materials,($/kg),1.46,-2.01,-11.52,-47.67,14.06,0.09
2009-03-01,2009,3,"Rubber, RSS3",Raw Materials,($/kg),1.43,-2.05,19.17,-48.75,7.52,0.13
2009-04-01,2009,4,"Rubber, RSS3",Raw Materials,($/kg),1.62,13.29,8.72,-42.96,18.25,1.16
2009-05-01,2009,5,"Rubber, RSS3",Raw Materials,($/kg),1.69,4.32,15.75,-44.59,25.19,0.48
2009-06-01,2009,6,"Rubber, RSS3",Raw Materials,($/kg),1.67,-1.18,16.78,-48.14,21.9,0.15
2009-07-01,2009,7,"Rubber, RSS3",Raw Materials,($/kg),1.75,4.79,8.02,-45.31,36.72,0.57
2009-08-01,2009,8,"Rubber, RSS3",Raw Materials,($/kg),2.06,17.71,21.89,-29.69,67.48,1.36
2009-09-01,2009,9,"Rubber, RSS3",Raw Materials,($/kg),2.17,5.34,29.94,-23.32,75.0,0.41
2009-10-01,2009,10,"Rubber, RSS3",Raw Materials,($/kg),2.35,8.29,34.29,22.4,85.04,0.54
2009-11-01,2009,11,"Rubber, RSS3",Raw Materials,($/kg),2.54,8.09,23.3,53.94,106.5,0.4
2009-12-01,2009,12,"Rubber, RSS3",Raw Materials,($/kg),2.8,10.24,29.03,133.33,137.29,0.45
2010-01-01,2010,1,"Rubber, RSS3",Raw Materials,($/kg),3.09,10.36,31.49,107.38,161.86,0.35
2010-02-01,2010,2,"Rubber, RSS3",Raw Materials,($/kg),3.13,1.29,23.23,114.38,148.41,-0.83
2010-03-01,2010,3,"Rubber, RSS3",Raw Materials,($/kg),3.34,6.71,19.29,133.57,153.03,0.0
2010-04-01,2010,4,"Rubber, RSS3",Raw Materials,($/kg),3.95,18.26,27.83,143.83,201.53,2.1
2010-05-01,2010,5,"Rubber, RSS3",Raw Materials,($/kg),3.67,-7.09,17.25,117.16,169.85,-2.57
2010-06-01,2010,6,"Rubber, RSS3",Raw Materials,($/kg),3.57,-2.72,6.89,113.77,144.52,-1.34
2010-07-01,2010,7,"Rubber, RSS3",Raw Materials,($/kg),3.27,-8.4,-17.22,86.86,93.49,-2.06
2010-08-01,2010,8,"Rubber, RSS3",Raw Materials,($/kg),3.32,1.53,-9.54,61.17,107.5,-0.48
2010-09-01,2010,9,"Rubber, RSS3",Raw Materials,($/kg),3.53,6.33,-1.12,62.67,107.65,0.26
2010-10-01,2010,10,"Rubber, RSS3",Raw Materials,($/kg),3.92,11.05,19.88,66.81,130.59,0.85
2010-11-01,2010,11,"Rubber, RSS3",Raw Materials,($/kg),4.31,9.95,29.82,69.69,169.37,0.67
2010-12-01,2010,12,"Rubber, RSS3",Raw Materials,($/kg),4.75,10.21,34.56,69.64,182.74,0.68
2011-01-01,2011,1,"Rubber, RSS3",Raw Materials,($/kg),5.52,16.21,40.82,78.64,193.62,1.42
2011-02-01,2011,2,"Rubber, RSS3",Raw Materials,($/kg),6.26,13.41,45.24,100.0,203.88,0.95
2011-03-01,2011,3,"Rubber, RSS3",Raw Materials,($/kg),5.42,-13.42,14.11,62.28,161.84,-2.25
2011-04-01,2011,4,"Rubber, RSS3",Raw Materials,($/kg),5.85,7.93,5.98,48.1,173.36,0.32
2011-05-01,2011,5,"Rubber, RSS3",Raw Materials,($/kg),5.12,-12.48,-18.21,39.51,108.98,-1.69
2011-06-01,2011,6,"Rubber, RSS3",Raw Materials,($/kg),4.93,-3.71,-9.04,38.1,82.59,-0.68
2011-07-01,2011,7,"Rubber, RSS3",Raw Materials,($/kg),4.73,-4.06,-19.15,44.65,90.73,-0.71
2011-08-01,2011,8,"Rubber, RSS3",Raw Materials,($/kg),4.68,-1.06,-8.59,40.96,114.68,-0.47
2011-09-01,2011,9,"Rubber, RSS3",Raw Materials,($/kg),4.55,-2.78,-7.71,28.9,151.38,-0.61
2011-10-01,2011,10,"Rubber, RSS3",Raw Materials,($/kg),4.06,-10.77,-14.16,3.57,123.08,-1.32
2011-11-01,2011,11,"Rubber, RSS3",Raw Materials,($/kg),3.37,-17.0,-27.99,-21.81,108.02,-1.71
2011-12-01,2011,12,"Rubber, RSS3",Raw Materials,($/kg),3.38,0.3,-25.71,-28.84,95.38,0.16
2012-01-01,2012,1,"Rubber, RSS3",Raw Materials,($/kg),3.63,7.4,-10.59,-34.24,74.52,0.92
2012-02-01,2012,2,"Rubber, RSS3",Raw Materials,($/kg),4.0,10.19,18.69,-36.1,75.44,1.41
2012-03-01,2012,3,"Rubber, RSS3",Raw Materials,($/kg),3.93,-1.75,16.27,-27.49,76.23,0.17
2012-04-01,2012,4,"Rubber, RSS3",Raw Materials,($/kg),3.84,-2.29,5.79,-34.36,65.52,0.0
2012-05-01,2012,5,"Rubber, RSS3",Raw Materials,($/kg),3.73,-2.86,-6.75,-27.15,57.38,0.04
2012-06-01,2012,6,"Rubber, RSS3",Raw Materials,($/kg),3.2,-14.21,-18.58,-35.09,43.5,-1.67
2012-07-01,2012,7,"Rubber, RSS3",Raw Materials,($/kg),3.08,-3.75,-19.79,-34.88,48.08,-0.06
2012-08-01,2012,8,"Rubber, RSS3",Raw Materials,($/kg),2.79,-9.42,-25.2,-40.38,32.23,-0.79
2012-09-01,2012,9,"Rubber, RSS3",Raw Materials,($/kg),3.04,8.96,-5.0,-33.19,40.74,1.6
2012-10-01,2012,10,"Rubber, RSS3",Raw Materials,($/kg),3.2,5.26,3.9,-21.18,37.34,0.93
2012-11-01,2012,11,"Rubber, RSS3",Raw Materials,($/kg),2.97,-7.19,6.45,-11.87,19.76,-0.64
2012-12-01,2012,12,"Rubber, RSS3",Raw Materials,($/kg),3.11,4.71,2.3,-7.99,25.4,0.72
2013-01-01,2013,1,"Rubber, RSS3",Raw Materials,($/kg),3.3,6.11,3.12,-9.09,25.95,0.84
2013-02-01,2013,2,"Rubber, RSS3",Raw Materials,($/kg),3.19,-3.33,7.41,-20.25,14.34,-0.37
2013-03-01,2013,3,"Rubber, RSS3",Raw Materials,($/kg),2.98,-6.58,-4.18,-24.17,6.81,-0.72
2013-04-01,2013,4,"Rubber, RSS3",Raw Materials,($/kg),2.87,-3.69,-13.03,-25.26,1.06,-0.23
2013-05-01,2013,5,"Rubber, RSS3",Raw Materials,($/kg),3.04,5.92,-4.7,-18.5,-0.33,1.15
2013-06-01,2013,6,"Rubber, RSS3",Raw Materials,($/kg),2.81,-7.57,-5.7,-12.19,-12.73,-0.83
2013-07-01,2013,7,"Rubber, RSS3",Raw Materials,($/kg),2.56,-8.9,-10.8,-16.88,-20.0,-1.22
2013-08-01,2013,8,"Rubber, RSS3",Raw Materials,($/kg),2.57,0.39,-15.46,-7.89,-12.29,0.25
2013-09-01,2013,9,"Rubber, RSS3",Raw Materials,($/kg),2.64,2.72,-6.05,-13.16,-6.71,0.5
2013-10-01,2013,10,"Rubber, RSS3",Raw Materials,($/kg),2.53,-4.17,-1.17,-20.94,31.77,-0.54
2013-11-01,2013,11,"Rubber, RSS3",Raw Materials,($/kg),2.49,-1.58,-3.11,-16.16,50.91,0.04
2013-12-01,2013,12,"Rubber, RSS3",Raw Materials,($/kg),2.56,2.81,-3.03,-17.68,113.33,0.79
2014-01-01,2014,1,"Rubber, RSS3",Raw Materials,($/kg),2.34,-8.59,-7.51,-29.09,57.05,-1.39
2014-02-01,2014,2,"Rubber, RSS3",Raw Materials,($/kg),2.17,-7.26,-12.85,-31.97,48.63,-0.94
2014-03-01,2014,3,"Rubber, RSS3",Raw Materials,($/kg),2.29,5.53,-10.55,-23.15,60.14,1.7
2014-04-01,2014,4,"Rubber, RSS3",Raw Materials,($/kg),2.15,-6.11,-8.12,-25.09,32.72,-0.75
2014-05-01,2014,5,"Rubber, RSS3",Raw Materials,($/kg),2.02,-6.05,-6.91,-33.55,19.53,-0.68
2014-06-01,2014,6,"Rubber, RSS3",Raw Materials,($/kg),2.04,0.99,-10.92,-27.4,22.16,0.84
2014-07-01,2014,7,"Rubber, RSS3",Raw Materials,($/kg),2.0,-1.96,-6.98,-21.88,14.29,0.11
2014-08-01,2014,8,"Rubber, RSS3",Raw Materials,($/kg),1.86,-7.0,-7.92,-27.63,-9.71,-1.12
2014-09-01,2014,9,"Rubber, RSS3",Raw Materials,($/kg),1.67,-10.22,-18.14,-36.74,-23.04,-1.63
2014-10-01,2014,10,"Rubber, RSS3",Raw Materials,($/kg),1.63,-2.4,-18.5,-35.57,-30.64,0.26
2014-11-01,2014,11,"Rubber, RSS3",Raw Materials,($/kg),1.64,0.61,-11.83,-34.14,-35.43,0.84
2014-12-01,2014,12,"Rubber, RSS3",Raw Materials,($/kg),1.61,-1.83,-3.59,-37.11,-42.5,0.3
2015-01-01,2015,1,"Rubber, RSS3",Raw Materials,($/kg),1.66,3.11,1.84,-29.06,-46.28,1.47
2015-02-01,2015,2,"Rubber, RSS3",Raw Materials,($/kg),1.82,9.64,10.98,-16.13,-41.85,2.61
2015-03-01,2015,3,"Rubber, RSS3",Raw Materials,($/kg),1.74,-4.4,8.07,-24.02,-47.9,-0.54
2015-04-01,2015,4,"Rubber, RSS3",Raw Materials,($/kg),1.7,-2.3,2.41,-20.93,-56.96,-0.03
2015-05-01,2015,5,"Rubber, RSS3",Raw Materials,($/kg),1.84,8.24,1.1,-8.91,-49.86,1.95
2015-06-01,2015,6,"Rubber, RSS3",Raw Materials,($/kg),1.82,-1.09,4.6,-10.78,-49.02,-0.08
2015-07-01,2015,7,"Rubber, RSS3",Raw Materials,($/kg),1.64,-9.89,-3.53,-18.0,-49.85,-1.6
2015-08-01,2015,8,"Rubber, RSS3",Raw Materials,($/kg),1.45,-11.59,-21.2,-22.04,-56.33,-1.62
2015-09-01,2015,9,"Rubber, RSS3",Raw Materials,($/kg),1.35,-6.9,-25.82,-19.16,-61.76,-0.75
2015-10-01,2015,10,"Rubber, RSS3",Raw Materials,($/kg),1.33,-1.48,-18.9,-18.4,-66.07,0.01
2015-11-01,2015,11,"Rubber, RSS3",Raw Materials,($/kg),1.24,-6.77,-14.48,-24.39,-71.23,-0.82
2015-12-01,2015,12,"Rubber, RSS3",Raw Materials,($/kg),1.27,2.42,-5.93,-21.12,-73.26,0.69
2016-01-01,2016,1,"Rubber, RSS3",Raw Materials,($/kg),1.23,-3.15,-7.52,-25.9,-77.72,-0.21
2016-02-01,2016,2,"Rubber, RSS3",Raw Materials,($/kg),1.27,3.25,2.42,-30.22,-79.71,0.85
2016-03-01,2016,3,"Rubber, RSS3",Raw Materials,($/kg),1.46,14.96,14.96,-16.09,-73.06,3.13
2016-04-01,2016,4,"Rubber, RSS3",Raw Materials,($/kg),1.71,17.12,39.02,0.59,-70.77,2.41
2016-05-01,2016,5,"Rubber, RSS3",Raw Materials,($/kg),1.63,-4.68,28.35,-11.41,-68.16,-0.55
2016-06-01,2016,6,"Rubber, RSS3",Raw Materials,($/kg),1.49,-8.59,2.05,-18.13,-69.78,-0.88
2016-07-01,2016,7,"Rubber, RSS3",Raw Materials,($/kg),1.59,6.71,-7.02,-3.05,-66.38,0.86
2016-08-01,2016,8,"Rubber, RSS3",Raw Materials,($/kg),1.55,-2.52,-4.91,6.9,-66.88,-0.29
2016-09-01,2016,9,"Rubber, RSS3",Raw Materials,($/kg),1.57,1.29,5.37,16.3,-65.49,0.05
2016-10-01,2016,10,"Rubber, RSS3",Raw Materials,($/kg),1.66,5.73,4.4,24.81,-59.11,0.52
2016-11-01,2016,11,"Rubber, RSS3",Raw Materials,($/kg),1.87,12.65,20.65,50.81,-44.51,1.3
2016-12-01,2016,12,"Rubber, RSS3",Raw Materials,($/kg),2.23,19.25,42.04,75.59,-34.02,1.92
2017-01-01,2017,1,"Rubber, RSS3",Raw Materials,($/kg),2.56,14.8,54.22,108.13,-29.48,1.05
2017-02-01,2017,2,"Rubber, RSS3",Raw Materials,($/kg),2.71,5.86,44.92,113.39,-32.25,-0.09
2017-03-01,2017,3,"Rubber, RSS3",Raw Materials,($/kg),2.35,-13.28,5.38,60.96,-40.2,-2.21
2017-04-01,2017,4,"Rubber, RSS3",Raw Materials,($/kg),2.21,-5.96,-13.67,29.24,-42.45,-1.01
2017-05-01,2017,5,"Rubber, RSS3",Raw Materials,($/kg),2.1,-4.98,-22.51,28.83,-43.7,-0.76
2017-06-01,2017,6,"Rubber, RSS3",Raw Materials,($/kg),1.72,-18.1,-26.81,15.44,-46.25,-2.07
2017-07-01,2017,7,"Rubber, RSS3",Raw Materials,($/kg),1.75,1.74,-20.81,10.06,-43.18,-0.0
2017-08-01,2017,8,"Rubber, RSS3",Raw Materials,($/kg),1.84,5.14,-12.38,18.71,-34.05,0.34
2017-09-01,2017,9,"Rubber, RSS3",Raw Materials,($/kg),1.86,1.09,8.14,18.47,-38.82,-0.08
2017-10-01,2017,10,"Rubber, RSS3",Raw Materials,($/kg),1.64,-11.83,-6.29,-1.2,-48.75,-1.24
2017-11-01,2017,11,"Rubber, RSS3",Raw Materials,($/kg),1.57,-4.27,-14.67,-16.04,-47.14,-0.41
2017-12-01,2017,12,"Rubber, RSS3",Raw Materials,($/kg),1.65,5.1,-11.29,-26.01,-46.95,0.54
2018-01-01,2018,1,"Rubber, RSS3",Raw Materials,($/kg),1.72,4.24,4.88,-32.81,-47.88,0.67
2018-02-01,2018,2,"Rubber, RSS3",Raw Materials,($/kg),1.72,0.0,9.55,-36.53,-46.08,0.36
2018-03-01,2018,3,"Rubber, RSS3",Raw Materials,($/kg),1.76,2.33,6.67,-25.11,-40.94,0.74
2018-04-01,2018,4,"Rubber, RSS3",Raw Materials,($/kg),1.73,-1.7,0.58,-21.72,-39.72,0.06
2018-05-01,2018,5,"Rubber, RSS3",Raw Materials,($/kg),1.7,-1.73,-1.16,-19.05,-44.08,0.01
2018-06-01,2018,6,"Rubber, RSS3",Raw Materials,($/kg),1.56,-8.24,-11.36,-9.3,-44.48,-0.96
2018-07-01,2018,7,"Rubber, RSS3",Raw Materials,($/kg),1.47,-5.77,-15.03,-16.0,-42.58,-0.96
2018-08-01,2018,8,"Rubber, RSS3",Raw Materials,($/kg),1.47,0.0,-13.53,-20.11,-42.8,0.24
2018-09-01,2018,9,"Rubber, RSS3",Raw Materials,($/kg),1.44,-2.04,-7.69,-22.58,-45.45,-0.06
2018-10-01,2018,10,"Rubber, RSS3",Raw Materials,($/kg),1.43,-0.69,-2.72,-12.8,-43.48,0.26
2018-11-01,2018,11,"Rubber, RSS3",Raw Materials,($/kg),1.35,-5.59,-8.16,-14.01,-45.78,-1.17
2018-12-01,2018,12,"Rubber, RSS3",Raw Materials,($/kg),1.44,6.67,0.0,-12.73,-43.75,1.96
2019-01-01,2019,1,"Rubber, RSS3",Raw Materials,($/kg),1.59,10.42,11.19,-7.56,-32.05,2.7
2019-02-01,2019,2,"Rubber, RSS3",Raw Materials,($/kg),1.65,3.77,22.22,-4.07,-23.96,0.83
2019-03-01,2019,3,"Rubber, RSS3",Raw Materials,($/kg),1.72,4.24,19.44,-2.27,-24.89,0.83
2019-04-01,2019,4,"Rubber, RSS3",Raw Materials,($/kg),1.72,0.0,8.18,-0.58,-20.0,0.01
2019-05-01,2019,5,"Rubber, RSS3",Raw Materials,($/kg),1.77,2.91,7.27,4.12,-12.38,0.52
2019-06-01,2019,6,"Rubber, RSS3",Raw Materials,($/kg),1.93,9.04,12.21,23.72,-5.39,1.57
2019-07-01,2019,7,"Rubber, RSS3",Raw Materials,($/kg),1.67,-13.47,-2.91,13.61,-16.5,-2.94
2019-08-01,2019,8,"Rubber, RSS3",Raw Materials,($/kg),1.5,-10.18,-15.25,2.04,-19.35,-1.75
2019-09-01,2019,9,"Rubber, RSS3",Raw Materials,($/kg),1.5,0.0,-22.28,4.17,-10.18,-0.06
2019-10-01,2019,10,"Rubber, RSS3",Raw Materials,($/kg),1.43,-4.67,-14.37,0.0,-12.27,-0.72
2019-11-01,2019,11,"Rubber, RSS3",Raw Materials,($/kg),1.54,7.69,2.67,14.07,-6.1,1.0
2019-12-01,2019,12,"Rubber, RSS3",Raw Materials,($/kg),1.66,7.79,10.67,15.28,3.11,0.86
2020-01-01,2020,1,"Rubber, RSS3",Raw Materials,($/kg),1.68,1.2,17.48,5.66,1.2,-0.03
2020-02-01,2020,2,"Rubber, RSS3",Raw Materials,($/kg),1.61,-4.17,4.55,-2.42,-11.54,-0.69
2020-03-01,2020,3,"Rubber, RSS3",Raw Materials,($/kg),1.5,-6.83,-9.64,-12.79,-13.79,-0.97
2020-04-01,2020,4,"Rubber, RSS3",Raw Materials,($/kg),1.33,-11.33,-20.83,-22.67,-21.76,-1.45
2020-05-01,2020,5,"Rubber, RSS3",Raw Materials,($/kg),1.35,1.5,-16.15,-23.73,-26.63,0.43
2020-06-01,2020,6,"Rubber, RSS3",Raw Materials,($/kg),1.4,3.7,-6.67,-27.46,-23.08,0.73
2020-07-01,2020,7,"Rubber, RSS3",Raw Materials,($/kg),1.48,5.71,11.28,-11.38,-9.76,1.13
2020-08-01,2020,8,"Rubber, RSS3",Raw Materials,($/kg),1.7,14.86,25.93,13.33,17.24,2.37
2020-09-01,2020,9,"Rubber, RSS3",Raw Materials,($/kg),1.86,9.41,32.86,24.0,37.78,1.11
2020-10-01,2020,10,"Rubber, RSS3",Raw Materials,($/kg),2.19,17.74,47.97,53.15,64.66,2.05
2020-11-01,2020,11,"Rubber, RSS3",Raw Materials,($/kg),2.3,5.02,35.29,49.35,85.48,0.13
2020-12-01,2020,12,"Rubber, RSS3",Raw Materials,($/kg),2.33,1.3,25.27,40.36,83.46,-0.29
2021-01-01,2021,1,"Rubber, RSS3",Raw Materials,($/kg),2.3,-1.29,5.02,36.9,86.99,-0.53
2021-02-01,2021,2,"Rubber, RSS3",Raw Materials,($/kg),2.35,2.17,2.17,45.96,85.04,-0.09
2021-03-01,2021,3,"Rubber, RSS3",Raw Materials,($/kg),2.37,0.85,1.72,58.0,62.33,-0.32
2021-04-01,2021,4,"Rubber, RSS3",Raw Materials,($/kg),2.15,-9.28,-6.52,61.65,25.73,-1.77
2021-05-01,2021,5,"Rubber, RSS3",Raw Materials,($/kg),2.29,6.51,-2.55,69.63,40.49,0.31
2021-06-01,2021,6,"Rubber, RSS3",Raw Materials,($/kg),2.12,-7.42,-10.55,51.43,42.28,-1.7
2021-07-01,2021,7,"Rubber, RSS3",Raw Materials,($/kg),1.87,-11.79,-13.02,26.35,17.61,-1.95
2021-08-01,2021,8,"Rubber, RSS3",Raw Materials,($/kg),1.9,1.6,-17.03,11.76,22.58,-0.08
2021-09-01,2021,9,"Rubber, RSS3",Raw Materials,($/kg),1.79,-5.79,-15.57,-3.76,14.01,-0.85
2021-10-01,2021,10,"Rubber, RSS3",Raw Materials,($/kg),1.87,4.47,0.0,-14.61,12.65,0.56
2021-11-01,2021,11,"Rubber, RSS3",Raw Materials,($/kg),1.93,3.21,1.58,-16.09,3.21,0.72
2021-12-01,2021,12,"Rubber, RSS3",Raw Materials,($/kg),1.92,-0.52,7.26,-17.6,-13.9,0.13
2022-01-01,2022,1,"Rubber, RSS3",Raw Materials,($/kg),1.97,2.6,5.35,-14.35,-23.05,0.7
2022-02-01,2022,2,"Rubber, RSS3",Raw Materials,($/kg),2.11,7.11,9.33,-10.21,-22.14,1.39
2022-03-01,2022,3,"Rubber, RSS3",Raw Materials,($/kg),2.12,0.47,10.42,-10.55,-9.79,0.19
2022-04-01,2022,4,"Rubber, RSS3",Raw Materials,($/kg),2.09,-1.42,6.09,-2.79,-5.43,-0.11
2022-05-01,2022,5,"Rubber, RSS3",Raw Materials,($/kg),2.06,-1.44,-2.37,-10.04,-1.9,-0.24
2022-06-01,2022,6,"Rubber, RSS3",Raw Materials,($/kg),2.03,-1.46,-4.25,-4.25,18.02,-0.13
2022-07-01,2022,7,"Rubber, RSS3",Raw Materials,($/kg),1.78,-12.32,-14.83,-4.81,1.71,-2.44
2022-08-01,2022,8,"Rubber, RSS3",Raw Materials,($/kg),1.61,-9.55,-21.84,-15.26,-12.5,-1.83
2022-09-01,2022,9,"Rubber, RSS3",Raw Materials,($/kg),1.48,-8.07,-27.09,-17.32,-20.43,-1.21
2022-10-01,2022,10,"Rubber, RSS3",Raw Materials,($/kg),1.5,1.35,-15.73,-19.79,-8.54,0.47
2022-11-01,2022,11,"Rubber, RSS3",Raw Materials,($/kg),1.43,-4.67,-11.18,-25.91,-8.92,-0.53
2022-12-01,2022,12,"Rubber, RSS3",Raw Materials,($/kg),1.54,7.69,4.05,-19.79,-6.67,1.83
2023-01-01,2023,1,"Rubber, RSS3",Raw Materials,($/kg),1.63,5.84,8.67,-17.26,-5.23,1.21
2023-02-01,2023,2,"Rubber, RSS3",Raw Materials,($/kg),1.62,-0.61,13.29,-23.22,-5.81,0.12
2023-03-01,2023,3,"Rubber, RSS3",Raw Materials,($/kg),1.58,-2.47,2.6,-25.47,-10.23,-0.08
2023-04-01,2023,4,"Rubber, RSS3",Raw Materials,($/kg),1.54,-2.53,-5.52,-26.32,-10.98,-0.05
2023-05-01,2023,5,"Rubber, RSS3",Raw Materials,($/kg),1.56,1.3,-3.7,-24.27,-8.24,0.62
2023-06-01,2023,6,"Rubber, RSS3",Raw Materials,($/kg),1.53,-1.92,-3.16,-24.63,-1.92,0.03
2023-07-01,2023,7,"Rubber, RSS3",Raw Materials,($/kg),1.49,-2.61,-3.25,-16.29,1.36,-0.08
2023-08-01,2023,8,"Rubber, RSS3",Raw Materials,($/kg),1.47,-1.34,-5.77,-8.7,0.0,0.0
2023-09-01,2023,9,"Rubber, RSS3",Raw Materials,($/kg),1.55,5.44,1.31,4.73,7.64,1.42
2023-10-01,2023,10,"Rubber, RSS3",Raw Materials,($/kg),1.61,3.87,8.05,7.33,12.59,0.87
2023-11-01,2023,11,"Rubber, RSS3",Raw Materials,($/kg),1.67,3.73,13.61,16.78,23.7,0.75
2023-12-01,2023,12,"Rubber, RSS3",Raw Materials,($/kg),1.66,-0.6,7.1,7.79,15.28,-0.52
2024-01-01,2024,1,"Rubber, RSS3",Raw Materials,($/kg),1.8,8.43,11.8,10.43,13.21,2.41
2024-02-01,2024,2,"Rubber, RSS3",Raw Materials,($/kg),2.02,12.22,20.96,24.69,22.42,3.1
2024-03-01,2024,3,"Rubber, RSS3",Raw Materials,($/kg),2.39,18.32,43.98,51.27,38.95,3.37
2024-04-01,2024,4,"Rubber, RSS3",Raw Materials,($/kg),2.28,-4.6,26.67,48.05,32.56,-1.27
2024-05-01,2024,5,"Rubber, RSS3",Raw Materials,($/kg),2.15,-5.7,6.44,37.82,21.47,-1.37
2024-06-01,2024,6,"Rubber, RSS3",Raw Materials,($/kg),2.26,5.12,-5.44,47.71,17.1,0.3
2024-07-01,2024,7,"Rubber, RSS3",Raw Materials,($/kg),2.06,-8.85,-9.65,38.26,23.35,-1.74
2024-08-01,2024,8,"Rubber, RSS3",Raw Materials,($/kg),2.39,16.02,11.16,62.59,59.33,1.67
2024-09-01,2024,9,"Rubber, RSS3",Raw Materials,($/kg),2.65,10.88,17.26,70.97,76.67,0.76
2024-10-01,2024,10,"Rubber, RSS3",Raw Materials,($/kg),2.63,-0.75,27.67,63.35,83.92,-0.65
2024-11-01,2024,11,"Rubber, RSS3",Raw Materials,($/kg),2.29,-12.93,-4.18,37.13,48.7,-1.97
2024-12-01,2024,12,"Rubber, RSS3",Raw Materials,($/kg),2.38,3.93,-10.19,43.37,43.37,0.08
2025-01-01,2025,1,"Rubber, RSS3",Raw Materials,($/kg),2.37,-0.42,-9.89,31.67,41.07,-0.39
2025-02-01,2025,2,"Rubber, RSS3",Raw Materials,($/kg),2.41,1.69,5.24,19.31,49.69,-0.11
2025-03-01,2025,3,"Rubber, RSS3",Raw Materials,($/kg),2.36,-2.07,-0.84,-1.26,57.33,-0.41
2025-04-01,2025,4,"Rubber, RSS3",Raw Materials,($/kg),2.13,-9.75,-10.13,-6.58,60.15,-1.23
2025-05-01,2025,5,"Rubber, RSS3",Raw Materials,($/kg),2.19,2.82,-9.13,1.86,62.22,0.36
2025-06-01,2025,6,"Rubber, RSS3",Raw Materials,($/kg),2.16,-1.37,-8.47,-4.42,54.29,-0.22
2025-07-01,2025,7,"Rubber, RSS3",Raw Materials,($/kg),2.23,3.24,4.69,8.25,50.68,0.4
2025-08-01,2025,8,"Rubber, RSS3",Raw Materials,($/kg),2.15,-3.59,-1.83,-10.04,26.47,-0.58
2025-09-01,2025,9,"Rubber, RSS3",Raw Materials,($/kg),2.11,-1.86,-2.31,-20.38,13.44,-0.19
2025-10-01,2025,10,"Rubber, RSS3",Raw Materials,($/kg),2.0,-5.21,-10.31,-23.95,-8.68,-0.68
2025-11-01,2025,11,"Rubber, RSS3",Raw Materials,($/kg),2.03,1.5,-5.58,-11.35,-11.74,0.7
2025-12-01,2025,12,"Rubber, RSS3",Raw Materials,($/kg),2.06,1.48,-2.37,-13.45,-11.59,0.6
2026-01-01,2026,1,"Rubber, RSS3",Raw Materials,($/kg),2.14,3.88,7.0,-9.7,-6.96,1.33
2026-02-01,2026,2,"Rubber, RSS3",Raw Materials,($/kg),2.26,5.61,11.33,-6.22,-3.83,1.58
2026-03-01,2026,3,"Rubber, RSS3",Raw Materials,($/kg),2.39,5.75,16.02,1.27,0.84,1.41
2026-04-01,2026,4,"Rubber, RSS3",Raw Materials,($/kg),2.51,5.02,17.29,17.84,16.74,1.03
2026-05-01,2026,5,"Rubber, RSS3",Raw Materials,($/kg),2.69,7.17,19.03,22.83,17.47,1.56
2026-06-01,2026,6,"Rubber, RSS3",Raw Materials,($/kg),2.86,6.32,19.67,32.41,34.91,1.12
2026-07-01,2026,7,"Rubber, RSS3",Raw Materials,($/kg),2.78,-2.8,10.76,24.66,48.66,-1.28
2026-08-01,2026,8,"Rubber, RSS3",Raw Materials,($/kg),2.73,-1.8,1.49,26.98,43.68,-0.86
2026-09-01,2026,9,"Rubber, RSS3",Raw Materials,($/kg),2.75,0.73,-3.85,30.33,53.63,-0.33
1999-01-01,1999,1,"Rubber, TSR20 **",Raw Materials,($/kg),0.6,,,,,
1999-02-01,1999,2,"Rubber, TSR20 **",Raw Materials,($/kg),0.56,-6.67,,,,
1999-03-01,1999,3,"Rubber, TSR20 **",Raw Materials,($/kg),0.52,-7.14,,,,
1999-04-01,1999,4,"Rubber, TSR20 **",Raw Materials,($/kg),0.52,0.0,-13.33,,,
1999-05-01,1999,5,"Rubber, TSR20 **",Raw Materials,($/kg),0.55,5.77,-1.79,,,
1999-06-01,1999,6,"Rubber, TSR20 **",Raw Materials,($/kg),0.55,0.0,5.77,,,
1999-07-01,1999,7,"Rubber, TSR20 **",Raw Materials,($/kg),0.51,-7.27,-1.92,,,
1999-08-01,1999,8,"Rubber, TSR20 **",Raw Materials,($/kg),0.54,5.88,-1.82,,,1.58
1999-09-01,1999,9,"Rubber, TSR20 **",Raw Materials,($/kg),0.6,11.11,9.09,,,2.14
1999-10-01,1999,10,"Rubber, TSR20 **",Raw Materials,($/kg),0.68,13.33,33.33,,,1.88
1999-11-01,1999,11,"Rubber, TSR20 **",Raw Materials,($/kg),0.76,11.76,40.74,,,1.29
1999-12-01,1999,12,"Rubber, TSR20 **",Raw Materials,($/kg),0.7,-7.89,16.67,,,-1.31
2000-01-01,2000,1,"Rubber, TSR20 **",Raw Materials,($/kg),0.71,1.43,4.41,18.33,,-0.03
2000-02-01,2000,2,"Rubber, TSR20 **",Raw Materials,($/kg),0.73,2.82,-3.95,30.36,,0.14
2000-03-01,2000,3,"Rubber, TSR20 **",Raw Materials,($/kg),0.66,-9.59,-5.71,26.92,,-1.62
2000-04-01,2000,4,"Rubber, TSR20 **",Raw Materials,($/kg),0.64,-3.03,-9.86,23.08,,-0.68
2000-05-01,2000,5,"Rubber, TSR20 **",Raw Materials,($/kg),0.62,-3.12,-15.07,12.73,,-0.65
2000-06-01,2000,6,"Rubber, TSR20 **",Raw Materials,($/kg),0.6,-3.23,-9.09,9.09,,-0.57
2000-07-01,2000,7,"Rubber, TSR20 **",Raw Materials,($/kg),0.58,-3.33,-9.38,13.73,,-0.54
2000-08-01,2000,8,"Rubber, TSR20 **",Raw Materials,($/kg),0.61,5.17,-1.61,12.96,,0.5
2000-09-01,2000,9,"Rubber, TSR20 **",Raw Materials,($/kg),0.6,-1.64,0.0,0.0,,-0.38
2000-10-01,2000,10,"Rubber, TSR20 **",Raw Materials,($/kg),0.61,1.67,5.17,-10.29,,0.2
2000-11-01,2000,11,"Rubber, TSR20 **",Raw Materials,($/kg),0.6,-1.64,-1.64,-21.05,,-0.15
2000-12-01,2000,12,"Rubber, TSR20 **",Raw Materials,($/kg),0.6,0.0,0.0,-14.29,,0.44
2001-01-01,2001,1,"Rubber, TSR20 **",Raw Materials,($/kg),0.6,0.0,-1.64,-15.49,,0.32
2001-02-01,2001,2,"Rubber, TSR20 **",Raw Materials,($/kg),0.57,-5.0,-5.0,-21.92,,-0.98
2001-03-01,2001,3,"Rubber, TSR20 **",Raw Materials,($/kg),0.52,-8.77,-13.33,-21.21,,-1.87
2001-04-01,2001,4,"Rubber, TSR20 **",Raw Materials,($/kg),0.51,-1.92,-15.0,-20.31,,-0.0
2001-05-01,2001,5,"Rubber, TSR20 **",Raw Materials,($/kg),0.51,0.0,-10.53,-17.74,,0.52
2001-06-01,2001,6,"Rubber, TSR20 **",Raw Materials,($/kg),0.51,0.0,-1.92,-15.0,,0.45
2001-07-01,2001,7,"Rubber, TSR20 **",Raw Materials,($/kg),0.5,-1.96,-1.96,-13.79,,-0.19
2001-08-01,2001,8,"Rubber, TSR20 **",Raw Materials,($/kg),0.53,6.0,3.92,-13.11,,2.1
2001-09-01,2001,9,"Rubber, TSR20 **",Raw Materials,($/kg),0.49,-7.55,-3.92,-18.33,,-1.81
2001-10-01,2001,10,"Rubber, TSR20 **",Raw Materials,($/kg),0.48,-2.04,-4.0,-21.31,,-0.11
2001-11-01,2001,11,"Rubber, TSR20 **",Raw Materials,($/kg),0.47,-2.08,-11.32,-21.67,,-0.05
2001-12-01,2001,12,"Rubber, TSR20 **",Raw Materials,($/kg),0.48,2.13,-2.04,-20.0,,1.05
2002-01-01,2002,1,"Rubber, TSR20 **",Raw Materials,($/kg),0.54,12.5,12.5,-10.0,,3.55
2002-02-01,2002,2,"Rubber, TSR20 **",Raw Materials,($/kg),0.58,7.41,23.4,1.75,,1.41
2002-03-01,2002,3,"Rubber, TSR20 **",Raw Materials,($/kg),0.68,17.24,41.67,30.77,,2.81
2002-04-01,2002,4,"Rubber, TSR20 **",Raw Materials,($/kg),0.64,-5.88,18.52,25.49,,-1.18
2002-05-01,2002,5,"Rubber, TSR20 **",Raw Materials,($/kg),0.68,6.25,17.24,33.33,,0.56
2002-06-01,2002,6,"Rubber, TSR20 **",Raw Materials,($/kg),0.83,22.06,22.06,62.75,,2.61
2002-07-01,2002,7,"Rubber, TSR20 **",Raw Materials,($/kg),0.81,-2.41,26.56,62.0,,-0.75
2002-08-01,2002,8,"Rubber, TSR20 **",Raw Materials,($/kg),0.83,2.47,22.06,56.6,,-0.22
2002-09-01,2002,9,"Rubber, TSR20 **",Raw Materials,($/kg),0.9,8.43,8.43,83.67,,0.46
2002-10-01,2002,10,"Rubber, TSR20 **",Raw Materials,($/kg),0.83,-7.78,2.47,72.92,,-1.56
2002-11-01,2002,11,"Rubber, TSR20 **",Raw Materials,($/kg),0.84,1.2,1.2,78.72,,-0.42
2002-12-01,2002,12,"Rubber, TSR20 **",Raw Materials,($/kg),0.85,1.19,-5.56,77.08,,-0.46
2003-01-01,2003,1,"Rubber, TSR20 **",Raw Materials,($/kg),0.9,5.88,8.43,66.67,,0.07
2003-02-01,2003,2,"Rubber, TSR20 **",Raw Materials,($/kg),0.94,4.44,11.9,62.07,,-0.03
2003-03-01,2003,3,"Rubber, TSR20 **",Raw Materials,($/kg),0.95,1.06,11.76,39.71,,-0.39
2003-04-01,2003,4,"Rubber, TSR20 **",Raw Materials,($/kg),0.88,-7.37,-2.22,37.5,,-1.36
2003-05-01,2003,5,"Rubber, TSR20 **",Raw Materials,($/kg),0.84,-4.55,-10.64,23.53,,-0.96
2003-06-01,2003,6,"Rubber, TSR20 **",Raw Materials,($/kg),0.84,0.0,-11.58,1.2,,-0.26
2003-07-01,2003,7,"Rubber, TSR20 **",Raw Materials,($/kg),0.88,4.76,0.0,8.64,,0.91
2003-08-01,2003,8,"Rubber, TSR20 **",Raw Materials,($/kg),0.95,7.95,13.1,14.46,,1.4
2003-09-01,2003,9,"Rubber, TSR20 **",Raw Materials,($/kg),1.09,14.74,29.76,21.11,,2.45
2003-10-01,2003,10,"Rubber, TSR20 **",Raw Materials,($/kg),1.29,18.35,46.59,55.42,,2.56
2003-11-01,2003,11,"Rubber, TSR20 **",Raw Materials,($/kg),1.26,-2.33,32.63,50.0,,-0.86
2003-12-01,2003,12,"Rubber, TSR20 **",Raw Materials,($/kg),1.24,-1.59,13.76,45.88,,-0.7
2004-01-01,2004,1,"Rubber, TSR20 **",Raw Materials,($/kg),1.21,-2.42,-6.2,34.44,101.67,-0.77
2004-02-01,2004,2,"Rubber, TSR20 **",Raw Materials,($/kg),1.25,3.31,-0.79,32.98,123.21,0.07
2004-03-01,2004,3,"Rubber, TSR20 **",Raw Materials,($/kg),1.27,1.6,2.42,33.68,144.23,-0.14
2004-04-01,2004,4,"Rubber, TSR20 **",Raw Materials,($/kg),1.27,0.0,4.96,44.32,144.23,-0.35
2004-05-01,2004,5,"Rubber, TSR20 **",Raw Materials,($/kg),1.24,-2.36,-0.8,47.62,125.45,-0.8
2004-06-01,2004,6,"Rubber, TSR20 **",Raw Materials,($/kg),1.2,-3.23,-5.51,42.86,118.18,-0.97
2004-07-01,2004,7,"Rubber, TSR20 **",Raw Materials,($/kg),1.15,-4.17,-9.45,30.68,125.49,-1.04
2004-08-01,2004,8,"Rubber, TSR20 **",Raw Materials,($/kg),1.14,-0.87,-8.06,20.0,111.11,-0.45
2004-09-01,2004,9,"Rubber, TSR20 **",Raw Materials,($/kg),1.15,0.88,-4.17,5.5,91.67,-0.12
2004-10-01,2004,10,"Rubber, TSR20 **",Raw Materials,($/kg),1.21,5.22,5.22,-6.2,77.94,0.77
2004-11-01,2004,11,"Rubber, TSR20 **",Raw Materials,($/kg),1.22,0.83,7.02,-3.17,60.53,0.47
2004-12-01,2004,12,"Rubber, TSR20 **",Raw Materials,($/kg),1.19,-2.46,3.48,-4.03,70.0,-0.81
2005-01-01,2005,1,"Rubber, TSR20 **",Raw Materials,($/kg),1.19,0.0,-1.65,-1.65,67.61,0.11
2005-02-01,2005,2,"Rubber, TSR20 **",Raw Materials,($/kg),1.22,2.52,0.0,-2.4,67.12,0.96
2005-03-01,2005,3,"Rubber, TSR20 **",Raw Materials,($/kg),1.22,0.0,2.52,-3.94,84.85,0.06
2005-04-01,2005,4,"Rubber, TSR20 **",Raw Materials,($/kg),1.21,-0.82,1.68,-4.72,89.06,-0.2
2005-05-01,2005,5,"Rubber, TSR20 **",Raw Materials,($/kg),1.21,0.0,-0.82,-2.42,95.16,0.14
2005-06-01,2005,6,"Rubber, TSR20 **",Raw Materials,($/kg),1.27,4.96,4.1,5.83,111.67,2.04
2005-07-01,2005,7,"Rubber, TSR20 **",Raw Materials,($/kg),1.45,14.17,19.83,26.09,150.0,5.02
2005-08-01,2005,8,"Rubber, TSR20 **",Raw Materials,($/kg),1.44,-0.69,19.01,26.32,136.07,-0.61
2005-09-01,2005,9,"Rubber, TSR20 **",Raw Materials,($/kg),1.59,10.42,25.2,38.26,165.0,1.88
2005-10-01,2005,10,"Rubber, TSR20 **",Raw Materials,($/kg),1.63,2.52,12.41,34.71,167.21,-0.07
2005-11-01,2005,11,"Rubber, TSR20 **",Raw Materials,($/kg),1.58,-3.07,9.72,29.51,163.33,-1.14
2005-12-01,2005,12,"Rubber, TSR20 **",Raw Materials,($/kg),1.63,3.16,2.52,36.97,171.67,0.17
2006-01-01,2006,1,"Rubber, TSR20 **",Raw Materials,($/kg),1.76,7.98,7.98,47.9,193.33,1.04
2006-02-01,2006,2,"Rubber, TSR20 **",Raw Materials,($/kg),1.93,9.66,22.15,58.2,238.6,1.21
2006-03-01,2006,3,"Rubber, TSR20 **",Raw Materials,($/kg),1.91,-1.04,17.18,56.56,267.31,-0.93
2006-04-01,2006,4,"Rubber, TSR20 **",Raw Materials,($/kg),1.94,1.57,10.23,60.33,280.39,-0.43
2006-05-01,2006,5,"Rubber, TSR20 **",Raw Materials,($/kg),2.15,10.82,11.4,77.69,321.57,1.25
2006-06-01,2006,6,"Rubber, TSR20 **",Raw Materials,($/kg),2.35,9.3,23.04,85.04,360.78,0.77
2006-07-01,2006,7,"Rubber, TSR20 **",Raw Materials,($/kg),2.31,-1.7,19.07,59.31,362.0,-1.26
2006-08-01,2006,8,"Rubber, TSR20 **",Raw Materials,($/kg),2.14,-7.36,-0.47,48.61,303.77,-2.18
2006-09-01,2006,9,"Rubber, TSR20 **",Raw Materials,($/kg),1.81,-15.42,-22.98,13.84,269.39,-3.12
2006-10-01,2006,10,"Rubber, TSR20 **",Raw Materials,($/kg),1.79,-1.1,-22.51,9.82,272.92,-0.32
2006-11-01,2006,11,"Rubber, TSR20 **",Raw Materials,($/kg),1.62,-9.5,-24.3,2.53,244.68,-1.36
2006-12-01,2006,12,"Rubber, TSR20 **",Raw Materials,($/kg),1.65,1.85,-8.84,1.23,243.75,0.16
2007-01-01,2007,1,"Rubber, TSR20 **",Raw Materials,($/kg),1.94,17.58,8.38,10.23,259.26,2.08
2007-02-01,2007,2,"Rubber, TSR20 **",Raw Materials,($/kg),2.12,9.28,30.86,9.84,265.52,0.85
2007-03-01,2007,3,"Rubber, TSR20 **",Raw Materials,($/kg),2.05,-3.3,24.24,7.33,201.47,-0.48
2007-04-01,2007,4,"Rubber, TSR20 **",Raw Materials,($/kg),2.17,5.85,11.86,11.86,239.06,0.51
2007-05-01,2007,5,"Rubber, TSR20 **",Raw Materials,($/kg),2.22,2.3,4.72,3.26,226.47,0.1
2007-06-01,2007,6,"Rubber, TSR20 **",Raw Materials,($/kg),2.11,-4.95,2.93,-10.21,154.22,-0.61
2007-07-01,2007,7,"Rubber, TSR20 **",Raw Materials,($/kg),2.04,-3.32,-5.99,-11.69,151.85,-0.31
2007-08-01,2007,8,"Rubber, TSR20 **",Raw Materials,($/kg),2.07,1.47,-6.76,-3.27,149.4,0.24
2007-09-01,2007,9,"Rubber, TSR20 **",Raw Materials,($/kg),2.11,1.93,0.0,16.57,134.44,0.22
2007-10-01,2007,10,"Rubber, TSR20 **",Raw Materials,($/kg),2.26,7.11,10.78,26.26,172.29,0.79
2007-11-01,2007,11,"Rubber, TSR20 **",Raw Materials,($/kg),2.37,4.87,14.49,46.3,182.14,0.37
2007-12-01,2007,12,"Rubber, TSR20 **",Raw Materials,($/kg),2.41,1.69,14.22,46.06,183.53,-0.27
2008-01-01,2008,1,"Rubber, TSR20 **",Raw Materials,($/kg),2.53,4.98,11.95,30.41,181.11,0.26
2008-02-01,2008,2,"Rubber, TSR20 **",Raw Materials,($/kg),2.72,7.51,14.77,28.3,189.36,1.17
2008-03-01,2008,3,"Rubber, TSR20 **",Raw Materials,($/kg),2.7,-0.74,12.03,31.71,184.21,-0.7
2008-04-01,2008,4,"Rubber, TSR20 **",Raw Materials,($/kg),2.7,0.0,6.72,24.42,206.82,-0.61
2008-05-01,2008,5,"Rubber, TSR20 **",Raw Materials,($/kg),2.96,9.63,8.82,33.33,252.38,2.01
2008-06-01,2008,6,"Rubber, TSR20 **",Raw Materials,($/kg),3.17,7.09,17.41,50.24,277.38,1.03
2008-07-01,2008,7,"Rubber, TSR20 **",Raw Materials,($/kg),3.2,0.95,18.52,56.86,263.64,-0.65
2008-08-01,2008,8,"Rubber, TSR20 **",Raw Materials,($/kg),2.91,-9.06,-1.69,40.58,206.32,-3.78
2008-09-01,2008,9,"Rubber, TSR20 **",Raw Materials,($/kg),2.81,-3.44,-11.36,33.18,157.8,-1.27
2008-10-01,2008,10,"Rubber, TSR20 **",Raw Materials,($/kg),1.86,-33.81,-41.87,-17.7,44.19,-6.75
2008-11-01,2008,11,"Rubber, TSR20 **",Raw Materials,($/kg),1.62,-12.9,-44.33,-31.65,28.57,-1.04
2008-12-01,2008,12,"Rubber, TSR20 **",Raw Materials,($/kg),1.18,-27.16,-58.01,-51.04,-4.84,-2.08
2009-01-01,2009,1,"Rubber, TSR20 **",Raw Materials,($/kg),1.41,19.49,-24.19,-44.27,16.53,1.76
2009-02-01,2009,2,"Rubber, TSR20 **",Raw Materials,($/kg),1.3,-7.8,-19.75,-52.21,4.0,-0.28
2009-03-01,2009,3,"Rubber, TSR20 **",Raw Materials,($/kg),1.28,-1.54,8.47,-52.59,0.79,0.22
2009-04-01,2009,4,"Rubber, TSR20 **",Raw Materials,($/kg),1.48,15.62,4.96,-45.19,16.54,1.38
2009-05-01,2009,5,"Rubber, TSR20 **",Raw Materials,($/kg),1.56,5.41,20.0,-47.3,25.81,0.56
2009-06-01,2009,6,"Rubber, TSR20 **",Raw Materials,($/kg),1.53,-1.92,19.53,-51.74,27.5,0.13
2009-07-01,2009,7,"Rubber, TSR20 **",Raw Materials,($/kg),1.6,4.58,8.11,-50.0,39.13,0.6
2009-08-01,2009,8,"Rubber, TSR20 **",Raw Materials,($/kg),1.84,15.0,17.95,-36.77,61.4,1.25
2009-09-01,2009,9,"Rubber, TSR20 **",Raw Materials,($/kg),2.07,12.5,35.29,-26.33,80.0,0.91
2009-10-01,2009,10,"Rubber, TSR20 **",Raw Materials,($/kg),2.26,9.18,41.25,21.51,86.78,0.6
2009-11-01,2009,11,"Rubber, TSR20 **",Raw Materials,($/kg),2.49,10.18,35.33,53.7,104.1,0.56
2009-12-01,2009,12,"Rubber, TSR20 **",Raw Materials,($/kg),2.79,12.05,34.78,136.44,134.45,0.59
2010-01-01,2010,1,"Rubber, TSR20 **",Raw Materials,($/kg),3.04,8.96,34.51,115.6,155.46,0.15
2010-02-01,2010,2,"Rubber, TSR20 **",Raw Materials,($/kg),3.08,1.32,23.69,136.92,152.46,-0.75
2010-03-01,2010,3,"Rubber, TSR20 **",Raw Materials,($/kg),3.18,3.25,13.98,148.44,160.66,-0.72
2010-04-01,2010,4,"Rubber, TSR20 **",Raw Materials,($/kg),3.28,3.14,7.89,121.62,171.07,-0.88
2010-05-01,2010,5,"Rubber, TSR20 **",Raw Materials,($/kg),2.89,-11.89,-6.17,85.26,138.84,-3.69
2010-06-01,2010,6,"Rubber, TSR20 **",Raw Materials,($/kg),2.9,0.35,-8.81,89.54,128.35,-0.69
2010-07-01,2010,7,"Rubber, TSR20 **",Raw Materials,($/kg),2.93,1.03,-10.67,83.12,102.07,-0.64
2010-08-01,2010,8,"Rubber, TSR20 **",Raw Materials,($/kg),3.14,7.17,8.65,70.65,118.06,0.24
2010-09-01,2010,9,"Rubber, TSR20 **",Raw Materials,($/kg),3.36,7.01,15.86,62.32,111.32,0.33
2010-10-01,2010,10,"Rubber, TSR20 **",Raw Materials,($/kg),3.85,14.58,31.4,70.35,136.2,1.6
2010-11-01,2010,11,"Rubber, TSR20 **",Raw Materials,($/kg),4.24,10.13,35.03,70.28,168.35,0.77
2010-12-01,2010,12,"Rubber, TSR20 **",Raw Materials,($/kg),4.69,10.61,39.58,68.1,187.73,0.84
2011-01-01,2011,1,"Rubber, TSR20 **",Raw Materials,($/kg),5.33,13.65,38.44,75.33,202.84,1.32
2011-02-01,2011,2,"Rubber, TSR20 **",Raw Materials,($/kg),5.58,4.69,31.6,81.17,189.12,-0.05
2011-03-01,2011,3,"Rubber, TSR20 **",Raw Materials,($/kg),4.84,-13.26,3.2,52.2,153.4,-2.6
2011-04-01,2011,4,"Rubber, TSR20 **",Raw Materials,($/kg),4.97,2.69,-6.75,51.52,156.19,-0.14
2011-05-01,2011,5,"Rubber, TSR20 **",Raw Materials,($/kg),4.52,-9.05,-19.0,56.4,110.23,-1.45
2011-06-01,2011,6,"Rubber, TSR20 **",Raw Materials,($/kg),4.52,0.0,-6.61,55.86,92.34,-0.49
2011-07-01,2011,7,"Rubber, TSR20 **",Raw Materials,($/kg),4.56,0.88,-8.25,55.63,97.4,-0.38
2011-08-01,2011,8,"Rubber, TSR20 **",Raw Materials,($/kg),4.62,1.32,2.21,47.13,115.89,-0.33
2011-09-01,2011,9,"Rubber, TSR20 **",Raw Materials,($/kg),4.52,-2.16,0.0,34.52,149.72,-0.68
2011-10-01,2011,10,"Rubber, TSR20 **",Raw Materials,($/kg),4.08,-9.73,-10.53,5.97,127.93,-1.46
2011-11-01,2011,11,"Rubber, TSR20 **",Raw Materials,($/kg),3.33,-18.38,-27.92,-21.46,105.56,-2.28
2011-12-01,2011,12,"Rubber, TSR20 **",Raw Materials,($/kg),3.35,0.6,-25.88,-28.57,103.03,0.23
2012-01-01,2012,1,"Rubber, TSR20 **",Raw Materials,($/kg),3.5,4.48,-14.22,-34.33,80.41,0.78
2012-02-01,2012,2,"Rubber, TSR20 **",Raw Materials,($/kg),3.78,8.0,13.51,-32.26,78.3,1.48
2012-03-01,2012,3,"Rubber, TSR20 **",Raw Materials,($/kg),3.78,0.0,12.84,-21.9,84.39,0.36
2012-04-01,2012,4,"Rubber, TSR20 **",Raw Materials,($/kg),3.66,-3.17,4.57,-26.36,68.66,-0.19
2012-05-01,2012,5,"Rubber, TSR20 **",Raw Materials,($/kg),3.38,-7.65,-10.58,-25.22,52.25,-0.76
2012-06-01,2012,6,"Rubber, TSR20 **",Raw Materials,($/kg),2.86,-15.38,-24.34,-36.73,35.55,-1.89
2012-07-01,2012,7,"Rubber, TSR20 **",Raw Materials,($/kg),2.89,1.05,-21.04,-36.62,41.67,0.57
2012-08-01,2012,8,"Rubber, TSR20 **",Raw Materials,($/kg),2.6,-10.03,-23.08,-43.72,25.6,-0.84
2012-09-01,2012,9,"Rubber, TSR20 **",Raw Materials,($/kg),2.76,6.15,-3.5,-38.94,30.81,1.32
2012-10-01,2012,10,"Rubber, TSR20 **",Raw Materials,($/kg),2.95,6.88,2.08,-27.7,30.53,1.24
2012-11-01,2012,11,"Rubber, TSR20 **",Raw Materials,($/kg),2.8,-5.08,7.69,-15.92,18.14,-0.32
2012-12-01,2012,12,"Rubber, TSR20 **",Raw Materials,($/kg),2.9,3.57,5.07,-13.43,20.33,0.65
2013-01-01,2013,1,"Rubber, TSR20 **",Raw Materials,($/kg),3.04,4.83,3.05,-13.14,20.16,0.78
2013-02-01,2013,2,"Rubber, TSR20 **",Raw Materials,($/kg),3.04,0.0,8.57,-19.58,11.76,0.12
2013-03-01,2013,3,"Rubber, TSR20 **",Raw Materials,($/kg),2.8,-7.89,-3.45,-25.93,3.7,-0.92
2013-04-01,2013,4,"Rubber, TSR20 **",Raw Materials,($/kg),2.5,-10.71,-17.76,-31.69,-7.41,-1.19
2013-05-01,2013,5,"Rubber, TSR20 **",Raw Materials,($/kg),2.51,0.4,-17.43,-25.74,-15.2,0.43
2013-06-01,2013,6,"Rubber, TSR20 **",Raw Materials,($/kg),2.33,-7.17,-16.79,-18.53,-26.5,-0.67
2013-07-01,2013,7,"Rubber, TSR20 **",Raw Materials,($/kg),2.24,-3.86,-10.4,-22.49,-30.0,-0.37
2013-08-01,2013,8,"Rubber, TSR20 **",Raw Materials,($/kg),2.38,6.25,-5.18,-8.46,-18.21,1.28
2013-09-01,2013,9,"Rubber, TSR20 **",Raw Materials,($/kg),2.42,1.68,3.86,-12.32,-13.88,0.36
2013-10-01,2013,10,"Rubber, TSR20 **",Raw Materials,($/kg),2.32,-4.13,3.57,-21.36,24.73,-0.54
2013-11-01,2013,11,"Rubber, TSR20 **",Raw Materials,($/kg),2.3,-0.86,-3.36,-17.86,41.98,0.18
2013-12-01,2013,12,"Rubber, TSR20 **",Raw Materials,($/kg),2.31,0.43,-4.55,-20.34,95.76,0.36
2014-01-01,2014,1,"Rubber, TSR20 **",Raw Materials,($/kg),2.14,-7.36,-7.76,-29.61,51.77,-1.09
2014-02-01,2014,2,"Rubber, TSR20 **",Raw Materials,($/kg),1.9,-11.21,-17.39,-37.5,46.15,-1.72
2014-03-01,2014,3,"Rubber, TSR20 **",Raw Materials,($/kg),1.93,1.58,-16.45,-31.07,50.78,0.98
2014-04-01,2014,4,"Rubber, TSR20 **",Raw Materials,($/kg),1.78,-7.77,-16.82,-28.8,20.27,-0.9
2014-05-01,2014,5,"Rubber, TSR20 **",Raw Materials,($/kg),1.69,-5.06,-11.05,-32.67,8.33,-0.47
2014-06-01,2014,6,"Rubber, TSR20 **",Raw Materials,($/kg),1.71,1.18,-11.4,-26.61,11.76,0.86
2014-07-01,2014,7,"Rubber, TSR20 **",Raw Materials,($/kg),1.7,-0.58,-4.49,-24.11,6.25,0.37
2014-08-01,2014,8,"Rubber, TSR20 **",Raw Materials,($/kg),1.67,-1.76,-1.18,-29.83,-9.24,0.08
2014-09-01,2014,9,"Rubber, TSR20 **",Raw Materials,($/kg),1.53,-8.38,-10.53,-36.78,-26.09,-1.31
2014-10-01,2014,10,"Rubber, TSR20 **",Raw Materials,($/kg),1.51,-1.31,-11.18,-34.91,-33.19,0.55
2014-11-01,2014,11,"Rubber, TSR20 **",Raw Materials,($/kg),1.54,1.99,-7.78,-33.04,-38.15,1.25
2014-12-01,2014,12,"Rubber, TSR20 **",Raw Materials,($/kg),1.47,-4.55,-3.92,-36.36,-47.31,-0.3
2015-01-01,2015,1,"Rubber, TSR20 **",Raw Materials,($/kg),1.42,-3.4,-5.96,-33.64,-53.29,0.05
2015-02-01,2015,2,"Rubber, TSR20 **",Raw Materials,($/kg),1.43,0.7,-7.14,-24.74,-53.57,0.94
2015-03-01,2015,3,"Rubber, TSR20 **",Raw Materials,($/kg),1.43,0.0,-2.72,-25.91,-55.03,0.64
2015-04-01,2015,4,"Rubber, TSR20 **",Raw Materials,($/kg),1.41,-1.4,-0.7,-20.79,-57.01,0.3
2015-05-01,2015,5,"Rubber, TSR20 **",Raw Materials,($/kg),1.55,9.93,8.39,-8.28,-46.37,3.94
2015-06-01,2015,6,"Rubber, TSR20 **",Raw Materials,($/kg),1.58,1.94,10.49,-7.6,-45.52,0.59
2015-07-01,2015,7,"Rubber, TSR20 **",Raw Materials,($/kg),1.45,-8.23,2.84,-14.71,-50.51,-1.74
2015-08-01,2015,8,"Rubber, TSR20 **",Raw Materials,($/kg),1.31,-9.66,-15.48,-21.56,-58.28,-1.72
2015-09-01,2015,9,"Rubber, TSR20 **",Raw Materials,($/kg),1.24,-5.34,-21.52,-18.95,-63.1,-0.63
2015-10-01,2015,10,"Rubber, TSR20 **",Raw Materials,($/kg),1.24,0.0,-14.48,-17.88,-67.79,0.31
2015-11-01,2015,11,"Rubber, TSR20 **",Raw Materials,($/kg),1.16,-6.45,-11.45,-24.68,-72.64,-0.94
2015-12-01,2015,12,"Rubber, TSR20 **",Raw Materials,($/kg),1.16,0.0,-6.45,-21.09,-75.27,0.42
2016-01-01,2016,1,"Rubber, TSR20 **",Raw Materials,($/kg),1.08,-6.9,-12.9,-23.94,-79.74,-0.96
2016-02-01,2016,2,"Rubber, TSR20 **",Raw Materials,($/kg),1.1,1.85,-5.17,-23.08,-80.29,0.72
2016-03-01,2016,3,"Rubber, TSR20 **",Raw Materials,($/kg),1.28,16.36,10.34,-10.49,-73.55,3.32
2016-04-01,2016,4,"Rubber, TSR20 **",Raw Materials,($/kg),1.49,16.41,37.96,5.67,-70.02,2.22
2016-05-01,2016,5,"Rubber, TSR20 **",Raw Materials,($/kg),1.36,-8.72,23.64,-12.26,-69.91,-1.05
2016-06-01,2016,6,"Rubber, TSR20 **",Raw Materials,($/kg),1.26,-7.35,-1.56,-20.25,-72.12,-0.74
2016-07-01,2016,7,"Rubber, TSR20 **",Raw Materials,($/kg),1.28,1.59,-14.09,-11.72,-71.93,0.34
2016-08-01,2016,8,"Rubber, TSR20 **",Raw Materials,($/kg),1.3,1.56,-4.41,-0.76,-71.86,0.25
2016-09-01,2016,9,"Rubber, TSR20 **",Raw Materials,($/kg),1.36,4.62,7.94,9.68,-69.91,0.51
2016-10-01,2016,10,"Rubber, TSR20 **",Raw Materials,($/kg),1.48,8.82,15.62,19.35,-63.73,0.92
2016-11-01,2016,11,"Rubber, TSR20 **",Raw Materials,($/kg),1.66,12.16,27.69,43.1,-50.15,1.2
2016-12-01,2016,12,"Rubber, TSR20 **",Raw Materials,($/kg),1.93,16.27,41.91,66.38,-42.39,1.48
2017-01-01,2017,1,"Rubber, TSR20 **",Raw Materials,($/kg),2.16,11.92,45.95,100.0,-38.29,0.77
2017-02-01,2017,2,"Rubber, TSR20 **",Raw Materials,($/kg),2.23,3.24,34.34,102.73,-41.01,-0.35
2017-03-01,2017,3,"Rubber, TSR20 **",Raw Materials,($/kg),1.97,-11.66,2.07,53.91,-47.88,-2.06
2017-04-01,2017,4,"Rubber, TSR20 **",Raw Materials,($/kg),1.65,-16.24,-23.61,10.74,-54.92,-2.12
2017-05-01,2017,5,"Rubber, TSR20 **",Raw Materials,($/kg),1.53,-7.27,-31.39,12.5,-54.73,-0.83
2017-06-01,2017,6,"Rubber, TSR20 **",Raw Materials,($/kg),1.44,-5.88,-26.9,14.29,-49.65,-0.72
2017-07-01,2017,7,"Rubber, TSR20 **",Raw Materials,($/kg),1.52,5.56,-7.88,18.75,-47.4,0.39
2017-08-01,2017,8,"Rubber, TSR20 **",Raw Materials,($/kg),1.55,1.97,1.31,19.23,-40.38,0.0
2017-09-01,2017,9,"Rubber, TSR20 **",Raw Materials,($/kg),1.61,3.87,11.81,18.38,-41.67,0.19
2017-10-01,2017,10,"Rubber, TSR20 **",Raw Materials,($/kg),1.46,-9.32,-3.95,-1.35,-50.51,-1.1
2017-11-01,2017,11,"Rubber, TSR20 **",Raw Materials,($/kg),1.43,-2.05,-7.74,-13.86,-48.93,-0.23
2017-12-01,2017,12,"Rubber, TSR20 **",Raw Materials,($/kg),1.46,2.1,-9.32,-24.35,-49.66,0.3
2018-01-01,2018,1,"Rubber, TSR20 **",Raw Materials,($/kg),1.5,2.74,2.74,-30.56,-50.66,0.58
2018-02-01,2018,2,"Rubber, TSR20 **",Raw Materials,($/kg),1.46,-2.67,2.1,-34.53,-51.97,0.01
2018-03-01,2018,3,"Rubber, TSR20 **",Raw Materials,($/kg),1.44,-1.37,-1.37,-26.9,-48.57,0.27
2018-04-01,2018,4,"Rubber, TSR20 **",Raw Materials,($/kg),1.39,-3.47,-7.33,-15.76,-44.4,-0.17
2018-05-01,2018,5,"Rubber, TSR20 **",Raw Materials,($/kg),1.44,3.6,-1.37,-5.88,-42.63,1.05
2018-06-01,2018,6,"Rubber, TSR20 **",Raw Materials,($/kg),1.38,-4.17,-4.17,-4.17,-40.77,-0.84
2018-07-01,2018,7,"Rubber, TSR20 **",Raw Materials,($/kg),1.31,-5.07,-5.76,-13.82,-41.52,-1.12
2018-08-01,2018,8,"Rubber, TSR20 **",Raw Materials,($/kg),1.34,2.29,-6.94,-13.55,-43.7,0.84
2018-09-01,2018,9,"Rubber, TSR20 **",Raw Materials,($/kg),1.33,-0.75,-3.62,-17.39,-45.04,0.09
2018-10-01,2018,10,"Rubber, TSR20 **",Raw Materials,($/kg),1.32,-0.75,0.76,-9.59,-43.1,0.2
2018-11-01,2018,11,"Rubber, TSR20 **",Raw Materials,($/kg),1.23,-6.82,-8.21,-13.99,-46.52,-2.08
2018-12-01,2018,12,"Rubber, TSR20 **",Raw Materials,($/kg),1.26,2.44,-5.26,-13.7,-45.45,1.08
2019-01-01,2019,1,"Rubber, TSR20 **",Raw Materials,($/kg),1.36,7.94,3.03,-9.33,-36.45,2.68
2019-02-01,2019,2,"Rubber, TSR20 **",Raw Materials,($/kg),1.4,2.94,13.82,-4.11,-26.32,0.88
2019-03-01,2019,3,"Rubber, TSR20 **",Raw Materials,($/kg),1.47,5.0,16.67,2.08,-23.83,1.24
2019-04-01,2019,4,"Rubber, TSR20 **",Raw Materials,($/kg),1.5,2.04,10.29,7.91,-15.73,0.39
2019-05-01,2019,5,"Rubber, TSR20 **",Raw Materials,($/kg),1.5,0.0,7.14,4.17,-11.24,-0.17
2019-06-01,2019,6,"Rubber, TSR20 **",Raw Materials,($/kg),1.5,0.0,2.04,8.7,-12.28,-0.1
2019-07-01,2019,7,"Rubber, TSR20 **",Raw Materials,($/kg),1.41,-6.0,-6.0,7.63,-17.06,-1.68
2019-08-01,2019,8,"Rubber, TSR20 **",Raw Materials,($/kg),1.31,-7.09,-12.67,-2.24,-21.56,-1.87
2019-09-01,2019,9,"Rubber, TSR20 **",Raw Materials,($/kg),1.34,2.29,-10.67,0.75,-12.42,0.51
2019-10-01,2019,10,"Rubber, TSR20 **",Raw Materials,($/kg),1.3,-2.99,-7.8,-1.52,-13.91,-0.67
2019-11-01,2019,11,"Rubber, TSR20 **",Raw Materials,($/kg),1.39,6.92,6.11,13.01,-9.74,1.45
2019-12-01,2019,12,"Rubber, TSR20 **",Raw Materials,($/kg),1.46,5.04,8.96,15.87,-0.68,0.84
2020-01-01,2020,1,"Rubber, TSR20 **",Raw Materials,($/kg),1.47,0.68,13.08,8.09,3.52,-0.14
2020-02-01,2020,2,"Rubber, TSR20 **",Raw Materials,($/kg),1.34,-8.84,-3.6,-4.29,-6.29,-2.22
2020-03-01,2020,3,"Rubber, TSR20 **",Raw Materials,($/kg),1.21,-9.7,-17.12,-17.69,-15.38,-1.87
2020-04-01,2020,4,"Rubber, TSR20 **",Raw Materials,($/kg),1.11,-8.26,-24.49,-26.0,-21.28,-1.25
2020-05-01,2020,5,"Rubber, TSR20 **",Raw Materials,($/kg),1.12,0.9,-16.42,-25.33,-27.74,0.57
2020-06-01,2020,6,"Rubber, TSR20 **",Raw Materials,($/kg),1.17,4.46,-3.31,-22.0,-25.95,1.18
2020-07-01,2020,7,"Rubber, TSR20 **",Raw Materials,($/kg),1.2,2.56,8.11,-14.89,-17.24,0.74
2020-08-01,2020,8,"Rubber, TSR20 **",Raw Materials,($/kg),1.32,10.0,17.86,0.76,0.76,1.88
2020-09-01,2020,9,"Rubber, TSR20 **",Raw Materials,($/kg),1.37,3.79,17.09,2.24,10.48,0.55
2020-10-01,2020,10,"Rubber, TSR20 **",Raw Materials,($/kg),1.53,11.68,27.5,17.69,23.39,1.74
2020-11-01,2020,11,"Rubber, TSR20 **",Raw Materials,($/kg),1.56,1.96,18.18,12.23,34.48,0.05
2020-12-01,2020,12,"Rubber, TSR20 **",Raw Materials,($/kg),1.57,0.64,14.6,7.53,35.34,-0.08
2021-01-01,2021,1,"Rubber, TSR20 **",Raw Materials,($/kg),1.59,1.27,3.92,8.16,47.22,0.07
2021-02-01,2021,2,"Rubber, TSR20 **",Raw Materials,($/kg),1.68,5.66,7.69,25.37,52.73,0.7
2021-03-01,2021,3,"Rubber, TSR20 **",Raw Materials,($/kg),1.74,3.57,10.83,43.8,35.94,0.24
2021-04-01,2021,4,"Rubber, TSR20 **",Raw Materials,($/kg),1.64,-5.75,3.14,47.75,10.07,-1.79
2021-05-01,2021,5,"Rubber, TSR20 **",Raw Materials,($/kg),1.69,3.05,0.6,50.89,24.26,-0.08
2021-06-01,2021,6,"Rubber, TSR20 **",Raw Materials,($/kg),1.64,-2.96,-5.75,40.17,30.16,-1.47
2021-07-01,2021,7,"Rubber, TSR20 **",Raw Materials,($/kg),1.63,-0.61,-0.61,35.83,27.34,-0.74
2021-08-01,2021,8,"Rubber, TSR20 **",Raw Materials,($/kg),1.71,4.91,1.18,29.55,31.54,0.45
2021-09-01,2021,9,"Rubber, TSR20 **",Raw Materials,($/kg),1.63,-4.68,-0.61,18.98,19.85,-1.57
2021-10-01,2021,10,"Rubber, TSR20 **",Raw Materials,($/kg),1.73,6.13,6.13,13.07,16.89,0.95
2021-11-01,2021,11,"Rubber, TSR20 **",Raw Materials,($/kg),1.74,0.58,1.75,11.54,4.82,-0.13
2021-12-01,2021,12,"Rubber, TSR20 **",Raw Materials,($/kg),1.72,-1.15,5.52,9.55,-10.88,-0.54
2022-01-01,2022,1,"Rubber, TSR20 **",Raw Materials,($/kg),1.78,3.49,2.89,11.95,-17.59,0.67
2022-02-01,2022,2,"Rubber, TSR20 **",Raw Materials,($/kg),1.79,0.56,2.87,6.55,-19.73,-0.11
2022-03-01,2022,3,"Rubber, TSR20 **",Raw Materials,($/kg),1.75,-2.23,1.74,0.57,-11.17,-0.75
2022-04-01,2022,4,"Rubber, TSR20 **",Raw Materials,($/kg),1.7,-2.86,-4.49,3.66,3.03,-0.79
2022-05-01,2022,5,"Rubber, TSR20 **",Raw Materials,($/kg),1.62,-4.71,-9.5,-4.14,5.88,-1.48
2022-06-01,2022,6,"Rubber, TSR20 **",Raw Materials,($/kg),1.64,1.23,-6.29,0.0,13.89,0.43
2022-07-01,2022,7,"Rubber, TSR20 **",Raw Materials,($/kg),1.56,-4.88,-8.24,-4.29,2.63,-1.41
2022-08-01,2022,8,"Rubber, TSR20 **",Raw Materials,($/kg),1.46,-6.41,-9.88,-14.62,-5.81,-1.62
2022-09-01,2022,9,"Rubber, TSR20 **",Raw Materials,($/kg),1.32,-9.59,-19.51,-19.02,-18.01,-2.21
2022-10-01,2022,10,"Rubber, TSR20 **",Raw Materials,($/kg),1.29,-2.27,-17.31,-25.43,-11.64,-0.14
2022-11-01,2022,11,"Rubber, TSR20 **",Raw Materials,($/kg),1.27,-1.55,-13.01,-27.01,-11.19,0.22
2022-12-01,2022,12,"Rubber, TSR20 **",Raw Materials,($/kg),1.35,6.3,2.27,-21.51,-7.53,2.49
2023-01-01,2023,1,"Rubber, TSR20 **",Raw Materials,($/kg),1.41,4.44,9.3,-20.79,-6.0,1.46
2023-02-01,2023,2,"Rubber, TSR20 **",Raw Materials,($/kg),1.4,-0.71,10.24,-21.79,-4.11,0.25
2023-03-01,2023,3,"Rubber, TSR20 **",Raw Materials,($/kg),1.36,-2.86,0.74,-22.29,-5.56,-0.21
2023-04-01,2023,4,"Rubber, TSR20 **",Raw Materials,($/kg),1.36,0.0,-3.55,-20.0,-2.16,0.45
2023-05-01,2023,5,"Rubber, TSR20 **",Raw Materials,($/kg),1.35,-0.74,-3.57,-16.67,-6.25,0.23
2023-06-01,2023,6,"Rubber, TSR20 **",Raw Materials,($/kg),1.32,-2.22,-2.94,-19.51,-4.35,-0.18
2023-07-01,2023,7,"Rubber, TSR20 **",Raw Materials,($/kg),1.3,-1.52,-4.41,-16.67,-0.76,0.04
2023-08-01,2023,8,"Rubber, TSR20 **",Raw Materials,($/kg),1.29,-0.77,-4.44,-11.64,-3.73,0.16
2023-09-01,2023,9,"Rubber, TSR20 **",Raw Materials,($/kg),1.42,10.08,7.58,7.58,6.77,2.85
2023-10-01,2023,10,"Rubber, TSR20 **",Raw Materials,($/kg),1.45,2.11,11.54,12.4,9.85,0.35
2023-11-01,2023,11,"Rubber, TSR20 **",Raw Materials,($/kg),1.48,2.07,14.73,16.54,20.33,0.26
2023-12-01,2023,12,"Rubber, TSR20 **",Raw Materials,($/kg),1.46,-1.35,2.82,8.15,15.87,-0.7
2024-01-01,2024,1,"Rubber, TSR20 **",Raw Materials,($/kg),1.53,4.79,5.52,8.51,12.5,1.13
2024-02-01,2024,2,"Rubber, TSR20 **",Raw Materials,($/kg),1.56,1.96,5.41,11.43,11.43,0.34
2024-03-01,2024,3,"Rubber, TSR20 **",Raw Materials,($/kg),1.65,5.77,13.01,21.32,12.24,1.33
2024-04-01,2024,4,"Rubber, TSR20 **",Raw Materials,($/kg),1.63,-1.21,6.54,19.85,8.67,-0.79
2024-05-01,2024,5,"Rubber, TSR20 **",Raw Materials,($/kg),1.69,3.68,8.33,25.19,12.67,0.56
2024-06-01,2024,6,"Rubber, TSR20 **",Raw Materials,($/kg),1.75,3.55,6.06,32.58,16.67,0.43
2024-07-01,2024,7,"Rubber, TSR20 **",Raw Materials,($/kg),1.65,-5.71,1.23,26.92,17.02,-2.35
2024-08-01,2024,8,"Rubber, TSR20 **",Raw Materials,($/kg),1.74,5.45,2.96,34.88,32.82,0.83
2024-09-01,2024,9,"Rubber, TSR20 **",Raw Materials,($/kg),1.91,9.77,9.14,34.51,42.54,1.77
2024-10-01,2024,10,"Rubber, TSR20 **",Raw Materials,($/kg),2.01,5.24,21.82,38.62,54.62,0.66
2024-11-01,2024,11,"Rubber, TSR20 **",Raw Materials,($/kg),1.93,-3.98,10.92,30.41,38.85,-1.67
2024-12-01,2024,12,"Rubber, TSR20 **",Raw Materials,($/kg),1.99,3.11,4.19,36.3,36.3,0.17
2025-01-01,2025,1,"Rubber, TSR20 **",Raw Materials,($/kg),1.93,-3.02,-3.98,26.14,31.29,-1.31
2025-02-01,2025,2,"Rubber, TSR20 **",Raw Materials,($/kg),2.01,4.15,4.15,28.85,50.0,0.45
2025-03-01,2025,3,"Rubber, TSR20 **",Raw Materials,($/kg),1.98,-1.49,-0.5,20.0,63.64,-0.8
2025-04-01,2025,4,"Rubber, TSR20 **",Raw Materials,($/kg),1.71,-13.64,-11.4,4.91,54.05,-3.3
2025-05-01,2025,5,"Rubber, TSR20 **",Raw Materials,($/kg),1.7,-0.58,-15.42,0.59,51.79,-0.18
2025-06-01,2025,6,"Rubber, TSR20 **",Raw Materials,($/kg),1.61,-5.29,-18.69,-8.0,37.61,-0.88
2025-07-01,2025,7,"Rubber, TSR20 **",Raw Materials,($/kg),1.68,4.35,-1.75,1.82,40.0,0.76
2025-08-01,2025,8,"Rubber, TSR20 **",Raw Materials,($/kg),1.71,1.79,0.59,-1.72,29.55,0.23
2025-09-01,2025,9,"Rubber, TSR20 **",Raw Materials,($/kg),1.74,1.75,8.07,-8.9,27.01,0.28
2025-10-01,2025,10,"Rubber, TSR20 **",Raw Materials,($/kg),1.71,-1.72,1.79,-14.93,11.76,-0.2
2025-11-01,2025,11,"Rubber, TSR20 **",Raw Materials,($/kg),1.71,0.0,0.0,-11.4,9.62,0.24
2025-12-01,2025,12,"Rubber, TSR20 **",Raw Materials,($/kg),1.74,1.75,0.0,-12.56,10.83,0.53
2026-01-01,2026,1,"Rubber, TSR20 **",Raw Materials,($/kg),1.84,5.75,7.6,-4.66,15.72,1.38
2026-02-01,2026,2,"Rubber, TSR20 **",Raw Materials,($/kg),1.93,4.89,12.87,-3.98,14.88,0.99
2026-03-01,2026,3,"Rubber, TSR20 **",Raw Materials,($/kg),1.95,1.04,12.07,-1.52,12.07,0.24
2026-04-01,2026,4,"Rubber, TSR20 **",Raw Materials,($/kg),2.06,5.64,11.96,20.47,25.61,1.07
2026-05-01,2026,5,"Rubber, TSR20 **",Raw Materials,($/kg),2.21,7.28,14.51,30.0,30.77,1.73
2026-06-01,2026,6,"Rubber, TSR20 **",Raw Materials,($/kg),2.25,1.81,15.38,39.75,37.2,-0.13
2026-07-01,2026,7,"Rubber, TSR20 **",Raw Materials,($/kg),2.14,-4.89,3.88,27.38,31.29,-2.89
2026-08-01,2026,8,"Rubber, TSR20 **",Raw Materials,($/kg),2.24,4.67,1.36,30.99,30.99,0.75
2026-09-01,2026,9,"Rubber, TSR20 **",Raw Materials,($/kg),2.41,7.59,7.11,38.51,47.85,1.5
1970-01-01,1970,1,"Sawnwood, Cameroon",Raw Materials,($/cubic meter),175.0,,,,,
1970-02-01,1970,2,"Sawnwood, Cameroon",Raw Materials,($/cubic meter),175.0,0.0,,,,
1970-03-01,1970,3,"Sawnwood, Cameroon",Raw Materials,($/cubic meter),175.0,0.0,,,,
1970-04-01,1970,4,"Sawnwood, Cameroon",Raw Materials,($/cubic meter),175.0,0.0,0.0,,,
1970-05-01,1970,5,"Sawnwood, Cameroon",Raw Materials,($/cubic meter),175.0,0.0,0.0,,,
1970-06-01,1970,6,"Sawnwood, Cameroon",Raw Materials,($/cubic meter),175.0,0.0,0.0,,,
1970-07-01,1970,7,"Sawnwood, Cameroon",Raw Materials,($/cubic meter),175.0,0.0,0.0,,,
1970-08-01,1970,8,"Sawnwood, Cameroon",Raw Materials,($/cubic meter),175.0,0.0,0.0,,,0.0
1970-09-01,1970,9,"Sawnwood, Cameroon",Raw Materials,($/cubic meter),175.0,0.0,0.0,,,0.0
1970-10-01,1970,10,"Sawnwood, Cameroon",Raw Materials,($/cubic meter),175.0,0.0,0.0,,,0.0
1970-11-01,1970,11,"Sawnwood, Cameroon",Raw Materials,($/cubic meter),175.0,0.0,0.0,,,0.0
1970-12-01,1970,12,"Sawnwood, Cameroon",Raw Materials,($/cubic meter),175.0,0.0,0.0,,,0.0
1980-01-01,1980,1,"Sawnwood, Cameroon",Raw Materials,($/cubic meter),396.0,126.29,126.29,126.29,,0.0
1980-02-01,1980,2,"Sawnwood, Cameroon",Raw Materials,($/cubic meter),396.0,0.0,126.29,126.29,,-0.29
1980-03-01,1980,3,"Sawnwood, Cameroon",Raw Materials,($/cubic meter),396.0,0.0,126.29,126.29,,-0.29
1980-04-01,1980,4,"Sawnwood, Cameroon",Raw Materials,($/cubic meter),396.0,0.0,0.0,126.29,,-0.29
1980-05-01,1980,5,"Sawnwood, Cameroon",Raw Materials,($/cubic meter),396.0,0.0,0.0,126.29,,-0.29
1980-06-01,1980,6,"Sawnwood, Cameroon",Raw Materials,($/cubic meter),396.0,0.0,0.0,126.29,,-0.29
1980-07-01,1980,7,"Sawnwood, Cameroon",Raw Materials,($/cubic meter),396.0,0.0,0.0,126.29,,-0.29
1980-08-01,1980,8,"Sawnwood, Cameroon",Raw Materials,($/cubic meter),396.0,0.0,0.0,126.29,,-0.29
1980-09-01,1980,9,"Sawnwood, Cameroon",Raw Materials,($/cubic meter),396.0,0.0,0.0,126.29,,-0.29
1980-10-01,1980,10,"Sawnwood, Cameroon",Raw Materials,($/cubic meter),396.0,0.0,0.0,126.29,,-0.29
1980-11-01,1980,11,"Sawnwood, Cameroon",Raw Materials,($/cubic meter),396.0,0.0,0.0,126.29,,-0.29
1980-12-01,1980,12,"Sawnwood, Cameroon",Raw Materials,($/cubic meter),396.0,0.0,0.0,126.29,,-0.29
1985-01-01,1985,1,"Sawnwood, Cameroon",Raw Materials,($/cubic meter),307.0,-22.47,-22.47,-22.47,,-0.91
1985-02-01,1985,2,"Sawnwood, Cameroon",Raw Materials,($/cubic meter),307.0,0.0,-22.47,-22.47,,0.29
1985-03-01,1985,3,"Sawnwood, Cameroon",Raw Materials,($/cubic meter),307.0,0.0,-22.47,-22.47,,0.29
1985-04-01,1985,4,"Sawnwood, Cameroon",Raw Materials,($/cubic meter),307.0,0.0,0.0,-22.47,,0.29
1985-05-01,1985,5,"Sawnwood, Cameroon",Raw Materials,($/cubic meter),307.0,0.0,0.0,-22.47,,0.29
1985-06-01,1985,6,"Sawnwood, Cameroon",Raw Materials,($/cubic meter),307.0,0.0,0.0,-22.47,,0.29
1985-07-01,1985,7,"Sawnwood, Cameroon",Raw Materials,($/cubic meter),307.0,0.0,0.0,-22.47,,0.29
1985-08-01,1985,8,"Sawnwood, Cameroon",Raw Materials,($/cubic meter),307.0,0.0,0.0,-22.47,,0.29
1985-09-01,1985,9,"Sawnwood, Cameroon",Raw Materials,($/cubic meter),307.0,0.0,0.0,-22.47,,0.29
1985-10-01,1985,10,"Sawnwood, Cameroon",Raw Materials,($/cubic meter),307.0,0.0,0.0,-22.47,,0.29
1985-11-01,1985,11,"Sawnwood, Cameroon",Raw Materials,($/cubic meter),307.0,0.0,0.0,-22.47,,0.29
1985-12-01,1985,12,"Sawnwood, Cameroon",Raw Materials,($/cubic meter),307.0,0.0,0.0,-22.47,,0.29
1990-01-01,1990,1,"Sawnwood, Cameroon",Raw Materials,($/cubic meter),533.0,73.62,73.62,73.62,,11.64
1990-02-01,1990,2,"Sawnwood, Cameroon",Raw Materials,($/cubic meter),533.0,0.0,73.62,73.62,,-0.29
1990-03-01,1990,3,"Sawnwood, Cameroon",Raw Materials,($/cubic meter),533.0,0.0,73.62,73.62,,-0.29
1990-04-01,1990,4,"Sawnwood, Cameroon",Raw Materials,($/cubic meter),533.0,0.0,0.0,73.62,,-0.29
1990-05-01,1990,5,"Sawnwood, Cameroon",Raw Materials,($/cubic meter),533.0,0.0,0.0,73.62,,-0.29
1990-06-01,1990,6,"Sawnwood, Cameroon",Raw Materials,($/cubic meter),533.0,0.0,0.0,73.62,,-0.29
1990-07-01,1990,7,"Sawnwood, Cameroon",Raw Materials,($/cubic meter),533.0,0.0,0.0,73.62,,-0.29
1990-08-01,1990,8,"Sawnwood, Cameroon",Raw Materials,($/cubic meter),533.0,0.0,0.0,73.62,,-0.29
1990-09-01,1990,9,"Sawnwood, Cameroon",Raw Materials,($/cubic meter),533.0,0.0,0.0,73.62,,-0.29
1990-10-01,1990,10,"Sawnwood, Cameroon",Raw Materials,($/cubic meter),533.0,0.0,0.0,73.62,,-0.29
1990-11-01,1990,11,"Sawnwood, Cameroon",Raw Materials,($/cubic meter),533.0,0.0,0.0,73.62,,-0.29
1990-12-01,1990,12,"Sawnwood, Cameroon",Raw Materials,($/cubic meter),533.0,0.0,0.0,73.62,,-0.29
1995-01-01,1995,1,"Sawnwood, Cameroon",Raw Materials,($/cubic meter),632.8,18.72,18.72,18.72,,0.59
1995-02-01,1995,2,"Sawnwood, Cameroon",Raw Materials,($/cubic meter),621.5,-1.79,16.6,16.6,,-0.62
1995-03-01,1995,3,"Sawnwood, Cameroon",Raw Materials,($/cubic meter),642.1,3.31,20.47,20.47,,0.35
1995-04-01,1995,4,"Sawnwood, Cameroon",Raw Materials,($/cubic meter),639.7,-0.37,1.09,20.02,,-0.38
1995-05-01,1995,5,"Sawnwood, Cameroon",Raw Materials,($/cubic meter),635.2,-0.7,2.2,19.17,,-0.43
1995-06-01,1995,6,"Sawnwood, Cameroon",Raw Materials,($/cubic meter),625.5,-1.53,-2.59,17.35,,-0.57
1995-07-01,1995,7,"Sawnwood, Cameroon",Raw Materials,($/cubic meter),615.6,-1.58,-3.77,15.5,,-0.55
1995-08-01,1995,8,"Sawnwood, Cameroon",Raw Materials,($/cubic meter),583.3,-5.25,-8.17,9.44,,-1.17
1995-09-01,1995,9,"Sawnwood, Cameroon",Raw Materials,($/cubic meter),565.7,-3.02,-9.56,6.14,,-0.66
1995-10-01,1995,10,"Sawnwood, Cameroon",Raw Materials,($/cubic meter),546.4,-3.41,-11.24,2.51,,-0.67
1995-11-01,1995,11,"Sawnwood, Cameroon",Raw Materials,($/cubic meter),521.8,-4.5,-10.54,-2.1,,-0.79
1995-12-01,1995,12,"Sawnwood, Cameroon",Raw Materials,($/cubic meter),523.8,0.38,-7.41,-1.73,,0.06
1996-01-01,1996,1,"Sawnwood, Cameroon",Raw Materials,($/cubic meter),519.4,-0.84,-4.94,-17.92,196.8,-0.14
1996-02-01,1996,2,"Sawnwood, Cameroon",Raw Materials,($/cubic meter),505.9,-2.6,-3.05,-18.6,189.09,-0.43
1996-03-01,1996,3,"Sawnwood, Cameroon",Raw Materials,($/cubic meter),504.0,-0.38,-3.78,-21.51,188.0,0.56
1996-04-01,1996,4,"Sawnwood, Cameroon",Raw Materials,($/cubic meter),489.6,-2.86,-5.74,-23.46,179.77,-0.49
1996-05-01,1996,5,"Sawnwood, Cameroon",Raw Materials,($/cubic meter),481.6,-1.63,-4.8,-24.18,175.2,0.32
1996-06-01,1996,6,"Sawnwood, Cameroon",Raw Materials,($/cubic meter),502.2,4.28,-0.36,-19.71,186.97,3.95
1996-07-01,1996,7,"Sawnwood, Cameroon",Raw Materials,($/cubic meter),520.3,3.6,6.27,-15.48,197.31,2.14
1996-08-01,1996,8,"Sawnwood, Cameroon",Raw Materials,($/cubic meter),513.8,-1.25,6.69,-11.91,193.6,0.03
1996-09-01,1996,9,"Sawnwood, Cameroon",Raw Materials,($/cubic meter),507.0,-1.32,0.96,-10.38,189.71,-0.11
1996-10-01,1996,10,"Sawnwood, Cameroon",Raw Materials,($/cubic meter),503.2,-0.75,-3.29,-7.91,187.54,0.05
1996-11-01,1996,11,"Sawnwood, Cameroon",Raw Materials,($/cubic meter),558.1,10.91,8.62,6.96,218.91,4.62
1996-12-01,1996,12,"Sawnwood, Cameroon",Raw Materials,($/cubic meter),543.7,-2.58,7.24,3.8,210.69,-0.82
1997-01-01,1997,1,"Sawnwood, Cameroon",Raw Materials,($/cubic meter),516.9,-4.93,2.72,-0.48,30.53,-1.32
1997-02-01,1997,2,"Sawnwood, Cameroon",Raw Materials,($/cubic meter),530.5,2.63,-4.95,4.86,33.96,0.6
1997-03-01,1997,3,"Sawnwood, Cameroon",Raw Materials,($/cubic meter),542.0,2.17,-0.31,7.54,36.87,0.4
1997-04-01,1997,4,"Sawnwood, Cameroon",Raw Materials,($/cubic meter),555.3,2.45,7.43,13.42,40.23,0.41
1997-05-01,1997,5,"Sawnwood, Cameroon",Raw Materials,($/cubic meter),600.7,8.18,13.23,24.73,51.69,1.69
1997-06-01,1997,6,"Sawnwood, Cameroon",Raw Materials,($/cubic meter),591.9,-1.46,9.21,17.86,49.47,-0.76
1997-07-01,1997,7,"Sawnwood, Cameroon",Raw Materials,($/cubic meter),570.9,-3.55,2.81,9.73,44.17,-1.1
1997-08-01,1997,8,"Sawnwood, Cameroon",Raw Materials,($/cubic meter),556.0,-2.61,-7.44,8.21,40.4,-0.74
1997-09-01,1997,9,"Sawnwood, Cameroon",Raw Materials,($/cubic meter),581.9,4.66,-1.69,14.77,46.94,0.82
1997-10-01,1997,10,"Sawnwood, Cameroon",Raw Materials,($/cubic meter),585.5,0.62,2.56,16.36,47.85,-0.13
1997-11-01,1997,11,"Sawnwood, Cameroon",Raw Materials,($/cubic meter),576.8,-1.49,3.74,3.35,45.66,-0.59
1997-12-01,1997,12,"Sawnwood, Cameroon",Raw Materials,($/cubic meter),554.6,-3.85,-4.69,2.0,40.05,-1.1
1998-01-01,1998,1,"Sawnwood, Cameroon",Raw Materials,($/cubic meter),534.2,-3.68,-8.76,3.35,74.01,-1.0
1998-02-01,1998,2,"Sawnwood, Cameroon",Raw Materials,($/cubic meter),526.3,-1.48,-8.76,-0.79,71.43,-0.48
1998-03-01,1998,3,"Sawnwood, Cameroon",Raw Materials,($/cubic meter),530.9,0.87,-4.27,-2.05,72.93,0.23
1998-04-01,1998,4,"Sawnwood, Cameroon",Raw Materials,($/cubic meter),534.2,0.62,0.0,-3.8,74.01,0.2
1998-05-01,1998,5,"Sawnwood, Cameroon",Raw Materials,($/cubic meter),520.8,-2.51,-1.05,-13.3,69.64,-0.62
1998-06-01,1998,6,"Sawnwood, Cameroon",Raw Materials,($/cubic meter),515.7,-0.98,-2.86,-12.87,67.98,0.07
1998-07-01,1998,7,"Sawnwood, Cameroon",Raw Materials,($/cubic meter),510.3,-1.05,-4.47,-10.61,66.22,0.03
1998-08-01,1998,8,"Sawnwood, Cameroon",Raw Materials,($/cubic meter),512.9,0.51,-1.52,-7.75,67.07,0.6
1998-09-01,1998,9,"Sawnwood, Cameroon",Raw Materials,($/cubic meter),534.5,4.21,3.65,-8.15,74.1,2.09
1998-10-01,1998,10,"Sawnwood, Cameroon",Raw Materials,($/cubic meter),555.1,3.85,8.78,-5.19,80.81,2.03
1998-11-01,1998,11,"Sawnwood, Cameroon",Raw Materials,($/cubic meter),523.2,-5.75,2.01,-9.29,70.42,-2.07
1998-12-01,1998,12,"Sawnwood, Cameroon",Raw Materials,($/cubic meter),517.8,-1.03,-3.12,-6.64,68.66,-0.09
1999-01-01,1999,1,"Sawnwood, Cameroon",Raw Materials,($/cubic meter),508.9,-1.72,-8.32,-4.74,-4.52,-0.42
1999-02-01,1999,2,"Sawnwood, Cameroon",Raw Materials,($/cubic meter),444.1,-12.73,-15.12,-15.62,-16.68,-4.59
1999-03-01,1999,3,"Sawnwood, Cameroon",Raw Materials,($/cubic meter),431.3,-2.88,-16.71,-18.76,-19.08,-0.35
1999-04-01,1999,4,"Sawnwood, Cameroon",Raw Materials,($/cubic meter),424.3,-1.62,-16.62,-20.57,-20.39,-0.0
1999-05-01,1999,5,"Sawnwood, Cameroon",Raw Materials,($/cubic meter),429.7,1.27,-3.24,-17.49,-19.38,0.7
1999-06-01,1999,6,"Sawnwood, Cameroon",Raw Materials,($/cubic meter),419.2,-2.44,-2.81,-18.71,-21.35,-0.21
1999-07-01,1999,7,"Sawnwood, Cameroon",Raw Materials,($/cubic meter),424.7,1.31,0.09,-16.77,-20.32,0.65
1999-08-01,1999,8,"Sawnwood, Cameroon",Raw Materials,($/cubic meter),444.4,4.64,3.42,-13.36,-16.62,1.33
1999-09-01,1999,9,"Sawnwood, Cameroon",Raw Materials,($/cubic meter),456.2,2.66,8.83,-14.65,-14.41,0.77
1999-10-01,1999,10,"Sawnwood, Cameroon",Raw Materials,($/cubic meter),481.4,5.52,13.35,-13.28,-9.68,1.42
1999-11-01,1999,11,"Sawnwood, Cameroon",Raw Materials,($/cubic meter),504.6,4.82,13.55,-3.56,-5.33,1.2
1999-12-01,1999,12,"Sawnwood, Cameroon",Raw Materials,($/cubic meter),493.2,-2.26,8.11,-4.75,-7.47,-0.42
2000-01-01,2000,1,"Sawnwood, Cameroon",Raw Materials,($/cubic meter),509.9,3.39,5.92,0.2,-19.42,0.74
2000-02-01,2000,2,"Sawnwood, Cameroon",Raw Materials,($/cubic meter),494.7,-2.98,-1.96,11.39,-20.4,-0.62
2000-03-01,2000,3,"Sawnwood, Cameroon",Raw Materials,($/cubic meter),500.0,1.07,1.38,15.93,-22.13,0.04
2000-04-01,2000,4,"Sawnwood, Cameroon",Raw Materials,($/cubic meter),490.7,-1.86,-3.77,15.65,-23.29,-1.04
2000-05-01,2000,5,"Sawnwood, Cameroon",Raw Materials,($/cubic meter),469.4,-4.34,-5.11,9.24,-26.1,-1.83
2000-06-01,2000,6,"Sawnwood, Cameroon",Raw Materials,($/cubic meter),506.4,7.88,1.28,20.8,-19.04,2.05
2000-07-01,2000,7,"Sawnwood, Cameroon",Raw Materials,($/cubic meter),501.3,-1.01,2.16,18.04,-18.57,-0.69
2000-08-01,2000,8,"Sawnwood, Cameroon",Raw Materials,($/cubic meter),506.5,1.04,7.9,13.97,-13.17,-0.11
2000-09-01,2000,9,"Sawnwood, Cameroon",Raw Materials,($/cubic meter),471.9,-6.83,-6.81,3.44,-16.58,-2.11
2000-10-01,2000,10,"Sawnwood, Cameroon",Raw Materials,($/cubic meter),462.6,-1.97,-7.72,-3.91,-15.34,-0.53
2000-11-01,2000,11,"Sawnwood, Cameroon",Raw Materials,($/cubic meter),469.9,1.58,-7.23,-6.88,-9.95,0.45
2000-12-01,2000,12,"Sawnwood, Cameroon",Raw Materials,($/cubic meter),485.4,3.3,2.86,-1.58,-7.33,0.99
2001-01-01,2001,1,"Sawnwood, Cameroon",Raw Materials,($/cubic meter),507.7,4.59,9.75,-0.43,-2.25,1.18
2001-02-01,2001,2,"Sawnwood, Cameroon",Raw Materials,($/cubic meter),492.1,-3.07,4.72,-0.53,-2.73,-0.77
2001-03-01,2001,3,"Sawnwood, Cameroon",Raw Materials,($/cubic meter),481.9,-2.07,-0.72,-3.62,-4.38,-0.52
2001-04-01,2001,4,"Sawnwood, Cameroon",Raw Materials,($/cubic meter),469.1,-2.66,-7.6,-4.4,-4.19,-0.59
2001-05-01,2001,5,"Sawnwood, Cameroon",Raw Materials,($/cubic meter),453.0,-3.43,-7.95,-3.49,-5.94,-0.76
2001-06-01,2001,6,"Sawnwood, Cameroon",Raw Materials,($/cubic meter),455.2,0.49,-5.54,-10.11,-9.36,0.17
2001-07-01,2001,7,"Sawnwood, Cameroon",Raw Materials,($/cubic meter),459.1,0.86,-2.13,-8.42,-11.76,0.53
2001-08-01,2001,8,"Sawnwood, Cameroon",Raw Materials,($/cubic meter),480.3,4.62,6.03,-5.17,-6.52,1.65
2001-09-01,2001,9,"Sawnwood, Cameroon",Raw Materials,($/cubic meter),486.0,1.19,6.77,2.99,-4.14,0.44
2001-10-01,2001,10,"Sawnwood, Cameroon",Raw Materials,($/cubic meter),469.5,-3.4,2.27,1.49,-6.7,-1.26
2001-11-01,2001,11,"Sawnwood, Cameroon",Raw Materials,($/cubic meter),453.6,-3.39,-5.56,-3.47,-18.72,-1.17
2001-12-01,2001,12,"Sawnwood, Cameroon",Raw Materials,($/cubic meter),455.6,0.44,-6.26,-6.14,-16.2,0.22
2002-01-01,2002,1,"Sawnwood, Cameroon",Raw Materials,($/cubic meter),450.4,-1.14,-4.07,-11.29,-12.87,-0.22
2002-02-01,2002,2,"Sawnwood, Cameroon",Raw Materials,($/cubic meter),443.7,-1.49,-2.18,-9.84,-16.36,-0.21
2002-03-01,2002,3,"Sawnwood, Cameroon",Raw Materials,($/cubic meter),446.6,0.65,-1.98,-7.33,-17.6,0.61
2002-04-01,2002,4,"Sawnwood, Cameroon",Raw Materials,($/cubic meter),451.7,1.14,0.29,-3.71,-18.66,0.72
2002-05-01,2002,5,"Sawnwood, Cameroon",Raw Materials,($/cubic meter),472.2,4.54,6.42,4.24,-21.39,2.02
2002-06-01,2002,6,"Sawnwood, Cameroon",Raw Materials,($/cubic meter),496.6,5.17,11.2,9.09,-16.1,1.89
2002-07-01,2002,7,"Sawnwood, Cameroon",Raw Materials,($/cubic meter),515.9,3.89,14.21,12.37,-9.63,1.08
2002-08-01,2002,8,"Sawnwood, Cameroon",Raw Materials,($/cubic meter),508.4,-1.45,7.67,5.85,-8.56,-0.82
2002-09-01,2002,9,"Sawnwood, Cameroon",Raw Materials,($/cubic meter),509.9,0.3,2.68,4.92,-12.37,-0.08
2002-10-01,2002,10,"Sawnwood, Cameroon",Raw Materials,($/cubic meter),505.1,-0.94,-2.09,7.58,-13.73,-0.48
2002-11-01,2002,11,"Sawnwood, Cameroon",Raw Materials,($/cubic meter),515.9,2.14,1.48,13.73,-10.56,0.56
2002-12-01,2002,12,"Sawnwood, Cameroon",Raw Materials,($/cubic meter),519.6,0.72,1.9,14.05,-6.31,-0.16
2003-01-01,2003,1,"Sawnwood, Cameroon",Raw Materials,($/cubic meter),536.3,3.21,6.18,19.07,0.39,0.89
2003-02-01,2003,2,"Sawnwood, Cameroon",Raw Materials,($/cubic meter),544.0,1.44,5.45,22.61,3.36,-0.02
2003-03-01,2003,3,"Sawnwood, Cameroon",Raw Materials,($/cubic meter),545.6,0.29,5.0,22.17,2.77,-0.68
2003-04-01,2003,4,"Sawnwood, Cameroon",Raw Materials,($/cubic meter),542.3,-0.6,1.12,20.06,1.52,-1.09
2003-05-01,2003,5,"Sawnwood, Cameroon",Raw Materials,($/cubic meter),578.4,6.66,6.32,22.49,11.06,2.29
2003-06-01,2003,6,"Sawnwood, Cameroon",Raw Materials,($/cubic meter),572.1,-1.09,4.86,15.2,10.94,-1.11
2003-07-01,2003,7,"Sawnwood, Cameroon",Raw Materials,($/cubic meter),556.9,-2.66,2.69,7.95,9.13,-1.6
2003-08-01,2003,8,"Sawnwood, Cameroon",Raw Materials,($/cubic meter),534.5,-4.02,-7.59,5.13,4.21,-1.88
2003-09-01,2003,9,"Sawnwood, Cameroon",Raw Materials,($/cubic meter),532.8,-0.32,-6.87,4.49,-0.32,-0.28
2003-10-01,2003,10,"Sawnwood, Cameroon",Raw Materials,($/cubic meter),549.5,3.13,-1.33,8.79,-1.01,0.98
2003-11-01,2003,11,"Sawnwood, Cameroon",Raw Materials,($/cubic meter),549.9,0.07,2.88,6.59,5.1,-0.23
2003-12-01,2003,12,"Sawnwood, Cameroon",Raw Materials,($/cubic meter),577.3,4.98,8.35,11.1,11.49,1.56
2004-01-01,2004,1,"Sawnwood, Cameroon",Raw Materials,($/cubic meter),592.8,2.68,7.88,10.54,16.49,0.57
2004-02-01,2004,2,"Sawnwood, Cameroon",Raw Materials,($/cubic meter),594.3,0.25,8.07,9.25,33.82,-0.2
2004-03-01,2004,3,"Sawnwood, Cameroon",Raw Materials,($/cubic meter),539.5,-9.22,-6.55,-1.12,25.09,-3.26
2004-04-01,2004,4,"Sawnwood, Cameroon",Raw Materials,($/cubic meter),527.4,-2.24,-11.03,-2.75,24.3,-0.53
2004-05-01,2004,5,"Sawnwood, Cameroon",Raw Materials,($/cubic meter),563.9,6.92,-5.12,-2.51,31.23,1.66
2004-06-01,2004,6,"Sawnwood, Cameroon",Raw Materials,($/cubic meter),570.5,1.17,5.75,-0.28,36.09,0.3
2004-07-01,2004,7,"Sawnwood, Cameroon",Raw Materials,($/cubic meter),588.7,3.19,11.62,5.71,38.62,0.73
2004-08-01,2004,8,"Sawnwood, Cameroon",Raw Materials,($/cubic meter),584.4,-0.73,3.64,9.34,31.5,-0.3
2004-09-01,2004,9,"Sawnwood, Cameroon",Raw Materials,($/cubic meter),610.9,4.53,7.08,14.66,33.91,0.91
2004-10-01,2004,10,"Sawnwood, Cameroon",Raw Materials,($/cubic meter),624.4,2.21,6.06,13.63,29.71,0.23
2004-11-01,2004,11,"Sawnwood, Cameroon",Raw Materials,($/cubic meter),610.5,-2.23,4.47,11.02,20.99,-0.81
2004-12-01,2004,12,"Sawnwood, Cameroon",Raw Materials,($/cubic meter),629.6,3.13,3.06,9.06,27.66,0.51
2005-01-01,2005,1,"Sawnwood, Cameroon",Raw Materials,($/cubic meter),603.4,-4.16,-3.36,1.79,18.34,-1.2
2005-02-01,2005,2,"Sawnwood, Cameroon",Raw Materials,($/cubic meter),598.6,-0.8,-1.95,0.72,21.0,-0.24
2005-03-01,2005,3,"Sawnwood, Cameroon",Raw Materials,($/cubic meter),593.5,-0.85,-5.73,10.01,18.7,-0.23
2005-04-01,2005,4,"Sawnwood, Cameroon",Raw Materials,($/cubic meter),569.2,-4.09,-5.67,7.93,16.0,-1.53
2005-05-01,2005,5,"Sawnwood, Cameroon",Raw Materials,($/cubic meter),571.1,0.33,-4.59,1.28,21.67,-0.1
2005-06-01,2005,6,"Sawnwood, Cameroon",Raw Materials,($/cubic meter),547.4,-4.15,-7.77,-4.05,8.1,-1.52
2005-07-01,2005,7,"Sawnwood, Cameroon",Raw Materials,($/cubic meter),541.3,-1.11,-4.9,-8.05,7.98,-0.27
2005-08-01,2005,8,"Sawnwood, Cameroon",Raw Materials,($/cubic meter),553.1,2.18,-3.15,-5.36,9.2,1.0
2005-09-01,2005,9,"Sawnwood, Cameroon",Raw Materials,($/cubic meter),545.3,-1.41,-0.38,-10.74,15.55,-0.33
2005-10-01,2005,10,"Sawnwood, Cameroon",Raw Materials,($/cubic meter),534.6,-1.96,-1.24,-14.38,15.56,-0.41
2005-11-01,2005,11,"Sawnwood, Cameroon",Raw Materials,($/cubic meter),524.4,-1.91,-5.19,-14.1,11.6,-0.28
2005-12-01,2005,12,"Sawnwood, Cameroon",Raw Materials,($/cubic meter),527.6,0.61,-3.25,-16.2,8.69,0.79
2006-01-01,2006,1,"Sawnwood, Cameroon",Raw Materials,($/cubic meter),587.0,11.26,9.8,-2.72,15.62,6.38
2006-02-01,2006,2,"Sawnwood, Cameroon",Raw Materials,($/cubic meter),579.0,-1.36,10.41,-3.27,17.66,-0.3
2006-03-01,2006,3,"Sawnwood, Cameroon",Raw Materials,($/cubic meter),582.9,0.67,10.48,-1.79,20.96,0.22
2006-04-01,2006,4,"Sawnwood, Cameroon",Raw Materials,($/cubic meter),588.5,0.96,0.26,3.39,25.45,0.26
2006-05-01,2006,5,"Sawnwood, Cameroon",Raw Materials,($/cubic meter),643.2,9.29,11.09,12.62,41.99,2.33
2006-06-01,2006,6,"Sawnwood, Cameroon",Raw Materials,($/cubic meter),621.6,-3.36,6.64,13.55,36.56,-0.96
2006-07-01,2006,7,"Sawnwood, Cameroon",Raw Materials,($/cubic meter),621.9,0.05,5.68,14.89,35.46,-0.24
2006-08-01,2006,8,"Sawnwood, Cameroon",Raw Materials,($/cubic meter),637.4,2.49,-0.9,15.24,32.71,0.28
2006-09-01,2006,9,"Sawnwood, Cameroon",Raw Materials,($/cubic meter),639.5,0.33,2.88,17.27,31.58,-0.21
2006-10-01,2006,10,"Sawnwood, Cameroon",Raw Materials,($/cubic meter),642.0,0.39,3.23,20.09,36.74,-0.23
2006-11-01,2006,11,"Sawnwood, Cameroon",Raw Materials,($/cubic meter),656.8,2.31,3.04,25.25,44.8,0.16
2006-12-01,2006,12,"Sawnwood, Cameroon",Raw Materials,($/cubic meter),674.7,2.73,5.5,27.88,48.09,0.18
2007-01-01,2007,1,"Sawnwood, Cameroon",Raw Materials,($/cubic meter),721.8,6.98,12.43,22.96,60.26,1.16
2007-02-01,2007,2,"Sawnwood, Cameroon",Raw Materials,($/cubic meter),720.9,-0.12,9.76,24.51,62.47,-0.56
2007-03-01,2007,3,"Sawnwood, Cameroon",Raw Materials,($/cubic meter),717.4,-0.49,6.33,23.07,60.64,-0.71
2007-04-01,2007,4,"Sawnwood, Cameroon",Raw Materials,($/cubic meter),733.1,2.19,1.57,24.57,62.3,0.11
2007-05-01,2007,5,"Sawnwood, Cameroon",Raw Materials,($/cubic meter),724.0,-1.24,0.43,12.56,53.32,-0.92
2007-06-01,2007,6,"Sawnwood, Cameroon",Raw Materials,($/cubic meter),718.1,-0.81,0.1,15.52,44.6,-0.71
2007-07-01,2007,7,"Sawnwood, Cameroon",Raw Materials,($/cubic meter),744.5,3.68,1.56,19.71,44.31,1.07
2007-08-01,2007,8,"Sawnwood, Cameroon",Raw Materials,($/cubic meter),744.9,0.05,2.89,16.87,46.52,-0.63
2007-09-01,2007,9,"Sawnwood, Cameroon",Raw Materials,($/cubic meter),779.4,4.63,8.54,21.88,52.85,1.4
2007-10-01,2007,10,"Sawnwood, Cameroon",Raw Materials,($/cubic meter),801.2,2.8,7.62,24.8,58.62,0.44
2007-11-01,2007,11,"Sawnwood, Cameroon",Raw Materials,($/cubic meter),866.0,8.09,16.26,31.85,67.86,2.48
2007-12-01,2007,12,"Sawnwood, Cameroon",Raw Materials,($/cubic meter),846.7,-2.23,8.63,25.49,62.95,-1.5
2008-01-01,2008,1,"Sawnwood, Cameroon",Raw Materials,($/cubic meter),954.9,12.78,19.18,32.29,78.05,3.23
2008-02-01,2008,2,"Sawnwood, Cameroon",Raw Materials,($/cubic meter),1083.0,13.42,25.06,50.23,99.08,2.5
2008-03-01,2008,3,"Sawnwood, Cameroon",Raw Materials,($/cubic meter),1068.7,-1.32,26.22,48.97,95.88,-0.92
2008-04-01,2008,4,"Sawnwood, Cameroon",Raw Materials,($/cubic meter),1020.9,-4.47,6.91,39.26,88.25,-1.48
2008-05-01,2008,5,"Sawnwood, Cameroon",Raw Materials,($/cubic meter),1048.4,2.69,-3.19,44.81,81.26,-0.04
2008-06-01,2008,6,"Sawnwood, Cameroon",Raw Materials,($/cubic meter),1087.5,3.73,1.76,51.44,90.09,0.08
2008-07-01,2008,7,"Sawnwood, Cameroon",Raw Materials,($/cubic meter),1056.6,-2.84,3.5,41.92,89.73,-1.17
2008-08-01,2008,8,"Sawnwood, Cameroon",Raw Materials,($/cubic meter),957.0,-9.43,-8.72,28.47,79.05,-2.14
2008-09-01,2008,9,"Sawnwood, Cameroon",Raw Materials,($/cubic meter),909.8,-4.93,-16.34,16.73,70.76,-1.06
2008-10-01,2008,10,"Sawnwood, Cameroon",Raw Materials,($/cubic meter),822.2,-9.63,-22.18,2.62,49.63,-1.57
2008-11-01,2008,11,"Sawnwood, Cameroon",Raw Materials,($/cubic meter),756.7,-7.97,-20.93,-12.62,37.61,-1.09
2008-12-01,2008,12,"Sawnwood, Cameroon",Raw Materials,($/cubic meter),733.7,-3.04,-19.36,-13.35,27.09,-0.28
2009-01-01,2009,1,"Sawnwood, Cameroon",Raw Materials,($/cubic meter),697.6,-4.92,-15.15,-26.95,17.68,-0.52
2009-02-01,2009,2,"Sawnwood, Cameroon",Raw Materials,($/cubic meter),690.2,-1.06,-8.79,-36.27,16.14,0.2
2009-03-01,2009,3,"Sawnwood, Cameroon",Raw Materials,($/cubic meter),679.9,-1.49,-7.33,-36.38,26.02,0.49
2009-04-01,2009,4,"Sawnwood, Cameroon",Raw Materials,($/cubic meter),684.3,0.65,-1.91,-32.97,29.75,1.0
2009-05-01,2009,5,"Sawnwood, Cameroon",Raw Materials,($/cubic meter),717.6,4.87,3.97,-31.55,27.26,1.83
2009-06-01,2009,6,"Sawnwood, Cameroon",Raw Materials,($/cubic meter),761.6,6.13,12.02,-29.97,33.5,1.94
2009-07-01,2009,7,"Sawnwood, Cameroon",Raw Materials,($/cubic meter),776.0,1.89,13.4,-26.56,31.82,0.93
2009-08-01,2009,8,"Sawnwood, Cameroon",Raw Materials,($/cubic meter),785.6,1.24,9.48,-17.91,34.43,0.7
2009-09-01,2009,9,"Sawnwood, Cameroon",Raw Materials,($/cubic meter),775.5,-1.29,1.83,-14.76,26.94,0.05
2009-10-01,2009,10,"Sawnwood, Cameroon",Raw Materials,($/cubic meter),790.0,1.87,1.8,-3.92,26.52,0.66
2009-11-01,2009,11,"Sawnwood, Cameroon",Raw Materials,($/cubic meter),821.0,3.92,4.51,8.5,34.48,1.06
2009-12-01,2009,12,"Sawnwood, Cameroon",Raw Materials,($/cubic meter),807.7,-1.62,4.15,10.09,28.29,-0.72
2010-01-01,2010,1,"Sawnwood, Cameroon",Raw Materials,($/cubic meter),804.1,-0.45,1.78,15.27,33.26,-0.41
2010-02-01,2010,2,"Sawnwood, Cameroon",Raw Materials,($/cubic meter),804.9,0.1,-1.96,16.62,34.46,-0.43
2010-03-01,2010,3,"Sawnwood, Cameroon",Raw Materials,($/cubic meter),803.3,-0.2,-0.54,18.15,35.35,-0.59
2010-04-01,2010,4,"Sawnwood, Cameroon",Raw Materials,($/cubic meter),818.1,1.84,1.74,19.55,43.73,0.17
2010-05-01,2010,5,"Sawnwood, Cameroon",Raw Materials,($/cubic meter),772.9,-5.52,-3.98,7.71,35.34,-2.89
2010-06-01,2010,6,"Sawnwood, Cameroon",Raw Materials,($/cubic meter),770.4,-0.32,-4.1,1.16,40.74,-0.33
2010-07-01,2010,7,"Sawnwood, Cameroon",Raw Materials,($/cubic meter),794.5,3.13,-2.88,2.38,46.78,1.26
2010-08-01,2010,8,"Sawnwood, Cameroon",Raw Materials,($/cubic meter),813.7,2.42,5.28,3.58,47.12,0.88
2010-09-01,2010,9,"Sawnwood, Cameroon",Raw Materials,($/cubic meter),827.1,1.65,7.36,6.65,51.68,0.52
2010-10-01,2010,10,"Sawnwood, Cameroon",Raw Materials,($/cubic meter),867.4,4.87,9.18,9.8,62.25,1.7
2010-11-01,2010,11,"Sawnwood, Cameroon",Raw Materials,($/cubic meter),843.8,-2.72,3.7,2.78,60.91,-1.26
2010-12-01,2010,12,"Sawnwood, Cameroon",Raw Materials,($/cubic meter),832.1,-1.39,0.6,3.02,57.71,-0.59
2011-01-01,2011,1,"Sawnwood, Cameroon",Raw Materials,($/cubic meter),827.8,-0.52,-4.57,2.95,41.02,-0.29
2011-02-01,2011,2,"Sawnwood, Cameroon",Raw Materials,($/cubic meter),831.5,0.45,-1.46,3.3,43.61,0.06
2011-03-01,2011,3,"Sawnwood, Cameroon",Raw Materials,($/cubic meter),840.1,1.03,0.96,4.58,44.12,0.26
2011-04-01,2011,4,"Sawnwood, Cameroon",Raw Materials,($/cubic meter),883.4,5.15,6.72,7.98,50.11,1.71
2011-05-01,2011,5,"Sawnwood, Cameroon",Raw Materials,($/cubic meter),862.5,-2.37,3.73,11.59,34.1,-0.99
2011-06-01,2011,6,"Sawnwood, Cameroon",Raw Materials,($/cubic meter),870.6,0.94,3.63,13.01,40.06,-0.0
2011-07-01,2011,7,"Sawnwood, Cameroon",Raw Materials,($/cubic meter),832.6,-4.36,-5.75,4.8,33.88,-2.11
2011-08-01,2011,8,"Sawnwood, Cameroon",Raw Materials,($/cubic meter),839.5,0.83,-2.67,3.17,31.71,0.14
2011-09-01,2011,9,"Sawnwood, Cameroon",Raw Materials,($/cubic meter),797.2,-5.04,-8.43,-3.62,24.66,-1.88
2011-10-01,2011,10,"Sawnwood, Cameroon",Raw Materials,($/cubic meter),798.5,0.16,-4.1,-7.94,24.38,0.13
2011-11-01,2011,11,"Sawnwood, Cameroon",Raw Materials,($/cubic meter),771.4,-3.39,-8.11,-8.58,17.45,-0.99
2011-12-01,2011,12,"Sawnwood, Cameroon",Raw Materials,($/cubic meter),753.9,-2.27,-5.43,-9.4,11.74,-0.55
2012-01-01,2012,1,"Sawnwood, Cameroon",Raw Materials,($/cubic meter),750.8,-0.41,-5.97,-9.3,4.02,0.13
2012-02-01,2012,2,"Sawnwood, Cameroon",Raw Materials,($/cubic meter),757.3,0.87,-1.83,-8.92,5.05,0.58
2012-03-01,2012,3,"Sawnwood, Cameroon",Raw Materials,($/cubic meter),758.5,0.16,0.61,-9.71,5.73,0.31
2012-04-01,2012,4,"Sawnwood, Cameroon",Raw Materials,($/cubic meter),767.0,1.12,2.16,-13.18,4.62,0.68
2012-05-01,2012,5,"Sawnwood, Cameroon",Raw Materials,($/cubic meter),763.4,-0.47,0.81,-11.49,5.44,0.3
2012-06-01,2012,6,"Sawnwood, Cameroon",Raw Materials,($/cubic meter),751.7,-1.53,-0.9,-13.66,4.68,-0.25
2012-07-01,2012,7,"Sawnwood, Cameroon",Raw Materials,($/cubic meter),747.4,-0.57,-2.56,-10.23,0.39,0.29
2012-08-01,2012,8,"Sawnwood, Cameroon",Raw Materials,($/cubic meter),749.6,0.29,-1.81,-10.71,0.63,0.63
2012-09-01,2012,9,"Sawnwood, Cameroon",Raw Materials,($/cubic meter),768.5,2.52,2.23,-3.6,-1.4,1.88
2012-10-01,2012,10,"Sawnwood, Cameroon",Raw Materials,($/cubic meter),766.5,-0.26,2.56,-4.01,-4.33,0.02
2012-11-01,2012,11,"Sawnwood, Cameroon",Raw Materials,($/cubic meter),761.3,-0.68,1.56,-1.31,-12.09,-0.22
2012-12-01,2012,12,"Sawnwood, Cameroon",Raw Materials,($/cubic meter),770.0,1.14,0.2,2.14,-9.06,1.0
2013-01-01,2013,1,"Sawnwood, Cameroon",Raw Materials,($/cubic meter),761.8,-1.06,-0.61,1.47,-20.22,-1.15
2013-02-01,2013,2,"Sawnwood, Cameroon",Raw Materials,($/cubic meter),737.6,-3.18,-3.11,-2.6,-31.89,-2.91
2013-03-01,2013,3,"Sawnwood, Cameroon",Raw Materials,($/cubic meter),722.7,-2.02,-6.14,-4.72,-32.38,-1.25
2013-04-01,2013,4,"Sawnwood, Cameroon",Raw Materials,($/cubic meter),733.6,1.51,-3.7,-4.35,-28.14,1.24
2013-05-01,2013,5,"Sawnwood, Cameroon",Raw Materials,($/cubic meter),732.5,-0.15,-0.69,-4.05,-30.13,0.13
2013-06-01,2013,6,"Sawnwood, Cameroon",Raw Materials,($/cubic meter),742.6,1.38,2.75,-1.21,-31.71,1.09
2013-07-01,2013,7,"Sawnwood, Cameroon",Raw Materials,($/cubic meter),727.7,-2.01,-0.8,-2.64,-31.13,-1.2
2013-08-01,2013,8,"Sawnwood, Cameroon",Raw Materials,($/cubic meter),742.9,2.09,1.42,-0.89,-22.37,1.36
2013-09-01,2013,9,"Sawnwood, Cameroon",Raw Materials,($/cubic meter),760.6,2.38,2.42,-1.03,-16.4,1.35
2013-10-01,2013,10,"Sawnwood, Cameroon",Raw Materials,($/cubic meter),771.0,1.37,5.95,0.59,-6.23,0.8
2013-11-01,2013,11,"Sawnwood, Cameroon",Raw Materials,($/cubic meter),772.1,0.14,3.93,1.42,2.04,0.04
2013-12-01,2013,12,"Sawnwood, Cameroon",Raw Materials,($/cubic meter),785.0,1.67,3.21,1.95,6.99,0.84
2014-01-01,2014,1,"Sawnwood, Cameroon",Raw Materials,($/cubic meter),789.3,0.55,2.37,3.61,13.15,0.2
2014-02-01,2014,2,"Sawnwood, Cameroon",Raw Materials,($/cubic meter),793.2,0.49,2.73,7.54,14.92,0.1
2014-03-01,2014,3,"Sawnwood, Cameroon",Raw Materials,($/cubic meter),796.3,0.39,1.44,10.18,17.12,-0.16
2014-04-01,2014,4,"Sawnwood, Cameroon",Raw Materials,($/cubic meter),802.2,0.74,1.63,9.35,17.23,-0.06
2014-05-01,2014,5,"Sawnwood, Cameroon",Raw Materials,($/cubic meter),807.1,0.61,1.75,10.18,12.47,-0.12
2014-06-01,2014,6,"Sawnwood, Cameroon",Raw Materials,($/cubic meter),810.0,0.36,1.72,9.08,6.36,-0.4
2014-07-01,2014,7,"Sawnwood, Cameroon",Raw Materials,($/cubic meter),818.2,1.01,1.99,12.44,5.44,0.25
2014-08-01,2014,8,"Sawnwood, Cameroon",Raw Materials,($/cubic meter),800.3,-2.19,-0.84,7.73,1.87,-4.34
2014-09-01,2014,9,"Sawnwood, Cameroon",Raw Materials,($/cubic meter),781.6,-2.34,-3.51,2.76,0.79,-2.71
2014-10-01,2014,10,"Sawnwood, Cameroon",Raw Materials,($/cubic meter),770.0,-1.48,-5.89,-0.13,-2.53,-1.38
2014-11-01,2014,11,"Sawnwood, Cameroon",Raw Materials,($/cubic meter),756.0,-1.82,-5.54,-2.09,-7.92,-1.42
2014-12-01,2014,12,"Sawnwood, Cameroon",Raw Materials,($/cubic meter),749.2,-0.9,-4.15,-4.56,-7.24,-0.53
2015-01-01,2015,1,"Sawnwood, Cameroon",Raw Materials,($/cubic meter),726.8,-2.99,-5.61,-7.92,-9.61,-2.06
2015-02-01,2015,2,"Sawnwood, Cameroon",Raw Materials,($/cubic meter),734.3,1.03,-2.87,-7.43,-8.77,1.19
2015-03-01,2015,3,"Sawnwood, Cameroon",Raw Materials,($/cubic meter),717.9,-2.23,-4.18,-9.85,-10.63,-1.08
2015-04-01,2015,4,"Sawnwood, Cameroon",Raw Materials,($/cubic meter),715.9,-0.28,-1.5,-10.76,-12.49,0.38
2015-05-01,2015,5,"Sawnwood, Cameroon",Raw Materials,($/cubic meter),740.7,3.46,0.87,-8.23,-4.17,3.06
2015-06-01,2015,6,"Sawnwood, Cameroon",Raw Materials,($/cubic meter),745.3,0.62,3.82,-7.99,-3.26,0.7
2015-07-01,2015,7,"Sawnwood, Cameroon",Raw Materials,($/cubic meter),745.6,0.04,4.15,-8.87,-6.15,0.38
2015-08-01,2015,8,"Sawnwood, Cameroon",Raw Materials,($/cubic meter),747.3,0.23,0.89,-6.62,-8.16,0.54
2015-09-01,2015,9,"Sawnwood, Cameroon",Raw Materials,($/cubic meter),735.6,-1.57,-1.3,-5.89,-11.06,-0.56
2015-10-01,2015,10,"Sawnwood, Cameroon",Raw Materials,($/cubic meter),734.8,-0.11,-1.45,-4.57,-15.29,0.22
2015-11-01,2015,11,"Sawnwood, Cameroon",Raw Materials,($/cubic meter),728.5,-0.86,-2.52,-3.64,-13.66,-0.28
2015-12-01,2015,12,"Sawnwood, Cameroon",Raw Materials,($/cubic meter),718.2,-1.41,-2.37,-4.14,-13.69,-0.67
2016-01-01,2016,1,"Sawnwood, Cameroon",Raw Materials,($/cubic meter),690.7,-3.83,-6.0,-4.97,-16.56,-2.07
2016-02-01,2016,2,"Sawnwood, Cameroon",Raw Materials,($/cubic meter),685.9,-0.69,-5.85,-6.59,-17.51,-0.16
2016-03-01,2016,3,"Sawnwood, Cameroon",Raw Materials,($/cubic meter),681.4,-0.66,-5.12,-5.08,-18.89,-0.06
2016-04-01,2016,4,"Sawnwood, Cameroon",Raw Materials,($/cubic meter),685.8,0.65,-0.71,-4.2,-22.37,0.63
2016-05-01,2016,5,"Sawnwood, Cameroon",Raw Materials,($/cubic meter),696.4,1.55,1.53,-5.98,-19.26,1.1
2016-06-01,2016,6,"Sawnwood, Cameroon",Raw Materials,($/cubic meter),681.1,-2.2,-0.04,-8.61,-21.77,-1.23
2016-07-01,2016,7,"Sawnwood, Cameroon",Raw Materials,($/cubic meter),630.4,-7.44,-8.08,-15.45,-24.29,-4.75
2016-08-01,2016,8,"Sawnwood, Cameroon",Raw Materials,($/cubic meter),628.5,-0.3,-9.75,-15.9,-25.13,0.45
2016-09-01,2016,9,"Sawnwood, Cameroon",Raw Materials,($/cubic meter),630.0,0.24,-7.5,-14.36,-20.97,0.7
2016-10-01,2016,10,"Sawnwood, Cameroon",Raw Materials,($/cubic meter),591.6,-6.1,-6.15,-19.49,-25.91,-2.03
2016-11-01,2016,11,"Sawnwood, Cameroon",Raw Materials,($/cubic meter),595.5,0.66,-5.25,-18.26,-22.8,0.89
2016-12-01,2016,12,"Sawnwood, Cameroon",Raw Materials,($/cubic meter),598.1,0.44,-5.06,-16.72,-20.67,0.74
2017-01-01,2017,1,"Sawnwood, Cameroon",Raw Materials,($/cubic meter),590.7,-1.24,-0.15,-14.48,-21.32,0.08
2017-02-01,2017,2,"Sawnwood, Cameroon",Raw Materials,($/cubic meter),598.3,1.29,0.47,-12.77,-21.0,0.92
2017-03-01,2017,3,"Sawnwood, Cameroon",Raw Materials,($/cubic meter),591.2,-1.19,-1.15,-13.24,-22.06,-0.03
2017-04-01,2017,4,"Sawnwood, Cameroon",Raw Materials,($/cubic meter),605.3,2.38,2.47,-11.74,-21.08,1.23
2017-05-01,2017,5,"Sawnwood, Cameroon",Raw Materials,($/cubic meter),619.4,2.33,3.53,-11.06,-18.86,1.11
2017-06-01,2017,6,"Sawnwood, Cameroon",Raw Materials,($/cubic meter),613.2,-1.0,3.72,-9.97,-18.42,-0.02
2017-07-01,2017,7,"Sawnwood, Cameroon",Raw Materials,($/cubic meter),622.3,1.48,2.81,-1.28,-16.74,0.76
2017-08-01,2017,8,"Sawnwood, Cameroon",Raw Materials,($/cubic meter),621.2,-0.18,0.29,-1.16,-17.13,-0.04
2017-09-01,2017,9,"Sawnwood, Cameroon",Raw Materials,($/cubic meter),637.7,2.66,4.0,1.22,-17.02,1.2
2017-10-01,2017,10,"Sawnwood, Cameroon",Raw Materials,($/cubic meter),632.5,-0.82,1.64,6.91,-17.48,-0.39
2017-11-01,2017,11,"Sawnwood, Cameroon",Raw Materials,($/cubic meter),633.4,0.14,1.96,6.36,-16.8,-0.29
2017-12-01,2017,12,"Sawnwood, Cameroon",Raw Materials,($/cubic meter),642.2,1.39,0.71,7.37,-16.6,0.59
2018-01-01,2018,1,"Sawnwood, Cameroon",Raw Materials,($/cubic meter),661.1,2.94,4.52,11.92,-13.22,1.58
2018-02-01,2018,2,"Sawnwood, Cameroon",Raw Materials,($/cubic meter),670.1,1.36,5.79,12.0,-9.15,0.27
2018-03-01,2018,3,"Sawnwood, Cameroon",Raw Materials,($/cubic meter),669.4,-0.1,4.24,13.23,-7.38,-0.71
2018-04-01,2018,4,"Sawnwood, Cameroon",Raw Materials,($/cubic meter),674.4,0.75,2.01,11.42,-8.07,-0.22
2018-05-01,2018,5,"Sawnwood, Cameroon",Raw Materials,($/cubic meter),645.8,-4.24,-3.63,4.26,-11.84,-3.88
2018-06-01,2018,6,"Sawnwood, Cameroon",Raw Materials,($/cubic meter),636.8,-1.39,-4.87,3.85,-14.25,-0.92
2018-07-01,2018,7,"Sawnwood, Cameroon",Raw Materials,($/cubic meter),631.0,-0.91,-6.44,1.4,-13.29,-0.64
2018-08-01,2018,8,"Sawnwood, Cameroon",Raw Materials,($/cubic meter),617.0,-2.22,-4.46,-0.68,-16.95,-1.21
2018-09-01,2018,9,"Sawnwood, Cameroon",Raw Materials,($/cubic meter),625.5,1.38,-1.77,-1.91,-17.76,0.69
2018-10-01,2018,10,"Sawnwood, Cameroon",Raw Materials,($/cubic meter),623.5,-0.32,-1.19,-1.42,-19.13,-0.09
2018-11-01,2018,11,"Sawnwood, Cameroon",Raw Materials,($/cubic meter),617.9,-0.9,0.15,-2.45,-19.97,-0.41
2018-12-01,2018,12,"Sawnwood, Cameroon",Raw Materials,($/cubic meter),607.5,-1.68,-2.88,-5.4,-22.61,-0.77
2019-01-01,2019,1,"Sawnwood, Cameroon",Raw Materials,($/cubic meter),617.2,1.6,-1.01,-6.64,-21.8,1.07
2019-02-01,2019,2,"Sawnwood, Cameroon",Raw Materials,($/cubic meter),623.1,0.96,0.84,-7.01,-21.44,0.88
2019-03-01,2019,3,"Sawnwood, Cameroon",Raw Materials,($/cubic meter),631.4,1.33,3.93,-5.68,-20.71,1.14
2019-04-01,2019,4,"Sawnwood, Cameroon",Raw Materials,($/cubic meter),624.8,-1.05,1.23,-7.35,-22.11,-0.32
2019-05-01,2019,5,"Sawnwood, Cameroon",Raw Materials,($/cubic meter),615.5,-1.49,-1.22,-4.69,-23.74,-0.5
2019-06-01,2019,6,"Sawnwood, Cameroon",Raw Materials,($/cubic meter),607.5,-1.3,-3.79,-4.6,-25.0,-0.67
2019-07-01,2019,7,"Sawnwood, Cameroon",Raw Materials,($/cubic meter),597.7,-1.61,-4.34,-5.28,-26.95,-0.92
2019-08-01,2019,8,"Sawnwood, Cameroon",Raw Materials,($/cubic meter),582.0,-2.63,-5.44,-5.67,-27.28,-1.58
2019-09-01,2019,9,"Sawnwood, Cameroon",Raw Materials,($/cubic meter),591.6,1.65,-2.62,-5.42,-24.31,1.48
2019-10-01,2019,10,"Sawnwood, Cameroon",Raw Materials,($/cubic meter),605.4,2.33,1.29,-2.9,-21.38,1.9
2019-11-01,2019,11,"Sawnwood, Cameroon",Raw Materials,($/cubic meter),617.5,2.0,6.1,-0.06,-18.32,1.33
2019-12-01,2019,12,"Sawnwood, Cameroon",Raw Materials,($/cubic meter),627.9,1.68,6.14,3.36,-16.19,0.94
2020-01-01,2020,1,"Sawnwood, Cameroon",Raw Materials,($/cubic meter),626.5,-0.22,3.49,1.51,-13.8,-0.29
2020-02-01,2020,2,"Sawnwood, Cameroon",Raw Materials,($/cubic meter),621.1,-0.86,0.58,-0.32,-15.42,-0.59
2020-03-01,2020,3,"Sawnwood, Cameroon",Raw Materials,($/cubic meter),593.7,-4.41,-5.45,-5.97,-17.3,-2.58
2020-04-01,2020,4,"Sawnwood, Cameroon",Raw Materials,($/cubic meter),595.0,0.22,-5.03,-4.77,-16.89,0.34
2020-05-01,2020,5,"Sawnwood, Cameroon",Raw Materials,($/cubic meter),589.5,-0.92,-5.09,-4.22,-20.41,-0.26
2020-06-01,2020,6,"Sawnwood, Cameroon",Raw Materials,($/cubic meter),599.9,1.76,1.04,-1.25,-19.51,1.03
2020-07-01,2020,7,"Sawnwood, Cameroon",Raw Materials,($/cubic meter),606.8,1.15,1.98,1.52,-18.62,0.59
2020-08-01,2020,8,"Sawnwood, Cameroon",Raw Materials,($/cubic meter),629.1,3.68,6.72,8.09,-15.82,1.7
2020-09-01,2020,9,"Sawnwood, Cameroon",Raw Materials,($/cubic meter),621.9,-1.14,3.67,5.12,-15.46,-0.86
2020-10-01,2020,10,"Sawnwood, Cameroon",Raw Materials,($/cubic meter),621.7,-0.03,2.46,2.69,-15.39,-0.22
2020-11-01,2020,11,"Sawnwood, Cameroon",Raw Materials,($/cubic meter),633.0,1.82,0.62,2.51,-13.11,0.77
2020-12-01,2020,12,"Sawnwood, Cameroon",Raw Materials,($/cubic meter),643.9,1.72,3.54,2.55,-10.35,0.73
2021-01-01,2021,1,"Sawnwood, Cameroon",Raw Materials,($/cubic meter),653.8,1.54,5.16,4.36,-5.34,0.64
2021-02-01,2021,2,"Sawnwood, Cameroon",Raw Materials,($/cubic meter),664.0,1.56,4.9,6.91,-3.19,0.57
2021-03-01,2021,3,"Sawnwood, Cameroon",Raw Materials,($/cubic meter),664.2,0.03,3.15,11.87,-2.52,-0.27
2021-04-01,2021,4,"Sawnwood, Cameroon",Raw Materials,($/cubic meter),663.2,-0.15,1.44,11.46,-3.3,-0.81
2021-05-01,2021,5,"Sawnwood, Cameroon",Raw Materials,($/cubic meter),674.6,1.72,1.6,14.44,-3.13,0.58
2021-06-01,2021,6,"Sawnwood, Cameroon",Raw Materials,($/cubic meter),672.3,-0.34,1.22,12.07,-1.29,-1.16
2021-07-01,2021,7,"Sawnwood, Cameroon",Raw Materials,($/cubic meter),661.5,-1.61,-0.26,9.01,4.93,-1.94
2021-08-01,2021,8,"Sawnwood, Cameroon",Raw Materials,($/cubic meter),661.2,-0.05,-1.99,5.1,5.2,-0.51
2021-09-01,2021,9,"Sawnwood, Cameroon",Raw Materials,($/cubic meter),658.2,-0.45,-2.1,5.84,4.48,-0.73
2021-10-01,2021,10,"Sawnwood, Cameroon",Raw Materials,($/cubic meter),656.2,-0.3,-0.8,5.55,10.92,-0.69
2021-11-01,2021,11,"Sawnwood, Cameroon",Raw Materials,($/cubic meter),644.9,-1.72,-2.47,1.88,8.3,-1.9
2021-12-01,2021,12,"Sawnwood, Cameroon",Raw Materials,($/cubic meter),637.9,-1.09,-3.08,-0.93,6.65,-1.02
2022-01-01,2022,1,"Sawnwood, Cameroon",Raw Materials,($/cubic meter),649.7,1.85,-0.99,-0.63,9.99,1.65
2022-02-01,2022,2,"Sawnwood, Cameroon",Raw Materials,($/cubic meter),648.8,-0.14,0.6,-2.29,8.44,-0.08
2022-03-01,2022,3,"Sawnwood, Cameroon",Raw Materials,($/cubic meter),631.2,-2.71,-1.05,-4.97,6.77,-2.31
2022-04-01,2022,4,"Sawnwood, Cameroon",Raw Materials,($/cubic meter),620.5,-1.7,-4.49,-6.44,2.51,-0.98
2022-05-01,2022,5,"Sawnwood, Cameroon",Raw Materials,($/cubic meter),596.8,-3.82,-8.01,-11.53,-3.65,-2.42
2022-06-01,2022,6,"Sawnwood, Cameroon",Raw Materials,($/cubic meter),590.7,-1.02,-6.42,-12.14,-3.67,-0.01
2022-07-01,2022,7,"Sawnwood, Cameroon",Raw Materials,($/cubic meter),574.6,-2.73,-7.4,-13.14,-7.67,-1.16
2022-08-01,2022,8,"Sawnwood, Cameroon",Raw Materials,($/cubic meter),574.5,-0.02,-3.74,-13.11,-7.52,0.75
2022-09-01,2022,9,"Sawnwood, Cameroon",Raw Materials,($/cubic meter),543.0,-5.48,-8.08,-17.5,-14.85,-2.86
2022-10-01,2022,10,"Sawnwood, Cameroon",Raw Materials,($/cubic meter),540.6,-0.44,-5.92,-17.62,-14.53,0.58
2022-11-01,2022,11,"Sawnwood, Cameroon",Raw Materials,($/cubic meter),562.4,4.03,-2.11,-12.79,-11.21,2.91
2022-12-01,2022,12,"Sawnwood, Cameroon",Raw Materials,($/cubic meter),583.4,3.73,7.44,-8.54,-9.16,1.92
2023-01-01,2023,1,"Sawnwood, Cameroon",Raw Materials,($/cubic meter),585.2,0.31,8.25,-9.93,-11.48,0.35
2023-02-01,2023,2,"Sawnwood, Cameroon",Raw Materials,($/cubic meter),579.5,-0.97,3.04,-10.68,-13.52,-0.05
2023-03-01,2023,3,"Sawnwood, Cameroon",Raw Materials,($/cubic meter),581.5,0.35,-0.33,-7.87,-13.13,0.45
2023-04-01,2023,4,"Sawnwood, Cameroon",Raw Materials,($/cubic meter),596.4,2.56,1.91,-3.88,-11.57,1.17
2023-05-01,2023,5,"Sawnwood, Cameroon",Raw Materials,($/cubic meter),598.2,0.3,3.23,0.23,-7.37,0.21
2023-06-01,2023,6,"Sawnwood, Cameroon",Raw Materials,($/cubic meter),604.9,1.12,4.02,2.4,-5.01,0.4
2023-07-01,2023,7,"Sawnwood, Cameroon",Raw Materials,($/cubic meter),617.3,2.05,3.5,7.43,-2.17,0.69
2023-08-01,2023,8,"Sawnwood, Cameroon",Raw Materials,($/cubic meter),608.7,-1.39,1.76,5.95,-1.35,-0.81
2023-09-01,2023,9,"Sawnwood, Cameroon",Raw Materials,($/cubic meter),594.2,-2.38,-1.77,9.43,-5.0,-1.13
2023-10-01,2023,10,"Sawnwood, Cameroon",Raw Materials,($/cubic meter),582.8,-1.92,-5.59,7.81,-6.53,-1.34
2023-11-01,2023,11,"Sawnwood, Cameroon",Raw Materials,($/cubic meter),594.8,2.06,-2.28,5.76,-3.74,0.66
2023-12-01,2023,12,"Sawnwood, Cameroon",Raw Materials,($/cubic meter),606.6,1.98,2.09,3.98,-0.15,0.79
2024-01-01,2024,1,"Sawnwood, Cameroon",Raw Materials,($/cubic meter),608.6,0.33,4.43,4.0,-1.39,-0.01
2024-02-01,2024,2,"Sawnwood, Cameroon",Raw Materials,($/cubic meter),605.2,-0.56,1.75,4.43,-2.87,-0.53
2024-03-01,2024,3,"Sawnwood, Cameroon",Raw Materials,($/cubic meter),609.0,0.63,0.4,4.73,-3.55,0.15
2024-04-01,2024,4,"Sawnwood, Cameroon",Raw Materials,($/cubic meter),600.2,-1.44,-1.38,0.64,-3.94,-1.11
2024-05-01,2024,5,"Sawnwood, Cameroon",Raw Materials,($/cubic meter),605.2,0.83,0.0,1.17,-1.67,0.48
2024-06-01,2024,6,"Sawnwood, Cameroon",Raw Materials,($/cubic meter),609.1,0.64,0.02,0.69,0.26,0.33
2024-07-01,2024,7,"Sawnwood, Cameroon",Raw Materials,($/cubic meter),616.1,1.15,2.65,-0.19,3.08,0.68
2024-08-01,2024,8,"Sawnwood, Cameroon",Raw Materials,($/cubic meter),619.6,0.57,2.38,1.79,6.46,0.38
2024-09-01,2024,9,"Sawnwood, Cameroon",Raw Materials,($/cubic meter),633.2,2.19,3.96,6.56,7.03,1.41
2024-10-01,2024,10,"Sawnwood, Cameroon",Raw Materials,($/cubic meter),625.7,-1.18,1.56,7.36,3.35,-1.32
2024-11-01,2024,11,"Sawnwood, Cameroon",Raw Materials,($/cubic meter),610.6,-2.41,-1.45,2.66,-1.12,-2.52
2024-12-01,2024,12,"Sawnwood, Cameroon",Raw Materials,($/cubic meter),605.9,-0.77,-4.31,-0.12,-3.5,-0.72
2025-01-01,2025,1,"Sawnwood, Cameroon",Raw Materials,($/cubic meter),591.8,-2.33,-5.42,-2.76,-5.54,-1.8
2025-02-01,2025,2,"Sawnwood, Cameroon",Raw Materials,($/cubic meter),600.6,1.49,-1.64,-0.76,-3.3,1.18
2025-03-01,2025,3,"Sawnwood, Cameroon",Raw Materials,($/cubic meter),618.6,3.0,2.1,1.58,4.19,2.0
2025-04-01,2025,4,"Sawnwood, Cameroon",Raw Materials,($/cubic meter),630.2,1.88,6.49,5.0,5.92,0.99
2025-05-01,2025,5,"Sawnwood, Cameroon",Raw Materials,($/cubic meter),640.4,1.62,6.63,5.82,8.63,0.69
2025-06-01,2025,6,"Sawnwood, Cameroon",Raw Materials,($/cubic meter),649.4,1.41,4.98,6.62,8.25,0.52
2025-07-01,2025,7,"Sawnwood, Cameroon",Raw Materials,($/cubic meter),647.3,-0.32,2.71,5.06,6.67,-0.49
2025-08-01,2025,8,"Sawnwood, Cameroon",Raw Materials,($/cubic meter),644.1,-0.49,0.58,3.95,2.38,-0.51
2025-09-01,2025,9,"Sawnwood, Cameroon",Raw Materials,($/cubic meter),647.1,0.47,-0.35,2.2,4.05,0.07
2025-10-01,2025,10,"Sawnwood, Cameroon",Raw Materials,($/cubic meter),639.8,-1.13,-1.16,2.25,2.91,-0.77
2025-11-01,2025,11,"Sawnwood, Cameroon",Raw Materials,($/cubic meter),628.9,-1.7,-2.36,3.0,-0.65,-1.11
2025-12-01,2025,12,"Sawnwood, Cameroon",Raw Materials,($/cubic meter),641.5,2.0,-0.87,5.88,-0.37,1.07
2026-01-01,2026,1,"Sawnwood, Cameroon",Raw Materials,($/cubic meter),647.9,1.0,1.27,9.48,-0.9,0.3
2026-02-01,2026,2,"Sawnwood, Cameroon",Raw Materials,($/cubic meter),651.1,0.49,3.53,8.41,-1.94,-0.19
2026-03-01,2026,3,"Sawnwood, Cameroon",Raw Materials,($/cubic meter),639.1,-1.84,-0.37,3.31,-3.78,-1.81
2026-04-01,2026,4,"Sawnwood, Cameroon",Raw Materials,($/cubic meter),644.0,0.77,-0.6,2.19,-2.9,0.36
2026-05-01,2026,5,"Sawnwood, Cameroon",Raw Materials,($/cubic meter),646.4,0.37,-0.72,0.94,-4.18,0.14
2026-06-01,2026,6,"Sawnwood, Cameroon",Raw Materials,($/cubic meter),639.0,-1.14,-0.02,-1.6,-4.95,-1.02
2026-07-01,2026,7,"Sawnwood, Cameroon",Raw Materials,($/cubic meter),640.9,0.3,-0.48,-0.99,-3.11,0.36
2026-08-01,2026,8,"Sawnwood, Cameroon",Raw Materials,($/cubic meter),648.7,1.22,0.36,0.71,-1.89,1.1
2026-09-01,2026,9,"Sawnwood, Cameroon",Raw Materials,($/cubic meter),642.9,-0.89,0.61,-0.65,-2.32,-0.78
1960-01-01,1960,1,"Sawnwood, Malaysian",Raw Materials,($/cubic meter),149.2,,,,,
1960-02-01,1960,2,"Sawnwood, Malaysian",Raw Materials,($/cubic meter),149.2,0.0,,,,
1960-03-01,1960,3,"Sawnwood, Malaysian",Raw Materials,($/cubic meter),149.2,0.0,,,,
1960-04-01,1960,4,"Sawnwood, Malaysian",Raw Materials,($/cubic meter),149.2,0.0,0.0,,,
1960-05-01,1960,5,"Sawnwood, Malaysian",Raw Materials,($/cubic meter),149.2,0.0,0.0,,,
1960-06-01,1960,6,"Sawnwood, Malaysian",Raw Materials,($/cubic meter),149.2,0.0,0.0,,,
1960-07-01,1960,7,"Sawnwood, Malaysian",Raw Materials,($/cubic meter),149.2,0.0,0.0,,,
1960-08-01,1960,8,"Sawnwood, Malaysian",Raw Materials,($/cubic meter),149.2,0.0,0.0,,,0.0
1960-09-01,1960,9,"Sawnwood, Malaysian",Raw Materials,($/cubic meter),149.2,0.0,0.0,,,0.0
1960-10-01,1960,10,"Sawnwood, Malaysian",Raw Materials,($/cubic meter),149.2,0.0,0.0,,,0.0
1960-11-01,1960,11,"Sawnwood, Malaysian",Raw Materials,($/cubic meter),149.2,0.0,0.0,,,0.0
1960-12-01,1960,12,"Sawnwood, Malaysian",Raw Materials,($/cubic meter),149.2,0.0,0.0,,,0.0
1961-01-01,1961,1,"Sawnwood, Malaysian",Raw Materials,($/cubic meter),152.0,1.88,1.88,1.88,,0.0
1961-02-01,1961,2,"Sawnwood, Malaysian",Raw Materials,($/cubic meter),152.0,0.0,1.88,1.88,,-0.29
1961-03-01,1961,3,"Sawnwood, Malaysian",Raw Materials,($/cubic meter),152.0,0.0,1.88,1.88,,-0.29
1961-04-01,1961,4,"Sawnwood, Malaysian",Raw Materials,($/cubic meter),152.0,0.0,0.0,1.88,,-0.29
1961-05-01,1961,5,"Sawnwood, Malaysian",Raw Materials,($/cubic meter),152.0,0.0,0.0,1.88,,-0.29
1961-06-01,1961,6,"Sawnwood, Malaysian",Raw Materials,($/cubic meter),152.0,0.0,0.0,1.88,,-0.29
1961-07-01,1961,7,"Sawnwood, Malaysian",Raw Materials,($/cubic meter),152.0,0.0,0.0,1.88,,-0.29
1961-08-01,1961,8,"Sawnwood, Malaysian",Raw Materials,($/cubic meter),152.0,0.0,0.0,1.88,,-0.29
1961-09-01,1961,9,"Sawnwood, Malaysian",Raw Materials,($/cubic meter),152.0,0.0,0.0,1.88,,-0.29
1961-10-01,1961,10,"Sawnwood, Malaysian",Raw Materials,($/cubic meter),152.0,0.0,0.0,1.88,,-0.29
1961-11-01,1961,11,"Sawnwood, Malaysian",Raw Materials,($/cubic meter),152.0,0.0,0.0,1.88,,-0.29
1961-12-01,1961,12,"Sawnwood, Malaysian",Raw Materials,($/cubic meter),152.0,0.0,0.0,1.88,,-0.29
1962-01-01,1962,1,"Sawnwood, Malaysian",Raw Materials,($/cubic meter),160.1,5.33,5.33,5.33,,9.55
1962-02-01,1962,2,"Sawnwood, Malaysian",Raw Materials,($/cubic meter),160.1,0.0,5.33,5.33,,-0.29
1962-03-01,1962,3,"Sawnwood, Malaysian",Raw Materials,($/cubic meter),160.1,0.0,5.33,5.33,,-0.29
1962-04-01,1962,4,"Sawnwood, Malaysian",Raw Materials,($/cubic meter),160.1,0.0,0.0,5.33,,-0.29
1962-05-01,1962,5,"Sawnwood, Malaysian",Raw Materials,($/cubic meter),160.1,0.0,0.0,5.33,,-0.29
1962-06-01,1962,6,"Sawnwood, Malaysian",Raw Materials,($/cubic meter),160.1,0.0,0.0,5.33,,-0.29
1962-07-01,1962,7,"Sawnwood, Malaysian",Raw Materials,($/cubic meter),160.1,0.0,0.0,5.33,,-0.29
1962-08-01,1962,8,"Sawnwood, Malaysian",Raw Materials,($/cubic meter),160.1,0.0,0.0,5.33,,-0.29
1962-09-01,1962,9,"Sawnwood, Malaysian",Raw Materials,($/cubic meter),160.1,0.0,0.0,5.33,,-0.29
1962-10-01,1962,10,"Sawnwood, Malaysian",Raw Materials,($/cubic meter),160.1,0.0,0.0,5.33,,-0.29
1962-11-01,1962,11,"Sawnwood, Malaysian",Raw Materials,($/cubic meter),160.1,0.0,0.0,5.33,,-0.29
1962-12-01,1962,12,"Sawnwood, Malaysian",Raw Materials,($/cubic meter),160.1,0.0,0.0,5.33,,-0.29
1963-01-01,1963,1,"Sawnwood, Malaysian",Raw Materials,($/cubic meter),160.7,0.37,0.37,0.37,,-0.05
1963-02-01,1963,2,"Sawnwood, Malaysian",Raw Materials,($/cubic meter),160.7,0.0,0.37,0.37,,-0.29
1963-03-01,1963,3,"Sawnwood, Malaysian",Raw Materials,($/cubic meter),161.4,0.44,0.81,0.81,,3.74
1963-04-01,1963,4,"Sawnwood, Malaysian",Raw Materials,($/cubic meter),161.4,0.0,0.44,0.81,,-0.43
1963-05-01,1963,5,"Sawnwood, Malaysian",Raw Materials,($/cubic meter),163.3,1.18,1.62,2.0,,7.01
1963-06-01,1963,6,"Sawnwood, Malaysian",Raw Materials,($/cubic meter),162.7,-0.37,0.81,1.62,,-1.5
1963-07-01,1963,7,"Sawnwood, Malaysian",Raw Materials,($/cubic meter),159.4,-2.03,-1.24,-0.44,,-5.62
1963-08-01,1963,8,"Sawnwood, Malaysian",Raw Materials,($/cubic meter),156.1,-2.07,-4.41,-2.5,,-2.77
1963-09-01,1963,9,"Sawnwood, Malaysian",Raw Materials,($/cubic meter),154.0,-1.35,-5.35,-3.81,,-1.21
1963-10-01,1963,10,"Sawnwood, Malaysian",Raw Materials,($/cubic meter),151.3,-1.75,-5.08,-5.5,,-1.45
1963-11-01,1963,11,"Sawnwood, Malaysian",Raw Materials,($/cubic meter),150.6,-0.46,-3.52,-5.93,,0.0
1963-12-01,1963,12,"Sawnwood, Malaysian",Raw Materials,($/cubic meter),152.6,1.33,-0.91,-4.68,,1.73
1964-01-01,1964,1,"Sawnwood, Malaysian",Raw Materials,($/cubic meter),151.3,-0.85,0.0,-5.85,,-0.39
1964-02-01,1964,2,"Sawnwood, Malaysian",Raw Materials,($/cubic meter),151.3,0.0,0.46,-5.85,,0.43
1964-03-01,1964,3,"Sawnwood, Malaysian",Raw Materials,($/cubic meter),149.2,-1.39,-2.23,-7.56,,-0.77
1964-04-01,1964,4,"Sawnwood, Malaysian",Raw Materials,($/cubic meter),145.7,-2.35,-3.7,-9.73,,-1.48
1964-05-01,1964,5,"Sawnwood, Malaysian",Raw Materials,($/cubic meter),142.8,-1.99,-5.62,-12.55,,-0.94
1964-06-01,1964,6,"Sawnwood, Malaysian",Raw Materials,($/cubic meter),142.8,0.0,-4.29,-12.23,,1.02
1964-07-01,1964,7,"Sawnwood, Malaysian",Raw Materials,($/cubic meter),142.0,-0.56,-2.54,-10.92,,0.47
1964-08-01,1964,8,"Sawnwood, Malaysian",Raw Materials,($/cubic meter),142.0,0.0,-0.56,-9.03,,0.89
1964-09-01,1964,9,"Sawnwood, Malaysian",Raw Materials,($/cubic meter),141.3,-0.49,-1.05,-8.25,,0.28
1964-10-01,1964,10,"Sawnwood, Malaysian",Raw Materials,($/cubic meter),141.3,0.0,-0.49,-6.61,,0.69
1964-11-01,1964,11,"Sawnwood, Malaysian",Raw Materials,($/cubic meter),142.8,1.06,0.56,-5.18,,1.64
1964-12-01,1964,12,"Sawnwood, Malaysian",Raw Materials,($/cubic meter),145.7,2.03,3.11,-4.52,,2.25
1965-01-01,1965,1,"Sawnwood, Malaysian",Raw Materials,($/cubic meter),145.7,0.0,3.11,-3.7,-2.35,0.31
1965-02-01,1965,2,"Sawnwood, Malaysian",Raw Materials,($/cubic meter),152.6,4.74,6.86,0.86,2.28,4.17
1965-03-01,1965,3,"Sawnwood, Malaysian",Raw Materials,($/cubic meter),154.7,1.38,6.18,3.69,3.69,0.68
1965-04-01,1965,4,"Sawnwood, Malaysian",Raw Materials,($/cubic meter),158.1,2.2,8.51,8.51,5.97,1.01
1965-05-01,1965,5,"Sawnwood, Malaysian",Raw Materials,($/cubic meter),158.1,0.0,3.6,10.71,5.97,-0.4
1965-06-01,1965,6,"Sawnwood, Malaysian",Raw Materials,($/cubic meter),158.1,0.0,2.2,10.71,5.97,-0.56
1965-07-01,1965,7,"Sawnwood, Malaysian",Raw Materials,($/cubic meter),158.1,0.0,0.0,11.34,5.97,-0.56
1965-08-01,1965,8,"Sawnwood, Malaysian",Raw Materials,($/cubic meter),158.1,0.0,0.0,11.34,5.97,-0.61
1965-09-01,1965,9,"Sawnwood, Malaysian",Raw Materials,($/cubic meter),159.4,0.82,0.82,12.81,6.84,-0.06
1965-10-01,1965,10,"Sawnwood, Malaysian",Raw Materials,($/cubic meter),159.4,0.0,0.82,12.81,6.84,-0.71
1965-11-01,1965,11,"Sawnwood, Malaysian",Raw Materials,($/cubic meter),159.4,0.0,0.82,11.62,6.84,-0.71
1965-12-01,1965,12,"Sawnwood, Malaysian",Raw Materials,($/cubic meter),159.4,0.0,0.0,9.4,6.84,-0.64
1966-01-01,1966,1,"Sawnwood, Malaysian",Raw Materials,($/cubic meter),159.4,0.0,0.0,9.4,4.87,-0.53
1966-02-01,1966,2,"Sawnwood, Malaysian",Raw Materials,($/cubic meter),161.4,1.25,1.25,5.77,6.18,0.34
1966-03-01,1966,3,"Sawnwood, Malaysian",Raw Materials,($/cubic meter),161.4,0.0,1.25,4.33,6.18,-0.62
1966-04-01,1966,4,"Sawnwood, Malaysian",Raw Materials,($/cubic meter),160.1,-0.81,0.44,1.27,5.33,-1.63
1966-05-01,1966,5,"Sawnwood, Malaysian",Raw Materials,($/cubic meter),161.4,0.81,0.0,2.09,6.18,1.41
1966-06-01,1966,6,"Sawnwood, Malaysian",Raw Materials,($/cubic meter),161.4,0.0,0.0,2.09,6.18,-0.32
1966-07-01,1966,7,"Sawnwood, Malaysian",Raw Materials,($/cubic meter),161.4,0.0,0.81,2.09,6.18,-0.32
1966-08-01,1966,8,"Sawnwood, Malaysian",Raw Materials,($/cubic meter),161.4,0.0,0.0,2.09,6.18,-0.32
1966-09-01,1966,9,"Sawnwood, Malaysian",Raw Materials,($/cubic meter),161.4,0.0,0.0,1.25,6.18,-0.32
1966-10-01,1966,10,"Sawnwood, Malaysian",Raw Materials,($/cubic meter),161.4,0.0,0.0,1.25,6.18,-0.21
1966-11-01,1966,11,"Sawnwood, Malaysian",Raw Materials,($/cubic meter),161.4,0.0,0.0,1.25,6.18,-0.21
1966-12-01,1966,12,"Sawnwood, Malaysian",Raw Materials,($/cubic meter),161.4,0.0,0.0,1.25,6.18,-0.21
1967-01-01,1967,1,"Sawnwood, Malaysian",Raw Materials,($/cubic meter),161.4,0.0,0.0,1.25,0.81,-0.21
1967-02-01,1967,2,"Sawnwood, Malaysian",Raw Materials,($/cubic meter),162.7,0.81,0.81,0.81,1.62,1.4
1967-03-01,1967,3,"Sawnwood, Malaysian",Raw Materials,($/cubic meter),164.6,1.17,1.98,1.98,2.81,2.65
1967-04-01,1967,4,"Sawnwood, Malaysian",Raw Materials,($/cubic meter),164.6,0.0,1.98,2.81,2.81,-0.32
1967-05-01,1967,5,"Sawnwood, Malaysian",Raw Materials,($/cubic meter),165.9,0.79,1.97,2.79,3.62,1.3
1967-06-01,1967,6,"Sawnwood, Malaysian",Raw Materials,($/cubic meter),165.9,0.0,0.79,2.79,3.62,-0.54
1967-07-01,1967,7,"Sawnwood, Malaysian",Raw Materials,($/cubic meter),165.9,0.0,0.79,2.79,3.62,-0.54
1967-08-01,1967,8,"Sawnwood, Malaysian",Raw Materials,($/cubic meter),165.9,0.0,0.0,2.79,3.62,-0.54
1967-09-01,1967,9,"Sawnwood, Malaysian",Raw Materials,($/cubic meter),169.1,1.93,1.93,4.77,5.62,3.98
1967-10-01,1967,10,"Sawnwood, Malaysian",Raw Materials,($/cubic meter),172.2,1.83,3.8,6.69,7.56,2.25
1967-11-01,1967,11,"Sawnwood, Malaysian",Raw Materials,($/cubic meter),172.2,0.0,3.8,6.69,7.56,-0.73
1967-12-01,1967,12,"Sawnwood, Malaysian",Raw Materials,($/cubic meter),172.2,0.0,1.83,6.69,7.56,-0.73
1968-01-01,1968,1,"Sawnwood, Malaysian",Raw Materials,($/cubic meter),172.2,0.0,0.0,6.69,7.16,-0.73
1968-02-01,1968,2,"Sawnwood, Malaysian",Raw Materials,($/cubic meter),172.2,0.0,0.0,5.84,7.16,-0.73
1968-03-01,1968,3,"Sawnwood, Malaysian",Raw Materials,($/cubic meter),172.2,0.0,0.0,4.62,6.69,-0.63
1968-04-01,1968,4,"Sawnwood, Malaysian",Raw Materials,($/cubic meter),172.2,0.0,0.0,4.62,6.69,-0.51
1968-05-01,1968,5,"Sawnwood, Malaysian",Raw Materials,($/cubic meter),172.2,0.0,0.0,3.8,5.45,-0.51
1968-06-01,1968,6,"Sawnwood, Malaysian",Raw Materials,($/cubic meter),165.9,-3.66,-3.66,0.0,1.97,-5.42
1968-07-01,1968,7,"Sawnwood, Malaysian",Raw Materials,($/cubic meter),165.9,0.0,-3.66,0.0,4.08,-0.01
1968-08-01,1968,8,"Sawnwood, Malaysian",Raw Materials,($/cubic meter),165.9,0.0,-3.66,0.0,6.28,-0.01
1968-09-01,1968,9,"Sawnwood, Malaysian",Raw Materials,($/cubic meter),165.9,0.0,0.0,-1.89,7.73,-0.01
1968-10-01,1968,10,"Sawnwood, Malaysian",Raw Materials,($/cubic meter),165.9,0.0,0.0,-3.66,9.65,0.12
1968-11-01,1968,11,"Sawnwood, Malaysian",Raw Materials,($/cubic meter),165.9,0.0,0.0,-3.66,10.16,0.29
1968-12-01,1968,12,"Sawnwood, Malaysian",Raw Materials,($/cubic meter),165.9,0.0,0.0,-3.66,8.72,0.29
1969-01-01,1969,1,"Sawnwood, Malaysian",Raw Materials,($/cubic meter),165.9,0.0,0.0,-3.66,9.65,0.29
1969-02-01,1969,2,"Sawnwood, Malaysian",Raw Materials,($/cubic meter),165.9,0.0,0.0,-3.66,9.65,0.29
1969-03-01,1969,3,"Sawnwood, Malaysian",Raw Materials,($/cubic meter),165.9,0.0,0.0,-3.66,11.19,0.29
1969-04-01,1969,4,"Sawnwood, Malaysian",Raw Materials,($/cubic meter),165.9,0.0,0.0,-3.66,13.86,0.29
1969-05-01,1969,5,"Sawnwood, Malaysian",Raw Materials,($/cubic meter),165.9,0.0,0.0,-3.66,16.18,0.29
1969-06-01,1969,6,"Sawnwood, Malaysian",Raw Materials,($/cubic meter),165.9,0.0,0.0,0.0,16.18,0.29
1969-07-01,1969,7,"Sawnwood, Malaysian",Raw Materials,($/cubic meter),165.9,0.0,0.0,0.0,16.83,0.0
1969-08-01,1969,8,"Sawnwood, Malaysian",Raw Materials,($/cubic meter),165.9,0.0,0.0,0.0,16.83,0.0
1969-09-01,1969,9,"Sawnwood, Malaysian",Raw Materials,($/cubic meter),165.9,0.0,0.0,0.0,17.41,0.0
1969-10-01,1969,10,"Sawnwood, Malaysian",Raw Materials,($/cubic meter),165.9,0.0,0.0,0.0,17.41,0.0
1969-11-01,1969,11,"Sawnwood, Malaysian",Raw Materials,($/cubic meter),165.9,0.0,0.0,0.0,16.18,0.0
1969-12-01,1969,12,"Sawnwood, Malaysian",Raw Materials,($/cubic meter),165.9,0.0,0.0,0.0,13.86,0.0
1970-01-01,1970,1,"Sawnwood, Malaysian",Raw Materials,($/cubic meter),165.9,0.0,0.0,0.0,13.86,0.0
1970-02-01,1970,2,"Sawnwood, Malaysian",Raw Materials,($/cubic meter),169.9,2.41,2.41,2.41,11.34,0.0
1970-03-01,1970,3,"Sawnwood, Malaysian",Raw Materials,($/cubic meter),172.2,1.35,3.8,3.8,11.31,1.66
1970-04-01,1970,4,"Sawnwood, Malaysian",Raw Materials,($/cubic meter),172.5,0.17,3.98,3.98,9.11,-0.18
1970-05-01,1970,5,"Sawnwood, Malaysian",Raw Materials,($/cubic meter),176.3,2.2,3.77,6.27,11.51,2.46
1970-06-01,1970,6,"Sawnwood, Malaysian",Raw Materials,($/cubic meter),178.3,1.13,3.54,7.47,12.78,0.67
1970-07-01,1970,7,"Sawnwood, Malaysian",Raw Materials,($/cubic meter),178.3,0.0,3.36,7.47,12.78,-0.66
1970-08-01,1970,8,"Sawnwood, Malaysian",Raw Materials,($/cubic meter),178.3,0.0,1.13,7.47,12.78,-0.66
1970-09-01,1970,9,"Sawnwood, Malaysian",Raw Materials,($/cubic meter),178.3,0.0,0.0,7.47,11.86,-0.66
1970-10-01,1970,10,"Sawnwood, Malaysian",Raw Materials,($/cubic meter),178.3,0.0,0.0,7.47,11.86,-0.66
1970-11-01,1970,11,"Sawnwood, Malaysian",Raw Materials,($/cubic meter),178.3,0.0,0.0,7.47,11.86,-0.66
1970-12-01,1970,12,"Sawnwood, Malaysian",Raw Materials,($/cubic meter),178.3,0.0,0.0,7.47,11.86,-0.66
1971-01-01,1971,1,"Sawnwood, Malaysian",Raw Materials,($/cubic meter),178.3,0.0,0.0,7.47,11.86,-0.66
1971-02-01,1971,2,"Sawnwood, Malaysian",Raw Materials,($/cubic meter),178.3,0.0,0.0,4.94,10.47,-0.66
1971-03-01,1971,3,"Sawnwood, Malaysian",Raw Materials,($/cubic meter),178.3,0.0,0.0,3.54,10.47,-0.55
1971-04-01,1971,4,"Sawnwood, Malaysian",Raw Materials,($/cubic meter),178.3,0.0,0.0,3.36,11.37,-0.43
1971-05-01,1971,5,"Sawnwood, Malaysian",Raw Materials,($/cubic meter),178.0,-0.17,-0.17,0.96,10.29,-0.65
1971-06-01,1971,6,"Sawnwood, Malaysian",Raw Materials,($/cubic meter),175.7,-1.29,-1.46,-1.46,8.86,-4.09
1971-07-01,1971,7,"Sawnwood, Malaysian",Raw Materials,($/cubic meter),172.8,-1.65,-3.08,-3.08,7.06,-4.11
1971-08-01,1971,8,"Sawnwood, Malaysian",Raw Materials,($/cubic meter),173.4,0.35,-2.58,-2.75,7.43,1.06
1971-09-01,1971,9,"Sawnwood, Malaysian",Raw Materials,($/cubic meter),175.4,1.15,-0.17,-1.63,8.67,2.32
1971-10-01,1971,10,"Sawnwood, Malaysian",Raw Materials,($/cubic meter),176.4,0.57,2.08,-1.07,9.29,0.98
1971-11-01,1971,11,"Sawnwood, Malaysian",Raw Materials,($/cubic meter),172.0,-2.49,-0.81,-3.53,6.57,-3.23
1971-12-01,1971,12,"Sawnwood, Malaysian",Raw Materials,($/cubic meter),171.7,-0.17,-2.11,-3.7,6.38,0.12
1972-01-01,1972,1,"Sawnwood, Malaysian",Raw Materials,($/cubic meter),169.2,-1.46,-4.08,-5.1,4.83,-1.13
1972-02-01,1972,2,"Sawnwood, Malaysian",Raw Materials,($/cubic meter),173.2,2.36,0.7,-2.86,6.45,2.64
1972-03-01,1972,3,"Sawnwood, Malaysian",Raw Materials,($/cubic meter),177.3,2.37,3.26,-0.56,7.72,1.95
1972-04-01,1972,4,"Sawnwood, Malaysian",Raw Materials,($/cubic meter),176.4,-0.51,4.26,-1.07,7.17,-0.31
1972-05-01,1972,5,"Sawnwood, Malaysian",Raw Materials,($/cubic meter),174.1,-1.3,0.52,-2.19,4.94,-0.8
1972-06-01,1972,6,"Sawnwood, Malaysian",Raw Materials,($/cubic meter),170.1,-2.3,-4.06,-3.19,2.53,-1.35
1972-07-01,1972,7,"Sawnwood, Malaysian",Raw Materials,($/cubic meter),166.2,-2.29,-5.78,-3.82,0.18,-1.22
1972-08-01,1972,8,"Sawnwood, Malaysian",Raw Materials,($/cubic meter),166.8,0.36,-4.19,-3.81,0.54,0.39
1972-09-01,1972,9,"Sawnwood, Malaysian",Raw Materials,($/cubic meter),167.0,0.12,-1.82,-4.79,-1.24,0.25
1972-10-01,1972,10,"Sawnwood, Malaysian",Raw Materials,($/cubic meter),167.2,0.12,0.6,-5.22,-2.9,0.31
1972-11-01,1972,11,"Sawnwood, Malaysian",Raw Materials,($/cubic meter),167.2,0.0,0.24,-2.79,-2.9,0.26
1972-12-01,1972,12,"Sawnwood, Malaysian",Raw Materials,($/cubic meter),176.2,5.38,5.51,2.62,2.32,3.69
1973-01-01,1973,1,"Sawnwood, Malaysian",Raw Materials,($/cubic meter),187.6,6.47,12.2,10.87,8.94,2.81
1973-02-01,1973,2,"Sawnwood, Malaysian",Raw Materials,($/cubic meter),215.9,15.09,29.13,24.65,25.38,5.1
1973-03-01,1973,3,"Sawnwood, Malaysian",Raw Materials,($/cubic meter),235.0,8.85,33.37,32.54,36.47,1.39
1973-04-01,1973,4,"Sawnwood, Malaysian",Raw Materials,($/cubic meter),229.6,-2.3,22.39,30.16,33.33,-0.9
1973-05-01,1973,5,"Sawnwood, Malaysian",Raw Materials,($/cubic meter),212.9,-7.27,-1.39,22.29,23.64,-1.76
1973-06-01,1973,6,"Sawnwood, Malaysian",Raw Materials,($/cubic meter),201.5,-5.35,-14.26,18.46,21.46,-1.19
1973-07-01,1973,7,"Sawnwood, Malaysian",Raw Materials,($/cubic meter),202.7,0.6,-11.72,21.96,22.18,-0.16
1973-08-01,1973,8,"Sawnwood, Malaysian",Raw Materials,($/cubic meter),216.3,6.71,1.6,29.68,30.38,0.79
1973-09-01,1973,9,"Sawnwood, Malaysian",Raw Materials,($/cubic meter),228.4,5.59,13.35,36.77,37.67,0.51
1973-10-01,1973,10,"Sawnwood, Malaysian",Raw Materials,($/cubic meter),241.6,5.78,19.19,44.5,45.63,0.47
1973-11-01,1973,11,"Sawnwood, Malaysian",Raw Materials,($/cubic meter),240.0,-0.66,10.96,43.54,44.67,-0.62
1973-12-01,1973,12,"Sawnwood, Malaysian",Raw Materials,($/cubic meter),270.9,12.87,18.61,53.75,63.29,1.51
1974-01-01,1974,1,"Sawnwood, Malaysian",Raw Materials,($/cubic meter),269.4,-0.55,11.51,43.6,62.39,-0.64
1974-02-01,1974,2,"Sawnwood, Malaysian",Raw Materials,($/cubic meter),273.1,1.37,13.79,26.49,64.62,-0.27
1974-03-01,1974,3,"Sawnwood, Malaysian",Raw Materials,($/cubic meter),275.9,1.03,1.85,17.4,66.31,-0.19
1974-04-01,1974,4,"Sawnwood, Malaysian",Raw Materials,($/cubic meter),268.2,-2.79,-0.45,16.81,61.66,-0.77
1974-05-01,1974,5,"Sawnwood, Malaysian",Raw Materials,($/cubic meter),256.5,-4.36,-6.08,20.48,54.61,-1.04
1974-06-01,1974,6,"Sawnwood, Malaysian",Raw Materials,($/cubic meter),244.1,-4.83,-11.53,21.14,47.14,-1.25
1974-07-01,1974,7,"Sawnwood, Malaysian",Raw Materials,($/cubic meter),250.1,2.46,-6.75,23.38,50.75,0.14
1974-08-01,1974,8,"Sawnwood, Malaysian",Raw Materials,($/cubic meter),245.0,-2.04,-4.48,13.27,47.68,-0.76
1974-09-01,1974,9,"Sawnwood, Malaysian",Raw Materials,($/cubic meter),230.4,-5.96,-5.61,0.88,38.88,-1.41
1974-10-01,1974,10,"Sawnwood, Malaysian",Raw Materials,($/cubic meter),219.1,-4.9,-12.4,-9.31,32.07,-0.98
1974-11-01,1974,11,"Sawnwood, Malaysian",Raw Materials,($/cubic meter),209.6,-4.34,-14.45,-12.67,26.34,-0.72
1974-12-01,1974,12,"Sawnwood, Malaysian",Raw Materials,($/cubic meter),220.6,5.25,-4.25,-18.57,32.97,1.21
1975-01-01,1975,1,"Sawnwood, Malaysian",Raw Materials,($/cubic meter),225.1,2.04,2.74,-16.44,35.68,1.04
1975-02-01,1975,2,"Sawnwood, Malaysian",Raw Materials,($/cubic meter),212.7,-5.51,1.48,-22.12,25.19,-1.11
1975-03-01,1975,3,"Sawnwood, Malaysian",Raw Materials,($/cubic meter),224.4,5.5,1.72,-18.67,30.31,2.0
1975-04-01,1975,4,"Sawnwood, Malaysian",Raw Materials,($/cubic meter),222.7,-0.76,-1.07,-16.96,29.1,0.2
1975-05-01,1975,5,"Sawnwood, Malaysian",Raw Materials,($/cubic meter),223.0,0.13,4.84,-13.06,26.49,0.37
1975-06-01,1975,6,"Sawnwood, Malaysian",Raw Materials,($/cubic meter),222.1,-0.4,-1.02,-9.01,24.57,0.16
1975-07-01,1975,7,"Sawnwood, Malaysian",Raw Materials,($/cubic meter),221.1,-0.45,-0.72,-11.6,24.0,0.07
1975-08-01,1975,8,"Sawnwood, Malaysian",Raw Materials,($/cubic meter),227.0,2.67,1.79,-7.35,27.31,0.94
1975-09-01,1975,9,"Sawnwood, Malaysian",Raw Materials,($/cubic meter),224.8,-0.97,1.22,-2.43,26.08,-0.1
1975-10-01,1975,10,"Sawnwood, Malaysian",Raw Materials,($/cubic meter),222.8,-0.89,0.77,1.69,24.96,-0.21
1975-11-01,1975,11,"Sawnwood, Malaysian",Raw Materials,($/cubic meter),226.6,1.71,-0.18,8.11,27.09,0.46
1975-12-01,1975,12,"Sawnwood, Malaysian",Raw Materials,($/cubic meter),229.0,1.06,1.87,3.81,28.44,0.12
1976-01-01,1976,1,"Sawnwood, Malaysian",Raw Materials,($/cubic meter),233.4,1.92,4.76,3.69,30.9,0.6
1976-02-01,1976,2,"Sawnwood, Malaysian",Raw Materials,($/cubic meter),240.8,3.17,6.27,13.21,35.05,1.07
1976-03-01,1976,3,"Sawnwood, Malaysian",Raw Materials,($/cubic meter),244.3,1.45,6.68,8.87,37.02,0.2
1976-04-01,1976,4,"Sawnwood, Malaysian",Raw Materials,($/cubic meter),249.9,2.29,7.07,12.21,40.16,1.08
1976-05-01,1976,5,"Sawnwood, Malaysian",Raw Materials,($/cubic meter),249.9,0.0,3.78,12.06,40.39,-0.67
1976-06-01,1976,6,"Sawnwood, Malaysian",Raw Materials,($/cubic meter),255.6,2.28,4.63,15.08,45.48,0.91
1976-07-01,1976,7,"Sawnwood, Malaysian",Raw Materials,($/cubic meter),267.3,4.58,6.96,20.9,54.69,2.37
1976-08-01,1976,8,"Sawnwood, Malaysian",Raw Materials,($/cubic meter),277.6,3.85,11.08,22.29,60.09,1.38
1976-09-01,1976,9,"Sawnwood, Malaysian",Raw Materials,($/cubic meter),283.8,2.23,11.03,26.25,61.8,0.31
1976-10-01,1976,10,"Sawnwood, Malaysian",Raw Materials,($/cubic meter),286.6,0.99,7.22,28.64,62.47,-0.65
1976-11-01,1976,11,"Sawnwood, Malaysian",Raw Materials,($/cubic meter),286.6,0.0,3.24,26.48,66.63,-1.67
1976-12-01,1976,12,"Sawnwood, Malaysian",Raw Materials,($/cubic meter),286.6,0.0,0.99,25.15,66.92,-1.41
1977-01-01,1977,1,"Sawnwood, Malaysian",Raw Materials,($/cubic meter),264.1,-7.85,-7.85,13.15,56.09,-6.48
1977-02-01,1977,2,"Sawnwood, Malaysian",Raw Materials,($/cubic meter),269.0,1.86,-6.14,11.71,55.31,0.24
1977-03-01,1977,3,"Sawnwood, Malaysian",Raw Materials,($/cubic meter),271.2,0.82,-5.37,11.01,52.96,-0.05
1977-04-01,1977,4,"Sawnwood, Malaysian",Raw Materials,($/cubic meter),268.3,-1.07,1.59,7.36,52.1,-0.64
1977-05-01,1977,5,"Sawnwood, Malaysian",Raw Materials,($/cubic meter),262.7,-2.09,-2.34,5.12,50.89,-0.87
1977-06-01,1977,6,"Sawnwood, Malaysian",Raw Materials,($/cubic meter),262.3,-0.15,-3.28,2.62,54.2,-0.19
1977-07-01,1977,7,"Sawnwood, Malaysian",Raw Materials,($/cubic meter),263.3,0.38,-1.86,-1.5,58.42,0.04
1977-08-01,1977,8,"Sawnwood, Malaysian",Raw Materials,($/cubic meter),262.4,-0.34,-0.11,-5.48,57.31,-0.09
1977-09-01,1977,9,"Sawnwood, Malaysian",Raw Materials,($/cubic meter),262.4,0.0,0.04,-7.54,57.13,0.17
1977-10-01,1977,10,"Sawnwood, Malaysian",Raw Materials,($/cubic meter),264.6,0.84,0.49,-7.68,58.25,0.59
1977-11-01,1977,11,"Sawnwood, Malaysian",Raw Materials,($/cubic meter),265.8,0.45,1.3,-7.26,58.97,0.44
1977-12-01,1977,12,"Sawnwood, Malaysian",Raw Materials,($/cubic meter),263.7,-0.79,0.5,-7.99,49.66,-0.08
1978-01-01,1978,1,"Sawnwood, Malaysian",Raw Materials,($/cubic meter),267.1,1.29,0.94,1.14,42.38,0.79
1978-02-01,1978,2,"Sawnwood, Malaysian",Raw Materials,($/cubic meter),271.2,1.54,2.03,0.82,25.61,1.32
1978-03-01,1978,3,"Sawnwood, Malaysian",Raw Materials,($/cubic meter),270.3,-0.33,2.5,-0.33,15.02,-0.39
1978-04-01,1978,4,"Sawnwood, Malaysian",Raw Materials,($/cubic meter),276.9,2.44,3.67,3.21,20.6,2.42
1978-05-01,1978,5,"Sawnwood, Malaysian",Raw Materials,($/cubic meter),266.9,-3.61,-1.59,1.6,25.36,-3.28
1978-06-01,1978,6,"Sawnwood, Malaysian",Raw Materials,($/cubic meter),264.7,-0.82,-2.07,0.91,31.36,-0.65
1978-07-01,1978,7,"Sawnwood, Malaysian",Raw Materials,($/cubic meter),267.7,1.13,-3.32,1.67,32.07,0.69
1978-08-01,1978,8,"Sawnwood, Malaysian",Raw Materials,($/cubic meter),276.9,3.44,3.75,5.53,28.02,2.12
1978-09-01,1978,9,"Sawnwood, Malaysian",Raw Materials,($/cubic meter),275.2,-0.61,3.97,4.88,20.49,-0.6
1978-10-01,1978,10,"Sawnwood, Malaysian",Raw Materials,($/cubic meter),278.7,1.27,4.11,5.33,15.36,0.47
1978-11-01,1978,11,"Sawnwood, Malaysian",Raw Materials,($/cubic meter),273.0,-2.05,-1.41,2.71,13.75,-1.35
1978-12-01,1978,12,"Sawnwood, Malaysian",Raw Materials,($/cubic meter),279.0,2.2,1.38,5.8,2.99,0.99
1979-01-01,1979,1,"Sawnwood, Malaysian",Raw Materials,($/cubic meter),299.6,7.38,7.5,12.17,11.21,3.41
1979-02-01,1979,2,"Sawnwood, Malaysian",Raw Materials,($/cubic meter),315.4,5.27,15.53,16.3,15.49,1.5
1979-03-01,1979,3,"Sawnwood, Malaysian",Raw Materials,($/cubic meter),320.6,1.65,14.91,18.61,16.2,0.11
1979-04-01,1979,4,"Sawnwood, Malaysian",Raw Materials,($/cubic meter),322.4,0.56,7.61,16.43,20.21,-0.3
1979-05-01,1979,5,"Sawnwood, Malaysian",Raw Materials,($/cubic meter),341.9,6.05,8.4,28.1,33.29,1.55
1979-06-01,1979,6,"Sawnwood, Malaysian",Raw Materials,($/cubic meter),380.1,11.17,18.56,43.6,55.71,3.12
1979-07-01,1979,7,"Sawnwood, Malaysian",Raw Materials,($/cubic meter),410.3,7.95,27.26,53.27,64.05,1.29
1979-08-01,1979,8,"Sawnwood, Malaysian",Raw Materials,($/cubic meter),425.5,3.7,24.45,53.67,73.67,0.0
1979-09-01,1979,9,"Sawnwood, Malaysian",Raw Materials,($/cubic meter),421.4,-0.96,10.87,53.12,82.9,-1.19
1979-10-01,1979,10,"Sawnwood, Malaysian",Raw Materials,($/cubic meter),392.3,-6.91,-4.39,40.76,79.05,-2.67
1979-11-01,1979,11,"Sawnwood, Malaysian",Raw Materials,($/cubic meter),379.2,-3.34,-10.88,38.9,80.92,-1.27
1979-12-01,1979,12,"Sawnwood, Malaysian",Raw Materials,($/cubic meter),382.6,0.9,-9.21,37.13,73.44,-0.39
1980-01-01,1980,1,"Sawnwood, Malaysian",Raw Materials,($/cubic meter),401.8,5.02,2.42,34.11,78.5,0.43
1980-02-01,1980,2,"Sawnwood, Malaysian",Raw Materials,($/cubic meter),416.2,3.58,9.76,31.96,95.67,0.2
1980-03-01,1980,3,"Sawnwood, Malaysian",Raw Materials,($/cubic meter),411.7,-1.08,7.61,28.42,83.47,-0.71
1980-04-01,1980,4,"Sawnwood, Malaysian",Raw Materials,($/cubic meter),409.0,-0.66,1.79,26.86,83.66,-0.57
1980-05-01,1980,5,"Sawnwood, Malaysian",Raw Materials,($/cubic meter),419.5,2.57,0.79,22.7,88.12,0.09
1980-06-01,1980,6,"Sawnwood, Malaysian",Raw Materials,($/cubic meter),421.3,0.43,2.33,10.84,89.69,-0.28
1980-07-01,1980,7,"Sawnwood, Malaysian",Raw Materials,($/cubic meter),396.4,-5.91,-3.08,-3.39,79.29,-1.72
1980-08-01,1980,8,"Sawnwood, Malaysian",Raw Materials,($/cubic meter),389.1,-1.84,-7.25,-8.55,71.41,-0.43
1980-09-01,1980,9,"Sawnwood, Malaysian",Raw Materials,($/cubic meter),415.7,6.84,-1.33,-1.35,84.92,2.11
1980-10-01,1980,10,"Sawnwood, Malaysian",Raw Materials,($/cubic meter),355.0,-14.6,-10.44,-9.51,59.34,-3.5
1980-11-01,1980,11,"Sawnwood, Malaysian",Raw Materials,($/cubic meter),358.5,0.99,-7.86,-5.46,58.21,0.29
1980-12-01,1980,12,"Sawnwood, Malaysian",Raw Materials,($/cubic meter),360.2,0.47,-13.35,-5.85,57.29,0.14
1981-01-01,1981,1,"Sawnwood, Malaysian",Raw Materials,($/cubic meter),363.7,0.97,2.45,-9.48,55.83,0.24
1981-02-01,1981,2,"Sawnwood, Malaysian",Raw Materials,($/cubic meter),359.8,-1.07,0.36,-13.55,49.42,-0.07
1981-03-01,1981,3,"Sawnwood, Malaysian",Raw Materials,($/cubic meter),357.0,-0.78,-0.89,-13.29,46.13,0.06
1981-04-01,1981,4,"Sawnwood, Malaysian",Raw Materials,($/cubic meter),351.6,-1.51,-3.33,-14.03,40.7,-0.09
1981-05-01,1981,5,"Sawnwood, Malaysian",Raw Materials,($/cubic meter),354.4,0.8,-1.5,-15.52,41.82,0.37
1981-06-01,1981,6,"Sawnwood, Malaysian",Raw Materials,($/cubic meter),351.8,-0.73,-1.46,-16.5,37.64,0.1
1981-07-01,1981,7,"Sawnwood, Malaysian",Raw Materials,($/cubic meter),338.4,-3.81,-3.75,-14.63,26.6,-0.48
1981-08-01,1981,8,"Sawnwood, Malaysian",Raw Materials,($/cubic meter),334.9,-1.03,-5.5,-13.93,20.64,0.03
1981-09-01,1981,9,"Sawnwood, Malaysian",Raw Materials,($/cubic meter),334.1,-0.24,-5.03,-19.63,17.72,0.18
1981-10-01,1981,10,"Sawnwood, Malaysian",Raw Materials,($/cubic meter),339.2,1.53,0.24,-4.45,18.35,0.76
1981-11-01,1981,11,"Sawnwood, Malaysian",Raw Materials,($/cubic meter),351.8,3.71,5.05,-1.87,22.75,2.78
1981-12-01,1981,12,"Sawnwood, Malaysian",Raw Materials,($/cubic meter),356.1,1.22,6.58,-1.14,24.25,0.73
1982-01-01,1982,1,"Sawnwood, Malaysian",Raw Materials,($/cubic meter),360.0,1.1,6.13,-1.02,36.31,0.62
1982-02-01,1982,2,"Sawnwood, Malaysian",Raw Materials,($/cubic meter),349.8,-2.83,-0.57,-2.78,30.04,-1.46
1982-03-01,1982,3,"Sawnwood, Malaysian",Raw Materials,($/cubic meter),345.4,-1.26,-3.0,-3.25,27.36,-0.51
1982-04-01,1982,4,"Sawnwood, Malaysian",Raw Materials,($/cubic meter),342.5,-0.84,-4.86,-2.59,27.66,-0.28
1982-05-01,1982,5,"Sawnwood, Malaysian",Raw Materials,($/cubic meter),347.3,1.4,-0.71,-2.0,32.2,0.79
1982-06-01,1982,6,"Sawnwood, Malaysian",Raw Materials,($/cubic meter),331.8,-4.46,-3.94,-5.69,26.5,-2.09
1982-07-01,1982,7,"Sawnwood, Malaysian",Raw Materials,($/cubic meter),332.1,0.09,-3.04,-1.86,26.13,0.23
1982-08-01,1982,8,"Sawnwood, Malaysian",Raw Materials,($/cubic meter),331.5,-0.18,-4.55,-1.02,26.33,-0.02
1982-09-01,1982,9,"Sawnwood, Malaysian",Raw Materials,($/cubic meter),332.1,0.18,0.09,-0.6,26.56,0.11
1982-10-01,1982,10,"Sawnwood, Malaysian",Raw Materials,($/cubic meter),327.0,-1.54,-1.54,-3.6,23.58,-0.7
1982-11-01,1982,11,"Sawnwood, Malaysian",Raw Materials,($/cubic meter),332.3,1.62,0.24,-5.54,25.02,0.89
1982-12-01,1982,12,"Sawnwood, Malaysian",Raw Materials,($/cubic meter),340.8,2.56,2.62,-4.3,29.24,1.64
1983-01-01,1983,1,"Sawnwood, Malaysian",Raw Materials,($/cubic meter),338.3,-0.73,3.46,-6.03,26.66,-0.19
1983-02-01,1983,2,"Sawnwood, Malaysian",Raw Materials,($/cubic meter),315.0,-6.89,-5.21,-9.95,16.15,-3.29
1983-03-01,1983,3,"Sawnwood, Malaysian",Raw Materials,($/cubic meter),312.3,-0.86,-8.36,-9.58,15.54,-0.01
1983-04-01,1983,4,"Sawnwood, Malaysian",Raw Materials,($/cubic meter),314.5,0.7,-7.04,-8.18,13.58,0.58
1983-05-01,1983,5,"Sawnwood, Malaysian",Raw Materials,($/cubic meter),320.8,2.0,1.84,-7.63,20.19,1.01
1983-06-01,1983,6,"Sawnwood, Malaysian",Raw Materials,($/cubic meter),318.0,-0.87,1.83,-4.16,20.14,-0.09
1983-07-01,1983,7,"Sawnwood, Malaysian",Raw Materials,($/cubic meter),317.3,-0.22,0.89,-4.46,18.53,0.04
1983-08-01,1983,8,"Sawnwood, Malaysian",Raw Materials,($/cubic meter),324.2,2.17,1.06,-2.2,17.08,1.05
1983-09-01,1983,9,"Sawnwood, Malaysian",Raw Materials,($/cubic meter),329.5,1.63,3.62,-0.78,19.73,0.71
1983-10-01,1983,10,"Sawnwood, Malaysian",Raw Materials,($/cubic meter),347.4,5.43,9.49,6.24,24.65,2.12
1983-11-01,1983,11,"Sawnwood, Malaysian",Raw Materials,($/cubic meter),347.5,0.03,7.19,4.57,27.29,-0.17
1983-12-01,1983,12,"Sawnwood, Malaysian",Raw Materials,($/cubic meter),352.7,1.5,7.04,3.49,26.42,0.37
1984-01-01,1984,1,"Sawnwood, Malaysian",Raw Materials,($/cubic meter),356.8,1.16,2.71,5.47,19.09,0.29
1984-02-01,1984,2,"Sawnwood, Malaysian",Raw Materials,($/cubic meter),354.5,-0.64,2.01,12.54,12.4,-0.39
1984-03-01,1984,3,"Sawnwood, Malaysian",Raw Materials,($/cubic meter),367.7,3.72,4.25,17.74,14.69,1.53
1984-04-01,1984,4,"Sawnwood, Malaysian",Raw Materials,($/cubic meter),381.6,3.78,6.95,21.34,18.36,1.3
1984-05-01,1984,5,"Sawnwood, Malaysian",Raw Materials,($/cubic meter),384.5,0.76,8.46,19.86,12.46,-0.45
1984-06-01,1984,6,"Sawnwood, Malaysian",Raw Materials,($/cubic meter),373.9,-2.76,1.69,17.58,-1.63,-2.2
1984-07-01,1984,7,"Sawnwood, Malaysian",Raw Materials,($/cubic meter),353.6,-5.43,-7.34,11.44,-13.82,-3.06
1984-08-01,1984,8,"Sawnwood, Malaysian",Raw Materials,($/cubic meter),340.9,-3.59,-11.34,5.15,-19.88,-1.54
1984-09-01,1984,9,"Sawnwood, Malaysian",Raw Materials,($/cubic meter),334.9,-1.76,-10.43,1.64,-20.53,-0.7
1984-10-01,1984,10,"Sawnwood, Malaysian",Raw Materials,($/cubic meter),326.0,-2.66,-7.81,-6.16,-16.9,-0.88
1984-11-01,1984,11,"Sawnwood, Malaysian",Raw Materials,($/cubic meter),326.3,0.09,-4.28,-6.1,-13.95,0.2
1984-12-01,1984,12,"Sawnwood, Malaysian",Raw Materials,($/cubic meter),319.1,-2.21,-4.72,-9.53,-16.6,-0.6
1985-01-01,1985,1,"Sawnwood, Malaysian",Raw Materials,($/cubic meter),305.5,-4.26,-6.29,-14.38,-23.97,-1.23
1985-02-01,1985,2,"Sawnwood, Malaysian",Raw Materials,($/cubic meter),300.0,-1.8,-8.06,-15.37,-27.92,-0.19
1985-03-01,1985,3,"Sawnwood, Malaysian",Raw Materials,($/cubic meter),300.5,0.17,-5.83,-18.28,-27.01,0.52
1985-04-01,1985,4,"Sawnwood, Malaysian",Raw Materials,($/cubic meter),306.4,1.96,0.29,-19.71,-25.09,1.44
1985-05-01,1985,5,"Sawnwood, Malaysian",Raw Materials,($/cubic meter),305.5,-0.29,1.83,-20.55,-27.18,0.69
1985-06-01,1985,6,"Sawnwood, Malaysian",Raw Materials,($/cubic meter),302.1,-1.11,0.53,-19.2,-28.29,0.37
1985-07-01,1985,7,"Sawnwood, Malaysian",Raw Materials,($/cubic meter),306.0,1.29,-0.13,-13.46,-22.81,1.46
1985-08-01,1985,8,"Sawnwood, Malaysian",Raw Materials,($/cubic meter),302.5,-1.14,-0.98,-11.26,-22.26,0.02
1985-09-01,1985,9,"Sawnwood, Malaysian",Raw Materials,($/cubic meter),298.9,-1.19,-1.06,-10.75,-28.1,-0.12
1985-10-01,1985,10,"Sawnwood, Malaysian",Raw Materials,($/cubic meter),307.9,3.01,0.62,-5.55,-13.27,2.29
1985-11-01,1985,11,"Sawnwood, Malaysian",Raw Materials,($/cubic meter),319.5,3.77,5.62,-2.08,-10.88,2.15
1985-12-01,1985,12,"Sawnwood, Malaysian",Raw Materials,($/cubic meter),330.9,3.57,10.71,3.7,-8.13,1.61
1986-01-01,1986,1,"Sawnwood, Malaysian",Raw Materials,($/cubic meter),337.7,2.06,9.68,10.54,-7.15,0.71
1986-02-01,1986,2,"Sawnwood, Malaysian",Raw Materials,($/cubic meter),342.3,1.36,7.14,14.1,-4.86,0.25
1986-03-01,1986,3,"Sawnwood, Malaysian",Raw Materials,($/cubic meter),334.0,-2.42,0.94,11.15,-6.44,-1.94
1986-04-01,1986,4,"Sawnwood, Malaysian",Raw Materials,($/cubic meter),326.8,-2.16,-3.23,6.66,-7.05,-1.47
1986-05-01,1986,5,"Sawnwood, Malaysian",Raw Materials,($/cubic meter),337.9,3.4,-1.29,10.61,-4.66,1.27
1986-06-01,1986,6,"Sawnwood, Malaysian",Raw Materials,($/cubic meter),327.1,-3.2,-2.07,8.28,-7.02,-1.73
1986-07-01,1986,7,"Sawnwood, Malaysian",Raw Materials,($/cubic meter),326.1,-0.31,-0.21,6.57,-3.63,-0.39
1986-08-01,1986,8,"Sawnwood, Malaysian",Raw Materials,($/cubic meter),321.7,-1.35,-4.79,6.35,-3.94,-0.74
1986-09-01,1986,9,"Sawnwood, Malaysian",Raw Materials,($/cubic meter),313.2,-2.64,-4.25,4.78,-6.26,-1.23
1986-10-01,1986,10,"Sawnwood, Malaysian",Raw Materials,($/cubic meter),310.2,-0.96,-4.88,0.75,-8.55,-0.51
1986-11-01,1986,11,"Sawnwood, Malaysian",Raw Materials,($/cubic meter),323.7,4.35,0.62,1.31,-7.99,1.63
1986-12-01,1986,12,"Sawnwood, Malaysian",Raw Materials,($/cubic meter),351.3,8.53,12.16,6.17,-1.35,3.12
1987-01-01,1987,1,"Sawnwood, Malaysian",Raw Materials,($/cubic meter),367.9,4.73,18.6,8.94,2.19,1.19
1987-02-01,1987,2,"Sawnwood, Malaysian",Raw Materials,($/cubic meter),364.9,-0.82,12.73,6.6,4.32,-0.43
1987-03-01,1987,3,"Sawnwood, Malaysian",Raw Materials,($/cubic meter),369.5,1.26,5.18,10.63,6.98,0.18
1987-04-01,1987,4,"Sawnwood, Malaysian",Raw Materials,($/cubic meter),372.9,0.92,1.36,14.11,8.88,0.0
1987-05-01,1987,5,"Sawnwood, Malaysian",Raw Materials,($/cubic meter),355.6,-4.64,-2.55,5.24,2.39,-1.67
1987-06-01,1987,6,"Sawnwood, Malaysian",Raw Materials,($/cubic meter),356.6,0.28,-3.49,9.02,7.47,-0.06
1987-07-01,1987,7,"Sawnwood, Malaysian",Raw Materials,($/cubic meter),364.2,2.13,-2.33,11.68,9.67,0.38
1987-08-01,1987,8,"Sawnwood, Malaysian",Raw Materials,($/cubic meter),401.3,10.19,12.85,24.74,21.06,2.57
1987-09-01,1987,9,"Sawnwood, Malaysian",Raw Materials,($/cubic meter),457.5,14.0,28.3,46.07,37.76,2.76
1987-10-01,1987,10,"Sawnwood, Malaysian",Raw Materials,($/cubic meter),462.6,1.11,27.02,49.13,41.47,-0.42
1987-11-01,1987,11,"Sawnwood, Malaysian",Raw Materials,($/cubic meter),477.7,3.26,19.04,47.57,43.76,-0.05
1987-12-01,1987,12,"Sawnwood, Malaysian",Raw Materials,($/cubic meter),464.8,-2.7,1.6,32.31,36.38,-1.18
1988-01-01,1988,1,"Sawnwood, Malaysian",Raw Materials,($/cubic meter),442.0,-4.91,-4.45,20.14,30.65,-1.42
1988-02-01,1988,2,"Sawnwood, Malaysian",Raw Materials,($/cubic meter),398.2,-9.91,-16.64,9.13,26.41,-2.09
1988-03-01,1988,3,"Sawnwood, Malaysian",Raw Materials,($/cubic meter),401.1,0.73,-13.7,8.55,28.43,-0.03
1988-04-01,1988,4,"Sawnwood, Malaysian",Raw Materials,($/cubic meter),415.2,3.52,-6.06,11.34,32.02,0.41
1988-05-01,1988,5,"Sawnwood, Malaysian",Raw Materials,($/cubic meter),413.1,-0.51,3.74,16.17,28.77,-0.25
1988-06-01,1988,6,"Sawnwood, Malaysian",Raw Materials,($/cubic meter),400.0,-3.17,-0.27,12.17,25.79,-0.73
1988-07-01,1988,7,"Sawnwood, Malaysian",Raw Materials,($/cubic meter),388.8,-2.8,-6.36,6.75,22.53,-0.61
1988-08-01,1988,8,"Sawnwood, Malaysian",Raw Materials,($/cubic meter),374.1,-3.78,-9.44,-6.78,15.39,-0.69
1988-09-01,1988,9,"Sawnwood, Malaysian",Raw Materials,($/cubic meter),377.3,0.86,-5.67,-17.53,14.51,0.22
1988-10-01,1988,10,"Sawnwood, Malaysian",Raw Materials,($/cubic meter),400.9,6.25,3.11,-13.34,15.4,2.04
1988-11-01,1988,11,"Sawnwood, Malaysian",Raw Materials,($/cubic meter),411.0,2.52,9.86,-13.96,18.27,0.83
1988-12-01,1988,12,"Sawnwood, Malaysian",Raw Materials,($/cubic meter),406.1,-1.19,7.63,-12.63,15.14,-0.01
1989-01-01,1989,1,"Sawnwood, Malaysian",Raw Materials,($/cubic meter),401.0,-1.26,0.02,-9.28,12.39,-0.05
1989-02-01,1989,2,"Sawnwood, Malaysian",Raw Materials,($/cubic meter),404.5,0.87,-1.58,1.58,14.1,0.39
1989-03-01,1989,3,"Sawnwood, Malaysian",Raw Materials,($/cubic meter),402.4,-0.52,-0.91,0.32,9.44,-0.23
1989-04-01,1989,4,"Sawnwood, Malaysian",Raw Materials,($/cubic meter),393.6,-2.19,-1.85,-5.2,3.14,-0.77
1989-05-01,1989,5,"Sawnwood, Malaysian",Raw Materials,($/cubic meter),414.8,5.39,2.55,0.41,7.88,2.08
1989-06-01,1989,6,"Sawnwood, Malaysian",Raw Materials,($/cubic meter),526.4,26.9,30.82,31.6,40.79,8.25
1989-07-01,1989,7,"Sawnwood, Malaysian",Raw Materials,($/cubic meter),532.0,1.06,35.16,36.83,50.45,-0.18
1989-08-01,1989,8,"Sawnwood, Malaysian",Raw Materials,($/cubic meter),537.2,0.98,29.51,43.6,57.58,-0.24
1989-09-01,1989,9,"Sawnwood, Malaysian",Raw Materials,($/cubic meter),538.9,0.32,2.37,42.83,60.91,-0.38
1989-10-01,1989,10,"Sawnwood, Malaysian",Raw Materials,($/cubic meter),555.1,3.01,4.34,38.46,70.28,-0.03
1989-11-01,1989,11,"Sawnwood, Malaysian",Raw Materials,($/cubic meter),545.8,-1.68,1.6,32.8,67.27,-0.6
1989-12-01,1989,12,"Sawnwood, Malaysian",Raw Materials,($/cubic meter),571.5,4.71,6.05,40.73,79.1,0.26
1990-01-01,1990,1,"Sawnwood, Malaysian",Raw Materials,($/cubic meter),571.4,-0.02,2.94,42.49,87.04,-0.4
1990-02-01,1990,2,"Sawnwood, Malaysian",Raw Materials,($/cubic meter),584.7,2.33,7.13,44.55,94.9,-0.12
1990-03-01,1990,3,"Sawnwood, Malaysian",Raw Materials,($/cubic meter),581.7,-0.51,1.78,44.56,93.58,-0.5
1990-04-01,1990,4,"Sawnwood, Malaysian",Raw Materials,($/cubic meter),565.3,-2.82,-1.07,43.62,84.5,-0.79
1990-05-01,1990,5,"Sawnwood, Malaysian",Raw Materials,($/cubic meter),507.4,-10.24,-13.22,22.32,66.09,-1.73
1990-06-01,1990,6,"Sawnwood, Malaysian",Raw Materials,($/cubic meter),510.9,0.69,-12.17,-2.94,69.12,-0.15
1990-07-01,1990,7,"Sawnwood, Malaysian",Raw Materials,($/cubic meter),501.4,-1.86,-11.3,-5.75,63.86,-0.45
1990-08-01,1990,8,"Sawnwood, Malaysian",Raw Materials,($/cubic meter),503.1,0.34,-0.85,-6.35,66.31,0.2
1990-09-01,1990,9,"Sawnwood, Malaysian",Raw Materials,($/cubic meter),503.3,0.04,-1.49,-6.61,68.38,0.14
1990-10-01,1990,10,"Sawnwood, Malaysian",Raw Materials,($/cubic meter),520.8,3.48,3.87,-6.18,69.15,1.06
1990-11-01,1990,11,"Sawnwood, Malaysian",Raw Materials,($/cubic meter),529.4,1.65,5.23,-3.0,65.7,0.56
1990-12-01,1990,12,"Sawnwood, Malaysian",Raw Materials,($/cubic meter),517.5,-2.25,2.82,-9.45,56.39,-0.54
1991-01-01,1991,1,"Sawnwood, Malaysian",Raw Materials,($/cubic meter),515.1,-0.46,-1.09,-9.85,52.53,0.09
1991-02-01,1991,2,"Sawnwood, Malaysian",Raw Materials,($/cubic meter),513.3,-0.35,-3.04,-12.21,49.96,0.13
1991-03-01,1991,3,"Sawnwood, Malaysian",Raw Materials,($/cubic meter),523.0,1.89,1.06,-10.09,56.59,0.87
1991-04-01,1991,4,"Sawnwood, Malaysian",Raw Materials,($/cubic meter),551.3,5.41,7.03,-2.48,68.7,1.8
1991-05-01,1991,5,"Sawnwood, Malaysian",Raw Materials,($/cubic meter),540.2,-2.01,5.24,6.46,59.87,-0.49
1991-06-01,1991,6,"Sawnwood, Malaysian",Raw Materials,($/cubic meter),558.3,3.35,6.75,9.28,70.68,1.23
1991-07-01,1991,7,"Sawnwood, Malaysian",Raw Materials,($/cubic meter),557.0,-0.23,1.03,11.09,70.81,-0.41
1991-08-01,1991,8,"Sawnwood, Malaysian",Raw Materials,($/cubic meter),568.6,2.08,5.26,13.02,76.75,0.51
1991-09-01,1991,9,"Sawnwood, Malaysian",Raw Materials,($/cubic meter),589.1,3.61,5.52,17.05,88.09,1.1
1991-10-01,1991,10,"Sawnwood, Malaysian",Raw Materials,($/cubic meter),573.1,-2.72,2.89,10.04,84.75,-1.68
1991-11-01,1991,11,"Sawnwood, Malaysian",Raw Materials,($/cubic meter),573.9,0.14,0.93,8.41,77.29,-0.27
1991-12-01,1991,12,"Sawnwood, Malaysian",Raw Materials,($/cubic meter),567.4,-1.13,-3.68,9.64,61.51,-0.72
1992-01-01,1992,1,"Sawnwood, Malaysian",Raw Materials,($/cubic meter),577.8,1.83,0.82,12.17,57.05,0.42
1992-02-01,1992,2,"Sawnwood, Malaysian",Raw Materials,($/cubic meter),599.2,3.7,4.41,16.73,64.21,1.11
1992-03-01,1992,3,"Sawnwood, Malaysian",Raw Materials,($/cubic meter),602.2,0.5,6.13,15.14,62.98,-0.33
1992-04-01,1992,4,"Sawnwood, Malaysian",Raw Materials,($/cubic meter),616.4,2.36,6.68,11.81,65.3,0.45
1992-05-01,1992,5,"Sawnwood, Malaysian",Raw Materials,($/cubic meter),628.7,2.0,4.92,16.38,76.8,0.47
1992-06-01,1992,6,"Sawnwood, Malaysian",Raw Materials,($/cubic meter),610.8,-2.85,1.43,9.4,71.28,-2.06
1992-07-01,1992,7,"Sawnwood, Malaysian",Raw Materials,($/cubic meter),609.6,-0.2,-1.1,9.44,67.38,-0.44
1992-08-01,1992,8,"Sawnwood, Malaysian",Raw Materials,($/cubic meter),607.4,-0.36,-3.39,6.82,51.36,-0.51
1992-09-01,1992,9,"Sawnwood, Malaysian",Raw Materials,($/cubic meter),606.2,-0.2,-0.75,2.9,32.5,-0.35
1992-10-01,1992,10,"Sawnwood, Malaysian",Raw Materials,($/cubic meter),600.3,-0.97,-1.53,4.75,29.77,-0.62
1992-11-01,1992,11,"Sawnwood, Malaysian",Raw Materials,($/cubic meter),623.7,3.9,2.68,8.68,30.56,1.95
1992-12-01,1992,12,"Sawnwood, Malaysian",Raw Materials,($/cubic meter),604.4,-3.09,-0.3,6.52,30.03,-1.85
1993-01-01,1993,1,"Sawnwood, Malaysian",Raw Materials,($/cubic meter),605.4,0.17,0.85,4.78,36.97,-0.17
1993-02-01,1993,2,"Sawnwood, Malaysian",Raw Materials,($/cubic meter),618.1,2.1,-0.9,3.15,55.22,0.75
1993-03-01,1993,3,"Sawnwood, Malaysian",Raw Materials,($/cubic meter),616.8,-0.21,2.05,2.42,53.78,-0.24
1993-04-01,1993,4,"Sawnwood, Malaysian",Raw Materials,($/cubic meter),645.4,4.64,6.61,4.7,55.44,2.13
1993-05-01,1993,5,"Sawnwood, Malaysian",Raw Materials,($/cubic meter),776.6,20.33,25.64,23.52,87.99,8.39
1993-06-01,1993,6,"Sawnwood, Malaysian",Raw Materials,($/cubic meter),803.6,3.48,30.29,31.57,100.9,0.25
1993-07-01,1993,7,"Sawnwood, Malaysian",Raw Materials,($/cubic meter),829.8,3.26,28.57,36.12,113.43,0.13
1993-08-01,1993,8,"Sawnwood, Malaysian",Raw Materials,($/cubic meter),835.6,0.7,7.6,37.57,123.36,-0.34
1993-09-01,1993,9,"Sawnwood, Malaysian",Raw Materials,($/cubic meter),851.1,1.85,5.91,40.4,125.58,-0.17
1993-10-01,1993,10,"Sawnwood, Malaysian",Raw Materials,($/cubic meter),851.3,0.02,2.59,41.81,112.35,-0.51
1993-11-01,1993,11,"Sawnwood, Malaysian",Raw Materials,($/cubic meter),835.2,-1.89,-0.05,33.91,103.21,-0.85
1993-12-01,1993,12,"Sawnwood, Malaysian",Raw Materials,($/cubic meter),830.1,-0.61,-2.47,37.34,104.41,-0.54
1994-01-01,1994,1,"Sawnwood, Malaysian",Raw Materials,($/cubic meter),773.5,-6.82,-9.14,27.77,92.89,-1.65
1994-02-01,1994,2,"Sawnwood, Malaysian",Raw Materials,($/cubic meter),759.0,-1.87,-9.12,22.8,87.64,-0.64
1994-03-01,1994,3,"Sawnwood, Malaysian",Raw Materials,($/cubic meter),772.0,1.71,-7.0,25.16,91.85,-0.03
1994-04-01,1994,4,"Sawnwood, Malaysian",Raw Materials,($/cubic meter),819.9,6.2,6.0,27.04,108.31,0.64
1994-05-01,1994,5,"Sawnwood, Malaysian",Raw Materials,($/cubic meter),851.6,3.87,12.2,9.66,105.3,0.25
1994-06-01,1994,6,"Sawnwood, Malaysian",Raw Materials,($/cubic meter),876.9,2.97,13.59,9.12,66.58,0.63
1994-07-01,1994,7,"Sawnwood, Malaysian",Raw Materials,($/cubic meter),875.8,-0.13,6.82,5.54,64.62,-0.27
1994-08-01,1994,8,"Sawnwood, Malaysian",Raw Materials,($/cubic meter),885.1,1.06,3.93,5.92,64.76,0.17
1994-09-01,1994,9,"Sawnwood, Malaysian",Raw Materials,($/cubic meter),862.0,-2.61,-1.7,1.28,59.96,-0.95
1994-10-01,1994,10,"Sawnwood, Malaysian",Raw Materials,($/cubic meter),806.0,-6.5,-7.97,-5.32,45.2,-1.96
1994-11-01,1994,11,"Sawnwood, Malaysian",Raw Materials,($/cubic meter),792.7,-1.65,-10.44,-5.09,45.24,-0.32
1994-12-01,1994,12,"Sawnwood, Malaysian",Raw Materials,($/cubic meter),778.0,-1.85,-9.74,-6.28,36.13,-0.38
1995-01-01,1995,1,"Sawnwood, Malaysian",Raw Materials,($/cubic meter),793.8,2.03,-1.51,2.62,38.92,0.64
1995-02-01,1995,2,"Sawnwood, Malaysian",Raw Materials,($/cubic meter),753.2,-5.11,-4.98,-0.76,28.82,-1.58
1995-03-01,1995,3,"Sawnwood, Malaysian",Raw Materials,($/cubic meter),713.6,-5.26,-8.28,-7.56,22.67,-1.42
1995-04-01,1995,4,"Sawnwood, Malaysian",Raw Materials,($/cubic meter),730.8,2.41,-7.94,-10.87,29.28,0.76
1995-05-01,1995,5,"Sawnwood, Malaysian",Raw Materials,($/cubic meter),750.8,2.74,-0.32,-11.84,47.97,1.04
1995-06-01,1995,6,"Sawnwood, Malaysian",Raw Materials,($/cubic meter),759.1,1.11,6.38,-13.43,48.58,0.62
1995-07-01,1995,7,"Sawnwood, Malaysian",Raw Materials,($/cubic meter),752.3,-0.9,2.94,-14.1,50.04,0.08
1995-08-01,1995,8,"Sawnwood, Malaysian",Raw Materials,($/cubic meter),741.7,-1.41,-1.21,-16.2,47.43,-0.06
1995-09-01,1995,9,"Sawnwood, Malaysian",Raw Materials,($/cubic meter),728.7,-1.75,-4.0,-15.46,44.78,-0.11
1995-10-01,1995,10,"Sawnwood, Malaysian",Raw Materials,($/cubic meter),723.5,-0.71,-3.83,-10.24,38.92,0.2
1995-11-01,1995,11,"Sawnwood, Malaysian",Raw Materials,($/cubic meter),716.1,-1.02,-3.45,-9.66,35.27,-0.06
1995-12-01,1995,12,"Sawnwood, Malaysian",Raw Materials,($/cubic meter),715.8,-0.04,-1.77,-7.99,38.32,0.29
1996-01-01,1996,1,"Sawnwood, Malaysian",Raw Materials,($/cubic meter),719.3,0.49,-0.58,-9.39,39.64,0.44
1996-02-01,1996,2,"Sawnwood, Malaysian",Raw Materials,($/cubic meter),713.7,-0.78,-0.34,-5.24,39.04,0.0
1996-03-01,1996,3,"Sawnwood, Malaysian",Raw Materials,($/cubic meter),728.7,2.1,1.8,2.12,39.33,1.21
1996-04-01,1996,4,"Sawnwood, Malaysian",Raw Materials,($/cubic meter),751.4,3.12,4.46,2.82,36.3,1.88
1996-05-01,1996,5,"Sawnwood, Malaysian",Raw Materials,($/cubic meter),753.1,0.23,5.52,0.31,39.41,-0.01
1996-06-01,1996,6,"Sawnwood, Malaysian",Raw Materials,($/cubic meter),747.9,-0.69,2.63,-1.48,33.96,-0.5
1996-07-01,1996,7,"Sawnwood, Malaysian",Raw Materials,($/cubic meter),744.0,-0.52,-0.98,-1.1,33.57,-0.28
1996-08-01,1996,8,"Sawnwood, Malaysian",Raw Materials,($/cubic meter),743.4,-0.08,-1.29,0.23,30.74,0.0
1996-09-01,1996,9,"Sawnwood, Malaysian",Raw Materials,($/cubic meter),755.3,1.6,0.99,3.65,28.21,1.16
1996-10-01,1996,10,"Sawnwood, Malaysian",Raw Materials,($/cubic meter),758.9,0.48,2.0,4.89,32.42,0.13
1996-11-01,1996,11,"Sawnwood, Malaysian",Raw Materials,($/cubic meter),753.7,-0.69,1.39,5.25,31.33,-0.86
1996-12-01,1996,12,"Sawnwood, Malaysian",Raw Materials,($/cubic meter),726.9,-3.56,-3.76,1.55,28.11,-3.23
1997-01-01,1997,1,"Sawnwood, Malaysian",Raw Materials,($/cubic meter),743.8,2.32,-1.99,3.41,28.73,1.29
1997-02-01,1997,2,"Sawnwood, Malaysian",Raw Materials,($/cubic meter),753.3,1.28,-0.05,5.55,25.72,0.54
1997-03-01,1997,3,"Sawnwood, Malaysian",Raw Materials,($/cubic meter),756.6,0.44,4.09,3.83,25.64,-0.02
1997-04-01,1997,4,"Sawnwood, Malaysian",Raw Materials,($/cubic meter),749.8,-0.9,0.81,-0.21,21.64,-0.71
1997-05-01,1997,5,"Sawnwood, Malaysian",Raw Materials,($/cubic meter),747.6,-0.29,-0.76,-0.73,18.91,-0.19
1997-06-01,1997,6,"Sawnwood, Malaysian",Raw Materials,($/cubic meter),744.9,-0.36,-1.55,-0.4,21.95,-0.21
1997-07-01,1997,7,"Sawnwood, Malaysian",Raw Materials,($/cubic meter),705.7,-5.26,-5.88,-5.15,15.76,-3.52
1997-08-01,1997,8,"Sawnwood, Malaysian",Raw Materials,($/cubic meter),649.0,-8.03,-13.19,-12.7,6.85,-3.58
1997-09-01,1997,9,"Sawnwood, Malaysian",Raw Materials,($/cubic meter),595.3,-8.27,-20.08,-21.18,-1.8,-2.36
1997-10-01,1997,10,"Sawnwood, Malaysian",Raw Materials,($/cubic meter),533.3,-10.41,-24.43,-29.73,-11.16,-2.4
1997-11-01,1997,11,"Sawnwood, Malaysian",Raw Materials,($/cubic meter),519.4,-2.61,-19.97,-31.09,-16.72,0.05
1997-12-01,1997,12,"Sawnwood, Malaysian",Raw Materials,($/cubic meter),475.5,-8.45,-20.12,-34.59,-21.33,-1.32
1998-01-01,1998,1,"Sawnwood, Malaysian",Raw Materials,($/cubic meter),413.4,-13.06,-22.48,-44.42,-31.71,-2.17
1998-02-01,1998,2,"Sawnwood, Malaysian",Raw Materials,($/cubic meter),504.1,21.94,-2.95,-33.08,-18.44,5.47
1998-03-01,1998,3,"Sawnwood, Malaysian",Raw Materials,($/cubic meter),506.1,0.4,6.44,-33.11,-17.95,0.37
1998-04-01,1998,4,"Sawnwood, Malaysian",Raw Materials,($/cubic meter),506.0,-0.02,22.4,-32.52,-21.6,0.32
1998-05-01,1998,5,"Sawnwood, Malaysian",Raw Materials,($/cubic meter),472.7,-6.58,-6.23,-36.77,-39.13,-0.41
1998-06-01,1998,6,"Sawnwood, Malaysian",Raw Materials,($/cubic meter),451.4,-4.51,-10.81,-39.4,-43.83,-0.12
1998-07-01,1998,7,"Sawnwood, Malaysian",Raw Materials,($/cubic meter),437.5,-3.08,-13.54,-38.0,-47.28,0.07
1998-08-01,1998,8,"Sawnwood, Malaysian",Raw Materials,($/cubic meter),455.6,4.14,-3.62,-29.8,-45.48,0.85
1998-09-01,1998,9,"Sawnwood, Malaysian",Raw Materials,($/cubic meter),503.5,10.51,11.54,-15.42,-40.84,1.43
1998-10-01,1998,10,"Sawnwood, Malaysian",Raw Materials,($/cubic meter),510.5,1.39,16.69,-4.28,-40.03,0.24
1998-11-01,1998,11,"Sawnwood, Malaysian",Raw Materials,($/cubic meter),514.0,0.69,12.82,-1.04,-38.46,0.07
1998-12-01,1998,12,"Sawnwood, Malaysian",Raw Materials,($/cubic meter),535.0,4.09,6.26,12.51,-35.55,0.41
1999-01-01,1999,1,"Sawnwood, Malaysian",Raw Materials,($/cubic meter),538.5,0.65,5.48,30.26,-30.38,-0.08
1999-02-01,1999,2,"Sawnwood, Malaysian",Raw Materials,($/cubic meter),538.5,0.0,4.77,6.82,-29.05,-0.33
1999-03-01,1999,3,"Sawnwood, Malaysian",Raw Materials,($/cubic meter),555.9,3.23,3.91,9.84,-27.99,0.59
1999-04-01,1999,4,"Sawnwood, Malaysian",Raw Materials,($/cubic meter),559.4,0.63,3.88,10.55,-31.77,-0.05
1999-05-01,1999,5,"Sawnwood, Malaysian",Raw Materials,($/cubic meter),580.4,3.75,7.78,22.78,-31.85,0.63
1999-06-01,1999,6,"Sawnwood, Malaysian",Raw Materials,($/cubic meter),608.4,4.82,9.44,34.78,-30.62,0.79
1999-07-01,1999,7,"Sawnwood, Malaysian",Raw Materials,($/cubic meter),625.9,2.88,11.89,43.06,-28.53,0.09
1999-08-01,1999,8,"Sawnwood, Malaysian",Raw Materials,($/cubic meter),629.4,0.56,8.44,38.15,-28.89,-0.87
1999-09-01,1999,9,"Sawnwood, Malaysian",Raw Materials,($/cubic meter),643.4,2.22,5.75,27.79,-25.36,-0.18
1999-10-01,1999,10,"Sawnwood, Malaysian",Raw Materials,($/cubic meter),643.4,0.0,2.8,26.03,-20.17,-1.27
1999-11-01,1999,11,"Sawnwood, Malaysian",Raw Materials,($/cubic meter),643.4,0.0,2.22,25.18,-18.83,-1.13
1999-12-01,1999,12,"Sawnwood, Malaysian",Raw Materials,($/cubic meter),643.4,0.0,0.0,20.26,-17.3,-1.06
2000-01-01,2000,1,"Sawnwood, Malaysian",Raw Materials,($/cubic meter),643.4,0.0,0.0,19.48,-18.95,-0.9
2000-02-01,2000,2,"Sawnwood, Malaysian",Raw Materials,($/cubic meter),643.4,0.0,0.0,19.48,-14.58,-0.85
2000-03-01,2000,3,"Sawnwood, Malaysian",Raw Materials,($/cubic meter),636.4,-1.09,-1.09,14.48,-10.82,-1.47
2000-04-01,2000,4,"Sawnwood, Malaysian",Raw Materials,($/cubic meter),636.4,0.0,-1.09,13.76,-12.92,-0.63
2000-05-01,2000,5,"Sawnwood, Malaysian",Raw Materials,($/cubic meter),629.4,-1.1,-2.18,8.44,-16.17,-1.19
2000-06-01,2000,6,"Sawnwood, Malaysian",Raw Materials,($/cubic meter),629.4,0.0,-1.1,3.45,-17.09,-0.4
2000-07-01,2000,7,"Sawnwood, Malaysian",Raw Materials,($/cubic meter),604.9,-3.89,-4.95,-3.36,-19.59,-3.59
2000-08-01,2000,8,"Sawnwood, Malaysian",Raw Materials,($/cubic meter),604.9,0.0,-3.89,-3.89,-18.44,0.19
2000-09-01,2000,9,"Sawnwood, Malaysian",Raw Materials,($/cubic meter),542.0,-10.4,-13.89,-15.76,-25.62,-7.25
2000-10-01,2000,10,"Sawnwood, Malaysian",Raw Materials,($/cubic meter),538.5,-0.65,-10.98,-16.3,-25.57,0.24
2000-11-01,2000,11,"Sawnwood, Malaysian",Raw Materials,($/cubic meter),517.5,-3.9,-14.45,-19.57,-27.73,-0.81
2000-12-01,2000,12,"Sawnwood, Malaysian",Raw Materials,($/cubic meter),510.5,-1.35,-5.81,-20.66,-28.68,0.13
2001-01-01,2001,1,"Sawnwood, Malaysian",Raw Materials,($/cubic meter),496.5,-2.74,-7.8,-22.83,-30.97,-0.29
2001-02-01,2001,2,"Sawnwood, Malaysian",Raw Materials,($/cubic meter),500.0,0.7,-3.38,-22.29,-29.94,0.94
2001-03-01,2001,3,"Sawnwood, Malaysian",Raw Materials,($/cubic meter),500.0,0.0,-2.06,-21.43,-31.38,0.67
2001-04-01,2001,4,"Sawnwood, Malaysian",Raw Materials,($/cubic meter),500.0,0.0,0.7,-21.43,-33.46,0.63
2001-05-01,2001,5,"Sawnwood, Malaysian",Raw Materials,($/cubic meter),482.5,-3.5,-3.5,-23.34,-35.93,-0.5
2001-06-01,2001,6,"Sawnwood, Malaysian",Raw Materials,($/cubic meter),475.5,-1.45,-4.9,-24.45,-36.42,0.22
2001-07-01,2001,7,"Sawnwood, Malaysian",Raw Materials,($/cubic meter),465.0,-2.21,-7.0,-23.13,-37.5,0.02
2001-08-01,2001,8,"Sawnwood, Malaysian",Raw Materials,($/cubic meter),475.5,2.26,-1.45,-21.39,-36.04,1.46
2001-09-01,2001,9,"Sawnwood, Malaysian",Raw Materials,($/cubic meter),489.5,2.94,2.94,-9.69,-35.19,1.52
2001-10-01,2001,10,"Sawnwood, Malaysian",Raw Materials,($/cubic meter),461.5,-5.72,-0.75,-14.3,-39.19,-2.29
2001-11-01,2001,11,"Sawnwood, Malaysian",Raw Materials,($/cubic meter),461.5,0.0,-2.94,-10.82,-38.77,0.49
2001-12-01,2001,12,"Sawnwood, Malaysian",Raw Materials,($/cubic meter),468.5,1.52,-4.29,-8.23,-35.55,1.0
2002-01-01,2002,1,"Sawnwood, Malaysian",Raw Materials,($/cubic meter),468.5,0.0,1.52,-5.64,-37.01,0.27
2002-02-01,2002,2,"Sawnwood, Malaysian",Raw Materials,($/cubic meter),486.0,3.74,5.31,-2.8,-35.48,1.71
2002-03-01,2002,3,"Sawnwood, Malaysian",Raw Materials,($/cubic meter),486.0,0.0,3.74,-2.8,-35.77,0.07
2002-04-01,2002,4,"Sawnwood, Malaysian",Raw Materials,($/cubic meter),503.5,3.6,7.47,0.7,-32.85,1.4
2002-05-01,2002,5,"Sawnwood, Malaysian",Raw Materials,($/cubic meter),503.5,0.0,3.6,4.35,-32.65,-0.03
2002-06-01,2002,6,"Sawnwood, Malaysian",Raw Materials,($/cubic meter),524.5,4.17,7.92,10.3,-29.59,1.39
2002-07-01,2002,7,"Sawnwood, Malaysian",Raw Materials,($/cubic meter),542.0,3.34,7.65,16.56,-23.2,0.87
2002-08-01,2002,8,"Sawnwood, Malaysian",Raw Materials,($/cubic meter),559.4,3.21,11.1,17.64,-13.81,0.69
2002-09-01,2002,9,"Sawnwood, Malaysian",Raw Materials,($/cubic meter),566.4,1.25,7.99,15.71,-4.85,-0.05
2002-10-01,2002,10,"Sawnwood, Malaysian",Raw Materials,($/cubic meter),566.4,0.0,4.5,22.73,6.21,-0.46
2002-11-01,2002,11,"Sawnwood, Malaysian",Raw Materials,($/cubic meter),552.4,-2.47,-1.25,19.7,6.35,-2.41
2002-12-01,2002,12,"Sawnwood, Malaysian",Raw Materials,($/cubic meter),563.0,1.92,-0.6,20.17,18.4,0.19
2003-01-01,2003,1,"Sawnwood, Malaysian",Raw Materials,($/cubic meter),552.4,-1.88,-2.47,17.91,33.62,-1.65
2003-02-01,2003,2,"Sawnwood, Malaysian",Raw Materials,($/cubic meter),549.0,-0.62,-0.62,12.96,8.91,-0.89
2003-03-01,2003,3,"Sawnwood, Malaysian",Raw Materials,($/cubic meter),559.4,1.89,-0.64,15.1,10.53,0.38
2003-04-01,2003,4,"Sawnwood, Malaysian",Raw Materials,($/cubic meter),559.4,0.0,1.27,11.1,10.55,-0.55
2003-05-01,2003,5,"Sawnwood, Malaysian",Raw Materials,($/cubic meter),552.4,-1.25,0.62,9.71,16.86,-1.03
2003-06-01,2003,6,"Sawnwood, Malaysian",Raw Materials,($/cubic meter),552.4,0.0,-1.25,5.32,22.37,-0.37
2003-07-01,2003,7,"Sawnwood, Malaysian",Raw Materials,($/cubic meter),552.4,0.0,-1.25,1.92,26.26,-0.24
2003-08-01,2003,8,"Sawnwood, Malaysian",Raw Materials,($/cubic meter),559.4,1.27,1.27,0.0,22.78,0.66
2003-09-01,2003,9,"Sawnwood, Malaysian",Raw Materials,($/cubic meter),545.5,-2.48,-1.25,-3.69,8.34,-1.76
2003-10-01,2003,10,"Sawnwood, Malaysian",Raw Materials,($/cubic meter),545.5,0.0,-1.25,-3.69,6.86,0.2
2003-11-01,2003,11,"Sawnwood, Malaysian",Raw Materials,($/cubic meter),545.5,0.0,-2.48,-1.25,6.13,0.2
2003-12-01,2003,12,"Sawnwood, Malaysian",Raw Materials,($/cubic meter),538.5,-1.28,-1.28,-4.35,0.65,-0.87
2004-01-01,2004,1,"Sawnwood, Malaysian",Raw Materials,($/cubic meter),538.5,0.0,-1.28,-2.52,0.0,0.29
2004-02-01,2004,2,"Sawnwood, Malaysian",Raw Materials,($/cubic meter),552.4,2.58,1.26,0.62,2.58,2.43
2004-03-01,2004,3,"Sawnwood, Malaysian",Raw Materials,($/cubic meter),552.4,0.0,2.58,-1.25,-0.63,-0.04
2004-04-01,2004,4,"Sawnwood, Malaysian",Raw Materials,($/cubic meter),552.4,0.0,2.58,-1.25,-1.25,0.08
2004-05-01,2004,5,"Sawnwood, Malaysian",Raw Materials,($/cubic meter),587.4,6.34,6.34,6.34,1.21,5.09
2004-06-01,2004,6,"Sawnwood, Malaysian",Raw Materials,($/cubic meter),590.9,0.6,6.97,6.97,-2.88,0.03
2004-07-01,2004,7,"Sawnwood, Malaysian",Raw Materials,($/cubic meter),594.4,0.59,7.6,7.6,-5.03,0.0
2004-08-01,2004,8,"Sawnwood, Malaysian",Raw Materials,($/cubic meter),594.4,0.0,1.19,6.26,-5.56,-0.29
2004-09-01,2004,9,"Sawnwood, Malaysian",Raw Materials,($/cubic meter),594.4,0.0,0.59,8.96,-7.62,-0.24
2004-10-01,2004,10,"Sawnwood, Malaysian",Raw Materials,($/cubic meter),601.4,1.18,1.18,10.25,-6.53,0.22
2004-11-01,2004,11,"Sawnwood, Malaysian",Raw Materials,($/cubic meter),608.4,1.16,2.36,11.53,-5.44,0.17
2004-12-01,2004,12,"Sawnwood, Malaysian",Raw Materials,($/cubic meter),608.4,0.0,2.36,12.98,-5.44,-0.48
2005-01-01,2005,1,"Sawnwood, Malaysian",Raw Materials,($/cubic meter),636.4,4.6,5.82,18.18,-1.09,1.93
2005-02-01,2005,2,"Sawnwood, Malaysian",Raw Materials,($/cubic meter),636.4,0.0,4.6,15.21,-1.09,-0.69
2005-03-01,2005,3,"Sawnwood, Malaysian",Raw Materials,($/cubic meter),646.9,1.65,6.33,17.11,1.65,0.21
2005-04-01,2005,4,"Sawnwood, Malaysian",Raw Materials,($/cubic meter),643.4,-0.54,1.1,16.47,1.1,-0.92
2005-05-01,2005,5,"Sawnwood, Malaysian",Raw Materials,($/cubic meter),657.3,2.16,3.28,11.9,4.43,0.41
2005-06-01,2005,6,"Sawnwood, Malaysian",Raw Materials,($/cubic meter),657.3,0.0,1.61,11.24,4.43,-0.68
2005-07-01,2005,7,"Sawnwood, Malaysian",Raw Materials,($/cubic meter),657.3,0.0,2.16,10.58,8.66,-0.63
2005-08-01,2005,8,"Sawnwood, Malaysian",Raw Materials,($/cubic meter),664.3,1.06,1.06,11.76,9.82,0.15
2005-09-01,2005,9,"Sawnwood, Malaysian",Raw Materials,($/cubic meter),671.3,1.05,2.13,12.94,23.86,0.08
2005-10-01,2005,10,"Sawnwood, Malaysian",Raw Materials,($/cubic meter),671.3,0.0,2.13,11.62,24.66,-0.74
2005-11-01,2005,11,"Sawnwood, Malaysian",Raw Materials,($/cubic meter),685.3,2.09,3.16,12.64,32.43,0.82
2005-12-01,2005,12,"Sawnwood, Malaysian",Raw Materials,($/cubic meter),685.3,0.0,2.09,12.64,34.24,-0.69
2006-01-01,2006,1,"Sawnwood, Malaysian",Raw Materials,($/cubic meter),713.3,4.09,6.26,12.08,43.67,2.12
2006-02-01,2006,2,"Sawnwood, Malaysian",Raw Materials,($/cubic meter),713.3,0.0,4.09,12.08,42.66,-0.72
2006-03-01,2006,3,"Sawnwood, Malaysian",Raw Materials,($/cubic meter),713.3,0.0,4.09,10.26,42.66,-0.72
2006-04-01,2006,4,"Sawnwood, Malaysian",Raw Materials,($/cubic meter),720.3,0.98,0.98,11.95,44.06,0.12
2006-05-01,2006,5,"Sawnwood, Malaysian",Raw Materials,($/cubic meter),759.9,5.5,6.53,15.61,57.49,3.55
2006-06-01,2006,6,"Sawnwood, Malaysian",Raw Materials,($/cubic meter),749.3,-1.39,5.05,14.0,57.58,-1.45
2006-07-01,2006,7,"Sawnwood, Malaysian",Raw Materials,($/cubic meter),749.6,0.04,4.07,14.04,61.2,-0.55
2006-08-01,2006,8,"Sawnwood, Malaysian",Raw Materials,($/cubic meter),769.3,2.63,1.24,15.81,61.79,0.78
2006-09-01,2006,9,"Sawnwood, Malaysian",Raw Materials,($/cubic meter),766.7,-0.34,2.32,14.21,56.63,-0.8
2006-10-01,2006,10,"Sawnwood, Malaysian",Raw Materials,($/cubic meter),762.1,-0.6,1.67,13.53,65.14,-0.85
2006-11-01,2006,11,"Sawnwood, Malaysian",Raw Materials,($/cubic meter),777.0,1.96,1.0,13.38,68.36,0.42
2006-12-01,2006,12,"Sawnwood, Malaysian",Raw Materials,($/cubic meter),798.2,2.73,4.11,16.47,70.37,0.8
2007-01-01,2007,1,"Sawnwood, Malaysian",Raw Materials,($/cubic meter),796.4,-0.23,4.5,11.65,69.99,-0.73
2007-02-01,2007,2,"Sawnwood, Malaysian",Raw Materials,($/cubic meter),795.4,-0.13,2.37,11.51,63.66,-0.55
2007-03-01,2007,3,"Sawnwood, Malaysian",Raw Materials,($/cubic meter),791.5,-0.49,-0.84,10.96,62.86,-0.73
2007-04-01,2007,4,"Sawnwood, Malaysian",Raw Materials,($/cubic meter),808.8,2.19,1.56,12.29,60.64,0.66
2007-05-01,2007,5,"Sawnwood, Malaysian",Raw Materials,($/cubic meter),806.2,-0.32,1.36,6.09,60.12,-0.65
2007-06-01,2007,6,"Sawnwood, Malaysian",Raw Materials,($/cubic meter),807.1,0.11,1.97,7.71,53.88,-0.27
2007-07-01,2007,7,"Sawnwood, Malaysian",Raw Materials,($/cubic meter),826.4,2.39,2.18,10.25,52.47,1.34
2007-08-01,2007,8,"Sawnwood, Malaysian",Raw Materials,($/cubic meter),816.7,-1.17,1.3,6.16,46.0,-1.43
2007-09-01,2007,9,"Sawnwood, Malaysian",Raw Materials,($/cubic meter),819.6,0.36,1.55,6.9,44.7,-0.11
2007-10-01,2007,10,"Sawnwood, Malaysian",Raw Materials,($/cubic meter),813.0,-0.81,-1.62,6.68,43.54,-1.01
2007-11-01,2007,11,"Sawnwood, Malaysian",Raw Materials,($/cubic meter),806.3,-0.82,-1.27,3.77,45.96,-1.0
2007-12-01,2007,12,"Sawnwood, Malaysian",Raw Materials,($/cubic meter),788.3,-2.23,-3.82,-1.24,40.02,-1.89
2008-01-01,2008,1,"Sawnwood, Malaysian",Raw Materials,($/cubic meter),812.6,3.08,-0.05,2.03,47.1,2.44
2008-02-01,2008,2,"Sawnwood, Malaysian",Raw Materials,($/cubic meter),855.8,5.32,6.14,7.59,55.88,3.23
2008-03-01,2008,3,"Sawnwood, Malaysian",Raw Materials,($/cubic meter),912.5,6.63,15.76,15.29,63.12,2.77
2008-04-01,2008,4,"Sawnwood, Malaysian",Raw Materials,($/cubic meter),941.0,3.12,15.8,16.35,68.22,0.69
2008-05-01,2008,5,"Sawnwood, Malaysian",Raw Materials,($/cubic meter),933.6,-0.79,9.09,15.8,69.01,-0.75
2008-06-01,2008,6,"Sawnwood, Malaysian",Raw Materials,($/cubic meter),932.9,-0.07,2.24,15.59,68.88,-0.48
2008-07-01,2008,7,"Sawnwood, Malaysian",Raw Materials,($/cubic meter),932.8,-0.01,-0.87,12.88,68.86,-0.45
2008-08-01,2008,8,"Sawnwood, Malaysian",Raw Materials,($/cubic meter),879.4,-5.72,-5.81,7.68,57.2,-2.41
2008-09-01,2008,9,"Sawnwood, Malaysian",Raw Materials,($/cubic meter),888.8,1.07,-4.73,8.44,62.93,0.12
2008-10-01,2008,10,"Sawnwood, Malaysian",Raw Materials,($/cubic meter),861.7,-3.05,-7.62,5.99,57.97,-1.12
2008-11-01,2008,11,"Sawnwood, Malaysian",Raw Materials,($/cubic meter),872.3,1.23,-0.81,8.19,59.91,0.19
2008-12-01,2008,12,"Sawnwood, Malaysian",Raw Materials,($/cubic meter),845.8,-3.04,-4.84,7.29,57.07,-1.07
2009-01-01,2009,1,"Sawnwood, Malaysian",Raw Materials,($/cubic meter),818.4,-3.24,-5.02,0.71,51.98,-1.09
2009-02-01,2009,2,"Sawnwood, Malaysian",Raw Materials,($/cubic meter),806.7,-1.43,-7.52,-5.74,46.04,-0.42
2009-03-01,2009,3,"Sawnwood, Malaysian",Raw Materials,($/cubic meter),815.9,1.14,-3.54,-10.59,47.7,0.48
2009-04-01,2009,4,"Sawnwood, Malaysian",Raw Materials,($/cubic meter),815.7,-0.02,-0.33,-13.32,47.66,0.35
2009-05-01,2009,5,"Sawnwood, Malaysian",Raw Materials,($/cubic meter),855.4,4.87,6.04,-8.38,45.62,2.77
2009-06-01,2009,6,"Sawnwood, Malaysian",Raw Materials,($/cubic meter),817.9,-4.38,0.25,-12.33,38.42,-1.32
2009-07-01,2009,7,"Sawnwood, Malaysian",Raw Materials,($/cubic meter),760.3,-7.04,-6.79,-18.49,27.91,-2.01
2009-08-01,2009,8,"Sawnwood, Malaysian",Raw Materials,($/cubic meter),769.7,1.24,-10.02,-12.47,29.49,0.84
2009-09-01,2009,9,"Sawnwood, Malaysian",Raw Materials,($/cubic meter),784.3,1.9,-4.11,-11.76,31.95,0.91
2009-10-01,2009,10,"Sawnwood, Malaysian",Raw Materials,($/cubic meter),805.1,2.65,5.89,-6.57,33.87,1.1
2009-11-01,2009,11,"Sawnwood, Malaysian",Raw Materials,($/cubic meter),821.1,1.99,6.68,-5.87,34.96,0.74
2009-12-01,2009,12,"Sawnwood, Malaysian",Raw Materials,($/cubic meter),796.0,-3.06,1.49,-5.89,30.83,-0.76
2010-01-01,2010,1,"Sawnwood, Malaysian",Raw Materials,($/cubic meter),792.4,-0.45,-1.58,-3.18,24.51,-0.0
2010-02-01,2010,2,"Sawnwood, Malaysian",Raw Materials,($/cubic meter),781.0,-1.44,-4.88,-3.19,22.72,-0.37
2010-03-01,2010,3,"Sawnwood, Malaysian",Raw Materials,($/cubic meter),790.1,1.17,-0.74,-3.16,22.14,0.42
2010-04-01,2010,4,"Sawnwood, Malaysian",Raw Materials,($/cubic meter),820.2,3.81,3.51,0.55,27.48,1.21
2010-05-01,2010,5,"Sawnwood, Malaysian",Raw Materials,($/cubic meter),836.5,1.99,7.11,-2.21,27.26,0.54
2010-06-01,2010,6,"Sawnwood, Malaysian",Raw Materials,($/cubic meter),841.1,0.55,6.45,2.84,27.96,0.21
2010-07-01,2010,7,"Sawnwood, Malaysian",Raw Materials,($/cubic meter),871.2,3.58,6.22,14.59,32.54,1.12
2010-08-01,2010,8,"Sawnwood, Malaysian",Raw Materials,($/cubic meter),892.2,2.41,6.66,15.92,34.31,0.62
2010-09-01,2010,9,"Sawnwood, Malaysian",Raw Materials,($/cubic meter),876.0,-1.82,4.15,11.69,30.49,-1.5
2010-10-01,2010,10,"Sawnwood, Malaysian",Raw Materials,($/cubic meter),880.2,0.48,1.03,9.33,31.12,-0.21
2010-11-01,2010,11,"Sawnwood, Malaysian",Raw Materials,($/cubic meter),901.5,2.42,1.04,9.79,31.55,0.77
2010-12-01,2010,12,"Sawnwood, Malaysian",Raw Materials,($/cubic meter),897.0,-0.5,2.4,12.69,30.89,-0.6
2011-01-01,2011,1,"Sawnwood, Malaysian",Raw Materials,($/cubic meter),907.8,1.2,3.14,14.56,27.27,0.1
2011-02-01,2011,2,"Sawnwood, Malaysian",Raw Materials,($/cubic meter),927.8,2.2,2.92,18.8,30.07,0.58
2011-03-01,2011,3,"Sawnwood, Malaysian",Raw Materials,($/cubic meter),929.2,0.15,3.59,17.61,30.27,-0.8
2011-04-01,2011,4,"Sawnwood, Malaysian",Raw Materials,($/cubic meter),946.2,1.83,4.23,15.36,31.36,0.27
2011-05-01,2011,5,"Sawnwood, Malaysian",Raw Materials,($/cubic meter),958.1,1.26,3.27,14.54,26.08,0.03
2011-06-01,2011,6,"Sawnwood, Malaysian",Raw Materials,($/cubic meter),973.2,1.58,4.74,15.71,29.88,0.29
2011-07-01,2011,7,"Sawnwood, Malaysian",Raw Materials,($/cubic meter),969.4,-0.39,2.45,11.27,29.32,-1.1
2011-08-01,2011,8,"Sawnwood, Malaysian",Raw Materials,($/cubic meter),973.6,0.43,1.62,9.12,26.56,-0.35
2011-09-01,2011,9,"Sawnwood, Malaysian",Raw Materials,($/cubic meter),952.7,-2.15,-2.11,8.76,24.26,-2.31
2011-10-01,2011,10,"Sawnwood, Malaysian",Raw Materials,($/cubic meter),954.2,0.16,-1.57,8.41,25.21,-0.42
2011-11-01,2011,11,"Sawnwood, Malaysian",Raw Materials,($/cubic meter),892.8,-6.43,-8.3,-0.97,14.9,-5.38
2011-12-01,2011,12,"Sawnwood, Malaysian",Raw Materials,($/cubic meter),888.4,-0.49,-6.75,-0.96,11.3,-0.19
2012-01-01,2012,1,"Sawnwood, Malaysian",Raw Materials,($/cubic meter),877.0,-1.28,-8.09,-3.39,10.12,-0.52
2012-02-01,2012,2,"Sawnwood, Malaysian",Raw Materials,($/cubic meter),885.1,0.92,-0.86,-4.6,11.28,0.51
2012-03-01,2012,3,"Sawnwood, Malaysian",Raw Materials,($/cubic meter),886.5,0.16,-0.21,-4.6,12.0,0.24
2012-04-01,2012,4,"Sawnwood, Malaysian",Raw Materials,($/cubic meter),896.4,1.12,2.21,-5.26,10.83,0.66
2012-05-01,2012,5,"Sawnwood, Malaysian",Raw Materials,($/cubic meter),892.2,-0.47,0.8,-6.88,10.67,-0.02
2012-06-01,2012,6,"Sawnwood, Malaysian",Raw Materials,($/cubic meter),862.8,-3.3,-2.67,-11.34,6.9,-1.29
2012-07-01,2012,7,"Sawnwood, Malaysian",Raw Materials,($/cubic meter),857.9,-0.57,-4.29,-11.5,3.81,0.19
2012-08-01,2012,8,"Sawnwood, Malaysian",Raw Materials,($/cubic meter),856.7,-0.14,-3.98,-12.01,4.9,0.4
2012-09-01,2012,9,"Sawnwood, Malaysian",Raw Materials,($/cubic meter),878.2,2.51,1.78,-7.82,7.15,1.69
2012-10-01,2012,10,"Sawnwood, Malaysian",Raw Materials,($/cubic meter),873.4,-0.55,1.81,-8.47,7.43,0.05
2012-11-01,2012,11,"Sawnwood, Malaysian",Raw Materials,($/cubic meter),870.0,-0.39,1.55,-2.55,7.9,0.14
2012-12-01,2012,12,"Sawnwood, Malaysian",Raw Materials,($/cubic meter),879.9,1.14,0.19,-0.96,11.62,0.96
2013-01-01,2013,1,"Sawnwood, Malaysian",Raw Materials,($/cubic meter),870.6,-1.06,-0.32,-0.73,7.14,-0.68
2013-02-01,2013,2,"Sawnwood, Malaysian",Raw Materials,($/cubic meter),842.9,-3.18,-3.11,-4.77,-1.51,-2.18
2013-03-01,2013,3,"Sawnwood, Malaysian",Raw Materials,($/cubic meter),822.0,-2.48,-6.58,-7.28,-9.92,-1.26
2013-04-01,2013,4,"Sawnwood, Malaysian",Raw Materials,($/cubic meter),834.4,1.51,-4.16,-6.92,-11.33,1.21
2013-05-01,2013,5,"Sawnwood, Malaysian",Raw Materials,($/cubic meter),833.2,-0.14,-1.15,-6.61,-10.75,0.24
2013-06-01,2013,6,"Sawnwood, Malaysian",Raw Materials,($/cubic meter),844.6,1.37,2.75,-2.11,-9.47,1.07
2013-07-01,2013,7,"Sawnwood, Malaysian",Raw Materials,($/cubic meter),827.7,-2.0,-0.8,-3.52,-11.27,-1.12
2013-08-01,2013,8,"Sawnwood, Malaysian",Raw Materials,($/cubic meter),845.0,2.09,1.42,-1.37,-3.91,1.38
2013-09-01,2013,9,"Sawnwood, Malaysian",Raw Materials,($/cubic meter),865.1,2.38,2.43,-1.49,-2.67,1.34
2013-10-01,2013,10,"Sawnwood, Malaysian",Raw Materials,($/cubic meter),877.0,1.38,5.96,0.41,1.78,0.81
2013-11-01,2013,11,"Sawnwood, Malaysian",Raw Materials,($/cubic meter),878.2,0.14,3.93,0.94,0.68,0.05
2013-12-01,2013,12,"Sawnwood, Malaysian",Raw Materials,($/cubic meter),892.8,1.66,3.2,1.47,5.56,0.84
2014-01-01,2014,1,"Sawnwood, Malaysian",Raw Materials,($/cubic meter),897.8,0.56,2.37,3.12,9.7,0.22
2014-02-01,2014,2,"Sawnwood, Malaysian",Raw Materials,($/cubic meter),902.2,0.49,2.73,7.04,11.84,0.12
2014-03-01,2014,3,"Sawnwood, Malaysian",Raw Materials,($/cubic meter),905.7,0.39,1.44,10.18,11.01,-0.13
2014-04-01,2014,4,"Sawnwood, Malaysian",Raw Materials,($/cubic meter),912.5,0.75,1.64,9.36,11.87,-0.06
2014-05-01,2014,5,"Sawnwood, Malaysian",Raw Materials,($/cubic meter),918.1,0.61,1.76,10.19,7.33,-0.12
2014-06-01,2014,6,"Sawnwood, Malaysian",Raw Materials,($/cubic meter),921.3,0.35,1.72,9.08,12.64,-0.41
2014-07-01,2014,7,"Sawnwood, Malaysian",Raw Materials,($/cubic meter),930.6,1.01,1.98,12.43,22.4,0.24
2014-08-01,2014,8,"Sawnwood, Malaysian",Raw Materials,($/cubic meter),910.3,-2.18,-0.85,7.73,18.27,-4.33
2014-09-01,2014,9,"Sawnwood, Malaysian",Raw Materials,($/cubic meter),889.0,-2.34,-3.51,2.76,13.35,-2.71
2014-10-01,2014,10,"Sawnwood, Malaysian",Raw Materials,($/cubic meter),875.8,-1.48,-5.89,-0.14,8.78,-1.38
2014-11-01,2014,11,"Sawnwood, Malaysian",Raw Materials,($/cubic meter),859.9,-1.82,-5.54,-2.08,4.73,-1.42
2014-12-01,2014,12,"Sawnwood, Malaysian",Raw Materials,($/cubic meter),852.2,-0.9,-4.14,-4.55,7.06,-0.53
2015-01-01,2015,1,"Sawnwood, Malaysian",Raw Materials,($/cubic meter),826.7,-2.99,-5.61,-7.92,4.33,-2.07
2015-02-01,2015,2,"Sawnwood, Malaysian",Raw Materials,($/cubic meter),835.2,1.03,-2.87,-7.43,6.94,1.19
2015-03-01,2015,3,"Sawnwood, Malaysian",Raw Materials,($/cubic meter),816.6,-2.23,-4.18,-9.84,3.35,-1.08
2015-04-01,2015,4,"Sawnwood, Malaysian",Raw Materials,($/cubic meter),814.2,-0.29,-1.51,-10.77,-0.73,0.37
2015-05-01,2015,5,"Sawnwood, Malaysian",Raw Materials,($/cubic meter),842.5,3.48,0.87,-8.23,0.72,3.08
2015-06-01,2015,6,"Sawnwood, Malaysian",Raw Materials,($/cubic meter),847.7,0.62,3.81,-7.99,0.78,0.7
2015-07-01,2015,7,"Sawnwood, Malaysian",Raw Materials,($/cubic meter),848.1,0.05,4.16,-8.87,-2.65,0.38
2015-08-01,2015,8,"Sawnwood, Malaysian",Raw Materials,($/cubic meter),850.0,0.22,0.89,-6.62,-4.73,0.53
2015-09-01,2015,9,"Sawnwood, Malaysian",Raw Materials,($/cubic meter),836.7,-1.56,-1.3,-5.88,-4.49,-0.56
2015-10-01,2015,10,"Sawnwood, Malaysian",Raw Materials,($/cubic meter),835.8,-0.11,-1.45,-4.57,-5.04,0.22
2015-11-01,2015,11,"Sawnwood, Malaysian",Raw Materials,($/cubic meter),828.6,-0.86,-2.52,-3.64,-8.09,-0.28
2015-12-01,2015,12,"Sawnwood, Malaysian",Raw Materials,($/cubic meter),816.8,-1.42,-2.38,-4.15,-8.94,-0.68
2016-01-01,2016,1,"Sawnwood, Malaysian",Raw Materials,($/cubic meter),785.6,-3.82,-6.01,-4.97,-13.46,-2.06
2016-02-01,2016,2,"Sawnwood, Malaysian",Raw Materials,($/cubic meter),780.1,-0.7,-5.85,-6.6,-15.92,-0.16
2016-03-01,2016,3,"Sawnwood, Malaysian",Raw Materials,($/cubic meter),775.0,-0.65,-5.12,-5.09,-16.59,-0.06
2016-04-01,2016,4,"Sawnwood, Malaysian",Raw Materials,($/cubic meter),780.0,0.65,-0.71,-4.2,-17.56,0.63
2016-05-01,2016,5,"Sawnwood, Malaysian",Raw Materials,($/cubic meter),792.0,1.54,1.53,-5.99,-17.34,1.1
2016-06-01,2016,6,"Sawnwood, Malaysian",Raw Materials,($/cubic meter),774.7,-2.18,-0.04,-8.61,-20.4,-1.22
2016-07-01,2016,7,"Sawnwood, Malaysian",Raw Materials,($/cubic meter),717.1,-7.44,-8.06,-15.45,-26.03,-4.76
2016-08-01,2016,8,"Sawnwood, Malaysian",Raw Materials,($/cubic meter),714.8,-0.32,-9.75,-15.91,-26.58,0.44
2016-09-01,2016,9,"Sawnwood, Malaysian",Raw Materials,($/cubic meter),716.6,0.25,-7.5,-14.35,-24.78,0.71
2016-10-01,2016,10,"Sawnwood, Malaysian",Raw Materials,($/cubic meter),672.9,-6.1,-6.16,-19.49,-29.48,-2.03
2016-11-01,2016,11,"Sawnwood, Malaysian",Raw Materials,($/cubic meter),677.3,0.65,-5.25,-18.26,-24.14,0.89
2016-12-01,2016,12,"Sawnwood, Malaysian",Raw Materials,($/cubic meter),680.3,0.44,-5.07,-16.71,-23.42,0.74
2017-01-01,2017,1,"Sawnwood, Malaysian",Raw Materials,($/cubic meter),671.8,-1.25,-0.16,-14.49,-23.4,0.08
2017-02-01,2017,2,"Sawnwood, Malaysian",Raw Materials,($/cubic meter),680.5,1.3,0.47,-12.77,-23.12,0.92
2017-03-01,2017,3,"Sawnwood, Malaysian",Raw Materials,($/cubic meter),672.5,-1.18,-1.15,-13.23,-24.14,-0.03
2017-04-01,2017,4,"Sawnwood, Malaysian",Raw Materials,($/cubic meter),688.4,2.36,2.47,-11.74,-23.2,1.22
2017-05-01,2017,5,"Sawnwood, Malaysian",Raw Materials,($/cubic meter),704.5,2.34,3.53,-11.05,-21.04,1.11
2017-06-01,2017,6,"Sawnwood, Malaysian",Raw Materials,($/cubic meter),697.4,-1.01,3.7,-9.98,-19.17,-0.03
2017-07-01,2017,7,"Sawnwood, Malaysian",Raw Materials,($/cubic meter),707.8,1.49,2.82,-1.3,-17.5,0.76
2017-08-01,2017,8,"Sawnwood, Malaysian",Raw Materials,($/cubic meter),706.6,-0.17,0.3,-1.15,-17.52,-0.04
2017-09-01,2017,9,"Sawnwood, Malaysian",Raw Materials,($/cubic meter),725.3,2.65,4.0,1.21,-17.41,1.2
2017-10-01,2017,10,"Sawnwood, Malaysian",Raw Materials,($/cubic meter),719.5,-0.8,1.65,6.93,-17.62,-0.39
2017-11-01,2017,11,"Sawnwood, Malaysian",Raw Materials,($/cubic meter),720.5,0.14,1.97,6.38,-17.18,-0.3
2017-12-01,2017,12,"Sawnwood, Malaysian",Raw Materials,($/cubic meter),730.5,1.39,0.72,7.38,-16.98,0.59
2018-01-01,2018,1,"Sawnwood, Malaysian",Raw Materials,($/cubic meter),751.9,2.93,4.5,11.92,-13.63,1.57
2018-02-01,2018,2,"Sawnwood, Malaysian",Raw Materials,($/cubic meter),762.2,1.37,5.79,12.01,-9.57,0.28
2018-03-01,2018,3,"Sawnwood, Malaysian",Raw Materials,($/cubic meter),761.4,-0.1,4.23,13.22,-7.37,-0.71
2018-04-01,2018,4,"Sawnwood, Malaysian",Raw Materials,($/cubic meter),767.0,0.74,2.01,11.42,-8.08,-0.23
2018-05-01,2018,5,"Sawnwood, Malaysian",Raw Materials,($/cubic meter),734.6,-4.22,-3.62,4.27,-11.83,-3.87
2018-06-01,2018,6,"Sawnwood, Malaysian",Raw Materials,($/cubic meter),724.3,-1.4,-4.87,3.86,-14.24,-0.93
2018-07-01,2018,7,"Sawnwood, Malaysian",Raw Materials,($/cubic meter),717.8,-0.9,-6.41,1.41,-13.28,-0.63
2018-08-01,2018,8,"Sawnwood, Malaysian",Raw Materials,($/cubic meter),701.8,-2.23,-4.47,-0.68,-16.95,-1.22
2018-09-01,2018,9,"Sawnwood, Malaysian",Raw Materials,($/cubic meter),711.4,1.37,-1.78,-1.92,-17.77,0.69
2018-10-01,2018,10,"Sawnwood, Malaysian",Raw Materials,($/cubic meter),709.2,-0.31,-1.2,-1.43,-19.13,-0.09
2018-11-01,2018,11,"Sawnwood, Malaysian",Raw Materials,($/cubic meter),702.8,-0.9,0.14,-2.46,-19.97,-0.42
2018-12-01,2018,12,"Sawnwood, Malaysian",Raw Materials,($/cubic meter),691.0,-1.68,-2.87,-5.41,-22.6,-0.77
2019-01-01,2019,1,"Sawnwood, Malaysian",Raw Materials,($/cubic meter),702.1,1.61,-1.0,-6.62,-21.8,1.08
2019-02-01,2019,2,"Sawnwood, Malaysian",Raw Materials,($/cubic meter),708.8,0.95,0.85,-7.01,-21.44,0.88
2019-03-01,2019,3,"Sawnwood, Malaysian",Raw Materials,($/cubic meter),718.1,1.31,3.92,-5.69,-20.71,1.13
2019-04-01,2019,4,"Sawnwood, Malaysian",Raw Materials,($/cubic meter),710.6,-1.04,1.21,-7.35,-22.13,-0.32
2019-05-01,2019,5,"Sawnwood, Malaysian",Raw Materials,($/cubic meter),700.1,-1.48,-1.23,-4.7,-23.74,-0.5
2019-06-01,2019,6,"Sawnwood, Malaysian",Raw Materials,($/cubic meter),691.0,-1.3,-3.77,-4.6,-25.0,-0.67
2019-07-01,2019,7,"Sawnwood, Malaysian",Raw Materials,($/cubic meter),679.9,-1.61,-4.32,-5.28,-26.94,-0.91
2019-08-01,2019,8,"Sawnwood, Malaysian",Raw Materials,($/cubic meter),662.0,-2.63,-5.44,-5.67,-27.28,-1.59
2019-09-01,2019,9,"Sawnwood, Malaysian",Raw Materials,($/cubic meter),672.9,1.65,-2.62,-5.41,-24.31,1.48
2019-10-01,2019,10,"Sawnwood, Malaysian",Raw Materials,($/cubic meter),688.6,2.33,1.28,-2.9,-21.37,1.9
2019-11-01,2019,11,"Sawnwood, Malaysian",Raw Materials,($/cubic meter),702.4,2.0,6.1,-0.06,-18.32,1.34
2019-12-01,2019,12,"Sawnwood, Malaysian",Raw Materials,($/cubic meter),714.2,1.68,6.14,3.36,-16.19,0.94
2020-01-01,2020,1,"Sawnwood, Malaysian",Raw Materials,($/cubic meter),712.6,-0.22,3.49,1.5,-13.8,-0.29
2020-02-01,2020,2,"Sawnwood, Malaysian",Raw Materials,($/cubic meter),706.4,-0.87,0.57,-0.34,-15.42,-0.59
2020-03-01,2020,3,"Sawnwood, Malaysian",Raw Materials,($/cubic meter),675.3,-4.4,-5.45,-5.96,-17.3,-2.57
2020-04-01,2020,4,"Sawnwood, Malaysian",Raw Materials,($/cubic meter),676.7,0.21,-5.04,-4.77,-16.89,0.34
2020-05-01,2020,5,"Sawnwood, Malaysian",Raw Materials,($/cubic meter),670.5,-0.92,-5.08,-4.23,-20.42,-0.26
2020-06-01,2020,6,"Sawnwood, Malaysian",Raw Materials,($/cubic meter),682.4,1.77,1.05,-1.24,-19.5,1.04
2020-07-01,2020,7,"Sawnwood, Malaysian",Raw Materials,($/cubic meter),690.2,1.14,1.99,1.51,-18.62,0.58
2020-08-01,2020,8,"Sawnwood, Malaysian",Raw Materials,($/cubic meter),715.6,3.68,6.73,8.1,-15.81,1.71
2020-09-01,2020,9,"Sawnwood, Malaysian",Raw Materials,($/cubic meter),707.4,-1.15,3.66,5.13,-15.45,-0.86
2020-10-01,2020,10,"Sawnwood, Malaysian",Raw Materials,($/cubic meter),707.1,-0.04,2.45,2.69,-15.4,-0.22
2020-11-01,2020,11,"Sawnwood, Malaysian",Raw Materials,($/cubic meter),719.9,1.81,0.6,2.49,-13.12,0.76
2020-12-01,2020,12,"Sawnwood, Malaysian",Raw Materials,($/cubic meter),732.4,1.74,3.53,2.55,-10.33,0.74
2021-01-01,2021,1,"Sawnwood, Malaysian",Raw Materials,($/cubic meter),743.6,1.53,5.16,4.35,-5.35,0.64
2021-02-01,2021,2,"Sawnwood, Malaysian",Raw Materials,($/cubic meter),755.3,1.57,4.92,6.92,-3.18,0.58
2021-03-01,2021,3,"Sawnwood, Malaysian",Raw Materials,($/cubic meter),755.5,0.03,3.15,11.88,-2.52,-0.27
2021-04-01,2021,4,"Sawnwood, Malaysian",Raw Materials,($/cubic meter),754.4,-0.15,1.45,11.48,-3.28,-0.8
2021-05-01,2021,5,"Sawnwood, Malaysian",Raw Materials,($/cubic meter),767.3,1.71,1.59,14.44,-3.12,0.57
2021-06-01,2021,6,"Sawnwood, Malaysian",Raw Materials,($/cubic meter),764.7,-0.34,1.22,12.06,-1.29,-1.16
2021-07-01,2021,7,"Sawnwood, Malaysian",Raw Materials,($/cubic meter),752.4,-1.61,-0.27,9.01,4.92,-1.94
2021-08-01,2021,8,"Sawnwood, Malaysian",Raw Materials,($/cubic meter),752.1,-0.04,-1.98,5.1,5.22,-0.51
2021-09-01,2021,9,"Sawnwood, Malaysian",Raw Materials,($/cubic meter),748.7,-0.45,-2.09,5.84,4.48,-0.73
2021-10-01,2021,10,"Sawnwood, Malaysian",Raw Materials,($/cubic meter),746.4,-0.31,-0.8,5.56,10.92,-0.69
2021-11-01,2021,11,"Sawnwood, Malaysian",Raw Materials,($/cubic meter),733.5,-1.73,-2.47,1.89,8.3,-1.9
2021-12-01,2021,12,"Sawnwood, Malaysian",Raw Materials,($/cubic meter),725.6,-1.08,-3.09,-0.93,6.66,-1.01
2022-01-01,2022,1,"Sawnwood, Malaysian",Raw Materials,($/cubic meter),739.0,1.85,-0.99,-0.62,10.0,1.65
2022-02-01,2022,2,"Sawnwood, Malaysian",Raw Materials,($/cubic meter),738.0,-0.14,0.61,-2.29,8.45,-0.07
2022-03-01,2022,3,"Sawnwood, Malaysian",Raw Materials,($/cubic meter),718.0,-2.71,-1.05,-4.96,6.77,-2.31
2022-04-01,2022,4,"Sawnwood, Malaysian",Raw Materials,($/cubic meter),705.8,-1.7,-4.49,-6.44,2.53,-0.98
2022-05-01,2022,5,"Sawnwood, Malaysian",Raw Materials,($/cubic meter),678.8,-3.83,-8.02,-11.53,-3.65,-2.42
2022-06-01,2022,6,"Sawnwood, Malaysian",Raw Materials,($/cubic meter),671.8,-1.03,-6.43,-12.15,-3.67,-0.02
2022-07-01,2022,7,"Sawnwood, Malaysian",Raw Materials,($/cubic meter),653.6,-2.71,-7.4,-13.13,-7.66,-1.14
2022-08-01,2022,8,"Sawnwood, Malaysian",Raw Materials,($/cubic meter),653.4,-0.03,-3.74,-13.12,-7.53,0.74
2022-09-01,2022,9,"Sawnwood, Malaysian",Raw Materials,($/cubic meter),617.6,-5.48,-8.07,-17.51,-14.85,-2.86
2022-10-01,2022,10,"Sawnwood, Malaysian",Raw Materials,($/cubic meter),614.9,-0.44,-5.92,-17.62,-14.54,0.59
2022-11-01,2022,11,"Sawnwood, Malaysian",Raw Materials,($/cubic meter),639.7,4.03,-2.1,-12.79,-11.21,2.91
2022-12-01,2022,12,"Sawnwood, Malaysian",Raw Materials,($/cubic meter),663.6,3.74,7.45,-8.54,-9.16,1.92
2023-01-01,2023,1,"Sawnwood, Malaysian",Raw Materials,($/cubic meter),665.7,0.32,8.26,-9.92,-11.46,0.35
2023-02-01,2023,2,"Sawnwood, Malaysian",Raw Materials,($/cubic meter),659.2,-0.98,3.05,-10.68,-13.51,-0.05
2023-03-01,2023,3,"Sawnwood, Malaysian",Raw Materials,($/cubic meter),661.4,0.33,-0.33,-7.88,-13.13,0.44
2023-04-01,2023,4,"Sawnwood, Malaysian",Raw Materials,($/cubic meter),678.4,2.57,1.91,-3.88,-11.55,1.17
2023-05-01,2023,5,"Sawnwood, Malaysian",Raw Materials,($/cubic meter),680.4,0.29,3.22,0.24,-7.38,0.2
2023-06-01,2023,6,"Sawnwood, Malaysian",Raw Materials,($/cubic meter),688.0,1.12,4.02,2.41,-5.01,0.4
2023-07-01,2023,7,"Sawnwood, Malaysian",Raw Materials,($/cubic meter),702.1,2.05,3.49,7.42,-2.19,0.69
2023-08-01,2023,8,"Sawnwood, Malaysian",Raw Materials,($/cubic meter),692.4,-1.38,1.76,5.97,-1.34,-0.8
2023-09-01,2023,9,"Sawnwood, Malaysian",Raw Materials,($/cubic meter),675.9,-2.38,-1.76,9.44,-4.99,-1.13
2023-10-01,2023,10,"Sawnwood, Malaysian",Raw Materials,($/cubic meter),662.9,-1.92,-5.58,7.81,-6.53,-1.35
2023-11-01,2023,11,"Sawnwood, Malaysian",Raw Materials,($/cubic meter),676.6,2.07,-2.28,5.77,-3.73,0.67
2023-12-01,2023,12,"Sawnwood, Malaysian",Raw Materials,($/cubic meter),690.0,1.98,2.09,3.98,-0.14,0.78
2024-01-01,2024,1,"Sawnwood, Malaysian",Raw Materials,($/cubic meter),692.3,0.33,4.44,4.0,-1.4,-0.0
2024-02-01,2024,2,"Sawnwood, Malaysian",Raw Materials,($/cubic meter),688.4,-0.56,1.74,4.43,-2.88,-0.53
2024-03-01,2024,3,"Sawnwood, Malaysian",Raw Materials,($/cubic meter),692.7,0.62,0.39,4.73,-3.54,0.15
2024-04-01,2024,4,"Sawnwood, Malaysian",Raw Materials,($/cubic meter),682.7,-1.44,-1.39,0.63,-3.93,-1.11
2024-05-01,2024,5,"Sawnwood, Malaysian",Raw Materials,($/cubic meter),688.4,0.83,0.0,1.18,-1.67,0.48
2024-06-01,2024,6,"Sawnwood, Malaysian",Raw Materials,($/cubic meter),692.8,0.64,0.01,0.7,0.26,0.33
2024-07-01,2024,7,"Sawnwood, Malaysian",Raw Materials,($/cubic meter),700.8,1.15,2.65,-0.19,3.07,0.68
2024-08-01,2024,8,"Sawnwood, Malaysian",Raw Materials,($/cubic meter),704.8,0.57,2.38,1.79,6.47,0.38
2024-09-01,2024,9,"Sawnwood, Malaysian",Raw Materials,($/cubic meter),720.2,2.19,3.95,6.55,7.03,1.4
2024-10-01,2024,10,"Sawnwood, Malaysian",Raw Materials,($/cubic meter),711.7,-1.18,1.56,7.36,3.35,-1.31
2024-11-01,2024,11,"Sawnwood, Malaysian",Raw Materials,($/cubic meter),694.5,-2.42,-1.46,2.65,-1.12,-2.52
2024-12-01,2024,12,"Sawnwood, Malaysian",Raw Materials,($/cubic meter),689.2,-0.76,-4.3,-0.12,-3.5,-0.72
2025-01-01,2025,1,"Sawnwood, Malaysian",Raw Materials,($/cubic meter),673.2,-2.32,-5.41,-2.76,-5.53,-1.8
2025-02-01,2025,2,"Sawnwood, Malaysian",Raw Materials,($/cubic meter),683.1,1.47,-1.64,-0.77,-3.3,1.17
2025-03-01,2025,3,"Sawnwood, Malaysian",Raw Materials,($/cubic meter),703.6,3.0,2.09,1.57,4.19,2.01
2025-04-01,2025,4,"Sawnwood, Malaysian",Raw Materials,($/cubic meter),716.8,1.88,6.48,4.99,5.93,0.99
2025-05-01,2025,5,"Sawnwood, Malaysian",Raw Materials,($/cubic meter),728.4,1.62,6.63,5.81,8.64,0.69
2025-06-01,2025,6,"Sawnwood, Malaysian",Raw Materials,($/cubic meter),738.6,1.4,4.97,6.61,8.24,0.52
2025-07-01,2025,7,"Sawnwood, Malaysian",Raw Materials,($/cubic meter),736.2,-0.32,2.71,5.05,6.66,-0.49
2025-08-01,2025,8,"Sawnwood, Malaysian",Raw Materials,($/cubic meter),732.6,-0.49,0.58,3.94,2.38,-0.51
2025-09-01,2025,9,"Sawnwood, Malaysian",Raw Materials,($/cubic meter),736.0,0.46,-0.35,2.19,4.04,0.07
2025-10-01,2025,10,"Sawnwood, Malaysian",Raw Materials,($/cubic meter),727.7,-1.13,-1.15,2.25,2.91,-0.77
2025-11-01,2025,11,"Sawnwood, Malaysian",Raw Materials,($/cubic meter),715.3,-1.7,-2.36,2.99,-0.64,-1.11
2025-12-01,2025,12,"Sawnwood, Malaysian",Raw Materials,($/cubic meter),729.6,2.0,-0.87,5.86,-0.38,1.07
2026-01-01,2026,1,"Sawnwood, Malaysian",Raw Materials,($/cubic meter),736.9,1.0,1.26,9.46,-0.9,0.31
2026-02-01,2026,2,"Sawnwood, Malaysian",Raw Materials,($/cubic meter),740.6,0.5,3.54,8.42,-1.95,-0.19
2026-03-01,2026,3,"Sawnwood, Malaysian",Raw Materials,($/cubic meter),726.9,-1.85,-0.37,3.31,-3.79,-1.81
2026-04-01,2026,4,"Sawnwood, Malaysian",Raw Materials,($/cubic meter),732.5,0.77,-0.6,2.19,-2.9,0.36
2026-05-01,2026,5,"Sawnwood, Malaysian",Raw Materials,($/cubic meter),735.3,0.38,-0.72,0.95,-4.17,0.15
2026-06-01,2026,6,"Sawnwood, Malaysian",Raw Materials,($/cubic meter),726.8,-1.16,-0.01,-1.6,-4.96,-1.03
2026-07-01,2026,7,"Sawnwood, Malaysian",Raw Materials,($/cubic meter),728.9,0.29,-0.49,-0.99,-3.12,0.35
2026-08-01,2026,8,"Sawnwood, Malaysian",Raw Materials,($/cubic meter),737.9,1.23,0.35,0.72,-1.89,1.11
2026-09-01,2026,9,"Sawnwood, Malaysian",Raw Materials,($/cubic meter),731.3,-0.89,0.62,-0.64,-2.32,-0.78
1960-01-01,1960,1,"Shrimps, Mexican",Other Food,($/kg),1.43,,,,,
1960-02-01,1960,2,"Shrimps, Mexican",Other Food,($/kg),1.5,4.9,,,,
1960-03-01,1960,3,"Shrimps, Mexican",Other Food,($/kg),1.5,0.0,,,,
1960-04-01,1960,4,"Shrimps, Mexican",Other Food,($/kg),1.68,12.0,17.48,,,
1960-05-01,1960,5,"Shrimps, Mexican",Other Food,($/kg),1.76,4.76,17.33,,,
1960-06-01,1960,6,"Shrimps, Mexican",Other Food,($/kg),1.76,0.0,17.33,,,
1960-07-01,1960,7,"Shrimps, Mexican",Other Food,($/kg),1.74,-1.14,3.57,,,
1960-08-01,1960,8,"Shrimps, Mexican",Other Food,($/kg),1.59,-8.62,-9.66,,,-2.44
1960-09-01,1960,9,"Shrimps, Mexican",Other Food,($/kg),1.52,-4.4,-13.64,,,-0.95
1960-10-01,1960,10,"Shrimps, Mexican",Other Food,($/kg),1.63,7.24,-6.32,,,1.0
1960-11-01,1960,11,"Shrimps, Mexican",Other Food,($/kg),1.63,0.0,2.52,,,-0.26
1960-12-01,1960,12,"Shrimps, Mexican",Other Food,($/kg),1.52,-6.75,0.0,,,-1.39
1961-01-01,1961,1,"Shrimps, Mexican",Other Food,($/kg),1.52,0.0,-6.75,6.29,,-0.12
1961-02-01,1961,2,"Shrimps, Mexican",Other Food,($/kg),1.54,1.32,-5.52,2.67,,0.11
1961-03-01,1961,3,"Shrimps, Mexican",Other Food,($/kg),1.52,-1.3,0.0,1.33,,-0.29
1961-04-01,1961,4,"Shrimps, Mexican",Other Food,($/kg),1.52,0.0,0.0,-9.52,,-0.05
1961-05-01,1961,5,"Shrimps, Mexican",Other Food,($/kg),1.5,-1.32,-2.6,-14.77,,-0.13
1961-06-01,1961,6,"Shrimps, Mexican",Other Food,($/kg),1.52,1.33,0.0,-13.64,,0.64
1961-07-01,1961,7,"Shrimps, Mexican",Other Food,($/kg),1.57,3.29,3.29,-9.77,,1.08
1961-08-01,1961,8,"Shrimps, Mexican",Other Food,($/kg),1.81,15.29,20.67,13.84,,3.74
1961-09-01,1961,9,"Shrimps, Mexican",Other Food,($/kg),1.9,4.97,25.0,25.0,,0.66
1961-10-01,1961,10,"Shrimps, Mexican",Other Food,($/kg),1.94,2.11,23.57,19.02,,0.02
1961-11-01,1961,11,"Shrimps, Mexican",Other Food,($/kg),1.96,1.03,8.29,20.25,,-0.11
1961-12-01,1961,12,"Shrimps, Mexican",Other Food,($/kg),2.03,3.57,6.84,33.55,,0.37
1962-01-01,1962,1,"Shrimps, Mexican",Other Food,($/kg),2.03,0.0,4.64,33.55,,-0.57
1962-02-01,1962,2,"Shrimps, Mexican",Other Food,($/kg),2.07,1.97,5.61,34.42,,-0.12
1962-03-01,1962,3,"Shrimps, Mexican",Other Food,($/kg),2.07,0.0,1.97,36.18,,-0.58
1962-04-01,1962,4,"Shrimps, Mexican",Other Food,($/kg),2.09,0.97,2.96,37.5,,-0.4
1962-05-01,1962,5,"Shrimps, Mexican",Other Food,($/kg),2.16,3.35,4.35,44.0,,0.14
1962-06-01,1962,6,"Shrimps, Mexican",Other Food,($/kg),2.27,5.09,9.66,49.34,,0.47
1962-07-01,1962,7,"Shrimps, Mexican",Other Food,($/kg),2.27,0.0,8.61,44.59,,-0.85
1962-08-01,1962,8,"Shrimps, Mexican",Other Food,($/kg),2.38,4.85,10.19,31.49,,0.39
1962-09-01,1962,9,"Shrimps, Mexican",Other Food,($/kg),2.54,6.72,11.89,33.68,,2.21
1962-10-01,1962,10,"Shrimps, Mexican",Other Food,($/kg),2.49,-1.97,9.69,28.35,,-1.97
1962-11-01,1962,11,"Shrimps, Mexican",Other Food,($/kg),2.38,-4.42,0.0,21.43,,-2.53
1962-12-01,1962,12,"Shrimps, Mexican",Other Food,($/kg),2.27,-4.62,-10.63,11.82,,-1.97
1963-01-01,1963,1,"Shrimps, Mexican",Other Food,($/kg),2.29,0.88,-8.03,12.81,,-0.03
1963-02-01,1963,2,"Shrimps, Mexican",Other Food,($/kg),2.29,0.0,-3.78,10.63,,-0.3
1963-03-01,1963,3,"Shrimps, Mexican",Other Food,($/kg),2.29,0.0,0.88,10.63,,-0.25
1963-04-01,1963,4,"Shrimps, Mexican",Other Food,($/kg),2.29,0.0,0.0,9.57,,-0.25
1963-05-01,1963,5,"Shrimps, Mexican",Other Food,($/kg),2.23,-2.62,-2.62,3.24,,-0.95
1963-06-01,1963,6,"Shrimps, Mexican",Other Food,($/kg),2.2,-1.35,-3.93,-3.08,,-0.46
1963-07-01,1963,7,"Shrimps, Mexican",Other Food,($/kg),2.03,-7.73,-11.35,-10.57,,-2.25
1963-08-01,1963,8,"Shrimps, Mexican",Other Food,($/kg),1.72,-15.27,-22.87,-27.73,,-3.63
1963-09-01,1963,9,"Shrimps, Mexican",Other Food,($/kg),1.68,-2.33,-23.64,-33.86,,0.04
1963-10-01,1963,10,"Shrimps, Mexican",Other Food,($/kg),1.59,-5.36,-21.67,-36.14,,-0.46
1963-11-01,1963,11,"Shrimps, Mexican",Other Food,($/kg),1.65,3.77,-4.07,-30.67,,1.62
1963-12-01,1963,12,"Shrimps, Mexican",Other Food,($/kg),1.7,3.03,1.19,-25.11,,1.19
1964-01-01,1964,1,"Shrimps, Mexican",Other Food,($/kg),1.76,3.53,10.69,-23.14,,1.11
1964-02-01,1964,2,"Shrimps, Mexican",Other Food,($/kg),1.7,-3.41,3.03,-25.76,,-0.26
1964-03-01,1964,3,"Shrimps, Mexican",Other Food,($/kg),1.63,-4.12,-4.12,-28.82,,-0.34
1964-04-01,1964,4,"Shrimps, Mexican",Other Food,($/kg),1.61,-1.23,-8.52,-29.69,,0.27
1964-05-01,1964,5,"Shrimps, Mexican",Other Food,($/kg),1.63,1.24,-4.12,-26.91,,0.75
1964-06-01,1964,6,"Shrimps, Mexican",Other Food,($/kg),1.81,11.04,11.04,-17.73,,2.48
1964-07-01,1964,7,"Shrimps, Mexican",Other Food,($/kg),1.83,1.1,13.66,-9.85,,0.37
1964-08-01,1964,8,"Shrimps, Mexican",Other Food,($/kg),1.76,-3.83,7.98,2.33,,-0.49
1964-09-01,1964,9,"Shrimps, Mexican",Other Food,($/kg),1.9,7.95,4.97,13.1,,1.65
1964-10-01,1964,10,"Shrimps, Mexican",Other Food,($/kg),1.92,1.05,4.92,20.75,,-0.02
1964-11-01,1964,11,"Shrimps, Mexican",Other Food,($/kg),2.09,8.85,18.75,26.67,,1.55
1964-12-01,1964,12,"Shrimps, Mexican",Other Food,($/kg),2.12,1.44,11.58,24.71,,-0.13
1965-01-01,1965,1,"Shrimps, Mexican",Other Food,($/kg),2.09,-1.42,8.85,18.75,46.15,-0.67
1965-02-01,1965,2,"Shrimps, Mexican",Other Food,($/kg),2.01,-3.83,-3.83,18.24,34.0,-1.05
1965-03-01,1965,3,"Shrimps, Mexican",Other Food,($/kg),2.03,1.0,-4.25,24.54,35.33,-0.1
1965-04-01,1965,4,"Shrimps, Mexican",Other Food,($/kg),2.07,1.97,-0.96,28.57,23.21,0.0
1965-05-01,1965,5,"Shrimps, Mexican",Other Food,($/kg),2.05,-0.97,1.99,25.77,16.48,-0.67
1965-06-01,1965,6,"Shrimps, Mexican",Other Food,($/kg),1.96,-4.39,-3.45,8.29,11.36,-1.33
1965-07-01,1965,7,"Shrimps, Mexican",Other Food,($/kg),1.94,-1.02,-6.28,6.01,11.49,-0.42
1965-08-01,1965,8,"Shrimps, Mexican",Other Food,($/kg),1.87,-3.61,-8.78,6.25,17.61,-0.98
1965-09-01,1965,9,"Shrimps, Mexican",Other Food,($/kg),1.9,1.6,-3.06,0.0,25.0,0.24
1965-10-01,1965,10,"Shrimps, Mexican",Other Food,($/kg),1.92,1.05,-1.03,0.0,17.79,0.28
1965-11-01,1965,11,"Shrimps, Mexican",Other Food,($/kg),2.01,4.69,7.49,-3.83,23.31,1.3
1965-12-01,1965,12,"Shrimps, Mexican",Other Food,($/kg),2.01,0.0,5.79,-5.19,32.24,0.11
1966-01-01,1966,1,"Shrimps, Mexican",Other Food,($/kg),2.31,14.93,20.31,10.53,51.97,5.71
1966-02-01,1966,2,"Shrimps, Mexican",Other Food,($/kg),2.31,0.0,14.93,14.93,50.0,-0.18
1966-03-01,1966,3,"Shrimps, Mexican",Other Food,($/kg),2.31,0.0,14.93,13.79,51.97,-0.26
1966-04-01,1966,4,"Shrimps, Mexican",Other Food,($/kg),2.31,0.0,0.0,11.59,51.97,-0.24
1966-05-01,1966,5,"Shrimps, Mexican",Other Food,($/kg),2.31,0.0,0.0,12.68,54.0,-0.21
1966-06-01,1966,6,"Shrimps, Mexican",Other Food,($/kg),2.31,0.0,0.0,17.86,51.97,-0.22
1966-07-01,1966,7,"Shrimps, Mexican",Other Food,($/kg),2.31,0.0,0.0,19.07,47.13,-0.32
1966-08-01,1966,8,"Shrimps, Mexican",Other Food,($/kg),2.31,0.0,0.0,23.53,27.62,-0.34
1966-09-01,1966,9,"Shrimps, Mexican",Other Food,($/kg),2.31,0.0,0.0,21.58,21.58,-0.43
1966-10-01,1966,10,"Shrimps, Mexican",Other Food,($/kg),2.31,0.0,0.0,20.31,19.07,-0.39
1966-11-01,1966,11,"Shrimps, Mexican",Other Food,($/kg),2.31,0.0,0.0,14.93,17.86,-0.37
1966-12-01,1966,12,"Shrimps, Mexican",Other Food,($/kg),2.31,0.0,0.0,14.93,13.79,-0.29
1967-01-01,1967,1,"Shrimps, Mexican",Other Food,($/kg),2.29,-0.87,-0.87,-0.87,12.81,-0.49
1967-02-01,1967,2,"Shrimps, Mexican",Other Food,($/kg),2.29,0.0,-0.87,-0.87,10.63,0.29
1967-03-01,1967,3,"Shrimps, Mexican",Other Food,($/kg),2.29,0.0,-0.87,-0.87,10.63,0.29
1967-04-01,1967,4,"Shrimps, Mexican",Other Food,($/kg),2.29,0.0,0.0,-0.87,9.57,0.29
1967-05-01,1967,5,"Shrimps, Mexican",Other Food,($/kg),2.29,0.0,0.0,-0.87,6.02,0.29
1967-06-01,1967,6,"Shrimps, Mexican",Other Food,($/kg),2.29,0.0,0.0,-0.87,0.88,0.29
1967-07-01,1967,7,"Shrimps, Mexican",Other Food,($/kg),2.29,0.0,0.0,-0.87,0.88,0.29
1967-08-01,1967,8,"Shrimps, Mexican",Other Food,($/kg),2.29,0.0,0.0,-0.87,-3.78,0.29
1967-09-01,1967,9,"Shrimps, Mexican",Other Food,($/kg),2.29,0.0,0.0,-0.87,-9.84,0.29
1967-10-01,1967,10,"Shrimps, Mexican",Other Food,($/kg),2.29,0.0,0.0,-0.87,-8.03,0.29
1967-11-01,1967,11,"Shrimps, Mexican",Other Food,($/kg),2.29,0.0,0.0,-0.87,-3.78,0.29
1967-12-01,1967,12,"Shrimps, Mexican",Other Food,($/kg),2.29,0.0,0.0,-0.87,0.88,0.29
1968-01-01,1968,1,"Shrimps, Mexican",Other Food,($/kg),2.58,12.66,12.66,12.66,12.66,50.96
1968-02-01,1968,2,"Shrimps, Mexican",Other Food,($/kg),2.58,0.0,12.66,12.66,12.66,-0.29
1968-03-01,1968,3,"Shrimps, Mexican",Other Food,($/kg),2.58,0.0,12.66,12.66,12.66,-0.29
1968-04-01,1968,4,"Shrimps, Mexican",Other Food,($/kg),2.58,0.0,0.0,12.66,12.66,-0.29
1968-05-01,1968,5,"Shrimps, Mexican",Other Food,($/kg),2.58,0.0,0.0,12.66,15.7,-0.29
1968-06-01,1968,6,"Shrimps, Mexican",Other Food,($/kg),2.58,0.0,0.0,12.66,17.27,-0.29
1968-07-01,1968,7,"Shrimps, Mexican",Other Food,($/kg),2.58,0.0,0.0,12.66,27.09,-0.29
1968-08-01,1968,8,"Shrimps, Mexican",Other Food,($/kg),2.58,0.0,0.0,12.66,50.0,-0.29
1968-09-01,1968,9,"Shrimps, Mexican",Other Food,($/kg),2.58,0.0,0.0,12.66,53.57,-0.29
1968-10-01,1968,10,"Shrimps, Mexican",Other Food,($/kg),2.58,0.0,0.0,12.66,62.26,-0.29
1968-11-01,1968,11,"Shrimps, Mexican",Other Food,($/kg),2.58,0.0,0.0,12.66,56.36,-0.29
1968-12-01,1968,12,"Shrimps, Mexican",Other Food,($/kg),2.58,0.0,0.0,12.66,51.76,-0.29
1969-01-01,1969,1,"Shrimps, Mexican",Other Food,($/kg),2.87,11.24,11.24,11.24,63.07,2.79
1969-02-01,1969,2,"Shrimps, Mexican",Other Food,($/kg),2.87,0.0,11.24,11.24,68.82,-0.29
1969-03-01,1969,3,"Shrimps, Mexican",Other Food,($/kg),2.87,0.0,11.24,11.24,76.07,-0.29
1969-04-01,1969,4,"Shrimps, Mexican",Other Food,($/kg),2.87,0.0,0.0,11.24,78.26,-0.29
1969-05-01,1969,5,"Shrimps, Mexican",Other Food,($/kg),2.87,0.0,0.0,11.24,76.07,-0.29
1969-06-01,1969,6,"Shrimps, Mexican",Other Food,($/kg),2.87,0.0,0.0,11.24,58.56,-0.29
1969-07-01,1969,7,"Shrimps, Mexican",Other Food,($/kg),2.87,0.0,0.0,11.24,56.83,-0.29
1969-08-01,1969,8,"Shrimps, Mexican",Other Food,($/kg),2.87,0.0,0.0,11.24,63.07,-0.29
1969-09-01,1969,9,"Shrimps, Mexican",Other Food,($/kg),2.87,0.0,0.0,11.24,51.05,-0.29
1969-10-01,1969,10,"Shrimps, Mexican",Other Food,($/kg),2.87,0.0,0.0,11.24,49.48,-0.29
1969-11-01,1969,11,"Shrimps, Mexican",Other Food,($/kg),2.87,0.0,0.0,11.24,37.32,-0.29
1969-12-01,1969,12,"Shrimps, Mexican",Other Food,($/kg),2.87,0.0,0.0,11.24,35.38,-0.29
1970-01-01,1970,1,"Shrimps, Mexican",Other Food,($/kg),2.73,-4.88,-4.88,-4.88,30.62,-1.79
1970-02-01,1970,2,"Shrimps, Mexican",Other Food,($/kg),2.73,0.0,-4.88,-4.88,35.82,0.29
1970-03-01,1970,3,"Shrimps, Mexican",Other Food,($/kg),2.73,0.0,-4.88,-4.88,34.48,0.29
1970-04-01,1970,4,"Shrimps, Mexican",Other Food,($/kg),2.73,0.0,0.0,-4.88,31.88,0.29
1970-05-01,1970,5,"Shrimps, Mexican",Other Food,($/kg),2.73,0.0,0.0,-4.88,33.17,0.29
1970-06-01,1970,6,"Shrimps, Mexican",Other Food,($/kg),2.73,0.0,0.0,-4.88,39.29,0.29
1970-07-01,1970,7,"Shrimps, Mexican",Other Food,($/kg),2.73,0.0,0.0,-4.88,40.72,0.29
1970-08-01,1970,8,"Shrimps, Mexican",Other Food,($/kg),2.73,0.0,0.0,-4.88,45.99,0.29
1970-09-01,1970,9,"Shrimps, Mexican",Other Food,($/kg),2.73,0.0,0.0,-4.88,43.68,0.29
1970-10-01,1970,10,"Shrimps, Mexican",Other Food,($/kg),2.73,0.0,0.0,-4.88,42.19,0.29
1970-11-01,1970,11,"Shrimps, Mexican",Other Food,($/kg),2.73,0.0,0.0,-4.88,35.82,0.29
1970-12-01,1970,12,"Shrimps, Mexican",Other Food,($/kg),2.73,0.0,0.0,-4.88,35.82,0.29
1971-01-01,1971,1,"Shrimps, Mexican",Other Food,($/kg),3.31,21.25,21.25,21.25,43.29,15.38
1971-02-01,1971,2,"Shrimps, Mexican",Other Food,($/kg),3.31,0.0,21.25,21.25,43.29,-0.29
1971-03-01,1971,3,"Shrimps, Mexican",Other Food,($/kg),3.31,0.0,21.25,21.25,43.29,-0.29
1971-04-01,1971,4,"Shrimps, Mexican",Other Food,($/kg),3.31,0.0,0.0,21.25,43.29,-0.29
1971-05-01,1971,5,"Shrimps, Mexican",Other Food,($/kg),3.31,0.0,0.0,21.25,43.29,-0.29
1971-06-01,1971,6,"Shrimps, Mexican",Other Food,($/kg),3.31,0.0,0.0,21.25,43.29,-0.29
1971-07-01,1971,7,"Shrimps, Mexican",Other Food,($/kg),3.31,0.0,0.0,21.25,43.29,-0.29
1971-08-01,1971,8,"Shrimps, Mexican",Other Food,($/kg),3.31,0.0,0.0,21.25,43.29,-0.29
1971-09-01,1971,9,"Shrimps, Mexican",Other Food,($/kg),3.31,0.0,0.0,21.25,43.29,-0.29
1971-10-01,1971,10,"Shrimps, Mexican",Other Food,($/kg),3.31,0.0,0.0,21.25,43.29,-0.29
1971-11-01,1971,11,"Shrimps, Mexican",Other Food,($/kg),3.31,0.0,0.0,21.25,43.29,-0.29
1971-12-01,1971,12,"Shrimps, Mexican",Other Food,($/kg),3.31,0.0,0.0,21.25,43.29,-0.29
1972-01-01,1972,1,"Shrimps, Mexican",Other Food,($/kg),4.12,24.47,24.47,24.47,79.91,3.7
1972-02-01,1972,2,"Shrimps, Mexican",Other Food,($/kg),4.12,0.0,24.47,24.47,79.91,-0.29
1972-03-01,1972,3,"Shrimps, Mexican",Other Food,($/kg),4.12,0.0,24.47,24.47,79.91,-0.29
1972-04-01,1972,4,"Shrimps, Mexican",Other Food,($/kg),4.12,0.0,0.0,24.47,79.91,-0.29
1972-05-01,1972,5,"Shrimps, Mexican",Other Food,($/kg),4.12,0.0,0.0,24.47,79.91,-0.29
1972-06-01,1972,6,"Shrimps, Mexican",Other Food,($/kg),4.12,0.0,0.0,24.47,79.91,-0.29
1972-07-01,1972,7,"Shrimps, Mexican",Other Food,($/kg),4.12,0.0,0.0,24.47,79.91,-0.29
1972-08-01,1972,8,"Shrimps, Mexican",Other Food,($/kg),4.12,0.0,0.0,24.47,79.91,-0.29
1972-09-01,1972,9,"Shrimps, Mexican",Other Food,($/kg),4.12,0.0,0.0,24.47,79.91,-0.29
1972-10-01,1972,10,"Shrimps, Mexican",Other Food,($/kg),4.12,0.0,0.0,24.47,79.91,-0.29
1972-11-01,1972,11,"Shrimps, Mexican",Other Food,($/kg),4.12,0.0,0.0,24.47,79.91,-0.29
1972-12-01,1972,12,"Shrimps, Mexican",Other Food,($/kg),4.12,0.0,0.0,24.47,79.91,-0.29
1973-01-01,1973,1,"Shrimps, Mexican",Other Food,($/kg),5.0,21.36,21.36,21.36,93.8,2.73
1973-02-01,1973,2,"Shrimps, Mexican",Other Food,($/kg),5.0,0.0,21.36,21.36,93.8,-0.29
1973-03-01,1973,3,"Shrimps, Mexican",Other Food,($/kg),5.0,0.0,21.36,21.36,93.8,-0.29
1973-04-01,1973,4,"Shrimps, Mexican",Other Food,($/kg),5.0,0.0,0.0,21.36,93.8,-0.29
1973-05-01,1973,5,"Shrimps, Mexican",Other Food,($/kg),5.0,0.0,0.0,21.36,93.8,-0.29
1973-06-01,1973,6,"Shrimps, Mexican",Other Food,($/kg),5.0,0.0,0.0,21.36,93.8,-0.29
1973-07-01,1973,7,"Shrimps, Mexican",Other Food,($/kg),5.0,0.0,0.0,21.36,93.8,-0.29
1973-08-01,1973,8,"Shrimps, Mexican",Other Food,($/kg),5.0,0.0,0.0,21.36,93.8,-0.29
1973-09-01,1973,9,"Shrimps, Mexican",Other Food,($/kg),5.0,0.0,0.0,21.36,93.8,-0.29
1973-10-01,1973,10,"Shrimps, Mexican",Other Food,($/kg),5.0,0.0,0.0,21.36,93.8,-0.29
1973-11-01,1973,11,"Shrimps, Mexican",Other Food,($/kg),5.0,0.0,0.0,21.36,93.8,-0.29
1973-12-01,1973,12,"Shrimps, Mexican",Other Food,($/kg),5.0,0.0,0.0,21.36,93.8,-0.29
1974-01-01,1974,1,"Shrimps, Mexican",Other Food,($/kg),4.65,-7.0,-7.0,-7.0,62.02,-1.42
1974-02-01,1974,2,"Shrimps, Mexican",Other Food,($/kg),4.65,0.0,-7.0,-7.0,62.02,0.29
1974-03-01,1974,3,"Shrimps, Mexican",Other Food,($/kg),4.65,0.0,-7.0,-7.0,62.02,0.29
1974-04-01,1974,4,"Shrimps, Mexican",Other Food,($/kg),4.65,0.0,0.0,-7.0,62.02,0.29
1974-05-01,1974,5,"Shrimps, Mexican",Other Food,($/kg),4.65,0.0,0.0,-7.0,62.02,0.29
1974-06-01,1974,6,"Shrimps, Mexican",Other Food,($/kg),4.65,0.0,0.0,-7.0,62.02,0.29
1974-07-01,1974,7,"Shrimps, Mexican",Other Food,($/kg),4.65,0.0,0.0,-7.0,62.02,0.29
1974-08-01,1974,8,"Shrimps, Mexican",Other Food,($/kg),4.65,0.0,0.0,-7.0,62.02,0.29
1974-09-01,1974,9,"Shrimps, Mexican",Other Food,($/kg),4.65,0.0,0.0,-7.0,62.02,0.29
1974-10-01,1974,10,"Shrimps, Mexican",Other Food,($/kg),4.65,0.0,0.0,-7.0,62.02,0.29
1974-11-01,1974,11,"Shrimps, Mexican",Other Food,($/kg),4.65,0.0,0.0,-7.0,62.02,0.29
1974-12-01,1974,12,"Shrimps, Mexican",Other Food,($/kg),4.65,0.0,0.0,-7.0,62.02,0.29
1975-01-01,1975,1,"Shrimps, Mexican",Other Food,($/kg),5.89,26.67,26.67,26.67,115.75,13.49
1975-02-01,1975,2,"Shrimps, Mexican",Other Food,($/kg),5.89,0.0,26.67,26.67,115.75,-0.29
1975-03-01,1975,3,"Shrimps, Mexican",Other Food,($/kg),5.89,0.0,26.67,26.67,115.75,-0.29
1975-04-01,1975,4,"Shrimps, Mexican",Other Food,($/kg),5.89,0.0,0.0,26.67,115.75,-0.29
1975-05-01,1975,5,"Shrimps, Mexican",Other Food,($/kg),5.89,0.0,0.0,26.67,115.75,-0.29
1975-06-01,1975,6,"Shrimps, Mexican",Other Food,($/kg),5.89,0.0,0.0,26.67,115.75,-0.29
1975-07-01,1975,7,"Shrimps, Mexican",Other Food,($/kg),5.89,0.0,0.0,26.67,115.75,-0.29
1975-08-01,1975,8,"Shrimps, Mexican",Other Food,($/kg),5.89,0.0,0.0,26.67,115.75,-0.29
1975-09-01,1975,9,"Shrimps, Mexican",Other Food,($/kg),5.89,0.0,0.0,26.67,115.75,-0.29
1975-10-01,1975,10,"Shrimps, Mexican",Other Food,($/kg),5.89,0.0,0.0,26.67,115.75,-0.29
1975-11-01,1975,11,"Shrimps, Mexican",Other Food,($/kg),5.89,0.0,0.0,26.67,115.75,-0.29
1975-12-01,1975,12,"Shrimps, Mexican",Other Food,($/kg),5.89,0.0,0.0,26.67,115.75,-0.29
1976-01-01,1976,1,"Shrimps, Mexican",Other Food,($/kg),8.31,41.09,41.09,41.09,151.06,5.05
1976-02-01,1976,2,"Shrimps, Mexican",Other Food,($/kg),8.31,0.0,41.09,41.09,151.06,-0.29
1976-03-01,1976,3,"Shrimps, Mexican",Other Food,($/kg),8.31,0.0,41.09,41.09,151.06,-0.29
1976-04-01,1976,4,"Shrimps, Mexican",Other Food,($/kg),8.31,0.0,0.0,41.09,151.06,-0.29
1976-05-01,1976,5,"Shrimps, Mexican",Other Food,($/kg),8.31,0.0,0.0,41.09,151.06,-0.29
1976-06-01,1976,6,"Shrimps, Mexican",Other Food,($/kg),8.31,0.0,0.0,41.09,151.06,-0.29
1976-07-01,1976,7,"Shrimps, Mexican",Other Food,($/kg),8.31,0.0,0.0,41.09,151.06,-0.29
1976-08-01,1976,8,"Shrimps, Mexican",Other Food,($/kg),8.31,0.0,0.0,41.09,151.06,-0.29
1976-09-01,1976,9,"Shrimps, Mexican",Other Food,($/kg),8.31,0.0,0.0,41.09,151.06,-0.29
1976-10-01,1976,10,"Shrimps, Mexican",Other Food,($/kg),8.31,0.0,0.0,41.09,151.06,-0.29
1976-11-01,1976,11,"Shrimps, Mexican",Other Food,($/kg),8.31,0.0,0.0,41.09,151.06,-0.29
1976-12-01,1976,12,"Shrimps, Mexican",Other Food,($/kg),8.31,0.0,0.0,41.09,151.06,-0.29
1977-01-01,1977,1,"Shrimps, Mexican",Other Food,($/kg),7.91,-4.81,-4.81,-4.81,91.99,-0.69
1977-02-01,1977,2,"Shrimps, Mexican",Other Food,($/kg),7.91,0.0,-4.81,-4.81,91.99,0.29
1977-03-01,1977,3,"Shrimps, Mexican",Other Food,($/kg),7.91,0.0,-4.81,-4.81,91.99,0.29
1977-04-01,1977,4,"Shrimps, Mexican",Other Food,($/kg),7.91,0.0,0.0,-4.81,91.99,0.29
1977-05-01,1977,5,"Shrimps, Mexican",Other Food,($/kg),7.91,0.0,0.0,-4.81,91.99,0.29
1977-06-01,1977,6,"Shrimps, Mexican",Other Food,($/kg),7.91,0.0,0.0,-4.81,91.99,0.29
1977-07-01,1977,7,"Shrimps, Mexican",Other Food,($/kg),7.91,0.0,0.0,-4.81,91.99,0.29
1977-08-01,1977,8,"Shrimps, Mexican",Other Food,($/kg),7.91,0.0,0.0,-4.81,91.99,0.29
1977-09-01,1977,9,"Shrimps, Mexican",Other Food,($/kg),7.91,0.0,0.0,-4.81,91.99,0.29
1977-10-01,1977,10,"Shrimps, Mexican",Other Food,($/kg),7.91,0.0,0.0,-4.81,91.99,0.29
1977-11-01,1977,11,"Shrimps, Mexican",Other Food,($/kg),7.91,0.0,0.0,-4.81,91.99,0.29
1977-12-01,1977,12,"Shrimps, Mexican",Other Food,($/kg),7.91,0.0,0.0,-4.81,91.99,0.29
1978-01-01,1978,1,"Shrimps, Mexican",Other Food,($/kg),8.07,2.02,2.02,2.02,61.4,1.74
1978-02-01,1978,2,"Shrimps, Mexican",Other Food,($/kg),8.07,0.0,2.02,2.02,61.4,-0.29
1978-03-01,1978,3,"Shrimps, Mexican",Other Food,($/kg),8.07,0.0,2.02,2.02,61.4,-0.29
1978-04-01,1978,4,"Shrimps, Mexican",Other Food,($/kg),8.07,0.0,0.0,2.02,61.4,-0.29
1978-05-01,1978,5,"Shrimps, Mexican",Other Food,($/kg),8.07,0.0,0.0,2.02,61.4,-0.29
1978-06-01,1978,6,"Shrimps, Mexican",Other Food,($/kg),8.07,0.0,0.0,2.02,61.4,-0.29
1978-07-01,1978,7,"Shrimps, Mexican",Other Food,($/kg),8.07,0.0,0.0,2.02,61.4,-0.29
1978-08-01,1978,8,"Shrimps, Mexican",Other Food,($/kg),8.07,0.0,0.0,2.02,61.4,-0.29
1978-09-01,1978,9,"Shrimps, Mexican",Other Food,($/kg),8.07,0.0,0.0,2.02,61.4,-0.29
1978-10-01,1978,10,"Shrimps, Mexican",Other Food,($/kg),8.07,0.0,0.0,2.02,61.4,-0.29
1978-11-01,1978,11,"Shrimps, Mexican",Other Food,($/kg),8.07,0.0,0.0,2.02,61.4,-0.29
1978-12-01,1978,12,"Shrimps, Mexican",Other Food,($/kg),8.07,0.0,0.0,2.02,61.4,-0.29
1979-01-01,1979,1,"Shrimps, Mexican",Other Food,($/kg),11.97,48.33,48.33,48.33,157.42,82.47
1979-02-01,1979,2,"Shrimps, Mexican",Other Food,($/kg),11.97,0.0,48.33,48.33,157.42,-0.29
1979-03-01,1979,3,"Shrimps, Mexican",Other Food,($/kg),11.97,0.0,48.33,48.33,157.42,-0.29
1979-04-01,1979,4,"Shrimps, Mexican",Other Food,($/kg),11.97,0.0,0.0,48.33,157.42,-0.29
1979-05-01,1979,5,"Shrimps, Mexican",Other Food,($/kg),11.97,0.0,0.0,48.33,157.42,-0.29
1979-06-01,1979,6,"Shrimps, Mexican",Other Food,($/kg),11.97,0.0,0.0,48.33,157.42,-0.29
1979-07-01,1979,7,"Shrimps, Mexican",Other Food,($/kg),11.97,0.0,0.0,48.33,157.42,-0.29
1979-08-01,1979,8,"Shrimps, Mexican",Other Food,($/kg),11.97,0.0,0.0,48.33,157.42,-0.29
1979-09-01,1979,9,"Shrimps, Mexican",Other Food,($/kg),11.97,0.0,0.0,48.33,157.42,-0.29
1979-10-01,1979,10,"Shrimps, Mexican",Other Food,($/kg),11.97,0.0,0.0,48.33,157.42,-0.29
1979-11-01,1979,11,"Shrimps, Mexican",Other Food,($/kg),11.97,0.0,0.0,48.33,157.42,-0.29
1979-12-01,1979,12,"Shrimps, Mexican",Other Food,($/kg),11.97,0.0,0.0,48.33,157.42,-0.29
1980-01-01,1980,1,"Shrimps, Mexican",Other Food,($/kg),10.14,-15.29,-15.29,-15.29,72.16,-1.38
1980-02-01,1980,2,"Shrimps, Mexican",Other Food,($/kg),10.14,0.0,-15.29,-15.29,72.16,0.29
1980-03-01,1980,3,"Shrimps, Mexican",Other Food,($/kg),10.14,0.0,-15.29,-15.29,72.16,0.29
1980-04-01,1980,4,"Shrimps, Mexican",Other Food,($/kg),10.14,0.0,0.0,-15.29,72.16,0.29
1980-05-01,1980,5,"Shrimps, Mexican",Other Food,($/kg),10.14,0.0,0.0,-15.29,72.16,0.29
1980-06-01,1980,6,"Shrimps, Mexican",Other Food,($/kg),10.14,0.0,0.0,-15.29,72.16,0.29
1980-07-01,1980,7,"Shrimps, Mexican",Other Food,($/kg),10.14,0.0,0.0,-15.29,72.16,0.29
1980-08-01,1980,8,"Shrimps, Mexican",Other Food,($/kg),10.14,0.0,0.0,-15.29,72.16,0.29
1980-09-01,1980,9,"Shrimps, Mexican",Other Food,($/kg),10.14,0.0,0.0,-15.29,72.16,0.29
1980-10-01,1980,10,"Shrimps, Mexican",Other Food,($/kg),10.14,0.0,0.0,-15.29,72.16,0.29
1980-11-01,1980,11,"Shrimps, Mexican",Other Food,($/kg),10.14,0.0,0.0,-15.29,72.16,0.29
1980-12-01,1980,12,"Shrimps, Mexican",Other Food,($/kg),10.14,0.0,0.0,-15.29,72.16,0.29
1981-01-01,1981,1,"Shrimps, Mexican",Other Food,($/kg),10.16,0.2,0.2,0.2,22.26,0.33
1981-02-01,1981,2,"Shrimps, Mexican",Other Food,($/kg),10.16,0.0,0.2,0.2,22.26,-0.29
1981-03-01,1981,3,"Shrimps, Mexican",Other Food,($/kg),10.16,0.0,0.2,0.2,22.26,-0.29
1981-04-01,1981,4,"Shrimps, Mexican",Other Food,($/kg),10.16,0.0,0.0,0.2,22.26,-0.29
1981-05-01,1981,5,"Shrimps, Mexican",Other Food,($/kg),10.16,0.0,0.0,0.2,22.26,-0.29
1981-06-01,1981,6,"Shrimps, Mexican",Other Food,($/kg),10.16,0.0,0.0,0.2,22.26,-0.29
1981-07-01,1981,7,"Shrimps, Mexican",Other Food,($/kg),10.16,0.0,0.0,0.2,22.26,-0.29
1981-08-01,1981,8,"Shrimps, Mexican",Other Food,($/kg),10.16,0.0,0.0,0.2,22.26,-0.29
1981-09-01,1981,9,"Shrimps, Mexican",Other Food,($/kg),10.16,0.0,0.0,0.2,22.26,-0.29
1981-10-01,1981,10,"Shrimps, Mexican",Other Food,($/kg),10.16,0.0,0.0,0.2,22.26,-0.29
1981-11-01,1981,11,"Shrimps, Mexican",Other Food,($/kg),10.16,0.0,0.0,0.2,22.26,-0.29
1981-12-01,1981,12,"Shrimps, Mexican",Other Food,($/kg),10.16,0.0,0.0,0.2,22.26,-0.29
1982-01-01,1982,1,"Shrimps, Mexican",Other Food,($/kg),10.03,-1.28,-1.28,-1.28,26.8,-22.76
1982-02-01,1982,2,"Shrimps, Mexican",Other Food,($/kg),11.46,14.26,12.8,12.8,44.88,38.89
1982-03-01,1982,3,"Shrimps, Mexican",Other Food,($/kg),12.79,11.61,25.89,25.89,61.69,2.53
1982-04-01,1982,4,"Shrimps, Mexican",Other Food,($/kg),13.45,5.16,34.1,32.38,70.04,0.61
1982-05-01,1982,5,"Shrimps, Mexican",Other Food,($/kg),13.89,3.27,21.2,36.71,75.6,0.15
1982-06-01,1982,6,"Shrimps, Mexican",Other Food,($/kg),13.89,0.0,8.6,36.71,75.6,-0.54
1982-07-01,1982,7,"Shrimps, Mexican",Other Food,($/kg),12.68,-8.71,-5.72,24.8,60.3,-2.25
1982-08-01,1982,8,"Shrimps, Mexican",Other Food,($/kg),13.12,3.47,-5.54,29.13,65.87,0.24
1982-09-01,1982,9,"Shrimps, Mexican",Other Food,($/kg),14.55,10.9,4.75,43.21,83.94,1.42
1982-10-01,1982,10,"Shrimps, Mexican",Other Food,($/kg),14.22,-2.27,12.15,39.96,79.77,-0.85
1982-11-01,1982,11,"Shrimps, Mexican",Other Food,($/kg),14.44,1.55,10.06,42.13,82.55,-0.23
1982-12-01,1982,12,"Shrimps, Mexican",Other Food,($/kg),14.88,3.05,2.27,46.46,88.12,-0.02
1983-01-01,1983,1,"Shrimps, Mexican",Other Food,($/kg),14.64,-1.61,2.95,45.96,81.41,-0.78
1983-02-01,1983,2,"Shrimps, Mexican",Other Food,($/kg),14.37,-1.84,-0.48,25.39,78.07,-0.81
1983-03-01,1983,3,"Shrimps, Mexican",Other Food,($/kg),13.78,-4.11,-7.39,7.74,70.76,-1.09
1983-04-01,1983,4,"Shrimps, Mexican",Other Food,($/kg),13.4,-2.76,-8.47,-0.37,66.05,-0.7
1983-05-01,1983,5,"Shrimps, Mexican",Other Food,($/kg),13.45,0.37,-6.4,-3.17,66.67,0.06
1983-06-01,1983,6,"Shrimps, Mexican",Other Food,($/kg),13.76,2.3,-0.15,-0.94,70.51,0.51
1983-07-01,1983,7,"Shrimps, Mexican",Other Food,($/kg),13.12,-4.65,-2.09,3.47,62.58,-0.96
1983-08-01,1983,8,"Shrimps, Mexican",Other Food,($/kg),12.74,-2.9,-5.28,-2.9,57.87,-0.76
1983-09-01,1983,9,"Shrimps, Mexican",Other Food,($/kg),12.61,-1.02,-8.36,-13.33,56.26,-0.2
1983-10-01,1983,10,"Shrimps, Mexican",Other Food,($/kg),12.32,-2.3,-6.1,-13.36,52.66,-0.46
1983-11-01,1983,11,"Shrimps, Mexican",Other Food,($/kg),12.24,-0.65,-3.92,-15.24,51.67,0.21
1983-12-01,1983,12,"Shrimps, Mexican",Other Food,($/kg),12.06,-1.47,-4.36,-18.95,49.44,-0.05
1984-01-01,1984,1,"Shrimps, Mexican",Other Food,($/kg),11.93,-1.08,-3.17,-18.51,-0.33,0.34
1984-02-01,1984,2,"Shrimps, Mexican",Other Food,($/kg),12.08,1.26,-1.31,-15.94,0.92,1.54
1984-03-01,1984,3,"Shrimps, Mexican",Other Food,($/kg),12.48,3.31,3.48,-9.43,4.26,2.27
1984-04-01,1984,4,"Shrimps, Mexican",Other Food,($/kg),12.54,0.48,5.11,-6.42,4.76,0.56
1984-05-01,1984,5,"Shrimps, Mexican",Other Food,($/kg),12.02,-4.15,-0.5,-10.63,0.42,-1.62
1984-06-01,1984,6,"Shrimps, Mexican",Other Food,($/kg),11.79,-1.91,-5.53,-14.32,-1.5,-0.41
1984-07-01,1984,7,"Shrimps, Mexican",Other Food,($/kg),11.46,-2.8,-8.61,-12.65,-4.26,-0.69
1984-08-01,1984,8,"Shrimps, Mexican",Other Food,($/kg),11.0,-4.01,-8.49,-13.66,-8.1,-1.43
1984-09-01,1984,9,"Shrimps, Mexican",Other Food,($/kg),10.47,-4.82,-11.2,-16.97,-12.53,-1.69
1984-10-01,1984,10,"Shrimps, Mexican",Other Food,($/kg),11.13,6.3,-2.88,-9.66,-7.02,3.28
1984-11-01,1984,11,"Shrimps, Mexican",Other Food,($/kg),11.79,5.93,7.18,-3.68,-1.5,2.06
1984-12-01,1984,12,"Shrimps, Mexican",Other Food,($/kg),12.13,2.88,15.85,0.58,1.34,0.83
1985-01-01,1985,1,"Shrimps, Mexican",Other Food,($/kg),11.07,-8.74,-0.54,-7.21,9.17,-2.29
1985-02-01,1985,2,"Shrimps, Mexican",Other Food,($/kg),11.16,0.81,-5.34,-7.62,10.06,0.29
1985-03-01,1985,3,"Shrimps, Mexican",Other Food,($/kg),10.69,-4.21,-11.87,-14.34,5.42,-0.79
1985-04-01,1985,4,"Shrimps, Mexican",Other Food,($/kg),10.21,-4.49,-7.77,-18.58,0.69,-0.72
1985-05-01,1985,5,"Shrimps, Mexican",Other Food,($/kg),10.21,0.0,-8.51,-15.06,0.69,0.35
1985-06-01,1985,6,"Shrimps, Mexican",Other Food,($/kg),10.21,0.0,-4.49,-13.4,0.69,0.27
1985-07-01,1985,7,"Shrimps, Mexican",Other Food,($/kg),10.12,-0.88,-0.88,-11.69,-0.2,0.05
1985-08-01,1985,8,"Shrimps, Mexican",Other Food,($/kg),10.21,0.89,0.0,-7.18,0.69,0.4
1985-09-01,1985,9,"Shrimps, Mexican",Other Food,($/kg),10.25,0.39,0.39,-2.1,1.08,0.21
1985-10-01,1985,10,"Shrimps, Mexican",Other Food,($/kg),10.36,1.07,2.37,-6.92,2.17,0.27
1985-11-01,1985,11,"Shrimps, Mexican",Other Food,($/kg),10.54,1.74,3.23,-10.6,3.94,0.6
1985-12-01,1985,12,"Shrimps, Mexican",Other Food,($/kg),10.87,3.13,6.05,-10.39,7.2,1.21
1986-01-01,1986,1,"Shrimps, Mexican",Other Food,($/kg),11.22,3.22,8.3,1.36,10.43,1.23
1986-02-01,1986,2,"Shrimps, Mexican",Other Food,($/kg),11.9,6.06,12.9,6.63,17.13,2.45
1986-03-01,1986,3,"Shrimps, Mexican",Other Food,($/kg),12.41,4.29,14.17,16.09,22.15,1.25
1986-04-01,1986,4,"Shrimps, Mexican",Other Food,($/kg),12.85,3.55,14.53,25.86,26.48,0.83
1986-05-01,1986,5,"Shrimps, Mexican",Other Food,($/kg),13.89,8.09,16.72,36.04,36.71,2.94
1986-06-01,1986,6,"Shrimps, Mexican",Other Food,($/kg),14.2,2.23,14.42,39.08,39.76,-0.15
1986-07-01,1986,7,"Shrimps, Mexican",Other Food,($/kg),13.71,-3.45,6.69,35.47,34.94,-2.5
1986-08-01,1986,8,"Shrimps, Mexican",Other Food,($/kg),13.45,-1.9,-3.17,31.73,32.38,-1.54
1986-09-01,1986,9,"Shrimps, Mexican",Other Food,($/kg),12.99,-3.42,-8.52,26.73,27.85,-1.82
1986-10-01,1986,10,"Shrimps, Mexican",Other Food,($/kg),12.28,-5.47,-10.43,18.53,20.87,-2.11
1986-11-01,1986,11,"Shrimps, Mexican",Other Food,($/kg),12.81,4.32,-4.76,21.54,26.08,0.67
1986-12-01,1986,12,"Shrimps, Mexican",Other Food,($/kg),12.92,0.86,-0.54,18.86,27.17,-0.2
1987-01-01,1987,1,"Shrimps, Mexican",Other Food,($/kg),12.9,-0.15,5.05,14.97,28.61,-0.4
1987-02-01,1987,2,"Shrimps, Mexican",Other Food,($/kg),12.35,-4.26,-3.59,3.78,7.77,-1.31
1987-03-01,1987,3,"Shrimps, Mexican",Other Food,($/kg),11.9,-3.64,-7.89,-4.11,-6.96,-0.96
1987-04-01,1987,4,"Shrimps, Mexican",Other Food,($/kg),11.75,-1.26,-8.91,-8.56,-12.64,-0.24
1987-05-01,1987,5,"Shrimps, Mexican",Other Food,($/kg),12.08,2.81,-2.19,-13.03,-13.03,0.87
1987-06-01,1987,6,"Shrimps, Mexican",Other Food,($/kg),11.75,-2.73,-1.26,-17.25,-15.41,-0.52
1987-07-01,1987,7,"Shrimps, Mexican",Other Food,($/kg),10.98,-6.55,-6.55,-19.91,-13.41,-1.69
1987-08-01,1987,8,"Shrimps, Mexican",Other Food,($/kg),10.76,-2.0,-10.93,-20.0,-17.99,-0.07
1987-09-01,1987,9,"Shrimps, Mexican",Other Food,($/kg),10.69,-0.65,-9.02,-17.71,-26.53,0.35
1987-10-01,1987,10,"Shrimps, Mexican",Other Food,($/kg),10.56,-1.22,-3.83,-14.01,-25.74,0.11
1987-11-01,1987,11,"Shrimps, Mexican",Other Food,($/kg),10.58,0.19,-1.67,-17.41,-26.73,0.47
1987-12-01,1987,12,"Shrimps, Mexican",Other Food,($/kg),10.98,3.78,2.71,-15.02,-26.21,2.13
1988-01-01,1988,1,"Shrimps, Mexican",Other Food,($/kg),11.42,4.01,8.14,-11.47,-21.99,1.85
1988-02-01,1988,2,"Shrimps, Mexican",Other Food,($/kg),11.86,3.85,12.1,-3.97,-17.47,1.48
1988-03-01,1988,3,"Shrimps, Mexican",Other Food,($/kg),12.83,8.18,16.85,7.82,-6.89,2.53
1988-04-01,1988,4,"Shrimps, Mexican",Other Food,($/kg),13.56,5.69,18.74,15.4,1.19,1.26
1988-05-01,1988,5,"Shrimps, Mexican",Other Food,($/kg),13.34,-1.62,12.48,10.43,-0.82,-0.7
1988-06-01,1988,6,"Shrimps, Mexican",Other Food,($/kg),13.37,0.22,4.21,13.79,-2.83,-0.16
1988-07-01,1988,7,"Shrimps, Mexican",Other Food,($/kg),12.51,-6.43,-7.74,13.93,-4.65,-1.88
1988-08-01,1988,8,"Shrimps, Mexican",Other Food,($/kg),11.82,-5.52,-11.39,9.85,-7.22,-1.66
1988-09-01,1988,9,"Shrimps, Mexican",Other Food,($/kg),11.64,-1.52,-12.94,8.89,-7.69,-0.55
1988-10-01,1988,10,"Shrimps, Mexican",Other Food,($/kg),11.88,2.06,-5.04,12.5,-3.57,0.29
1988-11-01,1988,11,"Shrimps, Mexican",Other Food,($/kg),12.35,3.96,4.48,16.73,0.9,0.66
1988-12-01,1988,12,"Shrimps, Mexican",Other Food,($/kg),12.7,2.83,9.11,15.66,5.31,0.32
1989-01-01,1989,1,"Shrimps, Mexican",Other Food,($/kg),12.64,-0.47,6.4,10.68,5.95,-0.4
1989-02-01,1989,2,"Shrimps, Mexican",Other Food,($/kg),12.68,0.32,2.67,6.91,4.97,-0.14
1989-03-01,1989,3,"Shrimps, Mexican",Other Food,($/kg),12.76,0.63,0.47,-0.55,2.24,-0.0
1989-04-01,1989,4,"Shrimps, Mexican",Other Food,($/kg),12.71,-0.39,0.55,-6.27,1.36,-0.11
1989-05-01,1989,5,"Shrimps, Mexican",Other Food,($/kg),11.68,-8.1,-7.89,-12.44,-2.83,-2.49
1989-06-01,1989,6,"Shrimps, Mexican",Other Food,($/kg),11.13,-4.71,-12.77,-16.75,-5.6,-0.98
1989-07-01,1989,7,"Shrimps, Mexican",Other Food,($/kg),10.89,-2.16,-14.32,-12.95,-4.97,-0.18
1989-08-01,1989,8,"Shrimps, Mexican",Other Food,($/kg),10.41,-4.41,-10.87,-11.93,-5.36,-0.93
1989-09-01,1989,9,"Shrimps, Mexican",Other Food,($/kg),9.81,-5.76,-11.86,-15.72,-6.3,-1.38
1989-10-01,1989,10,"Shrimps, Mexican",Other Food,($/kg),9.78,-0.31,-10.19,-17.68,-12.13,0.28
1989-11-01,1989,11,"Shrimps, Mexican",Other Food,($/kg),9.85,0.72,-5.38,-20.24,-16.45,0.63
1989-12-01,1989,12,"Shrimps, Mexican",Other Food,($/kg),9.52,-3.35,-2.96,-25.04,-21.52,-0.47
1990-01-01,1990,1,"Shrimps, Mexican",Other Food,($/kg),9.76,2.52,-0.2,-22.78,-11.83,1.67
1990-02-01,1990,2,"Shrimps, Mexican",Other Food,($/kg),9.98,2.25,1.32,-21.29,-10.57,1.36
1990-03-01,1990,3,"Shrimps, Mexican",Other Food,($/kg),10.67,6.91,12.08,-16.38,-0.19,2.63
1990-04-01,1990,4,"Shrimps, Mexican",Other Food,($/kg),10.8,1.22,10.66,-15.03,5.78,0.62
1990-05-01,1990,5,"Shrimps, Mexican",Other Food,($/kg),11.02,2.04,10.42,-5.65,7.93,0.78
1990-06-01,1990,6,"Shrimps, Mexican",Other Food,($/kg),11.35,2.99,6.37,1.98,11.17,0.91
1990-07-01,1990,7,"Shrimps, Mexican",Other Food,($/kg),10.95,-3.52,1.39,0.55,8.2,-1.04
1990-08-01,1990,8,"Shrimps, Mexican",Other Food,($/kg),10.01,-8.58,-9.17,-3.84,-1.96,-2.35
1990-09-01,1990,9,"Shrimps, Mexican",Other Food,($/kg),10.28,2.7,-9.43,4.79,0.29,0.68
1990-10-01,1990,10,"Shrimps, Mexican",Other Food,($/kg),11.19,8.85,2.19,14.42,8.01,2.09
1990-11-01,1990,11,"Shrimps, Mexican",Other Food,($/kg),11.75,5.0,17.38,19.29,11.48,0.81
1990-12-01,1990,12,"Shrimps, Mexican",Other Food,($/kg),11.75,0.0,14.3,23.42,8.1,-0.33
1991-01-01,1991,1,"Shrimps, Mexican",Other Food,($/kg),12.02,2.3,7.42,23.16,7.13,0.09
1991-02-01,1991,2,"Shrimps, Mexican",Other Food,($/kg),12.65,5.24,7.66,26.75,6.3,0.74
1991-03-01,1991,3,"Shrimps, Mexican",Other Food,($/kg),13.14,3.87,11.83,23.15,5.88,0.38
1991-04-01,1991,4,"Shrimps, Mexican",Other Food,($/kg),13.34,1.52,10.98,23.52,3.81,-0.07
1991-05-01,1991,5,"Shrimps, Mexican",Other Food,($/kg),13.2,-1.05,4.35,19.78,-4.97,-0.66
1991-06-01,1991,6,"Shrimps, Mexican",Other Food,($/kg),13.12,-0.61,-0.15,15.59,-7.61,-0.49
1991-07-01,1991,7,"Shrimps, Mexican",Other Food,($/kg),10.62,-19.05,-20.39,-3.01,-22.54,-4.48
1991-08-01,1991,8,"Shrimps, Mexican",Other Food,($/kg),9.94,-6.4,-24.7,-0.7,-26.1,-0.87
1991-09-01,1991,9,"Shrimps, Mexican",Other Food,($/kg),10.31,3.72,-21.42,0.29,-20.63,0.49
1991-10-01,1991,10,"Shrimps, Mexican",Other Food,($/kg),10.17,-1.36,-4.24,-9.12,-17.18,-0.23
1991-11-01,1991,11,"Shrimps, Mexican",Other Food,($/kg),10.12,-0.49,1.81,-13.87,-21.0,0.01
1991-12-01,1991,12,"Shrimps, Mexican",Other Food,($/kg),9.92,-1.98,-3.78,-15.57,-23.22,-0.15
1992-01-01,1992,1,"Shrimps, Mexican",Other Food,($/kg),10.03,1.11,-1.38,-16.56,-22.25,0.36
1992-02-01,1992,2,"Shrimps, Mexican",Other Food,($/kg),10.17,1.4,0.49,-19.6,-17.65,0.42
1992-03-01,1992,3,"Shrimps, Mexican",Other Food,($/kg),10.47,2.95,5.54,-20.32,-12.02,0.74
1992-04-01,1992,4,"Shrimps, Mexican",Other Food,($/kg),10.64,1.62,6.08,-20.24,-9.45,0.55
1992-05-01,1992,5,"Shrimps, Mexican",Other Food,($/kg),10.71,0.66,5.31,-18.86,-11.34,0.38
1992-06-01,1992,6,"Shrimps, Mexican",Other Food,($/kg),10.78,0.65,2.96,-17.84,-8.26,0.36
1992-07-01,1992,7,"Shrimps, Mexican",Other Food,($/kg),11.0,2.04,3.38,3.58,0.18,0.57
1992-08-01,1992,8,"Shrimps, Mexican",Other Food,($/kg),11.74,6.73,9.62,18.11,9.11,2.39
1992-09-01,1992,9,"Shrimps, Mexican",Other Food,($/kg),12.21,4.0,13.27,18.43,14.22,1.1
1992-10-01,1992,10,"Shrimps, Mexican",Other Food,($/kg),11.73,-3.93,6.64,15.34,11.08,-2.27
1992-11-01,1992,11,"Shrimps, Mexican",Other Food,($/kg),11.05,-5.8,-5.88,9.19,4.44,-2.57
1992-12-01,1992,12,"Shrimps, Mexican",Other Food,($/kg),10.91,-1.27,-10.65,9.98,-0.64,-0.61
1993-01-01,1993,1,"Shrimps, Mexican",Other Food,($/kg),11.24,3.02,-4.18,12.06,-1.58,0.65
1993-02-01,1993,2,"Shrimps, Mexican",Other Food,($/kg),11.55,2.76,4.52,13.57,-2.61,0.51
1993-03-01,1993,3,"Shrimps, Mexican",Other Food,($/kg),11.66,0.95,6.87,11.37,-9.12,-0.05
1993-04-01,1993,4,"Shrimps, Mexican",Other Food,($/kg),11.64,-0.17,3.56,9.4,-14.16,-0.33
1993-05-01,1993,5,"Shrimps, Mexican",Other Food,($/kg),11.6,-0.34,0.43,8.31,-13.04,-0.34
1993-06-01,1993,6,"Shrimps, Mexican",Other Food,($/kg),11.24,-3.1,-3.6,4.27,-15.93,-1.12
1993-07-01,1993,7,"Shrimps, Mexican",Other Food,($/kg),10.96,-2.49,-5.84,-0.36,-12.39,-0.81
1993-08-01,1993,8,"Shrimps, Mexican",Other Food,($/kg),10.8,-1.46,-6.9,-8.01,-8.63,-0.41
1993-09-01,1993,9,"Shrimps, Mexican",Other Food,($/kg),11.19,3.61,-0.44,-8.35,-3.87,1.43
1993-10-01,1993,10,"Shrimps, Mexican",Other Food,($/kg),11.68,4.38,6.57,-0.43,-1.68,1.73
1993-11-01,1993,11,"Shrimps, Mexican",Other Food,($/kg),11.52,-1.37,6.67,4.25,-6.72,-0.45
1993-12-01,1993,12,"Shrimps, Mexican",Other Food,($/kg),11.6,0.69,3.66,6.32,-8.66,0.13
1994-01-01,1994,1,"Shrimps, Mexican",Other Food,($/kg),11.71,0.95,0.26,4.18,-7.36,0.17
1994-02-01,1994,2,"Shrimps, Mexican",Other Food,($/kg),11.71,0.0,1.65,1.39,-7.65,-0.16
1994-03-01,1994,3,"Shrimps, Mexican",Other Food,($/kg),12.29,4.95,5.95,5.4,-3.68,2.17
1994-04-01,1994,4,"Shrimps, Mexican",Other Food,($/kg),12.73,3.58,8.71,9.36,0.16,1.19
1994-05-01,1994,5,"Shrimps, Mexican",Other Food,($/kg),12.79,0.47,9.22,10.26,9.5,-0.11
1994-06-01,1994,6,"Shrimps, Mexican",Other Food,($/kg),13.28,3.83,8.06,18.15,19.32,1.09
1994-07-01,1994,7,"Shrimps, Mexican",Other Food,($/kg),13.87,4.44,8.96,26.55,27.36,1.18
1994-08-01,1994,8,"Shrimps, Mexican",Other Food,($/kg),14.14,1.95,10.56,30.93,35.83,-0.03
1994-09-01,1994,9,"Shrimps, Mexican",Other Food,($/kg),13.63,-3.61,2.64,21.81,38.94,-2.81
1994-10-01,1994,10,"Shrimps, Mexican",Other Food,($/kg),13.92,2.13,0.36,19.18,42.33,0.17
1994-11-01,1994,11,"Shrimps, Mexican",Other Food,($/kg),13.61,-2.23,-3.75,18.14,38.17,-1.48
1994-12-01,1994,12,"Shrimps, Mexican",Other Food,($/kg),13.23,-2.79,-2.93,14.05,38.97,-1.62
1995-01-01,1995,1,"Shrimps, Mexican",Other Food,($/kg),13.45,1.66,-3.38,14.86,37.81,0.18
1995-02-01,1995,2,"Shrimps, Mexican",Other Food,($/kg),13.7,1.86,0.66,16.99,37.27,0.23
1995-03-01,1995,3,"Shrimps, Mexican",Other Food,($/kg),14.04,2.48,6.12,14.24,31.58,0.39
1995-04-01,1995,4,"Shrimps, Mexican",Other Food,($/kg),14.41,2.64,7.14,13.2,33.43,0.56
1995-05-01,1995,5,"Shrimps, Mexican",Other Food,($/kg),14.88,3.26,8.61,16.34,35.03,0.84
1995-06-01,1995,6,"Shrimps, Mexican",Other Food,($/kg),14.88,0.0,5.98,12.05,31.1,-0.49
1995-07-01,1995,7,"Shrimps, Mexican",Other Food,($/kg),14.55,-2.22,0.97,4.9,32.88,-1.25
1995-08-01,1995,8,"Shrimps, Mexican",Other Food,($/kg),13.45,-7.56,-9.61,-4.88,34.37,-3.24
1995-09-01,1995,9,"Shrimps, Mexican",Other Food,($/kg),12.21,-9.22,-17.94,-10.42,18.77,-2.67
1995-10-01,1995,10,"Shrimps, Mexican",Other Food,($/kg),12.24,0.25,-15.88,-12.07,9.38,0.26
1995-11-01,1995,11,"Shrimps, Mexican",Other Food,($/kg),12.43,1.55,-7.58,-8.67,5.79,0.63
1995-12-01,1995,12,"Shrimps, Mexican",Other Food,($/kg),12.21,-1.77,0.0,-7.71,3.91,-0.27
1996-01-01,1996,1,"Shrimps, Mexican",Other Food,($/kg),11.98,-1.88,-2.12,-10.93,-0.33,-0.32
1996-02-01,1996,2,"Shrimps, Mexican",Other Food,($/kg),12.1,1.0,-2.65,-11.68,-4.35,0.47
1996-03-01,1996,3,"Shrimps, Mexican",Other Food,($/kg),12.02,-0.66,-1.56,-14.39,-8.52,0.08
1996-04-01,1996,4,"Shrimps, Mexican",Other Food,($/kg),12.9,7.32,7.68,-10.48,-3.3,2.26
1996-05-01,1996,5,"Shrimps, Mexican",Other Food,($/kg),13.93,7.98,15.12,-6.38,5.53,2.0
1996-06-01,1996,6,"Shrimps, Mexican",Other Food,($/kg),14.15,1.58,17.72,-4.91,7.85,0.4
1996-07-01,1996,7,"Shrimps, Mexican",Other Food,($/kg),13.56,-4.17,5.12,-6.8,27.68,-0.77
1996-08-01,1996,8,"Shrimps, Mexican",Other Food,($/kg),13.12,-3.24,-5.81,-2.45,31.99,-0.54
1996-09-01,1996,9,"Shrimps, Mexican",Other Food,($/kg),13.09,-0.23,-7.49,7.21,26.96,-0.03
1996-10-01,1996,10,"Shrimps, Mexican",Other Food,($/kg),13.12,0.23,-3.24,7.19,29.01,-0.11
1996-11-01,1996,11,"Shrimps, Mexican",Other Food,($/kg),13.65,4.04,4.04,9.81,34.88,0.91
1996-12-01,1996,12,"Shrimps, Mexican",Other Food,($/kg),13.83,1.32,5.65,13.27,39.42,0.12
1997-01-01,1997,1,"Shrimps, Mexican",Other Food,($/kg),13.89,0.43,5.87,15.94,38.48,-0.18
1997-02-01,1997,2,"Shrimps, Mexican",Other Food,($/kg),13.89,0.0,1.76,14.79,36.58,-0.36
1997-03-01,1997,3,"Shrimps, Mexican",Other Food,($/kg),14.0,0.79,1.23,16.47,33.72,-0.12
1997-04-01,1997,4,"Shrimps, Mexican",Other Food,($/kg),14.41,2.93,3.74,11.71,35.43,0.44
1997-05-01,1997,5,"Shrimps, Mexican",Other Food,($/kg),14.64,1.6,5.4,5.1,36.69,0.2
1997-06-01,1997,6,"Shrimps, Mexican",Other Food,($/kg),14.88,1.64,6.29,5.16,38.03,0.52
1997-07-01,1997,7,"Shrimps, Mexican",Other Food,($/kg),14.92,0.27,3.54,10.03,35.64,-0.08
1997-08-01,1997,8,"Shrimps, Mexican",Other Food,($/kg),15.45,3.55,5.53,17.76,31.6,1.53
1997-09-01,1997,9,"Shrimps, Mexican",Other Food,($/kg),15.58,0.84,4.7,19.02,27.6,-0.38
1997-10-01,1997,10,"Shrimps, Mexican",Other Food,($/kg),15.26,-2.05,2.28,16.31,30.09,-2.6
1997-11-01,1997,11,"Shrimps, Mexican",Other Food,($/kg),15.14,-0.79,-2.01,10.92,37.01,-1.24
1997-12-01,1997,12,"Shrimps, Mexican",Other Food,($/kg),15.1,-0.26,-3.08,9.18,38.41,-0.75
1998-01-01,1998,1,"Shrimps, Mexican",Other Food,($/kg),15.32,1.46,0.39,10.3,36.3,0.46
1998-02-01,1998,2,"Shrimps, Mexican",Other Food,($/kg),15.4,0.52,1.72,10.87,33.33,-0.2
1998-03-01,1998,3,"Shrimps, Mexican",Other Food,($/kg),15.46,0.39,2.38,10.43,32.59,-0.32
1998-04-01,1998,4,"Shrimps, Mexican",Other Food,($/kg),15.79,2.13,3.07,9.58,35.65,0.84
1998-05-01,1998,5,"Shrimps, Mexican",Other Food,($/kg),15.92,0.82,3.38,8.74,37.24,0.03
1998-06-01,1998,6,"Shrimps, Mexican",Other Food,($/kg),15.28,-4.02,-1.16,2.69,35.94,-3.29
1998-07-01,1998,7,"Shrimps, Mexican",Other Food,($/kg),14.26,-6.68,-9.69,-4.42,30.11,-3.56
1998-08-01,1998,8,"Shrimps, Mexican",Other Food,($/kg),13.78,-3.37,-13.44,-10.81,27.59,-1.09
1998-09-01,1998,9,"Shrimps, Mexican",Other Food,($/kg),13.12,-4.79,-14.14,-15.79,17.25,-1.48
1998-10-01,1998,10,"Shrimps, Mexican",Other Food,($/kg),12.41,-5.41,-12.97,-18.68,6.25,-1.45
1998-11-01,1998,11,"Shrimps, Mexican",Other Food,($/kg),12.02,-3.14,-12.77,-20.61,4.34,-0.49
1998-12-01,1998,12,"Shrimps, Mexican",Other Food,($/kg),12.13,0.92,-7.55,-19.67,4.57,0.92
1999-01-01,1999,1,"Shrimps, Mexican",Other Food,($/kg),12.13,0.0,-2.26,-20.82,3.59,0.57
1999-02-01,1999,2,"Shrimps, Mexican",Other Food,($/kg),12.02,-0.91,0.0,-21.95,2.65,0.33
1999-03-01,1999,3,"Shrimps, Mexican",Other Food,($/kg),12.24,1.83,0.91,-20.83,-0.41,1.32
1999-04-01,1999,4,"Shrimps, Mexican",Other Food,($/kg),12.24,0.0,0.91,-22.48,-3.85,0.62
1999-05-01,1999,5,"Shrimps, Mexican",Other Food,($/kg),12.24,0.0,1.83,-23.12,-4.3,0.73
1999-06-01,1999,6,"Shrimps, Mexican",Other Food,($/kg),12.35,0.9,0.9,-19.18,-7.0,1.09
1999-07-01,1999,7,"Shrimps, Mexican",Other Food,($/kg),12.35,0.0,0.9,-13.39,-10.96,0.61
1999-08-01,1999,8,"Shrimps, Mexican",Other Food,($/kg),12.35,0.0,0.9,-10.38,-12.66,0.49
1999-09-01,1999,9,"Shrimps, Mexican",Other Food,($/kg),11.9,-3.64,-3.64,-9.3,-12.69,-1.2
1999-10-01,1999,10,"Shrimps, Mexican",Other Food,($/kg),12.13,1.93,-1.78,-2.26,-12.86,1.27
1999-11-01,1999,11,"Shrimps, Mexican",Other Food,($/kg),12.68,4.53,2.67,5.49,-6.83,2.75
1999-12-01,1999,12,"Shrimps, Mexican",Other Food,($/kg),13.56,6.94,13.95,11.79,2.49,3.36
2000-01-01,2000,1,"Shrimps, Mexican",Other Food,($/kg),14.0,3.24,15.42,15.42,4.09,0.85
2000-02-01,2000,2,"Shrimps, Mexican",Other Food,($/kg),14.11,0.79,11.28,17.39,2.99,-0.16
2000-03-01,2000,3,"Shrimps, Mexican",Other Food,($/kg),14.44,2.34,6.49,17.97,2.85,0.36
2000-04-01,2000,4,"Shrimps, Mexican",Other Food,($/kg),14.66,1.52,4.71,19.77,1.73,0.04
2000-05-01,2000,5,"Shrimps, Mexican",Other Food,($/kg),14.88,1.5,5.46,21.57,0.0,-0.02
2000-06-01,2000,6,"Shrimps, Mexican",Other Food,($/kg),14.66,-1.48,1.52,18.7,-1.48,-1.21
2000-07-01,2000,7,"Shrimps, Mexican",Other Food,($/kg),14.77,0.75,0.75,19.6,1.51,-0.26
2000-08-01,2000,8,"Shrimps, Mexican",Other Food,($/kg),14.11,-4.47,-5.17,14.25,4.91,-2.21
2000-09-01,2000,9,"Shrimps, Mexican",Other Food,($/kg),13.56,-3.9,-7.5,13.95,11.06,-1.58
2000-10-01,2000,10,"Shrimps, Mexican",Other Food,($/kg),13.01,-4.06,-11.92,7.25,6.29,-1.6
2000-11-01,2000,11,"Shrimps, Mexican",Other Food,($/kg),13.01,0.0,-7.8,2.6,4.67,-0.18
2000-12-01,2000,12,"Shrimps, Mexican",Other Food,($/kg),13.01,0.0,-4.06,-4.06,6.55,-0.08
2001-01-01,2001,1,"Shrimps, Mexican",Other Food,($/kg),13.78,5.92,5.92,-1.57,15.03,2.4
2001-02-01,2001,2,"Shrimps, Mexican",Other Food,($/kg),14.0,1.6,7.61,-0.78,15.7,0.56
2001-03-01,2001,3,"Shrimps, Mexican",Other Food,($/kg),13.89,-0.79,6.76,-3.81,15.56,-0.25
2001-04-01,2001,4,"Shrimps, Mexican",Other Food,($/kg),14.77,6.34,7.18,0.75,14.5,2.24
2001-05-01,2001,5,"Shrimps, Mexican",Other Food,($/kg),15.21,2.98,8.64,2.22,9.19,0.82
2001-06-01,2001,6,"Shrimps, Mexican",Other Food,($/kg),14.22,-6.51,2.38,-3.0,0.49,-1.89
2001-07-01,2001,7,"Shrimps, Mexican",Other Food,($/kg),15.98,12.38,8.19,8.19,17.85,3.09
2001-08-01,2001,8,"Shrimps, Mexican",Other Food,($/kg),14.22,-11.01,-6.51,0.78,8.38,-2.17
2001-09-01,2001,9,"Shrimps, Mexican",Other Food,($/kg),13.01,-8.51,-8.51,-4.06,-0.61,-1.39
2001-10-01,2001,10,"Shrimps, Mexican",Other Food,($/kg),11.9,-8.53,-25.53,-8.53,-9.3,-1.25
2001-11-01,2001,11,"Shrimps, Mexican",Other Food,($/kg),11.68,-1.85,-17.86,-10.22,-14.43,-0.19
2001-12-01,2001,12,"Shrimps, Mexican",Other Food,($/kg),11.46,-1.88,-11.91,-11.91,-17.14,-0.17
2002-01-01,2002,1,"Shrimps, Mexican",Other Food,($/kg),11.79,2.88,-0.92,-14.44,-15.12,0.52
2002-02-01,2002,2,"Shrimps, Mexican",Other Food,($/kg),11.9,0.93,1.88,-15.0,-14.33,0.29
2002-03-01,2002,3,"Shrimps, Mexican",Other Food,($/kg),11.9,0.0,3.84,-14.33,-15.0,0.17
2002-04-01,2002,4,"Shrimps, Mexican",Other Food,($/kg),11.24,-5.55,-4.66,-23.9,-22.0,-0.66
2002-05-01,2002,5,"Shrimps, Mexican",Other Food,($/kg),11.02,-1.96,-7.39,-27.55,-24.73,0.02
2002-06-01,2002,6,"Shrimps, Mexican",Other Food,($/kg),10.14,-7.99,-14.79,-28.69,-31.85,-0.87
2002-07-01,2002,7,"Shrimps, Mexican",Other Food,($/kg),10.03,-1.08,-10.77,-37.23,-32.77,0.23
2002-08-01,2002,8,"Shrimps, Mexican",Other Food,($/kg),9.26,-7.68,-15.97,-34.88,-40.06,-0.89
2002-09-01,2002,9,"Shrimps, Mexican",Other Food,($/kg),9.15,-1.19,-9.76,-29.67,-41.27,0.56
2002-10-01,2002,10,"Shrimps, Mexican",Other Food,($/kg),9.48,3.61,-5.48,-20.34,-37.88,1.72
2002-11-01,2002,11,"Shrimps, Mexican",Other Food,($/kg),9.48,0.0,2.38,-18.84,-37.38,0.49
2002-12-01,2002,12,"Shrimps, Mexican",Other Food,($/kg),9.26,-2.32,1.2,-19.2,-38.68,-0.18
2003-01-01,2003,1,"Shrimps, Mexican",Other Food,($/kg),9.59,3.56,1.16,-18.66,-37.4,1.41
2003-02-01,2003,2,"Shrimps, Mexican",Other Food,($/kg),10.14,5.74,6.96,-14.79,-34.16,1.94
2003-03-01,2003,3,"Shrimps, Mexican",Other Food,($/kg),10.14,0.0,9.5,-14.79,-34.41,0.29
2003-04-01,2003,4,"Shrimps, Mexican",Other Food,($/kg),11.46,13.02,19.5,1.96,-27.42,3.3
2003-05-01,2003,5,"Shrimps, Mexican",Other Food,($/kg),11.9,3.84,17.36,7.99,-25.25,0.62
2003-06-01,2003,6,"Shrimps, Mexican",Other Food,($/kg),12.02,1.01,18.54,18.54,-21.34,0.04
2003-07-01,2003,7,"Shrimps, Mexican",Other Food,($/kg),12.02,0.0,4.89,19.84,-15.71,-0.3
2003-08-01,2003,8,"Shrimps, Mexican",Other Food,($/kg),11.49,-4.41,-3.45,24.08,-16.62,-1.2
2003-09-01,2003,9,"Shrimps, Mexican",Other Food,($/kg),10.62,-7.57,-11.65,16.07,-19.05,-2.09
2003-10-01,2003,10,"Shrimps, Mexican",Other Food,($/kg),10.21,-3.86,-15.06,7.7,-17.73,-1.0
2003-11-01,2003,11,"Shrimps, Mexican",Other Food,($/kg),10.0,-2.06,-12.97,5.49,-16.81,-0.52
2003-12-01,2003,12,"Shrimps, Mexican",Other Food,($/kg),9.74,-2.6,-8.29,5.18,-19.7,-0.58
2004-01-01,2004,1,"Shrimps, Mexican",Other Food,($/kg),10.2,4.72,-0.1,6.36,-15.91,0.76
2004-02-01,2004,2,"Shrimps, Mexican",Other Food,($/kg),10.31,1.08,3.1,1.68,-14.23,0.08
2004-03-01,2004,3,"Shrimps, Mexican",Other Food,($/kg),10.52,2.04,8.01,3.75,-14.05,0.33
2004-04-01,2004,4,"Shrimps, Mexican",Other Food,($/kg),10.69,1.62,4.8,-6.72,-12.66,0.22
2004-05-01,2004,5,"Shrimps, Mexican",Other Food,($/kg),10.6,-0.84,2.81,-10.92,-13.4,-0.09
2004-06-01,2004,6,"Shrimps, Mexican",Other Food,($/kg),10.4,-1.89,-1.14,-13.48,-15.79,-0.29
2004-07-01,2004,7,"Shrimps, Mexican",Other Food,($/kg),10.5,0.96,-1.78,-12.65,-14.98,0.64
2004-08-01,2004,8,"Shrimps, Mexican",Other Food,($/kg),9.79,-6.76,-7.64,-14.8,-20.73,-1.69
2004-09-01,2004,9,"Shrimps, Mexican",Other Food,($/kg),9.41,-3.88,-9.52,-11.39,-20.92,-0.72
2004-10-01,2004,10,"Shrimps, Mexican",Other Food,($/kg),9.41,0.0,-10.38,-7.84,-22.42,0.3
2004-11-01,2004,11,"Shrimps, Mexican",Other Food,($/kg),9.79,4.04,0.0,-2.1,-22.79,1.53
2004-12-01,2004,12,"Shrimps, Mexican",Other Food,($/kg),9.81,0.2,4.25,0.72,-27.65,0.1
2005-01-01,2005,1,"Shrimps, Mexican",Other Food,($/kg),9.8,-0.1,4.14,-3.92,-30.0,-0.07
2005-02-01,2005,2,"Shrimps, Mexican",Other Food,($/kg),9.7,-1.02,-0.92,-5.92,-31.25,-0.25
2005-03-01,2005,3,"Shrimps, Mexican",Other Food,($/kg),9.7,0.0,-1.12,-7.79,-32.83,0.17
2005-04-01,2005,4,"Shrimps, Mexican",Other Food,($/kg),9.62,-0.82,-1.84,-10.01,-34.38,-0.07
2005-05-01,2005,5,"Shrimps, Mexican",Other Food,($/kg),9.48,-1.46,-2.27,-10.57,-36.29,-0.23
2005-06-01,2005,6,"Shrimps, Mexican",Other Food,($/kg),9.59,1.16,-1.13,-7.79,-34.58,0.78
2005-07-01,2005,7,"Shrimps, Mexican",Other Food,($/kg),9.91,3.34,3.01,-5.62,-32.9,1.49
2005-08-01,2005,8,"Shrimps, Mexican",Other Food,($/kg),9.63,-2.83,1.58,-1.63,-31.75,-0.83
2005-09-01,2005,9,"Shrimps, Mexican",Other Food,($/kg),9.64,0.1,0.52,2.44,-28.91,0.1
2005-10-01,2005,10,"Shrimps, Mexican",Other Food,($/kg),9.85,2.18,-0.61,4.68,-24.29,1.03
2005-11-01,2005,11,"Shrimps, Mexican",Other Food,($/kg),9.75,-1.02,1.25,-0.41,-25.06,-0.71
2005-12-01,2005,12,"Shrimps, Mexican",Other Food,($/kg),9.81,0.62,1.76,0.0,-24.6,0.38
2006-01-01,2006,1,"Shrimps, Mexican",Other Food,($/kg),9.76,-0.51,-0.91,-0.41,-29.17,-0.31
2006-02-01,2006,2,"Shrimps, Mexican",Other Food,($/kg),9.81,0.51,0.62,1.13,-29.93,0.32
2006-03-01,2006,3,"Shrimps, Mexican",Other Food,($/kg),9.81,0.0,0.0,1.13,-29.37,-0.06
2006-04-01,2006,4,"Shrimps, Mexican",Other Food,($/kg),9.91,1.02,1.54,3.01,-32.9,0.55
2006-05-01,2006,5,"Shrimps, Mexican",Other Food,($/kg),10.34,4.34,5.4,9.07,-32.02,2.49
2006-06-01,2006,6,"Shrimps, Mexican",Other Food,($/kg),10.49,1.45,6.93,9.38,-26.23,0.37
2006-07-01,2006,7,"Shrimps, Mexican",Other Food,($/kg),10.45,-0.38,5.45,5.45,-34.61,-0.6
2006-08-01,2006,8,"Shrimps, Mexican",Other Food,($/kg),9.65,-7.66,-6.67,0.21,-32.14,-4.6
2006-09-01,2006,9,"Shrimps, Mexican",Other Food,($/kg),9.12,-5.49,-13.06,-5.39,-29.9,-1.97
2006-10-01,2006,10,"Shrimps, Mexican",Other Food,($/kg),8.68,-4.82,-16.94,-11.88,-27.06,-1.36
2006-11-01,2006,11,"Shrimps, Mexican",Other Food,($/kg),8.6,-0.92,-10.88,-11.79,-26.37,0.02
2006-12-01,2006,12,"Shrimps, Mexican",Other Food,($/kg),8.64,0.47,-5.26,-11.93,-24.61,0.43
2007-01-01,2007,1,"Shrimps, Mexican",Other Food,($/kg),8.76,1.39,0.92,-10.25,-25.7,0.71
2007-02-01,2007,2,"Shrimps, Mexican",Other Food,($/kg),8.82,0.68,2.56,-10.09,-25.88,0.45
2007-03-01,2007,3,"Shrimps, Mexican",Other Food,($/kg),9.03,2.38,4.51,-7.95,-24.12,0.94
2007-04-01,2007,4,"Shrimps, Mexican",Other Food,($/kg),9.42,4.32,7.53,-4.94,-16.19,1.39
2007-05-01,2007,5,"Shrimps, Mexican",Other Food,($/kg),9.68,2.76,9.75,-6.38,-12.16,0.82
2007-06-01,2007,6,"Shrimps, Mexican",Other Food,($/kg),9.93,2.58,9.97,-5.34,-2.07,0.84
2007-07-01,2007,7,"Shrimps, Mexican",Other Food,($/kg),10.19,2.62,8.17,-2.49,1.6,0.81
2007-08-01,2007,8,"Shrimps, Mexican",Other Food,($/kg),10.07,-1.18,4.03,4.35,8.75,-0.27
2007-09-01,2007,9,"Shrimps, Mexican",Other Food,($/kg),9.92,-1.49,-0.1,8.77,8.42,-0.62
2007-10-01,2007,10,"Shrimps, Mexican",Other Food,($/kg),9.92,0.0,-2.65,14.29,4.64,-0.29
2007-11-01,2007,11,"Shrimps, Mexican",Other Food,($/kg),10.12,2.02,0.5,17.67,6.75,0.48
2007-12-01,2007,12,"Shrimps, Mexican",Other Food,($/kg),10.3,1.78,3.83,19.21,11.23,0.23
2008-01-01,2008,1,"Shrimps, Mexican",Other Food,($/kg),10.47,1.65,5.54,19.52,9.18,0.09
2008-02-01,2008,2,"Shrimps, Mexican",Other Food,($/kg),10.47,0.0,3.46,18.71,3.25,-0.88
2008-03-01,2008,3,"Shrimps, Mexican",Other Food,($/kg),10.47,0.0,1.65,15.95,3.25,-0.83
2008-04-01,2008,4,"Shrimps, Mexican",Other Food,($/kg),10.47,0.0,0.0,11.15,-8.64,-0.71
2008-05-01,2008,5,"Shrimps, Mexican",Other Food,($/kg),10.47,0.0,0.0,8.16,-12.02,-0.59
2008-06-01,2008,6,"Shrimps, Mexican",Other Food,($/kg),10.73,2.48,2.48,8.06,-10.73,1.29
2008-07-01,2008,7,"Shrimps, Mexican",Other Food,($/kg),11.19,4.29,6.88,9.81,-6.91,2.6
2008-08-01,2008,8,"Shrimps, Mexican",Other Food,($/kg),11.23,0.36,7.26,11.52,-2.26,-0.26
2008-09-01,2008,9,"Shrimps, Mexican",Other Food,($/kg),10.6,-5.61,-1.21,6.85,-0.19,-4.2
2008-10-01,2008,10,"Shrimps, Mexican",Other Food,($/kg),10.36,-2.26,-7.42,4.44,1.47,-1.2
2008-11-01,2008,11,"Shrimps, Mexican",Other Food,($/kg),9.96,-3.86,-11.31,-1.58,-0.4,-1.69
2008-12-01,2008,12,"Shrimps, Mexican",Other Food,($/kg),9.71,-2.51,-8.4,-5.73,-0.31,-0.88
2009-01-01,2009,1,"Shrimps, Mexican",Other Food,($/kg),9.74,0.31,-5.98,-6.97,-4.51,0.28
2009-02-01,2009,2,"Shrimps, Mexican",Other Food,($/kg),9.92,1.85,-0.4,-5.25,-3.78,0.9
2009-03-01,2009,3,"Shrimps, Mexican",Other Food,($/kg),10.03,1.11,3.3,-4.2,-4.66,0.55
2009-04-01,2009,4,"Shrimps, Mexican",Other Food,($/kg),10.03,0.0,2.98,-4.2,-6.17,0.11
2009-05-01,2009,5,"Shrimps, Mexican",Other Food,($/kg),9.88,-1.5,-0.4,-5.64,-6.79,-0.42
2009-06-01,2009,6,"Shrimps, Mexican",Other Food,($/kg),9.55,-3.34,-4.79,-11.0,-8.17,-1.03
2009-07-01,2009,7,"Shrimps, Mexican",Other Food,($/kg),9.05,-5.24,-9.77,-19.12,-13.81,-1.56
2009-08-01,2009,8,"Shrimps, Mexican",Other Food,($/kg),8.34,-7.85,-15.59,-25.73,-14.81,-2.47
2009-09-01,2009,9,"Shrimps, Mexican",Other Food,($/kg),7.81,-6.35,-18.22,-26.32,-17.0,-1.34
2009-10-01,2009,10,"Shrimps, Mexican",Other Food,($/kg),7.62,-2.43,-15.8,-26.45,-19.02,0.01
2009-11-01,2009,11,"Shrimps, Mexican",Other Food,($/kg),7.5,-1.57,-10.07,-24.7,-23.39,0.3
2009-12-01,2009,12,"Shrimps, Mexican",Other Food,($/kg),7.55,0.67,-3.33,-22.25,-23.04,0.99
2010-01-01,2010,1,"Shrimps, Mexican",Other Food,($/kg),7.72,2.25,1.31,-20.74,-21.22,1.37
2010-02-01,2010,2,"Shrimps, Mexican",Other Food,($/kg),7.98,3.37,6.4,-19.56,-17.73,1.59
2010-03-01,2010,3,"Shrimps, Mexican",Other Food,($/kg),8.22,3.01,8.87,-18.05,-15.26,1.37
2010-04-01,2010,4,"Shrimps, Mexican",Other Food,($/kg),8.49,3.28,9.97,-15.35,-11.75,1.33
2010-05-01,2010,5,"Shrimps, Mexican",Other Food,($/kg),10.03,18.14,25.69,1.52,5.8,4.99
2010-06-01,2010,6,"Shrimps, Mexican",Other Food,($/kg),12.39,23.53,50.73,29.74,29.2,3.4
2010-07-01,2010,7,"Shrimps, Mexican",Other Food,($/kg),12.69,2.42,49.47,40.22,28.05,-0.02
2010-08-01,2010,8,"Shrimps, Mexican",Other Food,($/kg),11.97,-5.67,19.34,43.53,24.3,-0.97
2010-09-01,2010,9,"Shrimps, Mexican",Other Food,($/kg),11.73,-2.01,-5.33,50.19,21.68,-0.61
2010-10-01,2010,10,"Shrimps, Mexican",Other Food,($/kg),11.76,0.26,-7.33,54.33,19.39,-0.41
2010-11-01,2010,11,"Shrimps, Mexican",Other Food,($/kg),12.2,3.74,1.92,62.67,25.13,-0.03
2010-12-01,2010,12,"Shrimps, Mexican",Other Food,($/kg),12.46,2.13,6.22,65.03,27.01,-0.28
2011-01-01,2011,1,"Shrimps, Mexican",Other Food,($/kg),12.52,0.48,6.46,62.18,28.28,-0.5
2011-02-01,2011,2,"Shrimps, Mexican",Other Food,($/kg),12.57,0.4,3.03,57.52,28.13,-0.49
2011-03-01,2011,3,"Shrimps, Mexican",Other Food,($/kg),12.65,0.64,1.52,53.89,28.95,-0.42
2011-04-01,2011,4,"Shrimps, Mexican",Other Food,($/kg),12.79,1.11,2.16,50.65,29.06,-0.34
2011-05-01,2011,5,"Shrimps, Mexican",Other Food,($/kg),12.64,-1.17,0.56,26.02,22.24,-0.59
2011-06-01,2011,6,"Shrimps, Mexican",Other Food,($/kg),12.7,0.47,0.4,2.5,21.07,-0.23
2011-07-01,2011,7,"Shrimps, Mexican",Other Food,($/kg),12.77,0.55,-0.16,0.63,22.2,0.13
2011-08-01,2011,8,"Shrimps, Mexican",Other Food,($/kg),11.79,-7.67,-6.72,-1.5,22.18,-3.36
2011-09-01,2011,9,"Shrimps, Mexican",Other Food,($/kg),11.24,-4.66,-11.5,-4.18,23.25,-1.64
2011-10-01,2011,10,"Shrimps, Mexican",Other Food,($/kg),11.13,-0.98,-12.84,-5.36,28.23,-0.22
2011-11-01,2011,11,"Shrimps, Mexican",Other Food,($/kg),11.17,0.36,-5.26,-8.44,29.88,0.25
2011-12-01,2011,12,"Shrimps, Mexican",Other Food,($/kg),11.35,1.61,0.98,-8.91,31.37,0.83
2012-01-01,2012,1,"Shrimps, Mexican",Other Food,($/kg),11.35,0.0,1.98,-9.35,29.57,0.27
2012-02-01,2012,2,"Shrimps, Mexican",Other Food,($/kg),11.42,0.62,2.24,-9.15,29.48,0.52
2012-03-01,2012,3,"Shrimps, Mexican",Other Food,($/kg),11.56,1.23,1.85,-8.62,28.02,0.73
2012-04-01,2012,4,"Shrimps, Mexican",Other Food,($/kg),11.77,1.82,3.7,-7.97,24.95,0.92
2012-05-01,2012,5,"Shrimps, Mexican",Other Food,($/kg),11.79,0.17,3.24,-6.72,21.8,0.29
2012-06-01,2012,6,"Shrimps, Mexican",Other Food,($/kg),11.79,0.0,1.99,-7.17,18.73,0.19
2012-07-01,2012,7,"Shrimps, Mexican",Other Food,($/kg),11.79,0.0,0.17,-7.67,15.7,0.21
2012-08-01,2012,8,"Shrimps, Mexican",Other Food,($/kg),11.76,-0.25,-0.25,-0.25,16.78,0.13
2012-09-01,2012,9,"Shrimps, Mexican",Other Food,($/kg),11.37,-3.32,-3.56,1.16,14.62,-1.98
2012-10-01,2012,10,"Shrimps, Mexican",Other Food,($/kg),10.93,-3.87,-7.29,-1.8,10.18,-2.96
2012-11-01,2012,11,"Shrimps, Mexican",Other Food,($/kg),10.96,0.27,-6.8,-1.88,8.3,0.23
2012-12-01,2012,12,"Shrimps, Mexican",Other Food,($/kg),11.07,1.0,-2.64,-2.47,7.48,0.66
2013-01-01,2013,1,"Shrimps, Mexican",Other Food,($/kg),11.24,1.54,2.84,-0.97,7.35,1.02
2013-02-01,2013,2,"Shrimps, Mexican",Other Food,($/kg),11.57,2.94,5.57,1.31,10.51,1.69
2013-03-01,2013,3,"Shrimps, Mexican",Other Food,($/kg),11.9,2.85,7.5,2.94,13.66,1.38
2013-04-01,2013,4,"Shrimps, Mexican",Other Food,($/kg),12.37,3.95,10.05,5.1,18.15,1.75
2013-05-01,2013,5,"Shrimps, Mexican",Other Food,($/kg),12.8,3.48,10.63,8.57,22.25,1.31
2013-06-01,2013,6,"Shrimps, Mexican",Other Food,($/kg),13.71,7.11,15.21,16.28,27.77,2.58
2013-07-01,2013,7,"Shrimps, Mexican",Other Food,($/kg),14.61,6.56,18.11,23.92,30.56,1.71
2013-08-01,2013,8,"Shrimps, Mexican",Other Food,($/kg),15.65,7.12,22.27,33.08,39.36,1.55
2013-09-01,2013,9,"Shrimps, Mexican",Other Food,($/kg),16.08,2.75,17.29,41.42,51.7,0.08
2013-10-01,2013,10,"Shrimps, Mexican",Other Food,($/kg),16.46,2.36,12.66,50.59,58.88,-0.19
2013-11-01,2013,11,"Shrimps, Mexican",Other Food,($/kg),16.82,2.19,7.48,53.47,68.88,-0.57
2013-12-01,2013,12,"Shrimps, Mexican",Other Food,($/kg),16.87,0.3,4.91,52.39,73.74,-1.58
2014-01-01,2014,1,"Shrimps, Mexican",Other Food,($/kg),16.93,0.36,2.86,50.62,73.82,-1.46
2014-02-01,2014,2,"Shrimps, Mexican",Other Food,($/kg),16.98,0.3,0.95,46.76,71.17,-1.37
2014-03-01,2014,3,"Shrimps, Mexican",Other Food,($/kg),17.09,0.65,1.3,43.61,70.39,-1.05
2014-04-01,2014,4,"Shrimps, Mexican",Other Food,($/kg),17.66,3.34,4.31,42.76,76.07,0.09
2014-05-01,2014,5,"Shrimps, Mexican",Other Food,($/kg),17.97,1.76,5.83,40.39,81.88,-0.49
2014-06-01,2014,6,"Shrimps, Mexican",Other Food,($/kg),18.15,1.0,6.2,32.39,90.05,-0.72
2014-07-01,2014,7,"Shrimps, Mexican",Other Food,($/kg),18.98,4.57,7.47,29.91,109.72,0.94
2014-08-01,2014,8,"Shrimps, Mexican",Other Food,($/kg),19.25,1.42,7.12,23.0,130.82,-0.39
2014-09-01,2014,9,"Shrimps, Mexican",Other Food,($/kg),18.35,-4.68,1.1,14.12,134.96,-4.75
2014-10-01,2014,10,"Shrimps, Mexican",Other Food,($/kg),17.5,-4.63,-7.8,6.32,129.66,-2.56
2014-11-01,2014,11,"Shrimps, Mexican",Other Food,($/kg),17.31,-1.09,-10.08,2.91,130.8,-0.59
2014-12-01,2014,12,"Shrimps, Mexican",Other Food,($/kg),17.38,0.4,-5.29,3.02,130.2,0.05
2015-01-01,2015,1,"Shrimps, Mexican",Other Food,($/kg),17.42,0.23,-0.46,2.89,125.65,-0.02
2015-02-01,2015,2,"Shrimps, Mexican",Other Food,($/kg),17.48,0.34,0.98,2.94,119.05,0.03
2015-03-01,2015,3,"Shrimps, Mexican",Other Food,($/kg),17.45,-0.17,0.4,2.11,112.29,-0.16
2015-04-01,2015,4,"Shrimps, Mexican",Other Food,($/kg),16.93,-2.98,-2.81,-4.13,99.41,-1.16
2015-05-01,2015,5,"Shrimps, Mexican",Other Food,($/kg),15.86,-6.32,-9.27,-11.74,58.13,-2.23
2015-06-01,2015,6,"Shrimps, Mexican",Other Food,($/kg),13.79,-13.05,-20.97,-24.02,11.3,-3.89
2015-07-01,2015,7,"Shrimps, Mexican",Other Food,($/kg),12.26,-11.09,-27.58,-35.41,-3.39,-1.95
2015-08-01,2015,8,"Shrimps, Mexican",Other Food,($/kg),10.39,-15.25,-34.49,-46.03,-13.2,-2.5
2015-09-01,2015,9,"Shrimps, Mexican",Other Food,($/kg),8.77,-15.59,-36.4,-52.21,-25.23,-1.94
2015-10-01,2015,10,"Shrimps, Mexican",Other Food,($/kg),8.71,-0.68,-28.96,-50.23,-25.94,0.8
2015-11-01,2015,11,"Shrimps, Mexican",Other Food,($/kg),9.63,10.56,-7.31,-44.37,-21.07,2.46
2015-12-01,2015,12,"Shrimps, Mexican",Other Food,($/kg),9.89,2.7,12.77,-43.1,-20.63,0.9
2016-01-01,2016,1,"Shrimps, Mexican",Other Food,($/kg),10.47,5.86,20.21,-39.9,-16.37,1.25
2016-02-01,2016,2,"Shrimps, Mexican",Other Food,($/kg),10.8,3.15,12.15,-38.22,-14.08,0.82
2016-03-01,2016,3,"Shrimps, Mexican",Other Food,($/kg),10.67,-1.2,7.89,-38.85,-15.65,0.27
2016-04-01,2016,4,"Shrimps, Mexican",Other Food,($/kg),10.53,-1.31,0.57,-37.8,-17.67,0.27
2016-05-01,2016,5,"Shrimps, Mexican",Other Food,($/kg),10.47,-0.57,-3.06,-33.98,-17.17,0.34
2016-06-01,2016,6,"Shrimps, Mexican",Other Food,($/kg),10.47,0.0,-1.87,-24.08,-17.56,0.35
2016-07-01,2016,7,"Shrimps, Mexican",Other Food,($/kg),10.47,0.0,-0.57,-14.6,-18.01,0.24
2016-08-01,2016,8,"Shrimps, Mexican",Other Food,($/kg),10.84,3.53,3.53,4.33,-8.06,0.6
2016-09-01,2016,9,"Shrimps, Mexican",Other Food,($/kg),11.88,9.59,13.47,35.46,5.69,1.47
2016-10-01,2016,10,"Shrimps, Mexican",Other Food,($/kg),12.29,3.45,17.38,41.1,10.42,0.2
2016-11-01,2016,11,"Shrimps, Mexican",Other Food,($/kg),12.49,1.63,15.22,29.7,11.82,-0.34
2016-12-01,2016,12,"Shrimps, Mexican",Other Food,($/kg),13.2,5.68,11.11,33.47,16.3,1.07
2017-01-01,2017,1,"Shrimps, Mexican",Other Food,($/kg),13.41,1.59,9.11,28.08,18.15,-0.27
2017-02-01,2017,2,"Shrimps, Mexican",Other Food,($/kg),13.64,1.72,9.21,26.3,19.44,-0.13
2017-03-01,2017,3,"Shrimps, Mexican",Other Food,($/kg),13.78,1.03,4.39,29.15,19.2,-0.31
2017-04-01,2017,4,"Shrimps, Mexican",Other Food,($/kg),13.78,0.0,2.76,30.86,17.08,-0.72
2017-05-01,2017,5,"Shrimps, Mexican",Other Food,($/kg),14.29,3.7,4.77,36.49,21.2,0.48
2017-06-01,2017,6,"Shrimps, Mexican",Other Food,($/kg),14.86,3.99,7.84,41.93,26.04,0.47
2017-07-01,2017,7,"Shrimps, Mexican",Other Food,($/kg),14.73,-0.87,6.89,40.69,24.94,-1.43
2017-08-01,2017,8,"Shrimps, Mexican",Other Food,($/kg),12.84,-12.83,-10.15,18.45,9.18,-5.63
2017-09-01,2017,9,"Shrimps, Mexican",Other Food,($/kg),12.13,-5.53,-18.37,2.1,6.68,-1.33
2017-10-01,2017,10,"Shrimps, Mexican",Other Food,($/kg),11.95,-1.48,-18.87,-2.77,9.33,-0.35
2017-11-01,2017,11,"Shrimps, Mexican",Other Food,($/kg),12.17,1.84,-5.22,-2.56,11.04,0.4
2017-12-01,2017,12,"Shrimps, Mexican",Other Food,($/kg),12.24,0.58,0.91,-7.27,10.57,0.14
2018-01-01,2018,1,"Shrimps, Mexican",Other Food,($/kg),12.36,0.98,3.43,-7.83,9.96,0.33
2018-02-01,2018,2,"Shrimps, Mexican",Other Food,($/kg),12.73,2.99,4.6,-6.67,10.03,0.78
2018-03-01,2018,3,"Shrimps, Mexican",Other Food,($/kg),12.79,0.47,4.49,-7.18,7.48,0.2
2018-04-01,2018,4,"Shrimps, Mexican",Other Food,($/kg),12.83,0.31,3.8,-6.89,3.72,0.18
2018-05-01,2018,5,"Shrimps, Mexican",Other Food,($/kg),12.9,0.55,1.34,-9.73,0.78,0.22
2018-06-01,2018,6,"Shrimps, Mexican",Other Food,($/kg),12.54,-2.79,-1.95,-15.61,-8.53,-0.45
2018-07-01,2018,7,"Shrimps, Mexican",Other Food,($/kg),12.24,-2.39,-4.6,-16.9,-16.22,-0.25
2018-08-01,2018,8,"Shrimps, Mexican",Other Food,($/kg),12.02,-1.8,-6.82,-6.39,-23.19,-0.08
2018-09-01,2018,9,"Shrimps, Mexican",Other Food,($/kg),11.53,-4.08,-8.05,-4.95,-28.3,-1.52
2018-10-01,2018,10,"Shrimps, Mexican",Other Food,($/kg),11.46,-0.61,-6.37,-4.1,-30.38,-0.1
2018-11-01,2018,11,"Shrimps, Mexican",Other Food,($/kg),11.66,1.75,-3.0,-4.19,-30.68,1.01
2018-12-01,2018,12,"Shrimps, Mexican",Other Food,($/kg),11.79,1.11,2.25,-3.68,-30.11,0.71
2019-01-01,2019,1,"Shrimps, Mexican",Other Food,($/kg),11.79,0.0,2.88,-4.61,-30.36,0.14
2019-02-01,2019,2,"Shrimps, Mexican",Other Food,($/kg),11.79,0.0,1.11,-7.38,-30.57,0.18
2019-03-01,2019,3,"Shrimps, Mexican",Other Food,($/kg),11.79,0.0,0.0,-7.82,-31.01,0.35
2019-04-01,2019,4,"Shrimps, Mexican",Other Food,($/kg),11.79,0.0,0.0,-8.11,-33.24,0.38
2019-05-01,2019,5,"Shrimps, Mexican",Other Food,($/kg),11.79,0.0,0.0,-8.6,-34.39,0.4
2019-06-01,2019,6,"Shrimps, Mexican",Other Food,($/kg),11.97,1.53,1.53,-4.55,-34.05,1.33
2019-07-01,2019,7,"Shrimps, Mexican",Other Food,($/kg),12.95,8.19,9.84,5.8,-31.77,5.11
2019-08-01,2019,8,"Shrimps, Mexican",Other Food,($/kg),13.06,0.85,10.77,8.65,-32.16,0.12
2019-09-01,2019,9,"Shrimps, Mexican",Other Food,($/kg),13.23,1.3,10.53,14.74,-27.9,0.21
2019-10-01,2019,10,"Shrimps, Mexican",Other Food,($/kg),13.4,1.28,3.47,16.93,-23.43,0.05
2019-11-01,2019,11,"Shrimps, Mexican",Other Food,($/kg),13.68,2.09,4.75,17.32,-20.97,0.33
2019-12-01,2019,12,"Shrimps, Mexican",Other Food,($/kg),13.95,1.97,5.44,18.32,-19.74,0.27
2020-01-01,2020,1,"Shrimps, Mexican",Other Food,($/kg),14.0,0.36,4.48,18.74,-19.63,-0.47
2020-02-01,2020,2,"Shrimps, Mexican",Other Food,($/kg),14.0,0.0,2.34,18.74,-19.91,-0.65
2020-03-01,2020,3,"Shrimps, Mexican",Other Food,($/kg),14.0,0.0,0.36,18.74,-19.77,-0.65
2020-04-01,2020,4,"Shrimps, Mexican",Other Food,($/kg),13.89,-0.79,-0.79,17.81,-17.96,-1.0
2020-05-01,2020,5,"Shrimps, Mexican",Other Food,($/kg),12.55,-9.65,-10.36,6.45,-20.87,-4.77
2020-06-01,2020,6,"Shrimps, Mexican",Other Food,($/kg),12.13,-3.35,-13.36,1.34,-12.04,-1.0
2020-07-01,2020,7,"Shrimps, Mexican",Other Food,($/kg),12.52,3.22,-9.86,-3.32,2.12,0.74
2020-08-01,2020,8,"Shrimps, Mexican",Other Food,($/kg),12.57,0.4,0.16,-3.75,20.98,0.18
2020-09-01,2020,9,"Shrimps, Mexican",Other Food,($/kg),11.86,-5.65,-2.23,-10.36,35.23,-1.59
2020-10-01,2020,10,"Shrimps, Mexican",Other Food,($/kg),11.35,-4.3,-9.35,-15.3,30.31,-0.94
2020-11-01,2020,11,"Shrimps, Mexican",Other Food,($/kg),11.53,1.59,-8.27,-15.72,19.73,0.77
2020-12-01,2020,12,"Shrimps, Mexican",Other Food,($/kg),11.68,1.3,-1.52,-16.27,18.1,0.72
2021-01-01,2021,1,"Shrimps, Mexican",Other Food,($/kg),11.75,0.6,3.52,-16.07,12.23,0.55
2021-02-01,2021,2,"Shrimps, Mexican",Other Food,($/kg),11.93,1.53,3.47,-14.79,10.46,0.8
2021-03-01,2021,3,"Shrimps, Mexican",Other Food,($/kg),12.28,2.93,5.14,-12.29,15.09,1.12
2021-04-01,2021,4,"Shrimps, Mexican",Other Food,($/kg),12.49,1.71,6.3,-10.08,18.61,0.69
2021-05-01,2021,5,"Shrimps, Mexican",Other Food,($/kg),12.65,1.28,6.04,0.8,20.82,0.52
2021-06-01,2021,6,"Shrimps, Mexican",Other Food,($/kg),13.4,5.93,9.12,10.47,27.98,2.01
2021-07-01,2021,7,"Shrimps, Mexican",Other Food,($/kg),15.86,18.36,26.98,26.68,51.48,5.61
2021-08-01,2021,8,"Shrimps, Mexican",Other Food,($/kg),15.76,-0.63,24.58,25.38,45.39,-0.47
2021-09-01,2021,9,"Shrimps, Mexican",Other Food,($/kg),14.67,-6.92,9.48,23.69,23.48,-1.5
2021-10-01,2021,10,"Shrimps, Mexican",Other Food,($/kg),14.47,-1.36,-8.76,27.49,17.74,-0.54
2021-11-01,2021,11,"Shrimps, Mexican",Other Food,($/kg),14.49,0.14,-8.06,25.67,16.01,-0.35
2021-12-01,2021,12,"Shrimps, Mexican",Other Food,($/kg),14.62,0.9,-0.34,25.17,10.76,-0.2
2022-01-01,2022,1,"Shrimps, Mexican",Other Food,($/kg),14.78,1.09,2.14,25.79,10.22,-0.16
2022-02-01,2022,2,"Shrimps, Mexican",Other Food,($/kg),14.88,0.68,2.69,24.73,9.09,-0.24
2022-03-01,2022,3,"Shrimps, Mexican",Other Food,($/kg),14.96,0.54,2.33,21.82,8.56,-0.25
2022-04-01,2022,4,"Shrimps, Mexican",Other Food,($/kg),14.99,0.2,1.42,20.02,8.78,-0.27
2022-05-01,2022,5,"Shrimps, Mexican",Other Food,($/kg),15.13,0.93,1.68,19.6,5.88,-0.13
2022-06-01,2022,6,"Shrimps, Mexican",Other Food,($/kg),14.86,-1.78,-0.67,10.9,0.0,-0.58
2022-07-01,2022,7,"Shrimps, Mexican",Other Food,($/kg),14.04,-5.52,-6.34,-11.48,-4.68,-1.11
2022-08-01,2022,8,"Shrimps, Mexican",Other Food,($/kg),12.63,-10.04,-16.52,-19.86,-1.64,-3.45
2022-09-01,2022,9,"Shrimps, Mexican",Other Food,($/kg),11.51,-8.87,-22.54,-21.54,-5.11,-1.92
2022-10-01,2022,10,"Shrimps, Mexican",Other Food,($/kg),11.46,-0.43,-18.38,-20.8,-4.1,0.37
2022-11-01,2022,11,"Shrimps, Mexican",Other Food,($/kg),11.46,0.0,-9.26,-20.91,-5.83,0.46
2022-12-01,2022,12,"Shrimps, Mexican",Other Food,($/kg),11.46,0.0,-0.43,-21.61,-6.37,0.47
2023-01-01,2023,1,"Shrimps, Mexican",Other Food,($/kg),11.46,0.0,0.0,-22.46,-7.28,0.49
2023-02-01,2023,2,"Shrimps, Mexican",Other Food,($/kg),11.06,-3.49,-3.49,-25.67,-13.12,-0.38
2023-03-01,2023,3,"Shrimps, Mexican",Other Food,($/kg),11.0,-0.54,-4.01,-26.47,-14.0,0.48
2023-04-01,2023,4,"Shrimps, Mexican",Other Food,($/kg),10.91,-0.82,-4.8,-27.22,-14.96,0.44
2023-05-01,2023,5,"Shrimps, Mexican",Other Food,($/kg),10.91,0.0,-1.36,-27.89,-15.43,0.69
2023-06-01,2023,6,"Shrimps, Mexican",Other Food,($/kg),10.36,-5.04,-5.82,-30.28,-17.38,-0.67
2023-07-01,2023,7,"Shrimps, Mexican",Other Food,($/kg),9.8,-5.41,-10.17,-30.2,-19.93,-0.68
2023-08-01,2023,8,"Shrimps, Mexican",Other Food,($/kg),9.05,-7.65,-17.05,-28.35,-24.71,-1.3
2023-09-01,2023,9,"Shrimps, Mexican",Other Food,($/kg),8.71,-3.76,-15.93,-24.33,-24.46,-0.33
2023-10-01,2023,10,"Shrimps, Mexican",Other Food,($/kg),8.6,-1.26,-12.24,-24.96,-24.96,0.37
1960-01-01,1960,1,Silver,Precious Metals,($/troy oz),0.9,,,,,
1960-02-01,1960,2,Silver,Precious Metals,($/troy oz),0.9,0.0,,,,
1960-03-01,1960,3,Silver,Precious Metals,($/troy oz),0.9,0.0,,,,
1960-04-01,1960,4,Silver,Precious Metals,($/troy oz),0.9,0.0,0.0,,,
1960-05-01,1960,5,Silver,Precious Metals,($/troy oz),0.9,0.0,0.0,,,
1960-06-01,1960,6,Silver,Precious Metals,($/troy oz),0.9,0.0,0.0,,,
1960-07-01,1960,7,Silver,Precious Metals,($/troy oz),0.9,0.0,0.0,,,
1960-08-01,1960,8,Silver,Precious Metals,($/troy oz),0.9,0.0,0.0,,,0.0
1960-09-01,1960,9,Silver,Precious Metals,($/troy oz),0.9,0.0,0.0,,,0.0
1960-10-01,1960,10,Silver,Precious Metals,($/troy oz),0.9,0.0,0.0,,,0.0
1960-11-01,1960,11,Silver,Precious Metals,($/troy oz),0.9,0.0,0.0,,,0.0
1960-12-01,1960,12,Silver,Precious Metals,($/troy oz),0.9,0.0,0.0,,,0.0
1961-01-01,1961,1,Silver,Precious Metals,($/troy oz),0.9,0.0,0.0,0.0,,0.0
1961-02-01,1961,2,Silver,Precious Metals,($/troy oz),0.9,0.0,0.0,0.0,,0.0
1961-03-01,1961,3,Silver,Precious Metals,($/troy oz),0.9,0.0,0.0,0.0,,0.0
1961-04-01,1961,4,Silver,Precious Metals,($/troy oz),0.9,0.0,0.0,0.0,,0.0
1961-05-01,1961,5,Silver,Precious Metals,($/troy oz),0.9,0.0,0.0,0.0,,0.0
1961-06-01,1961,6,Silver,Precious Metals,($/troy oz),0.9,0.0,0.0,0.0,,0.0
1961-07-01,1961,7,Silver,Precious Metals,($/troy oz),0.9,0.0,0.0,0.0,,0.0
1961-08-01,1961,8,Silver,Precious Metals,($/troy oz),0.9,0.0,0.0,0.0,,0.0
1961-09-01,1961,9,Silver,Precious Metals,($/troy oz),0.9,0.0,0.0,0.0,,0.0
1961-10-01,1961,10,Silver,Precious Metals,($/troy oz),0.9,0.0,0.0,0.0,,0.0
1961-11-01,1961,11,Silver,Precious Metals,($/troy oz),0.9,0.0,0.0,0.0,,0.0
1961-12-01,1961,12,Silver,Precious Metals,($/troy oz),1.0,11.11,11.11,11.11,,0.0
1962-01-01,1962,1,Silver,Precious Metals,($/troy oz),1.0,0.0,11.11,11.11,,-0.29
1962-02-01,1962,2,Silver,Precious Metals,($/troy oz),1.0,0.0,11.11,11.11,,-0.29
1962-03-01,1962,3,Silver,Precious Metals,($/troy oz),1.0,0.0,0.0,11.11,,-0.29
1962-04-01,1962,4,Silver,Precious Metals,($/troy oz),1.0,0.0,0.0,11.11,,-0.29
1962-05-01,1962,5,Silver,Precious Metals,($/troy oz),1.0,0.0,0.0,11.11,,-0.29
1962-06-01,1962,6,Silver,Precious Metals,($/troy oz),1.0,0.0,0.0,11.11,,-0.29
1962-07-01,1962,7,Silver,Precious Metals,($/troy oz),1.0,0.0,0.0,11.11,,-0.29
1962-08-01,1962,8,Silver,Precious Metals,($/troy oz),1.1,10.0,10.0,22.22,,2.83
1962-09-01,1962,9,Silver,Precious Metals,($/troy oz),1.2,9.09,20.0,33.33,,1.78
1962-10-01,1962,10,Silver,Precious Metals,($/troy oz),1.2,0.0,20.0,33.33,,-0.55
1962-11-01,1962,11,Silver,Precious Metals,($/troy oz),1.2,0.0,9.09,33.33,,-0.55
1962-12-01,1962,12,Silver,Precious Metals,($/troy oz),1.2,0.0,0.0,20.0,,-0.55
1963-01-01,1963,1,Silver,Precious Metals,($/troy oz),1.2,0.0,0.0,20.0,,-0.43
1963-02-01,1963,2,Silver,Precious Metals,($/troy oz),1.3,8.33,8.33,30.0,,1.81
1963-03-01,1963,3,Silver,Precious Metals,($/troy oz),1.3,0.0,8.33,30.0,,-0.55
1963-04-01,1963,4,Silver,Precious Metals,($/troy oz),1.3,0.0,8.33,30.0,,-0.55
1963-05-01,1963,5,Silver,Precious Metals,($/troy oz),1.3,0.0,0.0,30.0,,-0.55
1963-06-01,1963,6,Silver,Precious Metals,($/troy oz),1.3,0.0,0.0,30.0,,-0.55
1963-07-01,1963,7,Silver,Precious Metals,($/troy oz),1.3,0.0,0.0,30.0,,-0.55
1963-08-01,1963,8,Silver,Precious Metals,($/troy oz),1.3,0.0,0.0,18.18,,-0.55
1963-09-01,1963,9,Silver,Precious Metals,($/troy oz),1.3,0.0,0.0,8.33,,-0.43
1963-10-01,1963,10,Silver,Precious Metals,($/troy oz),1.3,0.0,0.0,8.33,,-0.29
1963-11-01,1963,11,Silver,Precious Metals,($/troy oz),1.3,0.0,0.0,8.33,,-0.29
1963-12-01,1963,12,Silver,Precious Metals,($/troy oz),1.3,0.0,0.0,8.33,,-0.29
1964-01-01,1964,1,Silver,Precious Metals,($/troy oz),1.3,0.0,0.0,8.33,,-0.29
1964-02-01,1964,2,Silver,Precious Metals,($/troy oz),1.3,0.0,0.0,0.0,,-0.29
1964-03-01,1964,3,Silver,Precious Metals,($/troy oz),1.3,0.0,0.0,0.0,,0.0
1964-04-01,1964,4,Silver,Precious Metals,($/troy oz),1.3,0.0,0.0,0.0,,0.0
1964-05-01,1964,5,Silver,Precious Metals,($/troy oz),1.3,0.0,0.0,0.0,,0.0
1964-06-01,1964,6,Silver,Precious Metals,($/troy oz),1.3,0.0,0.0,0.0,,0.0
1964-07-01,1964,7,Silver,Precious Metals,($/troy oz),1.3,0.0,0.0,0.0,,0.0
1964-08-01,1964,8,Silver,Precious Metals,($/troy oz),1.3,0.0,0.0,0.0,,0.0
1964-09-01,1964,9,Silver,Precious Metals,($/troy oz),1.3,0.0,0.0,0.0,,0.0
1964-10-01,1964,10,Silver,Precious Metals,($/troy oz),1.3,0.0,0.0,0.0,,0.0
1964-11-01,1964,11,Silver,Precious Metals,($/troy oz),1.3,0.0,0.0,0.0,,0.0
1964-12-01,1964,12,Silver,Precious Metals,($/troy oz),1.3,0.0,0.0,0.0,,0.0
1965-01-01,1965,1,Silver,Precious Metals,($/troy oz),1.3,0.0,0.0,0.0,44.44,0.0
1965-02-01,1965,2,Silver,Precious Metals,($/troy oz),1.3,0.0,0.0,0.0,44.44,0.0
1965-03-01,1965,3,Silver,Precious Metals,($/troy oz),1.3,0.0,0.0,0.0,44.44,0.0
1965-04-01,1965,4,Silver,Precious Metals,($/troy oz),1.3,0.0,0.0,0.0,44.44,0.0
1965-05-01,1965,5,Silver,Precious Metals,($/troy oz),1.3,0.0,0.0,0.0,44.44,0.0
1965-06-01,1965,6,Silver,Precious Metals,($/troy oz),1.3,0.0,0.0,0.0,44.44,0.0
1965-07-01,1965,7,Silver,Precious Metals,($/troy oz),1.3,0.0,0.0,0.0,44.44,0.0
1965-08-01,1965,8,Silver,Precious Metals,($/troy oz),1.3,0.0,0.0,0.0,44.44,0.0
1965-09-01,1965,9,Silver,Precious Metals,($/troy oz),1.3,0.0,0.0,0.0,44.44,0.0
1965-10-01,1965,10,Silver,Precious Metals,($/troy oz),1.3,0.0,0.0,0.0,44.44,0.0
1965-11-01,1965,11,Silver,Precious Metals,($/troy oz),1.3,0.0,0.0,0.0,44.44,0.0
1965-12-01,1965,12,Silver,Precious Metals,($/troy oz),1.3,0.0,0.0,0.0,44.44,0.0
1966-01-01,1966,1,Silver,Precious Metals,($/troy oz),1.3,0.0,0.0,0.0,44.44,0.0
1966-02-01,1966,2,Silver,Precious Metals,($/troy oz),1.3,0.0,0.0,0.0,44.44,0.0
1966-03-01,1966,3,Silver,Precious Metals,($/troy oz),1.3,0.0,0.0,0.0,44.44,0.0
1966-04-01,1966,4,Silver,Precious Metals,($/troy oz),1.3,0.0,0.0,0.0,44.44,0.0
1966-05-01,1966,5,Silver,Precious Metals,($/troy oz),1.3,0.0,0.0,0.0,44.44,0.0
1966-06-01,1966,6,Silver,Precious Metals,($/troy oz),1.3,0.0,0.0,0.0,44.44,0.0
1966-07-01,1966,7,Silver,Precious Metals,($/troy oz),1.3,0.0,0.0,0.0,44.44,0.0
1966-08-01,1966,8,Silver,Precious Metals,($/troy oz),1.3,0.0,0.0,0.0,44.44,0.0
1966-09-01,1966,9,Silver,Precious Metals,($/troy oz),1.3,0.0,0.0,0.0,44.44,0.0
1966-10-01,1966,10,Silver,Precious Metals,($/troy oz),1.3,0.0,0.0,0.0,44.44,0.0
1966-11-01,1966,11,Silver,Precious Metals,($/troy oz),1.3,0.0,0.0,0.0,44.44,0.0
1966-12-01,1966,12,Silver,Precious Metals,($/troy oz),1.3,0.0,0.0,0.0,30.0,0.0
1967-01-01,1967,1,Silver,Precious Metals,($/troy oz),1.3,0.0,0.0,0.0,30.0,0.0
1967-02-01,1967,2,Silver,Precious Metals,($/troy oz),1.3,0.0,0.0,0.0,30.0,0.0
1967-03-01,1967,3,Silver,Precious Metals,($/troy oz),1.3,0.0,0.0,0.0,30.0,0.0
1967-04-01,1967,4,Silver,Precious Metals,($/troy oz),1.3,0.0,0.0,0.0,30.0,0.0
1967-05-01,1967,5,Silver,Precious Metals,($/troy oz),1.3,0.0,0.0,0.0,30.0,0.0
1967-06-01,1967,6,Silver,Precious Metals,($/troy oz),1.3,0.0,0.0,0.0,30.0,0.0
1967-07-01,1967,7,Silver,Precious Metals,($/troy oz),1.6,23.08,23.08,23.08,60.0,0.0
1967-08-01,1967,8,Silver,Precious Metals,($/troy oz),1.7,6.25,30.77,30.77,54.55,0.65
1967-09-01,1967,9,Silver,Precious Metals,($/troy oz),1.7,0.0,30.77,30.77,41.67,-0.36
1967-10-01,1967,10,Silver,Precious Metals,($/troy oz),1.8,5.88,12.5,38.46,50.0,0.51
1967-11-01,1967,11,Silver,Precious Metals,($/troy oz),2.0,11.11,17.65,53.85,66.67,1.21
1967-12-01,1967,12,Silver,Precious Metals,($/troy oz),2.1,5.0,23.53,61.54,75.0,0.16
1968-01-01,1968,1,Silver,Precious Metals,($/troy oz),2.0,-4.76,11.11,53.85,66.67,-1.3
1968-02-01,1968,2,Silver,Precious Metals,($/troy oz),1.9,-5.0,-5.0,46.15,46.15,-1.21
1968-03-01,1968,3,Silver,Precious Metals,($/troy oz),2.2,15.79,4.76,69.23,69.23,1.59
1968-04-01,1968,4,Silver,Precious Metals,($/troy oz),2.2,0.0,10.0,69.23,69.23,-0.57
1968-05-01,1968,5,Silver,Precious Metals,($/troy oz),2.4,9.09,26.32,84.62,84.62,0.51
1968-06-01,1968,6,Silver,Precious Metals,($/troy oz),2.5,4.17,13.64,92.31,92.31,-0.16
1968-07-01,1968,7,Silver,Precious Metals,($/troy oz),2.3,-8.0,4.55,43.75,76.92,-1.7
1968-08-01,1968,8,Silver,Precious Metals,($/troy oz),2.2,-4.35,-8.33,29.41,69.23,-1.08
1968-09-01,1968,9,Silver,Precious Metals,($/troy oz),2.2,0.0,-12.0,29.41,69.23,-0.33
1968-10-01,1968,10,Silver,Precious Metals,($/troy oz),2.0,-9.09,-13.04,11.11,53.85,-1.57
1968-11-01,1968,11,Silver,Precious Metals,($/troy oz),2.0,0.0,-9.09,0.0,53.85,-0.15
1968-12-01,1968,12,Silver,Precious Metals,($/troy oz),2.0,0.0,-9.09,-4.76,53.85,-0.03
1969-01-01,1969,1,Silver,Precious Metals,($/troy oz),2.0,0.0,0.0,0.0,53.85,0.03
1969-02-01,1969,2,Silver,Precious Metals,($/troy oz),1.8,-10.0,-10.0,-5.26,38.46,-1.46
1969-03-01,1969,3,Silver,Precious Metals,($/troy oz),1.8,0.0,-10.0,-18.18,38.46,0.03
1969-04-01,1969,4,Silver,Precious Metals,($/troy oz),1.8,0.0,-10.0,-18.18,38.46,0.27
1969-05-01,1969,5,Silver,Precious Metals,($/troy oz),1.8,0.0,0.0,-25.0,38.46,0.27
1969-06-01,1969,6,Silver,Precious Metals,($/troy oz),1.6,-11.11,-11.11,-36.0,23.08,-1.97
1969-07-01,1969,7,Silver,Precious Metals,($/troy oz),1.6,0.0,-11.11,-30.43,23.08,0.76
1969-08-01,1969,8,Silver,Precious Metals,($/troy oz),1.7,6.25,-5.56,-22.73,30.77,2.02
1969-09-01,1969,9,Silver,Precious Metals,($/troy oz),1.8,5.88,12.5,-18.18,38.46,1.52
1969-10-01,1969,10,Silver,Precious Metals,($/troy oz),1.9,5.56,18.75,-5.0,46.15,1.25
1969-11-01,1969,11,Silver,Precious Metals,($/troy oz),1.9,0.0,11.76,-5.0,46.15,0.05
1969-12-01,1969,12,Silver,Precious Metals,($/troy oz),1.8,-5.26,0.0,-10.0,38.46,-0.91
1970-01-01,1970,1,Silver,Precious Metals,($/troy oz),1.9,5.56,0.0,-5.0,46.15,1.11
1970-02-01,1970,2,Silver,Precious Metals,($/troy oz),1.9,0.0,0.0,5.56,46.15,0.04
1970-03-01,1970,3,Silver,Precious Metals,($/troy oz),1.9,0.0,5.56,5.56,46.15,-0.11
1970-04-01,1970,4,Silver,Precious Metals,($/troy oz),1.9,0.0,0.0,5.56,46.15,-0.11
1970-05-01,1970,5,Silver,Precious Metals,($/troy oz),1.7,-10.53,-10.53,-5.56,30.77,-2.19
1970-06-01,1970,6,Silver,Precious Metals,($/troy oz),1.6,-5.88,-15.79,0.0,23.08,-0.93
1970-07-01,1970,7,Silver,Precious Metals,($/troy oz),1.7,6.25,-10.53,6.25,30.77,1.16
1970-08-01,1970,8,Silver,Precious Metals,($/troy oz),1.8,5.88,5.88,5.88,38.46,0.94
1970-09-01,1970,9,Silver,Precious Metals,($/troy oz),1.8,0.0,12.5,0.0,38.46,-0.11
1970-10-01,1970,10,Silver,Precious Metals,($/troy oz),1.7,-5.56,0.0,-10.53,30.77,-1.07
1970-11-01,1970,11,Silver,Precious Metals,($/troy oz),1.8,5.88,0.0,-5.26,38.46,1.28
1970-12-01,1970,12,Silver,Precious Metals,($/troy oz),1.6,-11.11,-11.11,-11.11,23.08,-1.94
1971-01-01,1971,1,Silver,Precious Metals,($/troy oz),1.6,0.0,-5.88,-15.79,23.08,0.13
1971-02-01,1971,2,Silver,Precious Metals,($/troy oz),1.6,0.0,-11.11,-15.79,23.08,0.21
1971-03-01,1971,3,Silver,Precious Metals,($/troy oz),1.7,6.25,6.25,-10.53,30.77,1.26
1971-04-01,1971,4,Silver,Precious Metals,($/troy oz),1.7,0.0,6.25,-10.53,30.77,0.12
1971-05-01,1971,5,Silver,Precious Metals,($/troy oz),1.7,0.0,6.25,0.0,30.77,0.12
1971-06-01,1971,6,Silver,Precious Metals,($/troy oz),1.6,-5.88,-5.88,0.0,23.08,-1.09
1971-07-01,1971,7,Silver,Precious Metals,($/troy oz),1.6,0.0,-5.88,-5.88,23.08,-0.03
1971-08-01,1971,8,Silver,Precious Metals,($/troy oz),1.6,0.0,-5.88,-11.11,23.08,0.07
1971-09-01,1971,9,Silver,Precious Metals,($/troy oz),1.4,-12.5,-12.5,-22.22,7.69,-2.42
1971-10-01,1971,10,Silver,Precious Metals,($/troy oz),1.3,-7.14,-18.75,-23.53,0.0,-0.9
1971-11-01,1971,11,Silver,Precious Metals,($/troy oz),1.3,0.0,-18.75,-27.78,0.0,0.34
1971-12-01,1971,12,Silver,Precious Metals,($/troy oz),1.4,7.69,0.0,-12.5,7.69,1.87
1972-01-01,1972,1,Silver,Precious Metals,($/troy oz),1.5,7.14,15.38,-6.25,15.38,1.48
1972-02-01,1972,2,Silver,Precious Metals,($/troy oz),1.5,0.0,15.38,-6.25,15.38,0.06
1972-03-01,1972,3,Silver,Precious Metals,($/troy oz),1.5,0.0,7.14,-11.76,15.38,0.06
1972-04-01,1972,4,Silver,Precious Metals,($/troy oz),1.6,6.67,6.67,-5.88,23.08,1.35
1972-05-01,1972,5,Silver,Precious Metals,($/troy oz),1.6,0.0,6.67,-5.88,23.08,0.06
1972-06-01,1972,6,Silver,Precious Metals,($/troy oz),1.6,0.0,6.67,0.0,23.08,0.06
1972-07-01,1972,7,Silver,Precious Metals,($/troy oz),1.7,6.25,6.25,6.25,6.25,1.06
1972-08-01,1972,8,Silver,Precious Metals,($/troy oz),1.8,5.88,12.5,12.5,5.88,0.87
1972-09-01,1972,9,Silver,Precious Metals,($/troy oz),1.8,0.0,12.5,28.57,5.88,-0.19
1972-10-01,1972,10,Silver,Precious Metals,($/troy oz),1.8,0.0,5.88,38.46,0.0,-0.49
1972-11-01,1972,11,Silver,Precious Metals,($/troy oz),1.8,0.0,0.0,38.46,-10.0,-0.8
1972-12-01,1972,12,Silver,Precious Metals,($/troy oz),2.0,11.11,11.11,42.86,-4.76,2.38
1973-01-01,1973,1,Silver,Precious Metals,($/troy oz),2.0,0.0,11.11,33.33,0.0,-0.77
1973-02-01,1973,2,Silver,Precious Metals,($/troy oz),2.2,10.0,22.22,46.67,15.79,1.93
1973-03-01,1973,3,Silver,Precious Metals,($/troy oz),2.3,4.55,15.0,53.33,4.55,0.28
1973-04-01,1973,4,Silver,Precious Metals,($/troy oz),2.2,-4.35,10.0,37.5,0.0,-1.9
1973-05-01,1973,5,Silver,Precious Metals,($/troy oz),2.4,9.09,9.09,50.0,0.0,1.34
1973-06-01,1973,6,Silver,Precious Metals,($/troy oz),2.6,8.33,13.04,62.5,4.0,0.97
1973-07-01,1973,7,Silver,Precious Metals,($/troy oz),2.7,3.85,22.73,58.82,17.39,-0.08
1973-08-01,1973,8,Silver,Precious Metals,($/troy oz),2.6,-3.7,8.33,44.44,18.18,-1.57
1973-09-01,1973,9,Silver,Precious Metals,($/troy oz),2.7,3.85,3.85,50.0,22.73,0.11
1973-10-01,1973,10,Silver,Precious Metals,($/troy oz),2.9,7.41,7.41,61.11,45.0,0.73
1973-11-01,1973,11,Silver,Precious Metals,($/troy oz),2.9,0.0,11.54,61.11,45.0,-0.79
1973-12-01,1973,12,Silver,Precious Metals,($/troy oz),3.1,6.9,14.81,55.0,55.0,0.52
1974-01-01,1974,1,Silver,Precious Metals,($/troy oz),3.6,16.13,24.14,80.0,80.0,2.52
1974-02-01,1974,2,Silver,Precious Metals,($/troy oz),5.4,50.0,86.21,145.45,200.0,7.66
1974-03-01,1974,3,Silver,Precious Metals,($/troy oz),5.3,-1.85,70.97,130.43,194.44,-0.73
1974-04-01,1974,4,Silver,Precious Metals,($/troy oz),5.0,-5.66,38.89,127.27,177.78,-0.94
1974-05-01,1974,5,Silver,Precious Metals,($/troy oz),5.4,8.0,0.0,125.0,200.0,0.01
1974-06-01,1974,6,Silver,Precious Metals,($/troy oz),4.9,-9.26,-7.55,88.46,206.25,-1.17
1974-07-01,1974,7,Silver,Precious Metals,($/troy oz),4.4,-10.2,-12.0,62.96,175.0,-1.07
1974-08-01,1974,8,Silver,Precious Metals,($/troy oz),4.4,0.0,-18.52,69.23,158.82,-0.32
1974-09-01,1974,9,Silver,Precious Metals,($/troy oz),4.0,-9.09,-18.37,48.15,122.22,-0.91
1974-10-01,1974,10,Silver,Precious Metals,($/troy oz),4.8,20.0,9.09,65.52,152.63,0.95
1974-11-01,1974,11,Silver,Precious Metals,($/troy oz),4.7,-2.08,6.82,62.07,147.37,-0.44
1974-12-01,1974,12,Silver,Precious Metals,($/troy oz),4.4,-6.38,10.0,41.94,144.44,-0.68
1975-01-01,1975,1,Silver,Precious Metals,($/troy oz),4.2,-4.55,-12.5,16.67,121.05,-0.5
1975-02-01,1975,2,Silver,Precious Metals,($/troy oz),4.4,4.76,-6.38,-18.52,131.58,0.14
1975-03-01,1975,3,Silver,Precious Metals,($/troy oz),4.3,-2.27,-2.27,-18.87,126.32,-0.1
1975-04-01,1975,4,Silver,Precious Metals,($/troy oz),4.2,-2.33,0.0,-16.0,121.05,-0.11
1975-05-01,1975,5,Silver,Precious Metals,($/troy oz),4.5,7.14,2.27,-16.67,164.71,0.96
1975-06-01,1975,6,Silver,Precious Metals,($/troy oz),4.5,0.0,4.65,-8.16,181.25,0.14
1975-07-01,1975,7,Silver,Precious Metals,($/troy oz),4.7,4.44,11.9,6.82,176.47,0.59
1975-08-01,1975,8,Silver,Precious Metals,($/troy oz),4.9,4.26,8.89,11.36,172.22,0.45
1975-09-01,1975,9,Silver,Precious Metals,($/troy oz),4.5,-8.16,0.0,12.5,150.0,-1.21
1975-10-01,1975,10,Silver,Precious Metals,($/troy oz),4.3,-4.44,-8.51,-10.42,152.94,-0.75
1975-11-01,1975,11,Silver,Precious Metals,($/troy oz),4.3,0.0,-12.24,-8.51,138.89,0.16
1975-12-01,1975,12,Silver,Precious Metals,($/troy oz),4.1,-4.65,-8.89,-6.82,156.25,-0.82
1976-01-01,1976,1,Silver,Precious Metals,($/troy oz),4.1,0.0,-4.65,-2.38,156.25,0.1
1976-02-01,1976,2,Silver,Precious Metals,($/troy oz),4.1,0.0,-4.65,-6.82,156.25,0.02
1976-03-01,1976,3,Silver,Precious Metals,($/troy oz),4.2,2.44,2.44,-2.33,147.06,0.68
1976-04-01,1976,4,Silver,Precious Metals,($/troy oz),4.4,4.76,7.32,4.76,158.82,1.12
1976-05-01,1976,5,Silver,Precious Metals,($/troy oz),4.5,2.27,9.76,0.0,164.71,0.4
1976-06-01,1976,6,Silver,Precious Metals,($/troy oz),4.8,6.67,14.29,6.67,200.0,1.63
1976-07-01,1976,7,Silver,Precious Metals,($/troy oz),4.8,0.0,9.09,2.13,200.0,-0.14
1976-08-01,1976,8,Silver,Precious Metals,($/troy oz),4.3,-10.42,-4.44,-12.24,168.75,-2.48
1976-09-01,1976,9,Silver,Precious Metals,($/troy oz),4.3,0.0,-10.42,-4.44,207.14,0.19
1976-10-01,1976,10,Silver,Precious Metals,($/troy oz),4.2,-2.33,-12.5,-2.33,223.08,-0.45
1976-11-01,1976,11,Silver,Precious Metals,($/troy oz),4.4,4.76,2.33,2.33,238.46,1.1
1976-12-01,1976,12,Silver,Precious Metals,($/troy oz),4.4,0.0,2.33,7.32,214.29,-0.06
1977-01-01,1977,1,Silver,Precious Metals,($/troy oz),4.4,0.0,4.76,7.32,193.33,-0.16
1977-02-01,1977,2,Silver,Precious Metals,($/troy oz),4.5,2.27,2.27,9.76,200.0,0.37
1977-03-01,1977,3,Silver,Precious Metals,($/troy oz),4.9,8.89,11.36,16.67,226.67,1.83
1977-04-01,1977,4,Silver,Precious Metals,($/troy oz),4.8,-2.04,9.09,9.09,200.0,-0.7
1977-05-01,1977,5,Silver,Precious Metals,($/troy oz),4.7,-2.08,4.44,4.44,193.75,-0.59
1977-06-01,1977,6,Silver,Precious Metals,($/troy oz),4.5,-4.26,-8.16,-6.25,181.25,-0.95
1977-07-01,1977,7,Silver,Precious Metals,($/troy oz),4.5,0.0,-6.25,-6.25,164.71,0.09
1977-08-01,1977,8,Silver,Precious Metals,($/troy oz),4.5,0.0,-4.26,4.65,150.0,0.09
1977-09-01,1977,9,Silver,Precious Metals,($/troy oz),4.5,0.0,0.0,4.65,150.0,-0.12
1977-10-01,1977,10,Silver,Precious Metals,($/troy oz),4.8,6.67,6.67,14.29,166.67,1.77
1977-11-01,1977,11,Silver,Precious Metals,($/troy oz),4.8,0.0,6.67,9.09,166.67,-0.31
1977-12-01,1977,12,Silver,Precious Metals,($/troy oz),4.7,-2.08,4.44,6.82,135.0,-0.78
1978-01-01,1978,1,Silver,Precious Metals,($/troy oz),4.9,4.26,2.08,11.36,145.0,0.97
1978-02-01,1978,2,Silver,Precious Metals,($/troy oz),5.0,2.04,4.17,11.11,127.27,0.28
1978-03-01,1978,3,Silver,Precious Metals,($/troy oz),5.3,6.0,12.77,8.16,130.43,1.3
1978-04-01,1978,4,Silver,Precious Metals,($/troy oz),5.2,-1.89,6.12,8.33,136.36,-0.76
1978-05-01,1978,5,Silver,Precious Metals,($/troy oz),5.1,-1.92,2.0,8.51,112.5,-0.78
1978-06-01,1978,6,Silver,Precious Metals,($/troy oz),5.3,3.92,0.0,17.78,103.85,0.94
1978-07-01,1978,7,Silver,Precious Metals,($/troy oz),5.4,1.89,3.85,20.0,100.0,0.15
1978-08-01,1978,8,Silver,Precious Metals,($/troy oz),5.5,1.85,7.84,22.22,111.54,0.09
1978-09-01,1978,9,Silver,Precious Metals,($/troy oz),5.6,1.82,5.66,24.44,107.41,0.03
1978-10-01,1978,10,Silver,Precious Metals,($/troy oz),5.9,5.36,9.26,22.92,103.45,1.17
1978-11-01,1978,11,Silver,Precious Metals,($/troy oz),5.9,0.0,7.27,22.92,103.45,-0.63
1978-12-01,1978,12,Silver,Precious Metals,($/troy oz),5.9,0.0,5.36,25.53,90.32,-0.63
1979-01-01,1979,1,Silver,Precious Metals,($/troy oz),6.2,5.08,5.08,26.53,72.22,1.21
1979-02-01,1979,2,Silver,Precious Metals,($/troy oz),7.3,17.74,23.73,46.0,35.19,5.87
1979-03-01,1979,3,Silver,Precious Metals,($/troy oz),7.4,1.37,25.42,39.62,39.62,-0.37
1979-04-01,1979,4,Silver,Precious Metals,($/troy oz),7.4,0.0,19.35,42.31,48.0,-0.56
1979-05-01,1979,5,Silver,Precious Metals,($/troy oz),8.4,13.51,15.07,64.71,55.56,2.04
1979-06-01,1979,6,Silver,Precious Metals,($/troy oz),8.6,2.38,16.22,62.26,75.51,-0.35
1979-07-01,1979,7,Silver,Precious Metals,($/troy oz),9.1,5.81,22.97,68.52,106.82,0.28
1979-08-01,1979,8,Silver,Precious Metals,($/troy oz),9.3,2.2,10.71,69.09,111.36,-0.42
1979-09-01,1979,9,Silver,Precious Metals,($/troy oz),13.8,48.39,60.47,146.43,245.0,7.8
1979-10-01,1979,10,Silver,Precious Metals,($/troy oz),16.6,20.29,82.42,181.36,245.83,0.86
1979-11-01,1979,11,Silver,Precious Metals,($/troy oz),16.7,0.6,79.57,183.05,255.32,-0.65
1979-12-01,1979,12,Silver,Precious Metals,($/troy oz),22.5,34.73,63.04,281.36,411.36,1.77
1980-01-01,1980,1,Silver,Precious Metals,($/troy oz),38.9,72.89,134.34,527.42,826.19,3.92
1980-02-01,1980,2,Silver,Precious Metals,($/troy oz),35.2,-9.51,110.78,382.19,700.0,-1.21
1980-03-01,1980,3,Silver,Precious Metals,($/troy oz),24.7,-29.83,9.78,233.78,474.42,-1.89
1980-04-01,1980,4,Silver,Precious Metals,($/troy oz),14.9,-39.68,-61.7,101.35,254.76,-1.93
1980-05-01,1980,5,Silver,Precious Metals,($/troy oz),12.7,-14.77,-63.92,51.19,182.22,-0.79
1980-06-01,1980,6,Silver,Precious Metals,($/troy oz),15.8,24.41,-36.03,83.72,251.11,0.52
1980-07-01,1980,7,Silver,Precious Metals,($/troy oz),16.3,3.16,9.4,79.12,246.81,-0.2
1980-08-01,1980,8,Silver,Precious Metals,($/troy oz),15.9,-2.45,25.2,70.97,224.49,-0.37
1980-09-01,1980,9,Silver,Precious Metals,($/troy oz),19.9,25.16,25.95,44.2,342.22,0.5
1980-10-01,1980,10,Silver,Precious Metals,($/troy oz),20.2,1.51,23.93,21.69,369.77,-0.18
1980-11-01,1980,11,Silver,Precious Metals,($/troy oz),18.6,-7.92,16.98,11.38,332.56,-0.44
1980-12-01,1980,12,Silver,Precious Metals,($/troy oz),16.5,-11.29,-17.09,-26.67,302.44,-0.53
1981-01-01,1981,1,Silver,Precious Metals,($/troy oz),14.8,-10.3,-26.73,-61.95,260.98,-0.38
1981-02-01,1981,2,Silver,Precious Metals,($/troy oz),13.1,-11.49,-29.57,-62.78,219.51,-0.29
1981-03-01,1981,3,Silver,Precious Metals,($/troy oz),12.3,-6.11,-25.45,-50.2,192.86,0.0
1981-04-01,1981,4,Silver,Precious Metals,($/troy oz),11.5,-6.5,-22.3,-22.82,161.36,-0.14
1981-05-01,1981,5,Silver,Precious Metals,($/troy oz),10.9,-5.22,-16.79,-14.17,142.22,-0.29
1981-06-01,1981,6,Silver,Precious Metals,($/troy oz),10.0,-8.26,-18.7,-36.71,108.33,-0.6
1981-07-01,1981,7,Silver,Precious Metals,($/troy oz),8.6,-14.0,-25.22,-47.24,79.17,-1.06
1981-08-01,1981,8,Silver,Precious Metals,($/troy oz),8.9,3.49,-18.35,-44.03,106.98,0.8
1981-09-01,1981,9,Silver,Precious Metals,($/troy oz),10.1,13.48,1.0,-49.25,134.88,1.68
1981-10-01,1981,10,Silver,Precious Metals,($/troy oz),9.2,-8.91,6.98,-54.46,119.05,-0.47
1981-11-01,1981,11,Silver,Precious Metals,($/troy oz),8.5,-7.61,-4.49,-54.3,93.18,-0.2
1981-12-01,1981,12,Silver,Precious Metals,($/troy oz),8.4,-1.18,-16.83,-49.09,90.91,0.65
1982-01-01,1982,1,Silver,Precious Metals,($/troy oz),8.0,-4.76,-13.04,-45.95,81.82,0.06
1982-02-01,1982,2,Silver,Precious Metals,($/troy oz),8.3,3.75,-2.35,-36.64,84.44,1.16
1982-03-01,1982,3,Silver,Precious Metals,($/troy oz),7.2,-13.25,-14.29,-41.46,46.94,-1.33
1982-04-01,1982,4,Silver,Precious Metals,($/troy oz),7.3,1.39,-8.75,-36.52,52.08,0.7
1982-05-01,1982,5,Silver,Precious Metals,($/troy oz),6.7,-8.22,-19.28,-38.53,42.55,-0.6
1982-06-01,1982,6,Silver,Precious Metals,($/troy oz),5.6,-16.42,-22.22,-44.0,24.44,-1.58
1982-07-01,1982,7,Silver,Precious Metals,($/troy oz),6.5,16.07,-10.96,-24.42,44.44,2.32
1982-08-01,1982,8,Silver,Precious Metals,($/troy oz),7.1,9.23,5.97,-20.22,57.78,1.11
1982-09-01,1982,9,Silver,Precious Metals,($/troy oz),8.8,23.94,57.14,-12.87,95.56,2.43
1982-10-01,1982,10,Silver,Precious Metals,($/troy oz),9.4,6.82,44.62,2.17,95.83,0.61
1982-11-01,1982,11,Silver,Precious Metals,($/troy oz),9.8,4.26,38.03,15.29,104.17,0.29
1982-12-01,1982,12,Silver,Precious Metals,($/troy oz),10.6,8.16,20.45,26.19,125.53,0.55
1983-01-01,1983,1,Silver,Precious Metals,($/troy oz),12.3,16.04,30.85,53.75,151.02,1.14
1983-02-01,1983,2,Silver,Precious Metals,($/troy oz),14.0,13.82,42.86,68.67,180.0,0.79
1983-03-01,1983,3,Silver,Precious Metals,($/troy oz),10.6,-24.29,0.0,47.22,100.0,-2.37
1983-04-01,1983,4,Silver,Precious Metals,($/troy oz),11.6,9.43,-5.69,58.9,123.08,0.37
1983-05-01,1983,5,Silver,Precious Metals,($/troy oz),12.9,11.21,-7.86,92.54,152.94,0.44
1983-06-01,1983,6,Silver,Precious Metals,($/troy oz),11.7,-9.3,10.38,108.93,120.75,-1.16
1983-07-01,1983,7,Silver,Precious Metals,($/troy oz),12.0,2.56,3.45,84.62,122.22,-0.36
1983-08-01,1983,8,Silver,Precious Metals,($/troy oz),12.1,0.83,-6.2,70.42,120.0,-0.41
1983-09-01,1983,9,Silver,Precious Metals,($/troy oz),12.0,-0.83,2.56,36.36,114.29,-0.49
1983-10-01,1983,10,Silver,Precious Metals,($/troy oz),9.9,-17.5,-17.5,5.32,67.8,-1.87
1983-11-01,1983,11,Silver,Precious Metals,($/troy oz),8.8,-11.11,-27.27,-10.2,49.15,-0.98
1983-12-01,1983,12,Silver,Precious Metals,($/troy oz),9.1,3.41,-24.17,-14.15,54.24,0.27
1984-01-01,1984,1,Silver,Precious Metals,($/troy oz),8.3,-8.79,-16.16,-32.52,33.87,-0.65
1984-02-01,1984,2,Silver,Precious Metals,($/troy oz),9.1,9.64,3.41,-35.0,24.66,1.03
1984-03-01,1984,3,Silver,Precious Metals,($/troy oz),9.6,5.49,5.49,-9.43,29.73,0.74
1984-04-01,1984,4,Silver,Precious Metals,($/troy oz),9.2,-4.17,10.84,-20.69,24.32,-0.4
1984-05-01,1984,5,Silver,Precious Metals,($/troy oz),9.0,-2.17,-1.1,-30.23,7.14,-0.07
1984-06-01,1984,6,Silver,Precious Metals,($/troy oz),8.8,-2.22,-8.33,-24.79,2.33,0.06
1984-07-01,1984,7,Silver,Precious Metals,($/troy oz),7.5,-14.77,-18.48,-37.5,-17.58,-1.68
1984-08-01,1984,8,Silver,Precious Metals,($/troy oz),7.6,1.33,-15.56,-37.19,-18.28,0.59
1984-09-01,1984,9,Silver,Precious Metals,($/troy oz),7.3,-3.95,-17.05,-39.17,-47.1,-0.06
1984-10-01,1984,10,Silver,Precious Metals,($/troy oz),7.3,0.0,-2.67,-26.26,-56.02,0.46
1984-11-01,1984,11,Silver,Precious Metals,($/troy oz),7.5,2.74,-1.32,-14.77,-55.09,0.72
1984-12-01,1984,12,Silver,Precious Metals,($/troy oz),6.6,-12.0,-9.59,-27.47,-70.67,-1.67
1985-01-01,1985,1,Silver,Precious Metals,($/troy oz),6.1,-7.58,-16.44,-26.51,-84.32,-0.73
1985-02-01,1985,2,Silver,Precious Metals,($/troy oz),6.1,0.0,-18.67,-32.97,-82.67,0.33
1985-03-01,1985,3,Silver,Precious Metals,($/troy oz),6.0,-1.64,-9.09,-37.5,-75.71,0.25
1985-04-01,1985,4,Silver,Precious Metals,($/troy oz),6.4,6.67,4.92,-30.43,-57.05,1.95
1985-05-01,1985,5,Silver,Precious Metals,($/troy oz),6.3,-1.56,3.28,-30.0,-50.39,0.2
1985-06-01,1985,6,Silver,Precious Metals,($/troy oz),6.2,-1.59,3.33,-29.55,-60.76,0.19
1985-07-01,1985,7,Silver,Precious Metals,($/troy oz),6.0,-3.23,-6.25,-20.0,-63.19,-0.09
1985-08-01,1985,8,Silver,Precious Metals,($/troy oz),6.2,3.33,-1.59,-18.42,-61.01,1.06
1985-09-01,1985,9,Silver,Precious Metals,($/troy oz),6.1,-1.61,-1.61,-16.44,-69.35,-0.01
1985-10-01,1985,10,Silver,Precious Metals,($/troy oz),6.2,1.64,3.33,-15.07,-69.31,0.62
1985-11-01,1985,11,Silver,Precious Metals,($/troy oz),6.1,-1.61,-1.61,-18.67,-67.2,-0.08
1985-12-01,1985,12,Silver,Precious Metals,($/troy oz),5.9,-3.28,-3.28,-10.61,-64.24,-0.35
1986-01-01,1986,1,Silver,Precious Metals,($/troy oz),6.0,1.69,-3.23,-1.64,-59.46,0.72
1986-02-01,1986,2,Silver,Precious Metals,($/troy oz),5.9,-1.67,-3.28,-3.28,-54.96,-0.53
1986-03-01,1986,3,Silver,Precious Metals,($/troy oz),5.6,-5.08,-5.08,-6.67,-54.47,-1.63
1986-04-01,1986,4,Silver,Precious Metals,($/troy oz),5.2,-7.14,-13.33,-18.75,-54.78,-2.02
1986-05-01,1986,5,Silver,Precious Metals,($/troy oz),5.1,-1.92,-13.56,-19.05,-53.21,-0.08
1986-06-01,1986,6,Silver,Precious Metals,($/troy oz),5.1,0.0,-8.93,-17.74,-49.0,0.58
1986-07-01,1986,7,Silver,Precious Metals,($/troy oz),5.0,-1.96,-3.85,-16.67,-41.86,-0.13
1986-08-01,1986,8,Silver,Precious Metals,($/troy oz),5.2,4.0,1.96,-16.13,-41.57,1.87
1986-09-01,1986,9,Silver,Precious Metals,($/troy oz),5.6,7.69,9.8,-8.2,-44.55,3.01
1986-10-01,1986,10,Silver,Precious Metals,($/troy oz),5.6,0.0,12.0,-9.68,-39.13,0.16
1986-11-01,1986,11,Silver,Precious Metals,($/troy oz),5.6,0.0,7.69,-8.2,-34.12,0.2
1986-12-01,1986,12,Silver,Precious Metals,($/troy oz),5.4,-3.57,-3.57,-8.47,-35.71,-0.74
1987-01-01,1987,1,Silver,Precious Metals,($/troy oz),5.5,1.85,-1.79,-8.33,-31.25,0.63
1987-02-01,1987,2,Silver,Precious Metals,($/troy oz),5.5,0.0,-1.79,-6.78,-33.73,0.16
1987-03-01,1987,3,Silver,Precious Metals,($/troy oz),5.7,3.64,5.56,1.79,-20.83,1.05
1987-04-01,1987,4,Silver,Precious Metals,($/troy oz),7.3,28.07,32.73,40.38,0.0,7.25
1987-05-01,1987,5,Silver,Precious Metals,($/troy oz),8.5,16.44,54.55,66.67,26.87,1.58
1987-06-01,1987,6,Silver,Precious Metals,($/troy oz),7.4,-12.94,29.82,45.1,32.14,-1.94
1987-07-01,1987,7,Silver,Precious Metals,($/troy oz),7.6,2.7,4.11,52.0,16.92,-0.09
1987-08-01,1987,8,Silver,Precious Metals,($/troy oz),7.8,2.63,-8.24,50.0,9.86,-0.13
1987-09-01,1987,9,Silver,Precious Metals,($/troy oz),7.6,-2.56,2.7,35.71,-13.64,-0.63
1987-10-01,1987,10,Silver,Precious Metals,($/troy oz),7.6,0.0,0.0,35.71,-19.15,-0.29
1987-11-01,1987,11,Silver,Precious Metals,($/troy oz),6.8,-10.53,-12.82,21.43,-30.61,-1.32
1987-12-01,1987,12,Silver,Precious Metals,($/troy oz),6.8,0.0,-10.53,25.93,-35.85,-0.19
1988-01-01,1988,1,Silver,Precious Metals,($/troy oz),6.7,-1.47,-11.84,21.82,-45.53,-0.36
1988-02-01,1988,2,Silver,Precious Metals,($/troy oz),6.3,-5.97,-7.35,14.55,-55.0,-0.74
1988-03-01,1988,3,Silver,Precious Metals,($/troy oz),6.4,1.59,-5.88,12.28,-39.62,-0.01
1988-04-01,1988,4,Silver,Precious Metals,($/troy oz),6.5,1.56,-2.99,-10.96,-43.97,0.01
1988-05-01,1988,5,Silver,Precious Metals,($/troy oz),6.5,0.0,3.17,-23.53,-49.61,0.1
1988-06-01,1988,6,Silver,Precious Metals,($/troy oz),7.0,7.69,9.38,-5.41,-40.17,1.9
1988-07-01,1988,7,Silver,Precious Metals,($/troy oz),7.0,0.0,7.69,-7.89,-41.67,0.08
1988-08-01,1988,8,Silver,Precious Metals,($/troy oz),6.7,-4.29,3.08,-14.1,-44.63,-0.82
1988-09-01,1988,9,Silver,Precious Metals,($/troy oz),6.4,-4.48,-8.57,-15.79,-46.67,-0.74
1988-10-01,1988,10,Silver,Precious Metals,($/troy oz),6.3,-1.56,-10.0,-17.11,-36.36,-0.05
1988-11-01,1988,11,Silver,Precious Metals,($/troy oz),6.3,0.0,-5.97,-7.35,-28.41,0.32
1988-12-01,1988,12,Silver,Precious Metals,($/troy oz),6.1,-3.17,-4.69,-10.29,-32.97,-0.73
1989-01-01,1989,1,Silver,Precious Metals,($/troy oz),6.0,-1.64,-4.76,-10.45,-27.71,-0.22
1989-02-01,1989,2,Silver,Precious Metals,($/troy oz),5.9,-1.67,-6.35,-6.35,-35.16,-0.22
1989-03-01,1989,3,Silver,Precious Metals,($/troy oz),6.0,1.69,-1.64,-6.25,-37.5,0.67
1989-04-01,1989,4,Silver,Precious Metals,($/troy oz),5.8,-3.33,-3.33,-10.77,-36.96,-0.87
1989-05-01,1989,5,Silver,Precious Metals,($/troy oz),5.5,-5.17,-6.78,-15.38,-38.89,-1.3
1989-06-01,1989,6,Silver,Precious Metals,($/troy oz),5.3,-3.64,-11.67,-24.29,-39.77,-0.66
1989-07-01,1989,7,Silver,Precious Metals,($/troy oz),5.2,-1.89,-10.34,-25.71,-30.67,0.18
1989-08-01,1989,8,Silver,Precious Metals,($/troy oz),5.2,0.0,-5.45,-22.39,-31.58,1.23
1989-09-01,1989,9,Silver,Precious Metals,($/troy oz),5.1,-1.92,-3.77,-20.31,-30.14,0.07
1989-10-01,1989,10,Silver,Precious Metals,($/troy oz),5.1,0.0,-1.92,-19.05,-30.14,1.0
1989-11-01,1989,11,Silver,Precious Metals,($/troy oz),5.5,7.84,5.77,-12.7,-26.67,4.96
1989-12-01,1989,12,Silver,Precious Metals,($/troy oz),5.6,1.82,9.8,-8.2,-15.15,0.86
1990-01-01,1990,1,Silver,Precious Metals,($/troy oz),5.2,-7.14,1.96,-13.33,-14.75,-1.91
1990-02-01,1990,2,Silver,Precious Metals,($/troy oz),5.3,1.92,-3.64,-10.17,-13.11,0.79
1990-03-01,1990,3,Silver,Precious Metals,($/troy oz),5.1,-3.77,-8.93,-15.0,-15.0,-0.75
1990-04-01,1990,4,Silver,Precious Metals,($/troy oz),5.1,0.0,-1.92,-12.07,-20.31,0.32
1990-05-01,1990,5,Silver,Precious Metals,($/troy oz),5.1,0.0,-3.77,-7.27,-19.05,0.25
1990-06-01,1990,6,Silver,Precious Metals,($/troy oz),4.9,-3.92,-3.92,-7.55,-20.97,-0.91
1990-07-01,1990,7,Silver,Precious Metals,($/troy oz),4.9,0.0,-3.92,-5.77,-18.33,0.16
1990-08-01,1990,8,Silver,Precious Metals,($/troy oz),5.0,2.04,-1.96,-3.85,-19.35,0.67
1990-09-01,1990,9,Silver,Precious Metals,($/troy oz),4.8,-4.0,-2.04,-5.88,-21.31,-0.99
1990-10-01,1990,10,Silver,Precious Metals,($/troy oz),4.4,-8.33,-10.2,-13.73,-29.03,-2.03
1990-11-01,1990,11,Silver,Precious Metals,($/troy oz),4.2,-4.55,-16.0,-23.64,-31.15,-0.76
1990-12-01,1990,12,Silver,Precious Metals,($/troy oz),4.1,-2.38,-14.58,-26.79,-30.51,-0.06
1991-01-01,1991,1,Silver,Precious Metals,($/troy oz),4.1,0.0,-6.82,-21.15,-31.67,0.75
1991-02-01,1991,2,Silver,Precious Metals,($/troy oz),3.7,-9.76,-11.9,-30.19,-37.29,-2.54
1991-03-01,1991,3,Silver,Precious Metals,($/troy oz),3.9,5.41,-4.88,-23.53,-30.36,2.32
1991-04-01,1991,4,Silver,Precious Metals,($/troy oz),4.0,2.56,-2.44,-21.57,-23.08,1.1
1991-05-01,1991,5,Silver,Precious Metals,($/troy oz),4.0,0.0,8.11,-21.57,-21.57,0.43
1991-06-01,1991,6,Silver,Precious Metals,($/troy oz),4.4,10.0,12.82,-10.2,-13.73,2.67
1991-07-01,1991,7,Silver,Precious Metals,($/troy oz),4.3,-2.27,7.5,-12.24,-14.0,-0.27
1991-08-01,1991,8,Silver,Precious Metals,($/troy oz),4.0,-6.98,0.0,-20.0,-23.08,-1.08
1991-09-01,1991,9,Silver,Precious Metals,($/troy oz),4.0,0.0,-9.09,-16.67,-28.57,0.29
1991-10-01,1991,10,Silver,Precious Metals,($/troy oz),4.1,2.5,-4.65,-6.82,-26.79,0.68
1991-11-01,1991,11,Silver,Precious Metals,($/troy oz),4.1,0.0,2.5,-2.38,-26.79,0.09
1991-12-01,1991,12,Silver,Precious Metals,($/troy oz),3.9,-4.88,-2.5,-4.88,-27.78,-0.92
1992-01-01,1992,1,Silver,Precious Metals,($/troy oz),4.1,5.13,0.0,0.0,-25.45,1.01
1992-02-01,1992,2,Silver,Precious Metals,($/troy oz),4.1,0.0,0.0,10.81,-25.45,-0.03
1992-03-01,1992,3,Silver,Precious Metals,($/troy oz),4.1,0.0,5.13,5.13,-28.07,-0.21
1992-04-01,1992,4,Silver,Precious Metals,($/troy oz),4.1,0.0,0.0,2.5,-43.84,-0.11
1992-05-01,1992,5,Silver,Precious Metals,($/troy oz),4.1,0.0,0.0,2.5,-51.76,-0.07
1992-06-01,1992,6,Silver,Precious Metals,($/troy oz),4.1,0.0,0.0,-6.82,-44.59,-0.07
1992-07-01,1992,7,Silver,Precious Metals,($/troy oz),4.0,-2.44,-2.44,-6.98,-47.37,-0.61
1992-08-01,1992,8,Silver,Precious Metals,($/troy oz),3.8,-5.0,-7.32,-5.0,-51.28,-1.42
1992-09-01,1992,9,Silver,Precious Metals,($/troy oz),3.8,0.0,-7.32,-5.0,-50.0,0.14
1992-10-01,1992,10,Silver,Precious Metals,($/troy oz),3.8,0.0,-5.0,-7.32,-50.0,0.14
1992-11-01,1992,11,Silver,Precious Metals,($/troy oz),3.8,0.0,0.0,-7.32,-44.12,0.23
1992-12-01,1992,12,Silver,Precious Metals,($/troy oz),3.7,-2.63,-2.63,-5.13,-45.59,-0.77
1993-01-01,1993,1,Silver,Precious Metals,($/troy oz),3.7,0.0,-2.63,-9.76,-44.78,0.17
1993-02-01,1993,2,Silver,Precious Metals,($/troy oz),3.7,0.0,-2.63,-9.76,-41.27,0.51
1993-03-01,1993,3,Silver,Precious Metals,($/troy oz),3.6,-2.7,-2.7,-12.2,-43.75,-1.14
1993-04-01,1993,4,Silver,Precious Metals,($/troy oz),4.0,11.11,8.11,-2.44,-38.46,7.19
1993-05-01,1993,5,Silver,Precious Metals,($/troy oz),4.5,12.5,21.62,9.76,-30.77,3.23
1993-06-01,1993,6,Silver,Precious Metals,($/troy oz),4.4,-2.22,22.22,7.32,-37.14,-0.58
1993-07-01,1993,7,Silver,Precious Metals,($/troy oz),5.0,13.64,25.0,25.0,-28.57,2.38
1993-08-01,1993,8,Silver,Precious Metals,($/troy oz),4.8,-4.0,6.67,26.32,-28.36,-0.94
1993-09-01,1993,9,Silver,Precious Metals,($/troy oz),4.2,-12.5,-4.55,10.53,-34.38,-2.3
1993-10-01,1993,10,Silver,Precious Metals,($/troy oz),4.3,2.38,-14.0,13.16,-31.75,0.17
1993-11-01,1993,11,Silver,Precious Metals,($/troy oz),4.5,4.65,-6.25,18.42,-28.57,0.44
1993-12-01,1993,12,Silver,Precious Metals,($/troy oz),5.0,11.11,19.05,35.14,-18.03,1.23
1994-01-01,1994,1,Silver,Precious Metals,($/troy oz),5.1,2.0,18.6,37.84,-15.0,-0.1
1994-02-01,1994,2,Silver,Precious Metals,($/troy oz),5.2,1.96,15.56,40.54,-11.86,-0.13
1994-03-01,1994,3,Silver,Precious Metals,($/troy oz),5.4,3.85,8.0,50.0,-10.0,0.09
1994-04-01,1994,4,Silver,Precious Metals,($/troy oz),5.4,0.0,5.88,35.0,-6.9,-0.48
1994-05-01,1994,5,Silver,Precious Metals,($/troy oz),5.4,0.0,3.85,20.0,-1.82,-0.38
1994-06-01,1994,6,Silver,Precious Metals,($/troy oz),5.4,0.0,0.0,22.73,1.89,-0.26
1994-07-01,1994,7,Silver,Precious Metals,($/troy oz),5.3,-1.85,-1.85,6.0,1.92,-0.57
1994-08-01,1994,8,Silver,Precious Metals,($/troy oz),5.2,-1.89,-3.7,8.33,0.0,-0.45
1994-09-01,1994,9,Silver,Precious Metals,($/troy oz),5.5,5.77,1.85,30.95,7.84,0.91
1994-10-01,1994,10,Silver,Precious Metals,($/troy oz),5.5,0.0,3.77,27.91,7.84,-0.63
1994-11-01,1994,11,Silver,Precious Metals,($/troy oz),5.2,-5.45,0.0,15.56,-5.45,-2.03
1994-12-01,1994,12,Silver,Precious Metals,($/troy oz),4.8,-7.69,-12.73,-4.0,-14.29,-2.13
1995-01-01,1995,1,Silver,Precious Metals,($/troy oz),4.8,0.0,-12.73,-5.88,-7.69,0.07
1995-02-01,1995,2,Silver,Precious Metals,($/troy oz),4.7,-2.08,-9.62,-9.62,-11.32,-0.45
1995-03-01,1995,3,Silver,Precious Metals,($/troy oz),4.6,-2.13,-4.17,-14.81,-9.8,-0.38
1995-04-01,1995,4,Silver,Precious Metals,($/troy oz),5.5,19.57,14.58,1.85,7.84,6.35
1995-05-01,1995,5,Silver,Precious Metals,($/troy oz),5.6,1.82,19.15,3.7,9.8,0.21
1995-06-01,1995,6,Silver,Precious Metals,($/troy oz),5.4,-3.57,17.39,0.0,10.2,-0.59
1995-07-01,1995,7,Silver,Precious Metals,($/troy oz),5.2,-3.7,-5.45,-1.89,6.12,-0.56
1995-08-01,1995,8,Silver,Precious Metals,($/troy oz),5.4,3.85,-3.57,3.85,8.0,0.54
1995-09-01,1995,9,Silver,Precious Metals,($/troy oz),5.4,0.0,0.0,-1.82,12.5,-0.07
1995-10-01,1995,10,Silver,Precious Metals,($/troy oz),5.4,0.0,3.85,-1.82,22.73,-0.01
1995-11-01,1995,11,Silver,Precious Metals,($/troy oz),5.3,-1.85,-1.85,1.92,26.19,-0.28
1995-12-01,1995,12,Silver,Precious Metals,($/troy oz),5.2,-1.89,-3.7,8.33,26.83,-0.33
1996-01-01,1996,1,Silver,Precious Metals,($/troy oz),5.5,5.77,1.85,14.58,34.15,0.78
1996-02-01,1996,2,Silver,Precious Metals,($/troy oz),5.7,3.64,7.55,21.28,54.05,0.36
1996-03-01,1996,3,Silver,Precious Metals,($/troy oz),5.5,-3.51,5.77,19.57,41.03,-0.83
1996-04-01,1996,4,Silver,Precious Metals,($/troy oz),5.4,-1.82,-1.82,-1.82,35.0,-0.54
1996-05-01,1996,5,Silver,Precious Metals,($/troy oz),5.4,0.0,-5.26,-3.57,35.0,0.03
1996-06-01,1996,6,Silver,Precious Metals,($/troy oz),5.2,-3.7,-5.45,-3.7,18.18,-1.09
1996-07-01,1996,7,Silver,Precious Metals,($/troy oz),5.1,-1.92,-5.56,-1.92,18.6,-0.52
1996-08-01,1996,8,Silver,Precious Metals,($/troy oz),5.1,0.0,-5.56,-5.56,27.5,0.04
1996-09-01,1996,9,Silver,Precious Metals,($/troy oz),5.0,-1.96,-3.85,-7.41,25.0,-0.55
1996-10-01,1996,10,Silver,Precious Metals,($/troy oz),4.9,-2.0,-3.92,-9.26,19.51,-0.5
1996-11-01,1996,11,Silver,Precious Metals,($/troy oz),4.8,-2.04,-5.88,-9.43,17.07,-0.45
1996-12-01,1996,12,Silver,Precious Metals,($/troy oz),4.8,0.0,-4.0,-7.69,23.08,0.28
1997-01-01,1997,1,Silver,Precious Metals,($/troy oz),4.8,0.0,-2.04,-12.73,17.07,0.22
1997-02-01,1997,2,Silver,Precious Metals,($/troy oz),5.1,6.25,6.25,-10.53,24.39,3.7
1997-03-01,1997,3,Silver,Precious Metals,($/troy oz),5.2,1.96,8.33,-5.45,26.83,1.1
1997-04-01,1997,4,Silver,Precious Metals,($/troy oz),4.8,-7.69,0.0,-11.11,17.07,-2.81
1997-05-01,1997,5,Silver,Precious Metals,($/troy oz),4.7,-2.08,-7.84,-12.96,14.63,-0.35
1997-06-01,1997,6,Silver,Precious Metals,($/troy oz),4.8,2.13,-7.69,-7.69,17.07,0.97
1997-07-01,1997,7,Silver,Precious Metals,($/troy oz),4.4,-8.33,-8.33,-13.73,10.0,-2.32
1997-08-01,1997,8,Silver,Precious Metals,($/troy oz),4.5,2.27,-4.26,-11.76,18.42,0.85
1997-09-01,1997,9,Silver,Precious Metals,($/troy oz),4.7,4.44,-2.08,-6.0,23.68,1.31
1997-10-01,1997,10,Silver,Precious Metals,($/troy oz),5.0,6.38,13.64,2.04,31.58,1.55
1997-11-01,1997,11,Silver,Precious Metals,($/troy oz),5.1,2.0,13.33,6.25,34.21,0.36
1997-12-01,1997,12,Silver,Precious Metals,($/troy oz),5.8,13.73,23.4,20.83,56.76,2.78
1998-01-01,1998,1,Silver,Precious Metals,($/troy oz),5.9,1.72,18.0,22.92,59.46,-0.01
1998-02-01,1998,2,Silver,Precious Metals,($/troy oz),6.8,15.25,33.33,33.33,83.78,2.22
1998-03-01,1998,3,Silver,Precious Metals,($/troy oz),6.2,-8.82,6.9,19.23,72.22,-1.62
1998-04-01,1998,4,Silver,Precious Metals,($/troy oz),6.3,1.61,6.78,31.25,57.5,-0.02
1998-05-01,1998,5,Silver,Precious Metals,($/troy oz),5.6,-11.11,-17.65,19.15,24.44,-1.88
1998-06-01,1998,6,Silver,Precious Metals,($/troy oz),5.3,-5.36,-14.52,10.42,20.45,-0.87
1998-07-01,1998,7,Silver,Precious Metals,($/troy oz),5.5,3.77,-12.7,25.0,10.0,0.31
1998-08-01,1998,8,Silver,Precious Metals,($/troy oz),5.2,-5.45,-7.14,15.56,8.33,-0.96
1998-09-01,1998,9,Silver,Precious Metals,($/troy oz),5.0,-3.85,-5.66,6.38,19.05,-0.65
1998-10-01,1998,10,Silver,Precious Metals,($/troy oz),5.0,0.0,-9.09,0.0,16.28,-0.1
1998-11-01,1998,11,Silver,Precious Metals,($/troy oz),5.0,0.0,-3.85,-1.96,11.11,-0.04
1998-12-01,1998,12,Silver,Precious Metals,($/troy oz),4.9,-2.0,-2.0,-15.52,-2.0,-0.26
1999-01-01,1999,1,Silver,Precious Metals,($/troy oz),5.1,4.08,2.0,-13.56,0.0,0.77
1999-02-01,1999,2,Silver,Precious Metals,($/troy oz),5.5,7.84,10.0,-19.12,5.77,1.27
1999-03-01,1999,3,Silver,Precious Metals,($/troy oz),5.2,-5.45,6.12,-16.13,-3.7,-0.69
1999-04-01,1999,4,Silver,Precious Metals,($/troy oz),5.1,-1.92,0.0,-19.05,-5.56,-0.11
1999-05-01,1999,5,Silver,Precious Metals,($/troy oz),5.3,3.92,-3.64,-5.36,-1.85,1.07
1999-06-01,1999,6,Silver,Precious Metals,($/troy oz),5.0,-5.66,-3.85,-5.66,-7.41,-1.19
1999-07-01,1999,7,Silver,Precious Metals,($/troy oz),5.2,4.0,1.96,-5.45,-1.89,0.98
1999-08-01,1999,8,Silver,Precious Metals,($/troy oz),5.3,1.92,0.0,1.92,1.92,0.51
1999-09-01,1999,9,Silver,Precious Metals,($/troy oz),5.2,-1.89,4.0,4.0,-5.45,-0.5
1999-10-01,1999,10,Silver,Precious Metals,($/troy oz),5.4,3.85,3.85,8.0,-1.82,0.84
1999-11-01,1999,11,Silver,Precious Metals,($/troy oz),5.2,-3.7,-1.89,4.0,0.0,-1.05
1999-12-01,1999,12,Silver,Precious Metals,($/troy oz),5.2,0.0,0.0,6.12,8.33,-0.09
2000-01-01,2000,1,Silver,Precious Metals,($/troy oz),5.2,0.0,-3.7,1.96,8.33,-0.13
2000-02-01,2000,2,Silver,Precious Metals,($/troy oz),5.2,0.0,0.0,-5.45,10.64,-0.06
2000-03-01,2000,3,Silver,Precious Metals,($/troy oz),5.1,-1.92,-1.92,-1.92,10.87,-0.44
2000-04-01,2000,4,Silver,Precious Metals,($/troy oz),5.1,0.0,-1.92,0.0,-7.27,0.04
2000-05-01,2000,5,Silver,Precious Metals,($/troy oz),5.0,-1.96,-3.85,-5.66,-10.71,-0.66
2000-06-01,2000,6,Silver,Precious Metals,($/troy oz),5.0,0.0,-1.96,0.0,-7.41,0.16
2000-07-01,2000,7,Silver,Precious Metals,($/troy oz),5.0,0.0,-1.96,-3.85,-3.85,-0.01
2000-08-01,2000,8,Silver,Precious Metals,($/troy oz),4.9,-2.0,-2.0,-7.55,-9.26,-0.86
2000-09-01,2000,9,Silver,Precious Metals,($/troy oz),4.9,0.0,-2.0,-5.77,-9.26,0.34
2000-10-01,2000,10,Silver,Precious Metals,($/troy oz),4.8,-2.04,-4.0,-11.11,-11.11,-0.85
2000-11-01,2000,11,Silver,Precious Metals,($/troy oz),4.7,-2.08,-4.08,-9.62,-11.32,-0.87
2000-12-01,2000,12,Silver,Precious Metals,($/troy oz),4.6,-2.13,-6.12,-11.54,-11.54,-1.25
2001-01-01,2001,1,Silver,Precious Metals,($/troy oz),4.7,2.17,-2.08,-9.62,-14.55,3.01
2001-02-01,2001,2,Silver,Precious Metals,($/troy oz),4.6,-2.13,-2.13,-11.54,-19.3,-0.94
2001-03-01,2001,3,Silver,Precious Metals,($/troy oz),4.4,-4.35,-4.35,-13.73,-20.0,-2.38
2001-04-01,2001,4,Silver,Precious Metals,($/troy oz),4.4,0.0,-6.38,-13.73,-18.52,0.71
2001-05-01,2001,5,Silver,Precious Metals,($/troy oz),4.4,0.0,-4.35,-12.0,-18.52,0.71
2001-06-01,2001,6,Silver,Precious Metals,($/troy oz),4.4,0.0,0.0,-12.0,-15.38,0.61
2001-07-01,2001,7,Silver,Precious Metals,($/troy oz),4.3,-2.27,-2.27,-14.0,-15.69,-0.72
2001-08-01,2001,8,Silver,Precious Metals,($/troy oz),4.2,-2.33,-4.55,-14.29,-17.65,-0.64
2001-09-01,2001,9,Silver,Precious Metals,($/troy oz),4.4,4.76,0.0,-10.2,-12.0,3.5
2001-10-01,2001,10,Silver,Precious Metals,($/troy oz),4.4,0.0,2.33,-8.33,-10.2,0.35
2001-11-01,2001,11,Silver,Precious Metals,($/troy oz),4.1,-6.82,-2.38,-12.77,-14.58,-2.53
2001-12-01,2001,12,Silver,Precious Metals,($/troy oz),4.4,7.32,0.0,-4.35,-8.33,2.81
2002-01-01,2002,1,Silver,Precious Metals,($/troy oz),4.5,2.27,2.27,-4.26,-6.25,0.67
2002-02-01,2002,2,Silver,Precious Metals,($/troy oz),4.4,-2.22,7.32,-4.35,-13.73,-0.5
2002-03-01,2002,3,Silver,Precious Metals,($/troy oz),4.5,2.27,2.27,2.27,-13.46,0.67
2002-04-01,2002,4,Silver,Precious Metals,($/troy oz),4.6,2.22,2.22,4.55,-4.17,0.54
2002-05-01,2002,5,Silver,Precious Metals,($/troy oz),4.7,2.17,6.82,6.82,0.0,0.47
2002-06-01,2002,6,Silver,Precious Metals,($/troy oz),4.9,4.26,8.89,11.36,2.08,0.97
2002-07-01,2002,7,Silver,Precious Metals,($/troy oz),4.9,0.0,6.52,13.95,11.36,-0.25
2002-08-01,2002,8,Silver,Precious Metals,($/troy oz),4.5,-8.16,-4.26,7.14,0.0,-2.48
2002-09-01,2002,9,Silver,Precious Metals,($/troy oz),4.6,2.22,-6.12,4.55,-2.13,0.34
2002-10-01,2002,10,Silver,Precious Metals,($/troy oz),4.4,-4.35,-10.2,0.0,-12.0,-1.1
2002-11-01,2002,11,Silver,Precious Metals,($/troy oz),4.5,2.27,0.0,9.76,-11.76,0.47
2002-12-01,2002,12,Silver,Precious Metals,($/troy oz),4.6,2.22,0.0,4.55,-20.69,0.33
2003-01-01,2003,1,Silver,Precious Metals,($/troy oz),4.8,4.35,9.09,6.67,-18.64,1.09
2003-02-01,2003,2,Silver,Precious Metals,($/troy oz),4.7,-2.08,4.44,6.82,-30.88,-0.72
2003-03-01,2003,3,Silver,Precious Metals,($/troy oz),4.5,-4.26,-2.17,0.0,-27.42,-1.31
2003-04-01,2003,4,Silver,Precious Metals,($/troy oz),4.5,0.0,-6.25,-2.17,-28.57,-0.02
2003-05-01,2003,5,Silver,Precious Metals,($/troy oz),4.7,4.44,0.0,0.0,-16.07,1.18
2003-06-01,2003,6,Silver,Precious Metals,($/troy oz),4.5,-4.26,0.0,-8.16,-15.09,-1.07
2003-07-01,2003,7,Silver,Precious Metals,($/troy oz),4.8,6.67,6.67,-2.04,-12.73,1.83
2003-08-01,2003,8,Silver,Precious Metals,($/troy oz),5.0,4.17,6.38,11.11,-3.85,0.94
2003-09-01,2003,9,Silver,Precious Metals,($/troy oz),5.2,4.0,15.56,13.04,4.0,0.79
2003-10-01,2003,10,Silver,Precious Metals,($/troy oz),5.0,-3.85,4.17,13.64,0.0,-1.25
2003-11-01,2003,11,Silver,Precious Metals,($/troy oz),5.2,4.0,4.0,15.56,4.0,0.74
2003-12-01,2003,12,Silver,Precious Metals,($/troy oz),5.6,7.69,7.69,21.74,14.29,1.62
2004-01-01,2004,1,Silver,Precious Metals,($/troy oz),6.3,12.5,26.0,31.25,23.53,2.46
2004-02-01,2004,2,Silver,Precious Metals,($/troy oz),6.4,1.59,23.08,36.17,16.36,-0.16
2004-03-01,2004,3,Silver,Precious Metals,($/troy oz),7.2,12.5,28.57,60.0,38.46,1.89
2004-04-01,2004,4,Silver,Precious Metals,($/troy oz),7.1,-1.39,12.7,57.78,39.22,-1.03
2004-05-01,2004,5,Silver,Precious Metals,($/troy oz),5.9,-16.9,-7.81,25.53,11.32,-3.82
2004-06-01,2004,6,Silver,Precious Metals,($/troy oz),5.9,0.0,-18.06,31.11,18.0,-0.27
2004-07-01,2004,7,Silver,Precious Metals,($/troy oz),6.3,6.78,-11.27,31.25,21.15,0.53
2004-08-01,2004,8,Silver,Precious Metals,($/troy oz),6.7,6.35,13.56,34.0,26.42,0.47
2004-09-01,2004,9,Silver,Precious Metals,($/troy oz),6.4,-4.48,8.47,23.08,23.08,-0.91
2004-10-01,2004,10,Silver,Precious Metals,($/troy oz),7.1,10.94,12.7,42.0,31.48,1.08
2004-11-01,2004,11,Silver,Precious Metals,($/troy oz),7.5,5.63,11.94,44.23,44.23,0.28
2004-12-01,2004,12,Silver,Precious Metals,($/troy oz),7.1,-5.33,10.94,26.79,36.54,-1.04
2005-01-01,2005,1,Silver,Precious Metals,($/troy oz),6.6,-7.04,-7.04,4.76,26.92,-1.09
2005-02-01,2005,2,Silver,Precious Metals,($/troy oz),7.0,6.06,-6.67,9.38,34.62,0.64
2005-03-01,2005,3,Silver,Precious Metals,($/troy oz),7.2,2.86,1.41,0.0,41.18,0.21
2005-04-01,2005,4,Silver,Precious Metals,($/troy oz),7.1,-1.39,7.58,0.0,39.22,-0.22
2005-05-01,2005,5,Silver,Precious Metals,($/troy oz),7.0,-1.41,0.0,18.64,40.0,-0.22
2005-06-01,2005,6,Silver,Precious Metals,($/troy oz),7.3,4.29,1.39,23.73,46.0,0.48
2005-07-01,2005,7,Silver,Precious Metals,($/troy oz),7.0,-4.11,-1.41,11.11,40.0,-1.06
2005-08-01,2005,8,Silver,Precious Metals,($/troy oz),7.0,0.0,0.0,4.48,42.86,-0.18
2005-09-01,2005,9,Silver,Precious Metals,($/troy oz),7.2,2.86,-1.37,12.5,46.94,0.43
2005-10-01,2005,10,Silver,Precious Metals,($/troy oz),7.7,6.94,10.0,8.45,60.42,1.1
2005-11-01,2005,11,Silver,Precious Metals,($/troy oz),7.9,2.6,12.86,5.33,68.09,0.39
2005-12-01,2005,12,Silver,Precious Metals,($/troy oz),8.6,8.86,19.44,21.13,86.96,1.86
2006-01-01,2006,1,Silver,Precious Metals,($/troy oz),9.1,5.81,18.18,37.88,93.62,0.88
2006-02-01,2006,2,Silver,Precious Metals,($/troy oz),9.5,4.4,20.25,35.71,106.52,0.41
2006-03-01,2006,3,Silver,Precious Metals,($/troy oz),10.4,9.47,20.93,44.44,136.36,1.8
2006-04-01,2006,4,Silver,Precious Metals,($/troy oz),12.6,21.15,38.46,77.46,186.36,4.2
2006-05-01,2006,5,Silver,Precious Metals,($/troy oz),13.4,6.35,41.05,91.43,204.55,0.2
2006-06-01,2006,6,Silver,Precious Metals,($/troy oz),10.8,-19.4,3.85,47.95,145.45,-4.09
2006-07-01,2006,7,Silver,Precious Metals,($/troy oz),11.2,3.7,-11.11,60.0,160.47,-0.0
2006-08-01,2006,8,Silver,Precious Metals,($/troy oz),12.2,8.93,-8.96,74.29,190.48,0.49
2006-09-01,2006,9,Silver,Precious Metals,($/troy oz),11.7,-4.1,8.33,62.5,165.91,-1.01
2006-10-01,2006,10,Silver,Precious Metals,($/troy oz),11.6,-0.85,3.57,50.65,163.64,-0.57
2006-11-01,2006,11,Silver,Precious Metals,($/troy oz),12.9,11.21,5.74,63.29,214.63,0.76
2006-12-01,2006,12,Silver,Precious Metals,($/troy oz),13.3,3.1,13.68,54.65,202.27,-0.16
2007-01-01,2007,1,Silver,Precious Metals,($/troy oz),12.8,-3.76,10.34,40.66,184.44,-0.81
2007-02-01,2007,2,Silver,Precious Metals,($/troy oz),13.9,8.59,7.75,46.32,215.91,0.52
2007-03-01,2007,3,Silver,Precious Metals,($/troy oz),13.2,-5.04,-0.75,26.92,193.33,-0.86
2007-04-01,2007,4,Silver,Precious Metals,($/troy oz),13.7,3.79,7.03,8.73,197.83,0.13
2007-05-01,2007,5,Silver,Precious Metals,($/troy oz),13.1,-4.38,-5.76,-2.24,178.72,-0.64
2007-06-01,2007,6,Silver,Precious Metals,($/troy oz),13.1,0.0,-0.76,21.3,167.35,-0.02
2007-07-01,2007,7,Silver,Precious Metals,($/troy oz),12.9,-1.53,-5.84,15.18,163.27,-0.58
2007-08-01,2007,8,Silver,Precious Metals,($/troy oz),12.3,-4.65,-6.11,0.82,173.33,-1.04
2007-09-01,2007,9,Silver,Precious Metals,($/troy oz),12.8,4.07,-2.29,9.4,178.26,0.71
2007-10-01,2007,10,Silver,Precious Metals,($/troy oz),13.7,7.03,6.2,18.1,211.36,1.15
2007-11-01,2007,11,Silver,Precious Metals,($/troy oz),14.7,7.3,19.51,13.95,226.67,1.03
2007-12-01,2007,12,Silver,Precious Metals,($/troy oz),14.3,-2.72,11.72,7.52,210.87,-0.78
2008-01-01,2008,1,Silver,Precious Metals,($/troy oz),15.9,11.19,16.06,24.22,231.25,2.03
2008-02-01,2008,2,Silver,Precious Metals,($/troy oz),17.6,10.69,19.73,26.62,274.47,1.52
2008-03-01,2008,3,Silver,Precious Metals,($/troy oz),19.3,9.66,34.97,46.21,328.89,1.26
2008-04-01,2008,4,Silver,Precious Metals,($/troy oz),17.5,-9.33,10.06,27.74,288.89,-2.16
2008-05-01,2008,5,Silver,Precious Metals,($/troy oz),17.1,-2.29,-2.84,30.53,263.83,-0.66
2008-06-01,2008,6,Silver,Precious Metals,($/troy oz),17.0,-0.58,-11.92,29.77,277.78,-0.45
2008-07-01,2008,7,Silver,Precious Metals,($/troy oz),18.0,5.88,2.86,39.53,275.0,0.51
2008-08-01,2008,8,Silver,Precious Metals,($/troy oz),14.6,-18.89,-14.62,18.7,192.0,-3.25
2008-09-01,2008,9,Silver,Precious Metals,($/troy oz),12.4,-15.07,-27.06,-3.12,138.46,-1.87
2008-10-01,2008,10,Silver,Precious Metals,($/troy oz),10.4,-16.13,-42.22,-24.09,108.0,-1.6
2008-11-01,2008,11,Silver,Precious Metals,($/troy oz),9.9,-4.81,-32.19,-32.65,90.38,-0.28
2008-12-01,2008,12,Silver,Precious Metals,($/troy oz),10.3,4.04,-16.94,-27.97,83.93,0.63
2009-01-01,2009,1,Silver,Precious Metals,($/troy oz),11.3,9.71,8.65,-28.93,79.37,1.09
2009-02-01,2009,2,Silver,Precious Metals,($/troy oz),13.4,18.58,35.35,-23.86,109.38,1.95
2009-03-01,2009,3,Silver,Precious Metals,($/troy oz),13.1,-2.24,27.18,-32.12,81.94,-0.05
2009-04-01,2009,4,Silver,Precious Metals,($/troy oz),12.5,-4.58,10.62,-28.57,76.06,-0.18
2009-05-01,2009,5,Silver,Precious Metals,($/troy oz),14.0,12.0,4.48,-18.13,137.29,1.29
2009-06-01,2009,6,Silver,Precious Metals,($/troy oz),14.7,5.0,12.21,-13.53,149.15,0.51
2009-07-01,2009,7,Silver,Precious Metals,($/troy oz),13.4,-8.84,7.2,-25.56,112.7,-0.7
2009-08-01,2009,8,Silver,Precious Metals,($/troy oz),14.4,7.46,2.86,-1.37,114.93,0.78
2009-09-01,2009,9,Silver,Precious Metals,($/troy oz),16.4,13.89,11.56,32.26,156.25,1.24
2009-10-01,2009,10,Silver,Precious Metals,($/troy oz),17.2,4.88,28.36,65.38,142.25,0.2
2009-11-01,2009,11,Silver,Precious Metals,($/troy oz),17.8,3.49,23.61,79.8,137.33,-0.13
2009-12-01,2009,12,Silver,Precious Metals,($/troy oz),17.6,-1.12,7.32,70.87,147.89,-0.82
2010-01-01,2010,1,Silver,Precious Metals,($/troy oz),17.7,0.57,2.91,56.64,168.18,-0.53
2010-02-01,2010,2,Silver,Precious Metals,($/troy oz),15.9,-10.17,-10.67,18.66,127.14,-1.78
2010-03-01,2010,3,Silver,Precious Metals,($/troy oz),17.1,7.55,-2.84,30.53,137.5,0.77
2010-04-01,2010,4,Silver,Precious Metals,($/troy oz),18.1,5.85,2.26,44.8,154.93,0.44
2010-05-01,2010,5,Silver,Precious Metals,($/troy oz),18.4,1.66,15.72,31.43,162.86,-0.23
2010-06-01,2010,6,Silver,Precious Metals,($/troy oz),18.5,0.54,8.19,25.85,153.42,-0.29
2010-07-01,2010,7,Silver,Precious Metals,($/troy oz),18.0,-2.7,-0.55,34.33,157.14,-0.71
2010-08-01,2010,8,Silver,Precious Metals,($/troy oz),18.4,2.22,0.0,27.78,162.86,-0.07
2010-09-01,2010,9,Silver,Precious Metals,($/troy oz),20.5,11.41,10.81,25.0,184.72,1.56
2010-10-01,2010,10,Silver,Precious Metals,($/troy oz),23.4,14.15,30.0,36.05,203.9,2.22
2010-11-01,2010,11,Silver,Precious Metals,($/troy oz),26.5,13.25,44.02,48.88,235.44,1.62
2010-12-01,2010,12,Silver,Precious Metals,($/troy oz),29.3,10.57,42.93,66.48,240.7,0.97
2011-01-01,2011,1,Silver,Precious Metals,($/troy oz),28.5,-2.73,21.79,61.02,213.19,-1.01
2011-02-01,2011,2,Silver,Precious Metals,($/troy oz),30.8,8.07,16.23,93.71,224.21,0.51
2011-03-01,2011,3,Silver,Precious Metals,($/troy oz),35.8,16.23,22.18,109.36,244.23,1.75
2011-04-01,2011,4,Silver,Precious Metals,($/troy oz),42.7,19.27,49.82,135.91,238.89,1.91
2011-05-01,2011,5,Silver,Precious Metals,($/troy oz),37.3,-12.65,21.1,102.72,178.36,-2.67
2011-06-01,2011,6,Silver,Precious Metals,($/troy oz),35.8,-4.02,0.0,93.51,231.48,-1.1
2011-07-01,2011,7,Silver,Precious Metals,($/troy oz),37.9,5.87,-11.24,110.56,238.39,-0.02
2011-08-01,2011,8,Silver,Precious Metals,($/troy oz),40.3,6.33,8.04,119.02,230.33,-0.05
2011-09-01,2011,9,Silver,Precious Metals,($/troy oz),38.2,-5.21,6.7,86.34,226.5,-1.32
2011-10-01,2011,10,Silver,Precious Metals,($/troy oz),32.0,-16.23,-15.57,36.75,175.86,-2.23
2011-11-01,2011,11,Silver,Precious Metals,($/troy oz),33.1,3.44,-17.87,24.91,156.59,0.02
2011-12-01,2011,12,Silver,Precious Metals,($/troy oz),30.3,-8.46,-20.68,3.41,127.82,-1.0
2012-01-01,2012,1,Silver,Precious Metals,($/troy oz),30.7,1.32,-4.06,7.72,139.84,0.05
2012-02-01,2012,2,Silver,Precious Metals,($/troy oz),34.1,11.07,3.02,10.71,145.32,0.91
2012-03-01,2012,3,Silver,Precious Metals,($/troy oz),33.0,-3.23,8.91,-7.82,150.0,-0.42
2012-04-01,2012,4,Silver,Precious Metals,($/troy oz),31.5,-4.55,2.61,-26.23,129.93,-0.43
2012-05-01,2012,5,Silver,Precious Metals,($/troy oz),28.7,-8.89,-15.84,-23.06,119.08,-0.83
2012-06-01,2012,6,Silver,Precious Metals,($/troy oz),28.0,-2.44,-15.15,-21.79,113.74,-0.07
2012-07-01,2012,7,Silver,Precious Metals,($/troy oz),27.4,-2.14,-13.02,-27.7,112.4,-0.05
2012-08-01,2012,8,Silver,Precious Metals,($/troy oz),28.8,5.11,0.35,-28.54,134.15,1.03
2012-09-01,2012,9,Silver,Precious Metals,($/troy oz),33.6,16.67,20.0,-12.04,162.5,2.67
2012-10-01,2012,10,Silver,Precious Metals,($/troy oz),33.2,-1.19,21.17,3.75,142.34,-0.06
2012-11-01,2012,11,Silver,Precious Metals,($/troy oz),32.8,-1.2,13.89,-0.91,123.13,-0.23
2012-12-01,2012,12,Silver,Precious Metals,($/troy oz),31.9,-2.74,-5.06,5.28,123.08,-0.39
2013-01-01,2013,1,Silver,Precious Metals,($/troy oz),31.1,-2.51,-6.33,1.3,95.6,-0.44
2013-02-01,2013,2,Silver,Precious Metals,($/troy oz),30.3,-2.57,-7.62,-11.14,72.16,-0.41
2013-03-01,2013,3,Silver,Precious Metals,($/troy oz),28.8,-4.95,-9.72,-12.73,49.22,-0.66
2013-04-01,2013,4,Silver,Precious Metals,($/troy oz),25.4,-11.81,-18.33,-19.37,45.14,-1.7
2013-05-01,2013,5,Silver,Precious Metals,($/troy oz),23.0,-9.45,-24.09,-19.86,34.5,-1.11
2013-06-01,2013,6,Silver,Precious Metals,($/troy oz),21.1,-8.26,-26.74,-24.64,24.12,-0.93
2013-07-01,2013,7,Silver,Precious Metals,($/troy oz),19.7,-6.64,-22.44,-28.1,9.44,-0.62
2013-08-01,2013,8,Silver,Precious Metals,($/troy oz),21.9,11.17,-4.78,-23.96,50.0,1.82
2013-09-01,2013,9,Silver,Precious Metals,($/troy oz),22.6,3.2,7.11,-32.74,82.26,0.63
2013-10-01,2013,10,Silver,Precious Metals,($/troy oz),21.9,-3.1,11.17,-34.04,110.58,-0.0
2013-11-01,2013,11,Silver,Precious Metals,($/troy oz),20.8,-5.02,-5.02,-36.59,110.1,-0.29
2013-12-01,2013,12,Silver,Precious Metals,($/troy oz),19.7,-5.29,-12.83,-38.24,91.26,-0.29
2014-01-01,2014,1,Silver,Precious Metals,($/troy oz),19.9,1.02,-9.13,-36.01,76.11,0.79
2014-02-01,2014,2,Silver,Precious Metals,($/troy oz),20.8,4.52,0.0,-31.35,55.22,1.29
2014-03-01,2014,3,Silver,Precious Metals,($/troy oz),20.7,-0.48,5.08,-28.12,58.02,0.36
2014-04-01,2014,4,Silver,Precious Metals,($/troy oz),19.7,-4.83,-1.01,-22.44,57.6,-0.35
2014-05-01,2014,5,Silver,Precious Metals,($/troy oz),19.3,-2.03,-7.21,-16.09,37.86,-0.02
2014-06-01,2014,6,Silver,Precious Metals,($/troy oz),19.9,3.11,-3.86,-5.69,35.37,0.8
2014-07-01,2014,7,Silver,Precious Metals,($/troy oz),20.9,5.03,6.09,6.09,55.97,1.03
2014-08-01,2014,8,Silver,Precious Metals,($/troy oz),19.7,-5.74,2.07,-10.05,36.81,-1.26
2014-09-01,2014,9,Silver,Precious Metals,($/troy oz),18.4,-6.6,-7.54,-18.58,12.2,-1.42
2014-10-01,2014,10,Silver,Precious Metals,($/troy oz),17.2,-6.52,-17.7,-21.46,0.0,-1.17
2014-11-01,2014,11,Silver,Precious Metals,($/troy oz),16.0,-6.98,-18.78,-23.08,-10.11,-1.15
2014-12-01,2014,12,Silver,Precious Metals,($/troy oz),16.3,1.88,-11.41,-17.26,-7.39,0.86
2015-01-01,2015,1,Silver,Precious Metals,($/troy oz),17.2,5.52,0.0,-13.57,-2.82,1.53
2015-02-01,2015,2,Silver,Precious Metals,($/troy oz),16.8,-2.33,5.0,-19.23,5.66,-0.25
2015-03-01,2015,3,Silver,Precious Metals,($/troy oz),16.2,-3.57,-0.61,-21.74,-5.26,-0.41
2015-04-01,2015,4,Silver,Precious Metals,($/troy oz),16.3,0.62,-5.23,-17.26,-9.94,0.55
2015-05-01,2015,5,Silver,Precious Metals,($/troy oz),16.8,3.07,0.0,-12.95,-8.7,0.98
2015-06-01,2015,6,Silver,Precious Metals,($/troy oz),16.1,-4.17,-0.62,-19.1,-12.97,-0.65
2015-07-01,2015,7,Silver,Precious Metals,($/troy oz),15.1,-6.21,-7.36,-27.75,-16.11,-0.98
2015-08-01,2015,8,Silver,Precious Metals,($/troy oz),14.9,-1.32,-11.31,-24.37,-19.02,0.29
2015-09-01,2015,9,Silver,Precious Metals,($/troy oz),14.8,-0.67,-8.07,-19.57,-27.8,0.37
2015-10-01,2015,10,Silver,Precious Metals,($/troy oz),15.8,6.76,4.64,-8.14,-32.48,2.12
2015-11-01,2015,11,Silver,Precious Metals,($/troy oz),14.5,-8.23,-2.68,-9.38,-45.28,-1.74
2015-12-01,2015,12,Silver,Precious Metals,($/troy oz),14.1,-2.76,-4.73,-13.5,-51.88,-0.45
2016-01-01,2016,1,Silver,Precious Metals,($/troy oz),14.1,0.0,-10.76,-18.02,-50.53,0.25
2016-02-01,2016,2,Silver,Precious Metals,($/troy oz),15.2,7.8,4.83,-9.52,-50.65,2.33
2016-03-01,2016,3,Silver,Precious Metals,($/troy oz),15.5,1.97,9.93,-4.32,-56.7,0.56
2016-04-01,2016,4,Silver,Precious Metals,($/troy oz),16.4,5.81,16.31,0.61,-61.59,1.27
2016-05-01,2016,5,Silver,Precious Metals,($/troy oz),16.9,3.05,11.18,0.6,-54.69,0.56
2016-06-01,2016,6,Silver,Precious Metals,($/troy oz),17.3,2.37,11.61,7.45,-51.68,0.43
2016-07-01,2016,7,Silver,Precious Metals,($/troy oz),20.0,15.61,21.95,32.45,-47.23,3.01
2016-08-01,2016,8,Silver,Precious Metals,($/troy oz),19.6,-2.0,15.98,31.54,-51.36,-0.75
2016-09-01,2016,9,Silver,Precious Metals,($/troy oz),19.4,-1.02,12.14,31.08,-49.21,-0.57
2016-10-01,2016,10,Silver,Precious Metals,($/troy oz),17.7,-8.76,-11.5,12.03,-44.69,-1.83
2016-11-01,2016,11,Silver,Precious Metals,($/troy oz),17.4,-1.69,-11.22,20.0,-47.43,-0.42
2016-12-01,2016,12,Silver,Precious Metals,($/troy oz),16.4,-5.75,-15.46,16.31,-45.87,-1.21
2017-01-01,2017,1,Silver,Precious Metals,($/troy oz),16.9,3.05,-4.52,19.86,-44.95,0.25
2017-02-01,2017,2,Silver,Precious Metals,($/troy oz),17.9,5.92,2.87,17.76,-47.51,0.66
2017-03-01,2017,3,Silver,Precious Metals,($/troy oz),17.6,-1.68,7.32,13.55,-46.67,-0.52
2017-04-01,2017,4,Silver,Precious Metals,($/troy oz),18.0,2.27,6.51,9.76,-42.86,0.16
2017-05-01,2017,5,Silver,Precious Metals,($/troy oz),16.7,-7.22,-6.7,-1.18,-41.81,-1.33
2017-06-01,2017,6,Silver,Precious Metals,($/troy oz),16.9,1.2,-3.98,-2.31,-39.64,0.17
2017-07-01,2017,7,Silver,Precious Metals,($/troy oz),16.2,-4.14,-10.0,-19.0,-40.88,-0.63
2017-08-01,2017,8,Silver,Precious Metals,($/troy oz),17.0,4.94,1.8,-13.27,-40.97,1.52
2017-09-01,2017,9,Silver,Precious Metals,($/troy oz),17.4,2.35,2.96,-10.31,-48.21,0.72
2017-10-01,2017,10,Silver,Precious Metals,($/troy oz),16.9,-2.87,4.32,-4.52,-49.1,-0.43
2017-11-01,2017,11,Silver,Precious Metals,($/troy oz),17.0,0.59,0.0,-2.3,-48.17,0.21
2017-12-01,2017,12,Silver,Precious Metals,($/troy oz),16.2,-4.71,-6.9,-1.22,-49.22,-1.09
2018-01-01,2018,1,Silver,Precious Metals,($/troy oz),17.1,5.56,1.18,1.18,-45.02,1.37
2018-02-01,2018,2,Silver,Precious Metals,($/troy oz),16.6,-2.92,-2.35,-7.26,-45.21,-0.72
2018-03-01,2018,3,Silver,Precious Metals,($/troy oz),16.5,-0.6,1.85,-6.25,-42.71,-0.01
2018-04-01,2018,4,Silver,Precious Metals,($/troy oz),16.6,0.61,-2.92,-7.78,-34.65,0.27
2018-05-01,2018,5,Silver,Precious Metals,($/troy oz),16.5,-0.6,-0.6,-1.2,-28.26,-0.0
2018-06-01,2018,6,Silver,Precious Metals,($/troy oz),16.5,0.0,0.0,-2.37,-21.8,0.02
2018-07-01,2018,7,Silver,Precious Metals,($/troy oz),15.7,-4.85,-5.42,-3.09,-20.3,-1.43
2018-08-01,2018,8,Silver,Precious Metals,($/troy oz),15.0,-4.46,-9.09,-11.76,-31.51,-1.26
2018-09-01,2018,9,Silver,Precious Metals,($/troy oz),14.3,-4.67,-13.33,-17.82,-36.73,-1.17
2018-10-01,2018,10,Silver,Precious Metals,($/troy oz),14.6,2.1,-7.01,-13.61,-33.33,1.18
2018-11-01,2018,11,Silver,Precious Metals,($/troy oz),14.4,-1.37,-4.0,-15.29,-30.77,-0.06
2018-12-01,2018,12,Silver,Precious Metals,($/troy oz),14.8,2.78,3.5,-8.64,-24.87,1.28
2019-01-01,2019,1,Silver,Precious Metals,($/troy oz),15.6,5.41,6.85,-8.77,-21.61,1.9
2019-02-01,2019,2,Silver,Precious Metals,($/troy oz),15.8,1.28,9.72,-4.82,-24.04,0.63
2019-03-01,2019,3,Silver,Precious Metals,($/troy oz),15.3,-3.16,3.38,-7.27,-26.09,-0.89
2019-04-01,2019,4,Silver,Precious Metals,($/troy oz),15.1,-1.31,-3.21,-9.04,-23.35,-0.22
2019-05-01,2019,5,Silver,Precious Metals,($/troy oz),14.7,-2.65,-6.96,-10.91,-23.83,-0.59
2019-06-01,2019,6,Silver,Precious Metals,($/troy oz),15.0,2.04,-1.96,-9.09,-24.62,0.9
2019-07-01,2019,7,Silver,Precious Metals,($/troy oz),15.8,5.33,4.64,0.64,-24.4,1.79
2019-08-01,2019,8,Silver,Precious Metals,($/troy oz),17.2,8.86,17.01,14.67,-12.69,2.47
2019-09-01,2019,9,Silver,Precious Metals,($/troy oz),18.2,5.81,21.33,27.27,-1.09,1.14
2019-10-01,2019,10,Silver,Precious Metals,($/troy oz),17.6,-3.3,11.39,20.55,2.33,-1.43
2019-11-01,2019,11,Silver,Precious Metals,($/troy oz),17.2,-2.27,0.0,19.44,7.5,-0.96
2019-12-01,2019,12,Silver,Precious Metals,($/troy oz),17.1,-0.58,-6.04,15.54,4.91,-0.52
2020-01-01,2020,1,Silver,Precious Metals,($/troy oz),18.0,5.26,2.27,15.38,4.65,0.95
2020-02-01,2020,2,Silver,Precious Metals,($/troy oz),17.9,-0.56,4.07,13.29,6.55,-0.44
2020-03-01,2020,3,Silver,Precious Metals,($/troy oz),14.9,-16.76,-12.87,-2.61,-8.02,-4.27
2020-04-01,2020,4,Silver,Precious Metals,($/troy oz),15.1,1.34,-16.11,0.0,-7.36,0.2
2020-05-01,2020,5,Silver,Precious Metals,($/troy oz),16.3,7.95,-8.94,10.88,-2.98,1.17
2020-06-01,2020,6,Silver,Precious Metals,($/troy oz),17.7,8.59,18.79,18.0,9.94,1.09
2020-07-01,2020,7,Silver,Precious Metals,($/troy oz),20.6,16.38,36.42,30.38,36.42,2.04
2020-08-01,2020,8,Silver,Precious Metals,($/troy oz),27.0,31.07,65.64,56.98,81.21,3.42
2020-09-01,2020,9,Silver,Precious Metals,($/troy oz),25.7,-4.81,45.2,41.21,73.65,-0.79
2020-10-01,2020,10,Silver,Precious Metals,($/troy oz),24.2,-5.84,17.48,37.5,53.16,-0.78
2020-11-01,2020,11,Silver,Precious Metals,($/troy oz),24.1,-0.41,-10.74,40.12,66.21,-0.31
2020-12-01,2020,12,Silver,Precious Metals,($/troy oz),25.0,3.73,-2.72,46.2,77.3,0.02
2021-01-01,2021,1,Silver,Precious Metals,($/troy oz),25.9,3.6,7.02,43.89,83.69,-0.02
2021-02-01,2021,2,Silver,Precious Metals,($/troy oz),27.3,5.41,13.28,52.51,79.61,0.14
2021-03-01,2021,3,Silver,Precious Metals,($/troy oz),25.6,-6.23,2.4,71.81,65.16,-0.88
2021-04-01,2021,4,Silver,Precious Metals,($/troy oz),25.7,0.39,-0.77,70.2,56.71,-0.44
2021-05-01,2021,5,Silver,Precious Metals,($/troy oz),27.5,7.0,0.73,68.71,62.72,0.19
2021-06-01,2021,6,Silver,Precious Metals,($/troy oz),27.0,-1.82,5.47,52.54,56.07,-0.64
2021-07-01,2021,7,Silver,Precious Metals,($/troy oz),25.7,-4.81,0.0,24.76,28.5,-0.83
2021-08-01,2021,8,Silver,Precious Metals,($/troy oz),24.0,-6.61,-12.73,-11.11,22.45,-0.88
2021-09-01,2021,9,Silver,Precious Metals,($/troy oz),23.2,-3.33,-14.07,-9.73,19.59,-0.5
2021-10-01,2021,10,Silver,Precious Metals,($/troy oz),23.4,0.86,-8.95,-3.31,32.2,0.33
2021-11-01,2021,11,Silver,Precious Metals,($/troy oz),24.2,3.42,0.83,0.41,39.08,0.8
2021-12-01,2021,12,Silver,Precious Metals,($/troy oz),22.5,-7.02,-3.02,-10.0,37.2,-1.54
2022-01-01,2022,1,Silver,Precious Metals,($/troy oz),23.2,3.11,-0.85,-10.42,37.28,0.79
2022-02-01,2022,2,Silver,Precious Metals,($/troy oz),23.5,1.29,-2.89,-13.92,31.28,0.43
2022-03-01,2022,3,Silver,Precious Metals,($/troy oz),25.3,7.66,12.44,-1.17,43.75,1.94
2022-04-01,2022,4,Silver,Precious Metals,($/troy oz),24.5,-3.16,5.6,-4.67,36.11,-0.65
2022-05-01,2022,5,Silver,Precious Metals,($/troy oz),21.9,-10.61,-6.81,-20.36,31.14,-2.08
2022-06-01,2022,6,Silver,Precious Metals,($/troy oz),21.6,-1.37,-14.62,-20.0,27.81,0.07
2022-07-01,2022,7,Silver,Precious Metals,($/troy oz),19.1,-11.57,-22.04,-25.68,17.9,-1.89
2022-08-01,2022,8,Silver,Precious Metals,($/troy oz),19.7,3.14,-10.05,-17.92,15.88,0.92
2022-09-01,2022,9,Silver,Precious Metals,($/troy oz),18.9,-4.06,-12.5,-18.53,8.62,-0.44
2022-10-01,2022,10,Silver,Precious Metals,($/troy oz),19.4,2.65,1.57,-17.09,14.79,0.7
2022-11-01,2022,11,Silver,Precious Metals,($/troy oz),21.0,8.25,6.6,-13.22,23.53,1.6
2022-12-01,2022,12,Silver,Precious Metals,($/troy oz),23.3,10.95,23.28,3.56,43.83,1.83
2023-01-01,2023,1,Silver,Precious Metals,($/troy oz),23.7,1.72,22.16,2.16,38.6,0.17
2023-02-01,2023,2,Silver,Precious Metals,($/troy oz),21.9,-7.59,4.29,-6.81,31.93,-1.14
2023-03-01,2023,3,Silver,Precious Metals,($/troy oz),22.0,0.46,-5.58,-13.04,33.33,0.11
2023-04-01,2023,4,Silver,Precious Metals,($/troy oz),25.0,13.64,5.49,2.04,50.6,2.1
2023-05-01,2023,5,Silver,Precious Metals,($/troy oz),24.3,-2.8,10.96,10.96,47.27,-0.41
2023-06-01,2023,6,Silver,Precious Metals,($/troy oz),23.4,-3.7,6.36,8.33,41.82,-0.65
2023-07-01,2023,7,Silver,Precious Metals,($/troy oz),24.3,3.85,-2.8,27.23,54.78,0.39
2023-08-01,2023,8,Silver,Precious Metals,($/troy oz),23.4,-3.7,-3.7,18.78,56.0,-0.93
2023-09-01,2023,9,Silver,Precious Metals,($/troy oz),23.1,-1.28,-1.28,22.22,61.54,-0.44
2023-10-01,2023,10,Silver,Precious Metals,($/troy oz),22.4,-3.03,-7.82,15.46,53.42,-0.76
2023-11-01,2023,11,Silver,Precious Metals,($/troy oz),23.5,4.91,0.43,11.9,63.19,0.54
2023-12-01,2023,12,Silver,Precious Metals,($/troy oz),23.9,1.7,3.46,2.58,61.49,0.09
2024-01-01,2024,1,Silver,Precious Metals,($/troy oz),22.9,-4.18,2.23,-3.38,46.79,-0.82
2024-02-01,2024,2,Silver,Precious Metals,($/troy oz),22.7,-0.87,-3.4,3.65,43.67,-0.13
2024-03-01,2024,3,Silver,Precious Metals,($/troy oz),24.5,7.93,2.51,11.36,60.13,1.46
2024-04-01,2024,4,Silver,Precious Metals,($/troy oz),27.5,12.24,20.09,10.0,82.12,2.01
2024-05-01,2024,5,Silver,Precious Metals,($/troy oz),29.4,6.91,29.52,20.99,100.0,1.13
2024-06-01,2024,6,Silver,Precious Metals,($/troy oz),29.6,0.68,20.82,26.5,97.33,-0.19
2024-07-01,2024,7,Silver,Precious Metals,($/troy oz),29.8,0.68,8.36,22.63,88.61,-0.28
2024-08-01,2024,8,Silver,Precious Metals,($/troy oz),28.5,-4.36,-3.06,21.79,65.7,-1.2
2024-09-01,2024,9,Silver,Precious Metals,($/troy oz),30.1,5.61,1.69,30.3,65.38,0.74
2024-10-01,2024,10,Silver,Precious Metals,($/troy oz),32.4,7.64,8.72,44.64,84.09,1.01
2024-11-01,2024,11,Silver,Precious Metals,($/troy oz),31.1,-4.01,9.12,32.34,80.81,-1.41
2024-12-01,2024,12,Silver,Precious Metals,($/troy oz),30.8,-0.96,2.33,28.87,80.12,-0.63
2025-01-01,2025,1,Silver,Precious Metals,($/troy oz),30.4,-1.3,-6.17,32.75,68.89,-0.64
2025-02-01,2025,2,Silver,Precious Metals,($/troy oz),32.2,5.92,3.54,41.85,79.89,0.64
2025-03-01,2025,3,Silver,Precious Metals,($/troy oz),33.2,3.11,7.79,35.51,122.82,0.0
2025-04-01,2025,4,Silver,Precious Metals,($/troy oz),32.2,-3.01,5.92,17.09,113.25,-1.12
2025-05-01,2025,5,Silver,Precious Metals,($/troy oz),32.8,1.86,1.86,11.56,101.23,0.11
2025-06-01,2025,6,Silver,Precious Metals,($/troy oz),36.0,9.76,8.43,21.62,103.39,2.2
2025-07-01,2025,7,Silver,Precious Metals,($/troy oz),37.7,4.72,17.08,26.51,83.01,0.63
2025-08-01,2025,8,Silver,Precious Metals,($/troy oz),38.2,1.33,16.46,34.04,41.48,-0.16
2025-09-01,2025,9,Silver,Precious Metals,($/troy oz),42.8,12.04,18.89,42.19,66.54,2.19
2025-10-01,2025,10,Silver,Precious Metals,($/troy oz),49.4,15.42,31.03,52.47,104.13,2.43
2025-11-01,2025,11,Silver,Precious Metals,($/troy oz),50.4,2.02,31.94,62.06,109.13,-0.28
2025-12-01,2025,12,Silver,Precious Metals,($/troy oz),62.3,23.61,45.56,102.27,149.2,3.43
2026-01-01,2026,1,Silver,Precious Metals,($/troy oz),92.1,47.83,86.44,202.96,255.6,5.41
2026-02-01,2026,2,Silver,Precious Metals,($/troy oz),81.9,-11.07,62.5,154.35,200.0,-1.55
2026-03-01,2026,3,Silver,Precious Metals,($/troy oz),77.9,-4.88,25.04,134.64,204.3,-0.91
2026-04-01,2026,4,Silver,Precious Metals,($/troy oz),75.9,-2.57,-17.59,135.71,195.33,-0.7
2026-05-01,2026,5,Silver,Precious Metals,($/troy oz),78.0,2.77,-4.76,137.8,183.64,-0.36
2026-06-01,2026,6,Silver,Precious Metals,($/troy oz),66.7,-14.49,-14.38,85.28,147.04,-1.47
2026-07-01,2026,7,Silver,Precious Metals,($/troy oz),58.8,-11.84,-22.53,55.97,128.79,-1.08
2026-08-01,2026,8,Silver,Precious Metals,($/troy oz),65.4,11.22,-16.15,71.2,172.5,0.35
2026-09-01,2026,9,Silver,Precious Metals,($/troy oz),64.6,-1.22,-3.15,50.93,178.45,-0.4
1960-01-01,1960,1,Sorghum,Grains,($/mt),39.0,,,,,
1960-02-01,1960,2,Sorghum,Grains,($/mt),39.0,0.0,,,,
1960-03-01,1960,3,Sorghum,Grains,($/mt),35.0,-10.26,,,,
1960-04-01,1960,4,Sorghum,Grains,($/mt),35.0,0.0,-10.26,,,
1960-05-01,1960,5,Sorghum,Grains,($/mt),35.0,0.0,-10.26,,,
1960-06-01,1960,6,Sorghum,Grains,($/mt),36.0,2.86,2.86,,,
1960-07-01,1960,7,Sorghum,Grains,($/mt),39.9,10.83,14.0,,,
1960-08-01,1960,8,Sorghum,Grains,($/mt),39.0,-2.26,11.43,,,-0.42
1960-09-01,1960,9,Sorghum,Grains,($/mt),35.0,-10.26,-2.78,,,-1.66
1960-10-01,1960,10,Sorghum,Grains,($/mt),35.0,0.0,-12.28,,,0.17
1960-11-01,1960,11,Sorghum,Grains,($/mt),35.0,0.0,-10.26,,,0.16
1960-12-01,1960,12,Sorghum,Grains,($/mt),36.0,2.86,2.86,,,0.62
1961-01-01,1961,1,Sorghum,Grains,($/mt),38.0,5.56,8.57,-2.56,,1.04
1961-02-01,1961,2,Sorghum,Grains,($/mt),39.0,2.63,11.43,0.0,,0.46
1961-03-01,1961,3,Sorghum,Grains,($/mt),39.0,0.0,8.33,11.43,,-0.03
1961-04-01,1961,4,Sorghum,Grains,($/mt),38.0,-2.56,0.0,8.57,,-0.72
1961-05-01,1961,5,Sorghum,Grains,($/mt),42.0,10.53,7.69,20.0,,1.92
1961-06-01,1961,6,Sorghum,Grains,($/mt),45.0,7.14,15.38,25.0,,0.95
1961-07-01,1961,7,Sorghum,Grains,($/mt),45.0,0.0,18.42,12.78,,-0.34
1961-08-01,1961,8,Sorghum,Grains,($/mt),44.0,-2.22,4.76,12.82,,-0.63
1961-09-01,1961,9,Sorghum,Grains,($/mt),45.0,2.27,0.0,28.57,,0.21
1961-10-01,1961,10,Sorghum,Grains,($/mt),40.0,-11.11,-11.11,14.29,,-3.41
1961-11-01,1961,11,Sorghum,Grains,($/mt),41.0,2.5,-6.82,17.14,,0.23
1961-12-01,1961,12,Sorghum,Grains,($/mt),41.0,0.0,-8.89,13.89,,-0.27
1962-01-01,1962,1,Sorghum,Grains,($/mt),44.5,8.54,11.25,17.11,,1.34
1962-02-01,1962,2,Sorghum,Grains,($/mt),44.5,0.0,8.54,14.1,,-0.26
1962-03-01,1962,3,Sorghum,Grains,($/mt),45.6,2.47,11.22,16.92,,0.21
1962-04-01,1962,4,Sorghum,Grains,($/mt),46.5,1.97,4.49,22.37,,0.09
1962-05-01,1962,5,Sorghum,Grains,($/mt),47.2,1.51,6.07,12.38,,-0.06
1962-06-01,1962,6,Sorghum,Grains,($/mt),47.2,0.0,3.51,4.89,,-0.22
1962-07-01,1962,7,Sorghum,Grains,($/mt),44.3,-6.14,-4.73,-1.56,,-1.48
1962-08-01,1962,8,Sorghum,Grains,($/mt),42.6,-3.84,-9.75,-3.18,,-0.78
1962-09-01,1962,9,Sorghum,Grains,($/mt),42.6,0.0,-9.75,-5.33,,0.03
1962-10-01,1962,10,Sorghum,Grains,($/mt),42.8,0.47,-3.39,7.0,,0.17
1962-11-01,1962,11,Sorghum,Grains,($/mt),43.4,1.4,1.88,5.85,,0.22
1962-12-01,1962,12,Sorghum,Grains,($/mt),45.2,4.15,6.1,10.24,,1.03
1963-01-01,1963,1,Sorghum,Grains,($/mt),46.5,2.88,8.64,4.49,,0.55
1963-02-01,1963,2,Sorghum,Grains,($/mt),47.2,1.51,8.76,6.07,,0.38
1963-03-01,1963,3,Sorghum,Grains,($/mt),47.2,0.0,4.42,3.51,,-0.18
1963-04-01,1963,4,Sorghum,Grains,($/mt),46.3,-1.91,-0.43,-0.43,,-0.79
1963-05-01,1963,5,Sorghum,Grains,($/mt),46.5,0.43,-1.48,-1.48,,0.15
1963-06-01,1963,6,Sorghum,Grains,($/mt),48.3,3.87,2.33,2.33,,1.41
1963-07-01,1963,7,Sorghum,Grains,($/mt),48.4,0.21,4.54,9.26,,-0.01
1963-08-01,1963,8,Sorghum,Grains,($/mt),47.8,-1.24,2.8,12.21,,-0.88
1963-09-01,1963,9,Sorghum,Grains,($/mt),48.9,2.3,1.24,14.79,,0.7
1963-10-01,1963,10,Sorghum,Grains,($/mt),49.0,0.2,1.24,14.49,,-0.51
1963-11-01,1963,11,Sorghum,Grains,($/mt),49.0,0.0,2.51,12.9,,-0.61
1963-12-01,1963,12,Sorghum,Grains,($/mt),49.0,0.0,0.2,8.41,,-0.54
1964-01-01,1964,1,Sorghum,Grains,($/mt),49.6,1.22,1.22,6.67,,0.32
1964-02-01,1964,2,Sorghum,Grains,($/mt),49.9,0.6,1.84,5.72,,0.04
1964-03-01,1964,3,Sorghum,Grains,($/mt),49.0,-1.8,0.0,3.81,,-1.51
1964-04-01,1964,4,Sorghum,Grains,($/mt),48.1,-1.84,-3.02,3.89,,-1.32
1964-05-01,1964,5,Sorghum,Grains,($/mt),48.1,0.0,-3.61,3.44,,-0.2
1964-06-01,1964,6,Sorghum,Grains,($/mt),47.4,-1.46,-3.27,-1.86,,-1.07
1964-07-01,1964,7,Sorghum,Grains,($/mt),47.4,0.0,-1.46,-2.07,,0.12
1964-08-01,1964,8,Sorghum,Grains,($/mt),47.6,0.42,-1.04,-0.42,,0.47
1964-09-01,1964,9,Sorghum,Grains,($/mt),48.5,1.89,2.32,-0.82,,1.59
1964-10-01,1964,10,Sorghum,Grains,($/mt),47.4,-2.27,0.0,-3.27,,-1.93
1964-11-01,1964,11,Sorghum,Grains,($/mt),47.2,-0.42,-0.84,-3.67,,-0.12
1964-12-01,1964,12,Sorghum,Grains,($/mt),48.7,3.18,0.41,-0.61,,2.68
1965-01-01,1965,1,Sorghum,Grains,($/mt),49.8,2.26,5.06,0.4,27.69,1.4
1965-02-01,1965,2,Sorghum,Grains,($/mt),49.8,0.0,5.51,-0.2,27.69,-0.03
1965-03-01,1965,3,Sorghum,Grains,($/mt),48.9,-1.81,0.41,-0.2,39.71,-1.04
1965-04-01,1965,4,Sorghum,Grains,($/mt),47.8,-2.25,-4.02,-0.62,36.57,-1.3
1965-05-01,1965,5,Sorghum,Grains,($/mt),47.8,0.0,-4.02,-0.62,36.57,0.02
1965-06-01,1965,6,Sorghum,Grains,($/mt),47.8,0.0,-2.25,0.84,32.78,0.02
1965-07-01,1965,7,Sorghum,Grains,($/mt),47.8,0.0,0.0,0.84,19.8,-0.05
1965-08-01,1965,8,Sorghum,Grains,($/mt),47.4,-0.84,-0.84,-0.42,21.54,-0.54
1965-09-01,1965,9,Sorghum,Grains,($/mt),47.4,0.0,-0.84,-2.27,35.43,0.01
1965-10-01,1965,10,Sorghum,Grains,($/mt),46.5,-1.9,-2.72,-1.9,32.86,-1.06
1965-11-01,1965,11,Sorghum,Grains,($/mt),46.3,-0.43,-2.32,-1.91,32.29,-0.18
1965-12-01,1965,12,Sorghum,Grains,($/mt),47.6,2.81,0.42,-2.26,32.22,1.86
1966-01-01,1966,1,Sorghum,Grains,($/mt),47.6,0.0,2.37,-4.42,25.26,0.12
1966-02-01,1966,2,Sorghum,Grains,($/mt),48.5,1.89,4.75,-2.61,24.36,1.72
1966-03-01,1966,3,Sorghum,Grains,($/mt),47.4,-2.27,-0.42,-3.07,21.54,-1.4
1966-04-01,1966,4,Sorghum,Grains,($/mt),47.0,-0.84,-1.26,-1.67,23.68,-0.39
1966-05-01,1966,5,Sorghum,Grains,($/mt),47.0,0.0,-3.09,-1.67,11.9,0.09
1966-06-01,1966,6,Sorghum,Grains,($/mt),46.7,-0.64,-1.48,-2.3,3.78,-0.36
1966-07-01,1966,7,Sorghum,Grains,($/mt),47.2,1.07,0.43,-1.26,4.89,0.89
1966-08-01,1966,8,Sorghum,Grains,($/mt),50.5,6.99,7.45,6.54,14.77,4.87
1966-09-01,1966,9,Sorghum,Grains,($/mt),51.6,2.18,10.49,8.86,14.67,0.65
1966-10-01,1966,10,Sorghum,Grains,($/mt),48.7,-5.62,3.18,4.73,21.75,-2.53
1966-11-01,1966,11,Sorghum,Grains,($/mt),49.4,1.44,-2.18,6.7,20.49,0.33
1966-12-01,1966,12,Sorghum,Grains,($/mt),51.4,4.05,-0.39,7.98,25.37,1.14
1967-01-01,1967,1,Sorghum,Grains,($/mt),52.9,2.92,8.62,11.13,18.88,0.71
1967-02-01,1967,2,Sorghum,Grains,($/mt),52.9,0.0,7.09,9.07,18.88,-0.29
1967-03-01,1967,3,Sorghum,Grains,($/mt),54.9,3.78,6.81,15.82,20.39,0.94
1967-04-01,1967,4,Sorghum,Grains,($/mt),54.2,-1.28,2.46,15.32,16.56,-0.81
1967-05-01,1967,5,Sorghum,Grains,($/mt),54.5,0.55,3.02,15.96,15.47,-0.22
1967-06-01,1967,6,Sorghum,Grains,($/mt),52.9,-2.94,-3.64,13.28,12.08,-1.33
1967-07-01,1967,7,Sorghum,Grains,($/mt),52.0,-1.7,-4.06,10.17,17.38,-0.83
1967-08-01,1967,8,Sorghum,Grains,($/mt),50.3,-3.27,-7.71,-0.4,18.08,-1.2
1967-09-01,1967,9,Sorghum,Grains,($/mt),49.6,-1.39,-6.24,-3.88,16.43,-0.46
1967-10-01,1967,10,Sorghum,Grains,($/mt),49.4,-0.4,-5.0,1.44,15.42,-0.04
1967-11-01,1967,11,Sorghum,Grains,($/mt),48.9,-1.01,-2.78,-1.01,12.67,-0.47
1967-12-01,1967,12,Sorghum,Grains,($/mt),50.3,2.86,1.41,-2.14,11.28,1.19
1968-01-01,1968,1,Sorghum,Grains,($/mt),55.6,10.54,12.55,5.1,19.57,4.66
1968-02-01,1968,2,Sorghum,Grains,($/mt),58.1,4.5,18.81,9.83,23.09,1.06
1968-03-01,1968,3,Sorghum,Grains,($/mt),57.0,-1.89,13.32,3.83,20.76,-0.69
1968-04-01,1968,4,Sorghum,Grains,($/mt),57.0,0.0,2.52,5.17,23.11,-0.1
1968-05-01,1968,5,Sorghum,Grains,($/mt),53.1,-6.84,-8.61,-2.57,14.19,-1.89
1968-06-01,1968,6,Sorghum,Grains,($/mt),51.3,-3.39,-10.0,-3.02,6.21,-0.74
1968-07-01,1968,7,Sorghum,Grains,($/mt),49.8,-2.92,-12.63,-4.23,2.89,-0.62
1968-08-01,1968,8,Sorghum,Grains,($/mt),46.9,-5.82,-11.68,-6.76,-1.88,-1.23
1968-09-01,1968,9,Sorghum,Grains,($/mt),47.3,0.85,-7.8,-4.64,-3.27,0.28
1968-10-01,1968,10,Sorghum,Grains,($/mt),48.8,3.17,-2.01,-1.21,-0.41,0.73
1968-11-01,1968,11,Sorghum,Grains,($/mt),52.0,6.56,10.87,6.34,6.12,1.36
1968-12-01,1968,12,Sorghum,Grains,($/mt),53.9,3.65,13.95,7.16,10.0,0.59
1969-01-01,1969,1,Sorghum,Grains,($/mt),53.2,-1.3,9.02,-4.32,7.26,-0.38
1969-02-01,1969,2,Sorghum,Grains,($/mt),54.1,1.69,4.04,-6.88,8.42,0.47
1969-03-01,1969,3,Sorghum,Grains,($/mt),53.1,-1.85,-1.48,-6.84,8.37,-0.34
1969-04-01,1969,4,Sorghum,Grains,($/mt),51.9,-2.26,-2.44,-8.95,7.9,-0.44
1969-05-01,1969,5,Sorghum,Grains,($/mt),49.9,-3.85,-7.76,-6.03,3.74,-0.79
1969-06-01,1969,6,Sorghum,Grains,($/mt),49.0,-1.8,-7.72,-4.48,3.38,-0.37
1969-07-01,1969,7,Sorghum,Grains,($/mt),51.5,5.1,-0.77,3.41,8.65,1.52
1969-08-01,1969,8,Sorghum,Grains,($/mt),54.2,5.24,8.62,15.57,13.87,1.3
1969-09-01,1969,9,Sorghum,Grains,($/mt),56.8,4.8,15.92,20.08,17.11,1.02
1969-10-01,1969,10,Sorghum,Grains,($/mt),57.4,1.06,11.46,17.62,21.1,-0.15
1969-11-01,1969,11,Sorghum,Grains,($/mt),57.5,0.17,6.09,10.58,21.82,-0.35
1969-12-01,1969,12,Sorghum,Grains,($/mt),56.5,-1.74,-0.53,4.82,16.02,-0.82
1970-01-01,1970,1,Sorghum,Grains,($/mt),51.8,-8.32,-9.76,-2.63,4.02,-2.77
1970-02-01,1970,2,Sorghum,Grains,($/mt),51.8,0.0,-9.91,-4.25,4.02,0.04
1970-03-01,1970,3,Sorghum,Grains,($/mt),51.8,0.0,-8.32,-2.45,5.93,0.07
1970-04-01,1970,4,Sorghum,Grains,($/mt),51.8,0.0,0.0,-0.19,8.37,0.03
1970-05-01,1970,5,Sorghum,Grains,($/mt),51.8,0.0,0.0,3.81,8.37,-0.01
1970-06-01,1970,6,Sorghum,Grains,($/mt),51.8,0.0,0.0,5.71,8.37,-0.1
1970-07-01,1970,7,Sorghum,Grains,($/mt),51.8,0.0,0.0,0.58,8.37,-0.14
1970-08-01,1970,8,Sorghum,Grains,($/mt),51.8,0.0,0.0,-4.43,9.28,-0.03
1970-09-01,1970,9,Sorghum,Grains,($/mt),51.8,0.0,0.0,-8.8,9.28,0.11
1970-10-01,1970,10,Sorghum,Grains,($/mt),51.8,0.0,0.0,-9.76,11.4,0.3
1970-11-01,1970,11,Sorghum,Grains,($/mt),51.8,0.0,0.0,-9.91,11.88,0.34
1970-12-01,1970,12,Sorghum,Grains,($/mt),51.8,0.0,0.0,-8.32,8.82,0.35
1971-01-01,1971,1,Sorghum,Grains,($/mt),55.8,7.72,7.72,7.72,17.23,3.5
1971-02-01,1971,2,Sorghum,Grains,($/mt),55.8,0.0,7.72,7.72,15.05,-0.29
1971-03-01,1971,3,Sorghum,Grains,($/mt),55.8,0.0,7.72,7.72,17.72,-0.29
1971-04-01,1971,4,Sorghum,Grains,($/mt),55.8,0.0,0.0,7.72,18.72,-0.29
1971-05-01,1971,5,Sorghum,Grains,($/mt),55.8,0.0,0.0,7.72,18.72,-0.29
1971-06-01,1971,6,Sorghum,Grains,($/mt),55.8,0.0,0.0,7.72,19.49,-0.29
1971-07-01,1971,7,Sorghum,Grains,($/mt),55.8,0.0,0.0,7.72,18.22,-0.29
1971-08-01,1971,8,Sorghum,Grains,($/mt),55.8,0.0,0.0,7.72,10.5,-0.29
1971-09-01,1971,9,Sorghum,Grains,($/mt),55.8,0.0,0.0,7.72,8.14,-0.29
1971-10-01,1971,10,Sorghum,Grains,($/mt),55.8,0.0,0.0,7.72,14.58,-0.29
1971-11-01,1971,11,Sorghum,Grains,($/mt),55.8,0.0,0.0,7.72,12.96,-0.29
1971-12-01,1971,12,Sorghum,Grains,($/mt),55.8,0.0,0.0,7.72,8.56,-0.29
1972-01-01,1972,1,Sorghum,Grains,($/mt),53.1,-4.84,-4.84,-4.84,0.38,-2.46
1972-02-01,1972,2,Sorghum,Grains,($/mt),53.5,0.75,-4.12,-4.12,1.13,0.83
1972-03-01,1972,3,Sorghum,Grains,($/mt),53.6,0.19,-3.94,-3.94,-2.37,0.37
1972-04-01,1972,4,Sorghum,Grains,($/mt),53.7,0.19,1.13,-3.76,-0.92,0.36
1972-05-01,1972,5,Sorghum,Grains,($/mt),51.5,-4.1,-3.74,-7.71,-5.5,-2.62
1972-06-01,1972,6,Sorghum,Grains,($/mt),49.8,-3.3,-7.09,-10.75,-5.86,-1.47
1972-07-01,1972,7,Sorghum,Grains,($/mt),51.9,4.22,-3.35,-6.99,-0.19,2.65
1972-08-01,1972,8,Sorghum,Grains,($/mt),54.9,5.78,6.6,-1.61,9.15,2.6
1972-09-01,1972,9,Sorghum,Grains,($/mt),58.2,6.01,16.87,4.3,17.34,2.0
1972-10-01,1972,10,Sorghum,Grains,($/mt),56.9,-2.23,9.63,1.97,15.18,-0.75
1972-11-01,1972,11,Sorghum,Grains,($/mt),62.0,8.96,12.93,11.11,26.79,2.42
1972-12-01,1972,12,Sorghum,Grains,($/mt),75.8,22.26,30.24,35.84,50.7,4.84
1973-01-01,1973,1,Sorghum,Grains,($/mt),81.4,7.39,43.06,53.3,46.4,0.61
1973-02-01,1973,2,Sorghum,Grains,($/mt),78.5,-3.56,26.61,46.73,35.11,-1.03
1973-03-01,1973,3,Sorghum,Grains,($/mt),76.3,-2.8,0.66,42.35,33.86,-0.84
1973-04-01,1973,4,Sorghum,Grains,($/mt),74.5,-2.36,-8.48,38.73,30.7,-0.73
1973-05-01,1973,5,Sorghum,Grains,($/mt),78.5,5.37,0.0,52.43,47.83,0.3
1973-06-01,1973,6,Sorghum,Grains,($/mt),87.3,11.21,14.42,75.3,70.18,0.99
1973-07-01,1973,7,Sorghum,Grains,($/mt),99.7,14.2,33.83,92.1,100.2,1.24
1973-08-01,1973,8,Sorghum,Grains,($/mt),113.3,13.64,44.33,106.38,141.58,0.99
1973-09-01,1973,9,Sorghum,Grains,($/mt),105.8,-6.62,21.19,81.79,123.68,-1.61
1973-10-01,1973,10,Sorghum,Grains,($/mt),109.2,3.21,9.53,91.92,123.77,-0.25
1973-11-01,1973,11,Sorghum,Grains,($/mt),106.7,-2.29,-5.83,72.1,105.19,-0.94
1973-12-01,1973,12,Sorghum,Grains,($/mt),109.6,2.72,3.59,44.59,103.34,-0.25
1974-01-01,1974,1,Sorghum,Grains,($/mt),115.8,5.66,6.04,42.26,117.67,0.33
1974-02-01,1974,2,Sorghum,Grains,($/mt),121.3,4.75,13.68,54.52,124.21,0.22
1974-03-01,1974,3,Sorghum,Grains,($/mt),113.5,-6.43,3.56,48.75,113.75,-1.54
1974-04-01,1974,4,Sorghum,Grains,($/mt),103.1,-9.16,-10.97,38.39,98.65,-1.79
1974-05-01,1974,5,Sorghum,Grains,($/mt),95.9,-6.98,-20.94,22.17,92.18,-1.27
1974-06-01,1974,6,Sorghum,Grains,($/mt),93.7,-2.29,-17.44,7.33,91.22,-0.52
1974-07-01,1974,7,Sorghum,Grains,($/mt),116.0,23.8,12.51,16.35,125.24,2.92
1974-08-01,1974,8,Sorghum,Grains,($/mt),127.9,10.26,33.37,12.89,135.98,0.89
1974-09-01,1974,9,Sorghum,Grains,($/mt),128.7,0.63,37.35,21.64,126.58,-0.08
1974-10-01,1974,10,Sorghum,Grains,($/mt),149.3,16.01,28.71,36.72,160.1,1.57
1974-11-01,1974,11,Sorghum,Grains,($/mt),146.2,-2.08,14.31,37.02,154.26,-0.52
1974-12-01,1974,12,Sorghum,Grains,($/mt),140.0,-4.24,8.78,27.74,147.79,-0.74
1975-01-01,1975,1,Sorghum,Grains,($/mt),118.8,-15.14,-20.43,2.59,129.34,-1.76
1975-02-01,1975,2,Sorghum,Grains,($/mt),109.1,-8.16,-25.38,-10.06,110.62,-0.8
1975-03-01,1975,3,Sorghum,Grains,($/mt),111.1,1.83,-20.64,-2.11,114.48,0.19
1975-04-01,1975,4,Sorghum,Grains,($/mt),111.6,0.45,-6.06,8.24,115.44,0.01
1975-05-01,1975,5,Sorghum,Grains,($/mt),110.1,-1.34,0.92,14.81,112.55,-0.23
1975-06-01,1975,6,Sorghum,Grains,($/mt),105.8,-3.91,-4.77,12.91,104.25,-0.53
1975-07-01,1975,7,Sorghum,Grains,($/mt),103.4,-2.27,-7.35,-10.86,99.61,-0.36
1975-08-01,1975,8,Sorghum,Grains,($/mt),122.4,18.38,11.17,-4.3,136.29,2.39
1975-09-01,1975,9,Sorghum,Grains,($/mt),118.2,-3.43,11.72,-8.16,128.19,-0.37
1975-10-01,1975,10,Sorghum,Grains,($/mt),114.8,-2.88,11.03,-23.11,121.62,-0.27
1975-11-01,1975,11,Sorghum,Grains,($/mt),108.9,-5.14,-11.03,-25.51,110.23,-0.42
1975-12-01,1975,12,Sorghum,Grains,($/mt),108.3,-0.55,-8.38,-22.64,109.07,0.21
1976-01-01,1976,1,Sorghum,Grains,($/mt),108.6,0.28,-5.4,-8.59,94.62,0.27
1976-02-01,1976,2,Sorghum,Grains,($/mt),110.1,1.38,1.1,0.92,97.31,0.3
1976-03-01,1976,3,Sorghum,Grains,($/mt),110.5,0.36,2.03,-0.54,98.03,0.02
1976-04-01,1976,4,Sorghum,Grains,($/mt),107.8,-2.44,-0.74,-3.41,93.19,-0.42
1976-05-01,1976,5,Sorghum,Grains,($/mt),107.8,0.0,-2.09,-2.09,93.19,0.02
1976-06-01,1976,6,Sorghum,Grains,($/mt),109.5,1.58,-0.9,3.5,96.24,0.26
1976-07-01,1976,7,Sorghum,Grains,($/mt),113.0,3.2,4.82,9.28,102.51,0.46
1976-08-01,1976,8,Sorghum,Grains,($/mt),101.3,-10.35,-6.03,-17.24,81.54,-1.88
1976-09-01,1976,9,Sorghum,Grains,($/mt),105.9,4.54,-3.29,-10.41,89.78,1.65
1976-10-01,1976,10,Sorghum,Grains,($/mt),98.1,-7.37,-13.19,-14.55,75.81,-1.64
1976-11-01,1976,11,Sorghum,Grains,($/mt),93.5,-4.69,-7.7,-14.14,67.56,-0.79
1976-12-01,1976,12,Sorghum,Grains,($/mt),96.5,3.21,-8.88,-10.9,72.94,1.01
1977-01-01,1977,1,Sorghum,Grains,($/mt),99.7,3.32,1.63,-8.2,87.76,0.92
1977-02-01,1977,2,Sorghum,Grains,($/mt),99.5,-0.2,6.42,-9.63,85.98,0.09
1977-03-01,1977,3,Sorghum,Grains,($/mt),98.0,-1.51,1.55,-11.31,82.84,-0.17
1977-04-01,1977,4,Sorghum,Grains,($/mt),93.6,-4.49,-6.12,-13.17,74.3,-0.78
1977-05-01,1977,5,Sorghum,Grains,($/mt),91.7,-2.03,-7.84,-14.94,78.06,-0.2
1977-06-01,1977,6,Sorghum,Grains,($/mt),84.2,-8.18,-14.08,-23.11,69.08,-1.47
1977-07-01,1977,7,Sorghum,Grains,($/mt),80.3,-4.63,-14.21,-28.94,54.72,-0.51
1977-08-01,1977,8,Sorghum,Grains,($/mt),75.7,-5.73,-17.45,-25.27,37.89,-0.63
1977-09-01,1977,9,Sorghum,Grains,($/mt),76.8,1.45,-8.79,-27.48,31.96,0.88
1977-10-01,1977,10,Sorghum,Grains,($/mt),81.0,5.47,0.87,-17.43,42.36,2.06
1977-11-01,1977,11,Sorghum,Grains,($/mt),90.0,11.11,18.89,-3.74,45.16,2.99
1977-12-01,1977,12,Sorghum,Grains,($/mt),89.9,-0.11,17.06,-6.84,18.6,0.01
1978-01-01,1978,1,Sorghum,Grains,($/mt),88.4,-1.67,9.14,-11.33,8.6,-0.23
1978-02-01,1978,2,Sorghum,Grains,($/mt),89.9,1.7,-0.11,-9.65,14.52,0.5
1978-03-01,1978,3,Sorghum,Grains,($/mt),95.6,6.34,6.34,-2.45,25.29,1.35
1978-04-01,1978,4,Sorghum,Grains,($/mt),101.1,5.75,14.37,8.01,35.7,1.04
1978-05-01,1978,5,Sorghum,Grains,($/mt),101.8,0.69,13.24,11.01,29.68,-0.02
1978-06-01,1978,6,Sorghum,Grains,($/mt),97.1,-4.62,1.57,15.32,11.23,-1.01
1978-07-01,1978,7,Sorghum,Grains,($/mt),90.6,-6.69,-10.39,12.83,-9.13,-1.56
1978-08-01,1978,8,Sorghum,Grains,($/mt),88.0,-2.87,-13.56,16.25,-22.33,-0.75
1978-09-01,1978,9,Sorghum,Grains,($/mt),87.3,-0.8,-10.09,13.67,-17.49,-0.43
1978-10-01,1978,10,Sorghum,Grains,($/mt),93.8,7.45,3.53,15.8,-14.1,1.22
1978-11-01,1978,11,Sorghum,Grains,($/mt),96.5,2.88,9.66,7.22,-9.56,0.29
1978-12-01,1978,12,Sorghum,Grains,($/mt),96.1,-0.41,10.08,6.9,-12.32,-0.25
1979-01-01,1979,1,Sorghum,Grains,($/mt),97.1,1.04,3.52,9.84,-16.15,0.09
1979-02-01,1979,2,Sorghum,Grains,($/mt),97.8,0.72,1.35,8.79,-19.37,-0.03
1979-03-01,1979,3,Sorghum,Grains,($/mt),99.2,1.43,3.23,3.77,-12.6,0.15
1979-04-01,1979,4,Sorghum,Grains,($/mt),98.3,-0.91,1.24,-2.77,-4.66,-0.32
1979-05-01,1979,5,Sorghum,Grains,($/mt),100.5,2.24,2.76,-1.28,4.8,0.67
1979-06-01,1979,6,Sorghum,Grains,($/mt),109.5,8.96,10.38,12.77,16.86,2.45
1979-07-01,1979,7,Sorghum,Grains,($/mt),118.9,8.58,20.96,31.24,2.5,1.79
1979-08-01,1979,8,Sorghum,Grains,($/mt),111.4,-6.31,10.85,26.59,-12.9,-2.21
1979-09-01,1979,9,Sorghum,Grains,($/mt),112.6,1.08,2.83,28.98,-12.51,-0.22
1979-10-01,1979,10,Sorghum,Grains,($/mt),116.2,3.2,-2.27,23.88,-22.17,0.22
1979-11-01,1979,11,Sorghum,Grains,($/mt),117.7,1.29,5.66,21.97,-19.49,-0.14
1979-12-01,1979,12,Sorghum,Grains,($/mt),118.2,0.42,4.97,23.0,-15.57,-0.33
1980-01-01,1980,1,Sorghum,Grains,($/mt),111.5,-5.67,-4.04,14.83,-6.14,-1.86
1980-02-01,1980,2,Sorghum,Grains,($/mt),118.3,6.1,0.51,20.96,8.43,1.06
1980-03-01,1980,3,Sorghum,Grains,($/mt),114.6,-3.13,-3.05,15.52,3.15,-1.01
1980-04-01,1980,4,Sorghum,Grains,($/mt),114.5,-0.09,2.69,16.48,2.6,-0.28
1980-05-01,1980,5,Sorghum,Grains,($/mt),116.5,1.75,-1.52,15.92,5.81,0.07
1980-06-01,1980,6,Sorghum,Grains,($/mt),119.4,2.49,4.19,9.04,12.85,0.23
1980-07-01,1980,7,Sorghum,Grains,($/mt),133.0,11.39,16.16,11.86,28.63,2.44
1980-08-01,1980,8,Sorghum,Grains,($/mt),143.0,7.52,22.75,28.37,16.83,1.34
1980-09-01,1980,9,Sorghum,Grains,($/mt),141.8,-0.84,18.76,25.93,19.97,-0.66
1980-10-01,1980,10,Sorghum,Grains,($/mt),142.9,0.78,7.44,22.98,24.48,-0.27
1980-11-01,1980,11,Sorghum,Grains,($/mt),148.4,3.85,3.78,26.08,36.27,0.43
1980-12-01,1980,12,Sorghum,Grains,($/mt),142.4,-4.04,0.42,20.47,31.49,-1.3
1981-01-01,1981,1,Sorghum,Grains,($/mt),146.7,3.02,2.66,31.57,35.08,0.27
1981-02-01,1981,2,Sorghum,Grains,($/mt),142.7,-2.73,-3.84,20.63,29.61,-1.16
1981-03-01,1981,3,Sorghum,Grains,($/mt),141.0,-1.19,-0.98,23.04,27.6,-0.64
1981-04-01,1981,4,Sorghum,Grains,($/mt),140.6,-0.28,-4.16,22.79,30.43,-0.49
1981-05-01,1981,5,Sorghum,Grains,($/mt),139.8,-0.57,-2.03,20.0,29.68,-0.55
1981-06-01,1981,6,Sorghum,Grains,($/mt),127.0,-9.16,-9.93,6.37,15.98,-2.45
1981-07-01,1981,7,Sorghum,Grains,($/mt),123.6,-2.68,-12.09,-7.07,9.38,-0.62
1981-08-01,1981,8,Sorghum,Grains,($/mt),116.0,-6.15,-17.02,-18.88,14.51,-1.34
1981-09-01,1981,9,Sorghum,Grains,($/mt),109.1,-5.95,-14.09,-23.06,3.02,-1.17
1981-10-01,1981,10,Sorghum,Grains,($/mt),105.9,-2.93,-14.32,-25.89,7.95,-0.22
1981-11-01,1981,11,Sorghum,Grains,($/mt),112.1,5.85,-3.36,-24.46,19.89,2.21
1981-12-01,1981,12,Sorghum,Grains,($/mt),111.9,-0.18,2.57,-21.42,15.96,0.51
1982-01-01,1982,1,Sorghum,Grains,($/mt),116.0,3.66,9.54,-20.93,16.35,1.37
1982-02-01,1982,2,Sorghum,Grains,($/mt),112.7,-2.84,0.54,-21.02,13.27,-0.24
1982-03-01,1982,3,Sorghum,Grains,($/mt),112.0,-0.62,0.09,-20.57,14.29,0.3
1982-04-01,1982,4,Sorghum,Grains,($/mt),114.6,2.32,-1.21,-18.49,22.44,1.0
1982-05-01,1982,5,Sorghum,Grains,($/mt),116.7,1.83,3.55,-16.52,27.26,0.8
1982-06-01,1982,6,Sorghum,Grains,($/mt),110.5,-5.31,-1.34,-12.99,31.24,-0.89
1982-07-01,1982,7,Sorghum,Grains,($/mt),102.7,-7.06,-10.38,-16.91,27.9,-1.53
1982-08-01,1982,8,Sorghum,Grains,($/mt),100.3,-2.34,-14.05,-13.53,32.5,-0.21
1982-09-01,1982,9,Sorghum,Grains,($/mt),97.1,-3.19,-12.13,-11.0,26.43,-0.51
1982-10-01,1982,10,Sorghum,Grains,($/mt),97.9,0.82,-4.67,-7.55,20.86,0.46
1982-11-01,1982,11,Sorghum,Grains,($/mt),110.2,12.56,9.87,-1.69,22.44,3.5
1982-12-01,1982,12,Sorghum,Grains,($/mt),111.6,1.27,14.93,-0.27,24.14,0.26
1983-01-01,1983,1,Sorghum,Grains,($/mt),114.6,2.69,17.06,-1.21,29.64,0.51
1983-02-01,1983,2,Sorghum,Grains,($/mt),121.0,5.58,9.8,7.36,34.59,1.11
1983-03-01,1983,3,Sorghum,Grains,($/mt),124.3,2.73,11.38,10.98,30.02,0.39
1983-04-01,1983,4,Sorghum,Grains,($/mt),132.1,6.28,15.27,15.27,30.66,1.02
1983-05-01,1983,5,Sorghum,Grains,($/mt),133.4,0.98,10.25,14.31,31.04,-0.06
1983-06-01,1983,6,Sorghum,Grains,($/mt),127.4,-4.5,2.49,15.29,31.2,-1.06
1983-07-01,1983,7,Sorghum,Grains,($/mt),125.1,-1.81,-5.3,21.81,38.08,-0.59
1983-08-01,1983,8,Sorghum,Grains,($/mt),136.3,8.95,2.17,35.89,54.89,1.51
1983-09-01,1983,9,Sorghum,Grains,($/mt),135.5,-0.59,6.36,39.55,55.21,-0.66
1983-10-01,1983,10,Sorghum,Grains,($/mt),132.1,-2.51,5.6,34.93,40.83,-1.14
1983-11-01,1983,11,Sorghum,Grains,($/mt),132.3,0.15,-2.93,20.05,37.1,-0.5
1983-12-01,1983,12,Sorghum,Grains,($/mt),130.9,-1.06,-3.39,17.29,36.21,-0.68
1984-01-01,1984,1,Sorghum,Grains,($/mt),129.5,-1.07,-1.97,13.0,33.37,-0.62
1984-02-01,1984,2,Sorghum,Grains,($/mt),125.7,-2.93,-4.99,3.88,28.53,-1.0
1984-03-01,1984,3,Sorghum,Grains,($/mt),130.8,4.06,-0.08,5.23,31.85,0.94
1984-04-01,1984,4,Sorghum,Grains,($/mt),129.5,-0.99,0.0,-1.97,31.74,-0.37
1984-05-01,1984,5,Sorghum,Grains,($/mt),131.9,1.85,4.93,-1.12,31.24,0.55
1984-06-01,1984,6,Sorghum,Grains,($/mt),128.3,-2.73,-1.91,0.71,17.17,-0.75
1984-07-01,1984,7,Sorghum,Grains,($/mt),111.4,-13.17,-13.98,-10.95,-6.31,-3.88
1984-08-01,1984,8,Sorghum,Grains,($/mt),107.2,-3.77,-18.73,-21.35,-3.77,-0.57
1984-09-01,1984,9,Sorghum,Grains,($/mt),104.8,-2.24,-18.32,-22.66,-6.93,-0.08
1984-10-01,1984,10,Sorghum,Grains,($/mt),101.3,-3.34,-9.07,-23.32,-12.82,-0.32
1984-11-01,1984,11,Sorghum,Grains,($/mt),106.7,5.33,-0.47,-19.35,-9.35,1.79
1984-12-01,1984,12,Sorghum,Grains,($/mt),111.1,4.12,6.01,-15.13,-6.01,1.25
1985-01-01,1985,1,Sorghum,Grains,($/mt),114.7,3.24,13.23,-11.43,2.87,0.91
1985-02-01,1985,2,Sorghum,Grains,($/mt),112.6,-1.83,5.53,-10.42,-4.82,-0.19
1985-03-01,1985,3,Sorghum,Grains,($/mt),117.3,4.17,5.58,-10.32,2.36,0.98
1985-04-01,1985,4,Sorghum,Grains,($/mt),118.4,0.94,3.23,-8.57,3.41,0.34
1985-05-01,1985,5,Sorghum,Grains,($/mt),115.2,-2.7,2.31,-12.66,-1.12,-0.41
1985-06-01,1985,6,Sorghum,Grains,($/mt),105.3,-8.59,-10.23,-17.93,-11.81,-1.49
1985-07-01,1985,7,Sorghum,Grains,($/mt),99.0,-5.98,-16.39,-11.13,-25.56,-0.81
1985-08-01,1985,8,Sorghum,Grains,($/mt),89.1,-10.0,-22.66,-16.88,-37.69,-2.06
1985-09-01,1985,9,Sorghum,Grains,($/mt),81.6,-8.42,-22.51,-22.14,-42.45,-1.37
1985-10-01,1985,10,Sorghum,Grains,($/mt),87.6,7.35,-11.52,-13.52,-38.7,1.69
1985-11-01,1985,11,Sorghum,Grains,($/mt),95.7,9.25,7.41,-10.31,-35.51,1.69
1985-12-01,1985,12,Sorghum,Grains,($/mt),99.6,4.08,22.06,-10.35,-30.06,0.73
1986-01-01,1986,1,Sorghum,Grains,($/mt),98.3,-1.31,12.21,-14.3,-32.99,-0.09
1986-02-01,1986,2,Sorghum,Grains,($/mt),95.2,-3.15,-0.52,-15.45,-33.29,-0.32
1986-03-01,1986,3,Sorghum,Grains,($/mt),94.5,-0.74,-5.12,-19.44,-32.98,0.07
1986-04-01,1986,4,Sorghum,Grains,($/mt),98.7,4.44,0.41,-16.64,-29.8,0.97
1986-05-01,1986,5,Sorghum,Grains,($/mt),106.0,7.4,11.34,-7.99,-24.18,1.35
1986-06-01,1986,6,Sorghum,Grains,($/mt),85.8,-19.06,-9.21,-18.52,-32.44,-2.7
1986-07-01,1986,7,Sorghum,Grains,($/mt),73.4,-14.45,-25.63,-25.86,-40.61,-1.55
1986-08-01,1986,8,Sorghum,Grains,($/mt),62.5,-14.85,-41.04,-29.85,-46.12,-1.39
1986-09-01,1986,9,Sorghum,Grains,($/mt),64.5,3.2,-24.83,-20.96,-40.88,0.58
1986-10-01,1986,10,Sorghum,Grains,($/mt),69.0,6.98,-5.99,-21.23,-34.84,0.88
1986-11-01,1986,11,Sorghum,Grains,($/mt),72.4,4.93,15.84,-24.35,-35.41,0.67
1986-12-01,1986,12,Sorghum,Grains,($/mt),68.7,-5.11,6.51,-31.02,-38.61,-0.35
1987-01-01,1987,1,Sorghum,Grains,($/mt),68.2,-0.73,-1.16,-30.62,-41.21,0.21
1987-02-01,1987,2,Sorghum,Grains,($/mt),67.7,-0.73,-6.49,-28.89,-39.93,0.21
1987-03-01,1987,3,Sorghum,Grains,($/mt),73.8,9.01,7.42,-21.9,-34.11,1.25
1987-04-01,1987,4,Sorghum,Grains,($/mt),72.1,-2.3,5.72,-26.95,-37.09,-0.07
1987-05-01,1987,5,Sorghum,Grains,($/mt),77.7,7.77,14.77,-26.7,-33.42,1.05
1987-06-01,1987,6,Sorghum,Grains,($/mt),76.4,-1.67,3.52,-10.96,-30.86,0.05
1987-07-01,1987,7,Sorghum,Grains,($/mt),72.2,-5.5,0.14,-1.63,-29.7,-0.61
1987-08-01,1987,8,Sorghum,Grains,($/mt),67.2,-6.93,-13.51,7.52,-33.0,-1.03
1987-09-01,1987,9,Sorghum,Grains,($/mt),68.7,2.23,-10.08,6.51,-29.25,0.27
1987-10-01,1987,10,Sorghum,Grains,($/mt),74.1,7.86,2.63,7.39,-24.31,1.32
1987-11-01,1987,11,Sorghum,Grains,($/mt),78.1,5.4,16.22,7.87,-29.13,0.84
1987-12-01,1987,12,Sorghum,Grains,($/mt),77.0,-1.41,12.08,12.08,-31.0,-0.39
1988-01-01,1988,1,Sorghum,Grains,($/mt),80.5,4.55,8.64,18.04,-29.76,0.65
1988-02-01,1988,2,Sorghum,Grains,($/mt),84.1,4.47,7.68,24.22,-30.5,0.55
1988-03-01,1988,3,Sorghum,Grains,($/mt),84.8,0.83,10.13,14.91,-31.78,-0.21
1988-04-01,1988,4,Sorghum,Grains,($/mt),81.7,-3.66,1.49,13.31,-38.15,-1.0
1988-05-01,1988,5,Sorghum,Grains,($/mt),81.4,-0.37,-3.21,4.76,-38.98,-0.3
1988-06-01,1988,6,Sorghum,Grains,($/mt),114.6,40.79,35.14,50.0,-10.05,8.8
1988-07-01,1988,7,Sorghum,Grains,($/mt),116.9,2.01,43.08,61.91,-6.55,-0.16
1988-08-01,1988,8,Sorghum,Grains,($/mt),109.8,-6.07,34.89,63.39,-19.44,-0.89
1988-09-01,1988,9,Sorghum,Grains,($/mt),109.8,0.0,-4.19,59.83,-18.97,-0.39
1988-10-01,1988,10,Sorghum,Grains,($/mt),108.7,-1.0,-7.01,46.69,-17.71,-0.46
1988-11-01,1988,11,Sorghum,Grains,($/mt),101.0,-7.08,-8.01,29.32,-23.66,-0.9
1988-12-01,1988,12,Sorghum,Grains,($/mt),108.3,7.23,-1.37,40.65,-17.27,0.36
1989-01-01,1989,1,Sorghum,Grains,($/mt),110.1,1.66,1.29,36.77,-14.98,-0.14
1989-02-01,1989,2,Sorghum,Grains,($/mt),110.1,0.0,9.01,30.92,-12.41,-0.26
1989-03-01,1989,3,Sorghum,Grains,($/mt),110.1,0.0,1.66,29.83,-15.83,-0.23
1989-04-01,1989,4,Sorghum,Grains,($/mt),108.2,-1.73,-1.73,32.44,-16.45,-0.36
1989-05-01,1989,5,Sorghum,Grains,($/mt),111.6,3.14,1.36,37.1,-15.39,0.02
1989-06-01,1989,6,Sorghum,Grains,($/mt),104.6,-6.27,-5.0,-8.73,-18.47,-0.77
1989-07-01,1989,7,Sorghum,Grains,($/mt),103.0,-1.53,-4.81,-11.89,-7.54,-0.2
1989-08-01,1989,8,Sorghum,Grains,($/mt),100.1,-2.82,-10.3,-8.83,-6.62,-0.45
1989-09-01,1989,9,Sorghum,Grains,($/mt),102.9,2.8,-1.63,-6.28,-1.81,0.91
1989-10-01,1989,10,Sorghum,Grains,($/mt),102.7,-0.19,-0.29,-5.52,1.38,0.07
1989-11-01,1989,11,Sorghum,Grains,($/mt),103.8,1.07,3.7,2.77,-2.72,0.37
1989-12-01,1989,12,Sorghum,Grains,($/mt),104.2,0.39,1.26,-3.79,-6.21,0.03
1990-01-01,1990,1,Sorghum,Grains,($/mt),101.9,-2.21,-0.78,-7.45,-11.16,-0.74
1990-02-01,1990,2,Sorghum,Grains,($/mt),100.8,-1.08,-2.89,-8.45,-10.48,-0.18
1990-03-01,1990,3,Sorghum,Grains,($/mt),103.4,2.58,-0.77,-6.09,-11.85,1.29
1990-04-01,1990,4,Sorghum,Grains,($/mt),109.9,6.29,7.85,1.57,-7.18,2.49
1990-05-01,1990,5,Sorghum,Grains,($/mt),111.0,1.0,10.12,-0.54,-3.65,0.25
1990-06-01,1990,6,Sorghum,Grains,($/mt),111.0,0.0,7.35,6.12,5.41,-0.0
1990-07-01,1990,7,Sorghum,Grains,($/mt),109.2,-1.62,-0.64,6.02,10.3,-0.85
1990-08-01,1990,8,Sorghum,Grains,($/mt),104.8,-4.03,-5.59,4.7,17.62,-1.81
1990-09-01,1990,9,Sorghum,Grains,($/mt),98.3,-6.2,-11.44,-4.47,20.47,-2.47
1990-10-01,1990,10,Sorghum,Grains,($/mt),97.8,-0.51,-10.44,-4.77,11.64,-0.06
1990-11-01,1990,11,Sorghum,Grains,($/mt),98.2,0.41,-6.3,-5.39,2.61,0.24
1990-12-01,1990,12,Sorghum,Grains,($/mt),101.0,2.85,2.75,-3.07,1.41,1.04
1991-01-01,1991,1,Sorghum,Grains,($/mt),105.1,4.06,7.46,3.14,6.92,1.3
1991-02-01,1991,2,Sorghum,Grains,($/mt),106.4,1.24,8.35,5.56,11.76,0.27
1991-03-01,1991,3,Sorghum,Grains,($/mt),109.9,3.29,8.81,6.29,16.3,0.82
1991-04-01,1991,4,Sorghum,Grains,($/mt),109.0,-0.82,3.71,-0.82,10.44,-0.4
1991-05-01,1991,5,Sorghum,Grains,($/mt),102.0,-6.42,-4.14,-8.11,-3.77,-2.16
1991-06-01,1991,6,Sorghum,Grains,($/mt),98.0,-3.92,-10.83,-11.71,14.22,-0.95
1991-07-01,1991,7,Sorghum,Grains,($/mt),99.4,1.43,-8.81,-8.97,35.42,0.67
1991-08-01,1991,8,Sorghum,Grains,($/mt),105.5,6.14,3.43,0.67,68.8,1.89
1991-09-01,1991,9,Sorghum,Grains,($/mt),106.2,0.66,8.37,8.04,64.65,0.14
1991-10-01,1991,10,Sorghum,Grains,($/mt),107.0,0.75,7.65,9.41,55.07,0.02
1991-11-01,1991,11,Sorghum,Grains,($/mt),105.5,-1.4,0.0,7.43,45.72,-0.65
1991-12-01,1991,12,Sorghum,Grains,($/mt),107.4,1.8,1.13,6.34,56.33,0.33
1992-01-01,1992,1,Sorghum,Grains,($/mt),111.6,3.91,4.3,6.18,63.64,0.98
1992-02-01,1992,2,Sorghum,Grains,($/mt),116.7,4.57,10.62,9.68,72.38,1.18
1992-03-01,1992,3,Sorghum,Grains,($/mt),120.2,3.0,11.92,9.37,62.87,0.6
1992-04-01,1992,4,Sorghum,Grains,($/mt),109.4,-8.99,-1.97,0.37,51.73,-2.74
1992-05-01,1992,5,Sorghum,Grains,($/mt),108.0,-1.28,-7.46,5.88,39.0,-0.31
1992-06-01,1992,6,Sorghum,Grains,($/mt),104.7,-3.06,-12.9,6.84,37.04,-0.88
1992-07-01,1992,7,Sorghum,Grains,($/mt),95.9,-8.4,-12.34,-3.52,32.83,-2.25
1992-08-01,1992,8,Sorghum,Grains,($/mt),93.7,-2.29,-13.24,-11.18,39.43,-0.44
1992-09-01,1992,9,Sorghum,Grains,($/mt),93.8,0.11,-10.41,-11.68,36.54,0.23
1992-10-01,1992,10,Sorghum,Grains,($/mt),91.0,-2.99,-5.11,-14.95,22.81,-0.47
1992-11-01,1992,11,Sorghum,Grains,($/mt),92.4,1.54,-1.39,-12.42,18.31,0.64
1992-12-01,1992,12,Sorghum,Grains,($/mt),95.8,3.68,2.13,-10.8,24.42,1.06
1993-01-01,1993,1,Sorghum,Grains,($/mt),95.2,-0.63,4.62,-14.7,18.26,0.05
1993-02-01,1993,2,Sorghum,Grains,($/mt),94.5,-0.74,2.27,-19.02,12.37,0.11
1993-03-01,1993,3,Sorghum,Grains,($/mt),95.4,0.95,-0.42,-20.63,12.5,0.67
1993-04-01,1993,4,Sorghum,Grains,($/mt),95.1,-0.31,-0.11,-13.07,16.4,0.41
1993-05-01,1993,5,Sorghum,Grains,($/mt),93.2,-2.0,-1.38,-13.7,14.5,-0.29
1993-06-01,1993,6,Sorghum,Grains,($/mt),88.5,-5.04,-7.23,-15.47,-22.77,-1.29
1993-07-01,1993,7,Sorghum,Grains,($/mt),96.2,8.7,1.16,0.31,-17.71,3.17
1993-08-01,1993,8,Sorghum,Grains,($/mt),98.5,2.39,5.69,5.12,-10.29,0.65
1993-09-01,1993,9,Sorghum,Grains,($/mt),97.2,-1.32,9.83,3.62,-11.48,-0.51
1993-10-01,1993,10,Sorghum,Grains,($/mt),100.9,3.81,4.89,10.88,-7.18,0.98
1993-11-01,1993,11,Sorghum,Grains,($/mt),113.8,12.78,15.53,23.16,12.67,3.39
1993-12-01,1993,12,Sorghum,Grains,($/mt),119.9,5.36,23.35,25.16,10.71,0.71
1994-01-01,1994,1,Sorghum,Grains,($/mt),121.9,1.67,20.81,28.05,10.72,-0.07
1994-02-01,1994,2,Sorghum,Grains,($/mt),119.2,-2.21,4.75,26.14,8.27,-0.9
1994-03-01,1994,3,Sorghum,Grains,($/mt),114.3,-4.11,-4.67,19.81,3.81,-1.23
1994-04-01,1994,4,Sorghum,Grains,($/mt),107.8,-5.69,-11.57,13.35,-0.37,-1.38
1994-05-01,1994,5,Sorghum,Grains,($/mt),106.2,-1.48,-10.91,13.95,-4.84,-0.47
1994-06-01,1994,6,Sorghum,Grains,($/mt),105.7,-0.47,-7.52,19.44,1.05,-0.3
1994-07-01,1994,7,Sorghum,Grains,($/mt),93.8,-11.26,-12.99,-2.49,-8.93,-2.4
1994-08-01,1994,8,Sorghum,Grains,($/mt),95.0,1.28,-10.55,-3.55,-5.09,0.22
1994-09-01,1994,9,Sorghum,Grains,($/mt),91.8,-3.37,-13.15,-5.56,-10.79,-0.54
1994-10-01,1994,10,Sorghum,Grains,($/mt),92.4,0.65,-1.49,-8.42,-10.03,0.16
1994-11-01,1994,11,Sorghum,Grains,($/mt),97.7,5.74,2.84,-14.15,-5.88,1.06
1994-12-01,1994,12,Sorghum,Grains,($/mt),100.6,2.97,9.59,-16.1,-3.45,0.87
1995-01-01,1995,1,Sorghum,Grains,($/mt),101.7,1.09,10.06,-16.57,-0.2,0.55
1995-02-01,1995,2,Sorghum,Grains,($/mt),102.1,0.39,4.5,-14.35,1.29,0.41
1995-03-01,1995,3,Sorghum,Grains,($/mt),102.7,0.59,2.09,-10.15,-0.68,0.4
1995-04-01,1995,4,Sorghum,Grains,($/mt),103.3,0.58,1.57,-4.17,-6.01,0.32
1995-05-01,1995,5,Sorghum,Grains,($/mt),108.1,4.65,5.88,1.79,-2.61,1.2
1995-06-01,1995,6,Sorghum,Grains,($/mt),112.8,4.35,9.83,6.72,1.62,0.95
1995-07-01,1995,7,Sorghum,Grains,($/mt),119.1,5.59,15.3,26.97,9.07,1.11
1995-08-01,1995,8,Sorghum,Grains,($/mt),118.7,-0.34,9.81,24.95,13.26,-0.89
1995-09-01,1995,9,Sorghum,Grains,($/mt),127.3,7.25,12.85,38.67,29.5,1.94
1995-10-01,1995,10,Sorghum,Grains,($/mt),137.1,7.7,15.11,48.38,40.18,1.88
1995-11-01,1995,11,Sorghum,Grains,($/mt),141.8,3.43,19.46,45.14,44.4,0.02
1995-12-01,1995,12,Sorghum,Grains,($/mt),153.0,7.9,20.19,52.09,51.49,1.7
1996-01-01,1996,1,Sorghum,Grains,($/mt),154.3,0.85,12.55,51.72,46.81,-0.89
1996-02-01,1996,2,Sorghum,Grains,($/mt),159.8,3.56,12.69,56.51,50.19,-0.0
1996-03-01,1996,3,Sorghum,Grains,($/mt),165.8,3.75,8.37,61.44,50.86,-0.03
1996-04-01,1996,4,Sorghum,Grains,($/mt),188.7,13.81,22.29,82.67,73.12,3.53
1996-05-01,1996,5,Sorghum,Grains,($/mt),185.8,-1.54,16.27,71.88,82.16,-1.82
1996-06-01,1996,6,Sorghum,Grains,($/mt),174.9,-5.87,5.49,55.05,78.47,-2.52
1996-07-01,1996,7,Sorghum,Grains,($/mt),163.6,-6.46,-13.3,37.36,64.59,-1.99
1996-08-01,1996,8,Sorghum,Grains,($/mt),152.5,-6.78,-17.92,28.48,44.55,-1.62
1996-09-01,1996,9,Sorghum,Grains,($/mt),130.4,-14.49,-25.44,2.44,22.79,-2.58
1996-10-01,1996,10,Sorghum,Grains,($/mt),113.3,-13.11,-30.75,-17.36,5.89,-1.73
1996-11-01,1996,11,Sorghum,Grains,($/mt),105.6,-6.8,-30.75,-25.53,0.09,-0.66
1996-12-01,1996,12,Sorghum,Grains,($/mt),105.8,0.19,-18.87,-30.85,-1.49,0.27
1997-01-01,1997,1,Sorghum,Grains,($/mt),105.7,-0.09,-6.71,-31.5,-5.29,0.34
1997-02-01,1997,2,Sorghum,Grains,($/mt),111.2,5.2,5.3,-30.41,-4.71,1.02
1997-03-01,1997,3,Sorghum,Grains,($/mt),119.7,7.64,13.14,-27.8,-0.42,1.3
1997-04-01,1997,4,Sorghum,Grains,($/mt),118.0,-1.42,11.64,-37.47,7.86,0.11
1997-05-01,1997,5,Sorghum,Grains,($/mt),114.2,-3.22,2.7,-38.54,5.74,0.06
1997-06-01,1997,6,Sorghum,Grains,($/mt),104.3,-8.67,-12.87,-40.37,-0.38,-0.74
1997-07-01,1997,7,Sorghum,Grains,($/mt),96.2,-7.77,-18.47,-41.2,0.31,-0.56
1997-08-01,1997,8,Sorghum,Grains,($/mt),104.1,8.21,-8.84,-31.74,11.1,1.82
1997-09-01,1997,9,Sorghum,Grains,($/mt),106.8,2.59,2.4,-18.1,13.86,0.72
1997-10-01,1997,10,Sorghum,Grains,($/mt),112.8,5.62,17.26,-0.44,23.96,1.05
1997-11-01,1997,11,Sorghum,Grains,($/mt),112.3,-0.44,7.88,6.34,21.54,-0.1
1997-12-01,1997,12,Sorghum,Grains,($/mt),110.2,-1.87,3.18,4.16,15.03,-0.46
1998-01-01,1998,1,Sorghum,Grains,($/mt),111.4,1.09,-1.24,5.39,17.02,0.11
1998-02-01,1998,2,Sorghum,Grains,($/mt),111.7,0.27,-0.53,0.45,18.2,-0.06
1998-03-01,1998,3,Sorghum,Grains,($/mt),110.5,-1.07,0.27,-7.69,15.83,-0.23
1998-04-01,1998,4,Sorghum,Grains,($/mt),103.9,-5.97,-6.73,-11.95,9.25,-1.12
1998-05-01,1998,5,Sorghum,Grains,($/mt),100.8,-2.98,-9.76,-11.73,8.15,-0.4
1998-06-01,1998,6,Sorghum,Grains,($/mt),96.5,-4.27,-12.67,-7.48,9.04,-0.66
1998-07-01,1998,7,Sorghum,Grains,($/mt),95.4,-1.14,-8.18,-0.83,-0.83,-0.13
1998-08-01,1998,8,Sorghum,Grains,($/mt),91.0,-4.61,-9.72,-12.58,-7.61,-1.15
1998-09-01,1998,9,Sorghum,Grains,($/mt),85.0,-6.59,-11.92,-20.41,-12.55,-1.7
1998-10-01,1998,10,Sorghum,Grains,($/mt),87.7,3.18,-8.07,-22.25,-13.08,1.48
1998-11-01,1998,11,Sorghum,Grains,($/mt),92.2,5.13,1.32,-17.9,-18.98,2.43
1998-12-01,1998,12,Sorghum,Grains,($/mt),90.2,-2.17,6.12,-18.15,-24.77,-0.17
1999-01-01,1999,1,Sorghum,Grains,($/mt),91.1,1.0,3.88,-18.22,-25.27,0.72
1999-02-01,1999,2,Sorghum,Grains,($/mt),90.1,-1.1,-2.28,-19.34,-24.41,0.14
1999-03-01,1999,3,Sorghum,Grains,($/mt),91.4,1.44,1.33,-17.29,-20.03,0.89
1999-04-01,1999,4,Sorghum,Grains,($/mt),89.5,-2.08,-1.76,-13.86,-16.98,-0.16
1999-05-01,1999,5,Sorghum,Grains,($/mt),87.2,-2.57,-3.22,-13.49,-17.89,-0.41
1999-06-01,1999,6,Sorghum,Grains,($/mt),86.0,-1.38,-5.91,-10.88,-18.64,-0.07
1999-07-01,1999,7,Sorghum,Grains,($/mt),76.9,-10.58,-14.08,-19.39,-18.02,-3.0
1999-08-01,1999,8,Sorghum,Grains,($/mt),81.6,6.11,-6.42,-10.33,-14.11,1.83
1999-09-01,1999,9,Sorghum,Grains,($/mt),80.0,-1.96,-6.98,-5.88,-12.85,-0.25
1999-10-01,1999,10,Sorghum,Grains,($/mt),78.4,-2.0,1.95,-10.6,-15.15,-0.36
1999-11-01,1999,11,Sorghum,Grains,($/mt),79.4,1.28,-2.7,-13.88,-18.73,0.5
1999-12-01,1999,12,Sorghum,Grains,($/mt),81.0,2.02,1.25,-10.2,-19.48,0.82
2000-01-01,2000,1,Sorghum,Grains,($/mt),89.3,10.25,13.9,-1.98,-12.19,2.8
2000-02-01,2000,2,Sorghum,Grains,($/mt),89.9,0.67,13.22,-0.22,-11.95,0.14
2000-03-01,2000,3,Sorghum,Grains,($/mt),91.7,2.0,13.21,0.33,-10.71,0.38
2000-04-01,2000,4,Sorghum,Grains,($/mt),90.6,-1.2,1.46,1.23,-12.29,-0.26
2000-05-01,2000,5,Sorghum,Grains,($/mt),95.0,4.86,5.67,8.94,-12.12,0.92
2000-06-01,2000,6,Sorghum,Grains,($/mt),79.8,-16.0,-12.98,-7.21,-29.26,-3.27
2000-07-01,2000,7,Sorghum,Grains,($/mt),73.7,-7.64,-18.65,-4.16,-38.12,-1.03
2000-08-01,2000,8,Sorghum,Grains,($/mt),76.8,4.21,-19.16,-5.88,-35.3,0.64
2000-09-01,2000,9,Sorghum,Grains,($/mt),82.7,7.68,3.63,3.37,-35.04,1.21
2000-10-01,2000,10,Sorghum,Grains,($/mt),89.9,8.71,21.98,14.67,-34.43,1.18
2000-11-01,2000,11,Sorghum,Grains,($/mt),96.1,6.9,25.13,21.03,-32.23,0.75
2000-12-01,2000,12,Sorghum,Grains,($/mt),100.5,4.58,21.52,24.07,-34.31,0.36
2001-01-01,2001,1,Sorghum,Grains,($/mt),101.1,0.6,12.46,13.21,-34.48,-0.2
2001-02-01,2001,2,Sorghum,Grains,($/mt),97.7,-3.36,1.66,8.68,-38.86,-0.66
2001-03-01,2001,3,Sorghum,Grains,($/mt),95.6,-2.15,-4.88,4.25,-42.34,-0.43
2001-04-01,2001,4,Sorghum,Grains,($/mt),94.3,-1.36,-6.73,4.08,-50.03,-0.27
2001-05-01,2001,5,Sorghum,Grains,($/mt),94.8,0.53,-2.97,-0.21,-48.98,-0.01
2001-06-01,2001,6,Sorghum,Grains,($/mt),89.5,-5.59,-6.38,12.16,-48.83,-0.82
2001-07-01,2001,7,Sorghum,Grains,($/mt),94.5,5.59,0.21,28.22,-42.24,0.84
2001-08-01,2001,8,Sorghum,Grains,($/mt),95.1,0.63,0.32,23.83,-37.64,-0.33
2001-09-01,2001,9,Sorghum,Grains,($/mt),94.6,-0.53,5.7,14.39,-27.45,-0.52
2001-10-01,2001,10,Sorghum,Grains,($/mt),95.0,0.42,0.53,5.67,-16.15,-0.18
2001-11-01,2001,11,Sorghum,Grains,($/mt),94.7,-0.32,-0.42,-1.46,-10.32,-0.23
2001-12-01,2001,12,Sorghum,Grains,($/mt),95.9,1.27,1.37,-4.58,-9.36,0.44
2002-01-01,2002,1,Sorghum,Grains,($/mt),95.4,-0.52,0.42,-5.64,-9.74,-0.06
2002-02-01,2002,2,Sorghum,Grains,($/mt),92.9,-2.62,-1.9,-4.91,-16.46,-0.8
2002-03-01,2002,3,Sorghum,Grains,($/mt),91.7,-1.29,-4.38,-4.08,-23.39,-0.34
2002-04-01,2002,4,Sorghum,Grains,($/mt),88.9,-3.05,-6.81,-5.73,-24.66,-1.05
2002-05-01,2002,5,Sorghum,Grains,($/mt),89.8,1.01,-3.34,-5.27,-21.37,0.54
2002-06-01,2002,6,Sorghum,Grains,($/mt),88.7,-1.22,-3.27,-0.89,-14.96,-0.3
2002-07-01,2002,7,Sorghum,Grains,($/mt),100.8,13.64,13.39,6.67,4.78,6.16
2002-08-01,2002,8,Sorghum,Grains,($/mt),113.8,12.9,26.73,19.66,9.32,2.85
2002-09-01,2002,9,Sorghum,Grains,($/mt),117.0,2.81,31.91,23.68,9.55,0.21
2002-10-01,2002,10,Sorghum,Grains,($/mt),113.6,-2.91,12.7,19.58,0.71,-0.87
2002-11-01,2002,11,Sorghum,Grains,($/mt),115.1,1.32,1.14,21.54,2.49,-0.06
2002-12-01,2002,12,Sorghum,Grains,($/mt),113.3,-1.56,-3.16,18.14,2.81,-0.59
2003-01-01,2003,1,Sorghum,Grains,($/mt),110.8,-2.21,-2.46,16.14,-0.54,-0.65
2003-02-01,2003,2,Sorghum,Grains,($/mt),109.2,-1.44,-5.13,17.55,-2.24,-0.49
2003-03-01,2003,3,Sorghum,Grains,($/mt),106.8,-2.2,-5.74,16.47,-3.35,-0.64
2003-04-01,2003,4,Sorghum,Grains,($/mt),106.8,0.0,-3.61,20.13,2.79,-0.24
2003-05-01,2003,5,Sorghum,Grains,($/mt),105.0,-1.69,-3.85,16.93,4.17,-0.59
2003-06-01,2003,6,Sorghum,Grains,($/mt),97.6,-7.05,-8.61,10.03,1.14,-1.48
2003-07-01,2003,7,Sorghum,Grains,($/mt),89.8,-7.99,-15.92,-10.91,-5.87,-1.44
2003-08-01,2003,8,Sorghum,Grains,($/mt),104.1,15.92,-0.86,-8.52,14.4,3.17
2003-09-01,2003,9,Sorghum,Grains,($/mt),109.1,4.8,11.78,-6.75,28.35,0.9
2003-10-01,2003,10,Sorghum,Grains,($/mt),108.3,-0.73,20.6,-4.67,23.49,-0.05
2003-11-01,2003,11,Sorghum,Grains,($/mt),114.2,5.45,9.7,-0.78,23.86,0.93
2003-12-01,2003,12,Sorghum,Grains,($/mt),116.8,2.28,7.06,3.09,29.49,0.34
2004-01-01,2004,1,Sorghum,Grains,($/mt),121.7,4.2,12.37,9.84,33.59,0.6
2004-02-01,2004,2,Sorghum,Grains,($/mt),126.2,3.7,10.51,15.57,40.07,0.43
2004-03-01,2004,3,Sorghum,Grains,($/mt),130.2,3.17,11.47,21.91,42.45,0.28
2004-04-01,2004,4,Sorghum,Grains,($/mt),128.6,-1.23,5.67,20.41,43.69,-0.49
2004-05-01,2004,5,Sorghum,Grains,($/mt),118.6,-7.78,-6.02,12.95,36.01,-1.51
2004-06-01,2004,6,Sorghum,Grains,($/mt),115.9,-2.28,-10.98,18.75,34.77,-0.51
2004-07-01,2004,7,Sorghum,Grains,($/mt),96.7,-16.57,-24.81,7.68,25.75,-2.84
2004-08-01,2004,8,Sorghum,Grains,($/mt),103.1,6.62,-13.07,-0.96,26.35,0.72
2004-09-01,2004,9,Sorghum,Grains,($/mt),99.7,-3.3,-13.98,-8.62,24.63,-0.52
2004-10-01,2004,10,Sorghum,Grains,($/mt),93.8,-5.92,-3.0,-13.39,19.64,-0.82
2004-11-01,2004,11,Sorghum,Grains,($/mt),92.3,-1.6,-10.48,-19.18,16.25,-0.09
2004-12-01,2004,12,Sorghum,Grains,($/mt),90.7,-1.73,-9.03,-22.35,11.98,-0.03
2005-01-01,2005,1,Sorghum,Grains,($/mt),90.0,-0.77,-4.05,-26.05,0.78,0.18
2005-02-01,2005,2,Sorghum,Grains,($/mt),92.3,2.56,0.0,-26.86,2.67,0.81
2005-03-01,2005,3,Sorghum,Grains,($/mt),96.4,4.44,6.28,-25.96,5.13,1.16
2005-04-01,2005,4,Sorghum,Grains,($/mt),93.0,-3.53,3.33,-27.68,2.65,-0.2
2005-05-01,2005,5,Sorghum,Grains,($/mt),96.2,3.44,4.23,-18.89,1.26,0.98
2005-06-01,2005,6,Sorghum,Grains,($/mt),97.1,0.94,0.73,-16.22,21.68,0.41
2005-07-01,2005,7,Sorghum,Grains,($/mt),105.6,8.75,13.55,9.2,43.28,1.66
2005-08-01,2005,8,Sorghum,Grains,($/mt),100.1,-5.21,4.05,-2.91,30.34,-1.36
2005-09-01,2005,9,Sorghum,Grains,($/mt),97.4,-2.7,0.31,-2.31,17.78,-0.58
2005-10-01,2005,10,Sorghum,Grains,($/mt),97.4,0.0,-7.77,3.84,8.34,0.03
2005-11-01,2005,11,Sorghum,Grains,($/mt),92.6,-4.93,-7.49,0.33,-3.64,-1.36
2005-12-01,2005,12,Sorghum,Grains,($/mt),96.6,4.32,-0.82,6.5,-3.88,1.01
2006-01-01,2006,1,Sorghum,Grains,($/mt),100.6,4.14,3.29,11.78,-0.49,0.82
2006-02-01,2006,2,Sorghum,Grains,($/mt),106.1,5.47,14.58,14.95,8.6,1.02
2006-03-01,2006,3,Sorghum,Grains,($/mt),103.7,-2.26,7.35,7.57,8.47,-0.78
2006-04-01,2006,4,Sorghum,Grains,($/mt),109.4,5.5,8.75,17.63,16.01,1.06
2006-05-01,2006,5,Sorghum,Grains,($/mt),113.8,4.02,7.26,18.3,20.04,0.57
2006-06-01,2006,6,Sorghum,Grains,($/mt),111.9,-1.67,7.91,15.24,25.03,-0.7
2006-07-01,2006,7,Sorghum,Grains,($/mt),120.0,7.24,9.69,13.64,26.98,1.29
2006-08-01,2006,8,Sorghum,Grains,($/mt),114.4,-4.67,0.53,14.29,20.29,-1.32
2006-09-01,2006,9,Sorghum,Grains,($/mt),119.5,4.46,6.79,22.69,26.32,0.75
2006-10-01,2006,10,Sorghum,Grains,($/mt),138.2,15.65,15.17,41.89,45.47,3.25
2006-11-01,2006,11,Sorghum,Grains,($/mt),167.1,20.91,46.07,80.45,76.45,3.08
2006-12-01,2006,12,Sorghum,Grains,($/mt),170.6,2.09,42.76,76.6,77.89,-0.44
2007-01-01,2007,1,Sorghum,Grains,($/mt),175.1,2.64,26.7,74.06,83.54,-0.34
2007-02-01,2007,2,Sorghum,Grains,($/mt),180.6,3.14,8.08,70.22,94.4,-0.25
2007-03-01,2007,3,Sorghum,Grains,($/mt),170.0,-5.87,-0.35,63.93,85.39,-1.46
2007-04-01,2007,4,Sorghum,Grains,($/mt),149.5,-12.06,-14.62,36.65,68.17,-2.16
2007-05-01,2007,5,Sorghum,Grains,($/mt),150.0,0.33,-16.94,31.81,67.04,-0.3
2007-06-01,2007,6,Sorghum,Grains,($/mt),154.8,3.2,-8.94,38.34,74.52,0.06
2007-07-01,2007,7,Sorghum,Grains,($/mt),138.5,-10.53,-7.36,15.42,37.4,-1.53
2007-08-01,2007,8,Sorghum,Grains,($/mt),150.3,8.52,0.2,31.38,32.07,0.72
2007-09-01,2007,9,Sorghum,Grains,($/mt),163.3,8.65,5.49,36.65,39.57,0.62
2007-10-01,2007,10,Sorghum,Grains,($/mt),163.2,-0.06,17.83,18.09,43.66,-0.32
2007-11-01,2007,11,Sorghum,Grains,($/mt),170.1,4.23,13.17,1.8,47.78,0.28
2007-12-01,2007,12,Sorghum,Grains,($/mt),187.0,9.94,14.51,9.61,65.05,1.44
2008-01-01,2008,1,Sorghum,Grains,($/mt),212.7,13.74,30.33,21.47,91.97,1.77
2008-02-01,2008,2,Sorghum,Grains,($/mt),218.5,2.73,28.45,20.99,100.09,0.1
2008-03-01,2008,3,Sorghum,Grains,($/mt),224.9,2.93,20.27,32.29,110.58,0.13
2008-04-01,2008,4,Sorghum,Grains,($/mt),240.3,6.85,12.98,60.74,125.0,0.55
2008-05-01,2008,5,Sorghum,Grains,($/mt),238.2,-0.87,9.02,58.8,126.86,-0.82
2008-06-01,2008,6,Sorghum,Grains,($/mt),262.2,10.08,16.59,69.38,168.65,0.95
2008-07-01,2008,7,Sorghum,Grains,($/mt),218.8,-16.55,-8.95,57.98,143.65,-3.26
2008-08-01,2008,8,Sorghum,Grains,($/mt),209.3,-4.34,-12.13,39.25,101.06,-1.08
2008-09-01,2008,9,Sorghum,Grains,($/mt),216.0,3.2,-17.62,32.27,97.98,0.01
2008-10-01,2008,10,Sorghum,Grains,($/mt),163.6,-24.26,-25.23,0.25,51.06,-3.4
2008-11-01,2008,11,Sorghum,Grains,($/mt),150.8,-7.82,-27.95,-11.35,32.05,-0.76
2008-12-01,2008,12,Sorghum,Grains,($/mt),138.6,-8.09,-35.83,-25.88,18.66,-0.68
2009-01-01,2009,1,Sorghum,Grains,($/mt),153.3,10.61,-6.3,-27.93,25.97,1.13
2009-02-01,2009,2,Sorghum,Grains,($/mt),144.1,-6.0,-4.44,-34.05,14.18,-0.36
2009-03-01,2009,3,Sorghum,Grains,($/mt),138.6,-3.82,0.0,-38.37,6.45,-0.09
2009-04-01,2009,4,Sorghum,Grains,($/mt),154.1,11.18,0.52,-35.87,19.83,1.4
2009-05-01,2009,5,Sorghum,Grains,($/mt),160.1,3.89,11.1,-32.79,34.99,0.64
2009-06-01,2009,6,Sorghum,Grains,($/mt),153.0,-4.43,10.39,-41.65,32.01,-0.16
2009-07-01,2009,7,Sorghum,Grains,($/mt),133.8,-12.55,-13.17,-38.85,38.37,-0.84
2009-08-01,2009,8,Sorghum,Grains,($/mt),142.4,6.43,-11.06,-31.96,38.12,1.01
2009-09-01,2009,9,Sorghum,Grains,($/mt),141.8,-0.42,-7.32,-34.35,42.23,0.22
2009-10-01,2009,10,Sorghum,Grains,($/mt),159.0,12.13,18.83,-2.81,69.51,1.48
2009-11-01,2009,11,Sorghum,Grains,($/mt),166.0,4.4,16.57,10.08,79.85,0.51
2009-12-01,2009,12,Sorghum,Grains,($/mt),166.3,0.18,17.28,19.99,83.35,-0.11
2010-01-01,2010,1,Sorghum,Grains,($/mt),161.8,-2.71,1.76,5.54,79.78,-0.59
2010-02-01,2010,2,Sorghum,Grains,($/mt),154.1,-4.76,-7.17,6.94,66.96,-0.75
2010-03-01,2010,3,Sorghum,Grains,($/mt),154.7,0.39,-6.98,11.62,60.48,-0.06
2010-04-01,2010,4,Sorghum,Grains,($/mt),149.4,-3.43,-7.66,-3.05,60.65,-0.65
2010-05-01,2010,5,Sorghum,Grains,($/mt),147.3,-1.41,-4.41,-8.0,53.12,-0.21
2010-06-01,2010,6,Sorghum,Grains,($/mt),131.0,-11.07,-15.32,-14.38,34.91,-1.7
2010-07-01,2010,7,Sorghum,Grains,($/mt),132.4,1.07,-11.38,-1.05,25.38,0.31
2010-08-01,2010,8,Sorghum,Grains,($/mt),143.4,8.31,-2.65,0.7,43.26,1.41
2010-09-01,2010,9,Sorghum,Grains,($/mt),184.9,28.94,41.15,30.39,89.84,4.75
2010-10-01,2010,10,Sorghum,Grains,($/mt),201.0,8.71,51.81,26.42,106.37,0.59
2010-11-01,2010,11,Sorghum,Grains,($/mt),203.2,1.09,41.7,22.41,119.44,-0.13
2010-12-01,2010,12,Sorghum,Grains,($/mt),221.6,9.06,19.85,33.25,129.4,0.7
2011-01-01,2011,1,Sorghum,Grains,($/mt),246.3,11.15,22.54,52.22,144.83,0.82
2011-02-01,2011,2,Sorghum,Grains,($/mt),253.2,2.8,24.61,64.31,138.64,-0.12
2011-03-01,2011,3,Sorghum,Grains,($/mt),266.1,5.09,20.08,72.01,156.61,0.05
2011-04-01,2011,4,Sorghum,Grains,($/mt),289.6,8.83,17.58,93.84,164.72,0.39
2011-05-01,2011,5,Sorghum,Grains,($/mt),261.3,-9.77,3.2,77.39,129.61,-1.67
2011-06-01,2011,6,Sorghum,Grains,($/mt),260.4,-0.34,-2.14,98.78,132.71,-0.55
2011-07-01,2011,7,Sorghum,Grains,($/mt),271.2,4.15,-6.35,104.83,126.0,-0.23
2011-08-01,2011,8,Sorghum,Grains,($/mt),302.5,11.54,15.77,110.95,164.42,0.56
2011-09-01,2011,9,Sorghum,Grains,($/mt),288.8,-4.53,10.91,56.19,141.67,-1.23
2011-10-01,2011,10,Sorghum,Grains,($/mt),263.7,-8.69,-2.77,31.19,90.81,-1.94
2011-11-01,2011,11,Sorghum,Grains,($/mt),265.4,0.64,-12.26,30.61,58.83,-0.26
2011-12-01,2011,12,Sorghum,Grains,($/mt),256.4,-3.39,-11.22,15.7,50.29,-0.81
2012-01-01,2012,1,Sorghum,Grains,($/mt),265.7,3.63,0.76,7.88,51.74,0.3
2012-02-01,2012,2,Sorghum,Grains,($/mt),269.2,1.32,1.43,6.32,49.06,0.07
2012-03-01,2012,3,Sorghum,Grains,($/mt),274.0,1.78,6.86,2.97,61.18,0.17
2012-04-01,2012,4,Sorghum,Grains,($/mt),254.9,-6.97,-4.06,-11.98,70.5,-1.16
2012-05-01,2012,5,Sorghum,Grains,($/mt),259.4,1.77,-3.64,-0.73,72.93,0.43
2012-06-01,2012,6,Sorghum,Grains,($/mt),263.9,1.73,-3.69,1.34,70.48,0.3
2012-07-01,2012,7,Sorghum,Grains,($/mt),268.6,1.78,5.37,-0.96,93.94,0.28
2012-08-01,2012,8,Sorghum,Grains,($/mt),273.3,1.75,5.36,-9.65,81.84,0.32
2012-09-01,2012,9,Sorghum,Grains,($/mt),278.2,1.79,5.42,-3.67,70.36,0.63
2012-10-01,2012,10,Sorghum,Grains,($/mt),283.1,1.76,5.4,7.36,73.47,0.51
2012-11-01,2012,11,Sorghum,Grains,($/mt),289.0,2.08,5.74,8.89,69.9,0.5
2012-12-01,2012,12,Sorghum,Grains,($/mt),284.0,-1.73,2.08,10.76,51.87,-0.85
2013-01-01,2013,1,Sorghum,Grains,($/mt),291.0,2.46,2.79,9.52,36.81,0.57
2013-02-01,2013,2,Sorghum,Grains,($/mt),288.1,-1.0,-0.31,7.02,31.85,-0.67
2013-03-01,2013,3,Sorghum,Grains,($/mt),296.7,2.99,4.47,8.28,31.93,0.88
2013-04-01,2013,4,Sorghum,Grains,($/mt),269.2,-9.27,-7.49,5.61,12.03,-3.59
2013-05-01,2013,5,Sorghum,Grains,($/mt),273.6,1.63,-5.03,5.47,14.86,0.33
2013-06-01,2013,6,Sorghum,Grains,($/mt),236.8,-13.45,-20.19,-10.27,-9.69,-4.15
2013-07-01,2013,7,Sorghum,Grains,($/mt),220.0,-7.09,-18.28,-18.09,0.55,-1.22
2013-08-01,2013,8,Sorghum,Grains,($/mt),220.6,0.27,-19.37,-19.28,5.4,0.33
2013-09-01,2013,9,Sorghum,Grains,($/mt),216.9,-1.68,-8.4,-22.03,0.42,-0.01
2013-10-01,2013,10,Sorghum,Grains,($/mt),205.2,-5.39,-6.73,-27.52,25.43,-0.66
2013-11-01,2013,11,Sorghum,Grains,($/mt),195.2,-4.87,-11.51,-32.46,29.44,-0.45
2013-12-01,2013,12,Sorghum,Grains,($/mt),205.9,5.48,-5.07,-27.5,48.56,1.7
2014-01-01,2014,1,Sorghum,Grains,($/mt),210.2,2.09,2.44,-27.77,37.12,0.82
2014-02-01,2014,2,Sorghum,Grains,($/mt),221.1,5.19,13.27,-23.26,53.44,1.38
2014-03-01,2014,3,Sorghum,Grains,($/mt),234.4,6.02,13.84,-21.0,69.12,1.34
2014-04-01,2014,4,Sorghum,Grains,($/mt),232.4,-0.85,10.56,-13.67,50.81,0.14
2014-05-01,2014,5,Sorghum,Grains,($/mt),220.7,-5.03,-0.18,-19.33,37.85,-0.68
2014-06-01,2014,6,Sorghum,Grains,($/mt),204.7,-7.25,-12.67,-13.56,33.79,-0.96
2014-07-01,2014,7,Sorghum,Grains,($/mt),193.0,-5.72,-16.95,-12.27,44.25,-0.94
2014-08-01,2014,8,Sorghum,Grains,($/mt),191.4,-0.83,-13.28,-13.24,34.41,0.03
2014-09-01,2014,9,Sorghum,Grains,($/mt),180.6,-5.64,-11.77,-16.74,27.36,-0.96
2014-10-01,2014,10,Sorghum,Grains,($/mt),195.2,8.08,1.14,-4.87,22.77,1.91
2014-11-01,2014,11,Sorghum,Grains,($/mt),213.8,9.53,11.7,9.53,28.8,1.79
2014-12-01,2014,12,Sorghum,Grains,($/mt),227.3,6.31,25.86,10.39,36.68,0.91
2015-01-01,2015,1,Sorghum,Grains,($/mt),215.1,-5.37,10.19,2.33,32.94,-1.06
2015-02-01,2015,2,Sorghum,Grains,($/mt),217.7,1.21,1.82,-1.54,41.27,0.13
2015-03-01,2015,3,Sorghum,Grains,($/mt),227.7,4.59,0.18,-2.86,47.19,0.75
2015-04-01,2015,4,Sorghum,Grains,($/mt),224.2,-1.54,4.23,-3.53,50.07,-0.24
2015-05-01,2015,5,Sorghum,Grains,($/mt),217.4,-3.03,-0.14,-1.5,47.59,-0.48
2015-06-01,2015,6,Sorghum,Grains,($/mt),221.1,1.7,-2.9,8.01,68.78,0.29
2015-07-01,2015,7,Sorghum,Grains,($/mt),222.9,0.81,-0.58,15.49,68.35,0.01
2015-08-01,2015,8,Sorghum,Grains,($/mt),183.5,-17.68,-15.59,-4.13,27.96,-3.81
2015-09-01,2015,9,Sorghum,Grains,($/mt),173.6,-5.4,-21.48,-3.88,-6.11,-0.72
2015-10-01,2015,10,Sorghum,Grains,($/mt),177.5,2.25,-20.37,-9.07,-11.69,0.31
2015-11-01,2015,11,Sorghum,Grains,($/mt),169.1,-4.73,-7.85,-20.91,-16.78,-0.6
2015-12-01,2015,12,Sorghum,Grains,($/mt),169.8,0.41,-2.19,-25.3,-23.38,0.34
2016-01-01,2016,1,Sorghum,Grains,($/mt),164.9,-2.89,-7.1,-23.34,-33.05,-0.11
2016-02-01,2016,2,Sorghum,Grains,($/mt),164.9,0.0,-2.48,-24.25,-34.87,0.35
2016-03-01,2016,3,Sorghum,Grains,($/mt),160.5,-2.67,-5.48,-29.51,-39.68,-0.1
2016-04-01,2016,4,Sorghum,Grains,($/mt),162.3,1.12,-1.58,-27.61,-43.96,0.72
2016-05-01,2016,5,Sorghum,Grains,($/mt),158.5,-2.34,-3.88,-27.09,-39.34,0.03
2016-06-01,2016,6,Sorghum,Grains,($/mt),166.7,5.17,3.86,-24.6,-35.98,1.41
2016-07-01,2016,7,Sorghum,Grains,($/mt),145.2,-12.9,-10.54,-34.86,-46.46,-1.87
2016-08-01,2016,8,Sorghum,Grains,($/mt),152.7,5.17,-3.66,-16.78,-49.52,1.32
2016-09-01,2016,9,Sorghum,Grains,($/mt),145.4,-4.78,-12.78,-16.24,-49.65,-0.68
2016-10-01,2016,10,Sorghum,Grains,($/mt),148.7,2.27,2.41,-16.23,-43.61,0.73
2016-11-01,2016,11,Sorghum,Grains,($/mt),144.3,-2.96,-5.5,-14.67,-45.63,-0.32
2016-12-01,2016,12,Sorghum,Grains,($/mt),153.1,6.1,5.3,-9.84,-40.29,1.5
2017-01-01,2017,1,Sorghum,Grains,($/mt),156.2,2.02,5.04,-5.28,-41.21,0.52
2017-02-01,2017,2,Sorghum,Grains,($/mt),157.1,0.58,8.87,-4.73,-41.64,0.17
2017-03-01,2017,3,Sorghum,Grains,($/mt),151.1,-3.82,-1.31,-5.86,-44.85,-0.67
2017-04-01,2017,4,Sorghum,Grains,($/mt),149.8,-0.86,-4.1,-7.7,-41.23,-0.09
2017-05-01,2017,5,Sorghum,Grains,($/mt),159.9,6.74,1.78,0.88,-38.36,1.36
2017-06-01,2017,6,Sorghum,Grains,($/mt),165.0,3.19,9.2,-1.02,-37.48,0.52
2017-07-01,2017,7,Sorghum,Grains,($/mt),163.7,-0.79,9.28,12.74,-39.05,-0.15
2017-08-01,2017,8,Sorghum,Grains,($/mt),169.9,3.79,6.25,11.26,-37.83,0.71
2017-09-01,2017,9,Sorghum,Grains,($/mt),169.8,-0.06,2.91,16.78,-38.96,-0.27
2017-10-01,2017,10,Sorghum,Grains,($/mt),171.0,0.71,4.46,15.0,-39.6,-0.2
2017-11-01,2017,11,Sorghum,Grains,($/mt),167.7,-1.93,-1.29,16.22,-41.97,-0.96
2017-12-01,2017,12,Sorghum,Grains,($/mt),175.2,4.47,3.18,14.44,-38.31,1.0
2018-01-01,2018,1,Sorghum,Grains,($/mt),178.5,1.88,4.39,14.28,-38.66,0.24
2018-02-01,2018,2,Sorghum,Grains,($/mt),187.4,4.99,11.75,19.29,-34.95,1.28
2018-03-01,2018,3,Sorghum,Grains,($/mt),181.2,-3.31,3.42,19.92,-38.93,-1.52
2018-04-01,2018,4,Sorghum,Grains,($/mt),178.6,-1.43,0.06,19.23,-33.66,-0.97
2018-05-01,2018,5,Sorghum,Grains,($/mt),178.6,0.0,-4.7,11.69,-34.72,-0.48
2018-06-01,2018,6,Sorghum,Grains,($/mt),161.9,-9.35,-10.65,-1.88,-31.63,-3.83
2018-07-01,2018,7,Sorghum,Grains,($/mt),147.5,-8.89,-17.41,-9.9,-32.95,-2.25
2018-08-01,2018,8,Sorghum,Grains,($/mt),165.6,12.27,-7.28,-2.53,-24.93,2.79
2018-09-01,2018,9,Sorghum,Grains,($/mt),163.6,-1.21,1.05,-3.65,-24.57,-0.2
2018-10-01,2018,10,Sorghum,Grains,($/mt),159.0,-2.81,7.8,-7.02,-22.51,-0.45
2018-11-01,2018,11,Sorghum,Grains,($/mt),157.5,-0.94,-4.89,-6.08,-19.31,-0.08
2018-12-01,2018,12,Sorghum,Grains,($/mt),163.8,4.0,0.12,-6.51,-20.45,0.74
2019-01-01,2019,1,Sorghum,Grains,($/mt),162.9,-0.55,2.45,-8.74,-22.5,-0.03
2019-02-01,2019,2,Sorghum,Grains,($/mt),170.4,4.6,8.19,-9.07,-22.93,0.89
2019-03-01,2019,3,Sorghum,Grains,($/mt),169.3,-0.65,3.36,-6.57,-27.77,-0.0
2019-04-01,2019,4,Sorghum,Grains,($/mt),165.5,-2.24,1.6,-7.33,-28.79,-0.32
2019-05-01,2019,5,Sorghum,Grains,($/mt),165.5,0.0,-2.88,-7.33,-25.01,0.08
2019-06-01,2019,6,Sorghum,Grains,($/mt),157.7,-4.71,-6.85,-2.59,-22.96,-0.73
2019-07-01,2019,7,Sorghum,Grains,($/mt),159.5,1.14,-3.63,8.14,-17.36,0.23
2019-08-01,2019,8,Sorghum,Grains,($/mt),147.9,-7.27,-10.63,-10.69,-22.73,-1.79
2019-09-01,2019,9,Sorghum,Grains,($/mt),149.7,1.22,-5.07,-8.5,-17.11,0.64
2019-10-01,2019,10,Sorghum,Grains,($/mt),163.8,9.42,2.7,3.02,-16.09,3.01
2019-11-01,2019,11,Sorghum,Grains,($/mt),161.9,-1.16,9.47,2.79,-24.28,-0.34
2019-12-01,2019,12,Sorghum,Grains,($/mt),163.9,1.24,9.49,0.06,-27.89,0.21
2020-01-01,2020,1,Sorghum,Grains,($/mt),166.2,1.4,1.47,2.03,-22.73,0.31
2020-02-01,2020,2,Sorghum,Grains,($/mt),164.1,-1.26,1.36,-3.7,-24.62,-0.36
2020-03-01,2020,3,Sorghum,Grains,($/mt),164.4,0.18,0.31,-2.89,-27.8,0.11
2020-04-01,2020,4,Sorghum,Grains,($/mt),166.7,1.4,0.3,0.73,-25.65,0.39
2020-05-01,2020,5,Sorghum,Grains,($/mt),175.9,5.52,7.19,6.28,-19.09,1.35
2020-06-01,2020,6,Sorghum,Grains,($/mt),170.9,-2.84,3.95,8.37,-22.7,-0.8
2020-07-01,2020,7,Sorghum,Grains,($/mt),174.9,2.34,4.92,9.66,-21.53,0.39
2020-08-01,2020,8,Sorghum,Grains,($/mt),189.5,8.35,7.73,28.13,3.27,1.82
1960-01-01,1960,1,Soybean meal,Oils & Meals,($/mt),92.0,,,,,
1960-02-01,1960,2,Soybean meal,Oils & Meals,($/mt),87.0,-5.43,,,,
1960-03-01,1960,3,Soybean meal,Oils & Meals,($/mt),84.0,-3.45,,,,
1960-04-01,1960,4,Soybean meal,Oils & Meals,($/mt),87.0,3.57,-5.43,,,
1960-05-01,1960,5,Soybean meal,Oils & Meals,($/mt),82.0,-5.75,-5.75,,,
1960-06-01,1960,6,Soybean meal,Oils & Meals,($/mt),80.0,-2.44,-4.76,,,
1960-07-01,1960,7,Soybean meal,Oils & Meals,($/mt),78.0,-2.5,-10.34,,,
1960-08-01,1960,8,Soybean meal,Oils & Meals,($/mt),78.0,0.0,-4.88,,,0.79
1960-09-01,1960,9,Soybean meal,Oils & Meals,($/mt),83.0,6.41,3.75,,,2.69
1960-10-01,1960,10,Soybean meal,Oils & Meals,($/mt),75.0,-9.64,-3.85,,,-1.97
1960-11-01,1960,11,Soybean meal,Oils & Meals,($/mt),69.0,-8.0,-11.54,,,-1.2
1960-12-01,1960,12,Soybean meal,Oils & Meals,($/mt),79.0,14.49,-4.82,,,3.46
1961-01-01,1961,1,Soybean meal,Oils & Meals,($/mt),85.0,7.59,13.33,-7.61,,1.25
1961-02-01,1961,2,Soybean meal,Oils & Meals,($/mt),95.0,11.76,37.68,9.2,,1.7
1961-03-01,1961,3,Soybean meal,Oils & Meals,($/mt),99.0,4.21,25.32,17.86,,0.41
1961-04-01,1961,4,Soybean meal,Oils & Meals,($/mt),111.0,12.12,30.59,27.59,,1.37
1961-05-01,1961,5,Soybean meal,Oils & Meals,($/mt),109.0,-1.8,14.74,32.93,,-0.5
1961-06-01,1961,6,Soybean meal,Oils & Meals,($/mt),99.0,-9.17,0.0,23.75,,-1.49
1961-07-01,1961,7,Soybean meal,Oils & Meals,($/mt),100.0,1.01,-9.91,28.21,,-0.13
1961-08-01,1961,8,Soybean meal,Oils & Meals,($/mt),103.0,3.0,-5.5,32.05,,0.07
1961-09-01,1961,9,Soybean meal,Oils & Meals,($/mt),92.0,-10.68,-7.07,10.84,,-1.58
1961-10-01,1961,10,Soybean meal,Oils & Meals,($/mt),87.0,-5.43,-13.0,16.0,,-0.73
1961-11-01,1961,11,Soybean meal,Oils & Meals,($/mt),92.0,5.75,-10.68,33.33,,0.47
1961-12-01,1961,12,Soybean meal,Oils & Meals,($/mt),93.0,1.09,1.09,17.72,,-0.2
1962-01-01,1962,1,Soybean meal,Oils & Meals,($/mt),80.0,-13.98,-8.05,-5.88,,-2.1
1962-02-01,1962,2,Soybean meal,Oils & Meals,($/mt),78.0,-2.5,-15.22,-17.89,,-0.28
1962-03-01,1962,3,Soybean meal,Oils & Meals,($/mt),83.0,6.41,-10.75,-16.16,,1.04
1962-04-01,1962,4,Soybean meal,Oils & Meals,($/mt),84.0,1.2,5.0,-24.32,,0.31
1962-05-01,1962,5,Soybean meal,Oils & Meals,($/mt),86.0,2.38,10.26,-21.1,,0.69
1962-06-01,1962,6,Soybean meal,Oils & Meals,($/mt),89.0,3.49,7.23,-10.1,,0.79
1962-07-01,1962,7,Soybean meal,Oils & Meals,($/mt),92.0,3.37,9.52,-8.0,,0.64
1962-08-01,1962,8,Soybean meal,Oils & Meals,($/mt),94.0,2.17,9.3,-8.74,,0.41
1962-09-01,1962,9,Soybean meal,Oils & Meals,($/mt),102.0,8.51,14.61,10.87,,1.41
1962-10-01,1962,10,Soybean meal,Oils & Meals,($/mt),93.0,-8.82,1.09,6.9,,-1.63
1962-11-01,1962,11,Soybean meal,Oils & Meals,($/mt),94.0,1.08,0.0,2.17,,0.05
1962-12-01,1962,12,Soybean meal,Oils & Meals,($/mt),94.0,0.0,-7.84,1.08,,-0.06
1963-01-01,1963,1,Soybean meal,Oils & Meals,($/mt),92.0,-2.13,-1.08,15.0,,-0.39
1963-02-01,1963,2,Soybean meal,Oils & Meals,($/mt),92.0,0.0,-2.13,17.95,,-0.28
1963-03-01,1963,3,Soybean meal,Oils & Meals,($/mt),90.0,-2.17,-4.26,8.43,,-0.84
1963-04-01,1963,4,Soybean meal,Oils & Meals,($/mt),87.0,-3.33,-5.43,3.57,,-0.99
1963-05-01,1963,5,Soybean meal,Oils & Meals,($/mt),87.0,0.0,-5.43,1.16,,-0.09
1963-06-01,1963,6,Soybean meal,Oils & Meals,($/mt),90.0,3.45,0.0,1.12,,0.77
1963-07-01,1963,7,Soybean meal,Oils & Meals,($/mt),91.0,1.11,4.6,-1.09,,0.22
1963-08-01,1963,8,Soybean meal,Oils & Meals,($/mt),91.0,0.0,4.6,-3.19,,0.0
1963-09-01,1963,9,Soybean meal,Oils & Meals,($/mt),91.0,0.0,1.11,-10.78,,0.05
1963-10-01,1963,10,Soybean meal,Oils & Meals,($/mt),91.0,0.0,0.0,-2.15,,0.3
1963-11-01,1963,11,Soybean meal,Oils & Meals,($/mt),91.0,0.0,0.0,-3.19,,0.09
1963-12-01,1963,12,Soybean meal,Oils & Meals,($/mt),99.0,8.79,8.79,5.32,,5.25
1964-01-01,1964,1,Soybean meal,Oils & Meals,($/mt),99.0,0.0,8.79,7.61,,-0.15
1964-02-01,1964,2,Soybean meal,Oils & Meals,($/mt),96.0,-3.03,5.49,4.35,,-1.22
1964-03-01,1964,3,Soybean meal,Oils & Meals,($/mt),94.0,-2.08,-5.05,4.44,,-0.77
1964-04-01,1964,4,Soybean meal,Oils & Meals,($/mt),90.0,-4.26,-9.09,3.45,,-1.45
1964-05-01,1964,5,Soybean meal,Oils & Meals,($/mt),85.0,-5.56,-11.46,-2.3,,-1.78
1964-06-01,1964,6,Soybean meal,Oils & Meals,($/mt),86.0,1.18,-8.51,-4.44,,0.35
1964-07-01,1964,7,Soybean meal,Oils & Meals,($/mt),85.0,-1.16,-5.56,-6.59,,-0.24
1964-08-01,1964,8,Soybean meal,Oils & Meals,($/mt),83.0,-2.35,-2.35,-8.79,,-0.52
1964-09-01,1964,9,Soybean meal,Oils & Meals,($/mt),92.0,10.84,6.98,1.1,,3.21
1964-10-01,1964,10,Soybean meal,Oils & Meals,($/mt),89.0,-3.26,4.71,-2.2,,-0.7
1964-11-01,1964,11,Soybean meal,Oils & Meals,($/mt),85.0,-4.49,2.41,-6.59,,-0.88
1964-12-01,1964,12,Soybean meal,Oils & Meals,($/mt),87.0,2.35,-5.43,-12.12,,0.54
1965-01-01,1965,1,Soybean meal,Oils & Meals,($/mt),92.0,5.75,3.37,-7.07,0.0,1.53
1965-02-01,1965,2,Soybean meal,Oils & Meals,($/mt),96.0,4.35,12.94,0.0,10.34,1.01
1965-03-01,1965,3,Soybean meal,Oils & Meals,($/mt),94.0,-2.08,8.05,0.0,11.9,-0.44
1965-04-01,1965,4,Soybean meal,Oils & Meals,($/mt),95.0,1.06,3.26,5.56,9.2,0.19
1965-05-01,1965,5,Soybean meal,Oils & Meals,($/mt),94.0,-1.05,-2.08,10.59,14.63,-0.34
1965-06-01,1965,6,Soybean meal,Oils & Meals,($/mt),94.0,0.0,0.0,9.3,17.5,-0.21
1965-07-01,1965,7,Soybean meal,Oils & Meals,($/mt),102.0,8.51,7.37,20.0,30.77,1.75
1965-08-01,1965,8,Soybean meal,Oils & Meals,($/mt),96.0,-5.88,2.13,15.66,23.08,-1.55
1965-09-01,1965,9,Soybean meal,Oils & Meals,($/mt),105.0,9.38,11.7,14.13,26.51,1.54
1965-10-01,1965,10,Soybean meal,Oils & Meals,($/mt),97.0,-7.62,-4.9,8.99,29.33,-1.78
1965-11-01,1965,11,Soybean meal,Oils & Meals,($/mt),103.0,6.19,7.29,21.18,49.28,0.98
1965-12-01,1965,12,Soybean meal,Oils & Meals,($/mt),97.0,-5.83,-7.62,11.49,22.78,-1.41
1966-01-01,1966,1,Soybean meal,Oils & Meals,($/mt),102.0,5.15,5.15,10.87,20.0,0.71
1966-02-01,1966,2,Soybean meal,Oils & Meals,($/mt),99.0,-2.94,-3.88,3.12,4.21,-0.69
1966-03-01,1966,3,Soybean meal,Oils & Meals,($/mt),93.0,-6.06,-4.12,-1.06,-6.06,-1.12
1966-04-01,1966,4,Soybean meal,Oils & Meals,($/mt),97.0,4.3,-4.9,2.11,-12.61,0.7
1966-05-01,1966,5,Soybean meal,Oils & Meals,($/mt),102.0,5.15,3.03,8.51,-6.42,0.78
1966-06-01,1966,6,Soybean meal,Oils & Meals,($/mt),118.0,15.69,26.88,25.53,19.19,2.36
1966-07-01,1966,7,Soybean meal,Oils & Meals,($/mt),123.0,4.24,26.8,20.59,23.0,0.27
1966-08-01,1966,8,Soybean meal,Oils & Meals,($/mt),124.0,0.81,21.57,29.17,20.39,-0.14
1966-09-01,1966,9,Soybean meal,Oils & Meals,($/mt),112.0,-9.68,-5.08,6.67,21.74,-1.73
1966-10-01,1966,10,Soybean meal,Oils & Meals,($/mt),105.0,-6.25,-14.63,8.25,20.69,-0.95
1966-11-01,1966,11,Soybean meal,Oils & Meals,($/mt),101.0,-3.81,-18.55,-1.94,9.78,-0.65
1966-12-01,1966,12,Soybean meal,Oils & Meals,($/mt),108.0,6.93,-3.57,11.34,16.13,0.96
1967-01-01,1967,1,Soybean meal,Oils & Meals,($/mt),105.0,-2.78,0.0,2.94,31.25,-0.55
1967-02-01,1967,2,Soybean meal,Oils & Meals,($/mt),101.0,-3.81,0.0,2.02,29.49,-0.6
1967-03-01,1967,3,Soybean meal,Oils & Meals,($/mt),98.0,-2.97,-9.26,5.38,18.07,-0.47
1967-04-01,1967,4,Soybean meal,Oils & Meals,($/mt),96.0,-2.04,-8.57,-1.03,14.29,-0.39
1967-05-01,1967,5,Soybean meal,Oils & Meals,($/mt),95.0,-1.04,-5.94,-6.86,10.47,-0.17
1967-06-01,1967,6,Soybean meal,Oils & Meals,($/mt),99.0,4.21,1.02,-16.1,11.24,0.69
1967-07-01,1967,7,Soybean meal,Oils & Meals,($/mt),99.0,0.0,3.12,-19.51,7.61,0.29
1967-08-01,1967,8,Soybean meal,Oils & Meals,($/mt),99.0,0.0,4.21,-20.16,5.32,0.38
1967-09-01,1967,9,Soybean meal,Oils & Meals,($/mt),99.0,0.0,0.0,-11.61,-2.94,0.4
1967-10-01,1967,10,Soybean meal,Oils & Meals,($/mt),99.0,0.0,0.0,-5.71,6.45,0.27
1967-11-01,1967,11,Soybean meal,Oils & Meals,($/mt),99.0,0.0,0.0,-1.98,5.32,0.14
1967-12-01,1967,12,Soybean meal,Oils & Meals,($/mt),99.0,0.0,0.0,-8.33,5.32,0.04
1968-01-01,1968,1,Soybean meal,Oils & Meals,($/mt),97.0,-2.02,-2.02,-7.62,5.43,-0.63
1968-02-01,1968,2,Soybean meal,Oils & Meals,($/mt),97.0,0.0,-2.02,-3.96,5.43,0.31
1968-03-01,1968,3,Soybean meal,Oils & Meals,($/mt),96.0,-1.03,-3.03,-2.04,6.67,-0.4
1968-04-01,1968,4,Soybean meal,Oils & Meals,($/mt),95.0,-1.04,-2.06,-1.04,9.2,-0.55
1968-05-01,1968,5,Soybean meal,Oils & Meals,($/mt),96.0,1.05,-1.03,1.05,10.34,0.75
1968-06-01,1968,6,Soybean meal,Oils & Meals,($/mt),96.0,0.0,0.0,-3.03,6.67,-0.06
1968-07-01,1968,7,Soybean meal,Oils & Meals,($/mt),96.0,0.0,1.05,-3.03,5.49,0.33
1968-08-01,1968,8,Soybean meal,Oils & Meals,($/mt),96.0,0.0,0.0,-3.03,5.49,0.33
1968-09-01,1968,9,Soybean meal,Oils & Meals,($/mt),99.0,3.12,3.12,0.0,8.79,4.37
1968-10-01,1968,10,Soybean meal,Oils & Meals,($/mt),98.0,-1.01,2.08,-1.01,7.69,-0.82
1968-11-01,1968,11,Soybean meal,Oils & Meals,($/mt),97.0,-1.02,1.04,-2.02,6.59,-0.74
1968-12-01,1968,12,Soybean meal,Oils & Meals,($/mt),94.0,-3.09,-5.05,-5.05,-5.05,-2.24
1969-01-01,1969,1,Soybean meal,Oils & Meals,($/mt),95.0,1.06,-3.06,-2.06,-4.04,0.95
1969-02-01,1969,2,Soybean meal,Oils & Meals,($/mt),95.0,0.0,-2.06,-2.06,-1.04,0.11
1969-03-01,1969,3,Soybean meal,Oils & Meals,($/mt),94.0,-1.05,0.0,-2.08,0.0,-0.58
1969-04-01,1969,4,Soybean meal,Oils & Meals,($/mt),95.0,1.06,0.0,0.0,5.56,0.81
1969-05-01,1969,5,Soybean meal,Oils & Meals,($/mt),96.0,1.05,1.05,0.0,12.94,0.68
1969-06-01,1969,6,Soybean meal,Oils & Meals,($/mt),99.0,3.12,5.32,3.12,15.12,2.03
1969-07-01,1969,7,Soybean meal,Oils & Meals,($/mt),95.0,-4.04,0.0,-1.04,11.76,-2.43
1969-08-01,1969,8,Soybean meal,Oils & Meals,($/mt),96.0,1.05,0.0,0.0,15.66,0.51
1969-09-01,1969,9,Soybean meal,Oils & Meals,($/mt),92.0,-4.17,-7.07,-7.07,0.0,-1.91
1969-10-01,1969,10,Soybean meal,Oils & Meals,($/mt),92.0,0.0,-3.16,-6.12,3.37,0.26
1969-11-01,1969,11,Soybean meal,Oils & Meals,($/mt),91.0,-1.09,-5.21,-6.19,7.06,-0.26
1969-12-01,1969,12,Soybean meal,Oils & Meals,($/mt),96.0,5.49,4.35,2.13,10.34,2.64
1970-01-01,1970,1,Soybean meal,Oils & Meals,($/mt),101.0,5.21,9.78,6.32,9.78,1.86
1970-02-01,1970,2,Soybean meal,Oils & Meals,($/mt),102.0,0.99,12.09,7.37,6.25,0.14
1970-03-01,1970,3,Soybean meal,Oils & Meals,($/mt),97.0,-4.9,1.04,3.19,3.19,-1.81
1970-04-01,1970,4,Soybean meal,Oils & Meals,($/mt),97.0,0.0,-3.96,2.11,2.11,-0.09
1970-05-01,1970,5,Soybean meal,Oils & Meals,($/mt),98.0,1.03,-3.92,2.08,4.26,0.24
1970-06-01,1970,6,Soybean meal,Oils & Meals,($/mt),102.0,4.08,5.15,3.03,8.51,1.13
1970-07-01,1970,7,Soybean meal,Oils & Meals,($/mt),106.0,3.92,9.28,11.58,3.92,1.03
1970-08-01,1970,8,Soybean meal,Oils & Meals,($/mt),107.0,0.94,9.18,11.46,11.46,-0.01
1970-09-01,1970,9,Soybean meal,Oils & Meals,($/mt),106.0,-0.93,3.92,15.22,0.95,-0.56
1970-10-01,1970,10,Soybean meal,Oils & Meals,($/mt),104.0,-1.89,-1.89,13.04,7.22,-1.03
1970-11-01,1970,11,Soybean meal,Oils & Meals,($/mt),105.0,0.96,-1.87,15.38,1.94,-0.04
1970-12-01,1970,12,Soybean meal,Oils & Meals,($/mt),106.0,0.95,0.0,10.42,9.28,-0.09
1971-01-01,1971,1,Soybean meal,Oils & Meals,($/mt),105.0,-0.94,0.96,3.96,2.94,-0.66
1971-02-01,1971,2,Soybean meal,Oils & Meals,($/mt),101.0,-3.81,-3.81,-0.98,2.02,-1.72
1971-03-01,1971,3,Soybean meal,Oils & Meals,($/mt),100.0,-0.99,-5.66,3.09,7.53,-0.35
1971-04-01,1971,4,Soybean meal,Oils & Meals,($/mt),98.0,-2.0,-6.67,1.03,1.03,-1.01
1971-05-01,1971,5,Soybean meal,Oils & Meals,($/mt),101.0,3.06,0.0,3.06,-0.98,1.26
1971-06-01,1971,6,Soybean meal,Oils & Meals,($/mt),104.0,2.97,4.0,1.96,-11.86,1.08
1971-07-01,1971,7,Soybean meal,Oils & Meals,($/mt),107.0,2.88,9.18,0.94,-13.01,1.15
1971-08-01,1971,8,Soybean meal,Oils & Meals,($/mt),108.0,0.93,6.93,0.93,-12.9,0.38
1971-09-01,1971,9,Soybean meal,Oils & Meals,($/mt),99.0,-8.33,-4.81,-6.6,-11.61,-3.81
1971-10-01,1971,10,Soybean meal,Oils & Meals,($/mt),101.0,2.02,-5.61,-2.88,-3.81,0.77
1971-11-01,1971,11,Soybean meal,Oils & Meals,($/mt),102.0,0.99,-5.56,-2.86,0.99,0.35
1971-12-01,1971,12,Soybean meal,Oils & Meals,($/mt),101.0,-0.98,2.02,-4.72,-6.48,-0.24
1972-01-01,1972,1,Soybean meal,Oils & Meals,($/mt),105.0,3.96,3.96,0.0,0.0,1.3
1972-02-01,1972,2,Soybean meal,Oils & Meals,($/mt),107.0,1.9,4.9,5.94,5.94,0.52
1972-03-01,1972,3,Soybean meal,Oils & Meals,($/mt),114.0,6.54,12.87,14.0,16.33,1.79
1972-04-01,1972,4,Soybean meal,Oils & Meals,($/mt),117.0,2.63,11.43,19.39,21.88,0.39
1972-05-01,1972,5,Soybean meal,Oils & Meals,($/mt),117.0,0.0,9.35,15.84,23.16,-0.43
1972-06-01,1972,6,Soybean meal,Oils & Meals,($/mt),119.0,1.71,4.39,14.42,20.2,0.12
1972-07-01,1972,7,Soybean meal,Oils & Meals,($/mt),127.0,6.72,8.55,18.69,28.28,1.55
1972-08-01,1972,8,Soybean meal,Oils & Meals,($/mt),126.0,-0.79,7.69,16.67,27.27,-0.59
1972-09-01,1972,9,Soybean meal,Oils & Meals,($/mt),138.0,9.52,15.97,39.39,39.39,2.07
1972-10-01,1972,10,Soybean meal,Oils & Meals,($/mt),135.0,-2.17,6.3,33.66,36.36,-1.54
1972-11-01,1972,11,Soybean meal,Oils & Meals,($/mt),155.0,14.81,23.02,51.96,56.57,3.45
1972-12-01,1972,12,Soybean meal,Oils & Meals,($/mt),198.0,27.74,43.48,96.04,100.0,4.83
1973-01-01,1973,1,Soybean meal,Oils & Meals,($/mt),215.0,8.59,59.26,104.76,121.65,0.3
1973-02-01,1973,2,Soybean meal,Oils & Meals,($/mt),247.0,14.88,59.35,130.84,154.64,1.01
1973-03-01,1973,3,Soybean meal,Oils & Meals,($/mt),238.0,-3.64,20.2,108.77,147.92,-1.31
1973-04-01,1973,4,Soybean meal,Oils & Meals,($/mt),256.0,7.56,19.07,118.8,169.47,0.1
1973-05-01,1973,5,Soybean meal,Oils & Meals,($/mt),364.0,42.19,47.37,211.11,279.17,3.89
1973-06-01,1973,6,Soybean meal,Oils & Meals,($/mt),497.0,36.54,108.82,317.65,417.71,1.96
1973-07-01,1973,7,Soybean meal,Oils & Meals,($/mt),582.0,17.1,127.34,358.27,506.25,0.24
1973-08-01,1973,8,Soybean meal,Oils & Meals,($/mt),330.0,-43.3,-9.34,161.9,243.75,-3.92
1973-09-01,1973,9,Soybean meal,Oils & Meals,($/mt),218.0,-33.94,-56.14,57.97,120.2,-2.03
1973-10-01,1973,10,Soybean meal,Oils & Meals,($/mt),207.0,-5.05,-64.43,53.33,111.22,-0.48
1973-11-01,1973,11,Soybean meal,Oils & Meals,($/mt),223.0,7.73,-32.42,43.87,129.9,0.03
1973-12-01,1973,12,Soybean meal,Oils & Meals,($/mt),243.0,8.97,11.47,22.73,158.51,0.1
1974-01-01,1974,1,Soybean meal,Oils & Meals,($/mt),221.0,-9.05,6.76,2.79,132.63,-0.56
1974-02-01,1974,2,Soybean meal,Oils & Meals,($/mt),203.0,-8.14,-8.97,-17.81,113.68,-0.46
1974-03-01,1974,3,Soybean meal,Oils & Meals,($/mt),200.0,-1.48,-17.7,-15.97,112.77,-0.12
1974-04-01,1974,4,Soybean meal,Oils & Meals,($/mt),172.0,-14.0,-22.17,-32.81,81.05,-0.63
1974-05-01,1974,5,Soybean meal,Oils & Meals,($/mt),157.0,-8.72,-22.66,-56.87,63.54,-0.34
1974-06-01,1974,6,Soybean meal,Oils & Meals,($/mt),142.0,-9.55,-29.0,-71.43,43.43,-0.24
1974-07-01,1974,7,Soybean meal,Oils & Meals,($/mt),163.0,14.79,-5.23,-71.99,71.58,1.36
1974-08-01,1974,8,Soybean meal,Oils & Meals,($/mt),197.0,20.86,25.48,-40.3,105.21,1.76
1974-09-01,1974,9,Soybean meal,Oils & Meals,($/mt),184.0,-6.6,29.58,-15.6,100.0,-0.24
1974-10-01,1974,10,Soybean meal,Oils & Meals,($/mt),210.0,14.13,28.83,1.45,128.26,1.34
1974-11-01,1974,11,Soybean meal,Oils & Meals,($/mt),179.0,-14.76,-9.14,-19.73,96.7,-1.31
1974-12-01,1974,12,Soybean meal,Oils & Meals,($/mt),184.0,2.79,0.0,-24.28,91.67,0.32
1975-01-01,1975,1,Soybean meal,Oils & Meals,($/mt),156.0,-15.22,-25.71,-29.41,54.46,-1.12
1975-02-01,1975,2,Soybean meal,Oils & Meals,($/mt),141.0,-9.62,-21.23,-30.54,38.24,-0.59
1975-03-01,1975,3,Soybean meal,Oils & Meals,($/mt),144.0,2.13,-21.74,-28.0,48.45,0.35
1975-04-01,1975,4,Soybean meal,Oils & Meals,($/mt),153.0,6.25,-1.92,-11.05,57.73,0.65
1975-05-01,1975,5,Soybean meal,Oils & Meals,($/mt),148.0,-3.27,4.96,-5.73,51.02,-0.24
1975-06-01,1975,6,Soybean meal,Oils & Meals,($/mt),150.0,1.35,4.17,5.63,47.06,0.1
1975-07-01,1975,7,Soybean meal,Oils & Meals,($/mt),157.0,4.67,2.61,-3.68,48.11,0.31
1975-08-01,1975,8,Soybean meal,Oils & Meals,($/mt),170.0,8.28,14.86,-13.71,58.88,0.74
1975-09-01,1975,9,Soybean meal,Oils & Meals,($/mt),169.0,-0.59,12.67,-8.15,59.43,0.03
1975-10-01,1975,10,Soybean meal,Oils & Meals,($/mt),163.0,-3.55,3.82,-22.38,56.73,-0.36
1975-11-01,1975,11,Soybean meal,Oils & Meals,($/mt),152.0,-6.75,-10.59,-15.08,44.76,-0.63
1975-12-01,1975,12,Soybean meal,Oils & Meals,($/mt),157.0,3.29,-7.1,-14.67,48.11,0.64
1976-01-01,1976,1,Soybean meal,Oils & Meals,($/mt),160.0,1.91,-1.84,2.56,52.38,0.43
1976-02-01,1976,2,Soybean meal,Oils & Meals,($/mt),164.0,2.5,7.89,16.31,62.38,0.41
1976-03-01,1976,3,Soybean meal,Oils & Meals,($/mt),162.0,-1.22,3.18,12.5,62.0,-0.6
1976-04-01,1976,4,Soybean meal,Oils & Meals,($/mt),163.0,0.62,1.88,6.54,66.33,-0.1
1976-05-01,1976,5,Soybean meal,Oils & Meals,($/mt),189.0,15.95,15.24,27.7,87.13,3.8
1976-06-01,1976,6,Soybean meal,Oils & Meals,($/mt),244.0,29.1,50.62,62.67,134.62,4.64
1976-07-01,1976,7,Soybean meal,Oils & Meals,($/mt),231.0,-5.33,41.72,47.13,115.89,-1.02
1976-08-01,1976,8,Soybean meal,Oils & Meals,($/mt),212.0,-8.23,12.17,24.71,96.3,-1.18
1976-09-01,1976,9,Soybean meal,Oils & Meals,($/mt),218.0,2.83,-10.66,28.99,120.2,0.05
1976-10-01,1976,10,Soybean meal,Oils & Meals,($/mt),211.0,-3.21,-8.66,29.45,108.91,-0.55
1976-11-01,1976,11,Soybean meal,Oils & Meals,($/mt),215.0,1.9,1.42,41.45,110.78,-0.07
1976-12-01,1976,12,Soybean meal,Oils & Meals,($/mt),231.0,7.44,5.96,47.13,128.71,0.41
1977-01-01,1977,1,Soybean meal,Oils & Meals,($/mt),251.0,8.66,18.96,56.88,139.05,0.49
1977-02-01,1977,2,Soybean meal,Oils & Meals,($/mt),248.0,-1.2,15.35,51.22,131.78,-0.53
1977-03-01,1977,3,Soybean meal,Oils & Meals,($/mt),272.0,9.68,17.75,67.9,138.6,0.56
1977-04-01,1977,4,Soybean meal,Oils & Meals,($/mt),316.0,16.18,25.9,93.87,170.09,1.1
1977-05-01,1977,5,Soybean meal,Oils & Meals,($/mt),298.0,-5.7,20.16,57.67,154.7,-1.11
1977-06-01,1977,6,Soybean meal,Oils & Meals,($/mt),253.0,-15.1,-6.99,3.69,112.61,-1.82
1977-07-01,1977,7,Soybean meal,Oils & Meals,($/mt),193.0,-23.72,-38.92,-16.45,51.97,-2.76
1977-08-01,1977,8,Soybean meal,Oils & Meals,($/mt),174.0,-9.84,-41.61,-17.92,38.1,-0.8
1977-09-01,1977,9,Soybean meal,Oils & Meals,($/mt),174.0,0.0,-31.23,-20.18,26.09,0.09
1977-10-01,1977,10,Soybean meal,Oils & Meals,($/mt),179.0,2.87,-7.25,-15.17,32.59,0.36
1977-11-01,1977,11,Soybean meal,Oils & Meals,($/mt),200.0,11.73,14.94,-6.98,29.03,1.1
1977-12-01,1977,12,Soybean meal,Oils & Meals,($/mt),200.0,0.0,14.94,-13.42,1.01,-0.01
1978-01-01,1978,1,Soybean meal,Oils & Meals,($/mt),200.0,0.0,11.73,-20.32,-6.98,0.05
1978-02-01,1978,2,Soybean meal,Oils & Meals,($/mt),188.0,-6.0,-6.0,-24.19,-23.89,-0.42
1978-03-01,1978,3,Soybean meal,Oils & Meals,($/mt),215.0,14.36,7.5,-20.96,-9.66,1.41
1978-04-01,1978,4,Soybean meal,Oils & Meals,($/mt),224.0,4.19,12.0,-29.11,-12.5,0.46
1978-05-01,1978,5,Soybean meal,Oils & Meals,($/mt),221.0,-1.34,17.55,-25.84,-39.29,0.09
1978-06-01,1978,6,Soybean meal,Oils & Meals,($/mt),208.0,-5.88,-3.26,-17.79,-58.15,-0.37
1978-07-01,1978,7,Soybean meal,Oils & Meals,($/mt),207.0,-0.48,-7.59,7.25,-64.43,0.07
1978-08-01,1978,8,Soybean meal,Oils & Meals,($/mt),202.0,-2.42,-8.6,16.09,-38.79,-0.46
1978-09-01,1978,9,Soybean meal,Oils & Meals,($/mt),208.0,2.97,0.0,19.54,-4.59,0.25
1978-10-01,1978,10,Soybean meal,Oils & Meals,($/mt),223.0,7.21,7.73,24.58,7.73,0.89
1978-11-01,1978,11,Soybean meal,Oils & Meals,($/mt),227.0,1.79,12.38,13.5,1.79,-0.04
1978-12-01,1978,12,Soybean meal,Oils & Meals,($/mt),237.0,4.41,13.94,18.5,-2.47,0.57
1979-01-01,1979,1,Soybean meal,Oils & Meals,($/mt),235.0,-0.84,5.38,17.5,6.33,-0.42
1979-02-01,1979,2,Soybean meal,Oils & Meals,($/mt),238.0,1.28,4.85,26.6,17.24,-0.04
1979-03-01,1979,3,Soybean meal,Oils & Meals,($/mt),241.0,1.26,1.69,12.09,20.5,-0.16
1979-04-01,1979,4,Soybean meal,Oils & Meals,($/mt),238.0,-1.24,1.28,6.25,38.37,-0.64
1979-05-01,1979,5,Soybean meal,Oils & Meals,($/mt),240.0,0.84,0.84,8.6,52.87,0.08
1979-06-01,1979,6,Soybean meal,Oils & Meals,($/mt),261.0,8.75,8.3,25.48,83.8,2.39
1979-07-01,1979,7,Soybean meal,Oils & Meals,($/mt),246.0,-5.75,3.36,18.84,50.92,-2.28
1979-08-01,1979,8,Soybean meal,Oils & Meals,($/mt),236.0,-4.07,-1.67,16.83,19.8,-1.39
1979-09-01,1979,9,Soybean meal,Oils & Meals,($/mt),238.0,0.85,-8.81,14.42,29.35,-0.13
1979-10-01,1979,10,Soybean meal,Oils & Meals,($/mt),238.0,0.0,-3.25,6.73,13.33,-0.29
1979-11-01,1979,11,Soybean meal,Oils & Meals,($/mt),251.0,5.46,6.36,10.57,40.22,1.31
1979-12-01,1979,12,Soybean meal,Oils & Meals,($/mt),254.0,1.2,6.72,7.17,38.04,0.07
1980-01-01,1980,1,Soybean meal,Oils & Meals,($/mt),244.0,-3.94,2.52,3.83,56.41,-1.2
1980-02-01,1980,2,Soybean meal,Oils & Meals,($/mt),238.0,-2.46,-5.18,0.0,68.79,-0.71
1980-03-01,1980,3,Soybean meal,Oils & Meals,($/mt),242.0,1.68,-4.72,0.41,68.06,0.39
1980-04-01,1980,4,Soybean meal,Oils & Meals,($/mt),242.0,0.0,-0.82,1.68,58.17,-0.03
1980-05-01,1980,5,Soybean meal,Oils & Meals,($/mt),224.0,-7.44,-5.88,-6.67,51.35,-1.88
1980-06-01,1980,6,Soybean meal,Oils & Meals,($/mt),218.0,-2.68,-9.92,-16.48,45.33,-0.48
1980-07-01,1980,7,Soybean meal,Oils & Meals,($/mt),248.0,13.76,2.48,0.81,57.96,4.2
1980-08-01,1980,8,Soybean meal,Oils & Meals,($/mt),260.0,4.84,16.07,10.17,52.94,0.85
1980-09-01,1980,9,Soybean meal,Oils & Meals,($/mt),292.0,12.31,33.94,22.69,72.78,2.1
1980-10-01,1980,10,Soybean meal,Oils & Meals,($/mt),310.0,6.16,25.0,30.25,90.18,0.68
1980-11-01,1980,11,Soybean meal,Oils & Meals,($/mt),336.0,8.39,29.23,33.86,121.05,0.93
1980-12-01,1980,12,Soybean meal,Oils & Meals,($/mt),295.0,-12.2,1.03,16.14,87.9,-2.26
1981-01-01,1981,1,Soybean meal,Oils & Meals,($/mt),287.0,-2.71,-7.42,17.62,79.38,-0.54
1981-02-01,1981,2,Soybean meal,Oils & Meals,($/mt),270.0,-5.92,-19.64,13.45,64.63,-0.97
1981-03-01,1981,3,Soybean meal,Oils & Meals,($/mt),265.0,-1.85,-10.17,9.5,63.58,-0.4
1981-04-01,1981,4,Soybean meal,Oils & Meals,($/mt),273.0,3.02,-4.88,12.81,67.48,0.24
1981-05-01,1981,5,Soybean meal,Oils & Meals,($/mt),267.0,-2.2,-1.11,19.2,41.27,-0.43
1981-06-01,1981,6,Soybean meal,Oils & Meals,($/mt),247.0,-7.49,-6.79,13.3,1.23,-1.2
1981-07-01,1981,7,Soybean meal,Oils & Meals,($/mt),247.0,0.0,-9.52,-0.4,6.93,-0.17
1981-08-01,1981,8,Soybean meal,Oils & Meals,($/mt),243.0,-1.62,-8.99,-6.54,14.62,-0.26
1981-09-01,1981,9,Soybean meal,Oils & Meals,($/mt),235.0,-3.29,-4.86,-19.52,7.8,-0.43
1981-10-01,1981,10,Soybean meal,Oils & Meals,($/mt),231.0,-1.7,-6.48,-25.48,9.48,-0.01
1981-11-01,1981,11,Soybean meal,Oils & Meals,($/mt),230.0,-0.43,-5.35,-31.55,6.98,0.36
1981-12-01,1981,12,Soybean meal,Oils & Meals,($/mt),236.0,2.61,0.43,-20.0,2.16,1.43
1982-01-01,1982,1,Soybean meal,Oils & Meals,($/mt),242.0,2.54,4.76,-15.68,-3.59,1.44
1982-02-01,1982,2,Soybean meal,Oils & Meals,($/mt),235.0,-2.89,2.17,-12.96,-5.24,-0.47
1982-03-01,1982,3,Soybean meal,Oils & Meals,($/mt),226.0,-3.83,-4.24,-14.72,-16.91,-0.92
1982-04-01,1982,4,Soybean meal,Oils & Meals,($/mt),230.0,1.77,-4.96,-15.75,-27.22,0.99
1982-05-01,1982,5,Soybean meal,Oils & Meals,($/mt),234.0,1.74,-0.43,-12.36,-21.48,1.07
1982-06-01,1982,6,Soybean meal,Oils & Meals,($/mt),222.0,-5.13,-1.77,-10.12,-12.25,-1.34
1982-07-01,1982,7,Soybean meal,Oils & Meals,($/mt),212.0,-4.5,-7.83,-14.17,9.84,-1.38
1982-08-01,1982,8,Soybean meal,Oils & Meals,($/mt),203.0,-4.25,-13.25,-16.46,16.67,-1.07
1982-09-01,1982,9,Soybean meal,Oils & Meals,($/mt),196.0,-3.45,-11.71,-16.6,12.64,-0.68
1982-10-01,1982,10,Soybean meal,Oils & Meals,($/mt),192.0,-2.04,-9.43,-16.88,7.26,-0.2
1982-11-01,1982,11,Soybean meal,Oils & Meals,($/mt),213.0,10.94,4.93,-7.39,6.5,4.19
1982-12-01,1982,12,Soybean meal,Oils & Meals,($/mt),217.0,1.88,10.71,-8.05,8.5,0.52
1983-01-01,1983,1,Soybean meal,Oils & Meals,($/mt),216.0,-0.46,12.5,-10.74,8.0,0.03
1983-02-01,1983,2,Soybean meal,Oils & Meals,($/mt),211.0,-2.31,-0.94,-10.21,12.23,-0.32
1983-03-01,1983,3,Soybean meal,Oils & Meals,($/mt),211.0,0.0,-2.76,-6.64,-1.86,0.18
1983-04-01,1983,4,Soybean meal,Oils & Meals,($/mt),219.0,3.79,1.39,-4.78,-2.23,0.97
1983-05-01,1983,5,Soybean meal,Oils & Meals,($/mt),217.0,-0.91,2.84,-7.26,-1.81,-0.13
1983-06-01,1983,6,Soybean meal,Oils & Meals,($/mt),210.0,-3.23,-0.47,-5.41,0.96,-0.6
1983-07-01,1983,7,Soybean meal,Oils & Meals,($/mt),226.0,7.62,3.2,6.6,9.18,1.84
1983-08-01,1983,8,Soybean meal,Oils & Meals,($/mt),279.0,23.45,28.57,37.44,38.12,4.87
1983-09-01,1983,9,Soybean meal,Oils & Meals,($/mt),277.0,-0.72,31.9,41.33,33.17,-0.47
1983-10-01,1983,10,Soybean meal,Oils & Meals,($/mt),267.0,-3.61,18.14,39.06,19.73,-0.88
1983-11-01,1983,11,Soybean meal,Oils & Meals,($/mt),265.0,-0.75,-5.02,24.41,16.74,-0.49
1983-12-01,1983,12,Soybean meal,Oils & Meals,($/mt),256.0,-3.4,-7.58,17.97,8.02,-0.74
1984-01-01,1984,1,Soybean meal,Oils & Meals,($/mt),237.0,-7.42,-11.24,9.72,0.85,-1.19
1984-02-01,1984,2,Soybean meal,Oils & Meals,($/mt),221.0,-6.75,-16.6,4.74,-7.14,-0.97
1984-03-01,1984,3,Soybean meal,Oils & Meals,($/mt),229.0,3.62,-10.55,8.53,-4.98,0.36
1984-04-01,1984,4,Soybean meal,Oils & Meals,($/mt),220.0,-3.93,-7.17,0.46,-7.56,-0.59
1984-05-01,1984,5,Soybean meal,Oils & Meals,($/mt),219.0,-0.45,-0.9,0.92,-8.75,-0.09
1984-06-01,1984,6,Soybean meal,Oils & Meals,($/mt),202.0,-7.76,-11.79,-3.81,-22.61,-0.97
1984-07-01,1984,7,Soybean meal,Oils & Meals,($/mt),186.0,-7.92,-15.45,-17.7,-24.39,-0.91
1984-08-01,1984,8,Soybean meal,Oils & Meals,($/mt),180.0,-3.23,-17.81,-35.48,-23.73,-0.22
1984-09-01,1984,9,Soybean meal,Oils & Meals,($/mt),168.0,-6.67,-16.83,-39.35,-29.41,-0.88
1984-10-01,1984,10,Soybean meal,Oils & Meals,($/mt),170.0,1.19,-8.6,-36.33,-28.57,1.47
1984-11-01,1984,11,Soybean meal,Oils & Meals,($/mt),169.0,-0.59,-6.11,-36.23,-32.67,0.79
1984-12-01,1984,12,Soybean meal,Oils & Meals,($/mt),165.0,-2.37,-1.79,-35.55,-35.04,0.32
1985-01-01,1985,1,Soybean meal,Oils & Meals,($/mt),166.0,0.61,-2.35,-29.96,-31.97,1.06
1985-02-01,1985,2,Soybean meal,Oils & Meals,($/mt),151.0,-9.04,-10.65,-31.67,-36.55,-1.61
1985-03-01,1985,3,Soybean meal,Oils & Meals,($/mt),154.0,1.99,-6.67,-32.75,-36.36,1.23
1985-04-01,1985,4,Soybean meal,Oils & Meals,($/mt),151.0,-1.95,-9.04,-31.36,-37.6,0.32
1985-05-01,1985,5,Soybean meal,Oils & Meals,($/mt),144.0,-4.64,-4.64,-34.25,-35.71,-0.42
1985-06-01,1985,6,Soybean meal,Oils & Meals,($/mt),141.0,-2.08,-8.44,-30.2,-35.32,0.34
1985-07-01,1985,7,Soybean meal,Oils & Meals,($/mt),144.0,2.13,-4.64,-22.58,-41.94,1.41
1985-08-01,1985,8,Soybean meal,Oils & Meals,($/mt),150.0,4.17,4.17,-16.67,-42.31,1.8
1985-09-01,1985,9,Soybean meal,Oils & Meals,($/mt),160.0,6.67,13.48,-4.76,-45.21,2.1
1985-10-01,1985,10,Soybean meal,Oils & Meals,($/mt),170.0,6.25,18.06,0.0,-45.16,1.59
1985-11-01,1985,11,Soybean meal,Oils & Meals,($/mt),177.0,4.12,18.0,4.73,-47.32,0.89
1985-12-01,1985,12,Soybean meal,Oils & Meals,($/mt),178.0,0.56,11.25,7.88,-39.66,0.02
1986-01-01,1986,1,Soybean meal,Oils & Meals,($/mt),186.0,4.49,9.41,12.05,-35.19,0.82
1986-02-01,1986,2,Soybean meal,Oils & Meals,($/mt),185.0,-0.54,4.52,22.52,-31.48,-0.34
1986-03-01,1986,3,Soybean meal,Oils & Meals,($/mt),194.0,4.86,8.99,25.97,-26.79,0.87
1986-04-01,1986,4,Soybean meal,Oils & Meals,($/mt),187.0,-3.61,0.54,23.84,-31.5,-1.53
1986-05-01,1986,5,Soybean meal,Oils & Meals,($/mt),184.0,-1.6,-0.54,27.78,-31.09,-0.9
1986-06-01,1986,6,Soybean meal,Oils & Meals,($/mt),180.0,-2.17,-7.22,27.66,-27.13,-1.23
1986-07-01,1986,7,Soybean meal,Oils & Meals,($/mt),184.0,2.22,-1.6,27.78,-25.51,0.03
1986-08-01,1986,8,Soybean meal,Oils & Meals,($/mt),187.0,1.63,1.63,24.67,-23.05,-0.14
1986-09-01,1986,9,Soybean meal,Oils & Meals,($/mt),189.0,1.07,5.0,18.12,-19.57,-0.24
1986-10-01,1986,10,Soybean meal,Oils & Meals,($/mt),185.0,-2.12,0.54,8.82,-19.91,-1.15
1986-11-01,1986,11,Soybean meal,Oils & Meals,($/mt),182.0,-1.62,-2.67,2.82,-20.87,-0.83
1986-12-01,1986,12,Soybean meal,Oils & Meals,($/mt),174.0,-4.4,-7.94,-2.25,-26.27,-1.73
1987-01-01,1987,1,Soybean meal,Oils & Meals,($/mt),182.0,4.6,-1.62,-2.15,-24.79,1.58
1987-02-01,1987,2,Soybean meal,Oils & Meals,($/mt),183.0,0.55,0.55,-1.08,-22.13,0.23
1987-03-01,1987,3,Soybean meal,Oils & Meals,($/mt),175.0,-4.37,0.57,-9.79,-22.57,-1.43
1987-04-01,1987,4,Soybean meal,Oils & Meals,($/mt),185.0,5.71,1.65,-1.07,-19.57,2.31
1987-05-01,1987,5,Soybean meal,Oils & Meals,($/mt),201.0,8.65,9.84,9.24,-14.1,2.68
1987-06-01,1987,6,Soybean meal,Oils & Meals,($/mt),214.0,6.47,22.29,18.89,-3.6,1.4
1987-07-01,1987,7,Soybean meal,Oils & Meals,($/mt),204.0,-4.67,10.27,10.87,-3.77,-1.47
1987-08-01,1987,8,Soybean meal,Oils & Meals,($/mt),194.0,-4.9,-3.48,3.74,-4.43,-1.28
1987-09-01,1987,9,Soybean meal,Oils & Meals,($/mt),207.0,6.7,-3.27,9.52,5.61,1.29
1987-10-01,1987,10,Soybean meal,Oils & Meals,($/mt),214.0,3.38,4.9,15.68,11.46,0.48
1987-11-01,1987,11,Soybean meal,Oils & Meals,($/mt),239.0,11.68,23.2,31.32,12.21,2.01
1987-12-01,1987,12,Soybean meal,Oils & Meals,($/mt),241.0,0.84,16.43,38.51,11.06,-0.28
1988-01-01,1988,1,Soybean meal,Oils & Meals,($/mt),225.0,-6.64,5.14,23.63,4.17,-1.74
1988-02-01,1988,2,Soybean meal,Oils & Meals,($/mt),216.0,-4.0,-9.62,18.03,2.37,-0.98
1988-03-01,1988,3,Soybean meal,Oils & Meals,($/mt),227.0,5.09,-5.81,29.71,7.58,0.56
1988-04-01,1988,4,Soybean meal,Oils & Meals,($/mt),237.0,4.41,5.33,28.11,8.22,0.34
1988-05-01,1988,5,Soybean meal,Oils & Meals,($/mt),255.0,7.59,18.06,26.87,17.51,0.89
1988-06-01,1988,6,Soybean meal,Oils & Meals,($/mt),317.0,24.31,39.65,48.13,50.95,3.73
1988-07-01,1988,7,Soybean meal,Oils & Meals,($/mt),293.0,-7.57,23.63,43.63,29.65,-1.29
1988-08-01,1988,8,Soybean meal,Oils & Meals,($/mt),283.0,-3.41,10.98,45.88,1.43,-0.76
1988-09-01,1988,9,Soybean meal,Oils & Meals,($/mt),297.0,4.95,-6.31,43.48,7.22,0.16
1988-10-01,1988,10,Soybean meal,Oils & Meals,($/mt),290.0,-2.36,-1.02,35.51,8.61,-0.65
1988-11-01,1988,11,Soybean meal,Oils & Meals,($/mt),283.0,-2.41,0.0,18.41,6.79,-0.59
1988-12-01,1988,12,Soybean meal,Oils & Meals,($/mt),287.0,1.41,-3.37,19.09,12.11,-0.04
1989-01-01,1989,1,Soybean meal,Oils & Meals,($/mt),288.0,0.35,-0.69,28.0,21.52,-0.17
1989-02-01,1989,2,Soybean meal,Oils & Meals,($/mt),270.0,-6.25,-4.59,25.0,22.17,-1.04
1989-03-01,1989,3,Soybean meal,Oils & Meals,($/mt),277.0,2.59,-3.48,22.03,20.96,0.05
1989-04-01,1989,4,Soybean meal,Oils & Meals,($/mt),264.0,-4.69,-8.33,11.39,20.0,-0.79
1989-05-01,1989,5,Soybean meal,Oils & Meals,($/mt),256.0,-3.03,-5.19,0.39,16.89,-0.5
1989-06-01,1989,6,Soybean meal,Oils & Meals,($/mt),256.0,0.0,-7.58,-19.24,26.73,-0.04
1989-07-01,1989,7,Soybean meal,Oils & Meals,($/mt),256.0,0.0,-3.03,-12.63,37.63,0.46
1989-08-01,1989,8,Soybean meal,Oils & Meals,($/mt),214.0,-16.41,-16.41,-24.38,18.89,-4.79
1989-09-01,1989,9,Soybean meal,Oils & Meals,($/mt),216.0,0.93,-15.62,-27.27,28.57,0.57
1989-10-01,1989,10,Soybean meal,Oils & Meals,($/mt),222.0,2.78,-13.28,-23.45,30.59,1.03
1989-11-01,1989,11,Soybean meal,Oils & Meals,($/mt),226.0,1.8,5.61,-20.14,33.73,0.73
1989-12-01,1989,12,Soybean meal,Oils & Meals,($/mt),226.0,0.0,4.63,-21.25,36.97,0.31
1990-01-01,1990,1,Soybean meal,Oils & Meals,($/mt),221.0,-2.21,-0.45,-23.26,33.13,-0.07
1990-02-01,1990,2,Soybean meal,Oils & Meals,($/mt),209.0,-5.43,-7.52,-22.59,38.41,-0.64
1990-03-01,1990,3,Soybean meal,Oils & Meals,($/mt),197.0,-5.74,-12.83,-28.88,27.92,-0.71
1990-04-01,1990,4,Soybean meal,Oils & Meals,($/mt),198.0,0.51,-10.41,-25.0,31.13,0.61
1990-05-01,1990,5,Soybean meal,Oils & Meals,($/mt),198.0,0.0,-5.26,-22.66,37.5,0.43
1990-06-01,1990,6,Soybean meal,Oils & Meals,($/mt),184.0,-7.07,-6.6,-28.12,30.5,-0.97
1990-07-01,1990,7,Soybean meal,Oils & Meals,($/mt),186.0,1.09,-6.06,-27.34,29.17,0.68
1990-08-01,1990,8,Soybean meal,Oils & Meals,($/mt),189.0,1.61,-4.55,-11.68,26.0,0.75
1990-09-01,1990,9,Soybean meal,Oils & Meals,($/mt),197.0,4.23,7.07,-8.8,23.12,1.57
1990-10-01,1990,10,Soybean meal,Oils & Meals,($/mt),211.0,7.11,13.44,-4.95,24.12,2.16
1990-11-01,1990,11,Soybean meal,Oils & Meals,($/mt),204.0,-3.32,7.94,-9.73,15.25,-0.71
1990-12-01,1990,12,Soybean meal,Oils & Meals,($/mt),208.0,1.96,5.58,-7.96,16.85,0.65
1991-01-01,1991,1,Soybean meal,Oils & Meals,($/mt),198.0,-4.81,-6.16,-10.41,6.45,-0.98
1991-02-01,1991,2,Soybean meal,Oils & Meals,($/mt),192.0,-3.03,-5.88,-8.13,3.78,-0.5
1991-03-01,1991,3,Soybean meal,Oils & Meals,($/mt),187.0,-2.6,-10.1,-5.08,-3.61,-0.47
1991-04-01,1991,4,Soybean meal,Oils & Meals,($/mt),188.0,0.53,-5.05,-5.05,0.53,0.22
1991-05-01,1991,5,Soybean meal,Oils & Meals,($/mt),200.0,6.38,4.17,1.01,8.7,1.69
1991-06-01,1991,6,Soybean meal,Oils & Meals,($/mt),201.0,0.5,7.49,9.24,11.67,0.07
1991-07-01,1991,7,Soybean meal,Oils & Meals,($/mt),187.0,-6.97,-0.53,0.54,1.63,-2.04
1991-08-01,1991,8,Soybean meal,Oils & Meals,($/mt),195.0,4.28,-2.5,3.17,4.28,0.94
1991-09-01,1991,9,Soybean meal,Oils & Meals,($/mt),209.0,7.18,3.98,6.09,10.58,1.5
1991-10-01,1991,10,Soybean meal,Oils & Meals,($/mt),207.0,-0.96,10.7,-1.9,11.89,-0.32
1991-11-01,1991,11,Soybean meal,Oils & Meals,($/mt),202.0,-2.42,3.59,-0.98,10.99,-0.53
1991-12-01,1991,12,Soybean meal,Oils & Meals,($/mt),199.0,-1.49,-4.78,-4.33,14.37,-0.34
1992-01-01,1992,1,Soybean meal,Oils & Meals,($/mt),210.0,5.53,1.45,6.06,15.38,1.34
1992-02-01,1992,2,Soybean meal,Oils & Meals,($/mt),204.0,-2.86,0.99,6.25,11.48,-0.78
1992-03-01,1992,3,Soybean meal,Oils & Meals,($/mt),200.0,-1.96,0.5,6.95,14.29,-0.58
1992-04-01,1992,4,Soybean meal,Oils & Meals,($/mt),192.0,-4.0,-8.57,2.13,3.78,-1.07
1992-05-01,1992,5,Soybean meal,Oils & Meals,($/mt),196.0,2.08,-3.92,-2.0,-2.49,0.4
1992-06-01,1992,6,Soybean meal,Oils & Meals,($/mt),204.0,4.08,2.0,1.49,-4.67,1.0
1992-07-01,1992,7,Soybean meal,Oils & Meals,($/mt),205.0,0.49,6.77,9.63,0.49,0.06
1992-08-01,1992,8,Soybean meal,Oils & Meals,($/mt),205.0,0.0,4.59,5.13,5.67,-0.22
1992-09-01,1992,9,Soybean meal,Oils & Meals,($/mt),209.0,1.95,2.45,0.0,0.97,0.42
1992-10-01,1992,10,Soybean meal,Oils & Meals,($/mt),207.0,-0.96,0.98,0.0,-3.27,-0.34
1992-11-01,1992,11,Soybean meal,Oils & Meals,($/mt),206.0,-0.48,0.49,1.98,-13.81,-0.18
1992-12-01,1992,12,Soybean meal,Oils & Meals,($/mt),215.0,4.37,2.87,8.04,-10.79,1.49
1993-01-01,1993,1,Soybean meal,Oils & Meals,($/mt),216.0,0.47,4.35,2.86,-4.0,-0.07
1993-02-01,1993,2,Soybean meal,Oils & Meals,($/mt),201.0,-6.94,-2.43,-1.47,-6.94,-2.81
1993-03-01,1993,3,Soybean meal,Oils & Meals,($/mt),193.0,-3.98,-10.23,-3.5,-14.98,-1.22
1993-04-01,1993,4,Soybean meal,Oils & Meals,($/mt),194.0,0.52,-10.19,1.04,-18.14,0.23
1993-05-01,1993,5,Soybean meal,Oils & Meals,($/mt),195.0,0.52,-2.99,-0.51,-23.53,0.12
1993-06-01,1993,6,Soybean meal,Oils & Meals,($/mt),197.0,1.03,2.07,-3.43,-37.85,0.33
1993-07-01,1993,7,Soybean meal,Oils & Meals,($/mt),227.0,15.23,17.01,10.73,-22.53,5.43
1993-08-01,1993,8,Soybean meal,Oils & Meals,($/mt),223.0,-1.76,14.36,8.78,-21.2,-0.52
1993-09-01,1993,9,Soybean meal,Oils & Meals,($/mt),214.0,-4.04,8.63,2.39,-27.95,-0.91
1993-10-01,1993,10,Soybean meal,Oils & Meals,($/mt),207.0,-3.27,-8.81,0.0,-28.62,-0.65
1993-11-01,1993,11,Soybean meal,Oils & Meals,($/mt),216.0,4.35,-3.14,4.85,-23.67,0.75
1993-12-01,1993,12,Soybean meal,Oils & Meals,($/mt),215.0,-0.46,0.47,0.0,-25.09,-0.17
1994-01-01,1994,1,Soybean meal,Oils & Meals,($/mt),215.0,0.0,3.86,-0.46,-25.35,-0.02
1994-02-01,1994,2,Soybean meal,Oils & Meals,($/mt),207.0,-3.72,-4.17,2.99,-23.33,-0.68
1994-03-01,1994,3,Soybean meal,Oils & Meals,($/mt),200.0,-3.38,-6.98,3.63,-27.8,-0.71
1994-04-01,1994,4,Soybean meal,Oils & Meals,($/mt),193.0,-3.5,-10.23,-0.52,-26.89,-0.74
1994-05-01,1994,5,Soybean meal,Oils & Meals,($/mt),196.0,1.55,-5.31,0.51,-23.44,0.27
1994-06-01,1994,6,Soybean meal,Oils & Meals,($/mt),203.0,3.57,1.5,3.05,-20.7,0.63
1994-07-01,1994,7,Soybean meal,Oils & Meals,($/mt),193.0,-4.93,0.0,-14.98,-24.61,-0.97
1994-08-01,1994,8,Soybean meal,Oils & Meals,($/mt),189.0,-2.07,-3.57,-15.25,-11.68,-0.25
1994-09-01,1994,9,Soybean meal,Oils & Meals,($/mt),184.0,-2.65,-9.36,-14.02,-14.81,-0.42
1994-10-01,1994,10,Soybean meal,Oils & Meals,($/mt),177.0,-3.8,-8.29,-14.49,-20.27,-0.86
1994-11-01,1994,11,Soybean meal,Oils & Meals,($/mt),174.0,-1.69,-7.94,-19.44,-23.01,-0.14
1994-12-01,1994,12,Soybean meal,Oils & Meals,($/mt),178.0,2.3,-3.26,-17.21,-21.24,1.62
1995-01-01,1995,1,Soybean meal,Oils & Meals,($/mt),183.0,2.81,3.39,-14.88,-17.19,1.58
1995-02-01,1995,2,Soybean meal,Oils & Meals,($/mt),185.0,1.09,6.32,-10.63,-11.48,0.8
1995-03-01,1995,3,Soybean meal,Oils & Meals,($/mt),175.0,-5.41,-1.69,-12.5,-11.17,-1.52
1995-04-01,1995,4,Soybean meal,Oils & Meals,($/mt),181.0,3.43,-1.09,-6.22,-8.59,1.42
1995-05-01,1995,5,Soybean meal,Oils & Meals,($/mt),181.0,0.0,-2.16,-7.65,-8.59,0.15
1995-06-01,1995,6,Soybean meal,Oils & Meals,($/mt),180.0,-0.55,2.86,-11.33,-2.17,0.02
1995-07-01,1995,7,Soybean meal,Oils & Meals,($/mt),193.0,7.22,6.63,0.0,3.76,2.75
1995-08-01,1995,8,Soybean meal,Oils & Meals,($/mt),190.0,-1.55,4.97,0.53,0.53,-0.46
1995-09-01,1995,9,Soybean meal,Oils & Meals,($/mt),206.0,8.42,14.44,11.96,4.57,2.38
1995-10-01,1995,10,Soybean meal,Oils & Meals,($/mt),214.0,3.88,10.88,20.9,1.42,0.7
1995-11-01,1995,11,Soybean meal,Oils & Meals,($/mt),225.0,5.14,18.42,29.31,10.29,0.9
1995-12-01,1995,12,Soybean meal,Oils & Meals,($/mt),250.0,11.11,21.36,40.45,20.19,2.31
1996-01-01,1996,1,Soybean meal,Oils & Meals,($/mt),260.0,4.0,21.5,42.08,31.31,0.22
1996-02-01,1996,2,Soybean meal,Oils & Meals,($/mt),253.0,-2.69,12.44,36.76,31.77,-1.24
1996-03-01,1996,3,Soybean meal,Oils & Meals,($/mt),246.0,-2.77,-1.6,40.57,31.55,-1.13
1996-04-01,1996,4,Soybean meal,Oils & Meals,($/mt),270.0,9.76,3.85,49.17,43.62,1.49
1996-05-01,1996,5,Soybean meal,Oils & Meals,($/mt),271.0,0.37,7.11,49.72,35.5,-0.63
1996-06-01,1996,6,Soybean meal,Oils & Meals,($/mt),266.0,-1.85,8.13,47.78,32.34,-1.09
1996-07-01,1996,7,Soybean meal,Oils & Meals,($/mt),265.0,-0.38,-1.85,37.31,41.71,-0.75
1996-08-01,1996,8,Soybean meal,Oils & Meals,($/mt),270.0,1.89,-0.37,42.11,38.46,-0.18
1996-09-01,1996,9,Soybean meal,Oils & Meals,($/mt),286.0,5.93,7.52,38.83,36.84,0.59
1996-10-01,1996,10,Soybean meal,Oils & Meals,($/mt),270.0,-5.59,1.89,26.17,30.43,-1.83
1996-11-01,1996,11,Soybean meal,Oils & Meals,($/mt),274.0,1.48,1.48,21.78,35.64,-0.11
1996-12-01,1996,12,Soybean meal,Oils & Meals,($/mt),279.0,1.82,-2.45,11.6,40.2,0.01
1997-01-01,1997,1,Soybean meal,Oils & Meals,($/mt),280.0,0.36,3.7,7.69,33.33,-0.15
1997-02-01,1997,2,Soybean meal,Oils & Meals,($/mt),282.0,0.71,2.92,11.46,38.24,0.0
1997-03-01,1997,3,Soybean meal,Oils & Meals,($/mt),300.0,6.38,7.53,21.95,50.0,1.37
1997-04-01,1997,4,Soybean meal,Oils & Meals,($/mt),301.0,0.33,7.5,11.48,56.77,-0.35
1997-05-01,1997,5,Soybean meal,Oils & Meals,($/mt),300.0,-0.33,6.38,10.7,53.06,-0.41
1997-06-01,1997,6,Soybean meal,Oils & Meals,($/mt),274.0,-8.67,-8.67,3.01,34.31,-3.01
1997-07-01,1997,7,Soybean meal,Oils & Meals,($/mt),248.0,-9.49,-17.61,-6.42,20.98,-2.36
1997-08-01,1997,8,Soybean meal,Oils & Meals,($/mt),258.0,4.03,-14.0,-4.44,25.85,0.88
1997-09-01,1997,9,Soybean meal,Oils & Meals,($/mt),266.0,3.1,-2.92,-6.99,27.27,0.65
1997-10-01,1997,10,Soybean meal,Oils & Meals,($/mt),260.0,-2.26,4.84,-3.7,25.6,-0.36
1997-11-01,1997,11,Soybean meal,Oils & Meals,($/mt),276.0,6.15,6.98,0.73,33.98,1.35
1997-12-01,1997,12,Soybean meal,Oils & Meals,($/mt),264.0,-4.35,-0.75,-5.38,22.79,-0.9
1998-01-01,1998,1,Soybean meal,Oils & Meals,($/mt),231.0,-12.5,-11.15,-17.5,6.94,-2.36
1998-02-01,1998,2,Soybean meal,Oils & Meals,($/mt),214.0,-7.36,-22.46,-24.11,6.47,-0.96
1998-03-01,1998,3,Soybean meal,Oils & Meals,($/mt),184.0,-14.02,-30.3,-38.67,-4.66,-1.86
1998-04-01,1998,4,Soybean meal,Oils & Meals,($/mt),165.0,-10.33,-28.57,-45.18,-14.95,-0.98
1998-05-01,1998,5,Soybean meal,Oils & Meals,($/mt),162.0,-1.82,-24.3,-46.0,-16.92,0.42
1998-06-01,1998,6,Soybean meal,Oils & Meals,($/mt),159.0,-1.85,-13.59,-41.97,-19.29,0.44
1998-07-01,1998,7,Soybean meal,Oils & Meals,($/mt),157.0,-1.26,-4.85,-36.69,-30.84,0.45
1998-08-01,1998,8,Soybean meal,Oils & Meals,($/mt),145.0,-7.64,-10.49,-43.8,-34.98,-0.64
1998-09-01,1998,9,Soybean meal,Oils & Meals,($/mt),145.0,0.0,-8.81,-45.49,-32.24,0.74
1998-10-01,1998,10,Soybean meal,Oils & Meals,($/mt),151.0,4.14,-3.82,-41.92,-27.05,1.54
1998-11-01,1998,11,Soybean meal,Oils & Meals,($/mt),163.0,7.95,12.41,-40.94,-24.54,1.93
1998-12-01,1998,12,Soybean meal,Oils & Meals,($/mt),168.0,3.07,15.86,-36.36,-21.86,1.08
1999-01-01,1999,1,Soybean meal,Oils & Meals,($/mt),166.0,-1.19,9.93,-28.14,-22.79,0.33
1999-02-01,1999,2,Soybean meal,Oils & Meals,($/mt),159.0,-4.22,-2.45,-25.7,-23.19,-0.27
1999-03-01,1999,3,Soybean meal,Oils & Meals,($/mt),163.0,2.52,-2.98,-11.41,-18.5,0.78
1999-04-01,1999,4,Soybean meal,Oils & Meals,($/mt),165.0,1.23,-0.6,0.0,-14.51,0.42
1999-05-01,1999,5,Soybean meal,Oils & Meals,($/mt),147.0,-10.91,-7.55,-9.26,-25.0,-2.69
1999-06-01,1999,6,Soybean meal,Oils & Meals,($/mt),146.0,-0.68,-10.43,-8.18,-28.08,0.0
1999-07-01,1999,7,Soybean meal,Oils & Meals,($/mt),144.0,-1.37,-12.73,-8.28,-25.39,-0.15
1999-08-01,1999,8,Soybean meal,Oils & Meals,($/mt),160.0,11.11,8.84,10.34,-15.34,2.27
1999-09-01,1999,9,Soybean meal,Oils & Meals,($/mt),177.0,10.62,21.23,22.07,-3.8,1.71
1999-10-01,1999,10,Soybean meal,Oils & Meals,($/mt),188.0,6.21,30.56,24.5,6.21,0.69
1999-11-01,1999,11,Soybean meal,Oils & Meals,($/mt),183.0,-2.66,14.38,12.27,5.17,-0.74
1999-12-01,1999,12,Soybean meal,Oils & Meals,($/mt),184.0,0.55,3.95,9.52,3.37,-0.1
2000-01-01,2000,1,Soybean meal,Oils & Meals,($/mt),195.0,5.98,3.72,17.47,6.56,0.82
2000-02-01,2000,2,Soybean meal,Oils & Meals,($/mt),203.0,4.1,10.93,27.67,9.73,0.41
2000-03-01,2000,3,Soybean meal,Oils & Meals,($/mt),205.0,0.99,11.41,25.77,17.14,-0.2
2000-04-01,2000,4,Soybean meal,Oils & Meals,($/mt),199.0,-2.93,2.05,20.61,9.94,-0.83
2000-05-01,2000,5,Soybean meal,Oils & Meals,($/mt),202.0,1.51,-0.49,37.41,11.6,-0.04
2000-06-01,2000,6,Soybean meal,Oils & Meals,($/mt),199.0,-1.49,-2.93,36.3,10.56,-0.89
2000-07-01,2000,7,Soybean meal,Oils & Meals,($/mt),190.0,-4.52,-4.52,31.94,-1.55,-1.48
2000-08-01,2000,8,Soybean meal,Oils & Meals,($/mt),190.0,0.0,-5.94,18.75,0.0,-0.47
2000-09-01,2000,9,Soybean meal,Oils & Meals,($/mt),207.0,8.95,4.02,16.95,0.49,1.67
2000-10-01,2000,10,Soybean meal,Oils & Meals,($/mt),205.0,-0.97,7.89,9.04,-4.21,-0.57
2000-11-01,2000,11,Soybean meal,Oils & Meals,($/mt),215.0,4.88,13.16,17.49,-4.44,1.05
2000-12-01,2000,12,Soybean meal,Oils & Meals,($/mt),235.0,9.3,13.53,27.72,-6.0,2.02
2001-01-01,2001,1,Soybean meal,Oils & Meals,($/mt),223.0,-5.11,8.78,14.36,-14.23,-1.61
2001-02-01,2001,2,Soybean meal,Oils & Meals,($/mt),202.0,-9.42,-6.05,-0.49,-20.16,-2.23
2001-03-01,2001,3,Soybean meal,Oils & Meals,($/mt),205.0,1.49,-12.77,0.0,-16.67,0.25
2001-04-01,2001,4,Soybean meal,Oils & Meals,($/mt),198.0,-3.41,-11.21,-0.5,-26.67,-0.64
2001-05-01,2001,5,Soybean meal,Oils & Meals,($/mt),197.0,-0.51,-2.48,-2.48,-27.31,-0.11
2001-06-01,2001,6,Soybean meal,Oils & Meals,($/mt),207.0,5.08,0.98,4.02,-22.18,0.92
2001-07-01,2001,7,Soybean meal,Oils & Meals,($/mt),209.0,0.97,5.56,10.0,-21.13,0.08
2001-08-01,2001,8,Soybean meal,Oils & Meals,($/mt),203.0,-2.87,3.05,6.84,-24.81,-0.69
2001-09-01,2001,9,Soybean meal,Oils & Meals,($/mt),204.0,0.49,-1.45,-1.45,-28.67,-0.04
2001-10-01,2001,10,Soybean meal,Oils & Meals,($/mt),204.0,0.0,-2.39,-0.49,-24.44,0.0
2001-11-01,2001,11,Soybean meal,Oils & Meals,($/mt),208.0,1.96,2.46,-3.26,-24.09,0.38
2001-12-01,2001,12,Soybean meal,Oils & Meals,($/mt),195.0,-6.25,-4.41,-17.02,-30.11,-1.27
2002-01-01,2002,1,Soybean meal,Oils & Meals,($/mt),206.0,5.64,0.98,-7.62,-26.43,1.75
2002-02-01,2002,2,Soybean meal,Oils & Meals,($/mt),197.0,-4.37,-5.29,-2.48,-30.14,-0.87
2002-03-01,2002,3,Soybean meal,Oils & Meals,($/mt),190.0,-3.55,-2.56,-7.32,-36.67,-0.94
2002-04-01,2002,4,Soybean meal,Oils & Meals,($/mt),186.0,-2.11,-9.71,-6.06,-38.21,-0.42
2002-05-01,2002,5,Soybean meal,Oils & Meals,($/mt),187.0,0.54,-5.08,-5.08,-37.67,0.28
2002-06-01,2002,6,Soybean meal,Oils & Meals,($/mt),187.0,0.0,-1.58,-9.66,-31.75,0.1
2002-07-01,2002,7,Soybean meal,Oils & Meals,($/mt),191.0,2.14,2.69,-8.61,-22.98,0.92
2002-08-01,2002,8,Soybean meal,Oils & Meals,($/mt),190.0,-0.52,1.6,-6.4,-26.36,0.05
2002-09-01,2002,9,Soybean meal,Oils & Meals,($/mt),202.0,6.32,8.02,-0.98,-24.06,2.13
2002-10-01,2002,10,Soybean meal,Oils & Meals,($/mt),202.0,0.0,5.76,-0.98,-22.31,0.0
2002-11-01,2002,11,Soybean meal,Oils & Meals,($/mt),206.0,1.98,8.42,-0.96,-25.36,0.53
2002-12-01,2002,12,Soybean meal,Oils & Meals,($/mt),204.0,-0.97,0.99,4.62,-22.73,-0.25
2003-01-01,2003,1,Soybean meal,Oils & Meals,($/mt),206.0,0.98,1.98,0.0,-10.82,0.17
2003-02-01,2003,2,Soybean meal,Oils & Meals,($/mt),214.0,3.88,3.88,8.63,0.0,1.37
2003-03-01,2003,3,Soybean meal,Oils & Meals,($/mt),213.0,-0.47,4.41,12.11,15.76,-0.45
2003-04-01,2003,4,Soybean meal,Oils & Meals,($/mt),218.0,2.35,5.83,17.2,32.12,0.59
2003-05-01,2003,5,Soybean meal,Oils & Meals,($/mt),222.0,1.83,3.74,18.72,37.04,0.23
2003-06-01,2003,6,Soybean meal,Oils & Meals,($/mt),219.0,-1.35,2.82,17.11,37.74,-1.33
2003-07-01,2003,7,Soybean meal,Oils & Meals,($/mt),211.0,-3.65,-3.21,10.47,34.39,-2.24
2003-08-01,2003,8,Soybean meal,Oils & Meals,($/mt),213.0,0.95,-4.05,12.11,46.9,0.03
2003-09-01,2003,9,Soybean meal,Oils & Meals,($/mt),230.0,7.98,5.02,13.86,58.62,2.69
2003-10-01,2003,10,Soybean meal,Oils & Meals,($/mt),277.0,20.43,31.28,37.13,83.44,6.59
2003-11-01,2003,11,Soybean meal,Oils & Meals,($/mt),293.0,5.78,37.56,42.23,79.75,0.47
2003-12-01,2003,12,Soybean meal,Oils & Meals,($/mt),276.0,-5.8,20.0,35.29,64.29,-1.42
2004-01-01,2004,1,Soybean meal,Oils & Meals,($/mt),293.0,6.16,5.78,42.23,76.51,0.51
2004-02-01,2004,2,Soybean meal,Oils & Meals,($/mt),299.0,2.05,2.05,39.72,88.05,-0.17
2004-03-01,2004,3,Soybean meal,Oils & Meals,($/mt),329.0,10.03,19.2,54.46,101.84,1.03
2004-04-01,2004,4,Soybean meal,Oils & Meals,($/mt),332.0,0.91,13.31,52.29,101.21,-0.43
2004-05-01,2004,5,Soybean meal,Oils & Meals,($/mt),294.0,-11.45,-1.67,32.43,100.0,-2.17
2004-06-01,2004,6,Soybean meal,Oils & Meals,($/mt),254.0,-13.61,-22.8,15.98,73.97,-1.97
2004-07-01,2004,7,Soybean meal,Oils & Meals,($/mt),228.0,-10.24,-31.33,8.06,58.33,-1.25
2004-08-01,2004,8,Soybean meal,Oils & Meals,($/mt),217.0,-4.82,-26.19,1.88,35.62,-0.59
2004-09-01,2004,9,Soybean meal,Oils & Meals,($/mt),221.0,1.84,-12.99,-3.91,24.86,0.12
2004-10-01,2004,10,Soybean meal,Oils & Meals,($/mt),215.0,-2.71,-5.7,-22.38,14.36,-0.29
2004-11-01,2004,11,Soybean meal,Oils & Meals,($/mt),214.0,-0.47,-1.38,-26.96,16.94,0.18
2004-12-01,2004,12,Soybean meal,Oils & Meals,($/mt),222.0,3.74,0.45,-19.57,20.65,0.85
2005-01-01,2005,1,Soybean meal,Oils & Meals,($/mt),232.0,4.5,7.91,-20.82,18.97,0.83
2005-02-01,2005,2,Soybean meal,Oils & Meals,($/mt),237.0,2.16,10.75,-20.74,16.75,0.54
2005-03-01,2005,3,Soybean meal,Oils & Meals,($/mt),255.0,7.59,14.86,-22.49,24.39,1.3
2005-04-01,2005,4,Soybean meal,Oils & Meals,($/mt),243.0,-4.71,4.74,-26.81,22.11,-0.42
2005-05-01,2005,5,Soybean meal,Oils & Meals,($/mt),234.0,-3.7,-1.27,-20.41,15.84,-0.2
2005-06-01,2005,6,Soybean meal,Oils & Meals,($/mt),241.0,2.99,-5.49,-5.12,21.11,0.76
2005-07-01,2005,7,Soybean meal,Oils & Meals,($/mt),245.0,1.66,0.82,7.46,28.95,0.39
2005-08-01,2005,8,Soybean meal,Oils & Meals,($/mt),238.0,-2.86,1.71,9.68,25.26,-0.89
2005-09-01,2005,9,Soybean meal,Oils & Meals,($/mt),234.0,-1.68,-2.9,5.88,13.04,-0.67
2005-10-01,2005,10,Soybean meal,Oils & Meals,($/mt),225.0,-3.85,-8.16,4.65,9.76,-1.15
2005-11-01,2005,11,Soybean meal,Oils & Meals,($/mt),222.0,-1.33,-6.72,3.74,3.26,-0.46
2005-12-01,2005,12,Soybean meal,Oils & Meals,($/mt),236.0,6.31,0.85,6.31,0.43,1.51
2006-01-01,2006,1,Soybean meal,Oils & Meals,($/mt),231.0,-2.12,2.67,-0.43,3.59,-0.65
2006-02-01,2006,2,Soybean meal,Oils & Meals,($/mt),230.0,-0.43,3.6,-2.95,13.86,-0.12
2006-03-01,2006,3,Soybean meal,Oils & Meals,($/mt),218.0,-5.22,-7.63,-14.51,6.34,-1.26
2006-04-01,2006,4,Soybean meal,Oils & Meals,($/mt),210.0,-3.67,-9.09,-13.58,6.06,-0.71
2006-05-01,2006,5,Soybean meal,Oils & Meals,($/mt),213.0,1.43,-7.39,-8.97,8.12,0.78
2006-06-01,2006,6,Soybean meal,Oils & Meals,($/mt),216.0,1.41,-0.92,-10.37,4.35,0.65
2006-07-01,2006,7,Soybean meal,Oils & Meals,($/mt),215.0,-0.46,2.38,-12.24,2.87,0.13
2006-08-01,2006,8,Soybean meal,Oils & Meals,($/mt),223.0,3.72,4.69,-6.3,9.85,1.55
2006-09-01,2006,9,Soybean meal,Oils & Meals,($/mt),232.0,4.04,7.41,-0.85,13.73,1.37
2006-10-01,2006,10,Soybean meal,Oils & Meals,($/mt),244.0,5.17,13.49,8.44,19.61,1.47
2006-11-01,2006,11,Soybean meal,Oils & Meals,($/mt),248.0,1.64,11.21,11.71,19.23,0.25
2006-12-01,2006,12,Soybean meal,Oils & Meals,($/mt),249.0,0.4,7.33,5.51,27.69,-0.16
2007-01-01,2007,1,Soybean meal,Oils & Meals,($/mt),264.0,6.02,8.2,14.29,28.16,1.78
2007-02-01,2007,2,Soybean meal,Oils & Meals,($/mt),283.0,7.2,14.11,23.04,43.65,1.79
2007-03-01,2007,3,Soybean meal,Oils & Meals,($/mt),279.0,-1.41,12.05,27.98,46.84,-0.86
2007-04-01,2007,4,Soybean meal,Oils & Meals,($/mt),265.0,-5.02,0.38,26.19,42.47,-2.22
2007-05-01,2007,5,Soybean meal,Oils & Meals,($/mt),268.0,1.13,-5.3,25.82,43.32,-0.26
2007-06-01,2007,6,Soybean meal,Oils & Meals,($/mt),278.0,3.73,-0.36,28.7,48.66,0.51
2007-07-01,2007,7,Soybean meal,Oils & Meals,($/mt),301.0,8.27,13.58,40.0,57.59,1.75
2007-08-01,2007,8,Soybean meal,Oils & Meals,($/mt),317.0,5.32,18.28,42.15,66.84,0.64
2007-09-01,2007,9,Soybean meal,Oils & Meals,($/mt),364.0,14.83,30.94,56.9,80.2,3.07
2007-10-01,2007,10,Soybean meal,Oils & Meals,($/mt),402.0,10.44,33.55,64.75,99.01,1.27
2007-11-01,2007,11,Soybean meal,Oils & Meals,($/mt),409.0,1.74,29.02,64.92,98.54,-0.48
2007-12-01,2007,12,Soybean meal,Oils & Meals,($/mt),433.0,5.87,18.96,73.9,112.25,0.27
2008-01-01,2008,1,Soybean meal,Oils & Meals,($/mt),448.0,3.46,11.44,69.7,117.48,-0.26
2008-02-01,2008,2,Soybean meal,Oils & Meals,($/mt),458.0,2.23,11.98,61.84,114.02,-0.45
2008-03-01,2008,3,Soybean meal,Oils & Meals,($/mt),466.0,1.75,7.62,67.03,118.78,-0.47
2008-04-01,2008,4,Soybean meal,Oils & Meals,($/mt),516.0,10.73,15.18,94.72,136.7,1.23
2008-05-01,2008,5,Soybean meal,Oils & Meals,($/mt),504.0,-2.33,10.04,88.06,127.03,-1.85
2008-06-01,2008,6,Soybean meal,Oils & Meals,($/mt),534.0,5.95,14.59,92.09,143.84,0.09
2008-07-01,2008,7,Soybean meal,Oils & Meals,($/mt),522.0,-2.25,1.16,73.42,147.39,-1.66
2008-08-01,2008,8,Soybean meal,Oils & Meals,($/mt),442.0,-15.33,-12.3,39.43,107.51,-3.87
2008-09-01,2008,9,Soybean meal,Oils & Meals,($/mt),413.0,-6.56,-22.66,13.46,79.57,-1.24
2008-10-01,2008,10,Soybean meal,Oils & Meals,($/mt),351.0,-15.01,-32.76,-12.69,26.71,-2.24
2008-11-01,2008,11,Soybean meal,Oils & Meals,($/mt),334.0,-4.84,-24.43,-18.34,13.99,-0.5
2008-12-01,2008,12,Soybean meal,Oils & Meals,($/mt),318.0,-4.79,-23.0,-26.56,15.22,-0.42
2009-01-01,2009,1,Soybean meal,Oils & Meals,($/mt),383.0,20.44,9.12,-14.51,30.72,2.91
2009-02-01,2009,2,Soybean meal,Oils & Meals,($/mt),396.0,3.39,18.56,-13.54,32.44,0.42
2009-03-01,2009,3,Soybean meal,Oils & Meals,($/mt),367.0,-7.32,15.41,-21.24,11.55,-0.65
2009-04-01,2009,4,Soybean meal,Oils & Meals,($/mt),396.0,7.9,3.39,-23.26,19.28,0.91
2009-05-01,2009,5,Soybean meal,Oils & Meals,($/mt),447.0,12.88,12.88,-11.31,52.04,1.46
2009-06-01,2009,6,Soybean meal,Oils & Meals,($/mt),460.0,2.91,25.34,-13.86,81.1,0.31
2009-07-01,2009,7,Soybean meal,Oils & Meals,($/mt),440.0,-4.35,11.11,-15.71,92.98,-0.34
2009-08-01,2009,8,Soybean meal,Oils & Meals,($/mt),453.0,2.95,1.34,2.49,108.76,0.36
2009-09-01,2009,9,Soybean meal,Oils & Meals,($/mt),441.0,-2.65,-4.13,6.78,99.55,-0.33
2009-10-01,2009,10,Soybean meal,Oils & Meals,($/mt),430.0,-2.49,-2.27,22.51,100.0,-0.36
2009-11-01,2009,11,Soybean meal,Oils & Meals,($/mt),440.0,2.33,-2.87,31.74,105.61,0.04
2009-12-01,2009,12,Soybean meal,Oils & Meals,($/mt),431.0,-2.05,-2.27,35.53,94.14,-0.58
2010-01-01,2010,1,Soybean meal,Oils & Meals,($/mt),423.0,-1.86,-1.63,10.44,82.33,-0.6
2010-02-01,2010,2,Soybean meal,Oils & Meals,($/mt),405.0,-4.26,-7.95,2.27,70.89,-0.93
2010-03-01,2010,3,Soybean meal,Oils & Meals,($/mt),371.0,-8.4,-13.92,1.09,45.49,-1.52
2010-04-01,2010,4,Soybean meal,Oils & Meals,($/mt),377.0,1.62,-10.87,-4.8,55.14,0.23
2010-05-01,2010,5,Soybean meal,Oils & Meals,($/mt),371.0,-1.59,-8.4,-17.0,58.55,-0.24
2010-06-01,2010,6,Soybean meal,Oils & Meals,($/mt),351.0,-5.39,-5.39,-23.7,45.64,-1.14
2010-07-01,2010,7,Soybean meal,Oils & Meals,($/mt),369.0,5.13,-2.12,-16.14,50.61,2.21
2010-08-01,2010,8,Soybean meal,Oils & Meals,($/mt),399.0,8.13,7.55,-11.92,67.65,2.49
2010-09-01,2010,9,Soybean meal,Oils & Meals,($/mt),410.0,2.76,16.81,-7.03,75.21,0.81
2010-10-01,2010,10,Soybean meal,Oils & Meals,($/mt),418.0,1.95,13.28,-2.79,85.78,0.53
2010-11-01,2010,11,Soybean meal,Oils & Meals,($/mt),437.0,4.55,9.52,-0.68,96.85,1.0
2010-12-01,2010,12,Soybean meal,Oils & Meals,($/mt),449.0,2.75,9.51,4.18,90.25,0.56
2011-01-01,2011,1,Soybean meal,Oils & Meals,($/mt),462.0,2.9,10.53,9.22,100.0,0.51
2011-02-01,2011,2,Soybean meal,Oils & Meals,($/mt),469.0,1.52,7.32,15.8,103.91,0.14
2011-03-01,2011,3,Soybean meal,Oils & Meals,($/mt),438.0,-6.61,-2.45,18.06,100.92,-1.75
2011-04-01,2011,4,Soybean meal,Oils & Meals,($/mt),412.0,-5.94,-10.82,9.28,96.19,-1.76
2011-05-01,2011,5,Soybean meal,Oils & Meals,($/mt),404.0,-1.94,-13.86,8.89,89.67,-0.59
2011-06-01,2011,6,Soybean meal,Oils & Meals,($/mt),402.0,-0.5,-8.22,14.53,86.11,-0.28
2011-07-01,2011,7,Soybean meal,Oils & Meals,($/mt),410.0,1.99,-0.49,11.11,90.7,0.18
2011-08-01,2011,8,Soybean meal,Oils & Meals,($/mt),409.0,-0.24,1.24,2.51,83.41,-0.29
2011-09-01,2011,9,Soybean meal,Oils & Meals,($/mt),404.0,-1.22,0.5,-1.46,74.14,-0.42
2011-10-01,2011,10,Soybean meal,Oils & Meals,($/mt),381.0,-5.69,-7.07,-8.85,56.15,-1.63
2011-11-01,2011,11,Soybean meal,Oils & Meals,($/mt),360.0,-5.51,-11.98,-17.62,45.16,-1.29
2011-12-01,2011,12,Soybean meal,Oils & Meals,($/mt),352.0,-2.22,-12.87,-21.6,41.37,-0.19
2012-01-01,2012,1,Soybean meal,Oils & Meals,($/mt),386.0,9.66,1.31,-16.45,46.21,3.5
2012-02-01,2012,2,Soybean meal,Oils & Meals,($/mt),406.0,5.18,12.78,-13.43,43.46,1.44
2012-03-01,2012,3,Soybean meal,Oils & Meals,($/mt),441.0,8.62,25.28,0.68,58.06,1.99
2012-04-01,2012,4,Soybean meal,Oils & Meals,($/mt),482.0,9.3,24.87,16.99,81.89,1.73
2012-05-01,2012,5,Soybean meal,Oils & Meals,($/mt),503.0,4.36,23.89,24.5,87.69,0.53
2012-06-01,2012,6,Soybean meal,Oils & Meals,($/mt),515.0,2.39,16.78,28.11,85.25,0.08
2012-07-01,2012,7,Soybean meal,Oils & Meals,($/mt),609.0,18.25,26.35,48.54,102.33,2.97
2012-08-01,2012,8,Soybean meal,Oils & Meals,($/mt),651.0,6.9,29.42,59.17,105.36,0.47
2012-09-01,2012,9,Soybean meal,Oils & Meals,($/mt),647.0,-0.61,25.63,60.15,77.75,-0.68
2012-10-01,2012,10,Soybean meal,Oils & Meals,($/mt),595.0,-8.04,-2.3,56.17,48.01,-1.75
2012-11-01,2012,11,Soybean meal,Oils & Meals,($/mt),568.0,-4.54,-12.75,57.78,38.88,-1.17
2012-12-01,2012,12,Soybean meal,Oils & Meals,($/mt),577.0,1.58,-10.82,63.92,33.26,-0.35
2013-01-01,2013,1,Soybean meal,Oils & Meals,($/mt),526.0,-8.84,-11.6,36.27,17.41,-1.89
2013-02-01,2013,2,Soybean meal,Oils & Meals,($/mt),519.0,-1.33,-8.63,27.83,13.32,-0.54
2013-03-01,2013,3,Soybean meal,Oils & Meals,($/mt),514.0,-0.96,-10.92,16.55,10.3,-0.42
2013-04-01,2013,4,Soybean meal,Oils & Meals,($/mt),496.0,-3.5,-5.7,2.9,-3.88,-0.66
2013-05-01,2013,5,Soybean meal,Oils & Meals,($/mt),515.0,3.83,-0.77,2.39,2.18,0.46
2013-06-01,2013,6,Soybean meal,Oils & Meals,($/mt),545.0,5.83,6.03,5.83,2.06,0.74
2013-07-01,2013,7,Soybean meal,Oils & Meals,($/mt),569.0,4.4,14.72,-6.57,9.0,0.5
2013-08-01,2013,8,Soybean meal,Oils & Meals,($/mt),539.0,-5.27,4.66,-17.2,21.95,-0.93
2013-09-01,2013,9,Soybean meal,Oils & Meals,($/mt),577.0,7.05,5.87,-10.82,39.71,1.78
2013-10-01,2013,10,Soybean meal,Oils & Meals,($/mt),585.0,1.39,2.81,-1.68,66.67,0.41
2013-11-01,2013,11,Soybean meal,Oils & Meals,($/mt),567.0,-3.08,5.19,-0.18,69.76,-0.62
2013-12-01,2013,12,Soybean meal,Oils & Meals,($/mt),569.0,0.35,-1.39,-1.39,78.93,0.05
2014-01-01,2014,1,Soybean meal,Oils & Meals,($/mt),540.0,-5.1,-7.69,2.66,40.99,-1.07
2014-02-01,2014,2,Soybean meal,Oils & Meals,($/mt),571.0,5.74,0.71,10.02,44.19,1.29
2014-03-01,2014,3,Soybean meal,Oils & Meals,($/mt),602.0,5.43,5.8,17.12,64.03,1.02
2014-04-01,2014,4,Soybean meal,Oils & Meals,($/mt),584.0,-2.99,8.15,17.74,47.47,-0.96
2014-05-01,2014,5,Soybean meal,Oils & Meals,($/mt),568.0,-2.74,-0.53,10.29,27.07,-0.92
2014-06-01,2014,6,Soybean meal,Oils & Meals,($/mt),544.0,-4.23,-9.63,-0.18,18.26,-1.11
2014-07-01,2014,7,Soybean meal,Oils & Meals,($/mt),503.0,-7.54,-13.87,-11.6,14.32,-1.66
2014-08-01,2014,8,Soybean meal,Oils & Meals,($/mt),502.0,-0.2,-11.62,-6.86,10.82,0.15
2014-09-01,2014,9,Soybean meal,Oils & Meals,($/mt),460.0,-8.37,-15.44,-20.28,4.31,-1.69
2014-10-01,2014,10,Soybean meal,Oils & Meals,($/mt),453.0,-1.52,-9.94,-22.56,5.35,0.06
2014-11-01,2014,11,Soybean meal,Oils & Meals,($/mt),474.0,4.64,-5.58,-16.4,7.73,1.51
2014-12-01,2014,12,Soybean meal,Oils & Meals,($/mt),470.0,-0.84,2.17,-17.4,9.05,0.11
2015-01-01,2015,1,Soybean meal,Oils & Meals,($/mt),443.0,-5.74,-2.21,-17.96,4.73,-0.9
2015-02-01,2015,2,Soybean meal,Oils & Meals,($/mt),418.0,-5.64,-11.81,-26.8,3.21,-0.86
2015-03-01,2015,3,Soybean meal,Oils & Meals,($/mt),412.0,-1.44,-12.34,-31.56,11.05,0.24
2015-04-01,2015,4,Soybean meal,Oils & Meals,($/mt),398.0,-3.4,-10.16,-31.85,5.57,-0.1
2015-05-01,2015,5,Soybean meal,Oils & Meals,($/mt),386.0,-3.02,-7.66,-32.04,4.04,0.02
2015-06-01,2015,6,Soybean meal,Oils & Meals,($/mt),387.0,0.26,-6.07,-28.86,10.26,0.94
2015-07-01,2015,7,Soybean meal,Oils & Meals,($/mt),407.0,5.17,2.26,-19.09,10.3,2.15
2015-08-01,2015,8,Soybean meal,Oils & Meals,($/mt),386.0,-5.16,0.0,-23.11,-3.26,-0.87
2015-09-01,2015,9,Soybean meal,Oils & Meals,($/mt),374.0,-3.11,-3.36,-18.7,-8.78,-0.25
2015-10-01,2015,10,Soybean meal,Oils & Meals,($/mt),373.0,-0.27,-8.35,-17.66,-10.77,0.38
2015-11-01,2015,11,Soybean meal,Oils & Meals,($/mt),351.0,-5.9,-9.07,-25.95,-19.68,-1.2
2015-12-01,2015,12,Soybean meal,Oils & Meals,($/mt),338.0,-3.7,-9.63,-28.09,-24.72,-0.39
2016-01-01,2016,1,Soybean meal,Oils & Meals,($/mt),336.0,-0.59,-9.92,-24.15,-27.27,0.64
2016-02-01,2016,2,Soybean meal,Oils & Meals,($/mt),323.0,-3.87,-7.98,-22.73,-31.13,-0.53
2016-03-01,2016,3,Soybean meal,Oils & Meals,($/mt),319.0,-1.24,-5.62,-22.57,-27.17,0.28
2016-04-01,2016,4,Soybean meal,Oils & Meals,($/mt),346.0,8.46,2.98,-13.07,-16.02,3.53
2016-05-01,2016,5,Soybean meal,Oils & Meals,($/mt),422.0,21.97,30.65,9.33,4.46,5.47
2016-06-01,2016,6,Soybean meal,Oils & Meals,($/mt),468.0,10.9,46.71,20.93,16.42,1.27
2016-07-01,2016,7,Soybean meal,Oils & Meals,($/mt),440.0,-5.98,27.17,8.11,7.32,-0.95
2016-08-01,2016,8,Soybean meal,Oils & Meals,($/mt),399.0,-9.32,-5.45,3.37,-2.44,-1.21
2016-09-01,2016,9,Soybean meal,Oils & Meals,($/mt),368.0,-7.77,-21.37,-1.6,-8.91,-0.94
2016-10-01,2016,10,Soybean meal,Oils & Meals,($/mt),362.0,-1.63,-17.73,-2.95,-4.99,-0.2
2016-11-01,2016,11,Soybean meal,Oils & Meals,($/mt),357.0,-1.38,-10.53,1.71,-0.83,-0.16
2016-12-01,2016,12,Soybean meal,Oils & Meals,($/mt),356.0,-0.28,-3.26,5.33,1.14,-0.09
2017-01-01,2017,1,Soybean meal,Oils & Meals,($/mt),371.0,4.21,2.49,10.42,-3.89,0.39
2017-02-01,2017,2,Soybean meal,Oils & Meals,($/mt),374.0,0.81,4.76,15.79,-7.88,-0.04
2017-03-01,2017,3,Soybean meal,Oils & Meals,($/mt),361.0,-3.48,1.4,13.17,-18.14,-0.57
2017-04-01,2017,4,Soybean meal,Oils & Meals,($/mt),346.0,-4.16,-6.74,0.0,-28.22,-0.62
2017-05-01,2017,5,Soybean meal,Oils & Meals,($/mt),344.0,-0.58,-8.02,-18.48,-31.61,-0.1
2017-06-01,2017,6,Soybean meal,Oils & Meals,($/mt),330.0,-4.07,-8.59,-29.49,-35.92,-0.46
2017-07-01,2017,7,Soybean meal,Oils & Meals,($/mt),341.0,3.33,-1.45,-22.5,-44.01,1.62
2017-08-01,2017,8,Soybean meal,Oils & Meals,($/mt),330.0,-3.23,-4.07,-17.29,-49.31,-0.3
2017-09-01,2017,9,Soybean meal,Oils & Meals,($/mt),342.0,3.64,3.64,-7.07,-47.14,1.54
2017-10-01,2017,10,Soybean meal,Oils & Meals,($/mt),353.0,3.22,3.52,-2.49,-40.67,1.25
2017-11-01,2017,11,Soybean meal,Oils & Meals,($/mt),351.0,-0.57,6.36,-1.68,-38.2,-0.13
2017-12-01,2017,12,Soybean meal,Oils & Meals,($/mt),360.0,2.56,5.26,1.12,-37.61,0.84
2018-01-01,2018,1,Soybean meal,Oils & Meals,($/mt),376.0,4.44,6.52,1.35,-28.52,1.32
2018-02-01,2018,2,Soybean meal,Oils & Meals,($/mt),421.0,11.97,19.94,12.57,-18.88,3.6
2018-03-01,2018,3,Soybean meal,Oils & Meals,($/mt),445.0,5.7,23.61,23.27,-13.42,0.97
2018-04-01,2018,4,Soybean meal,Oils & Meals,($/mt),462.0,3.82,22.87,33.53,-6.85,0.42
2018-05-01,2018,5,Soybean meal,Oils & Meals,($/mt),459.0,-0.65,9.03,33.43,-10.87,-0.74
2018-06-01,2018,6,Soybean meal,Oils & Meals,($/mt),421.0,-8.28,-5.39,27.58,-22.75,-2.51
2018-07-01,2018,7,Soybean meal,Oils & Meals,($/mt),407.0,-3.33,-11.9,19.35,-28.47,-1.1
2018-08-01,2018,8,Soybean meal,Oils & Meals,($/mt),388.0,-4.67,-15.47,17.58,-28.01,-1.2
2018-09-01,2018,9,Soybean meal,Oils & Meals,($/mt),377.0,-2.84,-10.45,10.23,-34.66,-0.81
2018-10-01,2018,10,Soybean meal,Oils & Meals,($/mt),379.0,0.53,-6.88,7.37,-35.21,-0.08
2018-11-01,2018,11,Soybean meal,Oils & Meals,($/mt),366.0,-3.43,-5.67,4.27,-35.45,-0.77
2018-12-01,2018,12,Soybean meal,Oils & Meals,($/mt),361.0,-1.37,-4.24,0.28,-36.56,-0.34
2019-01-01,2019,1,Soybean meal,Oils & Meals,($/mt),362.0,0.28,-4.49,-3.72,-32.96,0.02
2019-02-01,2019,2,Soybean meal,Oils & Meals,($/mt),353.0,-2.49,-3.55,-16.15,-38.18,-0.43
2019-03-01,2019,3,Soybean meal,Oils & Meals,($/mt),345.0,-2.27,-4.43,-22.47,-42.69,-0.23
2019-04-01,2019,4,Soybean meal,Oils & Meals,($/mt),342.0,-0.87,-5.52,-25.97,-41.44,0.4
2019-05-01,2019,5,Soybean meal,Oils & Meals,($/mt),339.0,-0.88,-3.97,-26.14,-40.32,0.65
2019-06-01,2019,6,Soybean meal,Oils & Meals,($/mt),363.0,7.08,5.22,-13.78,-33.27,3.98
2019-07-01,2019,7,Soybean meal,Oils & Meals,($/mt),349.0,-3.86,2.05,-14.25,-30.62,-0.88
2019-08-01,2019,8,Soybean meal,Oils & Meals,($/mt),337.0,-3.44,-0.59,-13.14,-32.87,-0.72
2019-09-01,2019,9,Soybean meal,Oils & Meals,($/mt),333.0,-1.19,-8.26,-11.67,-27.61,-0.02
2019-10-01,2019,10,Soybean meal,Oils & Meals,($/mt),342.0,2.7,-2.01,-9.76,-24.5,1.27
2019-11-01,2019,11,Soybean meal,Oils & Meals,($/mt),347.0,1.46,2.97,-5.19,-26.79,0.74
2019-12-01,2019,12,Soybean meal,Oils & Meals,($/mt),353.0,1.73,6.01,-2.22,-24.89,0.71
2020-01-01,2020,1,Soybean meal,Oils & Meals,($/mt),356.0,0.85,4.09,-1.66,-19.64,0.32
2020-02-01,2020,2,Soybean meal,Oils & Meals,($/mt),354.0,-0.56,2.02,0.28,-15.31,-0.15
2020-03-01,2020,3,Soybean meal,Oils & Meals,($/mt),377.0,6.5,6.8,9.28,-8.5,2.15
2020-04-01,2020,4,Soybean meal,Oils & Meals,($/mt),364.0,-3.45,2.25,6.43,-8.54,-1.24
2020-05-01,2020,5,Soybean meal,Oils & Meals,($/mt),339.0,-6.87,-4.24,0.0,-12.18,-2.07
2020-06-01,2020,6,Soybean meal,Oils & Meals,($/mt),345.0,1.77,-8.49,-4.96,-10.85,0.4
2020-07-01,2020,7,Soybean meal,Oils & Meals,($/mt),355.0,2.9,-2.47,1.72,-12.78,0.9
2020-08-01,2020,8,Soybean meal,Oils & Meals,($/mt),375.0,5.63,10.62,11.28,-2.85,1.53
2020-09-01,2020,9,Soybean meal,Oils & Meals,($/mt),408.0,8.8,18.26,22.52,9.09,2.14
2020-10-01,2020,10,Soybean meal,Oils & Meals,($/mt),466.0,14.22,31.27,36.26,24.93,2.94
2020-11-01,2020,11,Soybean meal,Oils & Meals,($/mt),496.0,6.44,32.27,42.94,41.31,0.66
2020-12-01,2020,12,Soybean meal,Oils & Meals,($/mt),495.0,-0.2,21.32,40.23,46.45,-0.6
2021-01-01,2021,1,Soybean meal,Oils & Meals,($/mt),562.0,13.54,20.6,57.87,67.26,1.85
2021-02-01,2021,2,Soybean meal,Oils & Meals,($/mt),548.0,-2.49,10.48,54.8,69.66,-1.02
2021-03-01,2021,3,Soybean meal,Oils & Meals,($/mt),484.0,-11.68,-2.22,28.38,51.72,-2.38
2021-04-01,2021,4,Soybean meal,Oils & Meals,($/mt),464.0,-4.13,-17.44,27.47,34.1,-0.83
2021-05-01,2021,5,Soybean meal,Oils & Meals,($/mt),482.0,3.88,-12.04,42.18,14.22,0.2
2021-06-01,2021,6,Soybean meal,Oils & Meals,($/mt),467.0,-3.11,-3.51,35.36,-0.21,-0.86
2021-07-01,2021,7,Soybean meal,Oils & Meals,($/mt),470.0,0.64,1.29,32.39,6.82,-0.29
2021-08-01,2021,8,Soybean meal,Oils & Meals,($/mt),470.0,0.0,-2.49,25.33,17.79,-0.35
2021-09-01,2021,9,Soybean meal,Oils & Meals,($/mt),468.0,-0.43,0.21,14.71,27.17,-0.34
2021-10-01,2021,10,Soybean meal,Oils & Meals,($/mt),451.0,-3.63,-4.04,-3.22,24.59,-0.69
2021-11-01,2021,11,Soybean meal,Oils & Meals,($/mt),443.0,-1.77,-5.74,-10.69,24.09,-0.27
2021-12-01,2021,12,Soybean meal,Oils & Meals,($/mt),462.0,4.29,-1.28,-6.67,29.78,0.87
2022-01-01,2022,1,Soybean meal,Oils & Meals,($/mt),526.0,13.85,16.63,-6.41,41.78,2.36
2022-02-01,2022,2,Soybean meal,Oils & Meals,($/mt),569.0,8.17,28.44,3.83,52.14,1.4
2022-03-01,2022,3,Soybean meal,Oils & Meals,($/mt),601.0,5.62,30.09,24.17,66.48,0.78
2022-04-01,2022,4,Soybean meal,Oils & Meals,($/mt),579.0,-3.66,10.08,24.78,67.34,-1.04
2022-05-01,2022,5,Soybean meal,Oils & Meals,($/mt),530.0,-8.46,-6.85,9.96,54.07,-1.95
2022-06-01,2022,6,Soybean meal,Oils & Meals,($/mt),528.0,-0.38,-12.15,13.06,60.0,-0.22
2022-07-01,2022,7,Soybean meal,Oils & Meals,($/mt),536.0,1.52,-7.43,14.04,57.18,0.05
2022-08-01,2022,8,Soybean meal,Oils & Meals,($/mt),535.0,-0.19,0.94,13.83,62.12,-0.24
2022-09-01,2022,9,Soybean meal,Oils & Meals,($/mt),537.0,0.37,1.7,14.74,57.02,-0.15
2022-10-01,2022,10,Soybean meal,Oils & Meals,($/mt),542.0,0.93,1.12,20.18,53.54,-0.06
2022-11-01,2022,11,Soybean meal,Oils & Meals,($/mt),519.0,-4.24,-2.99,17.16,47.86,-1.03
2022-12-01,2022,12,Soybean meal,Oils & Meals,($/mt),571.0,10.02,6.33,23.59,58.61,1.44
2023-01-01,2023,1,Soybean meal,Oils & Meals,($/mt),605.0,5.95,11.62,15.02,60.9,0.62
2023-02-01,2023,2,Soybean meal,Oils & Meals,($/mt),605.0,0.0,16.57,6.33,43.71,-0.24
2023-03-01,2023,3,Soybean meal,Oils & Meals,($/mt),581.0,-3.97,1.75,-3.33,30.56,-0.93
2023-04-01,2023,4,Soybean meal,Oils & Meals,($/mt),547.0,-5.85,-9.59,-5.53,18.4,-1.17
2023-05-01,2023,5,Soybean meal,Oils & Meals,($/mt),519.0,-5.12,-14.21,-2.08,13.07,-0.95
2023-06-01,2023,6,Soybean meal,Oils & Meals,($/mt),492.0,-5.2,-15.32,-6.82,16.86,-1.11
2023-07-01,2023,7,Soybean meal,Oils & Meals,($/mt),517.0,5.08,-5.48,-3.54,27.03,1.15
2023-08-01,2023,8,Soybean meal,Oils & Meals,($/mt),515.0,-0.39,-0.77,-3.74,32.73,-0.04
2023-09-01,2023,9,Soybean meal,Oils & Meals,($/mt),509.0,-1.17,3.46,-5.21,35.01,-0.19
2023-10-01,2023,10,Soybean meal,Oils & Meals,($/mt),512.0,0.59,-0.97,-5.54,35.09,0.18
2023-11-01,2023,11,Soybean meal,Oils & Meals,($/mt),572.0,11.72,11.07,10.21,56.28,2.38
2023-12-01,2023,12,Soybean meal,Oils & Meals,($/mt),524.0,-8.39,2.95,-8.23,45.15,-1.57
2024-01-01,2024,1,Soybean meal,Oils & Meals,($/mt),494.0,-5.73,-3.52,-18.35,36.46,-0.89
2024-02-01,2024,2,Soybean meal,Oils & Meals,($/mt),457.0,-7.49,-20.1,-24.46,29.46,-1.07
2024-03-01,2024,3,Soybean meal,Oils & Meals,($/mt),441.0,-3.5,-15.84,-24.1,27.83,-0.23
2024-04-01,2024,4,Soybean meal,Oils & Meals,($/mt),429.0,-2.72,-13.16,-21.57,25.44,-0.1
2024-05-01,2024,5,Soybean meal,Oils & Meals,($/mt),479.0,11.66,4.81,-7.71,41.3,2.38
2024-06-01,2024,6,Soybean meal,Oils & Meals,($/mt),481.0,0.42,9.07,-2.24,32.51,0.13
2024-07-01,2024,7,Soybean meal,Oils & Meals,($/mt),472.0,-1.87,10.02,-8.7,35.24,-0.28
2024-08-01,2024,8,Soybean meal,Oils & Meals,($/mt),436.0,-7.63,-8.98,-15.34,29.38,-1.1
2024-09-01,2024,9,Soybean meal,Oils & Meals,($/mt),436.0,0.0,-9.36,-14.34,30.93,0.17
2024-10-01,2024,10,Soybean meal,Oils & Meals,($/mt),422.0,-3.21,-10.59,-17.58,23.39,-0.32
2024-11-01,2024,11,Soybean meal,Oils & Meals,($/mt),385.0,-8.77,-11.7,-32.69,10.95,-1.09
2024-12-01,2024,12,Soybean meal,Oils & Meals,($/mt),376.0,-2.34,-13.76,-28.24,6.52,0.14
2025-01-01,2025,1,Soybean meal,Oils & Meals,($/mt),368.0,-2.13,-12.8,-25.51,3.37,0.09
2025-02-01,2025,2,Soybean meal,Oils & Meals,($/mt),358.0,-2.72,-7.01,-21.66,1.13,-0.08
2025-03-01,2025,3,Soybean meal,Oils & Meals,($/mt),369.0,3.07,-1.86,-16.33,-2.12,0.99
2025-04-01,2025,4,Soybean meal,Oils & Meals,($/mt),369.0,0.0,0.27,-13.99,1.37,0.26
2025-05-01,2025,5,Soybean meal,Oils & Meals,($/mt),358.0,-2.98,0.0,-25.26,5.6,-0.36
2025-06-01,2025,6,Soybean meal,Oils & Meals,($/mt),353.0,-1.4,-4.34,-26.61,2.32,0.29
2025-07-01,2025,7,Soybean meal,Oils & Meals,($/mt),335.0,-5.1,-9.21,-29.03,-5.63,-0.82
2025-08-01,2025,8,Soybean meal,Oils & Meals,($/mt),354.0,5.67,-1.12,-18.81,-5.6,2.58
2025-09-01,2025,9,Soybean meal,Oils & Meals,($/mt),358.0,1.13,1.42,-17.89,-12.25,0.75
2025-10-01,2025,10,Soybean meal,Oils & Meals,($/mt),356.0,-0.56,6.27,-15.64,-23.61,0.27
2025-11-01,2025,11,Soybean meal,Oils & Meals,($/mt),411.0,15.45,16.1,6.75,-17.14,4.51
2025-12-01,2025,12,Soybean meal,Oils & Meals,($/mt),399.0,-2.92,11.45,6.12,-19.39,-0.66
2026-01-01,2026,1,Soybean meal,Oils & Meals,($/mt),386.0,-3.26,8.43,4.89,-31.32,-0.7
2026-02-01,2026,2,Soybean meal,Oils & Meals,($/mt),391.0,1.3,-4.87,9.22,-28.65,0.14
2026-03-01,2026,3,Soybean meal,Oils & Meals,($/mt),404.0,3.32,1.25,9.49,-16.53,0.45
2026-04-01,2026,4,Soybean meal,Oils & Meals,($/mt),416.0,2.97,7.77,12.74,-10.34,0.38
2026-05-01,2026,5,Soybean meal,Oils & Meals,($/mt),422.0,1.44,7.93,17.88,-12.45,0.06
2026-06-01,2026,6,Soybean meal,Oils & Meals,($/mt),419.0,-0.71,3.71,18.7,-10.28,-0.41
2026-07-01,2026,7,Soybean meal,Oils & Meals,($/mt),410.0,-2.15,-1.44,22.39,-12.77,-0.7
2026-08-01,2026,8,Soybean meal,Oils & Meals,($/mt),406.0,-0.98,-3.79,14.69,-13.62,-0.55
2026-09-01,2026,9,Soybean meal,Oils & Meals,($/mt),447.0,10.1,6.68,24.86,-4.49,1.78
1960-01-01,1960,1,Soybean oil,Oils & Meals,($/mt),204.0,,,,,
1960-02-01,1960,2,Soybean oil,Oils & Meals,($/mt),201.0,-1.47,,,,
1960-03-01,1960,3,Soybean oil,Oils & Meals,($/mt),201.0,0.0,,,,
1960-04-01,1960,4,Soybean oil,Oils & Meals,($/mt),207.0,2.99,1.47,,,
1960-05-01,1960,5,Soybean oil,Oils & Meals,($/mt),209.0,0.97,3.98,,,
1960-06-01,1960,6,Soybean oil,Oils & Meals,($/mt),218.0,4.31,8.46,,,
1960-07-01,1960,7,Soybean oil,Oils & Meals,($/mt),224.0,2.75,8.21,,,
1960-08-01,1960,8,Soybean oil,Oils & Meals,($/mt),237.0,5.8,13.4,,,1.97
1960-09-01,1960,9,Soybean oil,Oils & Meals,($/mt),231.0,-2.53,5.96,,,-1.87
1960-10-01,1960,10,Soybean oil,Oils & Meals,($/mt),237.0,2.6,5.8,,,0.35
1960-11-01,1960,11,Soybean oil,Oils & Meals,($/mt),259.0,9.28,9.28,,,2.8
1960-12-01,1960,12,Soybean oil,Oils & Meals,($/mt),259.0,0.0,12.12,,,-0.71
1961-01-01,1961,1,Soybean oil,Oils & Meals,($/mt),278.0,7.34,17.3,36.27,,1.5
1961-02-01,1961,2,Soybean oil,Oils & Meals,($/mt),303.0,8.99,16.99,50.75,,1.78
1961-03-01,1961,3,Soybean oil,Oils & Meals,($/mt),311.0,2.64,20.08,54.73,,-0.24
1961-04-01,1961,4,Soybean oil,Oils & Meals,($/mt),322.0,3.54,15.83,55.56,,-0.06
1961-05-01,1961,5,Soybean oil,Oils & Meals,($/mt),314.0,-2.48,3.63,50.24,,-1.76
1961-06-01,1961,6,Soybean oil,Oils & Meals,($/mt),295.0,-6.05,-5.14,35.32,,-2.43
1961-07-01,1961,7,Soybean oil,Oils & Meals,($/mt),282.0,-4.41,-12.42,25.89,,-1.47
1961-08-01,1961,8,Soybean oil,Oils & Meals,($/mt),276.0,-2.13,-12.1,16.46,,-0.8
1961-09-01,1961,9,Soybean oil,Oils & Meals,($/mt),267.0,-3.26,-9.49,15.58,,-0.9
1961-10-01,1961,10,Soybean oil,Oils & Meals,($/mt),270.0,1.12,-4.26,13.92,,-0.04
1961-11-01,1961,11,Soybean oil,Oils & Meals,($/mt),265.0,-1.85,-3.99,2.32,,-0.59
1961-12-01,1961,12,Soybean oil,Oils & Meals,($/mt),265.0,0.0,-0.75,2.32,,-0.06
1962-01-01,1962,1,Soybean oil,Oils & Meals,($/mt),265.0,0.0,-1.85,-4.68,,-0.06
1962-02-01,1962,2,Soybean oil,Oils & Meals,($/mt),259.0,-2.26,-2.26,-14.52,,-0.48
1962-03-01,1962,3,Soybean oil,Oils & Meals,($/mt),256.0,-1.16,-3.4,-17.68,,0.04
1962-04-01,1962,4,Soybean oil,Oils & Meals,($/mt),254.0,-0.78,-4.15,-21.12,,0.31
1962-05-01,1962,5,Soybean oil,Oils & Meals,($/mt),234.0,-7.87,-9.65,-25.48,,-2.97
1962-06-01,1962,6,Soybean oil,Oils & Meals,($/mt),215.0,-8.12,-16.02,-27.12,,-2.17
1962-07-01,1962,7,Soybean oil,Oils & Meals,($/mt),198.0,-7.91,-22.05,-29.79,,-1.81
1962-08-01,1962,8,Soybean oil,Oils & Meals,($/mt),198.0,0.0,-15.38,-28.26,,0.86
1962-09-01,1962,9,Soybean oil,Oils & Meals,($/mt),198.0,0.0,-7.91,-25.84,,0.79
1962-10-01,1962,10,Soybean oil,Oils & Meals,($/mt),212.0,7.07,7.07,-21.48,,2.73
1962-11-01,1962,11,Soybean oil,Oils & Meals,($/mt),220.0,3.77,11.11,-16.98,,1.31
1962-12-01,1962,12,Soybean oil,Oils & Meals,($/mt),215.0,-2.27,8.59,-18.87,,-0.18
1963-01-01,1963,1,Soybean oil,Oils & Meals,($/mt),223.0,3.72,5.19,-15.85,,1.16
1963-02-01,1963,2,Soybean oil,Oils & Meals,($/mt),231.0,3.59,5.0,-10.81,,1.01
1963-03-01,1963,3,Soybean oil,Oils & Meals,($/mt),229.0,-0.87,6.51,-10.55,,-0.01
1963-04-01,1963,4,Soybean oil,Oils & Meals,($/mt),229.0,0.0,2.69,-9.84,,0.16
1963-05-01,1963,5,Soybean oil,Oils & Meals,($/mt),231.0,0.87,0.0,-1.28,,0.32
1963-06-01,1963,6,Soybean oil,Oils & Meals,($/mt),231.0,0.0,0.87,7.44,,0.0
1963-07-01,1963,7,Soybean oil,Oils & Meals,($/mt),229.0,-0.87,0.0,15.66,,-0.41
1963-08-01,1963,8,Soybean oil,Oils & Meals,($/mt),207.0,-9.61,-10.39,4.55,,-4.04
1963-09-01,1963,9,Soybean oil,Oils & Meals,($/mt),204.0,-1.45,-11.69,3.03,,-0.46
1963-10-01,1963,10,Soybean oil,Oils & Meals,($/mt),234.0,14.71,2.18,10.38,,3.45
1963-11-01,1963,11,Soybean oil,Oils & Meals,($/mt),223.0,-4.7,7.73,1.36,,-1.01
1963-12-01,1963,12,Soybean oil,Oils & Meals,($/mt),212.0,-4.93,3.92,-1.4,,-0.9
1964-01-01,1964,1,Soybean oil,Oils & Meals,($/mt),215.0,1.42,-8.12,-3.59,,0.23
1964-02-01,1964,2,Soybean oil,Oils & Meals,($/mt),209.0,-2.79,-6.28,-9.52,,-0.45
1964-03-01,1964,3,Soybean oil,Oils & Meals,($/mt),209.0,0.0,-1.42,-8.73,,0.12
1964-04-01,1964,4,Soybean oil,Oils & Meals,($/mt),204.0,-2.39,-5.12,-10.92,,-0.31
1964-05-01,1964,5,Soybean oil,Oils & Meals,($/mt),215.0,5.39,2.87,-6.93,,1.08
1964-06-01,1964,6,Soybean oil,Oils & Meals,($/mt),212.0,-1.4,1.44,-8.23,,-0.16
1964-07-01,1964,7,Soybean oil,Oils & Meals,($/mt),209.0,-1.42,2.45,-8.73,,-0.14
1964-08-01,1964,8,Soybean oil,Oils & Meals,($/mt),223.0,6.7,3.72,7.73,,1.21
1964-09-01,1964,9,Soybean oil,Oils & Meals,($/mt),243.0,8.97,14.62,19.12,,1.45
1964-10-01,1964,10,Soybean oil,Oils & Meals,($/mt),270.0,11.11,29.19,15.38,,1.56
1964-11-01,1964,11,Soybean oil,Oils & Meals,($/mt),270.0,0.0,21.08,21.08,,-0.25
1964-12-01,1964,12,Soybean oil,Oils & Meals,($/mt),317.0,17.41,30.45,49.53,,3.08
1965-01-01,1965,1,Soybean oil,Oils & Meals,($/mt),284.0,-10.41,5.19,32.09,39.22,-2.2
1965-02-01,1965,2,Soybean oil,Oils & Meals,($/mt),303.0,6.69,12.22,44.98,50.75,0.54
1965-03-01,1965,3,Soybean oil,Oils & Meals,($/mt),300.0,-0.99,-5.36,43.54,49.25,-0.59
1965-04-01,1965,4,Soybean oil,Oils & Meals,($/mt),295.0,-1.67,3.87,44.61,42.51,-0.67
1965-05-01,1965,5,Soybean oil,Oils & Meals,($/mt),256.0,-13.22,-15.51,19.07,22.49,-2.24
1965-06-01,1965,6,Soybean oil,Oils & Meals,($/mt),256.0,0.0,-14.67,20.75,17.43,-0.21
1965-07-01,1965,7,Soybean oil,Oils & Meals,($/mt),248.0,-3.12,-15.93,18.66,10.71,-0.58
1965-08-01,1965,8,Soybean oil,Oils & Meals,($/mt),234.0,-5.65,-8.59,4.93,-1.27,-0.84
1965-09-01,1965,9,Soybean oil,Oils & Meals,($/mt),248.0,5.98,-3.12,2.06,7.36,0.59
1965-10-01,1965,10,Soybean oil,Oils & Meals,($/mt),284.0,14.52,14.52,5.19,19.83,1.61
1965-11-01,1965,11,Soybean oil,Oils & Meals,($/mt),276.0,-2.82,17.95,2.22,6.56,-0.4
1965-12-01,1965,12,Soybean oil,Oils & Meals,($/mt),256.0,-7.25,3.23,-19.24,-1.16,-0.85
1966-01-01,1966,1,Soybean oil,Oils & Meals,($/mt),267.0,4.3,-5.99,-5.99,-3.96,0.75
1966-02-01,1966,2,Soybean oil,Oils & Meals,($/mt),273.0,2.25,-1.09,-9.9,-9.9,0.34
1966-03-01,1966,3,Soybean oil,Oils & Meals,($/mt),265.0,-2.93,3.52,-11.67,-14.79,-0.33
1966-04-01,1966,4,Soybean oil,Oils & Meals,($/mt),267.0,0.75,0.0,-9.49,-17.08,0.22
1966-05-01,1966,5,Soybean oil,Oils & Meals,($/mt),256.0,-4.12,-6.23,0.0,-18.47,-0.5
1966-06-01,1966,6,Soybean oil,Oils & Meals,($/mt),256.0,0.0,-3.4,0.0,-13.22,-0.03
1966-07-01,1966,7,Soybean oil,Oils & Meals,($/mt),267.0,4.3,0.0,7.66,-5.32,0.69
1966-08-01,1966,8,Soybean oil,Oils & Meals,($/mt),276.0,3.37,7.81,17.95,0.0,0.43
1966-09-01,1966,9,Soybean oil,Oils & Meals,($/mt),267.0,-3.26,4.3,7.66,0.0,-0.84
1966-10-01,1966,10,Soybean oil,Oils & Meals,($/mt),251.0,-5.99,-5.99,-11.62,-7.04,-1.19
1966-11-01,1966,11,Soybean oil,Oils & Meals,($/mt),248.0,-1.2,-10.14,-10.14,-6.42,-0.06
1966-12-01,1966,12,Soybean oil,Oils & Meals,($/mt),245.0,-1.21,-8.24,-4.3,-7.55,-0.1
1967-01-01,1967,1,Soybean oil,Oils & Meals,($/mt),231.0,-5.71,-7.97,-13.48,-12.83,-1.59
1967-02-01,1967,2,Soybean oil,Oils & Meals,($/mt),225.0,-2.6,-9.27,-17.58,-13.13,-0.43
1967-03-01,1967,3,Soybean oil,Oils & Meals,($/mt),231.0,2.67,-5.71,-12.83,-9.77,1.3
1967-04-01,1967,4,Soybean oil,Oils & Meals,($/mt),227.0,-1.73,-1.73,-14.98,-10.63,-0.19
1967-05-01,1967,5,Soybean oil,Oils & Meals,($/mt),224.0,-1.32,-0.44,-12.5,-4.27,-0.01
1967-06-01,1967,6,Soybean oil,Oils & Meals,($/mt),226.0,0.89,-2.16,-11.72,5.12,0.6
1967-07-01,1967,7,Soybean oil,Oils & Meals,($/mt),212.0,-6.19,-6.61,-20.6,7.07,-1.58
1967-08-01,1967,8,Soybean oil,Oils & Meals,($/mt),210.0,-0.94,-6.25,-23.91,6.06,0.29
1967-09-01,1967,9,Soybean oil,Oils & Meals,($/mt),206.0,-1.9,-8.85,-22.85,4.04,0.11
1967-10-01,1967,10,Soybean oil,Oils & Meals,($/mt),203.0,-1.46,-4.25,-19.12,-4.25,0.24
1967-11-01,1967,11,Soybean oil,Oils & Meals,($/mt),211.0,3.94,0.48,-14.92,-4.09,2.35
1967-12-01,1967,12,Soybean oil,Oils & Meals,($/mt),196.0,-7.11,-4.85,-20.0,-8.84,-1.99
1968-01-01,1968,1,Soybean oil,Oils & Meals,($/mt),196.0,0.0,-3.45,-15.15,-12.11,0.53
1968-02-01,1968,2,Soybean oil,Oils & Meals,($/mt),193.0,-1.53,-8.53,-14.22,-16.45,-0.07
1968-03-01,1968,3,Soybean oil,Oils & Meals,($/mt),191.0,-1.04,-2.55,-17.32,-16.59,0.06
1968-04-01,1968,4,Soybean oil,Oils & Meals,($/mt),190.0,-0.52,-3.06,-16.3,-17.03,0.35
1968-05-01,1968,5,Soybean oil,Oils & Meals,($/mt),189.0,-0.53,-2.07,-15.62,-18.18,0.31
1968-06-01,1968,6,Soybean oil,Oils & Meals,($/mt),178.0,-5.82,-6.81,-21.24,-22.94,-1.53
1968-07-01,1968,7,Soybean oil,Oils & Meals,($/mt),162.0,-8.99,-14.74,-23.58,-29.26,-2.29
1968-08-01,1968,8,Soybean oil,Oils & Meals,($/mt),157.0,-3.09,-16.93,-25.24,-24.15,-0.26
1968-09-01,1968,9,Soybean oil,Oils & Meals,($/mt),161.0,2.55,-9.55,-21.84,-21.08,1.4
1968-10-01,1968,10,Soybean oil,Oils & Meals,($/mt),166.0,3.11,2.47,-18.23,-29.06,1.34
1968-11-01,1968,11,Soybean oil,Oils & Meals,($/mt),173.0,4.22,10.19,-18.01,-22.42,1.43
1968-12-01,1968,12,Soybean oil,Oils & Meals,($/mt),181.0,4.62,12.42,-7.65,-14.62,1.52
1969-01-01,1969,1,Soybean oil,Oils & Meals,($/mt),181.0,0.0,9.04,-7.65,-15.81,0.14
1969-02-01,1969,2,Soybean oil,Oils & Meals,($/mt),185.0,2.21,6.94,-4.15,-11.48,0.69
1969-03-01,1969,3,Soybean oil,Oils & Meals,($/mt),178.0,-3.78,-1.66,-6.81,-14.83,-0.86
1969-04-01,1969,4,Soybean oil,Oils & Meals,($/mt),167.0,-6.18,-7.73,-12.11,-18.14,-1.34
1969-05-01,1969,5,Soybean oil,Oils & Meals,($/mt),170.0,1.8,-8.11,-10.05,-20.93,0.61
1969-06-01,1969,6,Soybean oil,Oils & Meals,($/mt),173.0,1.76,-2.81,-2.81,-18.4,0.55
1969-07-01,1969,7,Soybean oil,Oils & Meals,($/mt),180.0,4.05,7.78,11.11,-13.88,0.96
1969-08-01,1969,8,Soybean oil,Oils & Meals,($/mt),181.0,0.56,6.47,15.29,-18.83,-0.11
1969-09-01,1969,9,Soybean oil,Oils & Meals,($/mt),200.0,10.5,15.61,24.22,-17.7,2.84
1969-10-01,1969,10,Soybean oil,Oils & Meals,($/mt),240.0,20.0,33.33,44.58,-11.11,4.29
1969-11-01,1969,11,Soybean oil,Oils & Meals,($/mt),260.0,8.33,43.65,50.29,-3.7,0.75
1969-12-01,1969,12,Soybean oil,Oils & Meals,($/mt),251.0,-3.46,25.5,38.67,-20.82,-1.03
1970-01-01,1970,1,Soybean oil,Oils & Meals,($/mt),252.0,0.4,5.0,39.23,-11.27,-0.36
1970-02-01,1970,2,Soybean oil,Oils & Meals,($/mt),257.0,1.98,-1.15,38.92,-15.18,-0.14
1970-03-01,1970,3,Soybean oil,Oils & Meals,($/mt),268.0,4.28,6.77,50.56,-10.67,0.18
1970-04-01,1970,4,Soybean oil,Oils & Meals,($/mt),298.0,11.19,18.25,78.44,1.02,1.1
1970-05-01,1970,5,Soybean oil,Oils & Meals,($/mt),292.0,-2.01,13.62,71.76,14.06,-1.12
1970-06-01,1970,6,Soybean oil,Oils & Meals,($/mt),288.0,-1.37,7.46,66.47,12.5,-0.93
1970-07-01,1970,7,Soybean oil,Oils & Meals,($/mt),290.0,0.69,-2.68,61.11,16.94,-0.56
1970-08-01,1970,8,Soybean oil,Oils & Meals,($/mt),270.0,-6.9,-7.53,49.17,15.38,-1.61
1970-09-01,1970,9,Soybean oil,Oils & Meals,($/mt),276.0,2.22,-4.17,38.0,11.29,-0.19
1970-10-01,1970,10,Soybean oil,Oils & Meals,($/mt),304.0,10.14,4.83,26.67,7.04,0.99
1970-11-01,1970,11,Soybean oil,Oils & Meals,($/mt),330.0,8.55,22.22,26.92,19.57,1.16
1970-12-01,1970,12,Soybean oil,Oils & Meals,($/mt),311.0,-5.76,12.68,23.9,21.48,-1.42
1971-01-01,1971,1,Soybean oil,Oils & Meals,($/mt),309.0,-0.64,1.64,22.62,15.73,-0.45
1971-02-01,1971,2,Soybean oil,Oils & Meals,($/mt),297.0,-3.88,-10.0,15.56,8.79,-0.99
1971-03-01,1971,3,Soybean oil,Oils & Meals,($/mt),300.0,1.01,-3.54,11.94,13.21,-0.06
1971-04-01,1971,4,Soybean oil,Oils & Meals,($/mt),292.0,-2.67,-5.5,-2.01,9.36,-0.63
1971-05-01,1971,5,Soybean oil,Oils & Meals,($/mt),293.0,0.34,-1.35,0.34,14.45,0.08
1971-06-01,1971,6,Soybean oil,Oils & Meals,($/mt),310.0,5.8,3.33,7.64,21.09,1.11
1971-07-01,1971,7,Soybean oil,Oils & Meals,($/mt),336.0,8.39,15.07,15.86,25.84,1.43
1971-08-01,1971,8,Soybean oil,Oils & Meals,($/mt),335.0,-0.3,14.33,24.07,21.38,-0.29
1971-09-01,1971,9,Soybean oil,Oils & Meals,($/mt),296.0,-11.64,-4.52,7.25,10.86,-2.61
1971-10-01,1971,10,Soybean oil,Oils & Meals,($/mt),305.0,3.04,-9.23,0.33,21.51,0.35
1971-11-01,1971,11,Soybean oil,Oils & Meals,($/mt),301.0,-1.31,-10.15,-8.79,21.37,-0.26
1971-12-01,1971,12,Soybean oil,Oils & Meals,($/mt),271.0,-9.97,-8.45,-12.86,10.61,-1.78
1972-01-01,1972,1,Soybean oil,Oils & Meals,($/mt),249.0,-8.12,-18.36,-19.42,7.79,-1.24
1972-02-01,1972,2,Soybean oil,Oils & Meals,($/mt),246.0,-1.2,-18.27,-17.17,9.33,0.07
1972-03-01,1972,3,Soybean oil,Oils & Meals,($/mt),258.0,4.88,-4.8,-14.0,11.69,1.04
1972-04-01,1972,4,Soybean oil,Oils & Meals,($/mt),272.0,5.43,9.24,-6.85,19.82,1.03
1972-05-01,1972,5,Soybean oil,Oils & Meals,($/mt),252.0,-7.35,2.44,-13.99,12.5,-1.07
1972-06-01,1972,6,Soybean oil,Oils & Meals,($/mt),234.0,-7.14,-9.3,-24.52,3.54,-0.9
1972-07-01,1972,7,Soybean oil,Oils & Meals,($/mt),226.0,-3.42,-16.91,-32.74,6.6,-0.2
1972-08-01,1972,8,Soybean oil,Oils & Meals,($/mt),223.0,-1.33,-11.51,-33.43,6.19,0.3
1972-09-01,1972,9,Soybean oil,Oils & Meals,($/mt),225.0,0.9,-3.85,-23.99,9.22,0.71
1972-10-01,1972,10,Soybean oil,Oils & Meals,($/mt),228.0,1.33,0.88,-25.25,12.32,0.67
1972-11-01,1972,11,Soybean oil,Oils & Meals,($/mt),240.0,5.26,7.62,-20.27,13.74,1.49
1972-12-01,1972,12,Soybean oil,Oils & Meals,($/mt),234.0,-2.5,4.0,-13.65,19.39,-0.14
1973-01-01,1973,1,Soybean oil,Oils & Meals,($/mt),239.0,2.14,4.82,-4.02,21.94,0.67
1973-02-01,1973,2,Soybean oil,Oils & Meals,($/mt),291.0,21.76,21.25,18.29,50.78,4.99
1973-03-01,1973,3,Soybean oil,Oils & Meals,($/mt),311.0,6.87,32.91,20.54,62.83,0.68
1973-04-01,1973,4,Soybean oil,Oils & Meals,($/mt),333.0,7.07,39.33,22.43,75.26,0.67
1973-05-01,1973,5,Soybean oil,Oils & Meals,($/mt),373.0,12.01,28.18,48.02,97.35,1.27
1973-06-01,1973,6,Soybean oil,Oils & Meals,($/mt),455.0,21.98,46.3,94.44,155.62,2.36
1973-07-01,1973,7,Soybean oil,Oils & Meals,($/mt),550.0,20.88,65.17,143.36,239.51,1.72
1973-08-01,1973,8,Soybean oil,Oils & Meals,($/mt),548.0,-0.36,46.92,145.74,249.04,-0.93
1973-09-01,1973,9,Soybean oil,Oils & Meals,($/mt),508.0,-7.3,11.65,125.78,215.53,-1.72
1973-10-01,1973,10,Soybean oil,Oils & Meals,($/mt),531.0,4.53,-3.45,132.89,219.88,-0.29
1973-11-01,1973,11,Soybean oil,Oils & Meals,($/mt),490.0,-7.72,-10.58,104.17,183.24,-1.59
1973-12-01,1973,12,Soybean oil,Oils & Meals,($/mt),603.0,23.06,18.7,157.69,233.15,1.54
1974-01-01,1974,1,Soybean oil,Oils & Meals,($/mt),665.0,10.28,25.24,178.24,267.4,0.14
1974-02-01,1974,2,Soybean oil,Oils & Meals,($/mt),780.0,17.29,59.18,168.04,321.62,0.71
1974-03-01,1974,3,Soybean oil,Oils & Meals,($/mt),711.0,-8.85,17.91,128.62,299.44,-1.68
1974-04-01,1974,4,Soybean oil,Oils & Meals,($/mt),660.0,-7.17,-0.75,98.2,295.21,-1.26
1974-05-01,1974,5,Soybean oil,Oils & Meals,($/mt),775.0,17.42,-0.64,107.77,355.88,0.86
1974-06-01,1974,6,Soybean oil,Oils & Meals,($/mt),788.0,1.68,10.83,73.19,355.49,-0.41
1974-07-01,1974,7,Soybean oil,Oils & Meals,($/mt),872.0,10.66,32.12,58.55,384.44,0.44
1974-08-01,1974,8,Soybean oil,Oils & Meals,($/mt),922.0,5.73,18.97,68.25,409.39,0.11
1974-09-01,1974,9,Soybean oil,Oils & Meals,($/mt),933.0,1.19,18.4,83.66,366.5,-0.34
1974-10-01,1974,10,Soybean oil,Oils & Meals,($/mt),1045.0,12.0,19.84,96.8,335.42,0.6
1974-11-01,1974,11,Soybean oil,Oils & Meals,($/mt),943.0,-9.76,2.28,92.45,262.69,-1.51
1974-12-01,1974,12,Soybean oil,Oils & Meals,($/mt),892.0,-5.41,-4.39,47.93,255.38,-1.06
1975-01-01,1975,1,Soybean oil,Oils & Meals,($/mt),775.0,-13.12,-25.84,16.54,207.54,-1.7
1975-02-01,1975,2,Soybean oil,Oils & Meals,($/mt),661.0,-14.71,-29.9,-15.26,157.2,-1.53
1975-03-01,1975,3,Soybean oil,Oils & Meals,($/mt),622.0,-5.9,-30.27,-12.52,132.09,-0.48
1975-04-01,1975,4,Soybean oil,Oils & Meals,($/mt),624.0,0.32,-19.48,-5.45,109.4,0.09
1975-05-01,1975,5,Soybean oil,Oils & Meals,($/mt),516.0,-17.31,-21.94,-33.42,76.71,-1.7
1975-06-01,1975,6,Soybean oil,Oils & Meals,($/mt),525.0,1.74,-15.59,-33.38,82.29,0.48
1975-07-01,1975,7,Soybean oil,Oils & Meals,($/mt),578.0,10.1,-7.37,-33.72,99.31,1.33
1975-08-01,1975,8,Soybean oil,Oils & Meals,($/mt),599.0,3.63,16.09,-35.03,121.85,0.68
1975-09-01,1975,9,Soybean oil,Oils & Meals,($/mt),551.0,-8.01,4.95,-40.94,99.64,-0.52
1975-10-01,1975,10,Soybean oil,Oils & Meals,($/mt),495.0,-10.16,-14.36,-52.63,62.83,-0.66
1975-11-01,1975,11,Soybean oil,Oils & Meals,($/mt),423.0,-14.55,-29.38,-55.14,28.18,-1.08
1975-12-01,1975,12,Soybean oil,Oils & Meals,($/mt),391.0,-7.57,-29.04,-56.17,25.72,-0.17
1976-01-01,1976,1,Soybean oil,Oils & Meals,($/mt),385.0,-1.53,-22.22,-50.32,24.6,0.56
1976-02-01,1976,2,Soybean oil,Oils & Meals,($/mt),390.0,1.3,-7.8,-41.0,31.31,0.79
1976-03-01,1976,3,Soybean oil,Oils & Meals,($/mt),399.0,2.31,2.05,-35.85,33.0,0.79
1976-04-01,1976,4,Soybean oil,Oils & Meals,($/mt),384.0,-3.76,-0.26,-38.46,31.51,-0.06
1976-05-01,1976,5,Soybean oil,Oils & Meals,($/mt),370.0,-3.65,-5.13,-28.29,26.28,0.0
1976-06-01,1976,6,Soybean oil,Oils & Meals,($/mt),408.0,10.27,2.26,-22.29,31.61,1.87
1976-07-01,1976,7,Soybean oil,Oils & Meals,($/mt),457.0,12.01,19.01,-20.93,36.01,1.79
1976-08-01,1976,8,Soybean oil,Oils & Meals,($/mt),456.0,-0.22,23.24,-23.87,36.12,0.18
1976-09-01,1976,9,Soybean oil,Oils & Meals,($/mt),505.0,10.75,23.77,-8.35,70.61,1.62
1976-10-01,1976,10,Soybean oil,Oils & Meals,($/mt),495.0,-1.98,8.32,0.0,62.3,-0.19
1976-11-01,1976,11,Soybean oil,Oils & Meals,($/mt),506.0,2.22,10.96,19.62,68.11,0.25
1976-12-01,1976,12,Soybean oil,Oils & Meals,($/mt),505.0,-0.2,0.0,29.16,86.35,-0.3
1977-01-01,1977,1,Soybean oil,Oils & Meals,($/mt),502.0,-0.59,1.41,30.39,101.61,-0.51
1977-02-01,1977,2,Soybean oil,Oils & Meals,($/mt),553.0,10.16,9.29,41.79,124.8,1.4
1977-03-01,1977,3,Soybean oil,Oils & Meals,($/mt),630.0,13.92,24.75,57.89,144.19,1.81
1977-04-01,1977,4,Soybean oil,Oils & Meals,($/mt),782.0,24.13,55.78,103.65,187.5,2.98
1977-05-01,1977,5,Soybean oil,Oils & Meals,($/mt),741.0,-5.24,34.0,100.27,194.05,-1.39
1977-06-01,1977,6,Soybean oil,Oils & Meals,($/mt),666.0,-10.12,5.71,63.24,184.62,-1.91
1977-07-01,1977,7,Soybean oil,Oils & Meals,($/mt),548.0,-17.72,-29.92,19.91,142.48,-2.31
1977-08-01,1977,8,Soybean oil,Oils & Meals,($/mt),498.0,-9.12,-32.79,9.21,123.32,-1.0
1977-09-01,1977,9,Soybean oil,Oils & Meals,($/mt),512.0,2.81,-23.12,1.39,127.56,0.12
1977-10-01,1977,10,Soybean oil,Oils & Meals,($/mt),490.0,-4.3,-10.58,-1.01,114.91,-0.44
1977-11-01,1977,11,Soybean oil,Oils & Meals,($/mt),500.0,2.04,0.4,-1.19,108.33,0.14
1977-12-01,1977,12,Soybean oil,Oils & Meals,($/mt),541.0,8.2,5.66,7.13,131.2,0.68
1978-01-01,1978,1,Soybean oil,Oils & Meals,($/mt),522.0,-3.51,6.53,3.98,118.41,-0.4
1978-02-01,1978,2,Soybean oil,Oils & Meals,($/mt),534.0,2.3,6.8,-3.44,83.51,0.12
1978-03-01,1978,3,Soybean oil,Oils & Meals,($/mt),629.0,17.79,16.27,-0.16,102.25,1.54
1978-04-01,1978,4,Soybean oil,Oils & Meals,($/mt),624.0,-0.79,19.54,-20.2,87.39,-0.12
1978-05-01,1978,5,Soybean oil,Oils & Meals,($/mt),657.0,5.29,23.03,-11.34,76.14,0.73
1978-06-01,1978,6,Soybean oil,Oils & Meals,($/mt),631.0,-3.96,0.32,-5.26,38.68,-0.36
1978-07-01,1978,7,Soybean oil,Oils & Meals,($/mt),586.0,-7.13,-6.09,6.93,6.55,-0.79
1978-08-01,1978,8,Soybean oil,Oils & Meals,($/mt),587.0,0.17,-10.65,17.87,7.12,-0.09
1978-09-01,1978,9,Soybean oil,Oils & Meals,($/mt),630.0,7.33,-0.16,23.05,24.02,0.86
1978-10-01,1978,10,Soybean oil,Oils & Meals,($/mt),637.0,1.11,8.7,30.0,19.96,-0.12
1978-11-01,1978,11,Soybean oil,Oils & Meals,($/mt),620.0,-2.67,5.62,24.0,26.53,-0.76
1978-12-01,1978,12,Soybean oil,Oils & Meals,($/mt),627.0,1.13,-0.48,15.9,3.98,-0.13
1979-01-01,1979,1,Soybean oil,Oils & Meals,($/mt),616.0,-1.75,-3.3,18.01,-7.37,-0.49
1979-02-01,1979,2,Soybean oil,Oils & Meals,($/mt),653.0,6.01,5.32,22.28,-16.28,0.69
1979-03-01,1979,3,Soybean oil,Oils & Meals,($/mt),669.0,2.45,6.7,6.36,-5.91,0.09
1979-04-01,1979,4,Soybean oil,Oils & Meals,($/mt),648.0,-3.14,5.19,3.85,-1.82,-0.88
1979-05-01,1979,5,Soybean oil,Oils & Meals,($/mt),636.0,-1.85,-2.6,-3.2,-17.94,-0.51
1979-06-01,1979,6,Soybean oil,Oils & Meals,($/mt),673.0,5.82,0.6,6.66,-14.59,1.45
1979-07-01,1979,7,Soybean oil,Oils & Meals,($/mt),690.0,2.53,6.48,17.75,-20.87,0.44
1979-08-01,1979,8,Soybean oil,Oils & Meals,($/mt),682.0,-1.16,7.23,16.18,-26.03,-0.73
1979-09-01,1979,9,Soybean oil,Oils & Meals,($/mt),691.0,1.32,2.67,9.68,-25.94,0.0
1979-10-01,1979,10,Soybean oil,Oils & Meals,($/mt),671.0,-2.89,-2.75,5.34,-35.79,-1.21
1979-11-01,1979,11,Soybean oil,Oils & Meals,($/mt),670.0,-0.15,-1.76,8.06,-28.95,-0.19
1979-12-01,1979,12,Soybean oil,Oils & Meals,($/mt),647.0,-3.43,-6.37,3.19,-27.47,-1.33
1980-01-01,1980,1,Soybean oil,Oils & Meals,($/mt),609.0,-5.87,-9.24,-1.14,-21.42,-1.87
1980-02-01,1980,2,Soybean oil,Oils & Meals,($/mt),610.0,0.16,-8.96,-6.58,-7.72,0.05
1980-03-01,1980,3,Soybean oil,Oils & Meals,($/mt),580.0,-4.92,-10.36,-13.3,-6.75,-1.37
1980-04-01,1980,4,Soybean oil,Oils & Meals,($/mt),552.0,-4.83,-9.36,-14.81,-11.54,-1.12
1980-05-01,1980,5,Soybean oil,Oils & Meals,($/mt),562.0,1.81,-7.87,-11.64,8.91,0.9
1980-06-01,1980,6,Soybean oil,Oils & Meals,($/mt),570.0,1.42,-1.72,-15.3,8.57,0.68
1980-07-01,1980,7,Soybean oil,Oils & Meals,($/mt),635.0,11.4,15.04,-7.97,9.86,4.32
1980-08-01,1980,8,Soybean oil,Oils & Meals,($/mt),636.0,0.16,13.17,-6.74,6.18,0.16
1980-09-01,1980,9,Soybean oil,Oils & Meals,($/mt),615.0,-3.3,7.89,-11.0,11.62,-0.61
1980-10-01,1980,10,Soybean oil,Oils & Meals,($/mt),592.0,-3.74,-6.77,-11.77,19.6,-0.62
1980-11-01,1980,11,Soybean oil,Oils & Meals,($/mt),639.0,7.94,0.47,-4.63,51.06,1.89
1980-12-01,1980,12,Soybean oil,Oils & Meals,($/mt),571.0,-10.64,-7.15,-11.75,46.04,-1.94
1981-01-01,1981,1,Soybean oil,Oils & Meals,($/mt),545.0,-4.55,-7.94,-10.51,41.56,-0.6
1981-02-01,1981,2,Soybean oil,Oils & Meals,($/mt),516.0,-5.32,-19.25,-15.41,32.31,-0.76
1981-03-01,1981,3,Soybean oil,Oils & Meals,($/mt),535.0,3.68,-6.3,-7.76,34.09,0.8
1981-04-01,1981,4,Soybean oil,Oils & Meals,($/mt),531.0,-0.75,-2.57,-3.8,38.28,-0.04
1981-05-01,1981,5,Soybean oil,Oils & Meals,($/mt),511.0,-3.77,-0.97,-9.07,38.11,-0.6
1981-06-01,1981,6,Soybean oil,Oils & Meals,($/mt),512.0,0.2,-4.3,-10.18,25.49,0.13
1981-07-01,1981,7,Soybean oil,Oils & Meals,($/mt),530.0,3.52,-0.19,-16.54,15.97,0.7
1981-08-01,1981,8,Soybean oil,Oils & Meals,($/mt),506.0,-4.53,-0.98,-20.44,10.96,-0.64
1981-09-01,1981,9,Soybean oil,Oils & Meals,($/mt),485.0,-4.15,-5.27,-21.14,-3.96,-0.48
1981-10-01,1981,10,Soybean oil,Oils & Meals,($/mt),486.0,0.21,-8.3,-17.91,-1.82,0.41
1981-11-01,1981,11,Soybean oil,Oils & Meals,($/mt),470.0,-3.29,-7.11,-26.45,-7.11,-0.35
1981-12-01,1981,12,Soybean oil,Oils & Meals,($/mt),455.0,-3.19,-6.19,-20.32,-9.9,-0.18
1982-01-01,1982,1,Soybean oil,Oils & Meals,($/mt),455.0,0.0,-6.38,-16.51,-9.36,0.58
1982-02-01,1982,2,Soybean oil,Oils & Meals,($/mt),454.0,-0.22,-3.4,-12.02,-17.9,0.4
1982-03-01,1982,3,Soybean oil,Oils & Meals,($/mt),452.0,-0.44,-0.66,-15.51,-28.25,0.21
1982-04-01,1982,4,Soybean oil,Oils & Meals,($/mt),482.0,6.64,5.93,-9.23,-38.36,3.33
1982-05-01,1982,5,Soybean oil,Oils & Meals,($/mt),509.0,5.6,12.11,-0.39,-31.31,1.9
1982-06-01,1982,6,Soybean oil,Oils & Meals,($/mt),475.0,-6.68,5.09,-7.23,-28.68,-1.84
1982-07-01,1982,7,Soybean oil,Oils & Meals,($/mt),464.0,-2.32,-3.73,-12.45,-15.33,-0.43
1982-08-01,1982,8,Soybean oil,Oils & Meals,($/mt),432.0,-6.9,-15.13,-14.62,-13.25,-1.48
1982-09-01,1982,9,Soybean oil,Oils & Meals,($/mt),426.0,-1.39,-10.32,-12.16,-16.8,-0.04
1982-10-01,1982,10,Soybean oil,Oils & Meals,($/mt),416.0,-2.35,-10.34,-14.4,-15.1,-0.33
1982-11-01,1982,11,Soybean oil,Oils & Meals,($/mt),403.0,-3.12,-6.71,-14.26,-19.4,-0.47
1982-12-01,1982,12,Soybean oil,Oils & Meals,($/mt),399.0,-0.99,-6.34,-12.31,-26.25,0.05
1983-01-01,1983,1,Soybean oil,Oils & Meals,($/mt),397.0,-0.5,-4.57,-12.75,-23.95,0.13
1983-02-01,1983,2,Soybean oil,Oils & Meals,($/mt),395.0,-0.5,-1.99,-13.0,-26.03,0.14
1983-03-01,1983,3,Soybean oil,Oils & Meals,($/mt),394.0,-0.25,-1.25,-12.83,-37.36,0.21
1983-04-01,1983,4,Soybean oil,Oils & Meals,($/mt),434.0,10.15,9.32,-9.96,-30.45,2.79
1983-05-01,1983,5,Soybean oil,Oils & Meals,($/mt),434.0,0.0,9.87,-14.73,-33.94,0.16
1983-06-01,1983,6,Soybean oil,Oils & Meals,($/mt),425.0,-2.07,7.87,-10.53,-32.65,-0.2
1983-07-01,1983,7,Soybean oil,Oils & Meals,($/mt),477.0,12.24,9.91,2.8,-18.6,3.33
1983-08-01,1983,8,Soybean oil,Oils & Meals,($/mt),651.0,36.48,50.0,50.69,10.9,6.68
1983-09-01,1983,9,Soybean oil,Oils & Meals,($/mt),733.0,12.6,72.47,72.07,16.35,0.76
1983-10-01,1983,10,Soybean oil,Oils & Meals,($/mt),687.0,-6.28,44.03,65.14,7.85,-1.0
1983-11-01,1983,11,Soybean oil,Oils & Meals,($/mt),652.0,-5.09,0.15,61.79,5.16,-0.84
1983-12-01,1983,12,Soybean oil,Oils & Meals,($/mt),644.0,-1.23,-12.14,61.4,2.71,-0.49
1984-01-01,1984,1,Soybean oil,Oils & Meals,($/mt),692.0,7.45,0.73,74.31,12.34,0.24
1984-02-01,1984,2,Soybean oil,Oils & Meals,($/mt),669.0,-3.32,2.61,69.37,2.45,-0.73
1984-03-01,1984,3,Soybean oil,Oils & Meals,($/mt),720.0,7.62,11.8,82.74,7.62,0.21
1984-04-01,1984,4,Soybean oil,Oils & Meals,($/mt),772.0,7.22,11.56,77.88,19.14,0.13
1984-05-01,1984,5,Soybean oil,Oils & Meals,($/mt),914.0,18.39,36.62,110.6,43.71,1.1
1984-06-01,1984,6,Soybean oil,Oils & Meals,($/mt),844.0,-7.66,17.22,98.59,25.41,-1.2
1984-07-01,1984,7,Soybean oil,Oils & Meals,($/mt),697.0,-17.42,-9.72,46.12,1.01,-1.89
1984-08-01,1984,8,Soybean oil,Oils & Meals,($/mt),679.0,-2.58,-25.71,4.3,-0.44,-0.47
1984-09-01,1984,9,Soybean oil,Oils & Meals,($/mt),694.0,2.21,-17.77,-5.32,0.43,0.14
1984-10-01,1984,10,Soybean oil,Oils & Meals,($/mt),679.0,-2.16,-2.58,-1.16,1.19,-0.23
1984-11-01,1984,11,Soybean oil,Oils & Meals,($/mt),698.0,2.8,2.8,7.06,4.18,0.27
1984-12-01,1984,12,Soybean oil,Oils & Meals,($/mt),630.0,-9.74,-9.22,-2.17,-2.63,-1.19
1985-01-01,1985,1,Soybean oil,Oils & Meals,($/mt),630.0,0.0,-7.22,-8.96,3.45,-0.02
1985-02-01,1985,2,Soybean oil,Oils & Meals,($/mt),664.0,5.4,-4.87,-0.75,8.85,0.63
1985-03-01,1985,3,Soybean oil,Oils & Meals,($/mt),667.0,0.45,5.87,-7.36,15.0,0.01
1985-04-01,1985,4,Soybean oil,Oils & Meals,($/mt),693.0,3.9,10.0,-10.23,25.54,0.46
1985-05-01,1985,5,Soybean oil,Oils & Meals,($/mt),652.0,-5.92,-1.81,-28.67,16.01,-0.61
1985-06-01,1985,6,Soybean oil,Oils & Meals,($/mt),630.0,-3.37,-5.55,-25.36,10.53,-0.12
1985-07-01,1985,7,Soybean oil,Oils & Meals,($/mt),568.0,-9.84,-18.04,-18.51,-10.55,-1.19
1985-08-01,1985,8,Soybean oil,Oils & Meals,($/mt),518.0,-8.8,-20.55,-23.71,-18.55,-1.44
1985-09-01,1985,9,Soybean oil,Oils & Meals,($/mt),469.0,-9.46,-25.56,-32.42,-23.74,-1.36
1985-10-01,1985,10,Soybean oil,Oils & Meals,($/mt),448.0,-4.48,-21.13,-34.02,-24.32,-0.25
1985-11-01,1985,11,Soybean oil,Oils & Meals,($/mt),455.0,1.56,-12.16,-34.81,-28.79,0.85
1985-12-01,1985,12,Soybean oil,Oils & Meals,($/mt),470.0,3.3,0.21,-25.4,-17.69,1.2
1986-01-01,1986,1,Soybean oil,Oils & Meals,($/mt),457.0,-2.77,2.01,-27.46,-16.15,-0.09
1986-02-01,1986,2,Soybean oil,Oils & Meals,($/mt),394.0,-13.79,-13.41,-40.66,-23.64,-2.09
1986-03-01,1986,3,Soybean oil,Oils & Meals,($/mt),369.0,-6.35,-21.49,-44.68,-31.03,-0.4
1986-04-01,1986,4,Soybean oil,Oils & Meals,($/mt),349.0,-5.42,-23.63,-49.64,-34.27,-0.14
1986-05-01,1986,5,Soybean oil,Oils & Meals,($/mt),345.0,-1.15,-12.44,-47.09,-32.49,0.89
1986-06-01,1986,6,Soybean oil,Oils & Meals,($/mt),351.0,1.74,-4.88,-44.29,-31.45,1.37
1986-07-01,1986,7,Soybean oil,Oils & Meals,($/mt),336.0,-4.27,-3.72,-40.85,-36.6,0.07
1986-08-01,1986,8,Soybean oil,Oils & Meals,($/mt),271.0,-19.35,-21.45,-47.68,-46.44,-2.99
1986-09-01,1986,9,Soybean oil,Oils & Meals,($/mt),276.0,1.85,-21.37,-41.15,-43.09,1.04
1986-10-01,1986,10,Soybean oil,Oils & Meals,($/mt),319.0,15.58,-5.06,-28.79,-34.36,2.92
1986-11-01,1986,11,Soybean oil,Oils & Meals,($/mt),322.0,0.94,18.82,-29.23,-31.49,0.38
1986-12-01,1986,12,Soybean oil,Oils & Meals,($/mt),320.0,-0.62,15.94,-31.91,-29.67,0.21
1987-01-01,1987,1,Soybean oil,Oils & Meals,($/mt),315.0,-1.56,-1.25,-31.07,-30.77,0.14
1987-02-01,1987,2,Soybean oil,Oils & Meals,($/mt),307.0,-2.54,-4.66,-22.08,-32.38,0.02
1987-03-01,1987,3,Soybean oil,Oils & Meals,($/mt),305.0,-0.65,-4.69,-17.34,-32.52,0.14
1987-04-01,1987,4,Soybean oil,Oils & Meals,($/mt),333.0,9.18,5.71,-4.58,-30.91,1.35
1987-05-01,1987,5,Soybean oil,Oils & Meals,($/mt),351.0,5.41,14.33,1.74,-31.04,0.67
1987-06-01,1987,6,Soybean oil,Oils & Meals,($/mt),351.0,0.0,15.08,0.0,-26.11,-0.06
1987-07-01,1987,7,Soybean oil,Oils & Meals,($/mt),318.0,-9.4,-4.5,-5.36,-31.47,-1.17
1987-08-01,1987,8,Soybean oil,Oils & Meals,($/mt),322.0,1.26,-8.26,18.82,-25.46,0.16
1987-09-01,1987,9,Soybean oil,Oils & Meals,($/mt),330.0,2.48,-5.98,19.57,-22.54,0.14
1987-10-01,1987,10,Soybean oil,Oils & Meals,($/mt),348.0,5.45,9.43,9.09,-16.35,0.61
1987-11-01,1987,11,Soybean oil,Oils & Meals,($/mt),338.0,-2.87,4.97,4.97,-16.13,-0.79
1987-12-01,1987,12,Soybean oil,Oils & Meals,($/mt),393.0,16.27,19.09,22.81,-1.5,3.28
1988-01-01,1988,1,Soybean oil,Oils & Meals,($/mt),433.0,10.18,24.43,37.46,9.07,1.25
1988-02-01,1988,2,Soybean oil,Oils & Meals,($/mt),406.0,-6.24,20.12,32.25,2.78,-1.33
1988-03-01,1988,3,Soybean oil,Oils & Meals,($/mt),396.0,-2.46,0.76,29.84,0.51,-0.7
1988-04-01,1988,4,Soybean oil,Oils & Meals,($/mt),409.0,3.28,-5.54,22.82,-5.76,0.12
1988-05-01,1988,5,Soybean oil,Oils & Meals,($/mt),437.0,6.85,7.64,24.5,0.69,0.7
1988-06-01,1988,6,Soybean oil,Oils & Meals,($/mt),544.0,24.49,37.37,54.99,28.0,3.16
1988-07-01,1988,7,Soybean oil,Oils & Meals,($/mt),600.0,10.29,46.7,88.68,25.79,0.65
1988-08-01,1988,8,Soybean oil,Oils & Meals,($/mt),534.0,-11.0,22.2,65.84,-17.97,-1.93
1988-09-01,1988,9,Soybean oil,Oils & Meals,($/mt),478.0,-10.49,-12.13,44.85,-34.79,-1.54
1988-10-01,1988,10,Soybean oil,Oils & Meals,($/mt),449.0,-6.07,-25.17,29.02,-34.64,-0.9
1988-11-01,1988,11,Soybean oil,Oils & Meals,($/mt),431.0,-4.01,-19.29,27.51,-33.9,-0.6
1988-12-01,1988,12,Soybean oil,Oils & Meals,($/mt),444.0,3.02,-7.11,12.98,-31.06,0.04
1989-01-01,1989,1,Soybean oil,Oils & Meals,($/mt),423.0,-4.73,-5.79,-2.31,-38.87,-0.6
1989-02-01,1989,2,Soybean oil,Oils & Meals,($/mt),412.0,-2.6,-4.41,1.48,-38.42,-0.28
1989-03-01,1989,3,Soybean oil,Oils & Meals,($/mt),437.0,6.07,-1.58,10.35,-39.31,0.56
1989-04-01,1989,4,Soybean oil,Oils & Meals,($/mt),440.0,0.69,4.02,7.58,-43.01,-0.06
1989-05-01,1989,5,Soybean oil,Oils & Meals,($/mt),460.0,4.55,11.65,5.26,-49.67,0.35
1989-06-01,1989,6,Soybean oil,Oils & Meals,($/mt),464.0,0.87,6.18,-14.71,-45.02,0.0
1989-07-01,1989,7,Soybean oil,Oils & Meals,($/mt),447.0,-3.66,1.59,-25.5,-35.87,-0.39
1989-08-01,1989,8,Soybean oil,Oils & Meals,($/mt),404.0,-9.62,-12.17,-24.34,-40.5,-1.34
1989-09-01,1989,9,Soybean oil,Oils & Meals,($/mt),410.0,1.49,-11.64,-14.23,-40.92,0.69
1989-10-01,1989,10,Soybean oil,Oils & Meals,($/mt),419.0,2.2,-6.26,-6.68,-38.29,0.72
1989-11-01,1989,11,Soybean oil,Oils & Meals,($/mt),433.0,3.34,7.18,0.46,-37.97,0.85
1989-12-01,1989,12,Soybean oil,Oils & Meals,($/mt),429.0,-0.92,4.63,-3.38,-31.9,-0.24
1990-01-01,1990,1,Soybean oil,Oils & Meals,($/mt),417.0,-2.8,-0.48,-1.42,-33.81,-0.59
1990-02-01,1990,2,Soybean oil,Oils & Meals,($/mt),428.0,2.64,-1.15,3.88,-35.54,0.63
1990-03-01,1990,3,Soybean oil,Oils & Meals,($/mt),442.0,3.27,3.03,1.14,-33.73,0.68
1990-04-01,1990,4,Soybean oil,Oils & Meals,($/mt),440.0,-0.45,5.52,0.0,-36.51,-0.16
1990-05-01,1990,5,Soybean oil,Oils & Meals,($/mt),449.0,2.05,4.91,-2.39,-31.13,0.5
1990-06-01,1990,6,Soybean oil,Oils & Meals,($/mt),435.0,-3.12,-1.58,-6.25,-30.95,-0.79
1990-07-01,1990,7,Soybean oil,Oils & Meals,($/mt),437.0,0.46,-0.68,-2.24,-23.06,0.24
1990-08-01,1990,8,Soybean oil,Oils & Meals,($/mt),460.0,5.26,2.45,13.86,-11.2,1.45
1990-09-01,1990,9,Soybean oil,Oils & Meals,($/mt),461.0,0.22,5.98,12.44,-1.71,-0.35
1990-10-01,1990,10,Soybean oil,Oils & Meals,($/mt),468.0,1.52,7.09,11.69,4.46,0.2
1990-11-01,1990,11,Soybean oil,Oils & Meals,($/mt),455.0,-2.78,-1.09,5.08,0.0,-1.47
1990-12-01,1990,12,Soybean oil,Oils & Meals,($/mt),476.0,4.62,3.25,10.96,1.28,1.59
1991-01-01,1991,1,Soybean oil,Oils & Meals,($/mt),455.0,-4.41,-2.78,9.11,-0.44,-1.87
1991-02-01,1991,2,Soybean oil,Oils & Meals,($/mt),445.0,-2.2,-2.2,3.97,12.94,-0.97
1991-03-01,1991,3,Soybean oil,Oils & Meals,($/mt),453.0,1.8,-4.83,2.49,22.76,0.46
1991-04-01,1991,4,Soybean oil,Oils & Meals,($/mt),460.0,1.55,1.1,4.55,31.81,0.43
1991-05-01,1991,5,Soybean oil,Oils & Meals,($/mt),444.0,-3.48,-0.22,-1.11,28.7,-1.28
1991-06-01,1991,6,Soybean oil,Oils & Meals,($/mt),440.0,-0.9,-2.87,1.15,25.36,-0.27
1991-07-01,1991,7,Soybean oil,Oils & Meals,($/mt),431.0,-2.05,-6.3,-1.37,28.27,-0.72
1991-08-01,1991,8,Soybean oil,Oils & Meals,($/mt),457.0,6.03,2.93,-0.65,68.63,1.97
1991-09-01,1991,9,Soybean oil,Oils & Meals,($/mt),468.0,2.41,6.36,1.52,69.57,0.75
1991-10-01,1991,10,Soybean oil,Oils & Meals,($/mt),485.0,3.63,12.53,3.63,52.04,1.05
1991-11-01,1991,11,Soybean oil,Oils & Meals,($/mt),466.0,-3.92,1.97,2.42,44.72,-1.24
1991-12-01,1991,12,Soybean oil,Oils & Meals,($/mt),442.0,-5.15,-5.56,-7.14,38.13,-1.53
1992-01-01,1992,1,Soybean oil,Oils & Meals,($/mt),429.0,-2.94,-11.55,-5.71,36.19,-0.67
1992-02-01,1992,2,Soybean oil,Oils & Meals,($/mt),414.0,-3.5,-11.16,-6.97,34.85,-0.89
1992-03-01,1992,3,Soybean oil,Oils & Meals,($/mt),434.0,4.83,-1.81,-4.19,42.3,1.52
1992-04-01,1992,4,Soybean oil,Oils & Meals,($/mt),425.0,-2.07,-0.93,-7.61,27.63,-0.47
1992-05-01,1992,5,Soybean oil,Oils & Meals,($/mt),439.0,3.29,6.04,-1.13,25.07,1.02
1992-06-01,1992,6,Soybean oil,Oils & Meals,($/mt),456.0,3.87,5.07,3.64,29.91,1.02
1992-07-01,1992,7,Soybean oil,Oils & Meals,($/mt),429.0,-5.92,0.94,-0.46,34.91,-1.58
1992-08-01,1992,8,Soybean oil,Oils & Meals,($/mt),409.0,-4.66,-6.83,-10.5,27.02,-1.09
1992-09-01,1992,9,Soybean oil,Oils & Meals,($/mt),421.0,2.93,-7.68,-10.04,27.58,0.93
1992-10-01,1992,10,Soybean oil,Oils & Meals,($/mt),418.0,-0.71,-2.56,-13.81,20.11,0.02
1992-11-01,1992,11,Soybean oil,Oils & Meals,($/mt),437.0,4.55,6.85,-6.22,29.29,1.47
1992-12-01,1992,12,Soybean oil,Oils & Meals,($/mt),436.0,-0.23,3.56,-1.36,10.94,0.06
1993-01-01,1993,1,Soybean oil,Oils & Meals,($/mt),444.0,1.83,6.22,3.5,2.54,0.49
1993-02-01,1993,2,Soybean oil,Oils & Meals,($/mt),433.0,-2.48,-0.92,4.59,6.65,-0.76
1993-03-01,1993,3,Soybean oil,Oils & Meals,($/mt),438.0,1.15,0.46,0.92,10.61,0.2
1993-04-01,1993,4,Soybean oil,Oils & Meals,($/mt),448.0,2.28,0.9,5.41,9.54,0.63
1993-05-01,1993,5,Soybean oil,Oils & Meals,($/mt),448.0,0.0,3.46,2.05,2.52,-0.15
1993-06-01,1993,6,Soybean oil,Oils & Meals,($/mt),461.0,2.9,5.25,1.1,-15.26,0.82
1993-07-01,1993,7,Soybean oil,Oils & Meals,($/mt),505.0,9.54,12.72,17.72,-15.83,2.96
1993-08-01,1993,8,Soybean oil,Oils & Meals,($/mt),483.0,-4.36,7.81,18.09,-9.55,-1.61
1993-09-01,1993,9,Soybean oil,Oils & Meals,($/mt),489.0,1.24,6.07,16.15,2.3,-0.06
1993-10-01,1993,10,Soybean oil,Oils & Meals,($/mt),491.0,0.41,-2.77,17.46,9.35,-0.26
1993-11-01,1993,11,Soybean oil,Oils & Meals,($/mt),536.0,9.16,10.97,22.65,24.36,2.23
1993-12-01,1993,12,Soybean oil,Oils & Meals,($/mt),589.0,9.89,20.45,35.09,32.66,1.99
1994-01-01,1994,1,Soybean oil,Oils & Meals,($/mt),602.0,2.21,22.61,35.59,42.32,-0.09
1994-02-01,1994,2,Soybean oil,Oils & Meals,($/mt),577.0,-4.15,7.65,33.26,40.05,-1.48
1994-03-01,1994,3,Soybean oil,Oils & Meals,($/mt),586.0,1.56,-0.51,33.79,34.1,-0.2
1994-04-01,1994,4,Soybean oil,Oils & Meals,($/mt),584.0,-0.34,-2.99,30.36,32.73,-0.6
1994-05-01,1994,5,Soybean oil,Oils & Meals,($/mt),594.0,1.71,2.95,32.59,29.13,-0.13
1994-06-01,1994,6,Soybean oil,Oils & Meals,($/mt),571.0,-3.87,-2.56,23.86,23.06,-1.32
1994-07-01,1994,7,Soybean oil,Oils & Meals,($/mt),560.0,-1.93,-4.11,10.89,25.28,-0.75
1994-08-01,1994,8,Soybean oil,Oils & Meals,($/mt),600.0,7.14,1.01,24.22,48.51,1.33
1994-09-01,1994,9,Soybean oil,Oils & Meals,($/mt),672.0,12.0,17.69,37.42,63.9,2.17
1994-10-01,1994,10,Soybean oil,Oils & Meals,($/mt),642.0,-4.46,14.64,30.75,53.22,-1.33
1994-11-01,1994,11,Soybean oil,Oils & Meals,($/mt),706.0,9.97,17.67,31.72,63.05,1.3
1994-12-01,1994,12,Soybean oil,Oils & Meals,($/mt),693.0,-1.84,3.12,17.66,61.54,-0.73
1995-01-01,1995,1,Soybean oil,Oils & Meals,($/mt),674.0,-2.74,4.98,11.96,61.63,-0.77
1995-02-01,1995,2,Soybean oil,Oils & Meals,($/mt),663.0,-1.63,-6.09,14.9,54.91,-0.48
1995-03-01,1995,3,Soybean oil,Oils & Meals,($/mt),652.0,-1.66,-5.92,11.26,47.51,-0.54
1995-04-01,1995,4,Soybean oil,Oils & Meals,($/mt),610.0,-6.44,-9.5,4.45,38.64,-1.34
1995-05-01,1995,5,Soybean oil,Oils & Meals,($/mt),595.0,-2.46,-10.26,0.17,32.52,-0.5
1995-06-01,1995,6,Soybean oil,Oils & Meals,($/mt),611.0,2.69,-6.29,7.01,40.46,0.42
1995-07-01,1995,7,Soybean oil,Oils & Meals,($/mt),626.0,2.45,2.62,11.79,43.25,0.29
1995-08-01,1995,8,Soybean oil,Oils & Meals,($/mt),616.0,-1.6,3.53,2.67,33.91,-0.46
1995-09-01,1995,9,Soybean oil,Oils & Meals,($/mt),614.0,-0.32,0.49,-8.63,33.19,-0.12
1995-10-01,1995,10,Soybean oil,Oils & Meals,($/mt),638.0,3.91,1.92,-0.62,36.32,1.09
1995-11-01,1995,11,Soybean oil,Oils & Meals,($/mt),623.0,-2.35,1.14,-11.76,36.92,-0.57
1995-12-01,1995,12,Soybean oil,Oils & Meals,($/mt),579.0,-7.06,-5.7,-16.45,21.64,-2.14
1996-01-01,1996,1,Soybean oil,Oils & Meals,($/mt),554.0,-4.32,-13.17,-17.8,21.76,-0.86
1996-02-01,1996,2,Soybean oil,Oils & Meals,($/mt),548.0,-1.08,-12.04,-17.35,23.15,0.14
1996-03-01,1996,3,Soybean oil,Oils & Meals,($/mt),538.0,-1.82,-7.08,-17.48,18.76,-0.09
1996-04-01,1996,4,Soybean oil,Oils & Meals,($/mt),582.0,8.18,5.05,-4.59,26.52,2.84
1996-05-01,1996,5,Soybean oil,Oils & Meals,($/mt),591.0,1.55,7.85,-0.67,33.11,0.46
1996-06-01,1996,6,Soybean oil,Oils & Meals,($/mt),563.0,-4.74,4.65,-7.86,27.95,-1.18
1996-07-01,1996,7,Soybean oil,Oils & Meals,($/mt),549.0,-2.49,-5.67,-12.3,27.38,-0.45
1996-08-01,1996,8,Soybean oil,Oils & Meals,($/mt),565.0,2.91,-4.4,-8.28,23.63,0.97
1996-09-01,1996,9,Soybean oil,Oils & Meals,($/mt),569.0,0.71,1.07,-7.33,21.58,0.32
1996-10-01,1996,10,Soybean oil,Oils & Meals,($/mt),528.0,-7.21,-3.83,-17.24,8.87,-1.57
1996-11-01,1996,11,Soybean oil,Oils & Meals,($/mt),517.0,-2.08,-8.5,-17.01,10.94,-0.14
1996-12-01,1996,12,Soybean oil,Oils & Meals,($/mt),514.0,-0.58,-9.67,-11.23,16.29,0.2
1997-01-01,1997,1,Soybean oil,Oils & Meals,($/mt),534.0,3.89,1.14,-3.61,24.48,1.2
1997-02-01,1997,2,Soybean oil,Oils & Meals,($/mt),527.0,-1.31,1.93,-3.83,27.29,-0.27
1997-03-01,1997,3,Soybean oil,Oils & Meals,($/mt),541.0,2.66,5.25,0.56,24.65,0.71
1997-04-01,1997,4,Soybean oil,Oils & Meals,($/mt),541.0,0.0,1.31,-7.04,27.29,-0.03
1997-05-01,1997,5,Soybean oil,Oils & Meals,($/mt),541.0,0.0,2.66,-8.46,23.23,0.17
1997-06-01,1997,6,Soybean oil,Oils & Meals,($/mt),550.0,1.66,1.66,-2.31,20.61,0.73
1997-07-01,1997,7,Soybean oil,Oils & Meals,($/mt),535.0,-2.73,-1.11,-2.55,24.71,-0.86
1997-08-01,1997,8,Soybean oil,Oils & Meals,($/mt),544.0,1.68,0.55,-3.72,33.01,0.62
1997-09-01,1997,9,Soybean oil,Oils & Meals,($/mt),555.0,2.02,0.91,-2.46,31.83,0.79
1997-10-01,1997,10,Soybean oil,Oils & Meals,($/mt),611.0,10.09,14.21,15.72,46.17,3.45
1997-11-01,1997,11,Soybean oil,Oils & Meals,($/mt),676.0,10.64,24.26,30.75,54.69,2.74
1997-12-01,1997,12,Soybean oil,Oils & Meals,($/mt),622.0,-7.99,12.07,21.01,42.66,-2.48
1998-01-01,1998,1,Soybean oil,Oils & Meals,($/mt),625.0,0.48,2.29,17.04,40.77,-0.24
1998-02-01,1998,2,Soybean oil,Oils & Meals,($/mt),634.0,1.44,-6.21,20.3,46.42,0.0
1998-03-01,1998,3,Soybean oil,Oils & Meals,($/mt),652.0,2.84,4.82,20.52,48.86,0.24
1998-04-01,1998,4,Soybean oil,Oils & Meals,($/mt),662.0,1.53,5.92,22.37,47.77,-0.03
1998-05-01,1998,5,Soybean oil,Oils & Meals,($/mt),671.0,1.36,5.84,24.03,49.78,-0.09
1998-06-01,1998,6,Soybean oil,Oils & Meals,($/mt),629.0,-6.26,-3.53,14.36,36.44,-1.66
1998-07-01,1998,7,Soybean oil,Oils & Meals,($/mt),612.0,-2.7,-7.55,14.39,21.19,-0.73
1998-08-01,1998,8,Soybean oil,Oils & Meals,($/mt),592.0,-3.27,-11.77,8.82,22.57,-0.83
1998-09-01,1998,9,Soybean oil,Oils & Meals,($/mt),615.0,3.89,-2.23,10.81,25.77,0.54
1998-10-01,1998,10,Soybean oil,Oils & Meals,($/mt),614.0,-0.16,0.33,0.49,25.05,-0.21
1998-11-01,1998,11,Soybean oil,Oils & Meals,($/mt),614.0,0.0,3.72,-9.17,14.55,-0.03
1998-12-01,1998,12,Soybean oil,Oils & Meals,($/mt),591.0,-3.75,-3.9,-4.98,0.34,-0.83
1999-01-01,1999,1,Soybean oil,Oils & Meals,($/mt),542.0,-8.29,-11.73,-13.28,-9.97,-2.63
1999-02-01,1999,2,Soybean oil,Oils & Meals,($/mt),482.0,-11.07,-21.5,-23.97,-16.46,-2.66
1999-03-01,1999,3,Soybean oil,Oils & Meals,($/mt),444.0,-7.88,-24.87,-31.9,-24.23,-1.24
1999-04-01,1999,4,Soybean oil,Oils & Meals,($/mt),443.0,-0.23,-18.27,-33.08,-24.14,0.61
1999-05-01,1999,5,Soybean oil,Oils & Meals,($/mt),422.0,-4.74,-12.45,-37.11,-28.96,-0.35
1999-06-01,1999,6,Soybean oil,Oils & Meals,($/mt),406.0,-3.79,-8.56,-35.45,-28.9,-0.02
1999-07-01,1999,7,Soybean oil,Oils & Meals,($/mt),391.0,-3.69,-11.74,-36.11,-30.18,-0.05
1999-08-01,1999,8,Soybean oil,Oils & Meals,($/mt),412.0,5.37,-2.37,-30.41,-31.33,2.16
1999-09-01,1999,9,Soybean oil,Oils & Meals,($/mt),414.0,0.49,1.97,-32.68,-38.39,0.68
1999-10-01,1999,10,Soybean oil,Oils & Meals,($/mt),400.0,-3.38,2.3,-34.85,-37.69,-0.05
1999-11-01,1999,11,Soybean oil,Oils & Meals,($/mt),387.0,-3.25,-6.07,-36.97,-45.18,0.04
1999-12-01,1999,12,Soybean oil,Oils & Meals,($/mt),375.0,-3.1,-9.42,-36.55,-45.89,0.13
2000-01-01,2000,1,Soybean oil,Oils & Meals,($/mt),370.0,-1.33,-7.5,-31.73,-45.1,0.53
2000-02-01,2000,2,Soybean oil,Oils & Meals,($/mt),358.0,-3.24,-7.49,-25.73,-46.0,-0.05
2000-03-01,2000,3,Soybean oil,Oils & Meals,($/mt),363.0,1.4,-3.2,-18.24,-44.33,1.17
2000-04-01,2000,4,Soybean oil,Oils & Meals,($/mt),366.0,0.83,-1.08,-17.38,-40.0,0.84
2000-05-01,2000,5,Soybean oil,Oils & Meals,($/mt),338.0,-7.65,-5.59,-19.91,-43.19,-2.05
2000-06-01,2000,6,Soybean oil,Oils & Meals,($/mt),330.0,-2.37,-9.09,-18.72,-45.99,-0.17
2000-07-01,2000,7,Soybean oil,Oils & Meals,($/mt),339.0,2.73,-7.38,-13.3,-45.85,1.33
2000-08-01,2000,8,Soybean oil,Oils & Meals,($/mt),329.0,-2.95,-2.66,-20.15,-46.59,-0.53
2000-09-01,2000,9,Soybean oil,Oils & Meals,($/mt),312.0,-5.17,-5.45,-24.64,-49.19,-1.19
2000-10-01,2000,10,Soybean oil,Oils & Meals,($/mt),314.0,0.64,-7.37,-21.5,-50.78,1.02
2000-11-01,2000,11,Soybean oil,Oils & Meals,($/mt),317.0,0.96,-3.65,-18.09,-49.12,0.98
2000-12-01,2000,12,Soybean oil,Oils & Meals,($/mt),321.0,1.26,2.88,-14.4,-44.56,0.94
2001-01-01,2001,1,Soybean oil,Oils & Meals,($/mt),305.0,-4.98,-2.87,-17.57,-44.95,-1.2
2001-02-01,2001,2,Soybean oil,Oils & Meals,($/mt),304.0,-0.33,-4.1,-15.08,-44.53,0.37
2001-03-01,2001,3,Soybean oil,Oils & Meals,($/mt),328.0,7.89,2.18,-9.64,-39.03,2.82
2001-04-01,2001,4,Soybean oil,Oils & Meals,($/mt),326.0,-0.61,6.89,-10.93,-43.99,0.04
2001-05-01,2001,5,Soybean oil,Oils & Meals,($/mt),295.0,-9.51,-2.96,-12.72,-50.08,-2.09
2001-06-01,2001,6,Soybean oil,Oils & Meals,($/mt),287.0,-2.71,-12.5,-13.03,-49.02,-0.38
2001-07-01,2001,7,Soybean oil,Oils & Meals,($/mt),421.0,46.69,29.14,24.19,-23.32,10.74
2001-08-01,2001,8,Soybean oil,Oils & Meals,($/mt),427.0,1.43,44.75,29.79,-24.42,-0.08
2001-09-01,2001,9,Soybean oil,Oils & Meals,($/mt),385.0,-9.84,34.15,23.4,-32.34,-0.89
2001-10-01,2001,10,Soybean oil,Oils & Meals,($/mt),373.0,-3.12,-11.4,18.79,-29.36,-0.39
2001-11-01,2001,11,Soybean oil,Oils & Meals,($/mt),391.0,4.83,-8.43,23.34,-24.37,0.17
2001-12-01,2001,12,Soybean oil,Oils & Meals,($/mt),397.0,1.53,3.12,23.68,-22.76,-0.07
2002-01-01,2002,1,Soybean oil,Oils & Meals,($/mt),389.0,-2.02,4.29,27.54,-27.15,-0.31
2002-02-01,2002,2,Soybean oil,Oils & Meals,($/mt),365.0,-6.17,-6.65,20.07,-30.74,-0.61
2002-03-01,2002,3,Soybean oil,Oils & Meals,($/mt),359.0,-1.64,-9.57,9.45,-33.64,-0.27
2002-04-01,2002,4,Soybean oil,Oils & Meals,($/mt),371.0,3.34,-4.63,13.8,-31.42,0.12
2002-05-01,2002,5,Soybean oil,Oils & Meals,($/mt),400.0,7.82,9.59,35.59,-26.06,0.4
2002-06-01,2002,6,Soybean oil,Oils & Meals,($/mt),457.0,14.25,27.3,59.23,-16.91,0.75
2002-07-01,2002,7,Soybean oil,Oils & Meals,($/mt),490.0,7.22,32.08,16.39,-8.41,0.17
2002-08-01,2002,8,Soybean oil,Oils & Meals,($/mt),503.0,2.65,25.75,17.8,-7.54,0.18
2002-09-01,2002,9,Soybean oil,Oils & Meals,($/mt),506.0,0.6,10.72,31.43,-8.83,-0.15
2002-10-01,2002,10,Soybean oil,Oils & Meals,($/mt),529.0,4.55,7.96,41.82,-13.42,0.38
2002-11-01,2002,11,Soybean oil,Oils & Meals,($/mt),582.0,10.02,15.71,48.85,-13.91,1.3
2002-12-01,2002,12,Soybean oil,Oils & Meals,($/mt),591.0,1.55,16.8,48.87,-4.98,-0.35
2003-01-01,2003,1,Soybean oil,Oils & Meals,($/mt),541.0,-8.46,2.27,39.07,-13.44,-2.11
2003-02-01,2003,2,Soybean oil,Oils & Meals,($/mt),522.0,-3.51,-10.31,43.01,-17.67,-1.0
2003-03-01,2003,3,Soybean oil,Oils & Meals,($/mt),523.0,0.19,-11.51,45.68,-19.79,-0.49
2003-04-01,2003,4,Soybean oil,Oils & Meals,($/mt),541.0,3.44,0.0,45.82,-18.28,0.01
2003-05-01,2003,5,Soybean oil,Oils & Meals,($/mt),549.0,1.48,5.17,37.25,-18.18,-0.31
2003-06-01,2003,6,Soybean oil,Oils & Meals,($/mt),546.0,-0.55,4.4,19.47,-13.2,-0.57
2003-07-01,2003,7,Soybean oil,Oils & Meals,($/mt),531.0,-2.75,-1.85,8.37,-13.24,-0.91
2003-08-01,2003,8,Soybean oil,Oils & Meals,($/mt),516.0,-2.82,-6.01,2.58,-12.84,-0.79
2003-09-01,2003,9,Soybean oil,Oils & Meals,($/mt),558.0,8.14,2.2,10.28,-9.27,1.69
2003-10-01,2003,10,Soybean oil,Oils & Meals,($/mt),608.0,8.96,14.5,14.93,-0.98,1.55
2003-11-01,2003,11,Soybean oil,Oils & Meals,($/mt),631.0,3.78,22.29,8.42,2.77,0.44
2003-12-01,2003,12,Soybean oil,Oils & Meals,($/mt),637.0,0.95,14.16,7.78,7.78,0.03
2004-01-01,2004,1,Soybean oil,Oils & Meals,($/mt),657.0,3.14,8.06,21.44,21.22,0.49
2004-02-01,2004,2,Soybean oil,Oils & Meals,($/mt),682.0,3.81,8.08,30.65,41.49,0.52
2004-03-01,2004,3,Soybean oil,Oils & Meals,($/mt),689.0,1.03,8.16,31.74,55.18,-0.35
2004-04-01,2004,4,Soybean oil,Oils & Meals,($/mt),672.0,-2.47,2.28,24.21,51.69,-1.32
2004-05-01,2004,5,Soybean oil,Oils & Meals,($/mt),628.0,-6.55,-7.92,14.39,48.82,-2.16
2004-06-01,2004,6,Soybean oil,Oils & Meals,($/mt),582.0,-7.32,-15.53,6.59,43.35,-1.85
2004-07-01,2004,7,Soybean oil,Oils & Meals,($/mt),605.0,3.95,-9.97,13.94,54.73,0.63
2004-08-01,2004,8,Soybean oil,Oils & Meals,($/mt),605.0,0.0,-3.66,17.25,46.84,-0.23
2004-09-01,2004,9,Soybean oil,Oils & Meals,($/mt),602.0,-0.5,3.44,7.89,45.41,-0.39
2004-10-01,2004,10,Soybean oil,Oils & Meals,($/mt),583.0,-3.16,-3.64,-4.11,45.75,-0.84
2004-11-01,2004,11,Soybean oil,Oils & Meals,($/mt),561.0,-3.77,-7.27,-11.09,44.96,-0.89
2004-12-01,2004,12,Soybean oil,Oils & Meals,($/mt),552.0,-1.6,-8.31,-13.34,47.2,-0.18
2005-01-01,2005,1,Soybean oil,Oils & Meals,($/mt),520.0,-5.8,-10.81,-20.85,40.54,-1.24
2005-02-01,2005,2,Soybean oil,Oils & Meals,($/mt),496.0,-4.62,-11.59,-27.27,38.55,-0.74
2005-03-01,2005,3,Soybean oil,Oils & Meals,($/mt),544.0,9.68,-1.45,-21.04,49.86,3.67
2005-04-01,2005,4,Soybean oil,Oils & Meals,($/mt),546.0,0.37,5.0,-18.75,49.18,0.46
2005-05-01,2005,5,Soybean oil,Oils & Meals,($/mt),538.0,-1.47,8.47,-14.33,59.17,0.03
2005-06-01,2005,6,Soybean oil,Oils & Meals,($/mt),560.0,4.09,2.94,-3.78,69.7,1.15
2005-07-01,2005,7,Soybean oil,Oils & Meals,($/mt),561.0,0.18,2.75,-7.27,65.49,0.09
2005-08-01,2005,8,Soybean oil,Oils & Meals,($/mt),550.0,-1.96,2.23,-9.09,67.17,-0.34
2005-09-01,2005,9,Soybean oil,Oils & Meals,($/mt),545.0,-0.91,-2.68,-9.47,74.68,-0.05
2005-10-01,2005,10,Soybean oil,Oils & Meals,($/mt),579.0,6.24,3.21,-0.69,84.39,1.67
2005-11-01,2005,11,Soybean oil,Oils & Meals,($/mt),559.0,-3.45,1.64,-0.36,76.34,-0.77
2005-12-01,2005,12,Soybean oil,Oils & Meals,($/mt),538.0,-3.76,-1.28,-2.54,67.6,-0.84
2006-01-01,2006,1,Soybean oil,Oils & Meals,($/mt),536.0,-0.37,-7.43,3.08,75.74,-0.05
2006-02-01,2006,2,Soybean oil,Oils & Meals,($/mt),533.0,-0.56,-4.65,7.46,75.33,-0.21
2006-03-01,2006,3,Soybean oil,Oils & Meals,($/mt),541.0,1.5,0.56,-0.55,64.94,0.21
2006-04-01,2006,4,Soybean oil,Oils & Meals,($/mt),540.0,-0.18,0.75,-1.1,65.64,-0.06
2006-05-01,2006,5,Soybean oil,Oils & Meals,($/mt),588.0,8.89,10.32,9.29,99.32,3.11
2006-06-01,2006,6,Soybean oil,Oils & Meals,($/mt),601.0,2.21,11.09,7.32,109.41,0.37
2006-07-01,2006,7,Soybean oil,Oils & Meals,($/mt),630.0,4.83,16.67,12.3,49.64,1.13
2006-08-01,2006,8,Soybean oil,Oils & Meals,($/mt),632.0,0.32,7.48,14.91,48.01,-0.19
2006-09-01,2006,9,Soybean oil,Oils & Meals,($/mt),602.0,-4.75,0.17,10.46,56.36,-1.58
2006-10-01,2006,10,Soybean oil,Oils & Meals,($/mt),615.0,2.16,-2.38,6.22,64.88,0.3
2006-11-01,2006,11,Soybean oil,Oils & Meals,($/mt),676.0,9.92,6.96,20.93,72.89,2.46
2006-12-01,2006,12,Soybean oil,Oils & Meals,($/mt),698.0,3.25,15.95,29.74,75.82,0.35
2007-01-01,2007,1,Soybean oil,Oils & Meals,($/mt),697.0,-0.14,13.33,30.04,79.18,-0.59
2007-02-01,2007,2,Soybean oil,Oils & Meals,($/mt),715.0,2.58,5.77,34.15,95.89,0.07
2007-03-01,2007,3,Soybean oil,Oils & Meals,($/mt),719.0,0.56,3.01,32.9,100.28,-0.5
2007-04-01,2007,4,Soybean oil,Oils & Meals,($/mt),754.0,4.87,8.18,39.63,103.23,0.6
2007-05-01,2007,5,Soybean oil,Oils & Meals,($/mt),789.0,4.64,10.35,34.18,97.25,0.44
2007-06-01,2007,6,Soybean oil,Oils & Meals,($/mt),836.0,5.96,16.27,39.1,82.93,0.96
2007-07-01,2007,7,Soybean oil,Oils & Meals,($/mt),887.0,6.1,17.64,40.79,81.02,0.88
2007-08-01,2007,8,Soybean oil,Oils & Meals,($/mt),922.0,3.95,16.86,45.89,83.3,0.26
2007-09-01,2007,9,Soybean oil,Oils & Meals,($/mt),977.0,5.97,16.87,62.29,93.08,0.73
2007-10-01,2007,10,Soybean oil,Oils & Meals,($/mt),1008.0,3.17,13.64,63.9,90.55,-0.36
2007-11-01,2007,11,Soybean oil,Oils & Meals,($/mt),1142.0,13.29,23.86,68.93,96.22,3.36
2007-12-01,2007,12,Soybean oil,Oils & Meals,($/mt),1188.0,4.03,21.6,70.2,101.02,-0.14
2008-01-01,2008,1,Soybean oil,Oils & Meals,($/mt),1280.0,7.74,26.98,83.64,136.6,0.93
2008-02-01,2008,2,Soybean oil,Oils & Meals,($/mt),1414.0,10.47,23.82,97.76,170.88,1.66
2008-03-01,2008,3,Soybean oil,Oils & Meals,($/mt),1489.0,5.3,25.34,107.09,184.7,-0.18
2008-04-01,2008,4,Soybean oil,Oils & Meals,($/mt),1422.0,-4.5,11.09,88.59,162.85,-3.67
2008-05-01,2008,5,Soybean oil,Oils & Meals,($/mt),1438.0,1.13,1.7,82.26,161.93,-1.02
2008-06-01,2008,6,Soybean oil,Oils & Meals,($/mt),1535.0,6.75,3.09,83.61,181.14,0.34
2008-07-01,2008,7,Soybean oil,Oils & Meals,($/mt),1507.0,-1.82,5.98,69.9,183.8,-1.58
2008-08-01,2008,8,Soybean oil,Oils & Meals,($/mt),1330.0,-11.75,-7.51,44.25,157.75,-3.33
2008-09-01,2008,9,Soybean oil,Oils & Meals,($/mt),1201.0,-9.7,-21.76,22.93,115.23,-1.91
2008-10-01,2008,10,Soybean oil,Oils & Meals,($/mt),943.0,-21.48,-37.43,-6.45,55.1,-3.05
2008-11-01,2008,11,Soybean oil,Oils & Meals,($/mt),826.0,-12.41,-37.89,-27.67,30.9,-1.21
2008-12-01,2008,12,Soybean oil,Oils & Meals,($/mt),746.0,-9.69,-37.89,-37.21,17.11,-0.76
2009-01-01,2009,1,Soybean oil,Oils & Meals,($/mt),790.0,5.9,-16.22,-38.28,20.24,0.93
2009-02-01,2009,2,Soybean oil,Oils & Meals,($/mt),748.0,-5.32,-9.44,-47.1,9.68,-0.19
2009-03-01,2009,3,Soybean oil,Oils & Meals,($/mt),731.0,-2.27,-2.01,-50.91,6.1,0.29
2009-04-01,2009,4,Soybean oil,Oils & Meals,($/mt),809.0,10.67,2.41,-43.11,20.39,1.98
2009-05-01,2009,5,Soybean oil,Oils & Meals,($/mt),890.0,10.01,18.98,-38.11,41.72,1.51
2009-06-01,2009,6,Soybean oil,Oils & Meals,($/mt),893.0,0.34,22.16,-41.82,53.44,0.37
2009-07-01,2009,7,Soybean oil,Oils & Meals,($/mt),846.0,-5.26,4.57,-43.86,39.83,-0.13
2009-08-01,2009,8,Soybean oil,Oils & Meals,($/mt),903.0,6.74,1.46,-32.11,49.26,1.13
2009-09-01,2009,9,Soybean oil,Oils & Meals,($/mt),858.0,-4.98,-3.92,-28.56,42.52,-0.23
2009-10-01,2009,10,Soybean oil,Oils & Meals,($/mt),897.0,4.55,6.03,-4.88,53.86,0.71
2009-11-01,2009,11,Soybean oil,Oils & Meals,($/mt),932.0,3.9,3.21,12.83,66.13,0.53
2009-12-01,2009,12,Soybean oil,Oils & Meals,($/mt),940.0,0.86,9.56,26.01,70.29,-0.05
2010-01-01,2010,1,Soybean oil,Oils & Meals,($/mt),921.0,-2.02,2.68,16.58,77.12,-0.71
2010-02-01,2010,2,Soybean oil,Oils & Meals,($/mt),909.0,-1.3,-2.47,21.52,83.27,-0.48
2010-03-01,2010,3,Soybean oil,Oils & Meals,($/mt),911.0,0.22,-3.09,24.62,67.46,-0.29
2010-04-01,2010,4,Soybean oil,Oils & Meals,($/mt),903.0,-0.88,-1.95,11.62,65.38,-0.54
2010-05-01,2010,5,Soybean oil,Oils & Meals,($/mt),859.0,-4.87,-5.5,-3.48,59.67,-1.29
2010-06-01,2010,6,Soybean oil,Oils & Meals,($/mt),860.0,0.12,-5.6,-3.7,53.57,0.09
2010-07-01,2010,7,Soybean oil,Oils & Meals,($/mt),911.0,5.93,0.89,7.68,62.39,1.6
2010-08-01,2010,8,Soybean oil,Oils & Meals,($/mt),998.0,9.55,16.18,10.52,81.45,2.28
2010-09-01,2010,9,Soybean oil,Oils & Meals,($/mt),1035.0,3.71,20.35,20.63,89.91,0.64
2010-10-01,2010,10,Soybean oil,Oils & Meals,($/mt),1147.0,10.82,25.91,27.87,98.1,2.3
2010-11-01,2010,11,Soybean oil,Oils & Meals,($/mt),1232.0,7.41,23.45,32.19,120.39,1.11
2010-12-01,2010,12,Soybean oil,Oils & Meals,($/mt),1325.0,7.55,28.02,40.96,146.28,1.03
2011-01-01,2011,1,Soybean oil,Oils & Meals,($/mt),1366.0,3.09,19.09,48.32,154.85,0.01
2011-02-01,2011,2,Soybean oil,Oils & Meals,($/mt),1360.0,-0.44,10.39,49.61,155.16,-0.8
2011-03-01,2011,3,Soybean oil,Oils & Meals,($/mt),1307.0,-3.9,-1.36,43.47,141.59,-1.54
2011-04-01,2011,4,Soybean oil,Oils & Meals,($/mt),1310.0,0.23,-4.1,45.07,142.59,-0.57
2011-05-01,2011,5,Soybean oil,Oils & Meals,($/mt),1296.0,-1.07,-4.71,50.87,120.41,-0.84
2011-06-01,2011,6,Soybean oil,Oils & Meals,($/mt),1319.0,1.77,0.92,53.37,119.47,-0.39
2011-07-01,2011,7,Soybean oil,Oils & Meals,($/mt),1337.0,1.36,2.06,46.76,112.22,-0.51
2011-08-01,2011,8,Soybean oil,Oils & Meals,($/mt),1328.0,-0.67,2.47,33.07,110.13,-0.88
2011-09-01,2011,9,Soybean oil,Oils & Meals,($/mt),1308.0,-1.51,-0.83,26.38,117.28,-0.94
2011-10-01,2011,10,Soybean oil,Oils & Meals,($/mt),1223.0,-6.5,-8.53,6.63,98.86,-1.95
2011-11-01,2011,11,Soybean oil,Oils & Meals,($/mt),1214.0,-0.74,-8.58,-1.46,79.59,-0.33
2011-12-01,2011,12,Soybean oil,Oils & Meals,($/mt),1203.0,-0.91,-8.03,-9.21,72.35,-0.24
2012-01-01,2012,1,Soybean oil,Oils & Meals,($/mt),1216.0,1.08,-0.57,-10.98,74.46,0.73
2012-02-01,2012,2,Soybean oil,Oils & Meals,($/mt),1249.0,2.71,2.88,-8.16,74.69,1.58
2012-03-01,2012,3,Soybean oil,Oils & Meals,($/mt),1285.0,2.88,6.82,-1.68,78.72,1.4
2012-04-01,2012,4,Soybean oil,Oils & Meals,($/mt),1309.0,1.87,7.65,-0.08,73.61,0.79
2012-05-01,2012,5,Soybean oil,Oils & Meals,($/mt),1221.0,-6.72,-2.24,-5.79,54.75,-2.62
2012-06-01,2012,6,Soybean oil,Oils & Meals,($/mt),1182.0,-3.19,-8.02,-10.39,41.39,-0.85
2012-07-01,2012,7,Soybean oil,Oils & Meals,($/mt),1239.0,4.82,-5.35,-7.33,39.68,1.76
2012-08-01,2012,8,Soybean oil,Oils & Meals,($/mt),1250.0,0.89,2.38,-5.87,35.57,0.41
2012-09-01,2012,9,Soybean oil,Oils & Meals,($/mt),1281.0,2.48,8.38,-2.06,31.12,0.81
2012-10-01,2012,10,Soybean oil,Oils & Meals,($/mt),1178.0,-8.04,-4.92,-3.68,16.87,-2.15
2012-11-01,2012,11,Soybean oil,Oils & Meals,($/mt),1138.0,-3.4,-8.96,-6.26,-0.35,-0.8
2012-12-01,2012,12,Soybean oil,Oils & Meals,($/mt),1159.0,1.85,-9.52,-3.66,-2.44,0.57
2013-01-01,2013,1,Soybean oil,Oils & Meals,($/mt),1192.0,2.85,1.19,-1.97,-6.87,0.75
2013-02-01,2013,2,Soybean oil,Oils & Meals,($/mt),1173.0,-1.59,3.08,-6.08,-17.04,-0.36
2013-03-01,2013,3,Soybean oil,Oils & Meals,($/mt),1117.0,-4.77,-3.62,-13.07,-24.98,-1.06
2013-04-01,2013,4,Soybean oil,Oils & Meals,($/mt),1095.0,-1.97,-8.14,-16.35,-23.0,-0.21
2013-05-01,2013,5,Soybean oil,Oils & Meals,($/mt),1073.0,-2.01,-8.53,-12.12,-25.38,-0.15
2013-06-01,2013,6,Soybean oil,Oils & Meals,($/mt),1038.0,-3.26,-7.07,-12.18,-32.38,-0.61
2013-07-01,2013,7,Soybean oil,Oils & Meals,($/mt),990.0,-4.62,-9.59,-20.1,-34.31,-0.98
2013-08-01,2013,8,Soybean oil,Oils & Meals,($/mt),995.0,0.51,-7.27,-20.4,-25.19,0.7
2013-09-01,2013,9,Soybean oil,Oils & Meals,($/mt),1020.0,2.51,-1.73,-20.37,-15.07,1.32
2013-10-01,2013,10,Soybean oil,Oils & Meals,($/mt),991.0,-2.84,0.1,-15.87,5.09,-0.31
2013-11-01,2013,11,Soybean oil,Oils & Meals,($/mt),990.0,-0.1,-0.5,-13.01,19.85,0.48
2013-12-01,2013,12,Soybean oil,Oils & Meals,($/mt),991.0,0.1,-2.84,-14.5,32.84,0.46
2014-01-01,2014,1,Soybean oil,Oils & Meals,($/mt),942.0,-4.94,-4.94,-20.97,19.24,-1.47
2014-02-01,2014,2,Soybean oil,Oils & Meals,($/mt),971.0,3.08,-1.92,-17.22,29.81,2.13
2014-03-01,2014,3,Soybean oil,Oils & Meals,($/mt),997.0,2.68,0.61,-10.74,36.39,1.53
2014-04-01,2014,4,Soybean oil,Oils & Meals,($/mt),1002.0,0.5,6.37,-8.49,23.86,0.5
2014-05-01,2014,5,Soybean oil,Oils & Meals,($/mt),962.0,-3.99,-0.93,-10.34,8.09,-1.18
2014-06-01,2014,6,Soybean oil,Oils & Meals,($/mt),926.0,-3.74,-7.12,-10.79,3.7,-0.98
2014-07-01,2014,7,Soybean oil,Oils & Meals,($/mt),897.0,-3.13,-10.48,-9.39,6.03,-0.75
2014-08-01,2014,8,Soybean oil,Oils & Meals,($/mt),862.0,-3.9,-10.4,-13.37,-4.54,-1.1
2014-09-01,2014,9,Soybean oil,Oils & Meals,($/mt),840.0,-2.55,-9.29,-17.65,-2.1,-0.48
2014-10-01,2014,10,Soybean oil,Oils & Meals,($/mt),833.0,-0.83,-7.13,-15.94,-7.13,0.27
2014-11-01,2014,11,Soybean oil,Oils & Meals,($/mt),826.0,-0.84,-4.18,-16.57,-11.37,0.21
2014-12-01,2014,12,Soybean oil,Oils & Meals,($/mt),815.0,-1.33,-2.98,-17.76,-13.3,0.05
2015-01-01,2015,1,Soybean oil,Oils & Meals,($/mt),797.0,-2.21,-4.32,-15.39,-13.46,-0.24
2015-02-01,2015,2,Soybean oil,Oils & Meals,($/mt),763.0,-4.27,-7.63,-21.42,-16.06,-1.2
2015-03-01,2015,3,Soybean oil,Oils & Meals,($/mt),750.0,-1.7,-7.98,-24.77,-17.67,0.13
2015-04-01,2015,4,Soybean oil,Oils & Meals,($/mt),748.0,-0.27,-6.15,-25.35,-17.17,1.36
2015-05-01,2015,5,Soybean oil,Oils & Meals,($/mt),785.0,4.95,2.88,-18.4,-8.61,5.22
2015-06-01,2015,6,Soybean oil,Oils & Meals,($/mt),788.0,0.38,5.07,-14.9,-8.37,0.83
2015-07-01,2015,7,Soybean oil,Oils & Meals,($/mt),752.0,-4.57,0.53,-16.16,-17.45,-1.34
2015-08-01,2015,8,Soybean oil,Oils & Meals,($/mt),728.0,-3.19,-7.26,-15.55,-27.05,-0.69
2015-09-01,2015,9,Soybean oil,Oils & Meals,($/mt),720.0,-1.1,-8.63,-14.29,-30.43,0.11
2015-10-01,2015,10,Soybean oil,Oils & Meals,($/mt),743.0,3.19,-1.2,-10.8,-35.22,1.79
2015-11-01,2015,11,Soybean oil,Oils & Meals,($/mt),727.0,-2.15,-0.14,-11.99,-40.99,-0.44
2015-12-01,2015,12,Soybean oil,Oils & Meals,($/mt),766.0,5.36,6.39,-6.01,-42.19,2.27
2016-01-01,2016,1,Soybean oil,Oils & Meals,($/mt),736.0,-3.92,-0.94,-7.65,-46.12,-1.03
2016-02-01,2016,2,Soybean oil,Oils & Meals,($/mt),767.0,4.21,5.5,0.52,-43.6,1.39
2016-03-01,2016,3,Soybean oil,Oils & Meals,($/mt),766.0,-0.13,0.0,2.13,-41.39,-0.07
2016-04-01,2016,4,Soybean oil,Oils & Meals,($/mt),794.0,3.66,7.88,6.15,-39.39,0.98
2016-05-01,2016,5,Soybean oil,Oils & Meals,($/mt),796.0,0.25,3.78,1.4,-38.58,-0.08
2016-06-01,2016,6,Soybean oil,Oils & Meals,($/mt),800.0,0.5,4.44,1.52,-39.35,0.1
2016-07-01,2016,7,Soybean oil,Oils & Meals,($/mt),797.0,-0.38,0.38,5.98,-40.39,-0.17
2016-08-01,2016,8,Soybean oil,Oils & Meals,($/mt),824.0,3.39,3.52,13.19,-37.95,0.96
2016-09-01,2016,9,Soybean oil,Oils & Meals,($/mt),837.0,1.58,4.62,16.25,-36.01,0.18
2016-10-01,2016,10,Soybean oil,Oils & Meals,($/mt),861.0,2.87,8.03,15.88,-29.6,0.57
2016-11-01,2016,11,Soybean oil,Oils & Meals,($/mt),885.0,2.79,7.4,21.73,-27.1,0.55
2016-12-01,2016,12,Soybean oil,Oils & Meals,($/mt),917.0,3.62,9.56,19.71,-23.77,0.76
2017-01-01,2017,1,Soybean oil,Oils & Meals,($/mt),877.0,-4.36,1.86,19.16,-27.88,-2.49
2017-02-01,2017,2,Soybean oil,Oils & Meals,($/mt),840.0,-4.22,-5.08,9.52,-32.75,-2.32
2017-03-01,2017,3,Soybean oil,Oils & Meals,($/mt),815.0,-2.98,-11.12,6.4,-36.58,-1.35
2017-04-01,2017,4,Soybean oil,Oils & Meals,($/mt),794.0,-2.58,-9.46,0.0,-39.34,-1.05
2017-05-01,2017,5,Soybean oil,Oils & Meals,($/mt),825.0,3.9,-1.79,3.64,-32.43,1.31
2017-06-01,2017,6,Soybean oil,Oils & Meals,($/mt),833.0,0.97,2.21,4.13,-29.53,0.2
2017-07-01,2017,7,Soybean oil,Oils & Meals,($/mt),836.0,0.36,5.29,4.89,-32.53,-0.01
2017-08-01,2017,8,Soybean oil,Oils & Meals,($/mt),862.0,3.11,4.48,4.61,-31.04,0.85
2017-09-01,2017,9,Soybean oil,Oils & Meals,($/mt),889.0,3.13,6.72,6.21,-30.6,0.87
2017-10-01,2017,10,Soybean oil,Oils & Meals,($/mt),881.0,-0.9,5.38,2.32,-25.21,-0.45
2017-11-01,2017,11,Soybean oil,Oils & Meals,($/mt),887.0,0.68,2.9,0.23,-22.06,0.14
2017-12-01,2017,12,Soybean oil,Oils & Meals,($/mt),867.0,-2.25,-2.47,-5.45,-25.19,-0.76
2018-01-01,2018,1,Soybean oil,Oils & Meals,($/mt),871.0,0.46,-1.14,-0.68,-26.93,0.31
2018-02-01,2018,2,Soybean oil,Oils & Meals,($/mt),844.0,-3.1,-4.85,0.48,-28.05,-1.17
2018-03-01,2018,3,Soybean oil,Oils & Meals,($/mt),837.0,-0.83,-3.46,2.7,-25.07,-0.36
2018-04-01,2018,4,Soybean oil,Oils & Meals,($/mt),832.0,-0.6,-4.48,4.79,-24.02,-0.37
2018-05-01,2018,5,Soybean oil,Oils & Meals,($/mt),793.0,-4.69,-6.04,-3.88,-26.1,-2.37
2018-06-01,2018,6,Soybean oil,Oils & Meals,($/mt),789.0,-0.5,-5.73,-5.28,-23.99,-0.09
2018-07-01,2018,7,Soybean oil,Oils & Meals,($/mt),780.0,-1.14,-6.25,-6.7,-21.21,-0.31
2018-08-01,2018,8,Soybean oil,Oils & Meals,($/mt),762.0,-2.31,-3.91,-11.6,-23.42,-0.77
2018-09-01,2018,9,Soybean oil,Oils & Meals,($/mt),754.0,-1.05,-4.44,-15.19,-26.08,-0.02
2018-10-01,2018,10,Soybean oil,Oils & Meals,($/mt),752.0,-0.27,-3.59,-14.64,-24.12,0.72
2018-11-01,2018,11,Soybean oil,Oils & Meals,($/mt),729.0,-3.06,-4.33,-17.81,-26.36,-1.14
2018-12-01,2018,12,Soybean oil,Oils & Meals,($/mt),728.0,-0.14,-3.45,-16.03,-26.54,0.99
2019-01-01,2019,1,Soybean oil,Oils & Meals,($/mt),748.0,2.75,-0.53,-14.12,-20.59,2.74
2019-02-01,2019,2,Soybean oil,Oils & Meals,($/mt),773.0,3.34,6.04,-8.41,-20.39,2.44
2019-03-01,2019,3,Soybean oil,Oils & Meals,($/mt),750.0,-2.98,3.02,-10.39,-24.77,-1.03
2019-04-01,2019,4,Soybean oil,Oils & Meals,($/mt),734.0,-2.13,-1.87,-11.78,-26.75,-0.54
2019-05-01,2019,5,Soybean oil,Oils & Meals,($/mt),743.0,1.23,-3.88,-6.31,-22.77,0.97
2019-06-01,2019,6,Soybean oil,Oils & Meals,($/mt),743.0,0.0,-0.93,-5.83,-19.76,0.25
2019-07-01,2019,7,Soybean oil,Oils & Meals,($/mt),748.0,0.67,1.91,-4.1,-16.61,0.55
2019-08-01,2019,8,Soybean oil,Oils & Meals,($/mt),793.0,6.02,6.73,4.07,-8.0,3.02
2019-09-01,2019,9,Soybean oil,Oils & Meals,($/mt),779.0,-1.77,4.85,3.32,-7.26,-0.79
2019-10-01,2019,10,Soybean oil,Oils & Meals,($/mt),771.0,-1.03,3.07,2.53,-7.44,-0.49
2019-11-01,2019,11,Soybean oil,Oils & Meals,($/mt),770.0,-0.13,-2.9,5.62,-6.78,-0.14
2019-12-01,2019,12,Soybean oil,Oils & Meals,($/mt),834.0,8.31,7.06,14.56,2.33,3.07
2020-01-01,2020,1,Soybean oil,Oils & Meals,($/mt),876.0,5.04,13.62,17.11,9.91,1.13
2020-02-01,2020,2,Soybean oil,Oils & Meals,($/mt),800.0,-8.68,3.9,3.49,4.85,-2.83
2020-03-01,2020,3,Soybean oil,Oils & Meals,($/mt),748.0,-6.5,-10.31,-0.27,-0.27,-1.53
2020-04-01,2020,4,Soybean oil,Oils & Meals,($/mt),680.0,-9.09,-22.37,-7.36,-9.09,-1.89
2020-05-01,2020,5,Soybean oil,Oils & Meals,($/mt),685.0,0.74,-14.38,-7.81,-12.74,0.22
2020-06-01,2020,6,Soybean oil,Oils & Meals,($/mt),756.0,10.36,1.07,1.75,-4.06,1.98
2020-07-01,2020,7,Soybean oil,Oils & Meals,($/mt),821.0,8.6,20.74,9.76,9.18,1.3
2020-08-01,2020,8,Soybean oil,Oils & Meals,($/mt),867.0,5.6,26.57,9.33,19.09,0.68
2020-09-01,2020,9,Soybean oil,Oils & Meals,($/mt),906.0,4.5,19.84,16.3,25.83,0.52
2020-10-01,2020,10,Soybean oil,Oils & Meals,($/mt),915.0,0.99,11.45,18.68,23.15,-0.07
2020-11-01,2020,11,Soybean oil,Oils & Meals,($/mt),974.0,6.45,12.34,26.49,33.98,0.71
2020-12-01,2020,12,Soybean oil,Oils & Meals,($/mt),1026.0,5.34,13.25,23.02,33.94,0.46
2021-01-01,2021,1,Soybean oil,Oils & Meals,($/mt),1099.0,7.12,20.11,25.46,49.32,0.78
2021-02-01,2021,2,Soybean oil,Oils & Meals,($/mt),1124.0,2.27,15.4,40.5,46.54,0.02
2021-03-01,2021,3,Soybean oil,Oils & Meals,($/mt),1285.0,14.32,25.24,71.79,67.75,1.93
2021-04-01,2021,4,Soybean oil,Oils & Meals,($/mt),1386.0,7.86,26.11,103.82,74.56,0.53
2021-05-01,2021,5,Soybean oil,Oils & Meals,($/mt),1575.0,13.64,40.12,129.93,97.86,1.9
2021-06-01,2021,6,Soybean oil,Oils & Meals,($/mt),1518.0,-3.62,18.13,100.79,89.75,-2.68
2021-07-01,2021,7,Soybean oil,Oils & Meals,($/mt),1468.0,-3.29,5.92,78.81,84.19,-1.88
2021-08-01,2021,8,Soybean oil,Oils & Meals,($/mt),1434.0,-2.32,-8.95,65.4,74.03,-1.33
2021-09-01,2021,9,Soybean oil,Oils & Meals,($/mt),1399.0,-2.44,-7.84,54.42,67.14,-1.15
2021-10-01,2021,10,Soybean oil,Oils & Meals,($/mt),1484.0,6.08,1.09,62.19,72.36,0.35
2021-11-01,2021,11,Soybean oil,Oils & Meals,($/mt),1443.0,-2.76,0.63,48.15,63.05,-1.13
2021-12-01,2021,12,Soybean oil,Oils & Meals,($/mt),1411.0,-2.22,0.86,37.52,53.87,-0.88
2022-01-01,2022,1,Soybean oil,Oils & Meals,($/mt),1470.0,4.18,-0.94,33.76,67.62,0.19
2022-02-01,2022,2,Soybean oil,Oils & Meals,($/mt),1596.0,8.57,10.6,41.99,90.0,0.9
2022-03-01,2022,3,Soybean oil,Oils & Meals,($/mt),1957.0,22.62,38.7,52.3,140.12,2.86
2022-04-01,2022,4,Soybean oil,Oils & Meals,($/mt),1948.0,-0.46,32.52,40.55,145.34,-0.52
2022-05-01,2022,5,Soybean oil,Oils & Meals,($/mt),1963.0,0.77,22.99,24.63,137.94,-0.29
2022-06-01,2022,6,Soybean oil,Oils & Meals,($/mt),1752.0,-10.75,-10.48,15.42,110.32,-1.69
2022-07-01,2022,7,Soybean oil,Oils & Meals,($/mt),1533.0,-12.5,-21.3,4.43,83.37,-1.68
2022-08-01,2022,8,Soybean oil,Oils & Meals,($/mt),1599.0,4.31,-18.54,11.51,85.5,0.39
2022-09-01,2022,9,Soybean oil,Oils & Meals,($/mt),1548.0,-3.19,-11.64,10.65,74.13,-0.49
2022-10-01,2022,10,Soybean oil,Oils & Meals,($/mt),1576.0,1.81,2.8,6.2,78.89,0.06
2022-11-01,2022,11,Soybean oil,Oils & Meals,($/mt),1652.0,4.82,3.31,14.48,86.25,0.43
2022-12-01,2022,12,Soybean oil,Oils & Meals,($/mt),1409.0,-14.71,-8.98,-0.14,62.51,-1.78
2023-01-01,2023,1,Soybean oil,Oils & Meals,($/mt),1352.0,-4.05,-14.21,-8.03,55.22,-0.44
2023-02-01,2023,2,Soybean oil,Oils & Meals,($/mt),1243.0,-8.06,-24.76,-22.12,47.27,-0.77
2023-03-01,2023,3,Soybean oil,Oils & Meals,($/mt),1113.0,-10.46,-21.01,-43.13,32.97,-0.88
2023-04-01,2023,4,Soybean oil,Oils & Meals,($/mt),1030.0,-7.46,-23.82,-47.13,23.8,-0.46
2023-05-01,2023,5,Soybean oil,Oils & Meals,($/mt),988.0,-4.08,-20.51,-49.67,24.59,0.13
2023-06-01,2023,6,Soybean oil,Oils & Meals,($/mt),1007.0,1.92,-9.52,-42.52,27.63,1.12
2023-07-01,2023,7,Soybean oil,Oils & Meals,($/mt),1136.0,12.81,10.29,-25.9,45.64,2.61
2023-08-01,2023,8,Soybean oil,Oils & Meals,($/mt),1127.0,-0.79,14.07,-29.52,47.9,0.18
2023-09-01,2023,9,Soybean oil,Oils & Meals,($/mt),1112.0,-1.33,10.43,-28.17,47.48,0.17
2023-10-01,2023,10,Soybean oil,Oils & Meals,($/mt),1134.0,1.98,-0.18,-28.05,50.8,0.6
2023-11-01,2023,11,Soybean oil,Oils & Meals,($/mt),1118.0,-1.41,-0.8,-32.32,53.36,0.14
2023-12-01,2023,12,Soybean oil,Oils & Meals,($/mt),1062.0,-5.01,-4.5,-24.63,45.88,-0.29
2024-01-01,2024,1,Soybean oil,Oils & Meals,($/mt),971.0,-8.57,-14.37,-28.18,29.81,-1.05
2024-02-01,2024,2,Soybean oil,Oils & Meals,($/mt),912.0,-6.08,-18.43,-26.63,17.98,-0.56
2024-03-01,2024,3,Soybean oil,Oils & Meals,($/mt),965.0,5.81,-9.13,-13.3,28.67,1.32
2024-04-01,2024,4,Soybean oil,Oils & Meals,($/mt),959.0,-0.62,-1.24,-6.89,30.65,0.07
2024-05-01,2024,5,Soybean oil,Oils & Meals,($/mt),988.0,3.02,8.33,0.0,32.97,0.61
2024-06-01,2024,6,Soybean oil,Oils & Meals,($/mt),1011.0,2.33,4.77,0.4,36.07,0.38
2024-07-01,2024,7,Soybean oil,Oils & Meals,($/mt),1079.0,6.73,12.51,-5.02,44.25,1.15
2024-08-01,2024,8,Soybean oil,Oils & Meals,($/mt),1031.0,-4.45,4.35,-8.52,30.01,-0.89
2024-09-01,2024,9,Soybean oil,Oils & Meals,($/mt),1044.0,1.26,3.26,-6.12,34.02,0.4
2024-10-01,2024,10,Soybean oil,Oils & Meals,($/mt),1095.0,4.89,1.48,-3.44,42.02,1.1
2024-11-01,2024,11,Soybean oil,Oils & Meals,($/mt),1145.0,4.57,11.06,2.42,48.7,0.95
2024-12-01,2024,12,Soybean oil,Oils & Meals,($/mt),1064.0,-7.07,1.92,0.19,27.58,-1.43
2025-01-01,2025,1,Soybean oil,Oils & Meals,($/mt),1048.0,-1.5,-4.29,7.93,19.63,-0.31
2025-02-01,2025,2,Soybean oil,Oils & Meals,($/mt),1069.0,2.0,-6.64,17.21,33.62,0.27
2025-03-01,2025,3,Soybean oil,Oils & Meals,($/mt),1011.0,-5.43,-4.98,4.77,35.16,-1.64
2025-04-01,2025,4,Soybean oil,Oils & Meals,($/mt),1120.0,10.78,6.87,16.79,64.71,2.36
2025-05-01,2025,5,Soybean oil,Oils & Meals,($/mt),1163.0,3.84,8.79,17.71,69.78,0.46
2025-06-01,2025,6,Soybean oil,Oils & Meals,($/mt),1178.0,1.29,16.52,16.52,55.82,-0.04
2025-07-01,2025,7,Soybean oil,Oils & Meals,($/mt),1307.0,10.95,16.7,21.13,59.2,1.81
2025-08-01,2025,8,Soybean oil,Oils & Meals,($/mt),1245.0,-4.74,7.05,20.76,43.6,-1.13
2025-09-01,2025,9,Soybean oil,Oils & Meals,($/mt),1159.0,-6.91,-1.61,11.02,27.92,-1.49
2025-10-01,2025,10,Soybean oil,Oils & Meals,($/mt),1132.0,-2.33,-13.39,3.38,23.72,-0.54
2025-11-01,2025,11,Soybean oil,Oils & Meals,($/mt),1128.0,-0.35,-9.4,-1.48,15.81,-0.13
2025-12-01,2025,12,Soybean oil,Oils & Meals,($/mt),1116.0,-1.06,-3.71,4.89,8.77,-0.18
2026-01-01,2026,1,Soybean oil,Oils & Meals,($/mt),1154.0,3.41,1.94,10.11,5.0,0.5
2026-02-01,2026,2,Soybean oil,Oils & Meals,($/mt),1282.0,11.09,13.65,19.93,14.06,1.76
2026-03-01,2026,3,Soybean oil,Oils & Meals,($/mt),1493.0,16.46,33.78,47.68,16.19,2.28
2026-04-01,2026,4,Soybean oil,Oils & Meals,($/mt),1643.0,10.05,42.37,46.7,18.54,0.89
2026-05-01,2026,5,Soybean oil,Oils & Meals,($/mt),1781.0,8.4,38.92,53.14,13.08,0.68
2026-06-01,2026,6,Soybean oil,Oils & Meals,($/mt),1740.0,-2.3,16.54,47.71,14.62,-0.84
2026-07-01,2026,7,Soybean oil,Oils & Meals,($/mt),1658.0,-4.71,0.91,26.86,12.94,-1.09
2026-08-01,2026,8,Soybean oil,Oils & Meals,($/mt),1639.0,-1.15,-7.97,31.65,14.3,-0.45
2026-09-01,2026,9,Soybean oil,Oils & Meals,($/mt),1615.0,-1.46,-7.18,39.34,15.44,-0.55
1960-01-01,1960,1,Soybeans,Oils & Meals,($/mt),94.0,,,,,
1960-02-01,1960,2,Soybeans,Oils & Meals,($/mt),91.0,-3.19,,,,
1960-03-01,1960,3,Soybeans,Oils & Meals,($/mt),92.0,1.1,,,,
1960-04-01,1960,4,Soybeans,Oils & Meals,($/mt),93.0,1.09,-1.06,,,
1960-05-01,1960,5,Soybeans,Oils & Meals,($/mt),93.0,0.0,2.2,,,
1960-06-01,1960,6,Soybeans,Oils & Meals,($/mt),91.0,-2.15,-1.09,,,
1960-07-01,1960,7,Soybeans,Oils & Meals,($/mt),92.0,1.1,-1.08,,,
1960-08-01,1960,8,Soybeans,Oils & Meals,($/mt),93.0,1.09,0.0,,,0.76
1960-09-01,1960,9,Soybeans,Oils & Meals,($/mt),92.0,-1.08,1.1,,,-0.52
1960-10-01,1960,10,Soybeans,Oils & Meals,($/mt),88.0,-4.35,-4.35,,,-2.41
1960-11-01,1960,11,Soybeans,Oils & Meals,($/mt),90.0,2.27,-3.23,,,1.42
1960-12-01,1960,12,Soybeans,Oils & Meals,($/mt),93.0,3.33,1.09,,,1.71
1961-01-01,1961,1,Soybeans,Oils & Meals,($/mt),102.0,9.68,15.91,8.51,,4.12
1961-02-01,1961,2,Soybeans,Oils & Meals,($/mt),114.0,11.76,26.67,25.27,,3.06
1961-03-01,1961,3,Soybeans,Oils & Meals,($/mt),121.0,6.14,30.11,31.52,,0.91
1961-04-01,1961,4,Soybeans,Oils & Meals,($/mt),129.0,6.61,26.47,38.71,,0.89
1961-05-01,1961,5,Soybeans,Oils & Meals,($/mt),122.0,-5.43,7.02,31.18,,-1.71
1961-06-01,1961,6,Soybeans,Oils & Meals,($/mt),114.0,-6.56,-5.79,25.27,,-1.67
1961-07-01,1961,7,Soybeans,Oils & Meals,($/mt),112.0,-1.75,-13.18,21.74,,-0.65
1961-08-01,1961,8,Soybeans,Oils & Meals,($/mt),101.0,-9.82,-17.21,8.6,,-1.96
1961-09-01,1961,9,Soybeans,Oils & Meals,($/mt),98.0,-2.97,-14.04,6.52,,-0.57
1961-10-01,1961,10,Soybeans,Oils & Meals,($/mt),98.0,0.0,-12.5,11.36,,-0.11
1961-11-01,1961,11,Soybeans,Oils & Meals,($/mt),100.0,2.04,-0.99,11.11,,0.14
1961-12-01,1961,12,Soybeans,Oils & Meals,($/mt),101.0,1.0,3.06,8.6,,-0.01
1962-01-01,1962,1,Soybeans,Oils & Meals,($/mt),101.0,0.0,3.06,-0.98,,-0.13
1962-02-01,1962,2,Soybeans,Oils & Meals,($/mt),101.0,0.0,1.0,-11.4,,-0.01
1962-03-01,1962,3,Soybeans,Oils & Meals,($/mt),103.0,1.98,1.98,-14.88,,0.59
1962-04-01,1962,4,Soybeans,Oils & Meals,($/mt),104.0,0.97,2.97,-19.38,,0.5
1962-05-01,1962,5,Soybeans,Oils & Meals,($/mt),104.0,0.0,2.97,-14.75,,0.45
1962-06-01,1962,6,Soybeans,Oils & Meals,($/mt),102.0,-1.92,-0.97,-10.53,,-0.18
1962-07-01,1962,7,Soybeans,Oils & Meals,($/mt),101.0,-0.98,-2.88,-9.82,,-0.03
1962-08-01,1962,8,Soybeans,Oils & Meals,($/mt),95.0,-5.94,-8.65,-5.94,,-1.61
1962-09-01,1962,9,Soybeans,Oils & Meals,($/mt),95.0,0.0,-6.86,-3.06,,0.22
1962-10-01,1962,10,Soybeans,Oils & Meals,($/mt),97.0,2.11,-3.96,-1.02,,1.11
1962-11-01,1962,11,Soybeans,Oils & Meals,($/mt),101.0,4.12,6.32,1.0,,1.88
1962-12-01,1962,12,Soybeans,Oils & Meals,($/mt),102.0,0.99,7.37,0.99,,0.36
1963-01-01,1963,1,Soybeans,Oils & Meals,($/mt),107.0,4.9,10.31,5.94,,1.94
1963-02-01,1963,2,Soybeans,Oils & Meals,($/mt),110.0,2.8,8.91,8.91,,0.81
1963-03-01,1963,3,Soybeans,Oils & Meals,($/mt),109.0,-0.91,6.86,5.83,,-0.57
1963-04-01,1963,4,Soybeans,Oils & Meals,($/mt),107.0,-1.83,0.0,2.88,,-0.81
1963-05-01,1963,5,Soybeans,Oils & Meals,($/mt),109.0,1.87,-0.91,4.81,,0.53
1963-06-01,1963,6,Soybeans,Oils & Meals,($/mt),108.0,-0.92,-0.92,5.88,,-0.45
1963-07-01,1963,7,Soybeans,Oils & Meals,($/mt),109.0,0.93,1.87,7.92,,0.14
1963-08-01,1963,8,Soybeans,Oils & Meals,($/mt),106.0,-2.75,-2.75,11.58,,-1.18
1963-09-01,1963,9,Soybeans,Oils & Meals,($/mt),109.0,2.83,0.93,14.74,,0.8
1963-10-01,1963,10,Soybeans,Oils & Meals,($/mt),117.0,7.34,7.34,20.62,,2.58
1963-11-01,1963,11,Soybeans,Oils & Meals,($/mt),116.0,-0.85,9.43,14.85,,-0.83
1963-12-01,1963,12,Soybeans,Oils & Meals,($/mt),114.0,-1.72,4.59,11.76,,-0.99
1964-01-01,1964,1,Soybeans,Oils & Meals,($/mt),117.0,2.63,0.0,9.35,,0.54
1964-02-01,1964,2,Soybeans,Oils & Meals,($/mt),113.0,-3.42,-2.59,2.73,,-1.47
1964-03-01,1964,3,Soybeans,Oils & Meals,($/mt),111.0,-1.77,-2.63,1.83,,-0.67
1964-04-01,1964,4,Soybeans,Oils & Meals,($/mt),107.0,-3.6,-8.55,0.0,,-1.24
1964-05-01,1964,5,Soybeans,Oils & Meals,($/mt),105.0,-1.87,-7.08,-3.67,,-0.6
1964-06-01,1964,6,Soybeans,Oils & Meals,($/mt),104.0,-0.95,-6.31,-3.7,,-0.22
1964-07-01,1964,7,Soybeans,Oils & Meals,($/mt),102.0,-1.92,-4.67,-6.42,,-0.52
1964-08-01,1964,8,Soybeans,Oils & Meals,($/mt),104.0,1.96,-0.95,-1.89,,0.77
1964-09-01,1964,9,Soybeans,Oils & Meals,($/mt),110.0,5.77,5.77,0.92,,1.84
1964-10-01,1964,10,Soybeans,Oils & Meals,($/mt),114.0,3.64,11.76,-2.56,,0.99
1964-11-01,1964,11,Soybeans,Oils & Meals,($/mt),118.0,3.51,13.46,1.72,,1.24
1964-12-01,1964,12,Soybeans,Oils & Meals,($/mt),122.0,3.39,10.91,7.02,,1.02
1965-01-01,1965,1,Soybeans,Oils & Meals,($/mt),123.0,0.82,7.89,5.13,30.85,0.06
1965-02-01,1965,2,Soybeans,Oils & Meals,($/mt),128.0,4.07,8.47,13.27,40.66,1.15
1965-03-01,1965,3,Soybeans,Oils & Meals,($/mt),125.0,-2.34,2.46,12.61,35.87,-1.13
1965-04-01,1965,4,Soybeans,Oils & Meals,($/mt),123.0,-1.6,0.0,14.95,32.26,-0.85
1965-05-01,1965,5,Soybeans,Oils & Meals,($/mt),119.0,-3.25,-7.03,13.33,27.96,-1.56
1965-06-01,1965,6,Soybeans,Oils & Meals,($/mt),122.0,2.52,-2.4,17.31,34.07,0.47
1965-07-01,1965,7,Soybeans,Oils & Meals,($/mt),120.0,-1.64,-2.44,17.65,30.43,-1.02
1965-08-01,1965,8,Soybeans,Oils & Meals,($/mt),111.0,-7.5,-6.72,6.73,19.35,-3.02
1965-09-01,1965,9,Soybeans,Oils & Meals,($/mt),106.0,-4.5,-13.11,-3.64,15.22,-1.31
1965-10-01,1965,10,Soybeans,Oils & Meals,($/mt),104.0,-1.89,-13.33,-8.77,18.18,-0.43
1965-11-01,1965,11,Soybeans,Oils & Meals,($/mt),107.0,2.88,-3.6,-9.32,18.89,1.0
1965-12-01,1965,12,Soybeans,Oils & Meals,($/mt),113.0,5.61,6.6,-7.38,21.51,1.8
1966-01-01,1966,1,Soybeans,Oils & Meals,($/mt),120.0,6.19,15.38,-2.44,17.65,1.77
1966-02-01,1966,2,Soybeans,Oils & Meals,($/mt),122.0,1.67,14.02,-4.69,7.02,0.42
1966-03-01,1966,3,Soybeans,Oils & Meals,($/mt),120.0,-1.64,6.19,-4.0,-0.83,-0.32
1966-04-01,1966,4,Soybeans,Oils & Meals,($/mt),122.0,1.67,1.67,-0.81,-5.43,0.47
1966-05-01,1966,5,Soybeans,Oils & Meals,($/mt),125.0,2.46,2.46,5.04,2.46,0.6
1966-06-01,1966,6,Soybeans,Oils & Meals,($/mt),131.0,4.8,9.17,7.38,14.91,1.07
1966-07-01,1966,7,Soybeans,Oils & Meals,($/mt),139.0,6.11,13.93,15.83,24.11,1.3
1966-08-01,1966,8,Soybeans,Oils & Meals,($/mt),140.0,0.72,12.0,26.13,38.61,-0.14
1966-09-01,1966,9,Soybeans,Oils & Meals,($/mt),128.0,-8.57,-2.29,20.75,30.61,-3.09
1966-10-01,1966,10,Soybeans,Oils & Meals,($/mt),120.0,-6.25,-13.67,15.38,22.45,-1.87
1966-11-01,1966,11,Soybeans,Oils & Meals,($/mt),121.0,0.83,-13.57,13.08,21.0,-0.1
1966-12-01,1966,12,Soybeans,Oils & Meals,($/mt),121.0,0.0,-5.47,7.08,19.8,-0.24
1967-01-01,1967,1,Soybeans,Oils & Meals,($/mt),117.0,-3.31,-2.5,-2.5,15.84,-0.89
1967-02-01,1967,2,Soybeans,Oils & Meals,($/mt),117.0,0.0,-3.31,-4.1,15.84,0.03
1967-03-01,1967,3,Soybeans,Oils & Meals,($/mt),116.0,-0.85,-4.13,-3.33,12.62,-0.14
1967-04-01,1967,4,Soybeans,Oils & Meals,($/mt),116.0,0.0,-0.85,-4.92,11.54,0.05
1967-05-01,1967,5,Soybeans,Oils & Meals,($/mt),116.0,0.0,-0.85,-7.2,11.54,0.08
1967-06-01,1967,6,Soybeans,Oils & Meals,($/mt),117.0,0.86,0.86,-10.69,14.71,0.35
1967-07-01,1967,7,Soybeans,Oils & Meals,($/mt),115.0,-1.71,-0.86,-17.27,13.86,-0.22
1967-08-01,1967,8,Soybeans,Oils & Meals,($/mt),111.0,-3.48,-4.31,-20.71,16.84,-0.64
1967-09-01,1967,9,Soybeans,Oils & Meals,($/mt),111.0,0.0,-5.13,-13.28,16.84,0.63
1967-10-01,1967,10,Soybeans,Oils & Meals,($/mt),110.0,-0.9,-4.35,-8.33,13.4,0.12
1967-11-01,1967,11,Soybeans,Oils & Meals,($/mt),116.0,5.45,4.5,-4.13,14.85,4.28
1967-12-01,1967,12,Soybeans,Oils & Meals,($/mt),113.0,-2.59,1.8,-6.61,10.78,-0.99
1968-01-01,1968,1,Soybeans,Oils & Meals,($/mt),114.0,0.88,3.64,-2.56,6.54,0.61
1968-02-01,1968,2,Soybeans,Oils & Meals,($/mt),115.0,0.88,-0.86,-1.71,4.55,0.48
1968-03-01,1968,3,Soybeans,Oils & Meals,($/mt),116.0,0.87,2.65,0.0,6.42,0.44
1968-04-01,1968,4,Soybeans,Oils & Meals,($/mt),113.0,-2.59,-0.88,-2.59,5.61,-1.16
1968-05-01,1968,5,Soybeans,Oils & Meals,($/mt),114.0,0.88,-0.87,-1.72,4.59,0.46
1968-06-01,1968,6,Soybeans,Oils & Meals,($/mt),112.0,-1.75,-3.45,-4.27,3.7,-0.69
1968-07-01,1968,7,Soybeans,Oils & Meals,($/mt),111.0,-0.89,-1.77,-3.48,1.83,-0.23
1968-08-01,1968,8,Soybeans,Oils & Meals,($/mt),106.0,-4.5,-7.02,-4.5,0.0,-1.78
1968-09-01,1968,9,Soybeans,Oils & Meals,($/mt),105.0,-0.94,-6.25,-5.41,-3.67,-0.23
1968-10-01,1968,10,Soybeans,Oils & Meals,($/mt),104.0,-0.95,-6.31,-5.45,-11.11,-0.21
1968-11-01,1968,11,Soybeans,Oils & Meals,($/mt),109.0,4.81,2.83,-6.03,-6.03,2.08
1968-12-01,1968,12,Soybeans,Oils & Meals,($/mt),111.0,1.83,5.71,-1.77,-2.63,0.97
1969-01-01,1969,1,Soybeans,Oils & Meals,($/mt),111.0,0.0,6.73,-2.63,-5.13,0.05
1969-02-01,1969,2,Soybeans,Oils & Meals,($/mt),109.0,-1.8,0.0,-5.22,-3.54,-0.68
1969-03-01,1969,3,Soybeans,Oils & Meals,($/mt),111.0,1.83,0.0,-4.31,0.0,0.95
1969-04-01,1969,4,Soybeans,Oils & Meals,($/mt),110.0,-0.9,-0.9,-2.65,2.8,-0.23
1969-05-01,1969,5,Soybeans,Oils & Meals,($/mt),112.0,1.82,2.75,-1.75,6.67,0.86
1969-06-01,1969,6,Soybeans,Oils & Meals,($/mt),110.0,-1.79,-0.9,-1.79,5.77,-0.7
1969-07-01,1969,7,Soybeans,Oils & Meals,($/mt),102.0,-7.27,-7.27,-8.11,0.0,-2.98
1969-08-01,1969,8,Soybeans,Oils & Meals,($/mt),99.0,-2.94,-11.61,-6.6,-4.81,-0.72
1969-09-01,1969,9,Soybeans,Oils & Meals,($/mt),101.0,2.02,-8.18,-3.81,-8.18,0.84
1969-10-01,1969,10,Soybeans,Oils & Meals,($/mt),103.0,1.98,0.98,-0.96,-9.65,0.73
1969-11-01,1969,11,Soybeans,Oils & Meals,($/mt),107.0,3.88,8.08,-1.83,-9.32,1.24
1969-12-01,1969,12,Soybeans,Oils & Meals,($/mt),106.0,-0.93,4.95,-4.5,-13.11,-0.27
1970-01-01,1970,1,Soybeans,Oils & Meals,($/mt),107.0,0.94,3.88,-3.6,-13.01,0.43
1970-02-01,1970,2,Soybeans,Oils & Meals,($/mt),110.0,2.8,2.8,0.92,-14.06,1.02
1970-03-01,1970,3,Soybeans,Oils & Meals,($/mt),111.0,0.91,4.72,0.0,-11.2,0.26
1970-04-01,1970,4,Soybeans,Oils & Meals,($/mt),112.0,0.9,4.67,1.82,-8.94,0.28
1970-05-01,1970,5,Soybeans,Oils & Meals,($/mt),115.0,2.68,4.55,2.68,-3.36,0.82
1970-06-01,1970,6,Soybeans,Oils & Meals,($/mt),118.0,2.61,6.31,7.27,-3.28,0.76
1970-07-01,1970,7,Soybeans,Oils & Meals,($/mt),122.0,3.39,8.93,19.61,1.67,0.89
1970-08-01,1970,8,Soybeans,Oils & Meals,($/mt),120.0,-1.64,4.35,21.21,8.11,-1.64
1970-09-01,1970,9,Soybeans,Oils & Meals,($/mt),119.0,-0.83,0.85,17.82,12.26,-1.47
1970-10-01,1970,10,Soybeans,Oils & Meals,($/mt),123.0,3.36,0.82,19.42,18.27,1.09
1970-11-01,1970,11,Soybeans,Oils & Meals,($/mt),125.0,1.63,4.17,16.82,16.82,0.06
1970-12-01,1970,12,Soybeans,Oils & Meals,($/mt),121.0,-3.2,1.68,14.15,7.08,-2.6
1971-01-01,1971,1,Soybeans,Oils & Meals,($/mt),125.0,3.31,1.63,16.82,4.17,1.04
1971-02-01,1971,2,Soybeans,Oils & Meals,($/mt),125.0,0.0,0.0,13.64,2.46,-0.61
1971-03-01,1971,3,Soybeans,Oils & Meals,($/mt),124.0,-0.8,2.48,11.71,3.33,-0.88
1971-04-01,1971,4,Soybeans,Oils & Meals,($/mt),119.0,-4.03,-4.8,6.25,-2.46,-2.24
1971-05-01,1971,5,Soybeans,Oils & Meals,($/mt),122.0,2.52,-2.4,6.09,-2.4,0.75
1971-06-01,1971,6,Soybeans,Oils & Meals,($/mt),127.0,4.1,2.42,7.63,-3.05,1.35
1971-07-01,1971,7,Soybeans,Oils & Meals,($/mt),134.0,5.51,12.61,9.84,-3.6,1.75
1971-08-01,1971,8,Soybeans,Oils & Meals,($/mt),131.0,-2.24,7.38,9.17,-6.43,-1.01
1971-09-01,1971,9,Soybeans,Oils & Meals,($/mt),124.0,-5.34,-2.36,4.2,-3.12,-1.99
1971-10-01,1971,10,Soybeans,Oils & Meals,($/mt),125.0,0.81,-6.72,1.63,4.17,0.11
1971-11-01,1971,11,Soybeans,Oils & Meals,($/mt),125.0,0.0,-4.58,0.0,3.31,-0.06
1971-12-01,1971,12,Soybeans,Oils & Meals,($/mt),126.0,0.8,1.61,4.13,4.13,0.22
1972-01-01,1972,1,Soybeans,Oils & Meals,($/mt),125.0,-0.79,0.0,0.0,6.84,-0.37
1972-02-01,1972,2,Soybeans,Oils & Meals,($/mt),127.0,1.6,1.6,1.6,8.55,0.5
1972-03-01,1972,3,Soybeans,Oils & Meals,($/mt),135.0,6.3,7.14,8.87,16.38,1.95
1972-04-01,1972,4,Soybeans,Oils & Meals,($/mt),140.0,3.7,12.0,17.65,20.69,0.82
1972-05-01,1972,5,Soybeans,Oils & Meals,($/mt),140.0,0.0,10.24,14.75,20.69,-0.43
1972-06-01,1972,6,Soybeans,Oils & Meals,($/mt),138.0,-1.43,2.22,8.66,17.95,-0.79
1972-07-01,1972,7,Soybeans,Oils & Meals,($/mt),141.0,2.17,0.71,5.22,22.61,0.44
1972-08-01,1972,8,Soybeans,Oils & Meals,($/mt),141.0,0.0,0.71,7.63,27.03,-0.16
1972-09-01,1972,9,Soybeans,Oils & Meals,($/mt),135.0,-4.26,-2.17,8.87,21.62,-1.73
1972-10-01,1972,10,Soybeans,Oils & Meals,($/mt),136.0,0.74,-3.55,8.8,23.64,-0.0
1972-11-01,1972,11,Soybeans,Oils & Meals,($/mt),148.0,8.82,4.96,18.4,27.59,3.07
1972-12-01,1972,12,Soybeans,Oils & Meals,($/mt),174.0,17.57,28.89,38.1,53.98,4.6
1973-01-01,1973,1,Soybeans,Oils & Meals,($/mt),214.0,22.99,57.35,71.2,87.72,3.47
1973-02-01,1973,2,Soybeans,Oils & Meals,($/mt),259.0,21.03,75.0,103.94,125.22,2.01
1973-03-01,1973,3,Soybeans,Oils & Meals,($/mt),258.0,-0.39,48.28,91.11,122.41,-0.74
1973-04-01,1973,4,Soybeans,Oils & Meals,($/mt),260.0,0.78,21.5,85.71,130.09,-0.55
1973-05-01,1973,5,Soybeans,Oils & Meals,($/mt),358.0,37.69,38.22,155.71,214.04,3.36
1973-06-01,1973,6,Soybeans,Oils & Meals,($/mt),470.0,31.28,82.17,240.58,319.64,1.72
1973-07-01,1973,7,Soybeans,Oils & Meals,($/mt),330.0,-29.79,26.92,134.04,197.3,-2.93
1973-08-01,1973,8,Soybeans,Oils & Meals,($/mt),331.0,0.3,-7.54,134.75,212.26,-0.47
1973-09-01,1973,9,Soybeans,Oils & Meals,($/mt),266.0,-19.64,-43.4,97.04,153.33,-1.55
1973-10-01,1973,10,Soybeans,Oils & Meals,($/mt),245.0,-7.89,-25.76,80.15,135.58,-0.78
1973-11-01,1973,11,Soybeans,Oils & Meals,($/mt),239.0,-2.45,-27.79,61.49,119.27,-0.46
1973-12-01,1973,12,Soybeans,Oils & Meals,($/mt),254.0,6.28,-4.51,45.98,128.83,0.02
1974-01-01,1974,1,Soybeans,Oils & Meals,($/mt),261.0,2.76,6.53,21.96,135.14,-0.11
1974-02-01,1974,2,Soybeans,Oils & Meals,($/mt),271.0,3.83,13.39,4.63,148.62,0.03
1974-03-01,1974,3,Soybeans,Oils & Meals,($/mt),265.0,-2.21,4.33,2.71,138.74,-0.22
1974-04-01,1974,4,Soybeans,Oils & Meals,($/mt),235.0,-11.32,-9.96,-9.62,113.64,-0.71
1974-05-01,1974,5,Soybeans,Oils & Meals,($/mt),229.0,-2.55,-15.5,-36.03,104.46,-0.17
1974-06-01,1974,6,Soybeans,Oils & Meals,($/mt),228.0,-0.44,-13.96,-51.49,107.27,0.15
1974-07-01,1974,7,Soybeans,Oils & Meals,($/mt),276.0,21.05,17.45,-16.36,170.59,2.51
1974-08-01,1974,8,Soybeans,Oils & Meals,($/mt),320.0,15.94,39.74,-3.32,223.23,1.71
1974-09-01,1974,9,Soybeans,Oils & Meals,($/mt),303.0,-5.31,32.89,13.91,200.0,-0.5
1974-10-01,1974,10,Soybeans,Oils & Meals,($/mt),335.0,10.56,21.38,36.73,225.24,0.97
1974-11-01,1974,11,Soybeans,Oils & Meals,($/mt),312.0,-6.87,-2.5,30.54,191.59,-1.07
1974-12-01,1974,12,Soybeans,Oils & Meals,($/mt),288.0,-7.69,-4.95,13.39,171.7,-1.08
1975-01-01,1975,1,Soybeans,Oils & Meals,($/mt),256.0,-11.11,-23.58,-1.92,139.25,-1.27
1975-02-01,1975,2,Soybeans,Oils & Meals,($/mt),231.0,-9.77,-25.96,-14.76,110.0,-0.96
1975-03-01,1975,3,Soybeans,Oils & Meals,($/mt),226.0,-2.16,-21.53,-14.72,103.6,-0.12
1975-04-01,1975,4,Soybeans,Oils & Meals,($/mt),229.0,1.33,-10.55,-2.55,104.46,0.2
1975-05-01,1975,5,Soybeans,Oils & Meals,($/mt),208.0,-9.17,-9.96,-9.17,80.87,-0.91
1975-06-01,1975,6,Soybeans,Oils & Meals,($/mt),207.0,-0.48,-8.41,-9.21,75.42,-0.02
1975-07-01,1975,7,Soybeans,Oils & Meals,($/mt),224.0,8.21,-2.18,-18.84,83.61,0.8
1975-08-01,1975,8,Soybeans,Oils & Meals,($/mt),243.0,8.48,16.83,-24.06,102.5,1.12
1975-09-01,1975,9,Soybeans,Oils & Meals,($/mt),227.0,-6.58,9.66,-25.08,90.76,-0.6
1975-10-01,1975,10,Soybeans,Oils & Meals,($/mt),211.0,-7.05,-5.8,-37.01,71.54,-0.64
1975-11-01,1975,11,Soybeans,Oils & Meals,($/mt),192.0,-9.0,-20.99,-38.46,53.6,-0.81
1975-12-01,1975,12,Soybeans,Oils & Meals,($/mt),185.0,-3.65,-18.5,-35.76,52.89,0.02
1976-01-01,1976,1,Soybeans,Oils & Meals,($/mt),189.0,2.16,-10.43,-26.17,51.2,0.83
1976-02-01,1976,2,Soybeans,Oils & Meals,($/mt),191.0,1.06,-0.52,-17.32,52.8,0.52
1976-03-01,1976,3,Soybeans,Oils & Meals,($/mt),190.0,-0.52,2.7,-15.93,53.23,0.15
1976-04-01,1976,4,Soybeans,Oils & Meals,($/mt),190.0,0.0,0.53,-17.03,59.66,0.21
1976-05-01,1976,5,Soybeans,Oils & Meals,($/mt),210.0,10.53,9.95,0.96,72.13,1.99
1976-06-01,1976,6,Soybeans,Oils & Meals,($/mt),248.0,18.1,30.53,19.81,95.28,2.81
1976-07-01,1976,7,Soybeans,Oils & Meals,($/mt),264.0,6.45,38.95,17.86,97.01,0.57
1976-08-01,1976,8,Soybeans,Oils & Meals,($/mt),248.0,-6.06,18.1,2.06,89.31,-0.96
1976-09-01,1976,9,Soybeans,Oils & Meals,($/mt),261.0,5.24,5.24,14.98,110.48,0.6
1976-10-01,1976,10,Soybeans,Oils & Meals,($/mt),254.0,-2.68,-3.79,20.38,103.2,-0.53
1976-11-01,1976,11,Soybeans,Oils & Meals,($/mt),260.0,2.36,4.84,35.42,108.0,0.08
1976-12-01,1976,12,Soybeans,Oils & Meals,($/mt),269.0,3.46,3.07,45.41,113.49,0.11
1977-01-01,1977,1,Soybeans,Oils & Meals,($/mt),287.0,6.69,12.99,51.85,129.6,0.53
1977-02-01,1977,2,Soybeans,Oils & Meals,($/mt),293.0,2.09,12.69,53.4,130.71,-0.25
1977-03-01,1977,3,Soybeans,Oils & Meals,($/mt),328.0,11.95,21.93,72.63,142.96,1.28
1977-04-01,1977,4,Soybeans,Oils & Meals,($/mt),384.0,17.07,33.8,102.11,174.29,1.85
1977-05-01,1977,5,Soybeans,Oils & Meals,($/mt),371.0,-3.39,26.62,76.67,165.0,-1.33
1977-06-01,1977,6,Soybeans,Oils & Meals,($/mt),326.0,-12.13,-0.61,31.45,136.23,-2.26
1977-07-01,1977,7,Soybeans,Oils & Meals,($/mt),252.0,-22.7,-34.38,-4.55,78.72,-3.19
1977-08-01,1977,8,Soybeans,Oils & Meals,($/mt),230.0,-8.73,-38.01,-7.26,63.12,-0.84
1977-09-01,1977,9,Soybeans,Oils & Meals,($/mt),205.0,-10.87,-37.12,-21.46,51.85,-1.0
1977-10-01,1977,10,Soybeans,Oils & Meals,($/mt),209.0,1.95,-17.06,-17.72,53.68,0.3
1977-11-01,1977,11,Soybeans,Oils & Meals,($/mt),236.0,12.92,2.61,-9.23,59.46,1.25
1977-12-01,1977,12,Soybeans,Oils & Meals,($/mt),241.0,2.12,17.56,-10.41,38.51,0.19
1978-01-01,1978,1,Soybeans,Oils & Meals,($/mt),239.0,-0.83,14.35,-16.72,11.68,-0.05
1978-02-01,1978,2,Soybeans,Oils & Meals,($/mt),239.0,0.0,1.27,-18.43,-7.72,0.08
1978-03-01,1978,3,Soybeans,Oils & Meals,($/mt),273.0,14.23,13.28,-16.77,5.81,1.32
1978-04-01,1978,4,Soybeans,Oils & Meals,($/mt),290.0,6.23,21.34,-24.48,11.54,0.6
1978-05-01,1978,5,Soybeans,Oils & Meals,($/mt),290.0,0.0,21.34,-21.83,-18.99,0.17
1978-06-01,1978,6,Soybeans,Oils & Meals,($/mt),278.0,-4.14,1.83,-14.72,-40.85,-0.25
1978-07-01,1978,7,Soybeans,Oils & Meals,($/mt),266.0,-4.32,-8.28,5.56,-19.39,-0.34
1978-08-01,1978,8,Soybeans,Oils & Meals,($/mt),262.0,-1.5,-9.66,13.91,-20.85,-0.29
1978-09-01,1978,9,Soybeans,Oils & Meals,($/mt),264.0,0.76,-5.04,28.78,-0.75,-0.08
1978-10-01,1978,10,Soybeans,Oils & Meals,($/mt),271.0,2.65,1.88,29.67,10.61,0.06
1978-11-01,1978,11,Soybeans,Oils & Meals,($/mt),270.0,-0.37,3.05,14.41,12.97,-0.45
1978-12-01,1978,12,Soybeans,Oils & Meals,($/mt),278.0,2.96,5.3,15.35,9.45,0.35
1979-01-01,1979,1,Soybeans,Oils & Meals,($/mt),284.0,2.16,4.8,18.83,8.81,0.17
1979-02-01,1979,2,Soybeans,Oils & Meals,($/mt),298.0,4.93,10.37,24.69,9.96,0.68
1979-03-01,1979,3,Soybeans,Oils & Meals,($/mt),310.0,4.03,11.51,13.55,16.98,0.41
1979-04-01,1979,4,Soybeans,Oils & Meals,($/mt),300.0,-3.23,5.63,3.45,27.66,-1.3
1979-05-01,1979,5,Soybeans,Oils & Meals,($/mt),300.0,0.0,0.67,3.45,31.0,-0.1
1979-06-01,1979,6,Soybeans,Oils & Meals,($/mt),322.0,7.33,3.87,15.83,41.23,2.23
1979-07-01,1979,7,Soybeans,Oils & Meals,($/mt),322.0,0.0,7.33,21.05,16.67,-0.38
1979-08-01,1979,8,Soybeans,Oils & Meals,($/mt),302.0,-6.21,0.67,15.27,-5.63,-2.66
1979-09-01,1979,9,Soybeans,Oils & Meals,($/mt),292.0,-3.31,-9.32,10.61,-3.63,-1.25
1979-10-01,1979,10,Soybeans,Oils & Meals,($/mt),283.0,-3.08,-12.11,4.43,-15.52,-1.03
1979-11-01,1979,11,Soybeans,Oils & Meals,($/mt),281.0,-0.71,-6.95,4.07,-9.94,-0.29
1979-12-01,1979,12,Soybeans,Oils & Meals,($/mt),279.0,-0.71,-4.45,0.36,-3.12,-0.28
1980-01-01,1980,1,Soybeans,Oils & Meals,($/mt),268.0,-3.94,-5.3,-5.63,4.69,-1.03
1980-02-01,1980,2,Soybeans,Oils & Meals,($/mt),271.0,1.12,-3.56,-9.06,17.32,0.38
1980-03-01,1980,3,Soybeans,Oils & Meals,($/mt),264.0,-2.58,-5.38,-14.84,16.81,-0.5
1980-04-01,1980,4,Soybeans,Oils & Meals,($/mt),252.0,-4.55,-5.97,-16.0,10.04,-0.96
1980-05-01,1980,5,Soybeans,Oils & Meals,($/mt),260.0,3.17,-4.06,-13.33,25.0,1.3
1980-06-01,1980,6,Soybeans,Oils & Meals,($/mt),262.0,0.77,-0.76,-18.63,26.57,0.51
1980-07-01,1980,7,Soybeans,Oils & Meals,($/mt),303.0,15.65,20.24,-5.9,35.27,6.37
1980-08-01,1980,8,Soybeans,Oils & Meals,($/mt),309.0,1.98,18.85,2.32,27.16,0.41
1980-09-01,1980,9,Soybeans,Oils & Meals,($/mt),335.0,8.41,27.86,14.73,47.58,1.49
1980-10-01,1980,10,Soybeans,Oils & Meals,($/mt),340.0,1.49,12.21,20.14,61.14,0.03
1980-11-01,1980,11,Soybeans,Oils & Meals,($/mt),367.0,7.94,18.77,30.6,91.15,1.12
1980-12-01,1980,12,Soybeans,Oils & Meals,($/mt),324.0,-11.72,-3.28,16.13,75.14,-2.43
1981-01-01,1981,1,Soybeans,Oils & Meals,($/mt),323.0,-0.31,-5.0,20.52,70.9,-0.25
1981-02-01,1981,2,Soybeans,Oils & Meals,($/mt),306.0,-5.26,-16.62,12.92,60.21,-1.02
1981-03-01,1981,3,Soybeans,Oils & Meals,($/mt),305.0,-0.33,-5.86,15.53,60.53,-0.22
1981-04-01,1981,4,Soybeans,Oils & Meals,($/mt),316.0,3.61,-2.17,25.4,66.32,0.3
1981-05-01,1981,5,Soybeans,Oils & Meals,($/mt),306.0,-3.16,0.0,17.69,45.71,-0.77
1981-06-01,1981,6,Soybeans,Oils & Meals,($/mt),291.0,-4.9,-4.59,11.07,17.34,-0.92
1981-07-01,1981,7,Soybeans,Oils & Meals,($/mt),294.0,1.03,-6.96,-2.97,11.36,-0.01
1981-08-01,1981,8,Soybeans,Oils & Meals,($/mt),283.0,-3.74,-7.52,-8.41,14.11,-0.64
1981-09-01,1981,9,Soybeans,Oils & Meals,($/mt),264.0,-6.71,-9.28,-21.19,1.15,-1.07
1981-10-01,1981,10,Soybeans,Oils & Meals,($/mt),260.0,-1.52,-11.56,-23.53,2.36,0.06
1981-11-01,1981,11,Soybeans,Oils & Meals,($/mt),257.0,-1.15,-9.19,-29.97,-1.15,0.18
1981-12-01,1981,12,Soybeans,Oils & Meals,($/mt),256.0,-0.39,-3.03,-20.99,-4.83,0.61
1982-01-01,1982,1,Soybeans,Oils & Meals,($/mt),262.0,2.34,0.77,-18.89,-8.71,1.44
1982-02-01,1982,2,Soybeans,Oils & Meals,($/mt),254.0,-3.05,-1.17,-16.99,-13.31,-0.43
1982-03-01,1982,3,Soybeans,Oils & Meals,($/mt),254.0,0.0,-0.78,-16.72,-22.56,0.5
1982-04-01,1982,4,Soybeans,Oils & Meals,($/mt),265.0,4.33,1.15,-16.14,-30.99,1.93
1982-05-01,1982,5,Soybeans,Oils & Meals,($/mt),269.0,1.51,5.91,-12.09,-27.49,0.93
1982-06-01,1982,6,Soybeans,Oils & Meals,($/mt),254.0,-5.58,0.0,-12.71,-22.09,-1.43
1982-07-01,1982,7,Soybeans,Oils & Meals,($/mt),249.0,-1.97,-6.04,-15.31,-1.19,-0.27
1982-08-01,1982,8,Soybeans,Oils & Meals,($/mt),234.0,-6.02,-13.01,-17.31,1.74,-1.47
1982-09-01,1982,9,Soybeans,Oils & Meals,($/mt),217.0,-7.26,-14.57,-17.8,5.85,-1.68
1982-10-01,1982,10,Soybeans,Oils & Meals,($/mt),214.0,-1.38,-14.06,-17.69,2.39,0.05
1982-11-01,1982,11,Soybeans,Oils & Meals,($/mt),231.0,7.94,-1.28,-10.12,-2.12,2.72
1982-12-01,1982,12,Soybeans,Oils & Meals,($/mt),232.0,0.43,6.91,-9.38,-3.73,0.28
1983-01-01,1983,1,Soybeans,Oils & Meals,($/mt),235.0,1.29,9.81,-10.31,-1.67,0.45
1983-02-01,1983,2,Soybeans,Oils & Meals,($/mt),239.0,1.7,3.46,-5.91,0.0,0.57
1983-03-01,1983,3,Soybeans,Oils & Meals,($/mt),242.0,1.26,4.31,-4.72,-11.36,0.38
1983-04-01,1983,4,Soybeans,Oils & Meals,($/mt),253.0,4.55,7.66,-4.53,-12.76,1.1
1983-05-01,1983,5,Soybeans,Oils & Meals,($/mt),252.0,-0.4,5.44,-6.32,-13.1,-0.02
1983-06-01,1983,6,Soybeans,Oils & Meals,($/mt),243.0,-3.57,0.41,-4.33,-12.59,-0.71
1983-07-01,1983,7,Soybeans,Oils & Meals,($/mt),263.0,8.23,3.95,5.62,-1.13,2.01
1983-08-01,1983,8,Soybeans,Oils & Meals,($/mt),339.0,28.9,34.52,44.87,29.39,5.85
1983-09-01,1983,9,Soybeans,Oils & Meals,($/mt),350.0,3.24,44.03,61.29,32.58,-0.03
1983-10-01,1983,10,Soybeans,Oils & Meals,($/mt),329.0,-6.0,25.1,53.74,21.4,-1.22
1983-11-01,1983,11,Soybeans,Oils & Meals,($/mt),324.0,-1.52,-4.42,40.26,20.0,-0.62
1983-12-01,1983,12,Soybeans,Oils & Meals,($/mt),311.0,-4.01,-11.14,34.05,11.87,-0.81
1984-01-01,1984,1,Soybeans,Oils & Meals,($/mt),305.0,-1.93,-7.29,29.79,7.39,-0.52
1984-02-01,1984,2,Soybeans,Oils & Meals,($/mt),293.0,-3.93,-9.57,22.59,-1.68,-0.7
1984-03-01,1984,3,Soybeans,Oils & Meals,($/mt),314.0,7.17,0.96,29.75,1.29,0.54
1984-04-01,1984,4,Soybeans,Oils & Meals,($/mt),315.0,0.32,3.28,24.51,5.0,-0.24
1984-05-01,1984,5,Soybeans,Oils & Meals,($/mt),338.0,7.3,15.36,34.13,12.67,0.54
1984-06-01,1984,6,Soybeans,Oils & Meals,($/mt),308.0,-8.88,-1.91,26.75,-4.35,-1.23
1984-07-01,1984,7,Soybeans,Oils & Meals,($/mt),270.0,-12.34,-14.29,2.66,-16.15,-1.47
1984-08-01,1984,8,Soybeans,Oils & Meals,($/mt),261.0,-3.33,-22.78,-23.01,-13.58,-0.38
1984-09-01,1984,9,Soybeans,Oils & Meals,($/mt),245.0,-6.13,-20.45,-30.0,-16.1,-0.7
1984-10-01,1984,10,Soybeans,Oils & Meals,($/mt),245.0,0.0,-9.26,-25.53,-13.43,0.48
1984-11-01,1984,11,Soybeans,Oils & Meals,($/mt),250.0,2.04,-4.21,-22.84,-11.03,0.75
1984-12-01,1984,12,Soybeans,Oils & Meals,($/mt),241.0,-3.6,-1.63,-22.51,-13.62,-0.28
1985-01-01,1985,1,Soybeans,Oils & Meals,($/mt),243.0,0.83,-0.82,-20.33,-9.33,0.47
1985-02-01,1985,2,Soybeans,Oils & Meals,($/mt),239.0,-1.65,-4.4,-18.43,-11.81,0.01
1985-03-01,1985,3,Soybeans,Oils & Meals,($/mt),241.0,0.84,0.0,-23.25,-8.71,0.4
1985-04-01,1985,4,Soybeans,Oils & Meals,($/mt),243.0,0.83,0.0,-22.86,-3.57,0.55
1985-05-01,1985,5,Soybeans,Oils & Meals,($/mt),231.0,-4.94,-3.35,-31.66,-11.15,-0.56
1985-06-01,1985,6,Soybeans,Oils & Meals,($/mt),227.0,-1.73,-5.81,-26.3,-13.36,0.29
1985-07-01,1985,7,Soybeans,Oils & Meals,($/mt),223.0,-1.76,-8.23,-17.41,-26.4,0.17
1985-08-01,1985,8,Soybeans,Oils & Meals,($/mt),211.0,-5.38,-8.66,-19.16,-31.72,-1.49
1985-09-01,1985,9,Soybeans,Oils & Meals,($/mt),207.0,-1.9,-8.81,-15.51,-38.21,-0.06
1985-10-01,1985,10,Soybeans,Oils & Meals,($/mt),205.0,-0.97,-8.07,-16.33,-39.71,0.17
1985-11-01,1985,11,Soybeans,Oils & Meals,($/mt),210.0,2.44,-0.47,-16.0,-42.78,1.65
1985-12-01,1985,12,Soybeans,Oils & Meals,($/mt),213.0,1.43,2.9,-11.62,-34.26,1.18
1986-01-01,1986,1,Soybeans,Oils & Meals,($/mt),221.0,3.76,7.8,-9.05,-31.58,1.96
1986-02-01,1986,2,Soybeans,Oils & Meals,($/mt),216.0,-2.26,2.86,-9.62,-29.41,-0.55
1986-03-01,1986,3,Soybeans,Oils & Meals,($/mt),217.0,0.46,1.88,-9.96,-28.85,0.46
1986-04-01,1986,4,Soybeans,Oils & Meals,($/mt),213.0,-1.84,-3.62,-12.35,-32.59,-0.37
1986-05-01,1986,5,Soybeans,Oils & Meals,($/mt),215.0,0.94,-0.46,-6.93,-29.74,0.73
1986-06-01,1986,6,Soybeans,Oils & Meals,($/mt),213.0,-0.93,-1.84,-6.17,-26.8,-0.15
1986-07-01,1986,7,Soybeans,Oils & Meals,($/mt),209.0,-1.88,-1.88,-6.28,-28.91,-0.56
1986-08-01,1986,8,Soybeans,Oils & Meals,($/mt),202.0,-3.35,-6.05,-4.27,-28.62,-1.15
1986-09-01,1986,9,Soybeans,Oils & Meals,($/mt),195.0,-3.47,-8.45,-5.8,-26.14,-1.46
1986-10-01,1986,10,Soybeans,Oils & Meals,($/mt),197.0,1.03,-5.74,-3.9,-24.23,0.65
1986-11-01,1986,11,Soybeans,Oils & Meals,($/mt),204.0,3.55,0.99,-2.86,-20.62,1.66
1986-12-01,1986,12,Soybeans,Oils & Meals,($/mt),199.0,-2.45,2.05,-6.57,-22.27,-0.91
1987-01-01,1987,1,Soybeans,Oils & Meals,($/mt),200.0,0.5,1.52,-9.5,-23.66,0.42
1987-02-01,1987,2,Soybeans,Oils & Meals,($/mt),198.0,-1.0,-2.94,-8.33,-22.05,-0.09
1987-03-01,1987,3,Soybeans,Oils & Meals,($/mt),199.0,0.51,0.0,-8.29,-21.65,0.58
1987-04-01,1987,4,Soybeans,Oils & Meals,($/mt),207.0,4.02,3.5,-2.82,-21.89,2.28
1987-05-01,1987,5,Soybeans,Oils & Meals,($/mt),221.0,6.76,11.62,2.79,-17.84,2.86
1987-06-01,1987,6,Soybeans,Oils & Meals,($/mt),228.0,3.17,14.57,7.04,-10.24,0.92
1987-07-01,1987,7,Soybeans,Oils & Meals,($/mt),222.0,-2.63,7.25,6.22,-10.84,-1.0
1987-08-01,1987,8,Soybeans,Oils & Meals,($/mt),215.0,-3.15,-2.71,6.44,-8.12,-1.12
1987-09-01,1987,9,Soybeans,Oils & Meals,($/mt),214.0,-0.47,-6.14,9.74,-1.38,-0.32
1987-10-01,1987,10,Soybeans,Oils & Meals,($/mt),217.0,1.4,-2.25,10.15,1.4,0.19
1987-11-01,1987,11,Soybeans,Oils & Meals,($/mt),228.0,5.07,6.05,11.76,-1.3,1.38
1987-12-01,1987,12,Soybeans,Oils & Meals,($/mt),240.0,5.26,12.15,20.6,3.45,1.34
1988-01-01,1988,1,Soybeans,Oils & Meals,($/mt),254.0,5.83,17.05,27.0,8.09,1.31
1988-02-01,1988,2,Soybeans,Oils & Meals,($/mt),254.0,0.0,11.4,28.28,6.28,-0.6
1988-03-01,1988,3,Soybeans,Oils & Meals,($/mt),257.0,1.18,7.08,29.15,6.2,-0.29
1988-04-01,1988,4,Soybeans,Oils & Meals,($/mt),270.0,5.06,6.3,30.43,6.72,0.86
1988-05-01,1988,5,Soybeans,Oils & Meals,($/mt),285.0,5.56,12.2,28.96,13.1,0.96
1988-06-01,1988,6,Soybeans,Oils & Meals,($/mt),353.0,23.86,37.35,54.82,45.27,6.65
1988-07-01,1988,7,Soybeans,Oils & Meals,($/mt),351.0,-0.57,30.0,58.11,33.46,-0.63
1988-08-01,1988,8,Soybeans,Oils & Meals,($/mt),342.0,-2.56,20.0,59.07,0.88,-0.96
1988-09-01,1988,9,Soybeans,Oils & Meals,($/mt),337.0,-1.46,-4.53,57.48,-3.71,-0.82
1988-10-01,1988,10,Soybeans,Oils & Meals,($/mt),313.0,-7.12,-10.83,44.24,-4.86,-1.61
1988-11-01,1988,11,Soybeans,Oils & Meals,($/mt),313.0,0.0,-8.48,37.28,-3.4,-0.44
1988-12-01,1988,12,Soybeans,Oils & Meals,($/mt),313.0,0.0,-7.12,30.42,0.64,-0.38
1989-01-01,1989,1,Soybeans,Oils & Meals,($/mt),318.0,1.6,1.6,25.2,4.26,-0.12
1989-02-01,1989,2,Soybeans,Oils & Meals,($/mt),307.0,-3.46,-1.92,20.87,4.78,-0.74
1989-03-01,1989,3,Soybeans,Oils & Meals,($/mt),313.0,1.95,0.0,21.79,-0.32,0.01
1989-04-01,1989,4,Soybeans,Oils & Meals,($/mt),297.0,-5.11,-6.6,10.0,-5.71,-0.91
1989-05-01,1989,5,Soybeans,Oils & Meals,($/mt),297.0,0.0,-3.26,4.21,-12.13,-0.13
1989-06-01,1989,6,Soybeans,Oils & Meals,($/mt),291.0,-2.02,-7.03,-17.56,-5.52,-0.34
1989-07-01,1989,7,Soybeans,Oils & Meals,($/mt),272.0,-6.53,-8.42,-22.51,0.74,-1.85
1989-08-01,1989,8,Soybeans,Oils & Meals,($/mt),236.0,-13.24,-20.54,-30.99,-9.58,-3.71
1989-09-01,1989,9,Soybeans,Oils & Meals,($/mt),237.0,0.42,-18.56,-29.67,-3.27,0.76
1989-10-01,1989,10,Soybeans,Oils & Meals,($/mt),238.0,0.42,-12.5,-23.96,-2.86,0.71
1989-11-01,1989,11,Soybeans,Oils & Meals,($/mt),246.0,3.36,4.24,-21.41,-1.6,1.26
1989-12-01,1989,12,Soybeans,Oils & Meals,($/mt),248.0,0.81,4.64,-20.77,2.9,0.58
1990-01-01,1990,1,Soybeans,Oils & Meals,($/mt),242.0,-2.42,1.68,-23.9,-0.41,-0.13
1990-02-01,1990,2,Soybeans,Oils & Meals,($/mt),240.0,-0.83,-2.44,-21.82,0.42,0.29
1990-03-01,1990,3,Soybeans,Oils & Meals,($/mt),242.0,0.83,-2.42,-22.68,0.41,0.61
1990-04-01,1990,4,Soybeans,Oils & Meals,($/mt),247.0,2.07,2.07,-16.84,1.65,0.92
1990-05-01,1990,5,Soybeans,Oils & Meals,($/mt),259.0,4.86,7.92,-12.79,12.12,1.4
1990-06-01,1990,6,Soybeans,Oils & Meals,($/mt),249.0,-3.86,2.89,-14.43,9.69,-0.59
1990-07-01,1990,7,Soybeans,Oils & Meals,($/mt),252.0,1.2,2.02,-7.35,13.0,0.49
1990-08-01,1990,8,Soybeans,Oils & Meals,($/mt),250.0,-0.79,-3.47,5.93,18.48,-0.06
1990-09-01,1990,9,Soybeans,Oils & Meals,($/mt),250.0,0.0,0.4,5.49,20.77,-0.21
1990-10-01,1990,10,Soybeans,Oils & Meals,($/mt),247.0,-1.2,-1.98,3.78,20.49,-0.71
1990-11-01,1990,11,Soybeans,Oils & Meals,($/mt),239.0,-3.24,-4.4,-2.85,13.81,-1.48
1990-12-01,1990,12,Soybeans,Oils & Meals,($/mt),244.0,2.09,-2.4,-1.61,14.55,0.95
1991-01-01,1991,1,Soybeans,Oils & Meals,($/mt),239.0,-2.05,-3.24,-1.24,8.14,-0.78
1991-02-01,1991,2,Soybeans,Oils & Meals,($/mt),241.0,0.84,0.84,0.42,11.57,0.37
1991-03-01,1991,3,Soybeans,Oils & Meals,($/mt),244.0,1.24,0.0,0.83,12.44,0.48
1991-04-01,1991,4,Soybeans,Oils & Meals,($/mt),245.0,0.41,2.51,-0.81,15.02,0.13
1991-05-01,1991,5,Soybeans,Oils & Meals,($/mt),241.0,-1.63,0.0,-6.95,12.09,-0.66
1991-06-01,1991,6,Soybeans,Oils & Meals,($/mt),241.0,0.0,-1.23,-3.21,13.15,0.31
1991-07-01,1991,7,Soybeans,Oils & Meals,($/mt),229.0,-4.98,-6.53,-9.13,9.57,-3.02
1991-08-01,1991,8,Soybeans,Oils & Meals,($/mt),241.0,5.24,0.0,-3.6,19.31,3.02
1991-09-01,1991,9,Soybeans,Oils & Meals,($/mt),246.0,2.07,2.07,-1.6,26.15,0.89
1991-10-01,1991,10,Soybeans,Oils & Meals,($/mt),237.0,-3.66,3.49,-4.05,20.3,-1.3
1991-11-01,1991,11,Soybeans,Oils & Meals,($/mt),237.0,0.0,-1.66,-0.84,16.18,0.1
1991-12-01,1991,12,Soybeans,Oils & Meals,($/mt),234.0,-1.27,-4.88,-4.1,17.59,-0.45
1992-01-01,1992,1,Soybeans,Oils & Meals,($/mt),236.0,0.85,-0.42,-1.26,18.0,0.43
1992-02-01,1992,2,Soybeans,Oils & Meals,($/mt),237.0,0.42,0.0,-1.66,19.7,0.19
1992-03-01,1992,3,Soybeans,Oils & Meals,($/mt),240.0,1.27,2.56,-1.64,20.6,0.52
1992-04-01,1992,4,Soybeans,Oils & Meals,($/mt),235.0,-2.08,-0.42,-4.08,13.53,-0.75
1992-05-01,1992,5,Soybeans,Oils & Meals,($/mt),247.0,5.11,4.22,2.49,11.76,2.01
1992-06-01,1992,6,Soybeans,Oils & Meals,($/mt),253.0,2.43,5.42,4.98,10.96,0.71
1992-07-01,1992,7,Soybeans,Oils & Meals,($/mt),237.0,-6.32,0.85,3.49,6.76,-2.16
1992-08-01,1992,8,Soybeans,Oils & Meals,($/mt),229.0,-3.38,-7.29,-4.98,6.51,-1.11
1992-09-01,1992,9,Soybeans,Oils & Meals,($/mt),227.0,-0.87,-10.28,-7.72,6.07,-0.16
1992-10-01,1992,10,Soybeans,Oils & Meals,($/mt),221.0,-2.64,-6.75,-6.75,1.84,-0.67
1992-11-01,1992,11,Soybeans,Oils & Meals,($/mt),229.0,3.62,0.0,-3.38,0.44,1.41
1992-12-01,1992,12,Soybeans,Oils & Meals,($/mt),235.0,2.62,3.52,0.43,-2.08,0.9
1993-01-01,1993,1,Soybeans,Oils & Meals,($/mt),239.0,1.7,8.14,1.27,-5.91,0.49
1993-02-01,1993,2,Soybeans,Oils & Meals,($/mt),236.0,-1.26,3.06,-0.42,-7.09,-0.43
1993-03-01,1993,3,Soybeans,Oils & Meals,($/mt),238.0,0.85,1.28,-0.83,-7.39,0.25
1993-04-01,1993,4,Soybeans,Oils & Meals,($/mt),244.0,2.52,2.09,3.83,-9.63,0.77
1993-05-01,1993,5,Soybeans,Oils & Meals,($/mt),246.0,0.82,4.24,-0.4,-13.68,0.14
1993-06-01,1993,6,Soybeans,Oils & Meals,($/mt),245.0,-0.41,2.94,-3.16,-30.59,-0.14
1993-07-01,1993,7,Soybeans,Oils & Meals,($/mt),287.0,17.14,17.62,21.1,-18.23,6.04
1993-08-01,1993,8,Soybeans,Oils & Meals,($/mt),274.0,-4.53,11.38,19.65,-19.88,-1.18
1993-09-01,1993,9,Soybeans,Oils & Meals,($/mt),260.0,-5.11,6.12,14.54,-22.85,-1.24
1993-10-01,1993,10,Soybeans,Oils & Meals,($/mt),249.0,-4.23,-13.24,12.67,-20.45,-0.96
1993-11-01,1993,11,Soybeans,Oils & Meals,($/mt),267.0,7.23,-2.55,16.59,-14.7,1.04
1993-12-01,1993,12,Soybeans,Oils & Meals,($/mt),276.0,3.37,6.15,17.45,-11.82,0.32
1994-01-01,1994,1,Soybeans,Oils & Meals,($/mt),282.0,2.17,13.25,17.99,-11.32,0.11
1994-02-01,1994,2,Soybeans,Oils & Meals,($/mt),273.0,-3.19,2.25,15.68,-11.07,-0.78
1994-03-01,1994,3,Soybeans,Oils & Meals,($/mt),274.0,0.37,-0.72,15.13,-12.46,-0.16
1994-04-01,1994,4,Soybeans,Oils & Meals,($/mt),261.0,-4.74,-7.45,6.97,-12.12,-0.98
1994-05-01,1994,5,Soybeans,Oils & Meals,($/mt),256.0,-1.92,-6.23,4.07,-13.8,-0.41
1994-06-01,1994,6,Soybeans,Oils & Meals,($/mt),265.0,3.52,-3.28,8.16,-8.93,0.46
1994-07-01,1994,7,Soybeans,Oils & Meals,($/mt),237.0,-10.57,-9.2,-17.42,-12.87,-1.75
1994-08-01,1994,8,Soybeans,Oils & Meals,($/mt),232.0,-2.11,-9.38,-15.33,-1.69,-0.13
1994-09-01,1994,9,Soybeans,Oils & Meals,($/mt),233.0,0.43,-12.08,-10.38,-1.69,0.35
1994-10-01,1994,10,Soybeans,Oils & Meals,($/mt),227.0,-2.58,-4.22,-8.84,-4.62,-0.38
1994-11-01,1994,11,Soybeans,Oils & Meals,($/mt),239.0,5.29,3.02,-10.49,-2.85,1.29
1994-12-01,1994,12,Soybeans,Oils & Meals,($/mt),243.0,1.67,4.29,-11.96,-2.02,0.58
1995-01-01,1995,1,Soybeans,Oils & Meals,($/mt),243.0,0.0,7.05,-13.83,0.41,0.23
1995-02-01,1995,2,Soybeans,Oils & Meals,($/mt),238.0,-2.06,-0.42,-12.82,-0.83,-0.22
1995-03-01,1995,3,Soybeans,Oils & Meals,($/mt),246.0,3.36,1.23,-10.22,1.65,1.08
1995-04-01,1995,4,Soybeans,Oils & Meals,($/mt),249.0,1.22,2.47,-4.6,0.81,0.48
1995-05-01,1995,5,Soybeans,Oils & Meals,($/mt),250.0,0.4,5.04,-2.34,-3.47,0.17
1995-06-01,1995,6,Soybeans,Oils & Meals,($/mt),252.0,0.8,2.44,-4.91,1.2,0.23
1995-07-01,1995,7,Soybeans,Oils & Meals,($/mt),261.0,3.57,4.82,10.13,3.57,1.0
1995-08-01,1995,8,Soybeans,Oils & Meals,($/mt),257.0,-1.53,2.8,10.78,2.8,-0.98
1995-09-01,1995,9,Soybeans,Oils & Meals,($/mt),266.0,3.5,5.56,14.16,6.4,1.11
1995-10-01,1995,10,Soybeans,Oils & Meals,($/mt),271.0,1.88,3.83,19.38,9.72,0.3
1995-11-01,1995,11,Soybeans,Oils & Meals,($/mt),282.0,4.06,9.73,17.99,17.99,1.17
1995-12-01,1995,12,Soybeans,Oils & Meals,($/mt),296.0,4.96,11.28,21.81,21.31,1.77
1996-01-01,1996,1,Soybeans,Oils & Meals,($/mt),305.0,3.04,12.55,25.51,27.62,0.6
1996-02-01,1996,2,Soybeans,Oils & Meals,($/mt),299.0,-1.97,6.03,25.63,24.07,-1.76
1996-03-01,1996,3,Soybeans,Oils & Meals,($/mt),295.0,-1.34,-0.34,19.92,20.9,-1.49
1996-04-01,1996,4,Soybeans,Oils & Meals,($/mt),316.0,7.12,3.61,26.91,28.98,2.38
1996-05-01,1996,5,Soybeans,Oils & Meals,($/mt),322.0,1.9,7.69,28.8,33.61,-0.05
1996-06-01,1996,6,Soybeans,Oils & Meals,($/mt),308.0,-4.35,4.41,22.22,27.8,-2.34
1996-07-01,1996,7,Soybeans,Oils & Meals,($/mt),312.0,1.3,-1.27,19.54,36.24,-0.13
1996-08-01,1996,8,Soybeans,Oils & Meals,($/mt),317.0,1.6,-1.55,23.35,31.54,0.02
1996-09-01,1996,9,Soybeans,Oils & Meals,($/mt),319.0,0.63,3.57,19.92,29.67,-0.37
1996-10-01,1996,10,Soybeans,Oils & Meals,($/mt),290.0,-9.09,-7.05,7.01,22.36,-3.41
1996-11-01,1996,11,Soybeans,Oils & Meals,($/mt),286.0,-1.38,-9.78,1.42,20.68,-0.46
1996-12-01,1996,12,Soybeans,Oils & Meals,($/mt),289.0,1.05,-9.4,-2.36,23.5,0.2
1997-01-01,1997,1,Soybeans,Oils & Meals,($/mt),301.0,4.15,3.79,-1.31,27.54,1.06
1997-02-01,1997,2,Soybeans,Oils & Meals,($/mt),308.0,2.33,7.69,3.01,29.96,0.57
1997-03-01,1997,3,Soybeans,Oils & Meals,($/mt),332.0,7.79,14.88,12.54,38.33,1.81
1997-04-01,1997,4,Soybeans,Oils & Meals,($/mt),338.0,1.81,12.29,6.96,43.83,0.16
1997-05-01,1997,5,Soybeans,Oils & Meals,($/mt),298.0,-11.83,-3.25,-7.45,20.65,-2.97
1997-06-01,1997,6,Soybeans,Oils & Meals,($/mt),278.0,-6.71,-16.27,-9.74,9.88,-1.13
1997-07-01,1997,7,Soybeans,Oils & Meals,($/mt),306.0,10.07,-9.47,-1.92,29.11,1.89
1997-08-01,1997,8,Soybeans,Oils & Meals,($/mt),265.0,-13.4,-11.07,-16.4,15.72,-2.07
1997-09-01,1997,9,Soybeans,Oils & Meals,($/mt),269.0,1.51,-3.24,-15.67,18.5,0.36
1997-10-01,1997,10,Soybeans,Oils & Meals,($/mt),278.0,3.35,-9.15,-4.14,25.79,0.6
1997-11-01,1997,11,Soybeans,Oils & Meals,($/mt),288.0,3.6,8.68,0.7,25.76,0.51
1997-12-01,1997,12,Soybeans,Oils & Meals,($/mt),284.0,-1.39,5.58,-1.73,20.85,-0.23
1998-01-01,1998,1,Soybeans,Oils & Meals,($/mt),273.0,-3.87,-1.8,-9.3,14.23,-0.55
1998-02-01,1998,2,Soybeans,Oils & Meals,($/mt),273.0,0.0,-5.21,-11.36,15.68,0.08
1998-03-01,1998,3,Soybeans,Oils & Meals,($/mt),265.0,-2.93,-6.69,-20.18,11.34,-0.3
1998-04-01,1998,4,Soybeans,Oils & Meals,($/mt),259.0,-2.26,-5.13,-23.37,6.15,-0.09
1998-05-01,1998,5,Soybeans,Oils & Meals,($/mt),247.0,-4.63,-9.52,-17.11,0.41,-0.4
1998-06-01,1998,6,Soybeans,Oils & Meals,($/mt),242.0,-2.02,-8.68,-12.95,-1.22,-0.11
1998-07-01,1998,7,Soybeans,Oils & Meals,($/mt),238.0,-1.65,-8.11,-22.22,-17.07,-0.12
1998-08-01,1998,8,Soybeans,Oils & Meals,($/mt),219.0,-7.98,-11.34,-17.36,-20.07,-1.35
1998-09-01,1998,9,Soybeans,Oils & Meals,($/mt),216.0,-1.37,-10.74,-19.7,-16.92,0.05
1998-10-01,1998,10,Soybeans,Oils & Meals,($/mt),223.0,3.24,-6.3,-19.78,-10.44,1.57
1998-11-01,1998,11,Soybeans,Oils & Meals,($/mt),234.0,4.93,6.85,-18.75,-12.36,2.12
1998-12-01,1998,12,Soybeans,Oils & Meals,($/mt),230.0,-1.71,6.48,-19.01,-16.67,-0.01
1999-01-01,1999,1,Soybeans,Oils & Meals,($/mt),221.0,-3.91,-0.9,-19.05,-21.63,-0.66
1999-02-01,1999,2,Soybeans,Oils & Meals,($/mt),205.0,-7.24,-12.39,-24.91,-24.91,-1.64
1999-03-01,1999,3,Soybeans,Oils & Meals,($/mt),205.0,0.0,-10.87,-22.64,-25.18,0.62
1999-04-01,1999,4,Soybeans,Oils & Meals,($/mt),207.0,0.98,-6.33,-20.08,-20.69,0.81
1999-05-01,1999,5,Soybeans,Oils & Meals,($/mt),199.0,-3.86,-2.93,-19.43,-22.27,-0.54
1999-06-01,1999,6,Soybeans,Oils & Meals,($/mt),194.0,-2.51,-5.37,-19.83,-26.79,-0.21
1999-07-01,1999,7,Soybeans,Oils & Meals,($/mt),183.0,-5.67,-11.59,-23.11,-22.78,-1.03
1999-08-01,1999,8,Soybeans,Oils & Meals,($/mt),199.0,8.74,0.0,-9.13,-14.22,2.73
1999-09-01,1999,9,Soybeans,Oils & Meals,($/mt),207.0,4.02,6.7,-4.17,-11.16,1.03
1999-10-01,1999,10,Soybeans,Oils & Meals,($/mt),203.0,-1.93,10.93,-8.97,-10.57,-0.35
1999-11-01,1999,11,Soybeans,Oils & Meals,($/mt),198.0,-2.46,-0.5,-15.38,-17.15,-0.38
1999-12-01,1999,12,Soybeans,Oils & Meals,($/mt),199.0,0.51,-3.86,-13.48,-18.11,0.42
2000-01-01,2000,1,Soybeans,Oils & Meals,($/mt),208.0,4.52,2.46,-5.88,-14.4,1.29
2000-02-01,2000,2,Soybeans,Oils & Meals,($/mt),214.0,2.88,8.08,4.39,-10.08,0.72
2000-03-01,2000,3,Soybeans,Oils & Meals,($/mt),221.0,3.27,11.06,7.8,-10.16,0.69
2000-04-01,2000,4,Soybeans,Oils & Meals,($/mt),229.0,3.62,10.1,10.63,-8.03,0.7
2000-05-01,2000,5,Soybeans,Oils & Meals,($/mt),229.0,0.0,7.01,15.08,-8.4,-0.22
2000-06-01,2000,6,Soybeans,Oils & Meals,($/mt),211.0,-7.86,-4.52,8.76,-16.27,-2.28
2000-07-01,2000,7,Soybeans,Oils & Meals,($/mt),197.0,-6.64,-13.97,7.65,-24.52,-1.59
2000-08-01,2000,8,Soybeans,Oils & Meals,($/mt),198.0,0.51,-13.54,-0.5,-22.96,-0.04
2000-09-01,2000,9,Soybeans,Oils & Meals,($/mt),209.0,5.56,-0.95,0.97,-21.43,1.35
2000-10-01,2000,10,Soybeans,Oils & Meals,($/mt),203.0,-2.87,3.05,0.0,-25.09,-0.71
2000-11-01,2000,11,Soybeans,Oils & Meals,($/mt),206.0,1.48,4.04,4.04,-26.95,0.32
2000-12-01,2000,12,Soybeans,Oils & Meals,($/mt),217.0,5.34,3.83,9.05,-26.69,1.16
2001-01-01,2001,1,Soybeans,Oils & Meals,($/mt),210.0,-3.23,3.45,0.96,-31.15,-0.9
2001-02-01,2001,2,Soybeans,Oils & Meals,($/mt),200.0,-4.76,-2.91,-6.54,-33.11,-1.11
2001-03-01,2001,3,Soybeans,Oils & Meals,($/mt),195.0,-2.5,-10.14,-11.76,-33.9,-0.44
2001-04-01,2001,4,Soybeans,Oils & Meals,($/mt),186.0,-4.62,-11.43,-18.78,-41.14,-0.83
2001-05-01,2001,5,Soybeans,Oils & Meals,($/mt),184.0,-1.08,-8.0,-19.65,-42.86,0.13
2001-06-01,2001,6,Soybeans,Oils & Meals,($/mt),188.0,2.17,-3.59,-10.9,-38.96,0.91
2001-07-01,2001,7,Soybeans,Oils & Meals,($/mt),208.0,10.64,11.83,5.58,-33.33,2.92
2001-08-01,2001,8,Soybeans,Oils & Meals,($/mt),212.0,1.92,15.22,7.07,-33.12,0.29
2001-09-01,2001,9,Soybeans,Oils & Meals,($/mt),202.0,-4.72,7.45,-3.35,-36.68,-1.14
2001-10-01,2001,10,Soybeans,Oils & Meals,($/mt),187.0,-7.43,-10.1,-7.88,-35.52,-1.54
2001-11-01,2001,11,Soybeans,Oils & Meals,($/mt),189.0,1.07,-10.85,-8.25,-33.92,0.32
2001-12-01,2001,12,Soybeans,Oils & Meals,($/mt),189.0,0.0,-6.44,-12.9,-34.6,0.12
2002-01-01,2002,1,Soybeans,Oils & Meals,($/mt),188.0,-0.53,0.53,-10.48,-37.54,0.11
2002-02-01,2002,2,Soybeans,Oils & Meals,($/mt),187.0,-0.53,-1.06,-6.5,-39.29,0.06
2002-03-01,2002,3,Soybeans,Oils & Meals,($/mt),191.0,2.14,1.06,-2.05,-42.47,0.57
2002-04-01,2002,4,Soybeans,Oils & Meals,($/mt),195.0,2.09,3.72,4.84,-42.31,0.48
2002-05-01,2002,5,Soybeans,Oils & Meals,($/mt),197.0,1.03,5.35,7.07,-33.89,0.13
2002-06-01,2002,6,Soybeans,Oils & Meals,($/mt),200.0,1.52,4.71,6.38,-28.06,0.2
2002-07-01,2002,7,Soybeans,Oils & Meals,($/mt),218.0,9.0,11.79,4.81,-28.76,1.95
2002-08-01,2002,8,Soybeans,Oils & Meals,($/mt),227.0,4.13,15.23,7.08,-14.34,0.92
2002-09-01,2002,9,Soybeans,Oils & Meals,($/mt),236.0,3.96,18.0,16.83,-12.27,0.81
2002-10-01,2002,10,Soybeans,Oils & Meals,($/mt),229.0,-2.97,5.05,22.46,-17.63,-1.14
2002-11-01,2002,11,Soybeans,Oils & Meals,($/mt),243.0,6.11,7.05,28.57,-15.62,1.45
2002-12-01,2002,12,Soybeans,Oils & Meals,($/mt),241.0,-0.82,2.12,27.51,-15.14,-0.92
2003-01-01,2003,1,Soybeans,Oils & Meals,($/mt),244.0,1.24,6.55,29.79,-10.62,-0.26
2003-02-01,2003,2,Soybeans,Oils & Meals,($/mt),243.0,-0.41,0.0,29.95,-10.99,-0.82
2003-03-01,2003,3,Soybeans,Oils & Meals,($/mt),241.0,-0.82,0.0,26.18,-9.06,-0.96
2003-04-01,2003,4,Soybeans,Oils & Meals,($/mt),251.0,4.15,2.87,28.72,-3.09,0.64
2003-05-01,2003,5,Soybeans,Oils & Meals,($/mt),250.0,-0.4,2.88,26.9,1.21,-0.76
2003-06-01,2003,6,Soybeans,Oils & Meals,($/mt),239.0,-4.4,-0.83,19.5,-1.24,-1.87
2003-07-01,2003,7,Soybeans,Oils & Meals,($/mt),230.0,-3.77,-8.37,5.5,-3.36,-1.35
2003-08-01,2003,8,Soybeans,Oils & Meals,($/mt),237.0,3.04,-5.2,4.41,8.22,0.74
2003-09-01,2003,9,Soybeans,Oils & Meals,($/mt),264.0,11.39,10.46,11.86,22.22,3.28
2003-10-01,2003,10,Soybeans,Oils & Meals,($/mt),310.0,17.42,34.78,35.37,39.01,3.61
2003-11-01,2003,11,Soybeans,Oils & Meals,($/mt),327.0,5.48,37.97,34.57,39.74,0.43
2003-12-01,2003,12,Soybeans,Oils & Meals,($/mt),332.0,1.53,25.76,37.76,44.35,-0.18
2004-01-01,2004,1,Soybeans,Oils & Meals,($/mt),350.0,5.42,12.9,43.44,58.37,0.41
2004-02-01,2004,2,Soybeans,Oils & Meals,($/mt),368.0,5.14,12.54,51.44,79.51,0.31
2004-03-01,2004,3,Soybeans,Oils & Meals,($/mt),413.0,12.23,24.4,71.37,101.46,1.38
2004-04-01,2004,4,Soybeans,Oils & Meals,($/mt),358.0,-13.32,2.29,42.63,72.95,-2.8
2004-05-01,2004,5,Soybeans,Oils & Meals,($/mt),316.0,-11.73,-14.13,26.4,58.79,-1.81
2004-06-01,2004,6,Soybeans,Oils & Meals,($/mt),295.0,-6.65,-28.57,23.43,52.06,-0.96
2004-07-01,2004,7,Soybeans,Oils & Meals,($/mt),279.0,-5.42,-22.07,21.3,52.46,-0.8
2004-08-01,2004,8,Soybeans,Oils & Meals,($/mt),265.0,-5.02,-16.14,11.81,33.17,-0.73
2004-09-01,2004,9,Soybeans,Oils & Meals,($/mt),260.0,-1.89,-11.86,-1.52,25.6,-0.33
2004-10-01,2004,10,Soybeans,Oils & Meals,($/mt),249.0,-4.23,-10.75,-19.68,22.66,-0.48
2004-11-01,2004,11,Soybeans,Oils & Meals,($/mt),260.0,4.42,-1.89,-20.49,31.31,0.78
2004-12-01,2004,12,Soybeans,Oils & Meals,($/mt),265.0,1.92,1.92,-20.18,33.17,0.47
2005-01-01,2005,1,Soybeans,Oils & Meals,($/mt),262.0,-1.13,5.22,-25.14,25.96,0.06
2005-02-01,2005,2,Soybeans,Oils & Meals,($/mt),261.0,-0.38,0.38,-29.08,21.96,0.24
2005-03-01,2005,3,Soybeans,Oils & Meals,($/mt),290.0,11.11,9.43,-29.78,31.22,1.98
2005-04-01,2005,4,Soybeans,Oils & Meals,($/mt),283.0,-2.41,8.02,-20.95,23.58,0.04
2005-05-01,2005,5,Soybeans,Oils & Meals,($/mt),283.0,0.0,8.43,-10.44,23.58,0.31
2005-06-01,2005,6,Soybeans,Oils & Meals,($/mt),306.0,8.13,5.52,3.73,45.02,1.82
2005-07-01,2005,7,Soybeans,Oils & Meals,($/mt),298.0,-2.61,5.3,6.81,51.27,-0.59
2005-08-01,2005,8,Soybeans,Oils & Meals,($/mt),274.0,-8.05,-3.18,3.4,38.38,-1.76
2005-09-01,2005,9,Soybeans,Oils & Meals,($/mt),263.0,-4.01,-14.05,1.15,25.84,-0.83
2005-10-01,2005,10,Soybeans,Oils & Meals,($/mt),257.0,-2.28,-13.76,3.21,26.6,-0.46
2005-11-01,2005,11,Soybeans,Oils & Meals,($/mt),256.0,-0.39,-6.57,-1.54,24.27,-0.15
2005-12-01,2005,12,Soybeans,Oils & Meals,($/mt),264.0,3.12,0.38,-0.38,21.66,0.61
2006-01-01,2006,1,Soybeans,Oils & Meals,($/mt),257.0,-2.65,0.0,-1.91,22.38,-0.53
2006-02-01,2006,2,Soybeans,Oils & Meals,($/mt),257.0,0.0,0.39,-1.53,28.5,0.01
2006-03-01,2006,3,Soybeans,Oils & Meals,($/mt),257.0,0.0,-2.65,-11.38,31.79,0.0
2006-04-01,2006,4,Soybeans,Oils & Meals,($/mt),258.0,0.39,0.39,-8.83,38.71,0.33
2006-05-01,2006,5,Soybeans,Oils & Meals,($/mt),266.0,3.1,3.5,-6.01,44.57,0.97
2006-06-01,2006,6,Soybeans,Oils & Meals,($/mt),267.0,0.38,3.89,-12.75,42.02,0.2
2006-07-01,2006,7,Soybeans,Oils & Meals,($/mt),272.0,1.87,5.43,-8.72,30.77,0.95
2006-08-01,2006,8,Soybeans,Oils & Meals,($/mt),262.0,-3.68,-1.5,-4.38,23.58,-0.94
2006-09-01,2006,9,Soybeans,Oils & Meals,($/mt),258.0,-1.53,-3.37,-1.9,27.72,-0.49
2006-10-01,2006,10,Soybeans,Oils & Meals,($/mt),273.0,5.81,0.37,6.23,45.99,2.76
2006-11-01,2006,11,Soybeans,Oils & Meals,($/mt),300.0,9.89,14.5,17.19,58.73,3.55
2006-12-01,2006,12,Soybeans,Oils & Meals,($/mt),297.0,-1.0,15.12,12.5,57.14,-0.64
2007-01-01,2007,1,Soybeans,Oils & Meals,($/mt),306.0,3.03,12.09,19.07,62.77,0.53
2007-02-01,2007,2,Soybeans,Oils & Meals,($/mt),325.0,6.21,8.33,26.46,73.8,1.3
2007-03-01,2007,3,Soybeans,Oils & Meals,($/mt),322.0,-0.92,8.42,25.29,68.59,-0.78
2007-04-01,2007,4,Soybeans,Oils & Meals,($/mt),320.0,-0.62,4.58,24.03,64.1,-0.67
2007-05-01,2007,5,Soybeans,Oils & Meals,($/mt),334.0,4.37,2.77,25.56,69.54,0.64
2007-06-01,2007,6,Soybeans,Oils & Meals,($/mt),361.0,8.08,12.11,35.21,80.5,1.54
2007-07-01,2007,7,Soybeans,Oils & Meals,($/mt),376.0,4.16,17.5,38.24,72.48,0.36
2007-08-01,2007,8,Soybeans,Oils & Meals,($/mt),385.0,2.39,15.27,46.95,69.6,-0.1
2007-09-01,2007,9,Soybeans,Oils & Meals,($/mt),426.0,10.65,18.01,65.12,80.51,1.93
2007-10-01,2007,10,Soybeans,Oils & Meals,($/mt),450.0,5.63,19.68,64.84,96.51,0.32
2007-11-01,2007,11,Soybeans,Oils & Meals,($/mt),489.0,8.67,27.01,63.0,101.23,1.09
2007-12-01,2007,12,Soybeans,Oils & Meals,($/mt),504.0,3.07,18.31,69.7,109.13,-0.3
2008-01-01,2008,1,Soybeans,Oils & Meals,($/mt),529.0,4.96,17.56,72.88,116.8,0.11
2008-02-01,2008,2,Soybeans,Oils & Meals,($/mt),574.0,8.51,17.38,76.62,136.21,1.08
2008-03-01,2008,3,Soybeans,Oils & Meals,($/mt),559.0,-2.61,10.91,73.6,131.95,-2.07
2008-04-01,2008,4,Soybeans,Oils & Meals,($/mt),549.0,-1.79,3.78,71.56,118.73,-1.68
2008-05-01,2008,5,Soybeans,Oils & Meals,($/mt),566.0,3.1,-1.39,69.46,126.4,-0.39
2008-06-01,2008,6,Soybeans,Oils & Meals,($/mt),635.0,12.19,13.6,75.9,165.69,1.86
2008-07-01,2008,7,Soybeans,Oils & Meals,($/mt),637.0,0.31,16.03,69.41,176.96,-1.01
2008-08-01,2008,8,Soybeans,Oils & Meals,($/mt),557.0,-12.56,-1.59,44.68,135.02,-3.61
2008-09-01,2008,9,Soybeans,Oils & Meals,($/mt),525.0,-5.75,-17.32,23.24,98.86,-1.32
2008-10-01,2008,10,Soybeans,Oils & Meals,($/mt),400.0,-23.81,-37.21,-11.11,29.03,-3.73
2008-11-01,2008,11,Soybeans,Oils & Meals,($/mt),372.0,-7.0,-33.21,-23.93,13.76,-0.65
2008-12-01,2008,12,Soybeans,Oils & Meals,($/mt),359.0,-3.49,-31.62,-28.77,8.13,-0.18
2009-01-01,2009,1,Soybeans,Oils & Meals,($/mt),401.0,11.7,0.25,-24.2,14.57,1.46
2009-02-01,2009,2,Soybeans,Oils & Meals,($/mt),374.0,-6.73,0.54,-34.84,1.63,-0.48
2009-03-01,2009,3,Soybeans,Oils & Meals,($/mt),373.0,-0.27,3.9,-33.27,-9.69,0.28
2009-04-01,2009,4,Soybeans,Oils & Meals,($/mt),388.0,4.02,-3.24,-29.33,8.38,0.7
2009-05-01,2009,5,Soybeans,Oils & Meals,($/mt),426.0,9.79,13.9,-24.73,34.81,1.21
2009-06-01,2009,6,Soybeans,Oils & Meals,($/mt),442.0,3.76,18.5,-30.39,49.83,0.53
2009-07-01,2009,7,Soybeans,Oils & Meals,($/mt),431.0,-2.49,11.08,-32.34,54.48,0.0
2009-08-01,2009,8,Soybeans,Oils & Meals,($/mt),498.0,15.55,16.9,-10.59,87.92,1.88
2009-09-01,2009,9,Soybeans,Oils & Meals,($/mt),425.0,-14.66,-3.85,-19.05,63.46,-1.36
2009-10-01,2009,10,Soybeans,Oils & Meals,($/mt),430.0,1.18,-0.23,7.5,72.69,0.21
2009-11-01,2009,11,Soybeans,Oils & Meals,($/mt),447.0,3.95,-10.24,20.16,71.92,0.35
2009-12-01,2009,12,Soybeans,Oils & Meals,($/mt),449.0,0.45,5.65,25.07,69.43,-0.17
2010-01-01,2010,1,Soybeans,Oils & Meals,($/mt),436.0,-2.9,1.4,8.73,66.41,-0.62
2010-02-01,2010,2,Soybeans,Oils & Meals,($/mt),412.0,-5.5,-7.83,10.16,57.85,-0.84
2010-03-01,2010,3,Soybeans,Oils & Meals,($/mt),409.0,-0.73,-8.91,9.65,41.03,-0.24
2010-04-01,2010,4,Soybeans,Oils & Meals,($/mt),403.0,-1.47,-7.57,3.87,42.4,-0.33
2010-05-01,2010,5,Soybeans,Oils & Meals,($/mt),403.0,0.0,-2.18,-5.4,42.4,-0.08
2010-06-01,2010,6,Soybeans,Oils & Meals,($/mt),401.0,-0.5,-1.96,-9.28,31.05,-0.04
2010-07-01,2010,7,Soybeans,Oils & Meals,($/mt),428.0,6.73,6.2,-0.7,43.62,1.07
2010-08-01,2010,8,Soybeans,Oils & Meals,($/mt),450.0,5.14,11.66,-9.64,64.23,0.7
2010-09-01,2010,9,Soybeans,Oils & Meals,($/mt),468.0,4.0,16.71,10.12,77.95,0.84
2010-10-01,2010,10,Soybeans,Oils & Meals,($/mt),496.0,5.98,15.89,15.35,93.0,1.45
2010-11-01,2010,11,Soybeans,Oils & Meals,($/mt),514.0,3.63,14.22,14.99,100.78,0.62
2010-12-01,2010,12,Soybeans,Oils & Meals,($/mt),546.0,6.23,16.67,21.6,106.82,1.31
2011-01-01,2011,1,Soybeans,Oils & Meals,($/mt),568.0,4.03,14.52,30.28,121.01,0.57
2011-02-01,2011,2,Soybeans,Oils & Meals,($/mt),566.0,-0.35,10.12,37.38,120.23,-0.69
2011-03-01,2011,3,Soybeans,Oils & Meals,($/mt),553.0,-2.3,1.28,35.21,115.18,-1.62
2011-04-01,2011,4,Soybeans,Oils & Meals,($/mt),557.0,0.72,-1.94,38.21,115.89,-0.57
2011-05-01,2011,5,Soybeans,Oils & Meals,($/mt),557.0,0.0,-1.59,38.21,109.4,-0.9
2011-06-01,2011,6,Soybeans,Oils & Meals,($/mt),556.0,-0.18,0.54,38.65,108.24,-0.96
2011-07-01,2011,7,Soybeans,Oils & Meals,($/mt),557.0,0.18,0.0,30.14,104.78,-0.86
2011-08-01,2011,8,Soybeans,Oils & Meals,($/mt),553.0,-0.72,-0.72,22.89,111.07,-1.03
2011-09-01,2011,9,Soybeans,Oils & Meals,($/mt),532.0,-3.8,-4.32,13.68,106.2,-1.96
2011-10-01,2011,10,Soybeans,Oils & Meals,($/mt),491.0,-7.71,-11.85,-1.01,79.85,-2.79
2011-11-01,2011,11,Soybeans,Oils & Meals,($/mt),478.0,-2.65,-13.56,-7.0,59.33,-0.71
2011-12-01,2011,12,Soybeans,Oils & Meals,($/mt),483.0,1.05,-9.21,-11.54,62.63,0.45
2012-01-01,2012,1,Soybeans,Oils & Meals,($/mt),503.0,4.14,2.44,-11.44,64.38,1.76
2012-02-01,2012,2,Soybeans,Oils & Meals,($/mt),523.0,3.98,9.41,-7.6,60.92,1.69
2012-03-01,2012,3,Soybeans,Oils & Meals,($/mt),547.0,4.59,13.25,-1.08,69.88,1.59
2012-04-01,2012,4,Soybeans,Oils & Meals,($/mt),584.0,6.76,16.1,4.85,82.5,1.93
2012-05-01,2012,5,Soybeans,Oils & Meals,($/mt),577.0,-1.2,10.33,3.59,72.75,-0.41
2012-06-01,2012,6,Soybeans,Oils & Meals,($/mt),578.0,0.17,5.67,3.96,60.11,-0.05
2012-07-01,2012,7,Soybeans,Oils & Meals,($/mt),670.0,15.92,14.73,20.29,78.19,3.82
2012-08-01,2012,8,Soybeans,Oils & Meals,($/mt),684.0,2.09,18.54,23.69,77.66,0.06
2012-09-01,2012,9,Soybeans,Oils & Meals,($/mt),677.0,-1.02,17.13,27.26,58.92,-0.5
2012-10-01,2012,10,Soybeans,Oils & Meals,($/mt),626.0,-7.53,-6.57,27.49,39.11,-1.67
2012-11-01,2012,11,Soybeans,Oils & Meals,($/mt),585.0,-6.55,-14.47,22.38,19.63,-1.51
2012-12-01,2012,12,Soybeans,Oils & Meals,($/mt),591.0,1.03,-12.7,22.36,17.26,-0.14
2013-01-01,2013,1,Soybeans,Oils & Meals,($/mt),595.0,0.68,-4.95,18.29,12.48,-0.19
2013-02-01,2013,2,Soybeans,Oils & Meals,($/mt),611.0,2.69,4.44,16.83,6.45,0.18
2013-03-01,2013,3,Soybeans,Oils & Meals,($/mt),585.0,-4.26,-1.02,6.95,4.65,-0.94
2013-04-01,2013,4,Soybeans,Oils & Meals,($/mt),564.0,-3.59,-5.21,-3.42,2.73,-0.69
2013-05-01,2013,5,Soybeans,Oils & Meals,($/mt),498.0,-11.7,-18.49,-13.69,-12.01,-1.92
2013-06-01,2013,6,Soybeans,Oils & Meals,($/mt),525.0,5.42,-10.26,-9.17,-17.32,0.93
2013-07-01,2013,7,Soybeans,Oils & Meals,($/mt),511.0,-2.67,-9.4,-23.73,-19.78,-0.29
2013-08-01,2013,8,Soybeans,Oils & Meals,($/mt),512.0,0.2,2.81,-25.15,-8.08,0.47
2013-09-01,2013,9,Soybeans,Oils & Meals,($/mt),560.0,9.38,6.67,-17.28,6.67,2.44
2013-10-01,2013,10,Soybeans,Oils & Meals,($/mt),541.0,-3.39,5.87,-13.58,35.25,-0.34
2013-11-01,2013,11,Soybeans,Oils & Meals,($/mt),551.0,1.85,7.62,-5.81,48.12,0.52
2013-12-01,2013,12,Soybeans,Oils & Meals,($/mt),564.0,2.36,0.71,-4.57,57.1,0.51
2014-01-01,2014,1,Soybeans,Oils & Meals,($/mt),566.0,0.35,4.62,-4.87,41.15,0.11
2014-02-01,2014,2,Soybeans,Oils & Meals,($/mt),491.0,-13.25,-10.89,-19.64,31.28,-2.41
2014-03-01,2014,3,Soybeans,Oils & Meals,($/mt),531.0,8.15,-5.85,-9.23,42.36,1.51
2014-04-01,2014,4,Soybeans,Oils & Meals,($/mt),516.0,-2.82,-8.83,-8.51,32.99,-0.32
2014-05-01,2014,5,Soybeans,Oils & Meals,($/mt),519.0,0.58,5.7,4.22,21.83,0.16
2014-06-01,2014,6,Soybeans,Oils & Meals,($/mt),511.0,-1.54,-3.77,-2.67,15.61,-0.34
2014-07-01,2014,7,Soybeans,Oils & Meals,($/mt),472.0,-7.63,-8.53,-7.63,9.51,-1.31
2014-08-01,2014,8,Soybeans,Oils & Meals,($/mt),459.0,-2.75,-11.56,-10.35,-7.83,-0.37
2014-09-01,2014,9,Soybeans,Oils & Meals,($/mt),430.0,-6.32,-15.85,-23.21,1.18,-0.9
2014-10-01,2014,10,Soybeans,Oils & Meals,($/mt),426.0,-0.93,-9.75,-21.26,-0.93,0.2
2014-11-01,2014,11,Soybeans,Oils & Meals,($/mt),450.0,5.63,-1.96,-18.33,0.67,1.37
2014-12-01,2014,12,Soybeans,Oils & Meals,($/mt),448.0,-0.44,4.19,-20.57,-0.22,0.18
2015-01-01,2015,1,Soybeans,Oils & Meals,($/mt),433.0,-3.35,1.64,-23.5,-0.69,-0.28
2015-02-01,2015,2,Soybeans,Oils & Meals,($/mt),424.0,-2.08,-5.78,-13.65,2.91,-0.0
2015-03-01,2015,3,Soybeans,Oils & Meals,($/mt),410.0,-3.3,-8.48,-22.79,0.24,-0.49
2015-04-01,2015,4,Soybeans,Oils & Meals,($/mt),395.0,-3.66,-8.78,-23.45,-1.99,-0.47
2015-05-01,2015,5,Soybeans,Oils & Meals,($/mt),388.0,-1.77,-8.49,-25.24,-3.72,0.11
2015-06-01,2015,6,Soybeans,Oils & Meals,($/mt),391.0,0.77,-4.63,-23.48,-2.49,0.95
2015-07-01,2015,7,Soybeans,Oils & Meals,($/mt),406.0,3.84,2.78,-13.98,-5.14,1.77
2015-08-01,2015,8,Soybeans,Oils & Meals,($/mt),379.0,-6.65,-2.32,-17.43,-15.78,-1.64
2015-09-01,2015,9,Soybeans,Oils & Meals,($/mt),367.0,-3.17,-6.14,-14.65,-21.58,-0.45
2015-10-01,2015,10,Soybeans,Oils & Meals,($/mt),376.0,2.45,-7.39,-11.74,-24.19,1.1
2015-11-01,2015,11,Soybeans,Oils & Meals,($/mt),368.0,-2.13,-2.9,-18.22,-28.4,-0.32
2015-12-01,2015,12,Soybeans,Oils & Meals,($/mt),368.0,0.0,0.27,-17.86,-32.6,0.56
2016-01-01,2016,1,Soybeans,Oils & Meals,($/mt),373.0,1.36,-0.8,-13.86,-34.33,1.01
2016-02-01,2016,2,Soybeans,Oils & Meals,($/mt),374.0,0.27,1.63,-11.79,-33.92,0.49
2016-03-01,2016,3,Soybeans,Oils & Meals,($/mt),381.0,1.87,3.53,-7.07,-31.1,0.96
2016-04-01,2016,4,Soybeans,Oils & Meals,($/mt),395.0,3.67,5.9,0.0,-29.08,1.42
2016-05-01,2016,5,Soybeans,Oils & Meals,($/mt),423.0,7.09,13.1,9.02,-24.06,2.31
2016-06-01,2016,6,Soybeans,Oils & Meals,($/mt),457.0,8.04,19.95,16.88,-17.81,2.02
2016-07-01,2016,7,Soybeans,Oils & Meals,($/mt),431.0,-5.69,9.11,6.16,-22.62,-1.7
2016-08-01,2016,8,Soybeans,Oils & Meals,($/mt),412.0,-4.41,-2.6,8.71,-25.5,-1.1
2016-09-01,2016,9,Soybeans,Oils & Meals,($/mt),404.0,-1.94,-11.6,10.08,-24.06,-0.64
2016-10-01,2016,10,Soybeans,Oils & Meals,($/mt),402.0,-0.5,-6.73,6.91,-18.13,-0.33
2016-11-01,2016,11,Soybeans,Oils & Meals,($/mt),398.0,-1.0,-3.4,8.15,-16.74,-0.39
2016-12-01,2016,12,Soybeans,Oils & Meals,($/mt),416.0,4.52,2.97,13.04,-13.87,0.93
2017-01-01,2017,1,Soybeans,Oils & Meals,($/mt),412.0,-0.96,2.49,10.46,-18.09,-0.49
2017-02-01,2017,2,Soybeans,Oils & Meals,($/mt),395.0,-4.13,-0.75,5.61,-24.47,-1.18
2017-03-01,2017,3,Soybeans,Oils & Meals,($/mt),384.0,-2.78,-7.69,0.79,-29.8,-0.74
2017-04-01,2017,4,Soybeans,Oils & Meals,($/mt),387.0,0.78,-6.07,-2.03,-33.73,0.14
2017-05-01,2017,5,Soybeans,Oils & Meals,($/mt),390.0,0.78,-1.27,-7.8,-32.41,0.19
2017-06-01,2017,6,Soybeans,Oils & Meals,($/mt),379.0,-2.82,-1.3,-17.07,-34.43,-0.57
2017-07-01,2017,7,Soybeans,Oils & Meals,($/mt),410.0,8.18,5.94,-4.87,-38.81,3.49
2017-08-01,2017,8,Soybeans,Oils & Meals,($/mt),393.0,-4.15,0.77,-4.61,-42.54,-1.04
2017-09-01,2017,9,Soybeans,Oils & Meals,($/mt),394.0,0.25,3.96,-2.48,-41.8,0.16
2017-10-01,2017,10,Soybeans,Oils & Meals,($/mt),397.0,0.76,-3.17,-1.24,-36.58,0.26
2017-11-01,2017,11,Soybeans,Oils & Meals,($/mt),394.0,-0.76,0.25,-1.01,-32.65,-0.2
2017-12-01,2017,12,Soybeans,Oils & Meals,($/mt),387.0,-1.78,-1.78,-6.97,-34.52,-0.49
2018-01-01,2018,1,Soybeans,Oils & Meals,($/mt),390.0,0.78,-1.76,-5.34,-34.45,0.4
2018-02-01,2018,2,Soybeans,Oils & Meals,($/mt),416.0,6.67,5.58,5.32,-31.91,2.13
2018-03-01,2018,3,Soybeans,Oils & Meals,($/mt),430.0,3.37,11.11,11.98,-26.5,0.78
2018-04-01,2018,4,Soybeans,Oils & Meals,($/mt),439.0,2.09,12.56,13.44,-22.16,0.3
2018-05-01,2018,5,Soybeans,Oils & Meals,($/mt),430.0,-2.05,3.37,10.26,-13.65,-0.88
2018-06-01,2018,6,Soybeans,Oils & Meals,($/mt),394.0,-8.37,-8.37,3.96,-24.95,-2.49
2018-07-01,2018,7,Soybeans,Oils & Meals,($/mt),377.0,-4.31,-14.12,-8.05,-26.22,-1.05
2018-08-01,2018,8,Soybeans,Oils & Meals,($/mt),377.0,0.0,-12.33,-4.07,-26.37,0.16
2018-09-01,2018,9,Soybeans,Oils & Meals,($/mt),357.0,-5.31,-9.39,-9.39,-36.25,-1.33
2018-10-01,2018,10,Soybeans,Oils & Meals,($/mt),368.0,3.08,-2.39,-7.3,-31.98,0.95
2018-11-01,2018,11,Soybeans,Oils & Meals,($/mt),374.0,1.63,-0.8,-5.08,-32.12,0.52
2018-12-01,2018,12,Soybeans,Oils & Meals,($/mt),381.0,1.87,6.72,-1.55,-32.45,0.53
2019-01-01,2019,1,Soybeans,Oils & Meals,($/mt),382.0,0.26,3.8,-2.05,-32.51,0.07
2019-02-01,2019,2,Soybeans,Oils & Meals,($/mt),380.0,-0.52,1.6,-8.65,-22.61,-0.1
2019-03-01,2019,3,Soybeans,Oils & Meals,($/mt),370.0,-2.63,-2.89,-13.95,-30.32,-0.53
2019-04-01,2019,4,Soybeans,Oils & Meals,($/mt),360.0,-2.7,-5.76,-18.0,-30.23,-0.44
2019-05-01,2019,5,Soybeans,Oils & Meals,($/mt),340.0,-5.56,-10.53,-20.93,-34.49,-1.2
2019-06-01,2019,6,Soybeans,Oils & Meals,($/mt),359.0,5.59,-2.97,-8.88,-29.75,2.13
2019-07-01,2019,7,Soybeans,Oils & Meals,($/mt),370.0,3.06,2.78,-1.86,-21.61,1.09
2019-08-01,2019,8,Soybeans,Oils & Meals,($/mt),361.0,-2.43,6.18,-4.24,-21.35,-0.68
2019-09-01,2019,9,Soybeans,Oils & Meals,($/mt),366.0,1.39,1.95,2.52,-14.88,0.48
2019-10-01,2019,10,Soybeans,Oils & Meals,($/mt),382.0,4.37,3.24,3.8,-10.33,1.31
2019-11-01,2019,11,Soybeans,Oils & Meals,($/mt),376.0,-1.57,4.16,0.53,-16.44,-0.59
2019-12-01,2019,12,Soybeans,Oils & Meals,($/mt),383.0,1.86,4.64,0.52,-14.51,0.54
2020-01-01,2020,1,Soybeans,Oils & Meals,($/mt),387.0,1.04,1.31,1.31,-10.62,0.29
2020-02-01,2020,2,Soybeans,Oils & Meals,($/mt),376.0,-2.84,0.0,-1.05,-11.32,-0.91
2020-03-01,2020,3,Soybeans,Oils & Meals,($/mt),373.0,-0.8,-2.61,0.81,-9.02,-0.22
2020-04-01,2020,4,Soybeans,Oils & Meals,($/mt),361.0,-3.22,-6.72,0.28,-8.61,-1.0
2020-05-01,2020,5,Soybeans,Oils & Meals,($/mt),359.0,-0.55,-4.52,5.59,-7.47,-0.19
2020-06-01,2020,6,Soybeans,Oils & Meals,($/mt),370.0,3.06,-0.8,3.06,-5.37,0.89
2020-07-01,2020,7,Soybeans,Oils & Meals,($/mt),381.0,2.97,5.54,2.97,-6.16,1.06
2020-08-01,2020,8,Soybeans,Oils & Meals,($/mt),385.0,1.05,7.24,6.65,1.58,0.31
2020-09-01,2020,9,Soybeans,Oils & Meals,($/mt),423.0,9.87,14.32,15.57,15.26,3.89
2020-10-01,2020,10,Soybeans,Oils & Meals,($/mt),454.0,7.33,19.16,18.85,20.74,1.68
2020-11-01,2020,11,Soybeans,Oils & Meals,($/mt),500.0,10.13,29.87,32.98,35.87,2.2
2020-12-01,2020,12,Soybeans,Oils & Meals,($/mt),511.0,2.2,20.8,33.42,38.86,-0.07
2021-01-01,2021,1,Soybeans,Oils & Meals,($/mt),576.0,12.72,26.87,48.84,54.42,2.27
2021-02-01,2021,2,Soybeans,Oils & Meals,($/mt),578.0,0.35,15.6,53.72,54.55,-0.59
2021-03-01,2021,3,Soybeans,Oils & Meals,($/mt),586.0,1.38,14.68,57.1,53.81,-0.47
2021-04-01,2021,4,Soybeans,Oils & Meals,($/mt),597.0,1.88,3.65,65.37,51.14,-0.42
2021-05-01,2021,5,Soybeans,Oils & Meals,($/mt),647.0,8.38,11.94,80.22,52.96,0.9
2021-06-01,2021,6,Soybeans,Oils & Meals,($/mt),615.0,-4.95,4.95,66.22,34.57,-2.35
2021-07-01,2021,7,Soybeans,Oils & Meals,($/mt),600.0,-2.44,0.5,57.48,39.21,-1.33
2021-08-01,2021,8,Soybeans,Oils & Meals,($/mt),586.0,-2.33,-9.43,52.21,42.23,-1.14
2021-09-01,2021,9,Soybeans,Oils & Meals,($/mt),558.0,-4.78,-9.27,31.91,38.12,-1.47
2021-10-01,2021,10,Soybeans,Oils & Meals,($/mt),552.0,-1.08,-8.0,21.59,37.31,-0.6
2021-11-01,2021,11,Soybeans,Oils & Meals,($/mt),551.0,-0.18,-5.97,10.2,38.44,-0.34
2021-12-01,2021,12,Soybeans,Oils & Meals,($/mt),554.0,0.54,-0.72,8.41,33.17,-0.07
2022-01-01,2022,1,Soybeans,Oils & Meals,($/mt),606.0,9.39,9.78,5.21,47.09,1.67
2022-02-01,2022,2,Soybeans,Oils & Meals,($/mt),662.0,9.24,20.15,14.53,67.59,1.95
2022-03-01,2022,3,Soybeans,Oils & Meals,($/mt),721.0,8.91,30.14,23.04,87.76,1.49
2022-04-01,2022,4,Soybeans,Oils & Meals,($/mt),721.0,0.0,18.98,20.77,86.3,-0.34
2022-05-01,2022,5,Soybeans,Oils & Meals,($/mt),724.0,0.42,9.37,11.9,85.64,-0.23
2022-06-01,2022,6,Soybeans,Oils & Meals,($/mt),737.0,1.8,2.22,19.84,94.46,0.14
2022-07-01,2022,7,Soybeans,Oils & Meals,($/mt),678.0,-8.01,-5.96,13.0,65.37,-1.98
2022-08-01,2022,8,Soybeans,Oils & Meals,($/mt),671.0,-1.03,-7.32,14.51,70.74,-0.4
2022-09-01,2022,9,Soybeans,Oils & Meals,($/mt),664.0,-1.04,-9.91,19.0,68.53,-0.42
2022-10-01,2022,10,Soybeans,Oils & Meals,($/mt),626.0,-5.72,-7.67,13.41,57.68,-1.41
2022-11-01,2022,11,Soybeans,Oils & Meals,($/mt),649.0,3.67,-3.28,17.79,64.72,0.45
2022-12-01,2022,12,Soybeans,Oils & Meals,($/mt),646.0,-0.46,-2.71,16.61,66.93,-0.35
2023-01-01,2023,1,Soybeans,Oils & Meals,($/mt),627.0,-2.94,0.16,3.47,60.77,-0.78
2023-02-01,2023,2,Soybeans,Oils & Meals,($/mt),651.0,3.83,0.31,-1.66,56.49,0.67
2023-03-01,2023,3,Soybeans,Oils & Meals,($/mt),628.0,-3.53,-2.79,-12.9,46.05,-0.78
2023-04-01,2023,4,Soybeans,Oils & Meals,($/mt),615.0,-2.07,-1.91,-14.7,40.09,-0.28
2023-05-01,2023,5,Soybeans,Oils & Meals,($/mt),595.0,-3.25,-8.6,-17.82,38.37,-0.56
2023-06-01,2023,6,Soybeans,Oils & Meals,($/mt),592.0,-0.5,-5.73,-19.67,50.25,0.3
2023-07-01,2023,7,Soybeans,Oils & Meals,($/mt),634.0,7.09,3.09,-6.49,68.17,2.61
2023-08-01,2023,8,Soybeans,Oils & Meals,($/mt),584.0,-7.89,-1.85,-12.97,54.91,-2.02
2023-09-01,2023,9,Soybeans,Oils & Meals,($/mt),619.0,5.99,4.56,-6.78,73.39,1.67
2023-10-01,2023,10,Soybeans,Oils & Meals,($/mt),530.0,-14.38,-16.4,-15.34,44.02,-2.96
2023-11-01,2023,11,Soybeans,Oils & Meals,($/mt),553.0,4.34,-5.31,-14.79,47.86,0.92
2023-12-01,2023,12,Soybeans,Oils & Meals,($/mt),547.0,-1.08,-11.63,-15.33,43.57,0.01
2024-01-01,2024,1,Soybeans,Oils & Meals,($/mt),547.0,0.0,3.21,-12.76,43.19,0.2
2024-02-01,2024,2,Soybeans,Oils & Meals,($/mt),520.0,-4.94,-5.97,-20.12,36.84,-0.65
2024-03-01,2024,3,Soybeans,Oils & Meals,($/mt),487.0,-6.35,-10.97,-22.45,31.62,-0.78
2024-04-01,2024,4,Soybeans,Oils & Meals,($/mt),477.0,-2.05,-12.8,-22.44,32.5,-0.02
2024-05-01,2024,5,Soybeans,Oils & Meals,($/mt),490.0,2.73,-5.77,-17.65,44.12,0.76
2024-06-01,2024,6,Soybeans,Oils & Meals,($/mt),480.0,-2.04,-1.44,-18.92,33.7,-0.1
2024-07-01,2024,7,Soybeans,Oils & Meals,($/mt),470.0,-2.08,-1.47,-25.87,27.03,-0.09
2024-08-01,2024,8,Soybeans,Oils & Meals,($/mt),400.0,-14.89,-18.37,-31.51,10.8,-2.24
2024-09-01,2024,9,Soybeans,Oils & Meals,($/mt),391.0,-2.25,-18.54,-36.83,6.83,0.1
2024-10-01,2024,10,Soybeans,Oils & Meals,($/mt),442.0,13.04,-5.96,-16.6,15.71,2.81
2024-11-01,2024,11,Soybeans,Oils & Meals,($/mt),436.0,-1.36,9.0,-21.16,15.96,-0.01
2024-12-01,2024,12,Soybeans,Oils & Meals,($/mt),409.0,-6.19,4.6,-25.23,6.79,-0.69
2025-01-01,2025,1,Soybeans,Oils & Meals,($/mt),411.0,0.49,-7.01,-24.86,6.2,0.41
2025-02-01,2025,2,Soybeans,Oils & Meals,($/mt),412.0,0.24,-5.5,-20.77,9.57,0.37
2025-03-01,2025,3,Soybeans,Oils & Meals,($/mt),401.0,-2.67,-1.96,-17.66,7.51,-0.15
2025-04-01,2025,4,Soybeans,Oils & Meals,($/mt),408.0,1.75,-0.73,-14.47,13.02,0.5
2025-05-01,2025,5,Soybeans,Oils & Meals,($/mt),414.0,1.47,0.49,-15.51,15.32,0.4
2025-06-01,2025,6,Soybeans,Oils & Meals,($/mt),416.0,0.48,3.74,-13.33,12.43,0.27
2025-07-01,2025,7,Soybeans,Oils & Meals,($/mt),410.0,-1.44,0.49,-12.77,7.61,-0.07
2025-08-01,2025,8,Soybeans,Oils & Meals,($/mt),407.0,-0.73,-1.69,1.75,5.71,0.03
2025-09-01,2025,9,Soybeans,Oils & Meals,($/mt),404.0,-0.74,-2.88,3.32,-4.49,-0.21
2025-10-01,2025,10,Soybeans,Oils & Meals,($/mt),404.0,0.0,-1.46,-8.6,-11.01,-0.08
2025-11-01,2025,11,Soybeans,Oils & Meals,($/mt),446.0,10.4,9.58,2.29,-10.8,5.22
2025-12-01,2025,12,Soybeans,Oils & Meals,($/mt),440.0,-1.35,8.91,7.58,-13.89,-0.42
2026-01-01,2026,1,Soybeans,Oils & Meals,($/mt),425.0,-3.41,5.2,3.41,-26.22,-1.23
2026-02-01,2026,2,Soybeans,Oils & Meals,($/mt),459.0,8.0,2.91,11.41,-20.59,2.18
2026-03-01,2026,3,Soybeans,Oils & Meals,($/mt),473.0,3.05,7.5,17.96,-19.28,0.5
2026-04-01,2026,4,Soybeans,Oils & Meals,($/mt),463.0,-2.11,8.94,13.48,-22.45,-0.89
2026-05-01,2026,5,Soybeans,Oils & Meals,($/mt),473.0,2.16,3.05,14.25,-26.89,0.25
2026-06-01,2026,6,Soybeans,Oils & Meals,($/mt),464.0,-1.9,-1.9,11.54,-24.55,-0.74
2026-07-01,2026,7,Soybeans,Oils & Meals,($/mt),478.0,3.02,3.24,16.59,-20.33,0.48
2026-08-01,2026,8,Soybeans,Oils & Meals,($/mt),482.0,0.84,1.9,18.43,-17.75,-0.13
2026-09-01,2026,9,Soybeans,Oils & Meals,($/mt),524.0,8.71,12.93,29.7,-6.09,1.73
1960-01-01,1960,1,"Sugar, EU",Other Food,($/kg),0.12,,,,,
1960-02-01,1960,2,"Sugar, EU",Other Food,($/kg),0.12,0.0,,,,
1960-03-01,1960,3,"Sugar, EU",Other Food,($/kg),0.12,0.0,,,,
1960-04-01,1960,4,"Sugar, EU",Other Food,($/kg),0.12,0.0,0.0,,,
1960-05-01,1960,5,"Sugar, EU",Other Food,($/kg),0.12,0.0,0.0,,,
1960-06-01,1960,6,"Sugar, EU",Other Food,($/kg),0.12,0.0,0.0,,,
1960-07-01,1960,7,"Sugar, EU",Other Food,($/kg),0.12,0.0,0.0,,,
1960-08-01,1960,8,"Sugar, EU",Other Food,($/kg),0.12,0.0,0.0,,,0.0
1960-09-01,1960,9,"Sugar, EU",Other Food,($/kg),0.12,0.0,0.0,,,0.0
1960-10-01,1960,10,"Sugar, EU",Other Food,($/kg),0.12,0.0,0.0,,,0.0
1960-11-01,1960,11,"Sugar, EU",Other Food,($/kg),0.12,0.0,0.0,,,0.0
1960-12-01,1960,12,"Sugar, EU",Other Food,($/kg),0.12,0.0,0.0,,,0.0
1961-01-01,1961,1,"Sugar, EU",Other Food,($/kg),0.12,0.0,0.0,0.0,,0.0
1961-02-01,1961,2,"Sugar, EU",Other Food,($/kg),0.12,0.0,0.0,0.0,,0.0
1961-03-01,1961,3,"Sugar, EU",Other Food,($/kg),0.12,0.0,0.0,0.0,,0.0
1961-04-01,1961,4,"Sugar, EU",Other Food,($/kg),0.12,0.0,0.0,0.0,,0.0
1961-05-01,1961,5,"Sugar, EU",Other Food,($/kg),0.12,0.0,0.0,0.0,,0.0
1961-06-01,1961,6,"Sugar, EU",Other Food,($/kg),0.12,0.0,0.0,0.0,,0.0
1961-07-01,1961,7,"Sugar, EU",Other Food,($/kg),0.12,0.0,0.0,0.0,,0.0
1961-08-01,1961,8,"Sugar, EU",Other Food,($/kg),0.12,0.0,0.0,0.0,,0.0
1961-09-01,1961,9,"Sugar, EU",Other Food,($/kg),0.12,0.0,0.0,0.0,,0.0
1961-10-01,1961,10,"Sugar, EU",Other Food,($/kg),0.12,0.0,0.0,0.0,,0.0
1961-11-01,1961,11,"Sugar, EU",Other Food,($/kg),0.12,0.0,0.0,0.0,,0.0
1961-12-01,1961,12,"Sugar, EU",Other Food,($/kg),0.12,0.0,0.0,0.0,,0.0
1962-01-01,1962,1,"Sugar, EU",Other Food,($/kg),0.13,8.33,8.33,8.33,,0.0
1962-02-01,1962,2,"Sugar, EU",Other Food,($/kg),0.13,0.0,8.33,8.33,,-0.29
1962-03-01,1962,3,"Sugar, EU",Other Food,($/kg),0.13,0.0,8.33,8.33,,-0.29
1962-04-01,1962,4,"Sugar, EU",Other Food,($/kg),0.13,0.0,0.0,8.33,,-0.29
1962-05-01,1962,5,"Sugar, EU",Other Food,($/kg),0.13,0.0,0.0,8.33,,-0.29
1962-06-01,1962,6,"Sugar, EU",Other Food,($/kg),0.13,0.0,0.0,8.33,,-0.29
1962-07-01,1962,7,"Sugar, EU",Other Food,($/kg),0.13,0.0,0.0,8.33,,-0.29
1962-08-01,1962,8,"Sugar, EU",Other Food,($/kg),0.13,0.0,0.0,8.33,,-0.29
1962-09-01,1962,9,"Sugar, EU",Other Food,($/kg),0.13,0.0,0.0,8.33,,-0.29
1962-10-01,1962,10,"Sugar, EU",Other Food,($/kg),0.13,0.0,0.0,8.33,,-0.29
1962-11-01,1962,11,"Sugar, EU",Other Food,($/kg),0.13,0.0,0.0,8.33,,-0.29
1962-12-01,1962,12,"Sugar, EU",Other Food,($/kg),0.13,0.0,0.0,8.33,,-0.29
1963-01-01,1963,1,"Sugar, EU",Other Food,($/kg),0.13,0.0,0.0,0.0,,-0.29
1963-02-01,1963,2,"Sugar, EU",Other Food,($/kg),0.13,0.0,0.0,0.0,,0.0
1963-03-01,1963,3,"Sugar, EU",Other Food,($/kg),0.13,0.0,0.0,0.0,,0.0
1963-04-01,1963,4,"Sugar, EU",Other Food,($/kg),0.13,0.0,0.0,0.0,,0.0
1963-05-01,1963,5,"Sugar, EU",Other Food,($/kg),0.13,0.0,0.0,0.0,,0.0
1963-06-01,1963,6,"Sugar, EU",Other Food,($/kg),0.13,0.0,0.0,0.0,,0.0
1963-07-01,1963,7,"Sugar, EU",Other Food,($/kg),0.13,0.0,0.0,0.0,,0.0
1963-08-01,1963,8,"Sugar, EU",Other Food,($/kg),0.13,0.0,0.0,0.0,,0.0
1963-09-01,1963,9,"Sugar, EU",Other Food,($/kg),0.13,0.0,0.0,0.0,,0.0
1963-10-01,1963,10,"Sugar, EU",Other Food,($/kg),0.13,0.0,0.0,0.0,,0.0
1963-11-01,1963,11,"Sugar, EU",Other Food,($/kg),0.13,0.0,0.0,0.0,,0.0
1963-12-01,1963,12,"Sugar, EU",Other Food,($/kg),0.13,0.0,0.0,0.0,,0.0
1964-01-01,1964,1,"Sugar, EU",Other Food,($/kg),0.13,0.0,0.0,0.0,,0.0
1964-02-01,1964,2,"Sugar, EU",Other Food,($/kg),0.13,0.0,0.0,0.0,,0.0
1964-03-01,1964,3,"Sugar, EU",Other Food,($/kg),0.13,0.0,0.0,0.0,,0.0
1964-04-01,1964,4,"Sugar, EU",Other Food,($/kg),0.13,0.0,0.0,0.0,,0.0
1964-05-01,1964,5,"Sugar, EU",Other Food,($/kg),0.13,0.0,0.0,0.0,,0.0
1964-06-01,1964,6,"Sugar, EU",Other Food,($/kg),0.13,0.0,0.0,0.0,,0.0
1964-07-01,1964,7,"Sugar, EU",Other Food,($/kg),0.13,0.0,0.0,0.0,,0.0
1964-08-01,1964,8,"Sugar, EU",Other Food,($/kg),0.13,0.0,0.0,0.0,,0.0
1964-09-01,1964,9,"Sugar, EU",Other Food,($/kg),0.13,0.0,0.0,0.0,,0.0
1964-10-01,1964,10,"Sugar, EU",Other Food,($/kg),0.13,0.0,0.0,0.0,,0.0
1964-11-01,1964,11,"Sugar, EU",Other Food,($/kg),0.13,0.0,0.0,0.0,,0.0
1964-12-01,1964,12,"Sugar, EU",Other Food,($/kg),0.12,-7.69,-7.69,-7.69,,0.0
1965-01-01,1965,1,"Sugar, EU",Other Food,($/kg),0.12,0.0,-7.69,-7.69,0.0,0.29
1965-02-01,1965,2,"Sugar, EU",Other Food,($/kg),0.12,0.0,-7.69,-7.69,0.0,0.29
1965-03-01,1965,3,"Sugar, EU",Other Food,($/kg),0.12,0.0,0.0,-7.69,0.0,0.29
1965-04-01,1965,4,"Sugar, EU",Other Food,($/kg),0.12,0.0,0.0,-7.69,0.0,0.29
1965-05-01,1965,5,"Sugar, EU",Other Food,($/kg),0.12,0.0,0.0,-7.69,0.0,0.29
1965-06-01,1965,6,"Sugar, EU",Other Food,($/kg),0.12,0.0,0.0,-7.69,0.0,0.29
1965-07-01,1965,7,"Sugar, EU",Other Food,($/kg),0.12,0.0,0.0,-7.69,0.0,0.29
1965-08-01,1965,8,"Sugar, EU",Other Food,($/kg),0.12,0.0,0.0,-7.69,0.0,0.29
1965-09-01,1965,9,"Sugar, EU",Other Food,($/kg),0.12,0.0,0.0,-7.69,0.0,0.29
1965-10-01,1965,10,"Sugar, EU",Other Food,($/kg),0.12,0.0,0.0,-7.69,0.0,0.29
1965-11-01,1965,11,"Sugar, EU",Other Food,($/kg),0.12,0.0,0.0,-7.69,0.0,0.29
1965-12-01,1965,12,"Sugar, EU",Other Food,($/kg),0.12,0.0,0.0,0.0,0.0,0.29
1966-01-01,1966,1,"Sugar, EU",Other Food,($/kg),0.13,8.33,8.33,8.33,8.33,0.0
1966-02-01,1966,2,"Sugar, EU",Other Food,($/kg),0.13,0.0,8.33,8.33,8.33,-0.29
1966-03-01,1966,3,"Sugar, EU",Other Food,($/kg),0.13,0.0,8.33,8.33,8.33,-0.29
1966-04-01,1966,4,"Sugar, EU",Other Food,($/kg),0.13,0.0,0.0,8.33,8.33,-0.29
1966-05-01,1966,5,"Sugar, EU",Other Food,($/kg),0.13,0.0,0.0,8.33,8.33,-0.29
1966-06-01,1966,6,"Sugar, EU",Other Food,($/kg),0.13,0.0,0.0,8.33,8.33,-0.29
1966-07-01,1966,7,"Sugar, EU",Other Food,($/kg),0.13,0.0,0.0,8.33,8.33,-0.29
1966-08-01,1966,8,"Sugar, EU",Other Food,($/kg),0.13,0.0,0.0,8.33,8.33,-0.29
1966-09-01,1966,9,"Sugar, EU",Other Food,($/kg),0.13,0.0,0.0,8.33,8.33,-0.29
1966-10-01,1966,10,"Sugar, EU",Other Food,($/kg),0.13,0.0,0.0,8.33,8.33,-0.29
1966-11-01,1966,11,"Sugar, EU",Other Food,($/kg),0.13,0.0,0.0,8.33,8.33,-0.29
1966-12-01,1966,12,"Sugar, EU",Other Food,($/kg),0.13,0.0,0.0,8.33,8.33,-0.29
1967-01-01,1967,1,"Sugar, EU",Other Food,($/kg),0.13,0.0,0.0,0.0,0.0,-0.29
1967-02-01,1967,2,"Sugar, EU",Other Food,($/kg),0.13,0.0,0.0,0.0,0.0,0.0
1967-03-01,1967,3,"Sugar, EU",Other Food,($/kg),0.13,0.0,0.0,0.0,0.0,0.0
1967-04-01,1967,4,"Sugar, EU",Other Food,($/kg),0.13,0.0,0.0,0.0,0.0,0.0
1967-05-01,1967,5,"Sugar, EU",Other Food,($/kg),0.13,0.0,0.0,0.0,0.0,0.0
1967-06-01,1967,6,"Sugar, EU",Other Food,($/kg),0.13,0.0,0.0,0.0,0.0,0.0
1967-07-01,1967,7,"Sugar, EU",Other Food,($/kg),0.13,0.0,0.0,0.0,0.0,0.0
1967-08-01,1967,8,"Sugar, EU",Other Food,($/kg),0.13,0.0,0.0,0.0,0.0,0.0
1967-09-01,1967,9,"Sugar, EU",Other Food,($/kg),0.13,0.0,0.0,0.0,0.0,0.0
1967-10-01,1967,10,"Sugar, EU",Other Food,($/kg),0.13,0.0,0.0,0.0,0.0,0.0
1967-11-01,1967,11,"Sugar, EU",Other Food,($/kg),0.13,0.0,0.0,0.0,0.0,0.0
1967-12-01,1967,12,"Sugar, EU",Other Food,($/kg),0.13,0.0,0.0,0.0,0.0,0.0
1968-01-01,1968,1,"Sugar, EU",Other Food,($/kg),0.11,-15.38,-15.38,-15.38,-15.38,0.0
1968-02-01,1968,2,"Sugar, EU",Other Food,($/kg),0.11,0.0,-15.38,-15.38,-15.38,0.29
1968-03-01,1968,3,"Sugar, EU",Other Food,($/kg),0.11,0.0,-15.38,-15.38,-15.38,0.29
1968-04-01,1968,4,"Sugar, EU",Other Food,($/kg),0.11,0.0,0.0,-15.38,-15.38,0.29
1968-05-01,1968,5,"Sugar, EU",Other Food,($/kg),0.11,0.0,0.0,-15.38,-15.38,0.29
1968-06-01,1968,6,"Sugar, EU",Other Food,($/kg),0.11,0.0,0.0,-15.38,-15.38,0.29
1968-07-01,1968,7,"Sugar, EU",Other Food,($/kg),0.11,0.0,0.0,-15.38,-15.38,0.29
1968-08-01,1968,8,"Sugar, EU",Other Food,($/kg),0.11,0.0,0.0,-15.38,-15.38,0.29
1968-09-01,1968,9,"Sugar, EU",Other Food,($/kg),0.11,0.0,0.0,-15.38,-15.38,0.29
1968-10-01,1968,10,"Sugar, EU",Other Food,($/kg),0.11,0.0,0.0,-15.38,-15.38,0.29
1968-11-01,1968,11,"Sugar, EU",Other Food,($/kg),0.11,0.0,0.0,-15.38,-15.38,0.29
1968-12-01,1968,12,"Sugar, EU",Other Food,($/kg),0.11,0.0,0.0,-15.38,-15.38,0.29
1969-01-01,1969,1,"Sugar, EU",Other Food,($/kg),0.11,0.0,0.0,0.0,-15.38,0.29
1969-02-01,1969,2,"Sugar, EU",Other Food,($/kg),0.11,0.0,0.0,0.0,-15.38,0.0
1969-03-01,1969,3,"Sugar, EU",Other Food,($/kg),0.11,0.0,0.0,0.0,-15.38,0.0
1969-04-01,1969,4,"Sugar, EU",Other Food,($/kg),0.11,0.0,0.0,0.0,-15.38,0.0
1969-05-01,1969,5,"Sugar, EU",Other Food,($/kg),0.11,0.0,0.0,0.0,-15.38,0.0
1969-06-01,1969,6,"Sugar, EU",Other Food,($/kg),0.11,0.0,0.0,0.0,-15.38,0.0
1969-07-01,1969,7,"Sugar, EU",Other Food,($/kg),0.11,0.0,0.0,0.0,-15.38,0.0
1969-08-01,1969,8,"Sugar, EU",Other Food,($/kg),0.11,0.0,0.0,0.0,-15.38,0.0
1969-09-01,1969,9,"Sugar, EU",Other Food,($/kg),0.11,0.0,0.0,0.0,-15.38,0.0
1969-10-01,1969,10,"Sugar, EU",Other Food,($/kg),0.11,0.0,0.0,0.0,-15.38,0.0
1969-11-01,1969,11,"Sugar, EU",Other Food,($/kg),0.11,0.0,0.0,0.0,-15.38,0.0
1969-12-01,1969,12,"Sugar, EU",Other Food,($/kg),0.11,0.0,0.0,0.0,-8.33,0.0
1970-01-01,1970,1,"Sugar, EU",Other Food,($/kg),0.11,0.0,0.0,0.0,-8.33,0.0
1970-02-01,1970,2,"Sugar, EU",Other Food,($/kg),0.11,0.0,0.0,0.0,-8.33,0.0
1970-03-01,1970,3,"Sugar, EU",Other Food,($/kg),0.11,0.0,0.0,0.0,-8.33,0.0
1970-04-01,1970,4,"Sugar, EU",Other Food,($/kg),0.11,0.0,0.0,0.0,-8.33,0.0
1970-05-01,1970,5,"Sugar, EU",Other Food,($/kg),0.11,0.0,0.0,0.0,-8.33,0.0
1970-06-01,1970,6,"Sugar, EU",Other Food,($/kg),0.11,0.0,0.0,0.0,-8.33,0.0
1970-07-01,1970,7,"Sugar, EU",Other Food,($/kg),0.11,0.0,0.0,0.0,-8.33,0.0
1970-08-01,1970,8,"Sugar, EU",Other Food,($/kg),0.11,0.0,0.0,0.0,-8.33,0.0
1970-09-01,1970,9,"Sugar, EU",Other Food,($/kg),0.11,0.0,0.0,0.0,-8.33,0.0
1970-10-01,1970,10,"Sugar, EU",Other Food,($/kg),0.11,0.0,0.0,0.0,-8.33,0.0
1970-11-01,1970,11,"Sugar, EU",Other Food,($/kg),0.11,0.0,0.0,0.0,-8.33,0.0
1970-12-01,1970,12,"Sugar, EU",Other Food,($/kg),0.11,0.0,0.0,0.0,-8.33,0.0
1971-01-01,1971,1,"Sugar, EU",Other Food,($/kg),0.11,0.0,0.0,0.0,-15.38,0.0
1971-02-01,1971,2,"Sugar, EU",Other Food,($/kg),0.11,0.0,0.0,0.0,-15.38,0.0
1971-03-01,1971,3,"Sugar, EU",Other Food,($/kg),0.11,0.0,0.0,0.0,-15.38,0.0
1971-04-01,1971,4,"Sugar, EU",Other Food,($/kg),0.11,0.0,0.0,0.0,-15.38,0.0
1971-05-01,1971,5,"Sugar, EU",Other Food,($/kg),0.11,0.0,0.0,0.0,-15.38,0.0
1971-06-01,1971,6,"Sugar, EU",Other Food,($/kg),0.11,0.0,0.0,0.0,-15.38,0.0
1971-07-01,1971,7,"Sugar, EU",Other Food,($/kg),0.11,0.0,0.0,0.0,-15.38,0.0
1971-08-01,1971,8,"Sugar, EU",Other Food,($/kg),0.11,0.0,0.0,0.0,-15.38,0.0
1971-09-01,1971,9,"Sugar, EU",Other Food,($/kg),0.12,9.09,9.09,9.09,-7.69,0.0
1971-10-01,1971,10,"Sugar, EU",Other Food,($/kg),0.12,0.0,9.09,9.09,-7.69,-0.29
1971-11-01,1971,11,"Sugar, EU",Other Food,($/kg),0.12,0.0,9.09,9.09,-7.69,-0.29
1971-12-01,1971,12,"Sugar, EU",Other Food,($/kg),0.12,0.0,0.0,9.09,-7.69,-0.29
1972-01-01,1972,1,"Sugar, EU",Other Food,($/kg),0.15,25.0,25.0,36.36,15.38,9.24
1972-02-01,1972,2,"Sugar, EU",Other Food,($/kg),0.16,6.67,33.33,45.45,23.08,0.51
1972-03-01,1972,3,"Sugar, EU",Other Food,($/kg),0.16,0.0,33.33,45.45,23.08,-0.45
1972-04-01,1972,4,"Sugar, EU",Other Food,($/kg),0.16,0.0,6.67,45.45,23.08,-0.45
1972-05-01,1972,5,"Sugar, EU",Other Food,($/kg),0.16,0.0,0.0,45.45,23.08,-0.45
1972-06-01,1972,6,"Sugar, EU",Other Food,($/kg),0.15,-6.25,-6.25,36.36,15.38,-1.29
1972-07-01,1972,7,"Sugar, EU",Other Food,($/kg),0.15,0.0,-6.25,36.36,15.38,-0.36
1972-08-01,1972,8,"Sugar, EU",Other Food,($/kg),0.15,0.0,-6.25,36.36,15.38,-0.36
1972-09-01,1972,9,"Sugar, EU",Other Food,($/kg),0.15,0.0,0.0,25.0,15.38,-0.36
1972-10-01,1972,10,"Sugar, EU",Other Food,($/kg),0.14,-6.67,-6.67,16.67,7.69,-1.14
1972-11-01,1972,11,"Sugar, EU",Other Food,($/kg),0.14,0.0,-6.67,16.67,7.69,-0.19
1972-12-01,1972,12,"Sugar, EU",Other Food,($/kg),0.14,0.0,-6.67,16.67,7.69,-0.19
1973-01-01,1973,1,"Sugar, EU",Other Food,($/kg),0.14,0.0,0.0,-6.67,27.27,-0.19
1973-02-01,1973,2,"Sugar, EU",Other Food,($/kg),0.15,7.14,7.14,-6.25,36.36,2.28
1973-03-01,1973,3,"Sugar, EU",Other Food,($/kg),0.15,0.0,7.14,-6.25,36.36,0.14
1973-04-01,1973,4,"Sugar, EU",Other Food,($/kg),0.15,0.0,7.14,-6.25,36.36,0.14
1973-05-01,1973,5,"Sugar, EU",Other Food,($/kg),0.15,0.0,0.0,-6.25,36.36,0.14
1973-06-01,1973,6,"Sugar, EU",Other Food,($/kg),0.15,0.0,0.0,0.0,36.36,0.14
1973-07-01,1973,7,"Sugar, EU",Other Food,($/kg),0.15,0.0,0.0,0.0,36.36,-0.01
1973-08-01,1973,8,"Sugar, EU",Other Food,($/kg),0.15,0.0,0.0,0.0,36.36,-0.01
1973-09-01,1973,9,"Sugar, EU",Other Food,($/kg),0.15,0.0,0.0,0.0,36.36,-0.01
1973-10-01,1973,10,"Sugar, EU",Other Food,($/kg),0.15,0.0,0.0,7.14,36.36,-0.01
1973-11-01,1973,11,"Sugar, EU",Other Food,($/kg),0.14,-6.67,-6.67,0.0,27.27,-3.52
1973-12-01,1973,12,"Sugar, EU",Other Food,($/kg),0.14,0.0,-6.67,0.0,27.27,-0.01
1974-01-01,1974,1,"Sugar, EU",Other Food,($/kg),0.18,28.57,20.0,28.57,63.64,9.69
1974-02-01,1974,2,"Sugar, EU",Other Food,($/kg),0.19,5.56,35.71,26.67,72.73,0.36
1974-03-01,1974,3,"Sugar, EU",Other Food,($/kg),0.19,0.0,35.71,26.67,72.73,-0.26
1974-04-01,1974,4,"Sugar, EU",Other Food,($/kg),0.2,5.26,11.11,33.33,81.82,0.34
1974-05-01,1974,5,"Sugar, EU",Other Food,($/kg),0.2,0.0,5.26,33.33,81.82,-0.31
1974-06-01,1974,6,"Sugar, EU",Other Food,($/kg),0.2,0.0,5.26,33.33,81.82,-0.31
1974-07-01,1974,7,"Sugar, EU",Other Food,($/kg),0.2,0.0,0.0,33.33,81.82,-0.31
1974-08-01,1974,8,"Sugar, EU",Other Food,($/kg),0.19,-5.0,-5.0,26.67,72.73,-0.89
1974-09-01,1974,9,"Sugar, EU",Other Food,($/kg),0.32,68.42,60.0,113.33,190.91,7.39
1974-10-01,1974,10,"Sugar, EU",Other Food,($/kg),0.32,0.0,60.0,113.33,190.91,-0.38
1974-11-01,1974,11,"Sugar, EU",Other Food,($/kg),0.32,0.0,68.42,128.57,190.91,-0.38
1974-12-01,1974,12,"Sugar, EU",Other Food,($/kg),0.32,0.0,0.0,128.57,190.91,-0.41
1975-01-01,1975,1,"Sugar, EU",Other Food,($/kg),0.6,87.5,87.5,233.33,445.45,3.82
1975-02-01,1975,2,"Sugar, EU",Other Food,($/kg),0.33,-45.0,3.12,73.68,200.0,-1.92
1975-03-01,1975,3,"Sugar, EU",Other Food,($/kg),0.33,0.0,3.12,73.68,200.0,-0.27
1975-04-01,1975,4,"Sugar, EU",Other Food,($/kg),0.33,0.0,-45.0,65.0,200.0,-0.27
1975-05-01,1975,5,"Sugar, EU",Other Food,($/kg),0.33,0.0,0.0,65.0,200.0,-0.25
1975-06-01,1975,6,"Sugar, EU",Other Food,($/kg),0.33,0.0,0.0,65.0,200.0,-0.25
1975-07-01,1975,7,"Sugar, EU",Other Food,($/kg),0.32,-3.03,-3.03,60.0,190.91,-0.34
1975-08-01,1975,8,"Sugar, EU",Other Food,($/kg),0.31,-3.12,-6.06,63.16,181.82,-0.33
1975-09-01,1975,9,"Sugar, EU",Other Food,($/kg),0.3,-3.23,-9.09,-6.25,172.73,-0.34
1975-10-01,1975,10,"Sugar, EU",Other Food,($/kg),0.3,0.0,-6.25,-6.25,172.73,-0.09
1975-11-01,1975,11,"Sugar, EU",Other Food,($/kg),0.3,0.0,-3.23,-6.25,172.73,-0.09
1975-12-01,1975,12,"Sugar, EU",Other Food,($/kg),0.3,0.0,0.0,-6.25,172.73,-0.09
1976-01-01,1976,1,"Sugar, EU",Other Food,($/kg),0.3,0.0,0.0,-50.0,172.73,-0.09
1976-02-01,1976,2,"Sugar, EU",Other Food,($/kg),0.3,0.0,0.0,-9.09,172.73,0.35
1976-03-01,1976,3,"Sugar, EU",Other Food,($/kg),0.29,-3.33,-3.33,-12.12,163.64,-1.8
1976-04-01,1976,4,"Sugar, EU",Other Food,($/kg),0.3,3.45,0.0,-9.09,172.73,2.88
1976-05-01,1976,5,"Sugar, EU",Other Food,($/kg),0.3,0.0,0.0,-9.09,172.73,0.38
1976-06-01,1976,6,"Sugar, EU",Other Food,($/kg),0.29,-3.33,0.0,-12.12,163.64,-1.26
1976-07-01,1976,7,"Sugar, EU",Other Food,($/kg),0.29,0.0,-3.33,-9.38,163.64,0.49
1976-08-01,1976,8,"Sugar, EU",Other Food,($/kg),0.29,0.0,-3.33,-6.45,163.64,0.39
1976-09-01,1976,9,"Sugar, EU",Other Food,($/kg),0.3,3.45,3.45,0.0,150.0,2.06
1976-10-01,1976,10,"Sugar, EU",Other Food,($/kg),0.3,0.0,3.45,0.0,150.0,-0.01
1976-11-01,1976,11,"Sugar, EU",Other Food,($/kg),0.3,0.0,3.45,0.0,150.0,-0.01
1976-12-01,1976,12,"Sugar, EU",Other Food,($/kg),0.3,0.0,0.0,0.0,150.0,-0.01
1977-01-01,1977,1,"Sugar, EU",Other Food,($/kg),0.3,0.0,0.0,0.0,100.0,-0.01
1977-02-01,1977,2,"Sugar, EU",Other Food,($/kg),0.3,0.0,0.0,0.0,87.5,-0.01
1977-03-01,1977,3,"Sugar, EU",Other Food,($/kg),0.3,0.0,0.0,3.45,87.5,-0.01
1977-04-01,1977,4,"Sugar, EU",Other Food,($/kg),0.3,0.0,0.0,0.0,87.5,-0.17
1977-05-01,1977,5,"Sugar, EU",Other Food,($/kg),0.31,3.33,3.33,3.33,93.75,2.3
1977-06-01,1977,6,"Sugar, EU",Other Food,($/kg),0.31,0.0,3.33,6.9,106.67,-0.17
1977-07-01,1977,7,"Sugar, EU",Other Food,($/kg),0.31,0.0,3.33,6.9,106.67,-0.43
1977-08-01,1977,8,"Sugar, EU",Other Food,($/kg),0.31,0.0,0.0,6.9,106.67,-0.43
1977-09-01,1977,9,"Sugar, EU",Other Food,($/kg),0.31,0.0,0.0,3.33,106.67,-0.43
1977-10-01,1977,10,"Sugar, EU",Other Food,($/kg),0.31,0.0,0.0,3.33,121.43,-0.29
1977-11-01,1977,11,"Sugar, EU",Other Food,($/kg),0.32,3.23,3.23,6.67,128.57,3.06
1977-12-01,1977,12,"Sugar, EU",Other Food,($/kg),0.33,3.12,6.45,10.0,135.71,2.02
1978-01-01,1978,1,"Sugar, EU",Other Food,($/kg),0.33,0.0,6.45,10.0,135.71,-0.55
1978-02-01,1978,2,"Sugar, EU",Other Food,($/kg),0.34,3.03,6.25,13.33,126.67,1.52
1978-03-01,1978,3,"Sugar, EU",Other Food,($/kg),0.34,0.0,3.03,13.33,126.67,-0.68
1978-04-01,1978,4,"Sugar, EU",Other Food,($/kg),0.34,0.0,3.03,13.33,126.67,-0.68
1978-05-01,1978,5,"Sugar, EU",Other Food,($/kg),0.33,-2.94,-2.94,6.45,120.0,-2.55
1978-06-01,1978,6,"Sugar, EU",Other Food,($/kg),0.34,3.03,0.0,9.68,126.67,1.41
1978-07-01,1978,7,"Sugar, EU",Other Food,($/kg),0.35,2.94,2.94,12.9,133.33,1.13
1978-08-01,1978,8,"Sugar, EU",Other Food,($/kg),0.36,2.86,9.09,16.13,140.0,0.92
1978-09-01,1978,9,"Sugar, EU",Other Food,($/kg),0.36,0.0,5.88,16.13,140.0,-0.63
1978-10-01,1978,10,"Sugar, EU",Other Food,($/kg),0.38,5.56,8.57,22.58,153.33,2.13
1978-11-01,1978,11,"Sugar, EU",Other Food,($/kg),0.37,-2.63,2.78,15.62,164.29,-1.89
1978-12-01,1978,12,"Sugar, EU",Other Food,($/kg),0.37,0.0,2.78,12.12,164.29,-0.49
1979-01-01,1979,1,"Sugar, EU",Other Food,($/kg),0.38,2.7,0.0,15.15,111.11,0.68
1979-02-01,1979,2,"Sugar, EU",Other Food,($/kg),0.38,0.0,2.7,11.76,100.0,-0.48
1979-03-01,1979,3,"Sugar, EU",Other Food,($/kg),0.38,0.0,2.7,11.76,100.0,-0.38
1979-04-01,1979,4,"Sugar, EU",Other Food,($/kg),0.37,-2.63,-2.63,8.82,85.0,-1.44
1979-05-01,1979,5,"Sugar, EU",Other Food,($/kg),0.37,0.0,-2.63,12.12,85.0,-0.27
1979-06-01,1979,6,"Sugar, EU",Other Food,($/kg),0.37,0.0,-2.63,8.82,85.0,-0.4
1979-07-01,1979,7,"Sugar, EU",Other Food,($/kg),0.47,27.03,27.03,34.29,135.0,11.04
1979-08-01,1979,8,"Sugar, EU",Other Food,($/kg),0.47,0.0,27.03,30.56,147.37,-0.34
1979-09-01,1979,9,"Sugar, EU",Other Food,($/kg),0.48,2.13,29.73,33.33,50.0,-0.05
1979-10-01,1979,10,"Sugar, EU",Other Food,($/kg),0.48,0.0,2.13,26.32,50.0,-0.34
1979-11-01,1979,11,"Sugar, EU",Other Food,($/kg),0.48,0.0,2.13,29.73,50.0,-0.28
1979-12-01,1979,12,"Sugar, EU",Other Food,($/kg),0.49,2.08,2.08,32.43,53.12,-0.04
1980-01-01,1980,1,"Sugar, EU",Other Food,($/kg),0.49,0.0,2.08,28.95,-18.33,-0.33
1980-02-01,1980,2,"Sugar, EU",Other Food,($/kg),0.49,0.0,2.08,28.95,48.48,-0.3
1980-03-01,1980,3,"Sugar, EU",Other Food,($/kg),0.46,-6.12,-6.12,21.05,39.39,-1.08
1980-04-01,1980,4,"Sugar, EU",Other Food,($/kg),0.46,0.0,-6.12,24.32,39.39,-0.23
1980-05-01,1980,5,"Sugar, EU",Other Food,($/kg),0.48,4.35,-2.04,29.73,45.45,0.28
1980-06-01,1980,6,"Sugar, EU",Other Food,($/kg),0.49,2.08,6.52,32.43,48.48,-0.05
1980-07-01,1980,7,"Sugar, EU",Other Food,($/kg),0.52,6.12,13.04,10.64,62.5,0.43
1980-08-01,1980,8,"Sugar, EU",Other Food,($/kg),0.51,-1.92,6.25,8.51,64.52,-0.94
1980-09-01,1980,9,"Sugar, EU",Other Food,($/kg),0.51,0.0,4.08,6.25,70.0,-0.24
1980-10-01,1980,10,"Sugar, EU",Other Food,($/kg),0.5,-1.96,-3.85,4.17,66.67,-0.82
1980-11-01,1980,11,"Sugar, EU",Other Food,($/kg),0.48,-4.0,-5.88,0.0,60.0,-1.4
1980-12-01,1980,12,"Sugar, EU",Other Food,($/kg),0.47,-2.08,-7.84,-4.08,56.67,-0.63
1981-01-01,1981,1,"Sugar, EU",Other Food,($/kg),0.46,-2.13,-8.0,-6.12,53.33,-0.54
1981-02-01,1981,2,"Sugar, EU",Other Food,($/kg),0.43,-6.52,-10.42,-12.24,43.33,-1.77
1981-03-01,1981,3,"Sugar, EU",Other Food,($/kg),0.43,0.0,-8.51,-6.52,48.28,0.27
1981-04-01,1981,4,"Sugar, EU",Other Food,($/kg),0.42,-2.33,-8.7,-8.7,40.0,-0.52
1981-05-01,1981,5,"Sugar, EU",Other Food,($/kg),0.4,-4.76,-6.98,-16.67,33.33,-1.16
1981-06-01,1981,6,"Sugar, EU",Other Food,($/kg),0.38,-5.0,-11.63,-22.45,31.03,-1.08
1981-07-01,1981,7,"Sugar, EU",Other Food,($/kg),0.4,5.26,-4.76,-23.08,37.93,2.26
1981-08-01,1981,8,"Sugar, EU",Other Food,($/kg),0.39,-2.5,-2.5,-23.53,34.48,-0.12
1981-09-01,1981,9,"Sugar, EU",Other Food,($/kg),0.41,5.13,7.89,-19.61,36.67,2.4
1981-10-01,1981,10,"Sugar, EU",Other Food,($/kg),0.42,2.44,5.0,-16.0,40.0,1.14
1981-11-01,1981,11,"Sugar, EU",Other Food,($/kg),0.43,2.38,10.26,-10.42,43.33,0.97
1981-12-01,1981,12,"Sugar, EU",Other Food,($/kg),0.42,-2.33,2.44,-10.64,40.0,-0.38
1982-01-01,1982,1,"Sugar, EU",Other Food,($/kg),0.42,0.0,0.0,-8.7,40.0,0.22
1982-02-01,1982,2,"Sugar, EU",Other Food,($/kg),0.4,-4.76,-6.98,-6.98,33.33,-1.05
1982-03-01,1982,3,"Sugar, EU",Other Food,($/kg),0.39,-2.5,-7.14,-9.3,30.0,-0.53
1982-04-01,1982,4,"Sugar, EU",Other Food,($/kg),0.39,0.0,-7.14,-7.14,30.0,0.2
1982-05-01,1982,5,"Sugar, EU",Other Food,($/kg),0.4,2.56,0.0,0.0,29.03,0.84
1982-06-01,1982,6,"Sugar, EU",Other Food,($/kg),0.38,-5.0,-2.56,0.0,22.58,-1.43
1982-07-01,1982,7,"Sugar, EU",Other Food,($/kg),0.41,7.89,5.13,2.5,32.26,2.21
1982-08-01,1982,8,"Sugar, EU",Other Food,($/kg),0.41,0.0,2.5,5.13,32.26,-0.07
1982-09-01,1982,9,"Sugar, EU",Other Food,($/kg),0.4,-2.44,5.26,-2.44,29.03,-0.76
1982-10-01,1982,10,"Sugar, EU",Other Food,($/kg),0.4,0.0,-2.44,-4.76,29.03,0.04
1982-11-01,1982,11,"Sugar, EU",Other Food,($/kg),0.39,-2.5,-4.88,-9.3,21.88,-0.61
1982-12-01,1982,12,"Sugar, EU",Other Food,($/kg),0.41,5.13,2.5,-2.38,24.24,1.69
1983-01-01,1983,1,"Sugar, EU",Other Food,($/kg),0.41,0.0,2.5,-2.38,24.24,0.04
1983-02-01,1983,2,"Sugar, EU",Other Food,($/kg),0.4,-2.44,2.56,0.0,17.65,-0.6
1983-03-01,1983,3,"Sugar, EU",Other Food,($/kg),0.4,0.0,-2.44,2.56,17.65,-0.02
1983-04-01,1983,4,"Sugar, EU",Other Food,($/kg),0.39,-2.5,-4.88,0.0,14.71,-0.78
1983-05-01,1983,5,"Sugar, EU",Other Food,($/kg),0.39,0.0,-2.5,-2.5,18.18,-0.02
1983-06-01,1983,6,"Sugar, EU",Other Food,($/kg),0.38,-2.56,-5.0,0.0,11.76,-0.68
1983-07-01,1983,7,"Sugar, EU",Other Food,($/kg),0.39,2.63,0.0,-4.88,11.43,0.78
1983-08-01,1983,8,"Sugar, EU",Other Food,($/kg),0.38,-2.56,-2.56,-7.32,5.56,-0.91
1983-09-01,1983,9,"Sugar, EU",Other Food,($/kg),0.38,0.0,0.0,-5.0,5.56,0.25
1983-10-01,1983,10,"Sugar, EU",Other Food,($/kg),0.38,0.0,-2.56,-5.0,0.0,0.17
1983-11-01,1983,11,"Sugar, EU",Other Food,($/kg),0.37,-2.63,-2.63,-5.13,0.0,-0.93
1983-12-01,1983,12,"Sugar, EU",Other Food,($/kg),0.36,-2.7,-5.26,-12.2,-2.7,-0.95
1984-01-01,1984,1,"Sugar, EU",Other Food,($/kg),0.36,0.0,-5.26,-12.2,-5.26,0.62
1984-02-01,1984,2,"Sugar, EU",Other Food,($/kg),0.37,2.78,0.0,-7.5,-2.63,2.22
1984-03-01,1984,3,"Sugar, EU",Other Food,($/kg),0.38,2.7,5.56,-5.0,0.0,1.68
1984-04-01,1984,4,"Sugar, EU",Other Food,($/kg),0.37,-2.63,2.78,-5.13,0.0,-1.01
1984-05-01,1984,5,"Sugar, EU",Other Food,($/kg),0.36,-2.7,-2.7,-7.69,-2.7,-1.03
1984-06-01,1984,6,"Sugar, EU",Other Food,($/kg),0.36,0.0,-5.26,-5.26,-2.7,0.28
1984-07-01,1984,7,"Sugar, EU",Other Food,($/kg),0.36,0.0,-2.7,-7.69,-23.4,0.19
1984-08-01,1984,8,"Sugar, EU",Other Food,($/kg),0.36,0.0,0.0,-5.26,-23.4,0.32
1984-09-01,1984,9,"Sugar, EU",Other Food,($/kg),0.34,-5.56,-5.56,-10.53,-29.17,-2.65
1984-10-01,1984,10,"Sugar, EU",Other Food,($/kg),0.44,29.41,22.22,15.79,-8.33,12.49
1984-11-01,1984,11,"Sugar, EU",Other Food,($/kg),0.34,-22.73,-5.56,-8.11,-29.17,-2.67
1984-12-01,1984,12,"Sugar, EU",Other Food,($/kg),0.32,-5.88,-5.88,-11.11,-34.69,-0.5
1985-01-01,1985,1,"Sugar, EU",Other Food,($/kg),0.31,-3.12,-29.55,-13.89,-36.73,-0.24
1985-02-01,1985,2,"Sugar, EU",Other Food,($/kg),0.3,-3.23,-11.76,-18.92,-38.78,-0.22
1985-03-01,1985,3,"Sugar, EU",Other Food,($/kg),0.3,0.0,-6.25,-21.05,-34.78,0.1
1985-04-01,1985,4,"Sugar, EU",Other Food,($/kg),0.34,13.33,9.68,-8.11,-26.09,1.28
1985-05-01,1985,5,"Sugar, EU",Other Food,($/kg),0.34,0.0,13.33,-5.56,-29.17,0.0
1985-06-01,1985,6,"Sugar, EU",Other Food,($/kg),0.35,2.94,16.67,-2.78,-28.57,0.23
1985-07-01,1985,7,"Sugar, EU",Other Food,($/kg),0.37,5.71,8.82,2.78,-28.85,0.43
1985-08-01,1985,8,"Sugar, EU",Other Food,($/kg),0.37,0.0,8.82,2.78,-27.45,-0.07
1985-09-01,1985,9,"Sugar, EU",Other Food,($/kg),0.37,0.0,5.71,8.82,-27.45,-0.07
1985-10-01,1985,10,"Sugar, EU",Other Food,($/kg),0.38,2.7,2.7,-13.64,-24.0,0.11
1985-11-01,1985,11,"Sugar, EU",Other Food,($/kg),0.39,2.63,5.41,14.71,-18.75,0.41
1985-12-01,1985,12,"Sugar, EU",Other Food,($/kg),0.39,0.0,5.41,21.88,-17.02,-0.25
1986-01-01,1986,1,"Sugar, EU",Other Food,($/kg),0.4,2.56,5.26,29.03,-13.04,0.18
1986-02-01,1986,2,"Sugar, EU",Other Food,($/kg),0.4,0.0,2.56,33.33,-6.98,-0.53
1986-03-01,1986,3,"Sugar, EU",Other Food,($/kg),0.41,2.5,5.13,36.67,-4.65,0.0
1986-04-01,1986,4,"Sugar, EU",Other Food,($/kg),0.42,2.44,5.0,23.53,0.0,-0.07
1986-05-01,1986,5,"Sugar, EU",Other Food,($/kg),0.42,0.0,5.0,23.53,5.0,-0.99
1986-06-01,1986,6,"Sugar, EU",Other Food,($/kg),0.42,0.0,2.44,20.0,10.53,-0.99
1986-07-01,1986,7,"Sugar, EU",Other Food,($/kg),0.43,2.38,2.38,16.22,7.5,0.46
1986-08-01,1986,8,"Sugar, EU",Other Food,($/kg),0.42,-2.33,0.0,13.51,7.69,-2.71
1986-09-01,1986,9,"Sugar, EU",Other Food,($/kg),0.41,-2.38,-2.38,10.81,0.0,-2.08
1986-10-01,1986,10,"Sugar, EU",Other Food,($/kg),0.4,-2.44,-6.98,5.26,-4.76,-1.73
1986-11-01,1986,11,"Sugar, EU",Other Food,($/kg),0.4,0.0,-4.76,2.56,-6.98,-0.22
1986-12-01,1986,12,"Sugar, EU",Other Food,($/kg),0.4,0.0,-2.44,2.56,-4.76,-0.12
1987-01-01,1987,1,"Sugar, EU",Other Food,($/kg),0.42,5.0,5.0,5.0,0.0,2.48
1987-02-01,1987,2,"Sugar, EU",Other Food,($/kg),0.43,2.38,7.5,7.5,7.5,0.85
1987-03-01,1987,3,"Sugar, EU",Other Food,($/kg),0.45,4.65,12.5,9.76,15.38,1.71
1987-04-01,1987,4,"Sugar, EU",Other Food,($/kg),0.46,2.22,9.52,9.52,17.95,0.55
1987-05-01,1987,5,"Sugar, EU",Other Food,($/kg),0.47,2.17,9.3,11.9,17.5,0.54
1987-06-01,1987,6,"Sugar, EU",Other Food,($/kg),0.46,-2.13,2.22,9.52,21.05,-1.2
1987-07-01,1987,7,"Sugar, EU",Other Food,($/kg),0.47,2.17,2.17,9.3,14.63,0.51
1987-08-01,1987,8,"Sugar, EU",Other Food,($/kg),0.47,0.0,0.0,11.9,14.63,-0.29
1987-09-01,1987,9,"Sugar, EU",Other Food,($/kg),0.48,2.13,4.35,17.07,20.0,0.45
1987-10-01,1987,10,"Sugar, EU",Other Food,($/kg),0.49,2.08,4.26,22.5,22.5,0.32
1987-11-01,1987,11,"Sugar, EU",Other Food,($/kg),0.52,6.12,10.64,30.0,33.33,2.19
1987-12-01,1987,12,"Sugar, EU",Other Food,($/kg),0.54,3.85,12.5,35.0,31.71,0.7
1988-01-01,1988,1,"Sugar, EU",Other Food,($/kg),0.53,-1.85,8.16,26.19,29.27,-1.99
1988-02-01,1988,2,"Sugar, EU",Other Food,($/kg),0.52,-1.89,0.0,20.93,30.0,-1.61
1988-03-01,1988,3,"Sugar, EU",Other Food,($/kg),0.54,3.85,0.0,20.0,35.0,0.84
1988-04-01,1988,4,"Sugar, EU",Other Food,($/kg),0.55,1.85,3.77,19.57,41.03,0.11
1988-05-01,1988,5,"Sugar, EU",Other Food,($/kg),0.55,0.0,5.77,17.02,41.03,-0.6
1988-06-01,1988,6,"Sugar, EU",Other Food,($/kg),0.53,-3.64,-1.85,15.22,39.47,-1.92
1988-07-01,1988,7,"Sugar, EU",Other Food,($/kg),0.5,-5.66,-9.09,6.38,28.21,-2.46
1988-08-01,1988,8,"Sugar, EU",Other Food,($/kg),0.5,0.0,-9.09,6.38,31.58,-0.17
1988-09-01,1988,9,"Sugar, EU",Other Food,($/kg),0.5,0.0,-5.66,4.17,31.58,-0.17
1988-10-01,1988,10,"Sugar, EU",Other Food,($/kg),0.51,2.0,2.0,4.08,34.21,0.48
1988-11-01,1988,11,"Sugar, EU",Other Food,($/kg),0.53,3.92,6.0,1.92,43.24,1.05
1988-12-01,1988,12,"Sugar, EU",Other Food,($/kg),0.54,1.89,8.0,0.0,50.0,0.55
1989-01-01,1989,1,"Sugar, EU",Other Food,($/kg),0.54,0.0,5.88,1.89,50.0,-0.01
1989-02-01,1989,2,"Sugar, EU",Other Food,($/kg),0.53,-1.85,0.0,1.92,43.24,-0.72
1989-03-01,1989,3,"Sugar, EU",Other Food,($/kg),0.52,-1.89,-3.7,-3.7,36.84,-0.73
1989-04-01,1989,4,"Sugar, EU",Other Food,($/kg),0.52,0.0,-3.7,-5.45,40.54,0.11
1989-05-01,1989,5,"Sugar, EU",Other Food,($/kg),0.49,-5.77,-7.55,-10.91,36.11,-2.07
1989-06-01,1989,6,"Sugar, EU",Other Food,($/kg),0.47,-4.08,-9.62,-11.32,30.56,-1.06
1989-07-01,1989,7,"Sugar, EU",Other Food,($/kg),0.5,6.38,-3.85,0.0,38.89,2.42
1989-08-01,1989,8,"Sugar, EU",Other Food,($/kg),0.49,-2.0,0.0,-2.0,36.11,-0.62
1989-09-01,1989,9,"Sugar, EU",Other Food,($/kg),0.48,-2.04,2.13,-4.0,41.18,-0.57
1989-10-01,1989,10,"Sugar, EU",Other Food,($/kg),0.49,2.08,-2.0,-3.92,11.36,0.7
1989-11-01,1989,11,"Sugar, EU",Other Food,($/kg),0.49,0.0,0.0,-7.55,44.12,0.08
1989-12-01,1989,12,"Sugar, EU",Other Food,($/kg),0.49,0.0,2.08,-9.26,53.12,0.19
1990-01-01,1990,1,"Sugar, EU",Other Food,($/kg),0.51,4.08,4.08,-5.56,64.52,1.58
1990-02-01,1990,2,"Sugar, EU",Other Food,($/kg),0.52,1.96,6.12,-1.89,73.33,0.71
1990-03-01,1990,3,"Sugar, EU",Other Food,($/kg),0.5,-3.85,2.04,-3.85,66.67,-1.1
1990-04-01,1990,4,"Sugar, EU",Other Food,($/kg),0.51,2.0,0.0,-1.92,50.0,0.64
1990-05-01,1990,5,"Sugar, EU",Other Food,($/kg),0.52,1.96,0.0,6.12,52.94,0.57
1990-06-01,1990,6,"Sugar, EU",Other Food,($/kg),0.53,1.92,6.0,12.77,51.43,0.44
1990-07-01,1990,7,"Sugar, EU",Other Food,($/kg),0.62,16.98,21.57,24.0,67.57,5.67
1990-08-01,1990,8,"Sugar, EU",Other Food,($/kg),0.65,4.84,25.0,32.65,75.68,0.55
1990-09-01,1990,9,"Sugar, EU",Other Food,($/kg),0.64,-1.54,20.75,33.33,72.97,-0.78
1990-10-01,1990,10,"Sugar, EU",Other Food,($/kg),0.67,4.69,8.06,36.73,76.32,0.42
1990-11-01,1990,11,"Sugar, EU",Other Food,($/kg),0.67,0.0,3.08,36.73,71.79,-0.53
1990-12-01,1990,12,"Sugar, EU",Other Food,($/kg),0.66,-1.49,3.12,34.69,69.23,-0.82
1991-01-01,1991,1,"Sugar, EU",Other Food,($/kg),0.66,0.0,-1.49,29.41,65.0,-0.5
1991-02-01,1991,2,"Sugar, EU",Other Food,($/kg),0.67,1.52,0.0,28.85,67.5,-0.15
1991-03-01,1991,3,"Sugar, EU",Other Food,($/kg),0.63,-5.97,-4.55,26.0,53.66,-1.56
1991-04-01,1991,4,"Sugar, EU",Other Food,($/kg),0.6,-4.76,-9.09,17.65,42.86,-1.24
1991-05-01,1991,5,"Sugar, EU",Other Food,($/kg),0.59,-1.67,-11.94,13.46,40.48,-0.54
1991-06-01,1991,6,"Sugar, EU",Other Food,($/kg),0.56,-5.08,-11.11,5.66,33.33,-1.06
1991-07-01,1991,7,"Sugar, EU",Other Food,($/kg),0.58,3.57,-3.33,-6.45,34.88,0.48
1991-08-01,1991,8,"Sugar, EU",Other Food,($/kg),0.59,1.72,0.0,-9.23,40.48,0.6
1991-09-01,1991,9,"Sugar, EU",Other Food,($/kg),0.6,1.69,7.14,-6.25,46.34,0.73
1991-10-01,1991,10,"Sugar, EU",Other Food,($/kg),0.6,0.0,3.45,-10.45,50.0,0.14
1991-11-01,1991,11,"Sugar, EU",Other Food,($/kg),0.62,3.33,5.08,-7.46,55.0,1.39
1991-12-01,1991,12,"Sugar, EU",Other Food,($/kg),0.64,3.23,6.67,-3.03,60.0,1.17
1992-01-01,1992,1,"Sugar, EU",Other Food,($/kg),0.63,-1.56,5.0,-4.55,50.0,-0.4
1992-02-01,1992,2,"Sugar, EU",Other Food,($/kg),0.62,-1.59,0.0,-7.46,44.19,-0.36
1992-03-01,1992,3,"Sugar, EU",Other Food,($/kg),0.6,-3.23,-6.25,-4.76,33.33,-0.77
1992-04-01,1992,4,"Sugar, EU",Other Food,($/kg),0.61,1.67,-3.17,1.67,32.61,0.66
1992-05-01,1992,5,"Sugar, EU",Other Food,($/kg),0.63,3.28,1.61,6.78,34.04,1.11
1992-06-01,1992,6,"Sugar, EU",Other Food,($/kg),0.65,3.17,8.33,16.07,41.3,0.9
1992-07-01,1992,7,"Sugar, EU",Other Food,($/kg),0.67,3.08,9.84,15.52,42.55,0.77
1992-08-01,1992,8,"Sugar, EU",Other Food,($/kg),0.68,1.49,7.94,15.25,44.68,0.11
1992-09-01,1992,9,"Sugar, EU",Other Food,($/kg),0.65,-4.41,0.0,8.33,35.42,-2.46
1992-10-01,1992,10,"Sugar, EU",Other Food,($/kg),0.6,-7.69,-10.45,0.0,22.45,-3.01
1992-11-01,1992,11,"Sugar, EU",Other Food,($/kg),0.57,-5.0,-16.18,-8.06,9.62,-1.37
1992-12-01,1992,12,"Sugar, EU",Other Food,($/kg),0.61,7.02,-6.15,-4.69,12.96,2.01
1993-01-01,1993,1,"Sugar, EU",Other Food,($/kg),0.63,3.28,5.0,0.0,18.87,0.84
1993-02-01,1993,2,"Sugar, EU",Other Food,($/kg),0.61,-3.17,7.02,-1.61,17.31,-0.74
1993-03-01,1993,3,"Sugar, EU",Other Food,($/kg),0.63,3.28,3.28,5.0,16.67,0.74
1993-04-01,1993,4,"Sugar, EU",Other Food,($/kg),0.66,4.76,4.76,8.2,20.0,0.96
1993-05-01,1993,5,"Sugar, EU",Other Food,($/kg),0.66,0.0,8.2,4.76,20.0,-0.16
1993-06-01,1993,6,"Sugar, EU",Other Food,($/kg),0.64,-3.03,1.59,-1.54,20.75,-0.78
1993-07-01,1993,7,"Sugar, EU",Other Food,($/kg),0.61,-4.69,-7.58,-8.96,22.0,-1.02
1993-08-01,1993,8,"Sugar, EU",Other Food,($/kg),0.6,-1.64,-9.09,-11.76,20.0,-0.21
1993-09-01,1993,9,"Sugar, EU",Other Food,($/kg),0.61,1.67,-4.69,-6.15,22.0,0.57
1993-10-01,1993,10,"Sugar, EU",Other Food,($/kg),0.6,-1.64,-1.64,0.0,17.65,-0.27
1993-11-01,1993,11,"Sugar, EU",Other Food,($/kg),0.59,-1.67,-1.67,3.51,11.32,-0.44
1993-12-01,1993,12,"Sugar, EU",Other Food,($/kg),0.59,0.0,-3.28,-3.28,9.26,-0.1
1994-01-01,1994,1,"Sugar, EU",Other Food,($/kg),0.6,1.69,0.0,-4.76,11.11,0.66
1994-02-01,1994,2,"Sugar, EU",Other Food,($/kg),0.59,-1.67,0.0,-3.28,11.32,-0.46
1994-03-01,1994,3,"Sugar, EU",Other Food,($/kg),0.6,1.69,1.69,-4.76,15.38,0.72
1994-04-01,1994,4,"Sugar, EU",Other Food,($/kg),0.59,-1.67,-1.67,-10.61,13.46,-0.51
1994-05-01,1994,5,"Sugar, EU",Other Food,($/kg),0.6,1.69,1.69,-9.09,22.45,1.31
1994-06-01,1994,6,"Sugar, EU",Other Food,($/kg),0.61,1.67,1.67,-4.69,29.79,1.15
1994-07-01,1994,7,"Sugar, EU",Other Food,($/kg),0.63,3.28,6.78,3.28,26.0,1.75
1994-08-01,1994,8,"Sugar, EU",Other Food,($/kg),0.63,0.0,5.0,5.0,28.57,-0.15
1994-09-01,1994,9,"Sugar, EU",Other Food,($/kg),0.65,3.17,6.56,6.56,35.42,1.57
1994-10-01,1994,10,"Sugar, EU",Other Food,($/kg),0.66,1.54,4.76,10.0,34.69,0.52
1994-11-01,1994,11,"Sugar, EU",Other Food,($/kg),0.66,0.0,4.76,11.86,34.69,-0.46
1994-12-01,1994,12,"Sugar, EU",Other Food,($/kg),0.65,-1.52,0.0,10.17,32.65,-1.51
1995-01-01,1995,1,"Sugar, EU",Other Food,($/kg),0.65,0.0,-1.52,8.33,27.45,-0.47
1995-02-01,1995,2,"Sugar, EU",Other Food,($/kg),0.65,0.0,-1.52,10.17,25.0,-0.39
1995-03-01,1995,3,"Sugar, EU",Other Food,($/kg),0.68,4.62,4.62,13.33,36.0,2.35
1995-04-01,1995,4,"Sugar, EU",Other Food,($/kg),0.7,2.94,7.69,18.64,37.25,0.96
1995-05-01,1995,5,"Sugar, EU",Other Food,($/kg),0.71,1.43,9.23,18.33,36.54,-0.01
1995-06-01,1995,6,"Sugar, EU",Other Food,($/kg),0.7,-1.41,2.94,14.75,32.08,-1.57
1995-07-01,1995,7,"Sugar, EU",Other Food,($/kg),0.7,0.0,0.0,11.11,12.9,-0.59
1995-08-01,1995,8,"Sugar, EU",Other Food,($/kg),0.69,-1.43,-2.82,9.52,6.15,-1.23
1995-09-01,1995,9,"Sugar, EU",Other Food,($/kg),0.69,0.0,-1.43,6.15,7.81,-0.39
1995-10-01,1995,10,"Sugar, EU",Other Food,($/kg),0.7,1.45,0.0,6.06,4.48,0.51
1995-11-01,1995,11,"Sugar, EU",Other Food,($/kg),0.7,0.0,1.45,6.06,4.48,-0.28
1995-12-01,1995,12,"Sugar, EU",Other Food,($/kg),0.68,-2.86,-1.45,4.62,3.03,-1.83
1996-01-01,1996,1,"Sugar, EU",Other Food,($/kg),0.69,1.47,-1.43,6.15,4.55,0.54
1996-02-01,1996,2,"Sugar, EU",Other Food,($/kg),0.69,0.0,-1.43,6.15,2.99,-0.26
1996-03-01,1996,3,"Sugar, EU",Other Food,($/kg),0.69,0.0,1.47,1.47,9.52,-0.26
1996-04-01,1996,4,"Sugar, EU",Other Food,($/kg),0.68,-1.45,-1.45,-2.86,13.33,-1.01
1996-05-01,1996,5,"Sugar, EU",Other Food,($/kg),0.68,0.0,-1.45,-4.23,15.25,0.17
1996-06-01,1996,6,"Sugar, EU",Other Food,($/kg),0.68,0.0,-1.45,-2.86,21.43,0.28
1996-07-01,1996,7,"Sugar, EU",Other Food,($/kg),0.7,2.94,2.94,0.0,20.69,2.64
1996-08-01,1996,8,"Sugar, EU",Other Food,($/kg),0.68,-2.86,0.0,-1.45,15.25,-1.89
1996-09-01,1996,9,"Sugar, EU",Other Food,($/kg),0.68,0.0,0.0,-1.45,13.33,0.06
1996-10-01,1996,10,"Sugar, EU",Other Food,($/kg),0.69,1.47,-1.43,-1.43,15.0,0.94
1996-11-01,1996,11,"Sugar, EU",Other Food,($/kg),0.7,1.45,2.94,0.0,12.9,0.92
1996-12-01,1996,12,"Sugar, EU",Other Food,($/kg),0.65,-7.14,-4.41,-4.41,1.56,-4.1
1997-01-01,1997,1,"Sugar, EU",Other Food,($/kg),0.69,6.15,0.0,0.0,9.52,2.49
1997-02-01,1997,2,"Sugar, EU",Other Food,($/kg),0.65,-5.8,-7.14,-5.8,4.84,-1.83
1997-03-01,1997,3,"Sugar, EU",Other Food,($/kg),0.65,0.0,0.0,-5.8,8.33,0.12
1997-04-01,1997,4,"Sugar, EU",Other Food,($/kg),0.63,-3.08,-8.7,-7.35,3.28,-0.73
1997-05-01,1997,5,"Sugar, EU",Other Food,($/kg),0.63,0.0,-3.08,-7.35,0.0,0.16
1997-06-01,1997,6,"Sugar, EU",Other Food,($/kg),0.64,1.59,-1.54,-5.88,-1.54,0.59
1997-07-01,1997,7,"Sugar, EU",Other Food,($/kg),0.63,-1.56,0.0,-10.0,-5.97,-0.3
1997-08-01,1997,8,"Sugar, EU",Other Food,($/kg),0.6,-4.76,-4.76,-11.76,-11.76,-1.1
1997-09-01,1997,9,"Sugar, EU",Other Food,($/kg),0.58,-3.33,-9.38,-14.71,-10.77,-0.63
1997-10-01,1997,10,"Sugar, EU",Other Food,($/kg),0.59,1.72,-6.35,-14.49,-1.67,0.79
1997-11-01,1997,11,"Sugar, EU",Other Food,($/kg),0.61,3.39,1.67,-12.86,7.02,1.22
1997-12-01,1997,12,"Sugar, EU",Other Food,($/kg),0.61,0.0,5.17,-6.15,0.0,0.27
1998-01-01,1998,1,"Sugar, EU",Other Food,($/kg),0.6,-1.64,1.69,-13.04,-4.76,-0.34
1998-02-01,1998,2,"Sugar, EU",Other Food,($/kg),0.6,0.0,-1.64,-7.69,-1.64,0.41
1998-03-01,1998,3,"Sugar, EU",Other Food,($/kg),0.61,1.67,0.0,-6.15,-3.17,0.98
1998-04-01,1998,4,"Sugar, EU",Other Food,($/kg),0.61,0.0,1.67,-3.17,-7.58,0.21
1998-05-01,1998,5,"Sugar, EU",Other Food,($/kg),0.59,-3.28,-1.67,-6.35,-10.61,-1.32
1998-06-01,1998,6,"Sugar, EU",Other Food,($/kg),0.59,0.0,-3.28,-7.81,-7.81,0.21
1998-07-01,1998,7,"Sugar, EU",Other Food,($/kg),0.58,-1.69,-4.92,-7.94,-4.92,-0.44
1998-08-01,1998,8,"Sugar, EU",Other Food,($/kg),0.58,0.0,-1.69,-3.33,-3.33,0.28
1998-09-01,1998,9,"Sugar, EU",Other Food,($/kg),0.6,3.45,1.69,3.45,-1.64,1.86
1998-10-01,1998,10,"Sugar, EU",Other Food,($/kg),0.61,1.67,5.17,3.39,1.67,0.68
1998-11-01,1998,11,"Sugar, EU",Other Food,($/kg),0.61,0.0,5.17,0.0,3.39,-0.15
1998-12-01,1998,12,"Sugar, EU",Other Food,($/kg),0.61,0.0,1.67,0.0,3.39,-0.01
1999-01-01,1999,1,"Sugar, EU",Other Food,($/kg),0.6,-1.64,-1.64,0.0,0.0,-0.94
1999-02-01,1999,2,"Sugar, EU",Other Food,($/kg),0.6,0.0,-1.64,0.0,1.69,-0.01
1999-03-01,1999,3,"Sugar, EU",Other Food,($/kg),0.59,-1.67,-3.28,-3.28,-1.67,-0.96
1999-04-01,1999,4,"Sugar, EU",Other Food,($/kg),0.59,0.0,-1.67,-3.28,0.0,0.15
1999-05-01,1999,5,"Sugar, EU",Other Food,($/kg),0.59,0.0,-1.67,0.0,-1.67,0.15
1999-06-01,1999,6,"Sugar, EU",Other Food,($/kg),0.58,-1.69,-1.69,-1.69,-4.92,-1.18
1999-07-01,1999,7,"Sugar, EU",Other Food,($/kg),0.58,0.0,-1.69,0.0,-7.94,0.09
1999-08-01,1999,8,"Sugar, EU",Other Food,($/kg),0.59,1.72,0.0,1.72,-6.35,1.19
1999-09-01,1999,9,"Sugar, EU",Other Food,($/kg),0.59,0.0,1.72,-1.67,-9.23,-0.1
1999-10-01,1999,10,"Sugar, EU",Other Food,($/kg),0.61,3.39,5.17,0.0,-7.58,3.14
1999-11-01,1999,11,"Sugar, EU",Other Food,($/kg),0.59,-3.28,0.0,-3.28,-10.61,-2.28
1999-12-01,1999,12,"Sugar, EU",Other Food,($/kg),0.59,0.0,0.0,-3.28,-9.23,0.15
2000-01-01,2000,1,"Sugar, EU",Other Food,($/kg),0.6,1.69,-1.64,0.0,-7.69,1.14
2000-02-01,2000,2,"Sugar, EU",Other Food,($/kg),0.59,-1.67,0.0,-1.67,-9.23,-0.96
2000-03-01,2000,3,"Sugar, EU",Other Food,($/kg),0.58,-1.69,-1.69,-1.69,-14.71,-0.86
2000-04-01,2000,4,"Sugar, EU",Other Food,($/kg),0.58,0.0,-3.33,-1.69,-17.14,0.07
2000-05-01,2000,5,"Sugar, EU",Other Food,($/kg),0.55,-5.17,-6.78,-6.78,-22.54,-2.77
2000-06-01,2000,6,"Sugar, EU",Other Food,($/kg),0.55,0.0,-5.17,-5.17,-21.43,0.24
2000-07-01,2000,7,"Sugar, EU",Other Food,($/kg),0.55,0.0,-5.17,-5.17,-21.43,0.18
2000-08-01,2000,8,"Sugar, EU",Other Food,($/kg),0.55,0.0,0.0,-6.78,-20.29,0.18
2000-09-01,2000,9,"Sugar, EU",Other Food,($/kg),0.52,-5.45,-5.45,-11.86,-24.64,-2.21
2000-10-01,2000,10,"Sugar, EU",Other Food,($/kg),0.53,1.92,-3.64,-13.11,-24.29,1.13
2000-11-01,2000,11,"Sugar, EU",Other Food,($/kg),0.52,-1.89,-5.45,-11.86,-25.71,-0.31
2000-12-01,2000,12,"Sugar, EU",Other Food,($/kg),0.53,1.92,1.92,-10.17,-22.06,1.26
2001-01-01,2001,1,"Sugar, EU",Other Food,($/kg),0.53,0.0,0.0,-11.67,-23.19,0.35
2001-02-01,2001,2,"Sugar, EU",Other Food,($/kg),0.53,0.0,1.92,-10.17,-23.19,0.43
2001-03-01,2001,3,"Sugar, EU",Other Food,($/kg),0.53,0.0,0.0,-8.62,-23.19,0.37
2001-04-01,2001,4,"Sugar, EU",Other Food,($/kg),0.56,5.66,5.66,-3.45,-17.65,2.71
2001-05-01,2001,5,"Sugar, EU",Other Food,($/kg),0.52,-7.14,-1.89,-5.45,-23.53,-2.3
2001-06-01,2001,6,"Sugar, EU",Other Food,($/kg),0.51,-1.92,-3.77,-7.27,-25.0,-0.45
2001-07-01,2001,7,"Sugar, EU",Other Food,($/kg),0.52,1.96,-7.14,-5.45,-25.71,0.76
2001-08-01,2001,8,"Sugar, EU",Other Food,($/kg),0.53,1.92,1.92,-3.64,-22.06,0.68
2001-09-01,2001,9,"Sugar, EU",Other Food,($/kg),0.53,0.0,3.92,1.92,-22.06,0.07
2001-10-01,2001,10,"Sugar, EU",Other Food,($/kg),0.53,0.0,1.92,0.0,-23.19,-0.07
2001-11-01,2001,11,"Sugar, EU",Other Food,($/kg),0.53,0.0,0.0,1.92,-24.29,-0.01
2001-12-01,2001,12,"Sugar, EU",Other Food,($/kg),0.53,0.0,0.0,0.0,-18.46,-0.07
2002-01-01,2002,1,"Sugar, EU",Other Food,($/kg),0.52,-1.89,-1.89,-1.89,-24.64,-0.66
2002-02-01,2002,2,"Sugar, EU",Other Food,($/kg),0.52,0.0,-1.89,-1.89,-20.0,0.04
2002-03-01,2002,3,"Sugar, EU",Other Food,($/kg),0.52,0.0,-1.89,-1.89,-20.0,0.04
2002-04-01,2002,4,"Sugar, EU",Other Food,($/kg),0.53,1.92,1.92,-5.36,-15.87,0.68
2002-05-01,2002,5,"Sugar, EU",Other Food,($/kg),0.53,0.0,1.92,1.92,-15.87,0.17
2002-06-01,2002,6,"Sugar, EU",Other Food,($/kg),0.54,1.89,3.85,5.88,-15.62,1.34
2002-07-01,2002,7,"Sugar, EU",Other Food,($/kg),0.57,5.56,7.55,9.62,-9.52,4.27
2002-08-01,2002,8,"Sugar, EU",Other Food,($/kg),0.56,-1.75,5.66,5.66,-6.67,-1.37
2002-09-01,2002,9,"Sugar, EU",Other Food,($/kg),0.57,1.79,5.56,7.55,-1.72,0.67
2002-10-01,2002,10,"Sugar, EU",Other Food,($/kg),0.57,0.0,0.0,7.55,-3.39,-0.32
2002-11-01,2002,11,"Sugar, EU",Other Food,($/kg),0.58,1.75,3.57,9.43,-4.92,0.57
2002-12-01,2002,12,"Sugar, EU",Other Food,($/kg),0.58,0.0,1.75,9.43,-4.92,-0.39
2003-01-01,2003,1,"Sugar, EU",Other Food,($/kg),0.59,1.72,3.51,13.46,-1.67,0.48
2003-02-01,2003,2,"Sugar, EU",Other Food,($/kg),0.59,0.0,1.72,13.46,-1.67,-0.59
2003-03-01,2003,3,"Sugar, EU",Other Food,($/kg),0.58,-1.69,0.0,11.54,-4.92,-1.52
2003-04-01,2003,4,"Sugar, EU",Other Food,($/kg),0.58,0.0,-1.69,9.43,-4.92,-0.47
2003-05-01,2003,5,"Sugar, EU",Other Food,($/kg),0.59,1.72,0.0,11.32,0.0,0.48
2003-06-01,2003,6,"Sugar, EU",Other Food,($/kg),0.61,3.39,5.17,12.96,3.39,1.26
2003-07-01,2003,7,"Sugar, EU",Other Food,($/kg),0.59,-3.28,1.72,3.51,1.72,-2.08
2003-08-01,2003,8,"Sugar, EU",Other Food,($/kg),0.58,-1.69,-1.69,3.57,0.0,-1.06
2003-09-01,2003,9,"Sugar, EU",Other Food,($/kg),0.59,1.72,-3.28,3.51,-1.67,0.75
2003-10-01,2003,10,"Sugar, EU",Other Food,($/kg),0.61,3.39,3.39,7.02,0.0,1.64
2003-11-01,2003,11,"Sugar, EU",Other Food,($/kg),0.61,0.0,5.17,5.17,0.0,-0.28
2003-12-01,2003,12,"Sugar, EU",Other Food,($/kg),0.64,4.92,8.47,10.34,4.92,2.19
2004-01-01,2004,1,"Sugar, EU",Other Food,($/kg),0.67,4.69,9.84,13.56,11.67,1.59
2004-02-01,2004,2,"Sugar, EU",Other Food,($/kg),0.68,1.49,11.48,15.25,13.33,0.15
2004-03-01,2004,3,"Sugar, EU",Other Food,($/kg),0.67,-1.47,4.69,15.52,13.56,-1.02
2004-04-01,2004,4,"Sugar, EU",Other Food,($/kg),0.66,-1.49,-1.49,13.79,11.86,-1.05
2004-05-01,2004,5,"Sugar, EU",Other Food,($/kg),0.65,-1.52,-4.41,10.17,10.17,-0.97
2004-06-01,2004,6,"Sugar, EU",Other Food,($/kg),0.67,3.08,0.0,9.84,15.52,0.8
2004-07-01,2004,7,"Sugar, EU",Other Food,($/kg),0.67,0.0,1.52,13.56,15.52,-0.3
2004-08-01,2004,8,"Sugar, EU",Other Food,($/kg),0.67,0.0,3.08,15.52,13.56,-0.44
2004-09-01,2004,9,"Sugar, EU",Other Food,($/kg),0.66,-1.49,-1.49,11.86,11.86,-1.16
2004-10-01,2004,10,"Sugar, EU",Other Food,($/kg),0.66,0.0,-1.49,8.2,8.2,-0.39
2004-11-01,2004,11,"Sugar, EU",Other Food,($/kg),0.68,3.03,1.49,11.48,15.25,1.0
2004-12-01,2004,12,"Sugar, EU",Other Food,($/kg),0.71,4.41,7.58,10.94,20.34,1.43
2005-01-01,2005,1,"Sugar, EU",Other Food,($/kg),0.69,-2.82,4.55,2.99,15.0,-1.57
2005-02-01,2005,2,"Sugar, EU",Other Food,($/kg),0.69,0.0,1.47,1.47,16.95,-0.12
2005-03-01,2005,3,"Sugar, EU",Other Food,($/kg),0.7,1.45,-1.41,4.48,20.69,0.59
2005-04-01,2005,4,"Sugar, EU",Other Food,($/kg),0.69,-1.43,0.0,4.55,18.97,-0.83
2005-05-01,2005,5,"Sugar, EU",Other Food,($/kg),0.68,-1.45,-1.45,4.62,23.64,-0.84
2005-06-01,2005,6,"Sugar, EU",Other Food,($/kg),0.67,-1.47,-4.29,0.0,21.82,-0.85
2005-07-01,2005,7,"Sugar, EU",Other Food,($/kg),0.64,-4.48,-7.25,-4.48,16.36,-2.17
2005-08-01,2005,8,"Sugar, EU",Other Food,($/kg),0.66,3.12,-2.94,-1.49,20.0,1.42
2005-09-01,2005,9,"Sugar, EU",Other Food,($/kg),0.66,0.0,-1.49,0.0,26.92,0.04
2005-10-01,2005,10,"Sugar, EU",Other Food,($/kg),0.64,-3.03,0.0,-3.03,20.75,-1.17
2005-11-01,2005,11,"Sugar, EU",Other Food,($/kg),0.63,-1.56,-4.55,-7.35,21.15,-0.49
2005-12-01,2005,12,"Sugar, EU",Other Food,($/kg),0.64,1.59,-3.03,-9.86,20.75,0.85
2006-01-01,2006,1,"Sugar, EU",Other Food,($/kg),0.65,1.56,1.56,-5.8,22.64,1.11
2006-02-01,2006,2,"Sugar, EU",Other Food,($/kg),0.64,-1.54,1.59,-7.25,20.75,-0.49
2006-03-01,2006,3,"Sugar, EU",Other Food,($/kg),0.64,0.0,0.0,-8.57,20.75,0.28
2006-04-01,2006,4,"Sugar, EU",Other Food,($/kg),0.65,1.56,0.0,-5.8,16.07,1.09
2006-05-01,2006,5,"Sugar, EU",Other Food,($/kg),0.68,4.62,6.25,0.0,30.77,2.32
2006-06-01,2006,6,"Sugar, EU",Other Food,($/kg),0.67,-1.47,4.69,0.0,31.37,-0.58
2006-07-01,2006,7,"Sugar, EU",Other Food,($/kg),0.63,-5.97,-3.08,-1.56,21.15,-2.3
2006-08-01,2006,8,"Sugar, EU",Other Food,($/kg),0.64,1.59,-5.88,-3.03,20.75,0.59
2006-09-01,2006,9,"Sugar, EU",Other Food,($/kg),0.63,-1.56,-5.97,-4.55,18.87,-0.49
2006-10-01,2006,10,"Sugar, EU",Other Food,($/kg),0.63,0.0,0.0,-1.56,18.87,0.13
2006-11-01,2006,11,"Sugar, EU",Other Food,($/kg),0.64,1.59,0.0,1.59,20.75,0.64
2006-12-01,2006,12,"Sugar, EU",Other Food,($/kg),0.66,3.12,4.76,3.12,24.53,1.13
2007-01-01,2007,1,"Sugar, EU",Other Food,($/kg),0.65,-1.52,3.17,0.0,25.0,-0.66
2007-02-01,2007,2,"Sugar, EU",Other Food,($/kg),0.65,0.0,1.56,1.56,25.0,-0.01
2007-03-01,2007,3,"Sugar, EU",Other Food,($/kg),0.66,1.54,0.0,3.12,26.92,0.51
2007-04-01,2007,4,"Sugar, EU",Other Food,($/kg),0.67,1.52,3.08,3.08,26.42,0.45
2007-05-01,2007,5,"Sugar, EU",Other Food,($/kg),0.67,0.0,3.08,-1.47,26.42,-0.11
2007-06-01,2007,6,"Sugar, EU",Other Food,($/kg),0.67,0.0,1.52,0.0,24.07,0.04
2007-07-01,2007,7,"Sugar, EU",Other Food,($/kg),0.68,1.49,1.49,7.94,19.3,0.63
2007-08-01,2007,8,"Sugar, EU",Other Food,($/kg),0.68,0.0,1.49,6.25,21.43,-0.46
2007-09-01,2007,9,"Sugar, EU",Other Food,($/kg),0.69,1.47,2.99,9.52,21.05,0.7
2007-10-01,2007,10,"Sugar, EU",Other Food,($/kg),0.71,2.9,4.41,12.7,24.56,1.74
2007-11-01,2007,11,"Sugar, EU",Other Food,($/kg),0.73,2.82,7.35,14.06,25.86,1.35
2007-12-01,2007,12,"Sugar, EU",Other Food,($/kg),0.72,-1.37,4.35,9.09,24.14,-1.73
2008-01-01,2008,1,"Sugar, EU",Other Food,($/kg),0.73,1.39,2.82,12.31,23.73,0.45
2008-02-01,2008,2,"Sugar, EU",Other Food,($/kg),0.73,0.0,0.0,12.31,23.73,-0.77
2008-03-01,2008,3,"Sugar, EU",Other Food,($/kg),0.77,5.48,6.94,16.67,32.76,3.55
2008-04-01,2008,4,"Sugar, EU",Other Food,($/kg),0.78,1.3,6.85,16.42,34.48,-0.0
2008-05-01,2008,5,"Sugar, EU",Other Food,($/kg),0.77,-1.28,5.48,14.93,30.51,-1.42
2008-06-01,2008,6,"Sugar, EU",Other Food,($/kg),0.77,0.0,0.0,14.93,26.23,-0.61
2008-07-01,2008,7,"Sugar, EU",Other Food,($/kg),0.78,1.3,0.0,14.71,32.2,0.06
2008-08-01,2008,8,"Sugar, EU",Other Food,($/kg),0.74,-5.13,-3.9,8.82,27.59,-3.26
2008-09-01,2008,9,"Sugar, EU",Other Food,($/kg),0.71,-4.05,-7.79,2.9,20.34,-1.81
2008-10-01,2008,10,"Sugar, EU",Other Food,($/kg),0.53,-25.35,-32.05,-25.35,-13.11,-8.63
2008-11-01,2008,11,"Sugar, EU",Other Food,($/kg),0.5,-5.66,-32.43,-31.51,-18.03,-0.46
2008-12-01,2008,12,"Sugar, EU",Other Food,($/kg),0.53,6.0,-25.35,-26.39,-17.19,1.13
2009-01-01,2009,1,"Sugar, EU",Other Food,($/kg),0.52,-1.89,-1.89,-28.77,-22.39,0.03
2009-02-01,2009,2,"Sugar, EU",Other Food,($/kg),0.5,-3.85,0.0,-31.51,-26.47,-0.17
2009-03-01,2009,3,"Sugar, EU",Other Food,($/kg),0.52,4.0,-1.89,-32.47,-22.39,0.84
2009-04-01,2009,4,"Sugar, EU",Other Food,($/kg),0.52,0.0,0.0,-33.33,-21.21,0.36
2009-05-01,2009,5,"Sugar, EU",Other Food,($/kg),0.54,3.85,8.0,-29.87,-16.92,0.87
2009-06-01,2009,6,"Sugar, EU",Other Food,($/kg),0.55,1.85,5.77,-28.57,-17.91,0.54
2009-07-01,2009,7,"Sugar, EU",Other Food,($/kg),0.56,1.82,7.69,-28.21,-16.42,0.52
2009-08-01,2009,8,"Sugar, EU",Other Food,($/kg),0.56,0.0,3.7,-24.32,-16.42,0.29
2009-09-01,2009,9,"Sugar, EU",Other Food,($/kg),0.54,-3.57,-1.82,-23.94,-18.18,-0.2
2009-10-01,2009,10,"Sugar, EU",Other Food,($/kg),0.49,-9.26,-12.5,-7.55,-25.76,-0.9
2009-11-01,2009,11,"Sugar, EU",Other Food,($/kg),0.5,2.04,-10.71,0.0,-26.47,0.58
2009-12-01,2009,12,"Sugar, EU",Other Food,($/kg),0.49,-2.0,-9.26,-7.55,-30.99,-0.5
2010-01-01,2010,1,"Sugar, EU",Other Food,($/kg),0.48,-2.04,-2.04,-7.69,-30.43,-0.38
2010-02-01,2010,2,"Sugar, EU",Other Food,($/kg),0.46,-4.17,-8.0,-8.0,-33.33,-0.94
2010-03-01,2010,3,"Sugar, EU",Other Food,($/kg),0.45,-2.17,-8.16,-13.46,-35.71,-0.41
2010-04-01,2010,4,"Sugar, EU",Other Food,($/kg),0.45,0.0,-6.25,-13.46,-34.78,0.32
2010-05-01,2010,5,"Sugar, EU",Other Food,($/kg),0.42,-6.67,-8.7,-22.22,-38.24,-1.56
2010-06-01,2010,6,"Sugar, EU",Other Food,($/kg),0.41,-2.38,-8.89,-25.45,-38.81,-0.1
2010-07-01,2010,7,"Sugar, EU",Other Food,($/kg),0.43,4.88,-4.44,-23.21,-32.81,2.2
2010-08-01,2010,8,"Sugar, EU",Other Food,($/kg),0.43,0.0,2.38,-23.21,-34.85,0.57
2010-09-01,2010,9,"Sugar, EU",Other Food,($/kg),0.44,2.33,7.32,-18.52,-33.33,1.19
2010-10-01,2010,10,"Sugar, EU",Other Food,($/kg),0.45,2.27,4.65,-8.16,-29.69,1.0
2010-11-01,2010,11,"Sugar, EU",Other Food,($/kg),0.45,0.0,4.65,-10.0,-28.57,0.21
2010-12-01,2010,12,"Sugar, EU",Other Food,($/kg),0.43,-4.44,-2.27,-12.24,-32.81,-1.16
2011-01-01,2011,1,"Sugar, EU",Other Food,($/kg),0.44,2.33,-2.22,-8.33,-32.31,1.03
2011-02-01,2011,2,"Sugar, EU",Other Food,($/kg),0.45,2.27,0.0,-2.17,-29.69,0.87
2011-03-01,2011,3,"Sugar, EU",Other Food,($/kg),0.46,2.22,6.98,2.22,-28.12,0.71
2011-04-01,2011,4,"Sugar, EU",Other Food,($/kg),0.47,2.17,6.82,4.44,-27.69,0.59
2011-05-01,2011,5,"Sugar, EU",Other Food,($/kg),0.47,0.0,4.44,11.9,-30.88,-0.12
2011-06-01,2011,6,"Sugar, EU",Other Food,($/kg),0.47,0.0,2.17,14.63,-29.85,-0.39
2011-07-01,2011,7,"Sugar, EU",Other Food,($/kg),0.47,0.0,0.0,9.3,-25.4,-0.51
2011-08-01,2011,8,"Sugar, EU",Other Food,($/kg),0.47,0.0,0.0,9.3,-26.56,-0.38
2011-09-01,2011,9,"Sugar, EU",Other Food,($/kg),0.45,-4.26,-4.26,2.27,-28.57,-2.52
2011-10-01,2011,10,"Sugar, EU",Other Food,($/kg),0.45,0.0,-4.26,0.0,-28.57,-0.09
2011-11-01,2011,11,"Sugar, EU",Other Food,($/kg),0.44,-2.22,-6.38,-2.22,-31.25,-0.98
2011-12-01,2011,12,"Sugar, EU",Other Food,($/kg),0.43,-2.27,-4.44,0.0,-34.85,-0.88
2012-01-01,2012,1,"Sugar, EU",Other Food,($/kg),0.42,-2.33,-6.67,-4.55,-35.38,-1.12
2012-02-01,2012,2,"Sugar, EU",Other Food,($/kg),0.43,2.38,-2.27,-4.44,-33.85,1.33
2012-03-01,2012,3,"Sugar, EU",Other Food,($/kg),0.43,0.0,0.0,-6.52,-34.85,0.17
2012-04-01,2012,4,"Sugar, EU",Other Food,($/kg),0.43,0.0,2.38,-8.51,-35.82,0.28
2012-05-01,2012,5,"Sugar, EU",Other Food,($/kg),0.42,-2.33,-2.33,-10.64,-37.31,-0.92
2012-06-01,2012,6,"Sugar, EU",Other Food,($/kg),0.41,-2.38,-4.65,-12.77,-38.81,-0.82
2012-07-01,2012,7,"Sugar, EU",Other Food,($/kg),0.4,-2.44,-6.98,-14.89,-41.18,-0.74
2012-08-01,2012,8,"Sugar, EU",Other Food,($/kg),0.41,2.5,-2.38,-12.77,-39.71,2.13
2012-09-01,2012,9,"Sugar, EU",Other Food,($/kg),0.42,2.44,2.44,-6.67,-39.13,1.7
2012-10-01,2012,10,"Sugar, EU",Other Food,($/kg),0.42,0.0,5.0,-6.67,-40.85,0.27
2012-11-01,2012,11,"Sugar, EU",Other Food,($/kg),0.42,0.0,2.44,-4.55,-42.47,0.27
2012-12-01,2012,12,"Sugar, EU",Other Food,($/kg),0.43,2.38,2.38,0.0,-40.28,1.38
2013-01-01,2013,1,"Sugar, EU",Other Food,($/kg),0.43,0.0,2.38,2.38,-41.1,-0.01
2013-02-01,2013,2,"Sugar, EU",Other Food,($/kg),0.44,2.33,4.76,2.33,-39.73,1.11
2013-03-01,2013,3,"Sugar, EU",Other Food,($/kg),0.42,-4.55,-2.33,-2.33,-45.45,-2.5
2013-04-01,2013,4,"Sugar, EU",Other Food,($/kg),0.43,2.38,0.0,0.0,-44.87,1.09
2013-05-01,2013,5,"Sugar, EU",Other Food,($/kg),0.42,-2.33,-4.55,0.0,-45.45,-0.96
2013-06-01,2013,6,"Sugar, EU",Other Food,($/kg),0.43,2.38,2.38,4.88,-44.16,0.96
2013-07-01,2013,7,"Sugar, EU",Other Food,($/kg),0.43,0.0,0.0,7.5,-44.87,-0.18
2013-08-01,2013,8,"Sugar, EU",Other Food,($/kg),0.43,0.0,2.38,4.88,-41.89,-0.28
2013-09-01,2013,9,"Sugar, EU",Other Food,($/kg),0.44,2.33,2.33,4.76,-38.03,0.87
2013-10-01,2013,10,"Sugar, EU",Other Food,($/kg),0.45,2.27,4.65,7.14,-15.09,0.86
2013-11-01,2013,11,"Sugar, EU",Other Food,($/kg),0.44,-2.22,2.33,4.76,-12.0,-1.26
2013-12-01,2013,12,"Sugar, EU",Other Food,($/kg),0.45,2.27,2.27,4.65,-15.09,0.78
2014-01-01,2014,1,"Sugar, EU",Other Food,($/kg),0.44,-2.22,-2.22,2.33,-15.38,-1.11
2014-02-01,2014,2,"Sugar, EU",Other Food,($/kg),0.45,2.27,2.27,2.27,-10.0,0.83
2014-03-01,2014,3,"Sugar, EU",Other Food,($/kg),0.45,0.0,0.0,7.14,-13.46,-0.09
2014-04-01,2014,4,"Sugar, EU",Other Food,($/kg),0.45,0.0,2.27,4.65,-13.46,-0.3
2014-05-01,2014,5,"Sugar, EU",Other Food,($/kg),0.45,0.0,0.0,7.14,-16.67,-0.21
2014-06-01,2014,6,"Sugar, EU",Other Food,($/kg),0.44,-2.22,-2.22,2.33,-20.0,-1.64
2014-07-01,2014,7,"Sugar, EU",Other Food,($/kg),0.44,0.0,-2.22,2.33,-21.43,-0.12
2014-08-01,2014,8,"Sugar, EU",Other Food,($/kg),0.43,-2.27,-4.44,0.0,-23.21,-1.39
2014-09-01,2014,9,"Sugar, EU",Other Food,($/kg),0.42,-2.33,-4.55,-4.55,-22.22,-1.22
2014-10-01,2014,10,"Sugar, EU",Other Food,($/kg),0.41,-2.38,-6.82,-8.89,-16.33,-1.06
2014-11-01,2014,11,"Sugar, EU",Other Food,($/kg),0.41,0.0,-4.65,-6.82,-18.0,0.43
2014-12-01,2014,12,"Sugar, EU",Other Food,($/kg),0.4,-2.44,-4.76,-11.11,-18.37,-1.09
2015-01-01,2015,1,"Sugar, EU",Other Food,($/kg),0.38,-5.0,-7.32,-13.64,-20.83,-2.62
2015-02-01,2015,2,"Sugar, EU",Other Food,($/kg),0.37,-2.63,-9.76,-17.78,-19.57,-0.75
2015-03-01,2015,3,"Sugar, EU",Other Food,($/kg),0.35,-5.41,-12.5,-22.22,-22.22,-2.38
2015-04-01,2015,4,"Sugar, EU",Other Food,($/kg),0.35,0.0,-7.89,-22.22,-22.22,1.11
2015-05-01,2015,5,"Sugar, EU",Other Food,($/kg),0.36,2.86,-2.7,-20.0,-14.29,2.66
2015-06-01,2015,6,"Sugar, EU",Other Food,($/kg),0.37,2.78,5.71,-15.91,-9.76,2.02
2015-07-01,2015,7,"Sugar, EU",Other Food,($/kg),0.36,-2.7,2.86,-18.18,-16.28,-0.5
2015-08-01,2015,8,"Sugar, EU",Other Food,($/kg),0.36,0.0,0.0,-16.28,-16.28,0.62
2015-09-01,2015,9,"Sugar, EU",Other Food,($/kg),0.37,2.78,0.0,-11.9,-15.91,1.6
2015-10-01,2015,10,"Sugar, EU",Other Food,($/kg),0.37,0.0,2.78,-9.76,-17.78,0.35
2015-11-01,2015,11,"Sugar, EU",Other Food,($/kg),0.35,-5.41,-2.78,-14.63,-22.22,-1.6
2015-12-01,2015,12,"Sugar, EU",Other Food,($/kg),0.36,2.86,-2.7,-10.0,-16.28,1.32
2016-01-01,2016,1,"Sugar, EU",Other Food,($/kg),0.35,-2.78,-5.41,-7.89,-20.45,-0.59
2016-02-01,2016,2,"Sugar, EU",Other Food,($/kg),0.36,2.86,2.86,-2.7,-20.0,1.12
2016-03-01,2016,3,"Sugar, EU",Other Food,($/kg),0.36,0.0,0.0,2.86,-21.74,0.06
2016-04-01,2016,4,"Sugar, EU",Other Food,($/kg),0.37,2.78,5.71,5.71,-21.28,0.91
2016-05-01,2016,5,"Sugar, EU",Other Food,($/kg),0.37,0.0,2.78,2.78,-21.28,-0.18
2016-06-01,2016,6,"Sugar, EU",Other Food,($/kg),0.37,0.0,2.78,0.0,-21.28,-0.1
2016-07-01,2016,7,"Sugar, EU",Other Food,($/kg),0.36,-2.7,-2.7,0.0,-23.4,-1.04
2016-08-01,2016,8,"Sugar, EU",Other Food,($/kg),0.37,2.78,0.0,2.78,-21.28,1.04
2016-09-01,2016,9,"Sugar, EU",Other Food,($/kg),0.37,0.0,0.0,0.0,-17.78,-0.1
2016-10-01,2016,10,"Sugar, EU",Other Food,($/kg),0.36,-2.7,0.0,-2.7,-20.0,-1.04
2016-11-01,2016,11,"Sugar, EU",Other Food,($/kg),0.35,-2.78,-5.41,0.0,-20.45,-0.94
2016-12-01,2016,12,"Sugar, EU",Other Food,($/kg),0.34,-2.86,-8.11,-5.56,-20.93,-1.22
2017-01-01,2017,1,"Sugar, EU",Other Food,($/kg),0.35,2.94,-2.78,0.0,-16.67,1.46
2017-02-01,2017,2,"Sugar, EU",Other Food,($/kg),0.35,0.0,0.0,-2.78,-18.6,-0.01
2017-03-01,2017,3,"Sugar, EU",Other Food,($/kg),0.35,0.0,2.94,-2.78,-18.6,0.1
2017-04-01,2017,4,"Sugar, EU",Other Food,($/kg),0.35,0.0,0.0,-5.41,-18.6,0.1
2017-05-01,2017,5,"Sugar, EU",Other Food,($/kg),0.36,2.86,2.86,-2.7,-14.29,1.64
2017-06-01,2017,6,"Sugar, EU",Other Food,($/kg),0.37,2.78,5.71,0.0,-9.76,1.34
2017-07-01,2017,7,"Sugar, EU",Other Food,($/kg),0.38,2.7,8.57,5.56,-5.0,1.12
2017-08-01,2017,8,"Sugar, EU",Other Food,($/kg),0.39,2.63,8.33,5.41,-4.88,0.92
2017-09-01,2017,9,"Sugar, EU",Other Food,($/kg),0.39,0.0,5.41,5.41,-7.14,-0.2
2017-10-01,2017,10,"Sugar, EU",Other Food,($/kg),0.38,-2.56,0.0,5.56,-9.52,-1.3
2017-11-01,2017,11,"Sugar, EU",Other Food,($/kg),0.38,0.0,-2.56,8.57,-9.52,-0.21
2017-12-01,2017,12,"Sugar, EU",Other Food,($/kg),0.39,2.63,0.0,14.71,-9.3,0.93
2018-01-01,2018,1,"Sugar, EU",Other Food,($/kg),0.4,2.56,5.26,14.29,-6.98,0.77
2018-02-01,2018,2,"Sugar, EU",Other Food,($/kg),0.4,0.0,5.26,14.29,-9.09,-0.64
2018-03-01,2018,3,"Sugar, EU",Other Food,($/kg),0.4,0.0,2.56,14.29,-4.76,-0.64
2018-04-01,2018,4,"Sugar, EU",Other Food,($/kg),0.4,0.0,0.0,14.29,-6.98,-0.64
2018-05-01,2018,5,"Sugar, EU",Other Food,($/kg),0.39,-2.5,-2.5,8.33,-7.14,-2.04
2018-06-01,2018,6,"Sugar, EU",Other Food,($/kg),0.38,-2.56,-5.0,2.7,-11.63,-1.65
2018-07-01,2018,7,"Sugar, EU",Other Food,($/kg),0.38,0.0,-5.0,0.0,-11.63,-0.12
2018-08-01,2018,8,"Sugar, EU",Other Food,($/kg),0.38,0.0,-2.56,-2.56,-11.63,-0.01
2018-09-01,2018,9,"Sugar, EU",Other Food,($/kg),0.38,0.0,0.0,-2.56,-13.64,0.12
2018-10-01,2018,10,"Sugar, EU",Other Food,($/kg),0.38,0.0,0.0,0.0,-15.56,0.12
2018-11-01,2018,11,"Sugar, EU",Other Food,($/kg),0.37,-2.63,-2.63,-2.63,-15.91,-1.71
2018-12-01,2018,12,"Sugar, EU",Other Food,($/kg),0.37,0.0,-2.63,-5.13,-17.78,0.12
2019-01-01,2019,1,"Sugar, EU",Other Food,($/kg),0.37,0.0,-2.63,-7.5,-15.91,0.29
2019-02-01,2019,2,"Sugar, EU",Other Food,($/kg),0.37,0.0,0.0,-7.5,-17.78,0.55
2019-03-01,2019,3,"Sugar, EU",Other Food,($/kg),0.37,0.0,0.0,-7.5,-17.78,0.55
2019-04-01,2019,4,"Sugar, EU",Other Food,($/kg),0.37,0.0,0.0,-7.5,-17.78,0.55
2019-05-01,2019,5,"Sugar, EU",Other Food,($/kg),0.37,0.0,0.0,-5.13,-17.78,0.55
2019-06-01,2019,6,"Sugar, EU",Other Food,($/kg),0.37,0.0,0.0,-2.63,-15.91,0.43
2019-07-01,2019,7,"Sugar, EU",Other Food,($/kg),0.37,0.0,0.0,-2.63,-15.91,0.29
2019-08-01,2019,8,"Sugar, EU",Other Food,($/kg),0.36,-2.7,-2.7,-5.26,-16.28,-3.27
2019-09-01,2019,9,"Sugar, EU",Other Food,($/kg),0.36,0.0,-2.7,-5.26,-14.29,0.43
2019-10-01,2019,10,"Sugar, EU",Other Food,($/kg),0.36,0.0,-2.7,-5.26,-12.2,0.43
2019-11-01,2019,11,"Sugar, EU",Other Food,($/kg),0.36,0.0,0.0,-2.7,-12.2,0.43
2019-12-01,2019,12,"Sugar, EU",Other Food,($/kg),0.36,0.0,0.0,-2.7,-10.0,0.29
2020-01-01,2020,1,"Sugar, EU",Other Food,($/kg),0.36,0.0,0.0,-2.7,-5.26,0.29
2020-02-01,2020,2,"Sugar, EU",Other Food,($/kg),0.36,0.0,0.0,-2.7,-2.7,0.29
2020-03-01,2020,3,"Sugar, EU",Other Food,($/kg),0.36,0.0,0.0,-2.7,2.86,0.29
2020-04-01,2020,4,"Sugar, EU",Other Food,($/kg),0.35,-2.78,-2.78,-5.41,0.0,-3.27
2020-05-01,2020,5,"Sugar, EU",Other Food,($/kg),0.36,2.86,0.0,-2.7,0.0,3.11
2020-06-01,2020,6,"Sugar, EU",Other Food,($/kg),0.37,2.78,2.78,0.0,0.0,2.09
2020-07-01,2020,7,"Sugar, EU",Other Food,($/kg),0.37,0.0,5.71,0.0,2.78,-0.01
2020-08-01,2020,8,"Sugar, EU",Other Food,($/kg),0.39,5.41,8.33,8.33,8.33,3.22
2020-09-01,2020,9,"Sugar, EU",Other Food,($/kg),0.39,0.0,5.41,8.33,5.41,-0.33
2020-10-01,2020,10,"Sugar, EU",Other Food,($/kg),0.38,-2.56,2.7,5.56,2.7,-1.57
2020-11-01,2020,11,"Sugar, EU",Other Food,($/kg),0.39,2.63,0.0,8.33,11.43,0.95
2020-12-01,2020,12,"Sugar, EU",Other Food,($/kg),0.4,2.56,2.56,11.11,11.11,0.8
2021-01-01,2021,1,"Sugar, EU",Other Food,($/kg),0.4,0.0,5.26,11.11,14.29,-0.38
2021-02-01,2021,2,"Sugar, EU",Other Food,($/kg),0.4,0.0,2.56,11.11,11.11,-0.38
2021-03-01,2021,3,"Sugar, EU",Other Food,($/kg),0.39,-2.5,-2.5,8.33,8.33,-1.42
2021-04-01,2021,4,"Sugar, EU",Other Food,($/kg),0.39,0.0,-2.5,11.43,5.41,-0.27
2021-05-01,2021,5,"Sugar, EU",Other Food,($/kg),0.4,2.56,0.0,11.11,8.11,0.69
2021-06-01,2021,6,"Sugar, EU",Other Food,($/kg),0.39,-2.5,0.0,5.41,5.41,-1.46
2021-07-01,2021,7,"Sugar, EU",Other Food,($/kg),0.39,0.0,0.0,5.41,8.33,-0.19
2021-08-01,2021,8,"Sugar, EU",Other Food,($/kg),0.38,-2.56,-5.0,-2.56,2.7,-1.24
2021-09-01,2021,9,"Sugar, EU",Other Food,($/kg),0.38,0.0,-2.56,-2.56,2.7,0.1
2021-10-01,2021,10,"Sugar, EU",Other Food,($/kg),0.38,0.0,-2.56,0.0,5.56,0.1
2021-11-01,2021,11,"Sugar, EU",Other Food,($/kg),0.37,-2.63,-2.63,-5.13,5.71,-1.4
2021-12-01,2021,12,"Sugar, EU",Other Food,($/kg),0.37,0.0,-2.63,-7.5,8.82,0.23
2022-01-01,2022,1,"Sugar, EU",Other Food,($/kg),0.37,0.0,-2.63,-7.5,5.71,0.4
2022-02-01,2022,2,"Sugar, EU",Other Food,($/kg),0.37,0.0,0.0,-7.5,5.71,0.4
2022-03-01,2022,3,"Sugar, EU",Other Food,($/kg),0.36,-2.7,-2.7,-7.69,2.86,-1.3
2022-04-01,2022,4,"Sugar, EU",Other Food,($/kg),0.35,-2.78,-5.41,-10.26,0.0,-1.32
2022-05-01,2022,5,"Sugar, EU",Other Food,($/kg),0.35,0.0,-5.41,-12.5,-2.78,0.52
2022-06-01,2022,6,"Sugar, EU",Other Food,($/kg),0.35,0.0,-2.78,-10.26,-5.41,0.81
2022-07-01,2022,7,"Sugar, EU",Other Food,($/kg),0.33,-5.71,-5.71,-15.38,-13.16,-3.67
2022-08-01,2022,8,"Sugar, EU",Other Food,($/kg),0.33,0.0,-5.71,-13.16,-15.38,0.73
2022-09-01,2022,9,"Sugar, EU",Other Food,($/kg),0.32,-3.03,-8.57,-15.79,-17.95,-1.0
2022-10-01,2022,10,"Sugar, EU",Other Food,($/kg),0.32,0.0,-3.03,-15.79,-15.79,0.74
2022-11-01,2022,11,"Sugar, EU",Other Food,($/kg),0.33,3.12,0.0,-10.81,-13.16,2.37
2022-12-01,2022,12,"Sugar, EU",Other Food,($/kg),0.35,6.06,9.38,-5.41,-10.26,3.09
2023-01-01,2023,1,"Sugar, EU",Other Food,($/kg),0.35,0.0,9.38,-5.41,-12.5,0.14
2023-02-01,2023,2,"Sugar, EU",Other Food,($/kg),0.35,0.0,6.06,-5.41,-12.5,0.14
2023-03-01,2023,3,"Sugar, EU",Other Food,($/kg),0.35,0.0,0.0,-2.78,-12.5,0.14
2023-04-01,2023,4,"Sugar, EU",Other Food,($/kg),0.36,2.86,2.86,2.86,-10.0,1.04
2023-05-01,2023,5,"Sugar, EU",Other Food,($/kg),0.36,0.0,2.86,2.86,-7.69,-0.09
2023-06-01,2023,6,"Sugar, EU",Other Food,($/kg),0.35,-2.78,0.0,0.0,-7.89,-1.04
2023-07-01,2023,7,"Sugar, EU",Other Food,($/kg),0.36,2.86,0.0,9.09,-5.26,0.91
2023-08-01,2023,8,"Sugar, EU",Other Food,($/kg),0.36,0.0,0.0,9.09,-5.26,-0.29
2023-09-01,2023,9,"Sugar, EU",Other Food,($/kg),0.35,-2.78,0.0,9.38,-7.89,-1.37
2023-10-01,2023,10,"Sugar, EU",Other Food,($/kg),0.34,-2.86,-5.56,6.25,-10.53,-1.43
2023-11-01,2023,11,"Sugar, EU",Other Food,($/kg),0.35,2.94,-2.78,6.06,-5.41,0.87
2023-12-01,2023,12,"Sugar, EU",Other Food,($/kg),0.36,2.86,2.86,2.86,-2.7,0.85
2024-01-01,2024,1,"Sugar, EU",Other Food,($/kg),0.36,0.0,5.88,2.86,-2.7,-0.11
2024-02-01,2024,2,"Sugar, EU",Other Food,($/kg),0.35,-2.78,0.0,0.0,-5.41,-1.35
2024-03-01,2024,3,"Sugar, EU",Other Food,($/kg),0.35,0.0,-2.78,0.0,-5.41,-0.01
2024-04-01,2024,4,"Sugar, EU",Other Food,($/kg),0.35,0.0,-2.78,-2.78,-5.41,-0.01
2024-05-01,2024,5,"Sugar, EU",Other Food,($/kg),0.35,0.0,0.0,-2.78,-5.41,0.09
2024-06-01,2024,6,"Sugar, EU",Other Food,($/kg),0.35,0.0,0.0,0.0,-5.41,0.09
2024-07-01,2024,7,"Sugar, EU",Other Food,($/kg),0.35,0.0,0.0,-2.78,-5.41,-0.01
2024-08-01,2024,8,"Sugar, EU",Other Food,($/kg),0.36,2.86,2.86,0.0,0.0,1.62
2024-09-01,2024,9,"Sugar, EU",Other Food,($/kg),0.36,0.0,2.86,2.86,0.0,-0.01
2024-10-01,2024,10,"Sugar, EU",Other Food,($/kg),0.36,0.0,2.86,5.88,0.0,-0.13
2024-11-01,2024,11,"Sugar, EU",Other Food,($/kg),0.35,-2.78,-2.78,0.0,-2.78,-1.98
2024-12-01,2024,12,"Sugar, EU",Other Food,($/kg),0.34,-2.86,-5.56,-5.56,-5.56,-1.69
2025-01-01,2025,1,"Sugar, EU",Other Food,($/kg),0.34,0.0,-5.56,-5.56,-5.56,0.28
2025-02-01,2025,2,"Sugar, EU",Other Food,($/kg),0.34,0.0,-2.86,-2.86,-5.56,0.28
2025-03-01,2025,3,"Sugar, EU",Other Food,($/kg),0.35,2.94,2.94,0.0,-2.78,2.18
2025-04-01,2025,4,"Sugar, EU",Other Food,($/kg),0.37,5.71,8.82,5.71,5.71,3.31
2025-05-01,2025,5,"Sugar, EU",Other Food,($/kg),0.37,0.0,8.82,5.71,2.78,-0.21
2025-06-01,2025,6,"Sugar, EU",Other Food,($/kg),0.38,2.7,8.57,8.57,2.7,0.93
2025-07-01,2025,7,"Sugar, EU",Other Food,($/kg),0.38,0.0,2.7,8.57,2.7,-0.29
2025-08-01,2025,8,"Sugar, EU",Other Food,($/kg),0.38,0.0,2.7,5.56,-2.56,-0.29
2025-09-01,2025,9,"Sugar, EU",Other Food,($/kg),0.38,0.0,0.0,5.56,-2.56,-0.2
2025-10-01,2025,10,"Sugar, EU",Other Food,($/kg),0.38,0.0,0.0,5.56,0.0,-0.2
2025-11-01,2025,11,"Sugar, EU",Other Food,($/kg),0.38,0.0,0.0,8.57,-2.56,-0.2
2025-12-01,2025,12,"Sugar, EU",Other Food,($/kg),0.38,0.0,0.0,11.76,-5.0,-0.33
2026-01-01,2026,1,"Sugar, EU",Other Food,($/kg),0.38,0.0,0.0,11.76,-5.0,-0.51
2026-02-01,2026,2,"Sugar, EU",Other Food,($/kg),0.39,2.63,2.63,14.71,-2.5,0.91
2026-03-01,2026,3,"Sugar, EU",Other Food,($/kg),0.38,-2.56,0.0,8.57,-2.56,-1.98
2026-04-01,2026,4,"Sugar, EU",Other Food,($/kg),0.38,0.0,0.0,2.7,-2.56,-0.34
2026-05-01,2026,5,"Sugar, EU",Other Food,($/kg),0.38,0.0,-2.56,2.7,-5.0,-0.17
2026-06-01,2026,6,"Sugar, EU",Other Food,($/kg),0.38,0.0,0.0,0.0,-2.56,-0.17
2026-07-01,2026,7,"Sugar, EU",Other Food,($/kg),0.37,-2.63,-2.63,-2.63,-5.13,-2.38
2026-08-01,2026,8,"Sugar, EU",Other Food,($/kg),0.38,2.7,0.0,0.0,0.0,2.17
2026-09-01,2026,9,"Sugar, EU",Other Food,($/kg),0.38,0.0,0.0,0.0,0.0,-0.01
1960-01-01,1960,1,"Sugar, US",Other Food,($/kg),0.12,,,,,
1960-02-01,1960,2,"Sugar, US",Other Food,($/kg),0.12,0.0,,,,
1960-03-01,1960,3,"Sugar, US",Other Food,($/kg),0.12,0.0,,,,
1960-04-01,1960,4,"Sugar, US",Other Food,($/kg),0.12,0.0,0.0,,,
1960-05-01,1960,5,"Sugar, US",Other Food,($/kg),0.12,0.0,0.0,,,
1960-06-01,1960,6,"Sugar, US",Other Food,($/kg),0.13,8.33,8.33,,,
1960-07-01,1960,7,"Sugar, US",Other Food,($/kg),0.13,0.0,8.33,,,
1960-08-01,1960,8,"Sugar, US",Other Food,($/kg),0.13,0.0,8.33,,,-0.41
1960-09-01,1960,9,"Sugar, US",Other Food,($/kg),0.13,0.0,0.0,,,-0.38
1960-10-01,1960,10,"Sugar, US",Other Food,($/kg),0.13,0.0,0.0,,,-0.35
1960-11-01,1960,11,"Sugar, US",Other Food,($/kg),0.13,0.0,0.0,,,-0.33
1960-12-01,1960,12,"Sugar, US",Other Food,($/kg),0.13,0.0,0.0,,,-0.32
1961-01-01,1961,1,"Sugar, US",Other Food,($/kg),0.13,0.0,0.0,8.33,,-0.3
1961-02-01,1961,2,"Sugar, US",Other Food,($/kg),0.13,0.0,0.0,8.33,,-0.29
1961-03-01,1961,3,"Sugar, US",Other Food,($/kg),0.12,-7.69,-7.69,0.0,,-3.49
1961-04-01,1961,4,"Sugar, US",Other Food,($/kg),0.12,0.0,-7.69,0.0,,-0.02
1961-05-01,1961,5,"Sugar, US",Other Food,($/kg),0.13,8.33,0.0,8.33,,2.42
1961-06-01,1961,6,"Sugar, US",Other Food,($/kg),0.13,0.0,8.33,0.0,,-0.18
1961-07-01,1961,7,"Sugar, US",Other Food,($/kg),0.13,0.0,8.33,0.0,,-0.02
1961-08-01,1961,8,"Sugar, US",Other Food,($/kg),0.12,-7.69,-7.69,-7.69,,-2.27
1961-09-01,1961,9,"Sugar, US",Other Food,($/kg),0.12,0.0,-7.69,-7.69,,0.14
1961-10-01,1961,10,"Sugar, US",Other Food,($/kg),0.12,0.0,-7.69,-7.69,,0.14
1961-11-01,1961,11,"Sugar, US",Other Food,($/kg),0.13,8.33,8.33,0.0,,2.18
1961-12-01,1961,12,"Sugar, US",Other Food,($/kg),0.13,0.0,8.33,0.0,,-0.02
1962-01-01,1962,1,"Sugar, US",Other Food,($/kg),0.13,0.0,8.33,0.0,,-0.02
1962-02-01,1962,2,"Sugar, US",Other Food,($/kg),0.13,0.0,0.0,0.0,,-0.02
1962-03-01,1962,3,"Sugar, US",Other Food,($/kg),0.13,0.0,0.0,8.33,,-0.02
1962-04-01,1962,4,"Sugar, US",Other Food,($/kg),0.13,0.0,0.0,8.33,,-0.18
1962-05-01,1962,5,"Sugar, US",Other Food,($/kg),0.13,0.0,0.0,0.0,,-0.18
1962-06-01,1962,6,"Sugar, US",Other Food,($/kg),0.13,0.0,0.0,0.0,,-0.02
1962-07-01,1962,7,"Sugar, US",Other Food,($/kg),0.13,0.0,0.0,0.0,,-0.02
1962-08-01,1962,8,"Sugar, US",Other Food,($/kg),0.13,0.0,0.0,8.33,,-0.02
1962-09-01,1962,9,"Sugar, US",Other Food,($/kg),0.13,0.0,0.0,8.33,,-0.29
1962-10-01,1962,10,"Sugar, US",Other Food,($/kg),0.13,0.0,0.0,8.33,,-0.29
1962-11-01,1962,11,"Sugar, US",Other Food,($/kg),0.13,0.0,0.0,0.0,,-0.29
1962-12-01,1962,12,"Sugar, US",Other Food,($/kg),0.13,0.0,0.0,0.0,,0.0
1963-01-01,1963,1,"Sugar, US",Other Food,($/kg),0.13,0.0,0.0,0.0,,0.0
1963-02-01,1963,2,"Sugar, US",Other Food,($/kg),0.14,7.69,7.69,7.69,,0.0
1963-03-01,1963,3,"Sugar, US",Other Food,($/kg),0.14,0.0,7.69,7.69,,-0.29
1963-04-01,1963,4,"Sugar, US",Other Food,($/kg),0.16,14.29,23.08,23.08,,6.14
1963-05-01,1963,5,"Sugar, US",Other Food,($/kg),0.22,37.5,57.14,69.23,,7.92
1963-06-01,1963,6,"Sugar, US",Other Food,($/kg),0.18,-18.18,28.57,38.46,,-2.07
1963-07-01,1963,7,"Sugar, US",Other Food,($/kg),0.16,-11.11,0.0,23.08,,-1.12
1963-08-01,1963,8,"Sugar, US",Other Food,($/kg),0.13,-18.75,-40.91,0.0,,-1.56
1963-09-01,1963,9,"Sugar, US",Other Food,($/kg),0.15,15.38,-16.67,15.38,,0.96
1963-10-01,1963,10,"Sugar, US",Other Food,($/kg),0.19,26.67,18.75,46.15,,1.57
1963-11-01,1963,11,"Sugar, US",Other Food,($/kg),0.19,0.0,46.15,46.15,,-0.26
1963-12-01,1963,12,"Sugar, US",Other Food,($/kg),0.18,-5.26,20.0,38.46,,-0.57
1964-01-01,1964,1,"Sugar, US",Other Food,($/kg),0.19,5.56,0.0,46.15,,0.09
1964-02-01,1964,2,"Sugar, US",Other Food,($/kg),0.16,-15.79,-15.79,14.29,,-1.18
1964-03-01,1964,3,"Sugar, US",Other Food,($/kg),0.15,-6.25,-16.67,7.14,,-0.49
1964-04-01,1964,4,"Sugar, US",Other Food,($/kg),0.15,0.0,-21.05,-6.25,,-0.11
1964-05-01,1964,5,"Sugar, US",Other Food,($/kg),0.13,-13.33,-18.75,-40.91,,-0.79
1964-06-01,1964,6,"Sugar, US",Other Food,($/kg),0.13,0.0,-13.33,-27.78,,0.25
1964-07-01,1964,7,"Sugar, US",Other Food,($/kg),0.12,-7.69,-20.0,-25.0,,-0.44
1964-08-01,1964,8,"Sugar, US",Other Food,($/kg),0.12,0.0,-7.69,-7.69,,0.13
1964-09-01,1964,9,"Sugar, US",Other Food,($/kg),0.12,0.0,-7.69,-20.0,,0.01
1964-10-01,1964,10,"Sugar, US",Other Food,($/kg),0.13,8.33,8.33,-31.58,,0.9
1964-11-01,1964,11,"Sugar, US",Other Food,($/kg),0.12,-7.69,0.0,-36.84,,-0.68
1964-12-01,1964,12,"Sugar, US",Other Food,($/kg),0.13,8.33,8.33,-27.78,,1.65
1965-01-01,1965,1,"Sugar, US",Other Food,($/kg),0.14,7.69,7.69,-26.32,16.67,1.27
1965-02-01,1965,2,"Sugar, US",Other Food,($/kg),0.14,0.0,16.67,-12.5,16.67,0.27
1965-03-01,1965,3,"Sugar, US",Other Food,($/kg),0.13,-7.14,0.0,-13.33,8.33,-0.91
1965-04-01,1965,4,"Sugar, US",Other Food,($/kg),0.13,0.0,-7.14,-13.33,8.33,0.14
1965-05-01,1965,5,"Sugar, US",Other Food,($/kg),0.14,7.69,0.0,7.69,16.67,1.24
1965-06-01,1965,6,"Sugar, US",Other Food,($/kg),0.14,0.0,7.69,7.69,7.69,-0.13
1965-07-01,1965,7,"Sugar, US",Other Food,($/kg),0.13,-7.14,0.0,8.33,0.0,-1.29
1965-08-01,1965,8,"Sugar, US",Other Food,($/kg),0.14,7.69,0.0,16.67,7.69,1.12
1965-09-01,1965,9,"Sugar, US",Other Food,($/kg),0.14,0.0,0.0,16.67,7.69,-0.23
1965-10-01,1965,10,"Sugar, US",Other Food,($/kg),0.14,0.0,7.69,7.69,7.69,-0.23
1965-11-01,1965,11,"Sugar, US",Other Food,($/kg),0.14,0.0,0.0,16.67,7.69,-0.13
1965-12-01,1965,12,"Sugar, US",Other Food,($/kg),0.13,-7.14,-7.14,0.0,0.0,-1.58
1966-01-01,1966,1,"Sugar, US",Other Food,($/kg),0.14,7.69,0.0,0.0,7.69,1.38
1966-02-01,1966,2,"Sugar, US",Other Food,($/kg),0.14,0.0,0.0,0.0,7.69,-0.03
1966-03-01,1966,3,"Sugar, US",Other Food,($/kg),0.14,0.0,7.69,7.69,16.67,-0.03
1966-04-01,1966,4,"Sugar, US",Other Food,($/kg),0.14,0.0,0.0,7.69,16.67,-0.15
1966-05-01,1966,5,"Sugar, US",Other Food,($/kg),0.14,0.0,0.0,0.0,7.69,-0.15
1966-06-01,1966,6,"Sugar, US",Other Food,($/kg),0.14,0.0,0.0,0.0,7.69,-0.02
1966-07-01,1966,7,"Sugar, US",Other Food,($/kg),0.14,0.0,0.0,7.69,7.69,-0.02
1966-08-01,1966,8,"Sugar, US",Other Food,($/kg),0.14,0.0,0.0,0.0,16.67,-0.18
1966-09-01,1966,9,"Sugar, US",Other Food,($/kg),0.14,0.0,0.0,0.0,16.67,-0.01
1966-10-01,1966,10,"Sugar, US",Other Food,($/kg),0.15,7.14,7.14,7.14,25.0,2.24
1966-11-01,1966,11,"Sugar, US",Other Food,($/kg),0.14,-6.67,0.0,0.0,7.69,-1.94
1966-12-01,1966,12,"Sugar, US",Other Food,($/kg),0.14,0.0,0.0,7.69,7.69,-0.02
1967-01-01,1967,1,"Sugar, US",Other Food,($/kg),0.14,0.0,-6.67,0.0,7.69,-0.18
1967-02-01,1967,2,"Sugar, US",Other Food,($/kg),0.15,7.14,7.14,7.14,15.38,2.41
1967-03-01,1967,3,"Sugar, US",Other Food,($/kg),0.15,0.0,7.14,7.14,15.38,-0.18
1967-04-01,1967,4,"Sugar, US",Other Food,($/kg),0.15,0.0,7.14,7.14,15.38,-0.18
1967-05-01,1967,5,"Sugar, US",Other Food,($/kg),0.15,0.0,0.0,7.14,15.38,-0.18
1967-06-01,1967,6,"Sugar, US",Other Food,($/kg),0.15,0.0,0.0,7.14,15.38,-0.18
1967-07-01,1967,7,"Sugar, US",Other Food,($/kg),0.15,0.0,0.0,7.14,15.38,-0.18
1967-08-01,1967,8,"Sugar, US",Other Food,($/kg),0.15,0.0,0.0,7.14,15.38,-0.18
1967-09-01,1967,9,"Sugar, US",Other Food,($/kg),0.15,0.0,0.0,7.14,15.38,-0.18
1967-10-01,1967,10,"Sugar, US",Other Food,($/kg),0.15,0.0,0.0,0.0,15.38,-0.18
1967-11-01,1967,11,"Sugar, US",Other Food,($/kg),0.15,0.0,0.0,7.14,15.38,-0.01
1967-12-01,1967,12,"Sugar, US",Other Food,($/kg),0.15,0.0,0.0,7.14,15.38,-0.29
1968-01-01,1968,1,"Sugar, US",Other Food,($/kg),0.15,0.0,0.0,7.14,15.38,-0.29
1968-02-01,1968,2,"Sugar, US",Other Food,($/kg),0.15,0.0,0.0,0.0,7.14,-0.29
1968-03-01,1968,3,"Sugar, US",Other Food,($/kg),0.15,0.0,0.0,0.0,7.14,0.0
1968-04-01,1968,4,"Sugar, US",Other Food,($/kg),0.15,0.0,0.0,0.0,-6.25,0.0
1968-05-01,1968,5,"Sugar, US",Other Food,($/kg),0.15,0.0,0.0,0.0,-31.82,0.0
1968-06-01,1968,6,"Sugar, US",Other Food,($/kg),0.15,0.0,0.0,0.0,-16.67,0.0
1968-07-01,1968,7,"Sugar, US",Other Food,($/kg),0.15,0.0,0.0,0.0,-6.25,0.0
1968-08-01,1968,8,"Sugar, US",Other Food,($/kg),0.15,0.0,0.0,0.0,15.38,0.0
1968-09-01,1968,9,"Sugar, US",Other Food,($/kg),0.15,0.0,0.0,0.0,0.0,0.0
1968-10-01,1968,10,"Sugar, US",Other Food,($/kg),0.16,6.67,6.67,6.67,-15.79,0.0
1968-11-01,1968,11,"Sugar, US",Other Food,($/kg),0.15,-6.25,0.0,0.0,-21.05,-3.54
1968-12-01,1968,12,"Sugar, US",Other Food,($/kg),0.15,0.0,0.0,0.0,-16.67,-0.01
1969-01-01,1969,1,"Sugar, US",Other Food,($/kg),0.16,6.67,0.0,6.67,-15.79,2.41
1969-02-01,1969,2,"Sugar, US",Other Food,($/kg),0.16,0.0,6.67,6.67,0.0,-0.18
1969-03-01,1969,3,"Sugar, US",Other Food,($/kg),0.16,0.0,6.67,6.67,6.67,-0.18
1969-04-01,1969,4,"Sugar, US",Other Food,($/kg),0.16,0.0,0.0,6.67,6.67,-0.18
1969-05-01,1969,5,"Sugar, US",Other Food,($/kg),0.16,0.0,0.0,6.67,23.08,-0.18
1969-06-01,1969,6,"Sugar, US",Other Food,($/kg),0.16,0.0,0.0,6.67,23.08,-0.18
1969-07-01,1969,7,"Sugar, US",Other Food,($/kg),0.15,-6.25,-6.25,0.0,25.0,-2.04
1969-08-01,1969,8,"Sugar, US",Other Food,($/kg),0.16,6.67,0.0,6.67,33.33,1.69
1969-09-01,1969,9,"Sugar, US",Other Food,($/kg),0.16,0.0,0.0,6.67,33.33,-0.14
1969-10-01,1969,10,"Sugar, US",Other Food,($/kg),0.16,0.0,6.67,0.0,23.08,-0.14
1969-11-01,1969,11,"Sugar, US",Other Food,($/kg),0.16,0.0,0.0,6.67,33.33,-0.02
1969-12-01,1969,12,"Sugar, US",Other Food,($/kg),0.15,-6.25,-6.25,0.0,15.38,-2.04
1970-01-01,1970,1,"Sugar, US",Other Food,($/kg),0.17,13.33,6.25,6.25,21.43,3.4
1970-02-01,1970,2,"Sugar, US",Other Food,($/kg),0.16,-5.88,0.0,0.0,14.29,-1.26
1970-03-01,1970,3,"Sugar, US",Other Food,($/kg),0.16,0.0,6.67,0.0,23.08,-0.02
1970-04-01,1970,4,"Sugar, US",Other Food,($/kg),0.16,0.0,-5.88,0.0,23.08,-0.02
1970-05-01,1970,5,"Sugar, US",Other Food,($/kg),0.17,6.25,6.25,6.25,21.43,1.11
1970-06-01,1970,6,"Sugar, US",Other Food,($/kg),0.17,0.0,6.25,6.25,21.43,-0.11
1970-07-01,1970,7,"Sugar, US",Other Food,($/kg),0.17,0.0,6.25,13.33,30.77,-0.11
1970-08-01,1970,8,"Sugar, US",Other Food,($/kg),0.17,0.0,0.0,6.25,21.43,-0.22
1970-09-01,1970,9,"Sugar, US",Other Food,($/kg),0.17,0.0,0.0,6.25,21.43,-0.12
1970-10-01,1970,10,"Sugar, US",Other Food,($/kg),0.17,0.0,0.0,6.25,21.43,-0.12
1970-11-01,1970,11,"Sugar, US",Other Food,($/kg),0.16,-5.88,-5.88,0.0,14.29,-1.28
1970-12-01,1970,12,"Sugar, US",Other Food,($/kg),0.17,6.25,0.0,13.33,30.77,1.13
1971-01-01,1971,1,"Sugar, US",Other Food,($/kg),0.17,0.0,0.0,0.0,21.43,-0.22
1971-02-01,1971,2,"Sugar, US",Other Food,($/kg),0.17,0.0,6.25,6.25,21.43,-0.02
1971-03-01,1971,3,"Sugar, US",Other Food,($/kg),0.17,0.0,0.0,6.25,21.43,-0.18
1971-04-01,1971,4,"Sugar, US",Other Food,($/kg),0.17,0.0,0.0,6.25,21.43,-0.18
1971-05-01,1971,5,"Sugar, US",Other Food,($/kg),0.17,0.0,0.0,0.0,21.43,-0.18
1971-06-01,1971,6,"Sugar, US",Other Food,($/kg),0.18,5.88,5.88,5.88,28.57,2.26
1971-07-01,1971,7,"Sugar, US",Other Food,($/kg),0.18,0.0,5.88,5.88,28.57,-0.17
1971-08-01,1971,8,"Sugar, US",Other Food,($/kg),0.18,0.0,5.88,5.88,28.57,-0.17
1971-09-01,1971,9,"Sugar, US",Other Food,($/kg),0.17,-5.56,-5.56,0.0,21.43,-1.97
1971-10-01,1971,10,"Sugar, US",Other Food,($/kg),0.17,0.0,-5.56,0.0,13.33,-0.02
1971-11-01,1971,11,"Sugar, US",Other Food,($/kg),0.18,5.88,0.0,12.5,28.57,1.64
1971-12-01,1971,12,"Sugar, US",Other Food,($/kg),0.18,0.0,5.88,5.88,28.57,-0.31
1972-01-01,1972,1,"Sugar, US",Other Food,($/kg),0.19,5.56,11.76,11.76,35.71,1.7
1972-02-01,1972,2,"Sugar, US",Other Food,($/kg),0.19,0.0,5.56,11.76,26.67,-0.3
1972-03-01,1972,3,"Sugar, US",Other Food,($/kg),0.19,0.0,5.56,11.76,26.67,-0.3
1972-04-01,1972,4,"Sugar, US",Other Food,($/kg),0.19,0.0,0.0,11.76,26.67,-0.3
1972-05-01,1972,5,"Sugar, US",Other Food,($/kg),0.18,-5.26,-5.26,5.88,20.0,-1.9
1972-06-01,1972,6,"Sugar, US",Other Food,($/kg),0.18,0.0,-5.26,0.0,20.0,-0.14
1972-07-01,1972,7,"Sugar, US",Other Food,($/kg),0.19,5.56,0.0,5.56,26.67,1.64
1972-08-01,1972,8,"Sugar, US",Other Food,($/kg),0.19,0.0,5.56,5.56,26.67,-0.14
1972-09-01,1972,9,"Sugar, US",Other Food,($/kg),0.19,0.0,5.56,11.76,26.67,-0.14
1972-10-01,1972,10,"Sugar, US",Other Food,($/kg),0.19,0.0,0.0,11.76,26.67,-0.31
1972-11-01,1972,11,"Sugar, US",Other Food,($/kg),0.19,0.0,0.0,5.56,26.67,-0.31
1972-12-01,1972,12,"Sugar, US",Other Food,($/kg),0.19,0.0,0.0,5.56,26.67,-0.17
1973-01-01,1973,1,"Sugar, US",Other Food,($/kg),0.21,10.53,10.53,10.53,40.0,3.58
1973-02-01,1973,2,"Sugar, US",Other Food,($/kg),0.2,-4.76,5.26,5.26,33.33,-1.49
1973-03-01,1973,3,"Sugar, US",Other Food,($/kg),0.21,5.0,10.53,10.53,40.0,1.08
1973-04-01,1973,4,"Sugar, US",Other Food,($/kg),0.21,0.0,0.0,10.53,40.0,-0.21
1973-05-01,1973,5,"Sugar, US",Other Food,($/kg),0.22,4.76,10.0,22.22,46.67,0.89
1973-06-01,1973,6,"Sugar, US",Other Food,($/kg),0.23,4.55,9.52,27.78,53.33,0.7
1973-07-01,1973,7,"Sugar, US",Other Food,($/kg),0.23,0.0,9.52,21.05,53.33,-0.53
1973-08-01,1973,8,"Sugar, US",Other Food,($/kg),0.24,4.35,9.09,26.32,60.0,0.68
1973-09-01,1973,9,"Sugar, US",Other Food,($/kg),0.24,0.0,4.35,26.32,60.0,-0.52
1973-10-01,1973,10,"Sugar, US",Other Food,($/kg),0.25,4.17,8.7,31.58,56.25,0.54
1973-11-01,1973,11,"Sugar, US",Other Food,($/kg),0.24,-4.0,0.0,26.32,60.0,-1.62
1973-12-01,1973,12,"Sugar, US",Other Food,($/kg),0.25,4.17,4.17,31.58,66.67,0.49
1974-01-01,1974,1,"Sugar, US",Other Food,($/kg),0.28,12.0,12.0,33.33,75.0,2.24
1974-02-01,1974,2,"Sugar, US",Other Food,($/kg),0.38,35.71,58.33,90.0,137.5,7.28
1974-03-01,1974,3,"Sugar, US",Other Food,($/kg),0.4,5.26,60.0,90.48,150.0,-0.06
1974-04-01,1974,4,"Sugar, US",Other Food,($/kg),0.42,5.0,50.0,100.0,162.5,-0.09
1974-05-01,1974,5,"Sugar, US",Other Food,($/kg),0.51,21.43,34.21,131.82,218.75,1.51
1974-06-01,1974,6,"Sugar, US",Other Food,($/kg),0.58,13.73,45.0,152.17,262.5,0.55
1974-07-01,1974,7,"Sugar, US",Other Food,($/kg),0.63,8.62,50.0,173.91,320.0,0.01
1974-08-01,1974,8,"Sugar, US",Other Food,($/kg),0.72,14.29,41.18,200.0,350.0,0.48
1974-09-01,1974,9,"Sugar, US",Other Food,($/kg),0.74,2.78,27.59,208.33,362.5,-0.68
1974-10-01,1974,10,"Sugar, US",Other Food,($/kg),0.86,16.22,36.51,244.0,437.5,0.57
1974-11-01,1974,11,"Sugar, US",Other Food,($/kg),1.26,46.51,75.0,425.0,687.5,3.4
1974-12-01,1974,12,"Sugar, US",Other Food,($/kg),1.03,-18.25,39.19,312.0,586.67,-2.52
1975-01-01,1975,1,"Sugar, US",Other Food,($/kg),0.89,-13.59,3.49,217.86,423.53,-1.66
1975-02-01,1975,2,"Sugar, US",Other Food,($/kg),0.8,-10.11,-36.51,110.53,400.0,-1.19
1975-03-01,1975,3,"Sugar, US",Other Food,($/kg),0.63,-21.25,-38.83,57.5,293.75,-1.66
1975-04-01,1975,4,"Sugar, US",Other Food,($/kg),0.57,-9.52,-35.96,35.71,256.25,-0.78
1975-05-01,1975,5,"Sugar, US",Other Food,($/kg),0.42,-26.32,-47.5,-17.65,147.06,-1.54
1975-06-01,1975,6,"Sugar, US",Other Food,($/kg),0.35,-16.67,-44.44,-39.66,105.88,-0.81
1975-07-01,1975,7,"Sugar, US",Other Food,($/kg),0.44,25.71,-22.81,-30.16,158.82,1.34
1975-08-01,1975,8,"Sugar, US",Other Food,($/kg),0.47,6.82,11.9,-34.72,176.47,0.35
1975-09-01,1975,9,"Sugar, US",Other Food,($/kg),0.38,-19.15,8.57,-48.65,123.53,-0.81
1975-10-01,1975,10,"Sugar, US",Other Food,($/kg),0.34,-10.53,-22.73,-60.47,100.0,-0.32
1975-11-01,1975,11,"Sugar, US",Other Food,($/kg),0.33,-2.94,-29.79,-73.81,106.25,0.12
1975-12-01,1975,12,"Sugar, US",Other Food,($/kg),0.33,0.0,-13.16,-67.96,94.12,0.68
1976-01-01,1976,1,"Sugar, US",Other Food,($/kg),0.34,3.03,0.0,-61.8,100.0,0.79
1976-02-01,1976,2,"Sugar, US",Other Food,($/kg),0.33,-2.94,0.0,-58.75,94.12,0.26
1976-03-01,1976,3,"Sugar, US",Other Food,($/kg),0.36,9.09,9.09,-42.86,111.76,1.06
1976-04-01,1976,4,"Sugar, US",Other Food,($/kg),0.34,-5.56,0.0,-40.35,100.0,-0.14
1976-05-01,1976,5,"Sugar, US",Other Food,($/kg),0.35,2.94,6.06,-16.67,105.88,0.44
1976-06-01,1976,6,"Sugar, US",Other Food,($/kg),0.32,-8.57,-11.11,-8.57,77.78,-0.64
1976-07-01,1976,7,"Sugar, US",Other Food,($/kg),0.32,0.0,-5.88,-27.27,77.78,0.02
1976-08-01,1976,8,"Sugar, US",Other Food,($/kg),0.25,-21.88,-28.57,-46.81,38.89,-2.48
1976-09-01,1976,9,"Sugar, US",Other Food,($/kg),0.22,-12.0,-31.25,-42.11,29.41,-0.8
1976-10-01,1976,10,"Sugar, US",Other Food,($/kg),0.23,4.55,-28.12,-32.35,35.29,1.05
1976-11-01,1976,11,"Sugar, US",Other Food,($/kg),0.23,0.0,-8.0,-30.3,27.78,0.34
1976-12-01,1976,12,"Sugar, US",Other Food,($/kg),0.23,0.0,4.55,-30.3,27.78,0.31
1977-01-01,1977,1,"Sugar, US",Other Food,($/kg),0.24,4.35,4.35,-29.41,26.32,0.83
1977-02-01,1977,2,"Sugar, US",Other Food,($/kg),0.24,0.0,4.35,-27.27,26.32,0.29
1977-03-01,1977,3,"Sugar, US",Other Food,($/kg),0.26,8.33,13.04,-27.78,36.84,1.24
1977-04-01,1977,4,"Sugar, US",Other Food,($/kg),0.28,7.69,16.67,-17.65,47.37,1.19
1977-05-01,1977,5,"Sugar, US",Other Food,($/kg),0.25,-10.71,4.17,-28.57,38.89,-1.08
1977-06-01,1977,6,"Sugar, US",Other Food,($/kg),0.23,-8.0,-11.54,-28.12,27.78,-0.62
1977-07-01,1977,7,"Sugar, US",Other Food,($/kg),0.22,-4.35,-21.43,-31.25,15.79,-0.23
1977-08-01,1977,8,"Sugar, US",Other Food,($/kg),0.25,13.64,0.0,0.0,31.58,1.8
1977-09-01,1977,9,"Sugar, US",Other Food,($/kg),0.23,-8.0,0.0,4.55,21.05,-1.04
1977-10-01,1977,10,"Sugar, US",Other Food,($/kg),0.23,0.0,4.55,0.0,21.05,-0.08
1977-11-01,1977,11,"Sugar, US",Other Food,($/kg),0.23,0.0,-8.0,0.0,21.05,-0.03
1977-12-01,1977,12,"Sugar, US",Other Food,($/kg),0.26,13.04,13.04,13.04,36.84,1.74
1978-01-01,1978,1,"Sugar, US",Other Food,($/kg),0.29,11.54,26.09,20.83,38.1,1.24
1978-02-01,1978,2,"Sugar, US",Other Food,($/kg),0.33,13.79,43.48,37.5,65.0,1.36
1978-03-01,1978,3,"Sugar, US",Other Food,($/kg),0.31,-6.06,19.23,19.23,47.62,-0.98
1978-04-01,1978,4,"Sugar, US",Other Food,($/kg),0.31,0.0,6.9,10.71,47.62,-0.2
1978-05-01,1978,5,"Sugar, US",Other Food,($/kg),0.3,-3.23,-9.09,20.0,36.36,-0.48
1978-06-01,1978,6,"Sugar, US",Other Food,($/kg),0.3,0.0,-3.23,30.43,30.43,-0.21
1978-07-01,1978,7,"Sugar, US",Other Food,($/kg),0.28,-6.67,-9.68,27.27,21.74,-1.13
1978-08-01,1978,8,"Sugar, US",Other Food,($/kg),0.29,3.57,-3.33,16.0,20.83,0.15
1978-09-01,1978,9,"Sugar, US",Other Food,($/kg),0.32,10.34,6.67,39.13,33.33,1.16
1978-10-01,1978,10,"Sugar, US",Other Food,($/kg),0.35,9.38,25.0,52.17,40.0,0.86
1978-11-01,1978,11,"Sugar, US",Other Food,($/kg),0.31,-11.43,6.9,34.78,29.17,-2.03
1978-12-01,1978,12,"Sugar, US",Other Food,($/kg),0.31,0.0,-3.12,19.23,24.0,-0.33
1979-01-01,1979,1,"Sugar, US",Other Food,($/kg),0.32,3.23,-8.57,10.34,14.29,0.18
1979-02-01,1979,2,"Sugar, US",Other Food,($/kg),0.34,6.25,9.68,3.03,-10.53,0.69
1979-03-01,1979,3,"Sugar, US",Other Food,($/kg),0.34,0.0,9.68,9.68,-15.0,-0.07
1979-04-01,1979,4,"Sugar, US",Other Food,($/kg),0.32,-5.88,0.0,3.23,-23.81,-1.09
1979-05-01,1979,5,"Sugar, US",Other Food,($/kg),0.32,0.0,-5.88,6.67,-37.25,-0.07
1979-06-01,1979,6,"Sugar, US",Other Food,($/kg),0.32,0.0,-5.88,6.67,-44.83,-0.11
1979-07-01,1979,7,"Sugar, US",Other Food,($/kg),0.34,6.25,6.25,21.43,-46.03,0.85
1979-08-01,1979,8,"Sugar, US",Other Food,($/kg),0.35,2.94,9.38,20.69,-51.39,0.18
1979-09-01,1979,9,"Sugar, US",Other Food,($/kg),0.35,0.0,9.38,9.38,-52.7,-0.28
1979-10-01,1979,10,"Sugar, US",Other Food,($/kg),0.35,0.0,2.94,0.0,-59.3,-0.16
1979-11-01,1979,11,"Sugar, US",Other Food,($/kg),0.36,2.86,2.86,16.13,-71.43,0.56
1979-12-01,1979,12,"Sugar, US",Other Food,($/kg),0.4,11.11,14.29,29.03,-61.17,2.97
1980-01-01,1980,1,"Sugar, US",Other Food,($/kg),0.43,7.5,22.86,34.38,-51.69,1.22
1980-02-01,1980,2,"Sugar, US",Other Food,($/kg),0.54,25.58,50.0,58.82,-32.5,5.04
1980-03-01,1980,3,"Sugar, US",Other Food,($/kg),0.47,-12.96,17.5,38.24,-25.4,-2.13
1980-04-01,1980,4,"Sugar, US",Other Food,($/kg),0.5,6.38,16.28,56.25,-12.28,0.35
1980-05-01,1980,5,"Sugar, US",Other Food,($/kg),0.7,40.0,29.63,118.75,66.67,3.98
1980-06-01,1980,6,"Sugar, US",Other Food,($/kg),0.71,1.43,51.06,121.88,102.86,-0.44
1980-07-01,1980,7,"Sugar, US",Other Food,($/kg),0.63,-11.27,26.0,85.29,43.18,-1.4
1980-08-01,1980,8,"Sugar, US",Other Food,($/kg),0.73,15.87,4.29,108.57,55.32,0.67
1980-09-01,1980,9,"Sugar, US",Other Food,($/kg),0.77,5.48,8.45,120.0,102.63,-0.12
1980-10-01,1980,10,"Sugar, US",Other Food,($/kg),0.92,19.48,46.03,162.86,170.59,0.81
1980-11-01,1980,11,"Sugar, US",Other Food,($/kg),0.87,-5.43,19.18,141.67,163.64,-1.0
1980-12-01,1980,12,"Sugar, US",Other Food,($/kg),0.67,-22.99,-12.99,67.5,103.03,-2.06
1981-01-01,1981,1,"Sugar, US",Other Food,($/kg),0.65,-2.99,-29.35,51.16,91.18,-0.49
1981-02-01,1981,2,"Sugar, US",Other Food,($/kg),0.57,-12.31,-34.48,5.56,72.73,-0.96
1981-03-01,1981,3,"Sugar, US",Other Food,($/kg),0.52,-8.77,-22.39,10.64,44.44,-0.61
1981-04-01,1981,4,"Sugar, US",Other Food,($/kg),0.44,-15.38,-32.31,-12.0,29.41,-1.03
1981-05-01,1981,5,"Sugar, US",Other Food,($/kg),0.38,-13.64,-33.33,-45.71,8.57,-0.79
1981-06-01,1981,6,"Sugar, US",Other Food,($/kg),0.42,10.53,-19.23,-40.85,31.25,1.15
1981-07-01,1981,7,"Sugar, US",Other Food,($/kg),0.42,0.0,-4.55,-33.33,31.25,0.26
1981-08-01,1981,8,"Sugar, US",Other Food,($/kg),0.38,-9.52,0.0,-47.95,52.0,-0.53
1981-09-01,1981,9,"Sugar, US",Other Food,($/kg),0.34,-10.53,-19.05,-55.84,54.55,-0.49
1981-10-01,1981,10,"Sugar, US",Other Food,($/kg),0.35,2.94,-16.67,-61.96,52.17,0.77
1981-11-01,1981,11,"Sugar, US",Other Food,($/kg),0.36,2.86,-5.26,-58.62,56.52,1.13
1981-12-01,1981,12,"Sugar, US",Other Food,($/kg),0.38,5.56,11.76,-43.28,65.22,1.29
1982-01-01,1982,1,"Sugar, US",Other Food,($/kg),0.4,5.26,14.29,-38.46,66.67,1.12
1982-02-01,1982,2,"Sugar, US",Other Food,($/kg),0.39,-2.5,8.33,-31.58,62.5,0.12
1982-03-01,1982,3,"Sugar, US",Other Food,($/kg),0.38,-2.56,0.0,-26.92,46.15,0.02
1982-04-01,1982,4,"Sugar, US",Other Food,($/kg),0.39,2.63,-2.5,-11.36,39.29,0.59
1982-05-01,1982,5,"Sugar, US",Other Food,($/kg),0.43,10.26,10.26,13.16,72.0,1.51
1982-06-01,1982,6,"Sugar, US",Other Food,($/kg),0.46,6.98,21.05,9.52,100.0,0.86
1982-07-01,1982,7,"Sugar, US",Other Food,($/kg),0.49,6.52,25.64,16.67,122.73,0.88
1982-08-01,1982,8,"Sugar, US",Other Food,($/kg),0.49,0.0,13.95,28.95,96.0,-0.23
1982-09-01,1982,9,"Sugar, US",Other Food,($/kg),0.46,-6.12,0.0,35.29,100.0,-1.51
1982-10-01,1982,10,"Sugar, US",Other Food,($/kg),0.45,-2.17,-8.16,28.57,95.65,-1.02
1982-11-01,1982,11,"Sugar, US",Other Food,($/kg),0.46,2.22,-6.12,27.78,100.0,-0.0
1982-12-01,1982,12,"Sugar, US",Other Food,($/kg),0.46,0.0,0.0,21.05,76.92,-0.44
1983-01-01,1983,1,"Sugar, US",Other Food,($/kg),0.47,2.17,4.44,17.5,62.07,0.1
1983-02-01,1983,2,"Sugar, US",Other Food,($/kg),0.48,2.13,4.35,23.08,45.45,0.14
1983-03-01,1983,3,"Sugar, US",Other Food,($/kg),0.48,0.0,4.35,26.32,54.84,-0.41
1983-04-01,1983,4,"Sugar, US",Other Food,($/kg),0.49,2.08,4.26,25.64,58.06,0.01
1983-05-01,1983,5,"Sugar, US",Other Food,($/kg),0.5,2.04,4.17,16.28,66.67,0.01
1983-06-01,1983,6,"Sugar, US",Other Food,($/kg),0.5,0.0,4.17,8.7,66.67,-0.38
1983-07-01,1983,7,"Sugar, US",Other Food,($/kg),0.49,-2.0,0.0,0.0,75.0,-0.9
1983-08-01,1983,8,"Sugar, US",Other Food,($/kg),0.5,2.04,0.0,2.04,72.41,0.8
1983-09-01,1983,9,"Sugar, US",Other Food,($/kg),0.49,-2.0,-2.0,6.52,53.12,-0.86
1983-10-01,1983,10,"Sugar, US",Other Food,($/kg),0.48,-2.04,-2.04,6.67,37.14,-1.43
1983-11-01,1983,11,"Sugar, US",Other Food,($/kg),0.48,0.0,-4.0,4.35,54.84,-0.31
1983-12-01,1983,12,"Sugar, US",Other Food,($/kg),0.47,-2.08,-4.08,2.17,51.61,-1.43
1984-01-01,1984,1,"Sugar, US",Other Food,($/kg),0.47,0.0,-2.08,0.0,46.87,-0.11
1984-02-01,1984,2,"Sugar, US",Other Food,($/kg),0.48,2.13,0.0,0.0,41.18,1.21
1984-03-01,1984,3,"Sugar, US",Other Food,($/kg),0.49,2.08,4.26,2.08,44.12,1.18
1984-04-01,1984,4,"Sugar, US",Other Food,($/kg),0.49,0.0,4.26,0.0,53.12,-0.1
1984-05-01,1984,5,"Sugar, US",Other Food,($/kg),0.49,0.0,2.08,-2.0,53.12,-0.01
1984-06-01,1984,6,"Sugar, US",Other Food,($/kg),0.49,0.0,0.0,-2.0,53.12,0.1
1984-07-01,1984,7,"Sugar, US",Other Food,($/kg),0.48,-2.04,-2.04,-2.04,41.18,-1.16
1984-08-01,1984,8,"Sugar, US",Other Food,($/kg),0.48,0.0,-2.04,-4.0,37.14,0.1
1984-09-01,1984,9,"Sugar, US",Other Food,($/kg),0.48,0.0,-2.04,-2.04,37.14,0.22
1984-10-01,1984,10,"Sugar, US",Other Food,($/kg),0.48,0.0,0.0,0.0,37.14,0.12
1984-11-01,1984,11,"Sugar, US",Other Food,($/kg),0.47,-2.08,-2.08,-2.08,30.56,-1.66
1984-12-01,1984,12,"Sugar, US",Other Food,($/kg),0.47,0.0,-2.08,0.0,17.5,0.12
1985-01-01,1985,1,"Sugar, US",Other Food,($/kg),0.46,-2.13,-4.17,-2.13,6.98,-1.7
1985-02-01,1985,2,"Sugar, US",Other Food,($/kg),0.45,-2.17,-4.26,-6.25,-16.67,-1.43
1985-03-01,1985,3,"Sugar, US",Other Food,($/kg),0.46,2.22,-2.13,-6.12,-2.13,2.11
1985-04-01,1985,4,"Sugar, US",Other Food,($/kg),0.46,0.0,0.0,-6.12,-8.0,0.39
1985-05-01,1985,5,"Sugar, US",Other Food,($/kg),0.46,0.0,2.22,-6.12,-34.29,0.39
1985-06-01,1985,6,"Sugar, US",Other Food,($/kg),0.47,2.17,2.17,-4.08,-33.8,2.02
1985-07-01,1985,7,"Sugar, US",Other Food,($/kg),0.47,0.0,2.17,-2.08,-25.4,0.22
1985-08-01,1985,8,"Sugar, US",Other Food,($/kg),0.45,-4.26,-2.17,-6.25,-38.36,-2.83
1985-09-01,1985,9,"Sugar, US",Other Food,($/kg),0.43,-4.44,-8.51,-10.42,-44.16,-2.11
1985-10-01,1985,10,"Sugar, US",Other Food,($/kg),0.41,-4.65,-12.77,-14.58,-55.43,-1.74
1985-11-01,1985,11,"Sugar, US",Other Food,($/kg),0.42,2.44,-6.67,-10.64,-51.72,1.55
1985-12-01,1985,12,"Sugar, US",Other Food,($/kg),0.44,4.76,2.33,-6.38,-34.33,2.17
1986-01-01,1986,1,"Sugar, US",Other Food,($/kg),0.45,2.27,9.76,-2.17,-30.77,0.9
1986-02-01,1986,2,"Sugar, US",Other Food,($/kg),0.46,2.22,9.52,2.22,-19.3,0.76
1986-03-01,1986,3,"Sugar, US",Other Food,($/kg),0.46,0.0,4.55,0.0,-11.54,-0.07
1986-04-01,1986,4,"Sugar, US",Other Food,($/kg),0.45,-2.17,0.0,-2.17,2.27,-0.72
1986-05-01,1986,5,"Sugar, US",Other Food,($/kg),0.46,2.22,0.0,0.0,21.05,0.76
1986-06-01,1986,6,"Sugar, US",Other Food,($/kg),0.46,0.0,0.0,-2.13,9.52,-0.01
1986-07-01,1986,7,"Sugar, US",Other Food,($/kg),0.46,0.0,2.22,-2.13,9.52,0.04
1986-08-01,1986,8,"Sugar, US",Other Food,($/kg),0.46,0.0,0.0,2.22,21.05,0.04
1986-09-01,1986,9,"Sugar, US",Other Food,($/kg),0.46,0.0,0.0,6.98,35.29,-0.08
1986-10-01,1986,10,"Sugar, US",Other Food,($/kg),0.46,0.0,0.0,12.2,31.43,-0.24
1986-11-01,1986,11,"Sugar, US",Other Food,($/kg),0.47,2.17,2.17,11.9,30.56,0.65
1986-12-01,1986,12,"Sugar, US",Other Food,($/kg),0.47,0.0,2.17,6.82,23.68,-0.53
1987-01-01,1987,1,"Sugar, US",Other Food,($/kg),0.47,0.0,2.17,4.44,17.5,-0.41
1987-02-01,1987,2,"Sugar, US",Other Food,($/kg),0.48,2.13,2.13,4.35,23.08,1.39
1987-03-01,1987,3,"Sugar, US",Other Food,($/kg),0.48,0.0,2.13,4.35,26.32,-0.29
1987-04-01,1987,4,"Sugar, US",Other Food,($/kg),0.48,0.0,2.13,6.67,23.08,-0.29
1987-05-01,1987,5,"Sugar, US",Other Food,($/kg),0.49,2.08,2.08,6.52,13.95,1.57
1987-06-01,1987,6,"Sugar, US",Other Food,($/kg),0.49,0.0,2.08,6.52,6.52,-0.55
1987-07-01,1987,7,"Sugar, US",Other Food,($/kg),0.49,0.0,2.08,6.52,0.0,-0.55
1987-08-01,1987,8,"Sugar, US",Other Food,($/kg),0.48,-2.04,-2.04,4.35,-2.04,-2.67
1987-09-01,1987,9,"Sugar, US",Other Food,($/kg),0.48,0.0,-2.04,4.35,4.35,-0.3
1987-10-01,1987,10,"Sugar, US",Other Food,($/kg),0.48,0.0,-2.04,4.35,6.67,-0.3
1987-11-01,1987,11,"Sugar, US",Other Food,($/kg),0.48,0.0,0.0,2.13,4.35,-0.3
1987-12-01,1987,12,"Sugar, US",Other Food,($/kg),0.48,0.0,0.0,2.13,4.35,-0.17
1988-01-01,1988,1,"Sugar, US",Other Food,($/kg),0.48,0.0,0.0,2.13,2.13,-0.17
1988-02-01,1988,2,"Sugar, US",Other Food,($/kg),0.49,2.08,2.08,2.08,2.08,1.77
1988-03-01,1988,3,"Sugar, US",Other Food,($/kg),0.49,0.0,2.08,2.08,2.08,-0.17
1988-04-01,1988,4,"Sugar, US",Other Food,($/kg),0.49,0.0,2.08,2.08,0.0,-0.17
1988-05-01,1988,5,"Sugar, US",Other Food,($/kg),0.49,0.0,0.0,0.0,-2.0,-0.17
1988-06-01,1988,6,"Sugar, US",Other Food,($/kg),0.5,2.04,2.04,2.04,0.0,2.32
1988-07-01,1988,7,"Sugar, US",Other Food,($/kg),0.52,4.0,6.12,6.12,6.12,3.62
1988-08-01,1988,8,"Sugar, US",Other Food,($/kg),0.48,-7.69,-2.04,0.0,-4.0,-5.38
1988-09-01,1988,9,"Sugar, US",Other Food,($/kg),0.48,0.0,-4.0,0.0,-2.04,-0.01
1988-10-01,1988,10,"Sugar, US",Other Food,($/kg),0.48,0.0,-7.69,0.0,0.0,-0.01
1988-11-01,1988,11,"Sugar, US",Other Food,($/kg),0.48,0.0,0.0,0.0,0.0,-0.01
1988-12-01,1988,12,"Sugar, US",Other Food,($/kg),0.48,0.0,0.0,0.0,2.13,-0.01
1989-01-01,1989,1,"Sugar, US",Other Food,($/kg),0.48,0.0,0.0,0.0,2.13,-0.01
1989-02-01,1989,2,"Sugar, US",Other Food,($/kg),0.49,2.08,2.08,0.0,2.08,0.74
1989-03-01,1989,3,"Sugar, US",Other Food,($/kg),0.49,0.0,2.08,0.0,0.0,-0.01
1989-04-01,1989,4,"Sugar, US",Other Food,($/kg),0.49,0.0,2.08,0.0,0.0,-0.01
1989-05-01,1989,5,"Sugar, US",Other Food,($/kg),0.49,0.0,0.0,0.0,0.0,-0.01
1989-06-01,1989,6,"Sugar, US",Other Food,($/kg),0.51,4.08,4.08,2.0,4.08,1.47
1989-07-01,1989,7,"Sugar, US",Other Food,($/kg),0.52,1.96,6.12,0.0,8.33,0.6
1989-08-01,1989,8,"Sugar, US",Other Food,($/kg),0.52,0.0,6.12,8.33,8.33,-0.01
1989-09-01,1989,9,"Sugar, US",Other Food,($/kg),0.52,0.0,1.96,8.33,8.33,-0.51
1989-10-01,1989,10,"Sugar, US",Other Food,($/kg),0.51,-1.92,-1.92,6.25,6.25,-1.96
1989-11-01,1989,11,"Sugar, US",Other Food,($/kg),0.51,0.0,-1.92,6.25,8.51,-0.34
1989-12-01,1989,12,"Sugar, US",Other Food,($/kg),0.5,-1.96,-3.85,4.17,6.38,-1.63
1990-01-01,1990,1,"Sugar, US",Other Food,($/kg),0.51,2.0,0.0,6.25,10.87,0.98
1990-02-01,1990,2,"Sugar, US",Other Food,($/kg),0.5,-1.96,-1.96,2.04,11.11,-1.43
1990-03-01,1990,3,"Sugar, US",Other Food,($/kg),0.52,4.0,4.0,6.12,13.04,2.12
1990-04-01,1990,4,"Sugar, US",Other Food,($/kg),0.52,0.0,1.96,6.12,13.04,-0.25
1990-05-01,1990,5,"Sugar, US",Other Food,($/kg),0.52,0.0,4.0,6.12,13.04,-0.25
1990-06-01,1990,6,"Sugar, US",Other Food,($/kg),0.51,-1.92,-1.92,0.0,8.51,-1.16
1990-07-01,1990,7,"Sugar, US",Other Food,($/kg),0.52,1.96,0.0,0.0,10.64,1.03
1990-08-01,1990,8,"Sugar, US",Other Food,($/kg),0.51,-1.92,-1.92,-1.92,13.33,-1.03
1990-09-01,1990,9,"Sugar, US",Other Food,($/kg),0.51,0.0,0.0,-1.92,18.6,0.07
1990-10-01,1990,10,"Sugar, US",Other Food,($/kg),0.51,0.0,-1.92,0.0,24.39,0.07
1990-11-01,1990,11,"Sugar, US",Other Food,($/kg),0.51,0.0,0.0,0.0,21.43,-0.01
1990-12-01,1990,12,"Sugar, US",Other Food,($/kg),0.5,-1.96,-1.96,0.0,13.64,-1.05
1991-01-01,1991,1,"Sugar, US",Other Food,($/kg),0.48,-4.0,-5.88,-5.88,6.67,-2.13
1991-02-01,1991,2,"Sugar, US",Other Food,($/kg),0.47,-2.08,-7.84,-6.0,2.17,-0.76
1991-03-01,1991,3,"Sugar, US",Other Food,($/kg),0.47,0.0,-6.0,-9.62,2.17,0.24
1991-04-01,1991,4,"Sugar, US",Other Food,($/kg),0.47,0.0,-2.08,-9.62,4.44,0.53
1991-05-01,1991,5,"Sugar, US",Other Food,($/kg),0.47,0.0,0.0,-9.62,2.17,0.53
1991-06-01,1991,6,"Sugar, US",Other Food,($/kg),0.47,0.0,0.0,-7.84,2.17,0.53
1991-07-01,1991,7,"Sugar, US",Other Food,($/kg),0.47,0.0,0.0,-9.62,2.17,0.43
1991-08-01,1991,8,"Sugar, US",Other Food,($/kg),0.48,2.13,2.13,-5.88,4.35,2.22
1991-09-01,1991,9,"Sugar, US",Other Food,($/kg),0.49,2.08,4.26,-3.92,6.52,1.68
1991-10-01,1991,10,"Sugar, US",Other Food,($/kg),0.48,-2.04,2.13,-5.88,4.35,-1.01
1991-11-01,1991,11,"Sugar, US",Other Food,($/kg),0.48,0.0,0.0,-5.88,2.13,0.28
1991-12-01,1991,12,"Sugar, US",Other Food,($/kg),0.47,-2.08,-4.08,-6.0,0.0,-0.9
1992-01-01,1992,1,"Sugar, US",Other Food,($/kg),0.47,0.0,-2.08,-2.08,0.0,0.28
1992-02-01,1992,2,"Sugar, US",Other Food,($/kg),0.48,2.13,0.0,2.13,0.0,1.65
1992-03-01,1992,3,"Sugar, US",Other Food,($/kg),0.47,-2.08,0.0,0.0,-2.08,-1.62
1992-04-01,1992,4,"Sugar, US",Other Food,($/kg),0.47,0.0,0.0,0.0,-2.08,-0.01
1992-05-01,1992,5,"Sugar, US",Other Food,($/kg),0.46,-2.13,-4.17,-2.13,-6.12,-1.38
1992-06-01,1992,6,"Sugar, US",Other Food,($/kg),0.46,0.0,-2.13,-2.13,-6.12,0.1
1992-07-01,1992,7,"Sugar, US",Other Food,($/kg),0.46,0.0,-2.13,-2.13,-6.12,0.1
1992-08-01,1992,8,"Sugar, US",Other Food,($/kg),0.47,2.17,2.17,-2.08,-2.08,1.41
1992-09-01,1992,9,"Sugar, US",Other Food,($/kg),0.48,2.13,4.35,-2.04,0.0,1.37
1992-10-01,1992,10,"Sugar, US",Other Food,($/kg),0.48,0.0,4.35,0.0,0.0,0.09
1992-11-01,1992,11,"Sugar, US",Other Food,($/kg),0.47,-2.08,0.0,-2.08,-2.08,-1.34
1992-12-01,1992,12,"Sugar, US",Other Food,($/kg),0.46,-2.13,-4.17,-2.13,-4.17,-1.17
1993-01-01,1993,1,"Sugar, US",Other Food,($/kg),0.46,0.0,-4.17,-2.13,-4.17,0.1
1993-02-01,1993,2,"Sugar, US",Other Food,($/kg),0.46,0.0,-2.13,-4.17,-6.12,0.1
1993-03-01,1993,3,"Sugar, US",Other Food,($/kg),0.48,4.35,4.35,2.13,-2.04,3.08
1993-04-01,1993,4,"Sugar, US",Other Food,($/kg),0.48,0.0,4.35,2.13,-2.04,-0.1
1993-05-01,1993,5,"Sugar, US",Other Food,($/kg),0.47,-2.08,2.17,2.17,-4.08,-1.18
1993-06-01,1993,6,"Sugar, US",Other Food,($/kg),0.47,0.0,-2.08,2.17,-6.0,-0.1
1993-07-01,1993,7,"Sugar, US",Other Food,($/kg),0.48,2.13,0.0,4.35,-7.69,1.0
1993-08-01,1993,8,"Sugar, US",Other Food,($/kg),0.48,0.0,2.13,2.13,0.0,-0.19
1993-09-01,1993,9,"Sugar, US",Other Food,($/kg),0.48,0.0,2.13,0.0,0.0,-0.1
1993-10-01,1993,10,"Sugar, US",Other Food,($/kg),0.48,0.0,0.0,0.0,0.0,-0.01
1993-11-01,1993,11,"Sugar, US",Other Food,($/kg),0.48,0.0,0.0,2.13,0.0,-0.01
1993-12-01,1993,12,"Sugar, US",Other Food,($/kg),0.48,0.0,0.0,4.35,0.0,-0.11
1994-01-01,1994,1,"Sugar, US",Other Food,($/kg),0.49,2.08,2.08,6.52,2.08,1.11
1994-02-01,1994,2,"Sugar, US",Other Food,($/kg),0.48,-2.04,0.0,4.35,-2.04,-1.6
1994-03-01,1994,3,"Sugar, US",Other Food,($/kg),0.48,0.0,0.0,0.0,-2.04,-0.21
1994-04-01,1994,4,"Sugar, US",Other Food,($/kg),0.49,2.08,0.0,2.08,0.0,1.65
1994-05-01,1994,5,"Sugar, US",Other Food,($/kg),0.49,0.0,2.08,4.26,0.0,-0.13
1994-06-01,1994,6,"Sugar, US",Other Food,($/kg),0.5,2.04,4.17,6.38,-1.96,1.4
1994-07-01,1994,7,"Sugar, US",Other Food,($/kg),0.5,0.0,2.04,4.17,-3.85,-0.41
1994-08-01,1994,8,"Sugar, US",Other Food,($/kg),0.48,-4.0,-2.04,0.0,-7.69,-3.65
1994-09-01,1994,9,"Sugar, US",Other Food,($/kg),0.48,0.0,-4.0,0.0,-7.69,-0.01
1994-10-01,1994,10,"Sugar, US",Other Food,($/kg),0.47,-2.08,-6.0,-2.08,-7.84,-1.21
1994-11-01,1994,11,"Sugar, US",Other Food,($/kg),0.48,2.13,0.0,0.0,-5.88,1.25
1994-12-01,1994,12,"Sugar, US",Other Food,($/kg),0.49,2.08,2.08,2.08,-2.0,1.06
1995-01-01,1995,1,"Sugar, US",Other Food,($/kg),0.5,2.04,6.38,2.04,-1.96,0.91
1995-02-01,1995,2,"Sugar, US",Other Food,($/kg),0.5,0.0,4.17,4.17,0.0,-0.09
1995-03-01,1995,3,"Sugar, US",Other Food,($/kg),0.5,0.0,2.04,4.17,-3.85,-0.19
1995-04-01,1995,4,"Sugar, US",Other Food,($/kg),0.5,0.0,0.0,2.04,-3.85,-0.19
1995-05-01,1995,5,"Sugar, US",Other Food,($/kg),0.51,2.0,2.0,4.08,-1.92,0.99
1995-06-01,1995,6,"Sugar, US",Other Food,($/kg),0.52,1.96,4.0,4.0,1.96,0.84
1995-07-01,1995,7,"Sugar, US",Other Food,($/kg),0.54,3.85,8.0,8.0,3.85,1.84
1995-08-01,1995,8,"Sugar, US",Other Food,($/kg),0.52,-3.7,1.96,8.33,1.96,-2.03
1995-09-01,1995,9,"Sugar, US",Other Food,($/kg),0.51,-1.92,-1.92,6.25,0.0,-1.25
1995-10-01,1995,10,"Sugar, US",Other Food,($/kg),0.51,0.0,-5.56,8.51,0.0,-0.24
1995-11-01,1995,11,"Sugar, US",Other Food,($/kg),0.5,-1.96,-3.85,4.17,-1.96,-1.29
1995-12-01,1995,12,"Sugar, US",Other Food,($/kg),0.5,0.0,-1.96,2.04,0.0,-0.17
1996-01-01,1996,1,"Sugar, US",Other Food,($/kg),0.49,-2.0,-3.92,-2.0,2.08,-1.05
1996-02-01,1996,2,"Sugar, US",Other Food,($/kg),0.5,2.04,0.0,0.0,6.38,1.05
1996-03-01,1996,3,"Sugar, US",Other Food,($/kg),0.5,0.0,0.0,0.0,6.38,-0.01
1996-04-01,1996,4,"Sugar, US",Other Food,($/kg),0.5,0.0,2.04,0.0,6.38,-0.01
1996-05-01,1996,5,"Sugar, US",Other Food,($/kg),0.5,0.0,0.0,-1.96,6.38,-0.01
1996-06-01,1996,6,"Sugar, US",Other Food,($/kg),0.5,0.0,0.0,-3.85,6.38,0.07
1996-07-01,1996,7,"Sugar, US",Other Food,($/kg),0.48,-4.0,-4.0,-11.11,2.13,-1.87
1996-08-01,1996,8,"Sugar, US",Other Food,($/kg),0.49,2.08,-2.0,-5.77,2.08,1.72
1996-09-01,1996,9,"Sugar, US",Other Food,($/kg),0.49,0.0,-2.0,-3.92,0.0,0.28
1996-10-01,1996,10,"Sugar, US",Other Food,($/kg),0.49,0.0,2.08,-3.92,2.08,0.19
1996-11-01,1996,11,"Sugar, US",Other Food,($/kg),0.49,0.0,0.0,-2.0,2.08,0.19
1996-12-01,1996,12,"Sugar, US",Other Food,($/kg),0.49,0.0,0.0,-2.0,4.26,0.1
1997-01-01,1997,1,"Sugar, US",Other Food,($/kg),0.48,-2.04,-2.04,-2.04,2.13,-1.18
1997-02-01,1997,2,"Sugar, US",Other Food,($/kg),0.48,0.0,-2.04,-4.0,0.0,0.1
1997-03-01,1997,3,"Sugar, US",Other Food,($/kg),0.48,0.0,-2.04,-4.0,2.13,0.23
1997-04-01,1997,4,"Sugar, US",Other Food,($/kg),0.48,0.0,0.0,-4.0,2.13,0.23
1997-05-01,1997,5,"Sugar, US",Other Food,($/kg),0.48,0.0,0.0,-4.0,4.35,0.23
1997-06-01,1997,6,"Sugar, US",Other Food,($/kg),0.48,0.0,0.0,-4.0,4.35,0.23
1997-07-01,1997,7,"Sugar, US",Other Food,($/kg),0.49,2.08,2.08,2.08,6.52,1.66
1997-08-01,1997,8,"Sugar, US",Other Food,($/kg),0.49,0.0,2.08,0.0,4.26,-0.17
1997-09-01,1997,9,"Sugar, US",Other Food,($/kg),0.49,0.0,2.08,0.0,2.08,-0.0
1997-10-01,1997,10,"Sugar, US",Other Food,($/kg),0.49,0.0,0.0,0.0,2.08,-0.0
1997-11-01,1997,11,"Sugar, US",Other Food,($/kg),0.48,-2.04,-2.04,-2.04,2.13,-2.32
1997-12-01,1997,12,"Sugar, US",Other Food,($/kg),0.48,0.0,-2.04,-2.04,4.35,0.16
1998-01-01,1998,1,"Sugar, US",Other Food,($/kg),0.48,0.0,-2.04,0.0,4.35,0.16
1998-02-01,1998,2,"Sugar, US",Other Food,($/kg),0.48,0.0,0.0,0.0,4.35,-0.0
1998-03-01,1998,3,"Sugar, US",Other Food,($/kg),0.48,0.0,0.0,0.0,0.0,-0.0
1998-04-01,1998,4,"Sugar, US",Other Food,($/kg),0.49,2.08,2.08,2.08,2.08,2.37
1998-05-01,1998,5,"Sugar, US",Other Food,($/kg),0.49,0.0,2.08,2.08,4.26,-0.17
1998-06-01,1998,6,"Sugar, US",Other Food,($/kg),0.49,0.0,2.08,2.08,4.26,-0.17
1998-07-01,1998,7,"Sugar, US",Other Food,($/kg),0.5,2.04,2.04,2.04,4.17,1.75
1998-08-01,1998,8,"Sugar, US",Other Food,($/kg),0.49,-2.0,0.0,0.0,2.08,-2.05
1998-09-01,1998,9,"Sugar, US",Other Food,($/kg),0.48,-2.04,-2.04,-2.04,0.0,-1.66
1998-10-01,1998,10,"Sugar, US",Other Food,($/kg),0.48,0.0,-4.0,-2.04,0.0,0.12
1998-11-01,1998,11,"Sugar, US",Other Food,($/kg),0.48,0.0,-2.04,0.0,0.0,0.12
1998-12-01,1998,12,"Sugar, US",Other Food,($/kg),0.49,2.08,2.08,2.08,2.08,1.69
1999-01-01,1999,1,"Sugar, US",Other Food,($/kg),0.49,0.0,2.08,2.08,0.0,-0.13
1999-02-01,1999,2,"Sugar, US",Other Food,($/kg),0.49,0.0,2.08,2.08,2.08,-0.13
1999-03-01,1999,3,"Sugar, US",Other Food,($/kg),0.5,2.04,2.04,4.17,4.17,1.36
1999-04-01,1999,4,"Sugar, US",Other Food,($/kg),0.5,0.0,2.04,2.04,2.04,-0.24
1999-05-01,1999,5,"Sugar, US",Other Food,($/kg),0.5,0.0,2.04,2.04,2.04,-0.13
1999-06-01,1999,6,"Sugar, US",Other Food,($/kg),0.5,0.0,0.0,2.04,0.0,-0.13
1999-07-01,1999,7,"Sugar, US",Other Food,($/kg),0.5,0.0,0.0,0.0,0.0,-0.13
1999-08-01,1999,8,"Sugar, US",Other Food,($/kg),0.47,-6.0,-6.0,-4.08,-2.08,-4.88
1999-09-01,1999,9,"Sugar, US",Other Food,($/kg),0.44,-6.38,-12.0,-8.33,-8.33,-2.92
1999-10-01,1999,10,"Sugar, US",Other Food,($/kg),0.43,-2.27,-14.0,-10.42,-8.51,-0.59
1999-11-01,1999,11,"Sugar, US",Other Food,($/kg),0.38,-11.63,-19.15,-20.83,-20.83,-3.96
1999-12-01,1999,12,"Sugar, US",Other Food,($/kg),0.39,2.63,-11.36,-20.41,-20.41,1.09
2000-01-01,2000,1,"Sugar, US",Other Food,($/kg),0.39,0.0,-9.3,-20.41,-22.0,0.43
2000-02-01,2000,2,"Sugar, US",Other Food,($/kg),0.38,-2.56,0.0,-22.45,-24.0,-0.18
2000-03-01,2000,3,"Sugar, US",Other Food,($/kg),0.41,7.89,5.13,-18.0,-18.0,2.41
2000-04-01,2000,4,"Sugar, US",Other Food,($/kg),0.43,4.88,10.26,-14.0,-14.0,1.3
2000-05-01,2000,5,"Sugar, US",Other Food,($/kg),0.42,-2.33,10.53,-16.0,-17.65,-0.23
2000-06-01,2000,6,"Sugar, US",Other Food,($/kg),0.42,0.0,2.44,-16.0,-19.23,0.25
2000-07-01,2000,7,"Sugar, US",Other Food,($/kg),0.42,0.0,-2.33,-16.0,-22.22,0.25
2000-08-01,2000,8,"Sugar, US",Other Food,($/kg),0.42,0.0,0.0,-10.64,-19.23,0.25
2000-09-01,2000,9,"Sugar, US",Other Food,($/kg),0.43,2.38,2.38,-2.27,-15.69,0.64
2000-10-01,2000,10,"Sugar, US",Other Food,($/kg),0.48,11.63,14.29,11.63,-5.88,2.45
2000-11-01,2000,11,"Sugar, US",Other Food,($/kg),0.48,0.0,14.29,26.32,-4.0,-0.19
2000-12-01,2000,12,"Sugar, US",Other Food,($/kg),0.47,-2.08,9.3,20.51,-6.0,-0.98
2001-01-01,2001,1,"Sugar, US",Other Food,($/kg),0.47,0.0,-2.08,20.51,-4.08,-0.38
2001-02-01,2001,2,"Sugar, US",Other Food,($/kg),0.47,0.0,-2.08,23.68,-6.0,-0.38
2001-03-01,2001,3,"Sugar, US",Other Food,($/kg),0.48,2.13,2.13,17.07,-4.0,0.06
2001-04-01,2001,4,"Sugar, US",Other Food,($/kg),0.47,-2.08,0.0,9.3,-6.0,-0.92
2001-05-01,2001,5,"Sugar, US",Other Food,($/kg),0.47,0.0,0.0,11.9,-6.0,-0.22
2001-06-01,2001,6,"Sugar, US",Other Food,($/kg),0.46,-2.13,-4.17,9.52,-8.0,-0.87
2001-07-01,2001,7,"Sugar, US",Other Food,($/kg),0.46,0.0,-2.13,9.52,-4.17,-0.22
2001-08-01,2001,8,"Sugar, US",Other Food,($/kg),0.47,2.17,0.0,11.9,-4.08,0.37
2001-09-01,2001,9,"Sugar, US",Other Food,($/kg),0.47,0.0,2.17,9.3,-4.08,-0.27
2001-10-01,2001,10,"Sugar, US",Other Food,($/kg),0.47,0.0,2.17,-2.08,-4.08,-0.22
2001-11-01,2001,11,"Sugar, US",Other Food,($/kg),0.47,0.0,0.0,-2.08,-4.08,0.12
2001-12-01,2001,12,"Sugar, US",Other Food,($/kg),0.47,0.0,0.0,0.0,-4.08,0.12
2002-01-01,2002,1,"Sugar, US",Other Food,($/kg),0.47,0.0,0.0,0.0,-2.08,-0.01
2002-02-01,2002,2,"Sugar, US",Other Food,($/kg),0.46,-2.13,-2.13,-2.13,-4.17,-1.66
2002-03-01,2002,3,"Sugar, US",Other Food,($/kg),0.45,-2.17,-4.26,-6.25,-6.25,-1.41
2002-04-01,2002,4,"Sugar, US",Other Food,($/kg),0.43,-4.44,-8.51,-8.51,-10.42,-2.94
2002-05-01,2002,5,"Sugar, US",Other Food,($/kg),0.44,2.33,-4.35,-6.38,-8.33,1.79
2002-06-01,2002,6,"Sugar, US",Other Food,($/kg),0.44,0.0,-2.22,-4.35,-8.33,0.28
2002-07-01,2002,7,"Sugar, US",Other Food,($/kg),0.46,4.55,6.98,0.0,-6.12,2.65
2002-08-01,2002,8,"Sugar, US",Other Food,($/kg),0.46,0.0,4.55,-2.13,-6.12,-0.01
2002-09-01,2002,9,"Sugar, US",Other Food,($/kg),0.47,2.17,6.82,0.0,-4.08,1.04
2002-10-01,2002,10,"Sugar, US",Other Food,($/kg),0.48,2.13,4.35,2.13,-2.04,0.9
2002-11-01,2002,11,"Sugar, US",Other Food,($/kg),0.49,2.08,6.52,4.26,2.08,0.78
2002-12-01,2002,12,"Sugar, US",Other Food,($/kg),0.49,0.0,4.26,4.26,2.08,-0.15
2003-01-01,2003,1,"Sugar, US",Other Food,($/kg),0.49,0.0,2.08,4.26,2.08,-0.15
2003-02-01,2003,2,"Sugar, US",Other Food,($/kg),0.49,0.0,0.0,6.52,2.08,-0.15
2003-03-01,2003,3,"Sugar, US",Other Food,($/kg),0.49,0.0,0.0,8.89,2.08,-0.24
2003-04-01,2003,4,"Sugar, US",Other Food,($/kg),0.48,-2.04,-2.04,11.63,-2.04,-1.26
2003-05-01,2003,5,"Sugar, US",Other Food,($/kg),0.48,0.0,-2.04,9.09,-2.04,-0.54
2003-06-01,2003,6,"Sugar, US",Other Food,($/kg),0.48,0.0,-2.04,9.09,-2.04,-0.44
2003-07-01,2003,7,"Sugar, US",Other Food,($/kg),0.47,-2.08,-2.08,2.17,-6.0,-1.66
2003-08-01,2003,8,"Sugar, US",Other Food,($/kg),0.47,0.0,-2.08,2.17,-4.08,-0.13
2003-09-01,2003,9,"Sugar, US",Other Food,($/kg),0.47,0.0,-2.08,0.0,-2.08,-0.13
2003-10-01,2003,10,"Sugar, US",Other Food,($/kg),0.46,-2.13,-2.13,-4.17,-4.17,-1.7
2003-11-01,2003,11,"Sugar, US",Other Food,($/kg),0.46,0.0,-2.13,-6.12,-4.17,0.29
2003-12-01,2003,12,"Sugar, US",Other Food,($/kg),0.45,-2.17,-4.26,-8.16,-8.16,-1.75
2004-01-01,2004,1,"Sugar, US",Other Food,($/kg),0.45,0.0,-2.17,-8.16,-8.16,0.68
2004-02-01,2004,2,"Sugar, US",Other Food,($/kg),0.46,2.22,0.0,-6.12,-6.12,2.82
2004-03-01,2004,3,"Sugar, US",Other Food,($/kg),0.47,2.17,4.44,-4.08,-6.0,2.02
2004-04-01,2004,4,"Sugar, US",Other Food,($/kg),0.46,-2.13,2.22,-4.17,-8.0,-1.16
2004-05-01,2004,5,"Sugar, US",Other Food,($/kg),0.46,0.0,0.0,-4.17,-8.0,0.22
2004-06-01,2004,6,"Sugar, US",Other Food,($/kg),0.44,-4.35,-6.38,-8.33,-12.0,-2.59
2004-07-01,2004,7,"Sugar, US",Other Food,($/kg),0.45,2.27,-2.17,-4.26,-10.0,1.55
2004-08-01,2004,8,"Sugar, US",Other Food,($/kg),0.44,-2.22,-4.35,-6.38,-6.38,-0.92
2004-09-01,2004,9,"Sugar, US",Other Food,($/kg),0.45,2.27,2.27,-4.26,2.27,1.33
2004-10-01,2004,10,"Sugar, US",Other Food,($/kg),0.47,4.44,4.44,2.17,9.3,2.12
2004-11-01,2004,11,"Sugar, US",Other Food,($/kg),0.45,-4.26,2.27,-2.17,18.42,-1.74
2004-12-01,2004,12,"Sugar, US",Other Food,($/kg),0.45,0.0,0.0,0.0,15.38,0.05
2005-01-01,2005,1,"Sugar, US",Other Food,($/kg),0.45,0.0,-4.26,0.0,15.38,-0.01
2005-02-01,2005,2,"Sugar, US",Other Food,($/kg),0.45,0.0,0.0,-2.17,18.42,-0.01
2005-03-01,2005,3,"Sugar, US",Other Food,($/kg),0.45,0.0,0.0,-4.26,9.76,0.05
2005-04-01,2005,4,"Sugar, US",Other Food,($/kg),0.47,4.44,4.44,2.17,9.3,1.83
2005-05-01,2005,5,"Sugar, US",Other Food,($/kg),0.48,2.13,6.67,4.35,14.29,0.66
2005-06-01,2005,6,"Sugar, US",Other Food,($/kg),0.48,0.0,6.67,9.09,14.29,-0.13
2005-07-01,2005,7,"Sugar, US",Other Food,($/kg),0.48,0.0,2.13,6.67,14.29,-0.3
2005-08-01,2005,8,"Sugar, US",Other Food,($/kg),0.45,-6.25,-6.25,2.27,7.14,-2.73
2005-09-01,2005,9,"Sugar, US",Other Food,($/kg),0.47,4.44,-2.08,4.44,9.3,1.36
2005-10-01,2005,10,"Sugar, US",Other Food,($/kg),0.48,2.13,0.0,2.13,0.0,0.52
2005-11-01,2005,11,"Sugar, US",Other Food,($/kg),0.48,0.0,6.67,6.67,0.0,-0.07
2005-12-01,2005,12,"Sugar, US",Other Food,($/kg),0.48,0.0,2.13,6.67,2.13,-0.21
2006-01-01,2006,1,"Sugar, US",Other Food,($/kg),0.52,8.33,8.33,15.56,10.64,2.81
2006-02-01,2006,2,"Sugar, US",Other Food,($/kg),0.53,1.92,10.42,17.78,12.77,0.18
2006-03-01,2006,3,"Sugar, US",Other Food,($/kg),0.51,-3.77,6.25,13.33,6.25,-1.48
2006-04-01,2006,4,"Sugar, US",Other Food,($/kg),0.52,1.96,0.0,10.64,10.64,0.22
2006-05-01,2006,5,"Sugar, US",Other Food,($/kg),0.52,0.0,-1.89,8.33,10.64,-0.25
2006-06-01,2006,6,"Sugar, US",Other Food,($/kg),0.51,-1.92,0.0,6.25,10.87,-0.72
2006-07-01,2006,7,"Sugar, US",Other Food,($/kg),0.49,-3.92,-5.77,2.08,6.52,-1.2
2006-08-01,2006,8,"Sugar, US",Other Food,($/kg),0.47,-4.08,-9.62,4.44,0.0,-1.09
2006-09-01,2006,9,"Sugar, US",Other Food,($/kg),0.47,0.0,-7.84,0.0,0.0,-0.12
2006-10-01,2006,10,"Sugar, US",Other Food,($/kg),0.45,-4.26,-8.16,-6.25,-4.26,-1.25
2006-11-01,2006,11,"Sugar, US",Other Food,($/kg),0.44,-2.22,-6.38,-8.33,-6.38,-0.48
2006-12-01,2006,12,"Sugar, US",Other Food,($/kg),0.43,-2.27,-8.51,-10.42,-8.51,-0.44
2007-01-01,2007,1,"Sugar, US",Other Food,($/kg),0.44,2.33,-2.22,-15.38,-6.38,0.87
2007-02-01,2007,2,"Sugar, US",Other Food,($/kg),0.46,4.55,4.55,-13.21,0.0,2.35
2007-03-01,2007,3,"Sugar, US",Other Food,($/kg),0.46,0.0,6.98,-9.8,2.22,0.39
2007-04-01,2007,4,"Sugar, US",Other Food,($/kg),0.46,0.0,4.55,-11.54,6.98,0.29
2007-05-01,2007,5,"Sugar, US",Other Food,($/kg),0.46,0.0,0.0,-11.54,4.55,0.37
2007-06-01,2007,6,"Sugar, US",Other Food,($/kg),0.47,2.17,2.17,-7.84,6.82,1.18
2007-07-01,2007,7,"Sugar, US",Other Food,($/kg),0.47,0.0,2.17,-4.08,2.17,0.23
2007-08-01,2007,8,"Sugar, US",Other Food,($/kg),0.48,2.13,4.35,2.13,4.35,0.94
2007-09-01,2007,9,"Sugar, US",Other Food,($/kg),0.46,-4.17,-2.13,-2.13,-2.13,-1.82
2007-10-01,2007,10,"Sugar, US",Other Food,($/kg),0.45,-2.17,-4.26,0.0,-6.25,-0.75
2007-11-01,2007,11,"Sugar, US",Other Food,($/kg),0.44,-2.22,-8.33,0.0,-10.2,-0.91
2007-12-01,2007,12,"Sugar, US",Other Food,($/kg),0.45,2.27,-2.17,4.65,-8.16,0.91
2008-01-01,2008,1,"Sugar, US",Other Food,($/kg),0.45,0.0,0.0,2.27,-8.16,-0.17
2008-02-01,2008,2,"Sugar, US",Other Food,($/kg),0.44,-2.22,0.0,-4.35,-10.2,-1.03
2008-03-01,2008,3,"Sugar, US",Other Food,($/kg),0.46,4.55,2.22,0.0,-6.12,2.42
2008-04-01,2008,4,"Sugar, US",Other Food,($/kg),0.45,-2.17,0.0,-2.17,-6.25,-0.89
2008-05-01,2008,5,"Sugar, US",Other Food,($/kg),0.46,2.22,4.55,0.0,-4.17,0.93
2008-06-01,2008,6,"Sugar, US",Other Food,($/kg),0.48,4.35,4.35,2.13,0.0,1.63
2008-07-01,2008,7,"Sugar, US",Other Food,($/kg),0.52,8.33,15.56,10.64,10.64,2.83
2008-08-01,2008,8,"Sugar, US",Other Food,($/kg),0.51,-1.92,10.87,6.25,8.51,-0.77
2008-09-01,2008,9,"Sugar, US",Other Food,($/kg),0.51,0.0,6.25,10.87,8.51,-0.15
2008-10-01,2008,10,"Sugar, US",Other Food,($/kg),0.47,-7.84,-9.62,4.44,2.17,-2.53
2008-11-01,2008,11,"Sugar, US",Other Food,($/kg),0.43,-8.51,-15.69,-2.27,-6.52,-2.12
2008-12-01,2008,12,"Sugar, US",Other Food,($/kg),0.44,2.33,-13.73,-2.22,-2.22,0.49
2009-01-01,2009,1,"Sugar, US",Other Food,($/kg),0.44,0.0,-6.38,-2.22,-2.22,0.02
2009-02-01,2009,2,"Sugar, US",Other Food,($/kg),0.43,-2.27,0.0,-2.27,-6.52,-0.45
2009-03-01,2009,3,"Sugar, US",Other Food,($/kg),0.44,2.33,0.0,-4.35,-6.38,0.49
2009-04-01,2009,4,"Sugar, US",Other Food,($/kg),0.47,6.82,6.82,4.44,2.17,1.48
2009-05-01,2009,5,"Sugar, US",Other Food,($/kg),0.48,2.13,11.63,4.35,4.35,0.32
2009-06-01,2009,6,"Sugar, US",Other Food,($/kg),0.49,2.08,11.36,2.08,11.36,0.31
2009-07-01,2009,7,"Sugar, US",Other Food,($/kg),0.51,4.08,8.51,-1.92,13.33,0.76
2009-08-01,2009,8,"Sugar, US",Other Food,($/kg),0.57,11.76,18.75,11.76,29.55,2.61
2009-09-01,2009,9,"Sugar, US",Other Food,($/kg),0.64,12.28,30.61,25.49,42.22,2.0
2009-10-01,2009,10,"Sugar, US",Other Food,($/kg),0.68,6.25,33.33,44.68,44.68,0.64
2009-11-01,2009,11,"Sugar, US",Other Food,($/kg),0.7,2.94,22.81,62.79,55.56,-0.06
2009-12-01,2009,12,"Sugar, US",Other Food,($/kg),0.73,4.29,14.06,65.91,62.22,0.01
2010-01-01,2010,1,"Sugar, US",Other Food,($/kg),0.87,19.18,27.94,97.73,93.33,3.41
2010-02-01,2010,2,"Sugar, US",Other Food,($/kg),0.89,2.3,27.14,106.98,97.78,-0.63
2010-03-01,2010,3,"Sugar, US",Other Food,($/kg),0.77,-13.48,5.48,75.0,71.11,-3.69
2010-04-01,2010,4,"Sugar, US",Other Food,($/kg),0.68,-11.69,-21.84,44.68,44.68,-2.14
2010-05-01,2010,5,"Sugar, US",Other Food,($/kg),0.68,0.0,-23.6,41.67,41.67,-0.38
2010-06-01,2010,6,"Sugar, US",Other Food,($/kg),0.72,5.88,-6.49,46.94,50.0,0.28
2010-07-01,2010,7,"Sugar, US",Other Food,($/kg),0.73,1.39,7.35,43.14,52.08,-0.24
2010-08-01,2010,8,"Sugar, US",Other Food,($/kg),0.77,5.48,13.24,35.09,71.11,0.22
2010-09-01,2010,9,"Sugar, US",Other Food,($/kg),0.84,9.09,16.67,31.25,78.72,0.69
2010-10-01,2010,10,"Sugar, US",Other Food,($/kg),0.84,0.0,15.07,23.53,75.0,-0.3
2010-11-01,2010,11,"Sugar, US",Other Food,($/kg),0.86,2.38,11.69,22.86,79.17,0.03
2010-12-01,2010,12,"Sugar, US",Other Food,($/kg),0.85,-1.16,1.19,16.44,77.08,-0.38
2011-01-01,2011,1,"Sugar, US",Other Food,($/kg),0.85,0.0,1.19,-2.3,63.46,-0.19
2011-02-01,2011,2,"Sugar, US",Other Food,($/kg),0.87,2.35,1.16,-2.25,64.15,0.35
2011-03-01,2011,3,"Sugar, US",Other Food,($/kg),0.88,1.15,3.53,14.29,72.55,0.17
2011-04-01,2011,4,"Sugar, US",Other Food,($/kg),0.84,-4.55,-1.18,23.53,61.54,-1.14
2011-05-01,2011,5,"Sugar, US",Other Food,($/kg),0.78,-7.14,-10.34,14.71,50.0,-2.49
2011-06-01,2011,6,"Sugar, US",Other Food,($/kg),0.78,0.0,-11.36,8.33,52.94,-0.28
2011-07-01,2011,7,"Sugar, US",Other Food,($/kg),0.84,7.69,0.0,15.07,71.43,1.66
2011-08-01,2011,8,"Sugar, US",Other Food,($/kg),0.88,4.76,12.82,14.29,87.23,0.75
2011-09-01,2011,9,"Sugar, US",Other Food,($/kg),0.89,1.14,14.1,5.95,89.36,-0.02
2011-10-01,2011,10,"Sugar, US",Other Food,($/kg),0.83,-6.74,-1.19,-1.19,84.44,-1.88
2011-11-01,2011,11,"Sugar, US",Other Food,($/kg),0.84,1.2,-4.55,-2.33,90.91,0.28
2011-12-01,2011,12,"Sugar, US",Other Food,($/kg),0.8,-4.76,-10.11,-5.88,86.05,-1.07
2012-01-01,2012,1,"Sugar, US",Other Food,($/kg),0.76,-5.0,-8.43,-10.59,72.73,-1.01
2012-02-01,2012,2,"Sugar, US",Other Food,($/kg),0.74,-2.63,-11.9,-14.94,60.87,-0.38
2012-03-01,2012,3,"Sugar, US",Other Food,($/kg),0.76,2.7,-5.0,-13.64,65.22,0.85
2012-04-01,2012,4,"Sugar, US",Other Food,($/kg),0.7,-7.89,-7.89,-16.67,52.17,-1.43
2012-05-01,2012,5,"Sugar, US",Other Food,($/kg),0.67,-4.29,-9.46,-14.1,45.65,-0.57
2012-06-01,2012,6,"Sugar, US",Other Food,($/kg),0.63,-5.97,-17.11,-19.23,34.04,-1.0
2012-07-01,2012,7,"Sugar, US",Other Food,($/kg),0.63,0.0,-10.0,-25.0,34.04,0.33
2012-08-01,2012,8,"Sugar, US",Other Food,($/kg),0.63,0.0,-5.97,-28.41,31.25,0.56
2012-09-01,2012,9,"Sugar, US",Other Food,($/kg),0.58,-7.94,-7.94,-34.83,26.09,-1.47
2012-10-01,2012,10,"Sugar, US",Other Food,($/kg),0.53,-8.62,-15.87,-36.14,17.78,-1.42
2012-11-01,2012,11,"Sugar, US",Other Food,($/kg),0.5,-5.66,-20.63,-40.48,13.64,-0.54
2012-12-01,2012,12,"Sugar, US",Other Food,($/kg),0.49,-2.0,-15.52,-38.75,8.89,0.61
2013-01-01,2013,1,"Sugar, US",Other Food,($/kg),0.48,-2.04,-9.43,-36.84,6.67,0.53
2013-02-01,2013,2,"Sugar, US",Other Food,($/kg),0.46,-4.17,-8.0,-37.84,4.55,-0.13
2013-03-01,2013,3,"Sugar, US",Other Food,($/kg),0.46,0.0,-6.12,-39.47,0.0,1.06
2013-04-01,2013,4,"Sugar, US",Other Food,($/kg),0.45,-2.17,-6.25,-35.71,0.0,0.58
2013-05-01,2013,5,"Sugar, US",Other Food,($/kg),0.43,-4.44,-6.52,-35.82,-6.52,-0.29
2013-06-01,2013,6,"Sugar, US",Other Food,($/kg),0.42,-2.33,-8.7,-33.33,-12.5,0.42
2013-07-01,2013,7,"Sugar, US",Other Food,($/kg),0.42,0.0,-6.67,-33.33,-19.23,1.11
2013-08-01,2013,8,"Sugar, US",Other Food,($/kg),0.45,7.14,4.65,-28.57,-11.76,3.54
2013-09-01,2013,9,"Sugar, US",Other Food,($/kg),0.46,2.22,9.52,-20.69,-9.8,1.18
2013-10-01,2013,10,"Sugar, US",Other Food,($/kg),0.48,4.35,14.29,-9.43,2.13,1.54
2013-11-01,2013,11,"Sugar, US",Other Food,($/kg),0.46,-4.17,2.22,-8.0,6.98,-0.91
2013-12-01,2013,12,"Sugar, US",Other Food,($/kg),0.44,-4.35,-4.35,-10.2,0.0,-1.03
2014-01-01,2014,1,"Sugar, US",Other Food,($/kg),0.45,2.27,-6.25,-6.25,2.27,0.83
2014-02-01,2014,2,"Sugar, US",Other Food,($/kg),0.48,6.67,4.35,4.35,11.63,1.87
2014-03-01,2014,3,"Sugar, US",Other Food,($/kg),0.49,2.08,11.36,6.52,11.36,0.4
2014-04-01,2014,4,"Sugar, US",Other Food,($/kg),0.54,10.2,20.0,20.0,14.89,2.31
2014-05-01,2014,5,"Sugar, US",Other Food,($/kg),0.54,0.0,12.5,25.58,12.5,-0.34
2014-06-01,2014,6,"Sugar, US",Other Food,($/kg),0.57,5.56,16.33,35.71,16.33,0.78
2014-07-01,2014,7,"Sugar, US",Other Food,($/kg),0.55,-3.51,1.85,30.95,7.84,-1.4
2014-08-01,2014,8,"Sugar, US",Other Food,($/kg),0.57,3.64,5.56,26.67,0.0,0.27
2014-09-01,2014,9,"Sugar, US",Other Food,($/kg),0.56,-1.75,-1.75,21.74,-12.5,-0.85
2014-10-01,2014,10,"Sugar, US",Other Food,($/kg),0.58,3.57,5.45,20.83,-14.71,0.39
2014-11-01,2014,11,"Sugar, US",Other Food,($/kg),0.53,-8.62,-7.02,15.22,-24.29,-2.24
2014-12-01,2014,12,"Sugar, US",Other Food,($/kg),0.55,3.77,-1.79,25.0,-24.66,0.47
2015-01-01,2015,1,"Sugar, US",Other Food,($/kg),0.56,1.82,-3.45,24.44,-35.63,-0.03
2015-02-01,2015,2,"Sugar, US",Other Food,($/kg),0.54,-3.57,1.89,12.5,-39.33,-1.11
2015-03-01,2015,3,"Sugar, US",Other Food,($/kg),0.53,-1.85,-3.64,8.16,-31.17,-0.59
2015-04-01,2015,4,"Sugar, US",Other Food,($/kg),0.54,1.89,-3.57,0.0,-20.59,0.22
2015-05-01,2015,5,"Sugar, US",Other Food,($/kg),0.54,0.0,0.0,0.0,-20.59,-0.02
2015-06-01,2015,6,"Sugar, US",Other Food,($/kg),0.55,1.85,3.77,-3.51,-23.61,0.43
2015-07-01,2015,7,"Sugar, US",Other Food,($/kg),0.54,-1.82,0.0,-1.82,-26.03,-0.42
2015-08-01,2015,8,"Sugar, US",Other Food,($/kg),0.54,0.0,0.0,-5.26,-29.87,0.02
2015-09-01,2015,9,"Sugar, US",Other Food,($/kg),0.53,-1.85,-3.64,-5.36,-36.9,-0.42
2015-10-01,2015,10,"Sugar, US",Other Food,($/kg),0.55,3.77,1.85,-5.17,-34.52,1.2
2015-11-01,2015,11,"Sugar, US",Other Food,($/kg),0.57,3.64,5.56,7.55,-33.72,1.15
2015-12-01,2015,12,"Sugar, US",Other Food,($/kg),0.57,0.0,7.55,3.64,-32.94,-0.25
2016-01-01,2016,1,"Sugar, US",Other Food,($/kg),0.57,0.0,3.64,1.79,-32.94,-0.14
2016-02-01,2016,2,"Sugar, US",Other Food,($/kg),0.56,-1.75,-1.75,3.7,-35.63,-0.85
2016-03-01,2016,3,"Sugar, US",Other Food,($/kg),0.58,3.57,1.75,9.43,-34.09,1.58
2016-04-01,2016,4,"Sugar, US",Other Food,($/kg),0.62,6.9,8.77,14.81,-26.19,2.88
2016-05-01,2016,5,"Sugar, US",Other Food,($/kg),0.6,-3.23,7.14,11.11,-23.08,-1.6
2016-06-01,2016,6,"Sugar, US",Other Food,($/kg),0.61,1.67,5.17,10.91,-21.79,0.25
2016-07-01,2016,7,"Sugar, US",Other Food,($/kg),0.62,1.64,0.0,14.81,-26.19,0.24
2016-08-01,2016,8,"Sugar, US",Other Food,($/kg),0.63,1.61,5.0,16.67,-28.41,0.14
2016-09-01,2016,9,"Sugar, US",Other Food,($/kg),0.62,-1.59,1.64,16.98,-30.34,-1.01
2016-10-01,2016,10,"Sugar, US",Other Food,($/kg),0.63,1.61,1.61,14.55,-24.1,0.09
2016-11-01,2016,11,"Sugar, US",Other Food,($/kg),0.63,0.0,0.0,10.53,-25.0,-0.42
2016-12-01,2016,12,"Sugar, US",Other Food,($/kg),0.64,1.59,3.23,12.28,-20.0,0.27
2017-01-01,2017,1,"Sugar, US",Other Food,($/kg),0.65,1.56,3.17,14.04,-14.47,0.21
2017-02-01,2017,2,"Sugar, US",Other Food,($/kg),0.67,3.08,6.35,19.64,-9.46,0.74
2017-03-01,2017,3,"Sugar, US",Other Food,($/kg),0.66,-1.49,3.12,13.79,-13.16,-1.2
2017-04-01,2017,4,"Sugar, US",Other Food,($/kg),0.63,-4.55,-3.08,1.61,-10.0,-2.2
2017-05-01,2017,5,"Sugar, US",Other Food,($/kg),0.63,0.0,-5.97,5.0,-5.97,-0.07
2017-06-01,2017,6,"Sugar, US",Other Food,($/kg),0.61,-3.17,-7.58,0.0,-3.17,-1.72
2017-07-01,2017,7,"Sugar, US",Other Food,($/kg),0.59,-3.28,-6.35,-4.84,-6.35,-1.44
2017-08-01,2017,8,"Sugar, US",Other Food,($/kg),0.55,-6.78,-12.7,-12.7,-12.7,-2.65
2017-09-01,2017,9,"Sugar, US",Other Food,($/kg),0.59,7.27,-3.28,-4.84,1.72,2.84
2017-10-01,2017,10,"Sugar, US",Other Food,($/kg),0.6,1.69,1.69,-4.76,13.21,0.54
2017-11-01,2017,11,"Sugar, US",Other Food,($/kg),0.6,0.0,9.09,-4.76,20.0,0.09
2017-12-01,2017,12,"Sugar, US",Other Food,($/kg),0.59,-1.67,0.0,-7.81,20.41,-0.35
2018-01-01,2018,1,"Sugar, US",Other Food,($/kg),0.59,0.0,-1.67,-9.23,22.92,0.16
2018-02-01,2018,2,"Sugar, US",Other Food,($/kg),0.57,-3.39,-5.0,-14.93,23.91,-0.71
2018-03-01,2018,3,"Sugar, US",Other Food,($/kg),0.55,-3.51,-6.78,-16.67,19.57,-0.62
2018-04-01,2018,4,"Sugar, US",Other Food,($/kg),0.55,0.0,-6.78,-12.7,22.22,0.4
2018-05-01,2018,5,"Sugar, US",Other Food,($/kg),0.54,-1.82,-5.26,-14.29,25.58,-0.21
2018-06-01,2018,6,"Sugar, US",Other Food,($/kg),0.57,5.56,3.64,-6.56,35.71,1.94
2018-07-01,2018,7,"Sugar, US",Other Food,($/kg),0.56,-1.75,1.82,-5.08,33.33,-0.32
2018-08-01,2018,8,"Sugar, US",Other Food,($/kg),0.56,0.0,3.7,1.82,24.44,0.09
2018-09-01,2018,9,"Sugar, US",Other Food,($/kg),0.56,0.0,-1.75,-5.08,21.74,-0.06
2018-10-01,2018,10,"Sugar, US",Other Food,($/kg),0.56,0.0,0.0,-6.67,16.67,0.17
2018-11-01,2018,11,"Sugar, US",Other Food,($/kg),0.55,-1.79,-1.79,-8.33,19.57,-0.53
2018-12-01,2018,12,"Sugar, US",Other Food,($/kg),0.56,1.82,0.0,-5.08,27.27,1.07
2019-01-01,2019,1,"Sugar, US",Other Food,($/kg),0.56,0.0,0.0,-5.08,24.44,0.17
2019-02-01,2019,2,"Sugar, US",Other Food,($/kg),0.57,1.79,3.64,0.0,18.75,0.9
2019-03-01,2019,3,"Sugar, US",Other Food,($/kg),0.58,1.75,3.57,5.45,18.37,0.75
2019-04-01,2019,4,"Sugar, US",Other Food,($/kg),0.59,1.72,5.36,7.27,9.26,0.61
2019-05-01,2019,5,"Sugar, US",Other Food,($/kg),0.58,-1.69,1.75,7.41,7.41,-1.1
2019-06-01,2019,6,"Sugar, US",Other Food,($/kg),0.58,0.0,0.0,1.75,1.75,-0.3
2019-07-01,2019,7,"Sugar, US",Other Food,($/kg),0.57,-1.72,-3.39,1.79,3.64,-1.35
2019-08-01,2019,8,"Sugar, US",Other Food,($/kg),0.57,0.0,-1.72,1.79,0.0,-0.11
2019-09-01,2019,9,"Sugar, US",Other Food,($/kg),0.57,0.0,-1.72,1.79,1.79,-0.11
2019-10-01,2019,10,"Sugar, US",Other Food,($/kg),0.57,0.0,0.0,1.79,-1.72,-0.11
2019-11-01,2019,11,"Sugar, US",Other Food,($/kg),0.6,5.26,5.26,9.09,13.21,3.67
2019-12-01,2019,12,"Sugar, US",Other Food,($/kg),0.57,-5.0,0.0,1.79,3.64,-3.03
2020-01-01,2020,1,"Sugar, US",Other Food,($/kg),0.57,0.0,0.0,1.79,1.79,-0.07
2020-02-01,2020,2,"Sugar, US",Other Food,($/kg),0.59,3.51,-1.67,3.51,9.26,1.35
2020-03-01,2020,3,"Sugar, US",Other Food,($/kg),0.6,1.69,5.26,3.45,13.21,0.52
2020-04-01,2020,4,"Sugar, US",Other Food,($/kg),0.57,-5.0,0.0,-3.39,5.56,-2.03
2020-05-01,2020,5,"Sugar, US",Other Food,($/kg),0.57,0.0,-3.39,-1.72,5.56,0.08
2020-06-01,2020,6,"Sugar, US",Other Food,($/kg),0.57,0.0,-5.0,-1.72,3.64,0.04
2020-07-01,2020,7,"Sugar, US",Other Food,($/kg),0.59,3.51,3.51,3.51,9.26,1.22
2020-08-01,2020,8,"Sugar, US",Other Food,($/kg),0.6,1.69,5.26,5.26,11.11,0.44
2020-09-01,2020,9,"Sugar, US",Other Food,($/kg),0.59,-1.67,3.51,3.51,11.32,-0.69
2020-10-01,2020,10,"Sugar, US",Other Food,($/kg),0.61,3.39,3.39,7.02,10.91,0.97
2020-11-01,2020,11,"Sugar, US",Other Food,($/kg),0.65,6.56,8.33,8.33,14.04,1.82
2020-12-01,2020,12,"Sugar, US",Other Food,($/kg),0.63,-3.08,6.78,10.53,10.53,-1.1
2021-01-01,2021,1,"Sugar, US",Other Food,($/kg),0.63,0.0,3.28,10.53,10.53,-0.28
2021-02-01,2021,2,"Sugar, US",Other Food,($/kg),0.66,4.76,1.54,11.86,17.86,1.21
2021-03-01,2021,3,"Sugar, US",Other Food,($/kg),0.67,1.52,6.35,11.67,15.52,0.16
2021-04-01,2021,4,"Sugar, US",Other Food,($/kg),0.69,2.99,9.52,21.05,11.29,0.61
2021-05-01,2021,5,"Sugar, US",Other Food,($/kg),0.71,2.9,7.58,24.56,18.33,0.46
2021-06-01,2021,6,"Sugar, US",Other Food,($/kg),0.73,2.82,8.96,28.07,19.67,0.34
2021-07-01,2021,7,"Sugar, US",Other Food,($/kg),0.8,9.59,15.94,35.59,29.03,2.8
2021-08-01,2021,8,"Sugar, US",Other Food,($/kg),0.76,-5.0,7.04,26.67,20.63,-2.22
2021-09-01,2021,9,"Sugar, US",Other Food,($/kg),0.79,3.95,8.22,33.9,27.42,0.46
2021-10-01,2021,10,"Sugar, US",Other Food,($/kg),0.82,3.8,2.5,34.43,30.16,0.32
2021-11-01,2021,11,"Sugar, US",Other Food,($/kg),0.82,0.0,7.89,26.15,30.16,-0.65
2021-12-01,2021,12,"Sugar, US",Other Food,($/kg),0.81,-1.22,2.53,28.57,26.56,-0.86
2022-01-01,2022,1,"Sugar, US",Other Food,($/kg),0.78,-3.7,-4.88,23.81,20.0,-1.64
2022-02-01,2022,2,"Sugar, US",Other Food,($/kg),0.78,0.0,-4.88,18.18,16.42,-0.47
2022-03-01,2022,3,"Sugar, US",Other Food,($/kg),0.8,2.56,-1.23,19.4,21.21,0.28
2022-04-01,2022,4,"Sugar, US",Other Food,($/kg),0.81,1.25,3.85,17.39,28.57,-0.08
2022-05-01,2022,5,"Sugar, US",Other Food,($/kg),0.8,-1.23,2.56,12.68,26.98,-0.69
2022-06-01,2022,6,"Sugar, US",Other Food,($/kg),0.79,-1.25,-1.25,8.22,29.51,-0.6
2022-07-01,2022,7,"Sugar, US",Other Food,($/kg),0.77,-2.53,-4.94,-3.75,30.51,-0.84
2022-08-01,2022,8,"Sugar, US",Other Food,($/kg),0.78,1.3,-2.5,2.63,41.82,0.56
2022-09-01,2022,9,"Sugar, US",Other Food,($/kg),0.77,-1.28,-2.53,-2.53,30.51,-0.63
2022-10-01,2022,10,"Sugar, US",Other Food,($/kg),0.76,-1.3,-1.3,-7.32,26.67,-0.52
2022-11-01,2022,11,"Sugar, US",Other Food,($/kg),0.79,3.95,1.28,-3.66,31.67,2.62
2022-12-01,2022,12,"Sugar, US",Other Food,($/kg),0.81,2.53,5.19,0.0,37.29,1.29
2023-01-01,2023,1,"Sugar, US",Other Food,($/kg),0.8,-1.23,5.26,2.56,35.59,-0.55
2023-02-01,2023,2,"Sugar, US",Other Food,($/kg),0.81,1.25,2.53,3.85,42.11,0.5
2023-03-01,2023,3,"Sugar, US",Other Food,($/kg),0.84,3.7,3.7,5.0,52.73,1.64
2023-04-01,2023,4,"Sugar, US",Other Food,($/kg),0.91,8.33,13.75,12.35,65.45,3.61
2023-05-01,2023,5,"Sugar, US",Other Food,($/kg),0.94,3.3,16.05,17.5,74.07,0.72
2023-06-01,2023,6,"Sugar, US",Other Food,($/kg),0.91,-3.19,8.33,15.19,59.65,-1.46
2023-07-01,2023,7,"Sugar, US",Other Food,($/kg),0.85,-6.59,-6.59,10.39,51.79,-2.35
2023-08-01,2023,8,"Sugar, US",Other Food,($/kg),0.89,4.71,-5.32,14.1,58.93,0.97
2023-09-01,2023,9,"Sugar, US",Other Food,($/kg),0.94,5.62,3.3,22.08,67.86,1.09
2023-10-01,2023,10,"Sugar, US",Other Food,($/kg),0.98,4.26,15.29,28.95,75.0,0.6
2023-11-01,2023,11,"Sugar, US",Other Food,($/kg),0.99,1.02,11.24,25.32,80.0,-0.29
2023-12-01,2023,12,"Sugar, US",Other Food,($/kg),0.88,-11.11,-6.38,8.64,57.14,-3.21
2024-01-01,2024,1,"Sugar, US",Other Food,($/kg),0.88,0.0,-10.2,10.0,57.14,-0.15
2024-02-01,2024,2,"Sugar, US",Other Food,($/kg),0.92,4.55,-7.07,13.58,61.4,0.65
2024-03-01,2024,3,"Sugar, US",Other Food,($/kg),0.88,-4.35,0.0,4.76,51.72,-0.99
2024-04-01,2024,4,"Sugar, US",Other Food,($/kg),0.87,-1.14,-1.14,-4.4,47.46,-0.29
2024-05-01,2024,5,"Sugar, US",Other Food,($/kg),0.83,-4.6,-9.78,-11.7,43.1,-0.83
2024-06-01,2024,6,"Sugar, US",Other Food,($/kg),0.83,0.0,-5.68,-8.79,43.1,0.17
2024-07-01,2024,7,"Sugar, US",Other Food,($/kg),0.83,0.0,-4.6,-2.35,45.61,0.12
2024-08-01,2024,8,"Sugar, US",Other Food,($/kg),0.79,-4.82,-4.82,-11.24,38.6,-0.98
2024-09-01,2024,9,"Sugar, US",Other Food,($/kg),0.8,1.27,-3.61,-14.89,40.35,0.45
2024-10-01,2024,10,"Sugar, US",Other Food,($/kg),0.84,5.0,1.2,-14.29,47.37,1.43
2024-11-01,2024,11,"Sugar, US",Other Food,($/kg),0.84,0.0,6.33,-15.15,40.0,0.26
2024-12-01,2024,12,"Sugar, US",Other Food,($/kg),0.81,-3.57,1.25,-7.95,42.11,-0.52
2025-01-01,2025,1,"Sugar, US",Other Food,($/kg),0.8,-1.23,-4.76,-9.09,40.35,-0.18
2025-02-01,2025,2,"Sugar, US",Other Food,($/kg),0.82,2.5,-2.38,-10.87,38.98,0.98
2025-03-01,2025,3,"Sugar, US",Other Food,($/kg),0.82,0.0,1.23,-6.82,36.67,0.3
2025-04-01,2025,4,"Sugar, US",Other Food,($/kg),0.83,1.22,3.75,-4.6,45.61,0.62
2025-05-01,2025,5,"Sugar, US",Other Food,($/kg),0.81,-2.41,-1.22,-2.41,42.11,-0.71
2025-06-01,2025,6,"Sugar, US",Other Food,($/kg),0.78,-3.7,-4.88,-6.02,36.84,-1.33
2025-07-01,2025,7,"Sugar, US",Other Food,($/kg),0.8,2.56,-3.61,-3.61,35.59,1.07
2025-08-01,2025,8,"Sugar, US",Other Food,($/kg),0.81,1.25,0.0,2.53,35.0,0.51
2025-09-01,2025,9,"Sugar, US",Other Food,($/kg),0.79,-2.47,1.28,-1.25,33.9,-1.03
2025-10-01,2025,10,"Sugar, US",Other Food,($/kg),0.77,-2.53,-3.75,-8.33,26.23,-0.91
2025-11-01,2025,11,"Sugar, US",Other Food,($/kg),0.74,-3.9,-8.64,-11.9,13.85,-1.41
2025-12-01,2025,12,"Sugar, US",Other Food,($/kg),0.73,-1.35,-7.59,-9.88,15.87,-0.14
2026-01-01,2026,1,"Sugar, US",Other Food,($/kg),0.74,1.37,-3.9,-7.5,17.46,0.96
2026-02-01,2026,2,"Sugar, US",Other Food,($/kg),0.7,-5.41,-5.41,-14.63,6.06,-2.01
2026-03-01,2026,3,"Sugar, US",Other Food,($/kg),0.74,5.71,1.37,-9.76,10.45,2.77
2026-04-01,2026,4,"Sugar, US",Other Food,($/kg),0.77,4.05,4.05,-7.23,11.59,1.5
2026-05-01,2026,5,"Sugar, US",Other Food,($/kg),0.79,2.6,12.86,-2.47,11.27,0.91
2026-06-01,2026,6,"Sugar, US",Other Food,($/kg),0.78,-1.27,5.41,0.0,6.85,-0.31
2026-07-01,2026,7,"Sugar, US",Other Food,($/kg),0.79,1.28,2.6,-1.25,-1.25,0.36
2026-08-01,2026,8,"Sugar, US",Other Food,($/kg),0.82,3.8,3.8,1.23,7.89,1.16
2026-09-01,2026,9,"Sugar, US",Other Food,($/kg),0.85,3.66,8.97,7.59,7.59,1.0
1960-01-01,1960,1,"Sugar, world",Other Food,($/kg),0.07,,,,,
1960-02-01,1960,2,"Sugar, world",Other Food,($/kg),0.07,0.0,,,,
1960-03-01,1960,3,"Sugar, world",Other Food,($/kg),0.07,0.0,,,,
1960-04-01,1960,4,"Sugar, world",Other Food,($/kg),0.07,0.0,0.0,,,
1960-05-01,1960,5,"Sugar, world",Other Food,($/kg),0.07,0.0,0.0,,,
1960-06-01,1960,6,"Sugar, world",Other Food,($/kg),0.07,0.0,0.0,,,
1960-07-01,1960,7,"Sugar, world",Other Food,($/kg),0.07,0.0,0.0,,,
1960-08-01,1960,8,"Sugar, world",Other Food,($/kg),0.07,0.0,0.0,,,0.0
1960-09-01,1960,9,"Sugar, world",Other Food,($/kg),0.07,0.0,0.0,,,0.0
1960-10-01,1960,10,"Sugar, world",Other Food,($/kg),0.05,-28.57,-28.57,,,0.0
1960-11-01,1960,11,"Sugar, world",Other Food,($/kg),0.05,0.0,-28.57,,,0.33
1960-12-01,1960,12,"Sugar, world",Other Food,($/kg),0.06,20.0,-14.29,,,2.53
1961-01-01,1961,1,"Sugar, world",Other Food,($/kg),0.06,0.0,20.0,-14.29,,0.07
1961-02-01,1961,2,"Sugar, world",Other Food,($/kg),0.06,0.0,20.0,-14.29,,0.07
1961-03-01,1961,3,"Sugar, world",Other Food,($/kg),0.06,0.0,0.0,-14.29,,0.07
1961-04-01,1961,4,"Sugar, world",Other Food,($/kg),0.07,16.67,16.67,0.0,,1.66
1961-05-01,1961,5,"Sugar, world",Other Food,($/kg),0.07,0.0,16.67,0.0,,-0.06
1961-06-01,1961,6,"Sugar, world",Other Food,($/kg),0.07,0.0,16.67,0.0,,-0.06
1961-07-01,1961,7,"Sugar, world",Other Food,($/kg),0.06,-14.29,-14.29,-14.29,,-1.29
1961-08-01,1961,8,"Sugar, world",Other Food,($/kg),0.05,-16.67,-28.57,-28.57,,-1.3
1961-09-01,1961,9,"Sugar, world",Other Food,($/kg),0.05,0.0,-28.57,-28.57,,0.14
1961-10-01,1961,10,"Sugar, world",Other Food,($/kg),0.05,0.0,-16.67,0.0,,0.14
1961-11-01,1961,11,"Sugar, world",Other Food,($/kg),0.05,0.0,0.0,0.0,,-0.05
1961-12-01,1961,12,"Sugar, world",Other Food,($/kg),0.05,0.0,0.0,-16.67,,-0.05
1962-01-01,1962,1,"Sugar, world",Other Food,($/kg),0.05,0.0,0.0,-16.67,,0.14
1962-02-01,1962,2,"Sugar, world",Other Food,($/kg),0.05,0.0,0.0,-16.67,,0.14
1962-03-01,1962,3,"Sugar, world",Other Food,($/kg),0.06,20.0,20.0,0.0,,2.58
1962-04-01,1962,4,"Sugar, world",Other Food,($/kg),0.06,0.0,20.0,-14.29,,-0.05
1962-05-01,1962,5,"Sugar, world",Other Food,($/kg),0.06,0.0,20.0,-14.29,,0.1
1962-06-01,1962,6,"Sugar, world",Other Food,($/kg),0.06,0.0,0.0,-14.29,,0.1
1962-07-01,1962,7,"Sugar, world",Other Food,($/kg),0.06,0.0,0.0,0.0,,0.1
1962-08-01,1962,8,"Sugar, world",Other Food,($/kg),0.06,0.0,0.0,20.0,,-0.04
1962-09-01,1962,9,"Sugar, world",Other Food,($/kg),0.06,0.0,0.0,20.0,,-0.29
1962-10-01,1962,10,"Sugar, world",Other Food,($/kg),0.07,16.67,16.67,40.0,,2.6
1962-11-01,1962,11,"Sugar, world",Other Food,($/kg),0.08,14.29,33.33,60.0,,1.57
1962-12-01,1962,12,"Sugar, world",Other Food,($/kg),0.09,12.5,50.0,80.0,,1.06
1963-01-01,1963,1,"Sugar, world",Other Food,($/kg),0.12,33.33,71.43,140.0,,3.51
1963-02-01,1963,2,"Sugar, world",Other Food,($/kg),0.13,8.33,62.5,160.0,,0.02
1963-03-01,1963,3,"Sugar, world",Other Food,($/kg),0.14,7.69,55.56,133.33,,-0.1
1963-04-01,1963,4,"Sugar, world",Other Food,($/kg),0.16,14.29,33.33,166.67,,0.64
1963-05-01,1963,5,"Sugar, world",Other Food,($/kg),0.22,37.5,69.23,266.67,,2.82
1963-06-01,1963,6,"Sugar, world",Other Food,($/kg),0.22,0.0,57.14,266.67,,-0.96
1963-07-01,1963,7,"Sugar, world",Other Food,($/kg),0.2,-9.09,25.0,233.33,,-1.68
1963-08-01,1963,8,"Sugar, world",Other Food,($/kg),0.14,-30.0,-36.36,133.33,,-3.03
1963-09-01,1963,9,"Sugar, world",Other Food,($/kg),0.16,14.29,-27.27,166.67,,0.31
1963-10-01,1963,10,"Sugar, world",Other Food,($/kg),0.23,43.75,15.0,228.57,,1.9
1963-11-01,1963,11,"Sugar, world",Other Food,($/kg),0.25,8.7,78.57,212.5,,-0.17
1963-12-01,1963,12,"Sugar, world",Other Food,($/kg),0.23,-8.0,43.75,155.56,,-0.98
1964-01-01,1964,1,"Sugar, world",Other Food,($/kg),0.23,0.0,0.0,91.67,,-0.48
1964-02-01,1964,2,"Sugar, world",Other Food,($/kg),0.2,-13.04,-20.0,53.85,,-1.02
1964-03-01,1964,3,"Sugar, world",Other Food,($/kg),0.16,-20.0,-30.43,14.29,,-1.23
1964-04-01,1964,4,"Sugar, world",Other Food,($/kg),0.17,6.25,-26.09,6.25,,0.14
1964-05-01,1964,5,"Sugar, world",Other Food,($/kg),0.15,-11.76,-25.0,-31.82,,-0.66
1964-06-01,1964,6,"Sugar, world",Other Food,($/kg),0.12,-20.0,-25.0,-45.45,,-0.97
1964-07-01,1964,7,"Sugar, world",Other Food,($/kg),0.1,-16.67,-41.18,-50.0,,-0.68
1964-08-01,1964,8,"Sugar, world",Other Food,($/kg),0.09,-10.0,-40.0,-35.71,,-0.31
1964-09-01,1964,9,"Sugar, world",Other Food,($/kg),0.08,-11.11,-33.33,-50.0,,-0.48
1964-10-01,1964,10,"Sugar, world",Other Food,($/kg),0.08,0.0,-20.0,-65.22,,0.24
1964-11-01,1964,11,"Sugar, world",Other Food,($/kg),0.07,-12.5,-22.22,-72.0,,-0.47
1964-12-01,1964,12,"Sugar, world",Other Food,($/kg),0.06,-14.29,-25.0,-73.91,,-0.56
1965-01-01,1965,1,"Sugar, world",Other Food,($/kg),0.05,-16.67,-37.5,-78.26,-28.57,-0.78
1965-02-01,1965,2,"Sugar, world",Other Food,($/kg),0.05,0.0,-28.57,-75.0,-28.57,1.51
1965-03-01,1965,3,"Sugar, world",Other Food,($/kg),0.05,0.0,-16.67,-68.75,-28.57,1.26
1965-04-01,1965,4,"Sugar, world",Other Food,($/kg),0.05,0.0,0.0,-70.59,-28.57,1.07
1965-05-01,1965,5,"Sugar, world",Other Food,($/kg),0.05,0.0,0.0,-66.67,-28.57,1.26
1965-06-01,1965,6,"Sugar, world",Other Food,($/kg),0.04,-20.0,-20.0,-66.67,-42.86,-1.47
1965-07-01,1965,7,"Sugar, world",Other Food,($/kg),0.04,0.0,-20.0,-60.0,-42.86,1.07
1965-08-01,1965,8,"Sugar, world",Other Food,($/kg),0.04,0.0,-20.0,-55.56,-42.86,0.91
1965-09-01,1965,9,"Sugar, world",Other Food,($/kg),0.04,0.0,0.0,-50.0,-42.86,0.78
1965-10-01,1965,10,"Sugar, world",Other Food,($/kg),0.04,0.0,0.0,-50.0,-20.0,0.66
1965-11-01,1965,11,"Sugar, world",Other Food,($/kg),0.04,0.0,0.0,-42.86,-20.0,0.66
1965-12-01,1965,12,"Sugar, world",Other Food,($/kg),0.04,0.0,0.0,-33.33,-33.33,0.55
1966-01-01,1966,1,"Sugar, world",Other Food,($/kg),0.05,25.0,25.0,0.0,-16.67,3.91
1966-02-01,1966,2,"Sugar, world",Other Food,($/kg),0.05,0.0,25.0,0.0,-16.67,-0.04
1966-03-01,1966,3,"Sugar, world",Other Food,($/kg),0.05,0.0,25.0,0.0,-16.67,-0.04
1966-04-01,1966,4,"Sugar, world",Other Food,($/kg),0.05,0.0,0.0,0.0,-28.57,-0.04
1966-05-01,1966,5,"Sugar, world",Other Food,($/kg),0.05,0.0,0.0,0.0,-28.57,-0.04
1966-06-01,1966,6,"Sugar, world",Other Food,($/kg),0.04,-20.0,-20.0,0.0,-42.86,-2.12
1966-07-01,1966,7,"Sugar, world",Other Food,($/kg),0.04,0.0,-20.0,0.0,-33.33,-0.04
1966-08-01,1966,8,"Sugar, world",Other Food,($/kg),0.04,0.0,-20.0,0.0,-20.0,-0.04
1966-09-01,1966,9,"Sugar, world",Other Food,($/kg),0.03,-25.0,-25.0,-25.0,-40.0,-2.64
1966-10-01,1966,10,"Sugar, world",Other Food,($/kg),0.03,0.0,-25.0,-25.0,-40.0,0.14
1966-11-01,1966,11,"Sugar, world",Other Food,($/kg),0.03,0.0,-25.0,-25.0,-40.0,0.14
1966-12-01,1966,12,"Sugar, world",Other Food,($/kg),0.03,0.0,0.0,-25.0,-40.0,0.14
1967-01-01,1967,1,"Sugar, world",Other Food,($/kg),0.03,0.0,0.0,-40.0,-40.0,0.14
1967-02-01,1967,2,"Sugar, world",Other Food,($/kg),0.04,33.33,33.33,-20.0,-20.0,4.2
1967-03-01,1967,3,"Sugar, world",Other Food,($/kg),0.03,-25.0,0.0,-40.0,-50.0,-1.73
1967-04-01,1967,4,"Sugar, world",Other Food,($/kg),0.05,66.67,66.67,0.0,-16.67,4.49
1967-05-01,1967,5,"Sugar, world",Other Food,($/kg),0.06,20.0,50.0,20.0,0.0,0.69
1967-06-01,1967,6,"Sugar, world",Other Food,($/kg),0.05,-16.67,66.67,25.0,-16.67,-0.8
1967-07-01,1967,7,"Sugar, world",Other Food,($/kg),0.04,-20.0,-20.0,0.0,-33.33,-0.95
1967-08-01,1967,8,"Sugar, world",Other Food,($/kg),0.04,0.0,-33.33,0.0,-33.33,-0.1
1967-09-01,1967,9,"Sugar, world",Other Food,($/kg),0.04,0.0,-20.0,33.33,-33.33,-0.1
1967-10-01,1967,10,"Sugar, world",Other Food,($/kg),0.04,0.0,0.0,33.33,-42.86,-0.19
1967-11-01,1967,11,"Sugar, world",Other Food,($/kg),0.05,25.0,25.0,66.67,-37.5,0.8
1967-12-01,1967,12,"Sugar, world",Other Food,($/kg),0.05,0.0,25.0,66.67,-44.44,-0.27
1968-01-01,1968,1,"Sugar, world",Other Food,($/kg),0.05,0.0,25.0,66.67,-58.33,-0.27
1968-02-01,1968,2,"Sugar, world",Other Food,($/kg),0.05,0.0,0.0,25.0,-61.54,-0.27
1968-03-01,1968,3,"Sugar, world",Other Food,($/kg),0.04,-20.0,-20.0,33.33,-71.43,-0.99
1968-04-01,1968,4,"Sugar, world",Other Food,($/kg),0.04,0.0,-20.0,-20.0,-75.0,-0.19
1968-05-01,1968,5,"Sugar, world",Other Food,($/kg),0.04,0.0,-20.0,-33.33,-81.82,0.07
1968-06-01,1968,6,"Sugar, world",Other Food,($/kg),0.04,0.0,0.0,-20.0,-81.82,0.22
1968-07-01,1968,7,"Sugar, world",Other Food,($/kg),0.04,0.0,0.0,0.0,-80.0,0.11
1968-08-01,1968,8,"Sugar, world",Other Food,($/kg),0.03,-25.0,-25.0,-25.0,-78.57,-2.64
1968-09-01,1968,9,"Sugar, world",Other Food,($/kg),0.03,0.0,-25.0,-25.0,-81.25,0.14
1968-10-01,1968,10,"Sugar, world",Other Food,($/kg),0.04,33.33,0.0,0.0,-82.61,2.89
1968-11-01,1968,11,"Sugar, world",Other Food,($/kg),0.05,25.0,66.67,0.0,-80.0,1.51
1968-12-01,1968,12,"Sugar, world",Other Food,($/kg),0.06,20.0,100.0,20.0,-73.91,1.2
1969-01-01,1969,1,"Sugar, world",Other Food,($/kg),0.06,0.0,50.0,20.0,-73.91,-0.17
1969-02-01,1969,2,"Sugar, world",Other Food,($/kg),0.07,16.67,40.0,40.0,-65.0,0.83
1969-03-01,1969,3,"Sugar, world",Other Food,($/kg),0.08,14.29,33.33,100.0,-50.0,0.59
1969-04-01,1969,4,"Sugar, world",Other Food,($/kg),0.08,0.0,33.33,100.0,-52.94,-0.45
1969-05-01,1969,5,"Sugar, world",Other Food,($/kg),0.08,0.0,14.29,100.0,-46.67,-0.45
1969-06-01,1969,6,"Sugar, world",Other Food,($/kg),0.08,0.0,0.0,100.0,-33.33,-0.45
1969-07-01,1969,7,"Sugar, world",Other Food,($/kg),0.08,0.0,0.0,100.0,-20.0,-0.45
1969-08-01,1969,8,"Sugar, world",Other Food,($/kg),0.07,-12.5,-12.5,133.33,-22.22,-1.26
1969-09-01,1969,9,"Sugar, world",Other Food,($/kg),0.06,-14.29,-25.0,100.0,-25.0,-1.66
1969-10-01,1969,10,"Sugar, world",Other Food,($/kg),0.07,16.67,-12.5,75.0,-12.5,0.66
1969-11-01,1969,11,"Sugar, world",Other Food,($/kg),0.07,0.0,0.0,40.0,0.0,-0.43
1969-12-01,1969,12,"Sugar, world",Other Food,($/kg),0.06,-14.29,0.0,0.0,0.0,-1.58
1970-01-01,1970,1,"Sugar, world",Other Food,($/kg),0.08,33.33,14.29,33.33,60.0,2.99
1970-02-01,1970,2,"Sugar, world",Other Food,($/kg),0.07,-12.5,0.0,0.0,40.0,-1.09
1970-03-01,1970,3,"Sugar, world",Other Food,($/kg),0.07,0.0,16.67,-12.5,40.0,-0.06
1970-04-01,1970,4,"Sugar, world",Other Food,($/kg),0.08,14.29,0.0,0.0,60.0,1.05
1970-05-01,1970,5,"Sugar, world",Other Food,($/kg),0.08,0.0,14.29,0.0,60.0,-0.06
1970-06-01,1970,6,"Sugar, world",Other Food,($/kg),0.08,0.0,14.29,0.0,100.0,-0.06
1970-07-01,1970,7,"Sugar, world",Other Food,($/kg),0.08,0.0,0.0,0.0,100.0,-0.06
1970-08-01,1970,8,"Sugar, world",Other Food,($/kg),0.08,0.0,0.0,14.29,100.0,-0.06
1970-09-01,1970,9,"Sugar, world",Other Food,($/kg),0.09,12.5,12.5,50.0,125.0,0.76
1970-10-01,1970,10,"Sugar, world",Other Food,($/kg),0.09,0.0,12.5,28.57,125.0,-0.32
1970-11-01,1970,11,"Sugar, world",Other Food,($/kg),0.09,0.0,12.5,28.57,125.0,-0.22
1970-12-01,1970,12,"Sugar, world",Other Food,($/kg),0.09,0.0,0.0,50.0,125.0,-0.22
1971-01-01,1971,1,"Sugar, world",Other Food,($/kg),0.1,11.11,11.11,25.0,100.0,0.62
1971-02-01,1971,2,"Sugar, world",Other Food,($/kg),0.11,10.0,22.22,57.14,120.0,1.08
1971-03-01,1971,3,"Sugar, world",Other Food,($/kg),0.1,-9.09,11.11,42.86,100.0,-2.19
1971-04-01,1971,4,"Sugar, world",Other Food,($/kg),0.1,0.0,0.0,25.0,100.0,-0.46
1971-05-01,1971,5,"Sugar, world",Other Food,($/kg),0.1,0.0,-9.09,25.0,100.0,-0.33
1971-06-01,1971,6,"Sugar, world",Other Food,($/kg),0.09,-10.0,-10.0,12.5,125.0,-1.97
1971-07-01,1971,7,"Sugar, world",Other Food,($/kg),0.09,0.0,-10.0,12.5,125.0,-0.17
1971-08-01,1971,8,"Sugar, world",Other Food,($/kg),0.09,0.0,-10.0,12.5,125.0,-0.17
1971-09-01,1971,9,"Sugar, world",Other Food,($/kg),0.09,0.0,0.0,0.0,200.0,-0.17
1971-10-01,1971,10,"Sugar, world",Other Food,($/kg),0.09,0.0,0.0,0.0,200.0,-0.03
1971-11-01,1971,11,"Sugar, world",Other Food,($/kg),0.09,0.0,0.0,0.0,200.0,-0.03
1971-12-01,1971,12,"Sugar, world",Other Food,($/kg),0.13,44.44,44.44,44.44,333.33,7.29
1972-01-01,1972,1,"Sugar, world",Other Food,($/kg),0.17,30.77,88.89,70.0,466.67,1.9
1972-02-01,1972,2,"Sugar, world",Other Food,($/kg),0.18,5.88,100.0,63.64,350.0,0.02
1972-03-01,1972,3,"Sugar, world",Other Food,($/kg),0.19,5.56,46.15,90.0,533.33,0.02
1972-04-01,1972,4,"Sugar, world",Other Food,($/kg),0.16,-15.79,-5.88,60.0,220.0,-1.44
1972-05-01,1972,5,"Sugar, world",Other Food,($/kg),0.15,-6.25,-16.67,50.0,150.0,-0.68
1972-06-01,1972,6,"Sugar, world",Other Food,($/kg),0.14,-6.67,-26.32,55.56,180.0,-0.67
1972-07-01,1972,7,"Sugar, world",Other Food,($/kg),0.12,-14.29,-25.0,33.33,200.0,-1.15
1972-08-01,1972,8,"Sugar, world",Other Food,($/kg),0.14,16.67,-6.67,55.56,250.0,0.74
1972-09-01,1972,9,"Sugar, world",Other Food,($/kg),0.16,14.29,14.29,77.78,300.0,0.52
1972-10-01,1972,10,"Sugar, world",Other Food,($/kg),0.16,0.0,33.33,77.78,300.0,-0.35
1972-11-01,1972,11,"Sugar, world",Other Food,($/kg),0.16,0.0,14.29,77.78,220.0,-0.35
1972-12-01,1972,12,"Sugar, world",Other Food,($/kg),0.2,25.0,25.0,53.85,300.0,1.05
1973-01-01,1973,1,"Sugar, world",Other Food,($/kg),0.21,5.0,31.25,23.53,320.0,0.03
1973-02-01,1973,2,"Sugar, world",Other Food,($/kg),0.2,-4.76,25.0,11.11,300.0,-0.59
1973-03-01,1973,3,"Sugar, world",Other Food,($/kg),0.19,-5.0,-5.0,0.0,375.0,-0.53
1973-04-01,1973,4,"Sugar, world",Other Food,($/kg),0.2,5.26,-4.76,25.0,400.0,0.37
1973-05-01,1973,5,"Sugar, world",Other Food,($/kg),0.2,0.0,0.0,33.33,400.0,-0.21
1973-06-01,1973,6,"Sugar, world",Other Food,($/kg),0.21,5.0,10.53,50.0,425.0,0.18
1973-07-01,1973,7,"Sugar, world",Other Food,($/kg),0.21,0.0,5.0,75.0,425.0,-0.37
1973-08-01,1973,8,"Sugar, world",Other Food,($/kg),0.2,-4.76,0.0,42.86,566.67,-1.08
1973-09-01,1973,9,"Sugar, world",Other Food,($/kg),0.2,0.0,-4.76,25.0,566.67,-0.38
1973-10-01,1973,10,"Sugar, world",Other Food,($/kg),0.21,5.0,0.0,31.25,425.0,0.35
1973-11-01,1973,11,"Sugar, world",Other Food,($/kg),0.22,4.76,10.0,37.5,340.0,0.27
1973-12-01,1973,12,"Sugar, world",Other Food,($/kg),0.26,18.18,30.0,30.0,333.33,1.89
1974-01-01,1974,1,"Sugar, world",Other Food,($/kg),0.33,26.92,57.14,57.14,450.0,3.8
1974-02-01,1974,2,"Sugar, world",Other Food,($/kg),0.47,42.42,113.64,135.0,571.43,3.98
1974-03-01,1974,3,"Sugar, world",Other Food,($/kg),0.47,0.0,80.77,147.37,487.5,-0.58
1974-04-01,1974,4,"Sugar, world",Other Food,($/kg),0.48,2.13,45.45,140.0,500.0,-0.47
1974-05-01,1974,5,"Sugar, world",Other Food,($/kg),0.52,8.33,10.64,160.0,550.0,0.0
1974-06-01,1974,6,"Sugar, world",Other Food,($/kg),0.52,0.0,10.64,147.62,550.0,-0.66
1974-07-01,1974,7,"Sugar, world",Other Food,($/kg),0.55,5.77,14.58,161.9,587.5,-0.2
1974-08-01,1974,8,"Sugar, world",Other Food,($/kg),0.68,23.64,30.77,240.0,871.43,1.07
1974-09-01,1974,9,"Sugar, world",Other Food,($/kg),0.75,10.29,44.23,275.0,1150.0,-0.08
1974-10-01,1974,10,"Sugar, world",Other Food,($/kg),0.87,16.0,58.18,314.29,1142.86,0.29
1974-11-01,1974,11,"Sugar, world",Other Food,($/kg),1.24,42.53,82.35,463.64,1671.43,2.28
1974-12-01,1974,12,"Sugar, world",Other Food,($/kg),0.99,-20.16,32.0,280.77,1550.0,-2.43
1975-01-01,1975,1,"Sugar, world",Other Food,($/kg),0.84,-15.15,-3.45,154.55,950.0,-1.55
1975-02-01,1975,2,"Sugar, world",Other Food,($/kg),0.75,-10.71,-39.52,59.57,971.43,-1.05
1975-03-01,1975,3,"Sugar, world",Other Food,($/kg),0.58,-22.67,-41.41,23.4,728.57,-1.62
1975-04-01,1975,4,"Sugar, world",Other Food,($/kg),0.53,-8.62,-36.9,10.42,562.5,-0.63
1975-05-01,1975,5,"Sugar, world",Other Food,($/kg),0.39,-26.42,-48.0,-25.0,387.5,-1.49
1975-06-01,1975,6,"Sugar, world",Other Food,($/kg),0.3,-23.08,-48.28,-42.31,275.0,-1.08
1975-07-01,1975,7,"Sugar, world",Other Food,($/kg),0.37,23.33,-30.19,-32.73,362.5,1.18
1975-08-01,1975,8,"Sugar, world",Other Food,($/kg),0.41,10.81,5.13,-39.71,412.5,0.51
1975-09-01,1975,9,"Sugar, world",Other Food,($/kg),0.34,-17.07,13.33,-54.67,277.78,-0.68
1975-10-01,1975,10,"Sugar, world",Other Food,($/kg),0.31,-8.82,-16.22,-64.37,244.44,-0.21
1975-11-01,1975,11,"Sugar, world",Other Food,($/kg),0.3,-3.23,-26.83,-75.81,233.33,0.15
1975-12-01,1975,12,"Sugar, world",Other Food,($/kg),0.29,-3.33,-14.71,-70.71,222.22,0.46
1976-01-01,1976,1,"Sugar, world",Other Food,($/kg),0.31,6.9,0.0,-63.1,210.0,1.08
1976-02-01,1976,2,"Sugar, world",Other Food,($/kg),0.3,-3.23,0.0,-60.0,172.73,0.25
1976-03-01,1976,3,"Sugar, world",Other Food,($/kg),0.33,10.0,13.79,-43.1,230.0,1.09
1976-04-01,1976,4,"Sugar, world",Other Food,($/kg),0.31,-6.06,0.0,-41.51,210.0,-0.17
1976-05-01,1976,5,"Sugar, world",Other Food,($/kg),0.32,3.23,6.67,-17.95,220.0,0.45
1976-06-01,1976,6,"Sugar, world",Other Food,($/kg),0.29,-9.38,-12.12,-3.33,222.22,-0.67
1976-07-01,1976,7,"Sugar, world",Other Food,($/kg),0.29,0.0,-6.45,-21.62,222.22,-0.02
1976-08-01,1976,8,"Sugar, world",Other Food,($/kg),0.22,-24.14,-31.25,-46.34,144.44,-2.69
1976-09-01,1976,9,"Sugar, world",Other Food,($/kg),0.18,-18.18,-37.93,-47.06,100.0,-1.42
1976-10-01,1976,10,"Sugar, world",Other Food,($/kg),0.18,0.0,-37.93,-41.94,100.0,0.48
1976-11-01,1976,11,"Sugar, world",Other Food,($/kg),0.17,-5.56,-22.73,-43.33,88.89,-0.16
1976-12-01,1976,12,"Sugar, world",Other Food,($/kg),0.17,0.0,-5.56,-41.38,30.77,0.43
1977-01-01,1977,1,"Sugar, world",Other Food,($/kg),0.18,5.88,0.0,-41.94,5.88,0.99
1977-02-01,1977,2,"Sugar, world",Other Food,($/kg),0.19,5.56,11.76,-36.67,5.56,0.98
1977-03-01,1977,3,"Sugar, world",Other Food,($/kg),0.2,5.26,17.65,-39.39,5.26,0.84
1977-04-01,1977,4,"Sugar, world",Other Food,($/kg),0.22,10.0,22.22,-29.03,37.5,1.42
1977-05-01,1977,5,"Sugar, world",Other Food,($/kg),0.2,-9.09,5.26,-37.5,33.33,-0.66
1977-06-01,1977,6,"Sugar, world",Other Food,($/kg),0.17,-15.0,-15.0,-41.38,21.43,-1.13
1977-07-01,1977,7,"Sugar, world",Other Food,($/kg),0.16,-5.88,-27.27,-44.83,33.33,-0.2
1977-08-01,1977,8,"Sugar, world",Other Food,($/kg),0.17,6.25,-15.0,-22.73,21.43,0.98
1977-09-01,1977,9,"Sugar, world",Other Food,($/kg),0.16,-5.88,-5.88,-11.11,0.0,-0.46
1977-10-01,1977,10,"Sugar, world",Other Food,($/kg),0.16,0.0,0.0,-11.11,0.0,0.09
1977-11-01,1977,11,"Sugar, world",Other Food,($/kg),0.16,0.0,-5.88,-5.88,0.0,0.09
1977-12-01,1977,12,"Sugar, world",Other Food,($/kg),0.18,12.5,12.5,5.88,-10.0,1.71
1978-01-01,1978,1,"Sugar, world",Other Food,($/kg),0.19,5.56,18.75,5.56,-9.52,0.57
1978-02-01,1978,2,"Sugar, world",Other Food,($/kg),0.19,0.0,18.75,0.0,-5.0,-0.09
1978-03-01,1978,3,"Sugar, world",Other Food,($/kg),0.17,-10.53,-5.56,-15.0,-10.53,-1.33
1978-04-01,1978,4,"Sugar, world",Other Food,($/kg),0.17,0.0,-10.53,-22.73,-15.0,0.12
1978-05-01,1978,5,"Sugar, world",Other Food,($/kg),0.16,-5.88,-15.79,-20.0,-20.0,-0.52
1978-06-01,1978,6,"Sugar, world",Other Food,($/kg),0.16,0.0,-5.88,-5.88,-23.81,0.21
1978-07-01,1978,7,"Sugar, world",Other Food,($/kg),0.14,-12.5,-17.65,-12.5,-33.33,-1.93
1978-08-01,1978,8,"Sugar, world",Other Food,($/kg),0.16,14.29,0.0,-5.88,-20.0,2.14
1978-09-01,1978,9,"Sugar, world",Other Food,($/kg),0.18,12.5,12.5,12.5,-10.0,1.56
1978-10-01,1978,10,"Sugar, world",Other Food,($/kg),0.2,11.11,42.86,25.0,-4.76,1.13
1978-11-01,1978,11,"Sugar, world",Other Food,($/kg),0.18,-10.0,12.5,12.5,-18.18,-1.35
1978-12-01,1978,12,"Sugar, world",Other Food,($/kg),0.18,0.0,0.0,0.0,-30.77,-0.15
1979-01-01,1979,1,"Sugar, world",Other Food,($/kg),0.17,-5.56,-15.0,-10.53,-48.48,-0.65
1979-02-01,1979,2,"Sugar, world",Other Food,($/kg),0.18,5.88,0.0,-5.26,-61.7,0.71
1979-03-01,1979,3,"Sugar, world",Other Food,($/kg),0.19,5.56,5.56,11.76,-59.57,0.6
1979-04-01,1979,4,"Sugar, world",Other Food,($/kg),0.17,-10.53,0.0,0.0,-64.58,-1.34
1979-05-01,1979,5,"Sugar, world",Other Food,($/kg),0.17,0.0,-5.56,6.25,-67.31,-0.04
1979-06-01,1979,6,"Sugar, world",Other Food,($/kg),0.18,5.88,-5.26,12.5,-65.38,0.54
1979-07-01,1979,7,"Sugar, world",Other Food,($/kg),0.19,5.56,11.76,35.71,-65.45,0.45
1979-08-01,1979,8,"Sugar, world",Other Food,($/kg),0.2,5.26,17.65,25.0,-70.59,0.29
1979-09-01,1979,9,"Sugar, world",Other Food,($/kg),0.22,10.0,22.22,22.22,-70.67,1.04
1979-10-01,1979,10,"Sugar, world",Other Food,($/kg),0.26,18.18,36.84,30.0,-70.11,2.24
1979-11-01,1979,11,"Sugar, world",Other Food,($/kg),0.3,15.38,50.0,66.67,-75.81,1.55
1979-12-01,1979,12,"Sugar, world",Other Food,($/kg),0.33,10.0,50.0,83.33,-66.67,0.67
1980-01-01,1980,1,"Sugar, world",Other Food,($/kg),0.38,15.15,46.15,123.53,-54.76,1.21
1980-02-01,1980,2,"Sugar, world",Other Food,($/kg),0.5,31.58,66.67,177.78,-33.33,3.18
1980-03-01,1980,3,"Sugar, world",Other Food,($/kg),0.43,-14.0,30.3,126.32,-25.86,-2.25
1980-04-01,1980,4,"Sugar, world",Other Food,($/kg),0.47,9.3,23.68,176.47,-11.32,0.13
1980-05-01,1980,5,"Sugar, world",Other Food,($/kg),0.68,44.68,36.0,300.0,74.36,3.23
1980-06-01,1980,6,"Sugar, world",Other Food,($/kg),0.68,0.0,58.14,277.78,126.67,-0.9
1980-07-01,1980,7,"Sugar, world",Other Food,($/kg),0.61,-10.29,29.79,221.05,64.86,-1.54
1980-08-01,1980,8,"Sugar, world",Other Food,($/kg),0.7,14.75,2.94,250.0,70.73,0.22
1980-09-01,1980,9,"Sugar, world",Other Food,($/kg),0.76,8.57,11.76,245.45,123.53,-0.22
1980-10-01,1980,10,"Sugar, world",Other Food,($/kg),0.89,17.11,45.9,242.31,187.1,0.32
1980-11-01,1980,11,"Sugar, world",Other Food,($/kg),0.83,-6.74,18.57,176.67,176.67,-1.16
1980-12-01,1980,12,"Sugar, world",Other Food,($/kg),0.63,-24.1,-17.11,90.91,117.24,-2.02
1981-01-01,1981,1,"Sugar, world",Other Food,($/kg),0.62,-1.59,-30.34,63.16,100.0,-0.45
1981-02-01,1981,2,"Sugar, world",Other Food,($/kg),0.53,-14.52,-36.14,6.0,76.67,-1.04
1981-03-01,1981,3,"Sugar, world",Other Food,($/kg),0.5,-5.66,-20.63,16.28,51.52,-0.41
1981-04-01,1981,4,"Sugar, world",Other Food,($/kg),0.39,-22.0,-37.1,-17.02,25.81,-1.37
1981-05-01,1981,5,"Sugar, world",Other Food,($/kg),0.33,-15.38,-37.74,-51.47,3.12,-0.8
1981-06-01,1981,6,"Sugar, world",Other Food,($/kg),0.36,9.09,-28.0,-47.06,24.14,1.05
1981-07-01,1981,7,"Sugar, world",Other Food,($/kg),0.36,0.0,-7.69,-40.98,24.14,0.3
1981-08-01,1981,8,"Sugar, world",Other Food,($/kg),0.33,-8.33,0.0,-52.86,50.0,-0.36
1981-09-01,1981,9,"Sugar, world",Other Food,($/kg),0.26,-21.21,-27.78,-65.79,44.44,-1.25
1981-10-01,1981,10,"Sugar, world",Other Food,($/kg),0.27,3.85,-25.0,-69.66,50.0,0.92
1981-11-01,1981,11,"Sugar, world",Other Food,($/kg),0.26,-3.7,-21.21,-68.67,52.94,0.48
1981-12-01,1981,12,"Sugar, world",Other Food,($/kg),0.29,11.54,11.54,-53.97,70.59,1.87
1982-01-01,1982,1,"Sugar, world",Other Food,($/kg),0.29,0.0,7.41,-53.23,61.11,0.51
1982-02-01,1982,2,"Sugar, world",Other Food,($/kg),0.29,0.0,11.54,-45.28,52.63,0.5
1982-03-01,1982,3,"Sugar, world",Other Food,($/kg),0.25,-13.79,-13.79,-50.0,25.0,-0.87
1982-04-01,1982,4,"Sugar, world",Other Food,($/kg),0.21,-16.0,-27.59,-46.15,-4.55,-0.98
1982-05-01,1982,5,"Sugar, world",Other Food,($/kg),0.18,-14.29,-37.93,-45.45,-10.0,-0.94
1982-06-01,1982,6,"Sugar, world",Other Food,($/kg),0.15,-16.67,-40.0,-58.33,-11.76,-1.18
1982-07-01,1982,7,"Sugar, world",Other Food,($/kg),0.17,13.33,-19.05,-52.78,6.25,1.99
1982-08-01,1982,8,"Sugar, world",Other Food,($/kg),0.15,-11.76,-16.67,-54.55,-11.76,-0.55
1982-09-01,1982,9,"Sugar, world",Other Food,($/kg),0.13,-13.33,-13.33,-50.0,-18.75,-0.66
1982-10-01,1982,10,"Sugar, world",Other Food,($/kg),0.13,0.0,-23.53,-51.85,-18.75,0.47
1982-11-01,1982,11,"Sugar, world",Other Food,($/kg),0.14,7.69,-6.67,-46.15,-12.5,1.24
1982-12-01,1982,12,"Sugar, world",Other Food,($/kg),0.14,0.0,7.69,-51.72,-22.22,0.4
1983-01-01,1983,1,"Sugar, world",Other Food,($/kg),0.13,-7.14,0.0,-55.17,-31.58,-0.17
1983-02-01,1983,2,"Sugar, world",Other Food,($/kg),0.14,7.69,0.0,-51.72,-26.32,1.37
1983-03-01,1983,3,"Sugar, world",Other Food,($/kg),0.14,0.0,0.0,-44.0,-17.65,0.5
1983-04-01,1983,4,"Sugar, world",Other Food,($/kg),0.15,7.14,15.38,-28.57,-11.76,1.09
1983-05-01,1983,5,"Sugar, world",Other Food,($/kg),0.2,33.33,42.86,11.11,25.0,3.51
1983-06-01,1983,6,"Sugar, world",Other Food,($/kg),0.24,20.0,71.43,60.0,50.0,1.34
1983-07-01,1983,7,"Sugar, world",Other Food,($/kg),0.23,-4.17,53.33,35.29,64.29,-0.67
1983-08-01,1983,8,"Sugar, world",Other Food,($/kg),0.23,0.0,15.0,53.33,43.75,-0.25
1983-09-01,1983,9,"Sugar, world",Other Food,($/kg),0.21,-8.7,-12.5,61.54,16.67,-1.04
1983-10-01,1983,10,"Sugar, world",Other Food,($/kg),0.21,0.0,-8.7,61.54,5.0,-0.39
1983-11-01,1983,11,"Sugar, world",Other Food,($/kg),0.18,-14.29,-21.74,28.57,0.0,-1.59
1983-12-01,1983,12,"Sugar, world",Other Food,($/kg),0.17,-5.56,-19.05,21.43,-5.56,-0.64
1984-01-01,1984,1,"Sugar, world",Other Food,($/kg),0.15,-11.76,-28.57,15.38,-11.76,-1.07
1984-02-01,1984,2,"Sugar, world",Other Food,($/kg),0.15,0.0,-16.67,7.14,-16.67,-0.14
1984-03-01,1984,3,"Sugar, world",Other Food,($/kg),0.14,-6.67,-17.65,0.0,-26.32,-0.59
1984-04-01,1984,4,"Sugar, world",Other Food,($/kg),0.13,-7.14,-13.33,-13.33,-23.53,-0.58
1984-05-01,1984,5,"Sugar, world",Other Food,($/kg),0.12,-7.69,-20.0,-40.0,-29.41,-0.53
1984-06-01,1984,6,"Sugar, world",Other Food,($/kg),0.12,0.0,-14.29,-50.0,-33.33,0.44
1984-07-01,1984,7,"Sugar, world",Other Food,($/kg),0.1,-16.67,-23.08,-56.52,-47.37,-2.3
1984-08-01,1984,8,"Sugar, world",Other Food,($/kg),0.09,-10.0,-25.0,-60.87,-55.0,-0.6
1984-09-01,1984,9,"Sugar, world",Other Food,($/kg),0.09,0.0,-25.0,-57.14,-59.09,1.35
1984-10-01,1984,10,"Sugar, world",Other Food,($/kg),0.1,11.11,0.0,-52.38,-61.54,3.04
1984-11-01,1984,11,"Sugar, world",Other Food,($/kg),0.1,0.0,11.11,-44.44,-66.67,0.75
1984-12-01,1984,12,"Sugar, world",Other Food,($/kg),0.08,-20.0,-11.11,-52.94,-75.76,-2.13
1985-01-01,1985,1,"Sugar, world",Other Food,($/kg),0.08,0.0,-20.0,-46.67,-78.95,0.67
1985-02-01,1985,2,"Sugar, world",Other Food,($/kg),0.08,0.0,-20.0,-46.67,-84.0,0.56
1985-03-01,1985,3,"Sugar, world",Other Food,($/kg),0.08,0.0,0.0,-42.86,-81.4,0.56
1985-04-01,1985,4,"Sugar, world",Other Food,($/kg),0.08,0.0,0.0,-38.46,-82.98,0.49
1985-05-01,1985,5,"Sugar, world",Other Food,($/kg),0.06,-25.0,-25.0,-50.0,-91.18,-2.5
1985-06-01,1985,6,"Sugar, world",Other Food,($/kg),0.06,0.0,-25.0,-50.0,-91.18,0.48
1985-07-01,1985,7,"Sugar, world",Other Food,($/kg),0.07,16.67,-12.5,-30.0,-88.52,2.06
1985-08-01,1985,8,"Sugar, world",Other Food,($/kg),0.1,42.86,66.67,11.11,-85.71,3.91
1985-09-01,1985,9,"Sugar, world",Other Food,($/kg),0.11,10.0,83.33,22.22,-85.53,0.46
1985-10-01,1985,10,"Sugar, world",Other Food,($/kg),0.11,0.0,57.14,10.0,-87.64,-0.17
1985-11-01,1985,11,"Sugar, world",Other Food,($/kg),0.12,9.09,20.0,20.0,-85.54,0.41
1985-12-01,1985,12,"Sugar, world",Other Food,($/kg),0.12,0.0,9.09,50.0,-80.95,-0.16
1986-01-01,1986,1,"Sugar, world",Other Food,($/kg),0.11,-8.33,0.0,37.5,-82.26,-0.82
1986-02-01,1986,2,"Sugar, world",Other Food,($/kg),0.12,9.09,0.0,50.0,-77.36,0.33
1986-03-01,1986,3,"Sugar, world",Other Food,($/kg),0.15,25.0,25.0,87.5,-70.0,1.28
1986-04-01,1986,4,"Sugar, world",Other Food,($/kg),0.18,20.0,63.64,125.0,-53.85,0.79
1986-05-01,1986,5,"Sugar, world",Other Food,($/kg),0.17,-5.56,41.67,183.33,-48.48,-0.8
1986-06-01,1986,6,"Sugar, world",Other Food,($/kg),0.14,-17.65,-6.67,133.33,-61.11,-1.89
1986-07-01,1986,7,"Sugar, world",Other Food,($/kg),0.12,-14.29,-33.33,71.43,-66.67,-1.38
1986-08-01,1986,8,"Sugar, world",Other Food,($/kg),0.12,0.0,-29.41,20.0,-63.64,-0.34
1986-09-01,1986,9,"Sugar, world",Other Food,($/kg),0.1,-16.67,-28.57,-9.09,-61.54,-1.46
1986-10-01,1986,10,"Sugar, world",Other Food,($/kg),0.12,20.0,0.0,9.09,-55.56,1.45
1986-11-01,1986,11,"Sugar, world",Other Food,($/kg),0.13,8.33,8.33,8.33,-50.0,0.44
1986-12-01,1986,12,"Sugar, world",Other Food,($/kg),0.13,0.0,30.0,8.33,-55.17,-0.11
1987-01-01,1987,1,"Sugar, world",Other Food,($/kg),0.14,7.69,16.67,27.27,-51.72,0.41
1987-02-01,1987,2,"Sugar, world",Other Food,($/kg),0.16,14.29,23.08,33.33,-44.83,0.77
1987-03-01,1987,3,"Sugar, world",Other Food,($/kg),0.17,6.25,30.77,13.33,-32.0,0.19
1987-04-01,1987,4,"Sugar, world",Other Food,($/kg),0.15,-11.76,7.14,-16.67,-28.57,-1.02
1987-05-01,1987,5,"Sugar, world",Other Food,($/kg),0.15,0.0,-6.25,-11.76,-16.67,0.06
1987-06-01,1987,6,"Sugar, world",Other Food,($/kg),0.14,-6.67,-17.65,0.0,-6.67,-0.51
1987-07-01,1987,7,"Sugar, world",Other Food,($/kg),0.13,-7.14,-13.33,8.33,-23.53,-0.68
1987-08-01,1987,8,"Sugar, world",Other Food,($/kg),0.12,-7.69,-20.0,0.0,-20.0,-0.83
1987-09-01,1987,9,"Sugar, world",Other Food,($/kg),0.13,8.33,-7.14,30.0,0.0,0.71
1987-10-01,1987,10,"Sugar, world",Other Food,($/kg),0.15,15.38,15.38,25.0,15.38,1.3
1987-11-01,1987,11,"Sugar, world",Other Food,($/kg),0.16,6.67,33.33,23.08,14.29,0.49
1987-12-01,1987,12,"Sugar, world",Other Food,($/kg),0.18,12.5,38.46,38.46,28.57,1.15
1988-01-01,1988,1,"Sugar, world",Other Food,($/kg),0.21,16.67,40.0,50.0,61.54,1.43
1988-02-01,1988,2,"Sugar, world",Other Food,($/kg),0.19,-9.52,18.75,18.75,35.71,-1.32
1988-03-01,1988,3,"Sugar, world",Other Food,($/kg),0.19,0.0,5.56,11.76,35.71,-0.19
1988-04-01,1988,4,"Sugar, world",Other Food,($/kg),0.19,0.0,-9.52,26.67,26.67,-0.14
1988-05-01,1988,5,"Sugar, world",Other Food,($/kg),0.2,5.26,5.26,33.33,0.0,0.31
1988-06-01,1988,6,"Sugar, world",Other Food,($/kg),0.23,15.0,21.05,64.29,-4.17,1.3
1988-07-01,1988,7,"Sugar, world",Other Food,($/kg),0.31,34.78,63.16,138.46,34.78,3.19
1988-08-01,1988,8,"Sugar, world",Other Food,($/kg),0.25,-19.35,25.0,108.33,8.7,-2.27
1988-09-01,1988,9,"Sugar, world",Other Food,($/kg),0.22,-12.0,-4.35,69.23,4.76,-1.39
1988-10-01,1988,10,"Sugar, world",Other Food,($/kg),0.23,4.55,-25.81,53.33,9.52,-0.06
1988-11-01,1988,11,"Sugar, world",Other Food,($/kg),0.24,4.35,-4.0,50.0,33.33,-0.01
1988-12-01,1988,12,"Sugar, world",Other Food,($/kg),0.25,4.17,13.64,38.89,47.06,-0.01
1989-01-01,1989,1,"Sugar, world",Other Food,($/kg),0.21,-16.0,-8.7,0.0,40.0,-1.38
1989-02-01,1989,2,"Sugar, world",Other Food,($/kg),0.23,9.52,-4.17,21.05,53.33,0.58
1989-03-01,1989,3,"Sugar, world",Other Food,($/kg),0.25,8.7,0.0,31.58,78.57,0.43
1989-04-01,1989,4,"Sugar, world",Other Food,($/kg),0.27,8.0,28.57,42.11,107.69,0.33
1989-05-01,1989,5,"Sugar, world",Other Food,($/kg),0.26,-3.7,13.04,30.0,116.67,-0.52
1989-06-01,1989,6,"Sugar, world",Other Food,($/kg),0.28,7.69,12.0,21.74,133.33,0.31
1989-07-01,1989,7,"Sugar, world",Other Food,($/kg),0.31,10.71,14.81,0.0,210.0,0.57
1989-08-01,1989,8,"Sugar, world",Other Food,($/kg),0.31,0.0,19.23,24.0,244.44,-0.05
1989-09-01,1989,9,"Sugar, world",Other Food,($/kg),0.31,0.0,10.71,40.91,244.44,-0.25
1989-10-01,1989,10,"Sugar, world",Other Food,($/kg),0.32,3.23,3.23,39.13,220.0,0.01
1989-11-01,1989,11,"Sugar, world",Other Food,($/kg),0.33,3.12,6.45,37.5,230.0,0.01
1989-12-01,1989,12,"Sugar, world",Other Food,($/kg),0.3,-9.09,-3.23,20.0,275.0,-1.62
1990-01-01,1990,1,"Sugar, world",Other Food,($/kg),0.31,3.33,-3.12,47.62,287.5,0.18
1990-02-01,1990,2,"Sugar, world",Other Food,($/kg),0.32,3.23,-3.03,39.13,300.0,-0.04
1990-03-01,1990,3,"Sugar, world",Other Food,($/kg),0.34,6.25,13.33,36.0,325.0,0.59
1990-04-01,1990,4,"Sugar, world",Other Food,($/kg),0.34,0.0,9.68,25.93,325.0,-0.5
1990-05-01,1990,5,"Sugar, world",Other Food,($/kg),0.32,-5.88,0.0,23.08,433.33,-1.52
1990-06-01,1990,6,"Sugar, world",Other Food,($/kg),0.29,-9.38,-14.71,3.57,383.33,-2.06
1990-07-01,1990,7,"Sugar, world",Other Food,($/kg),0.26,-10.34,-23.53,-16.13,271.43,-1.8
1990-08-01,1990,8,"Sugar, world",Other Food,($/kg),0.24,-7.69,-25.0,-22.58,140.0,-1.1
1990-09-01,1990,9,"Sugar, world",Other Food,($/kg),0.24,0.0,-17.24,-22.58,118.18,0.32
1990-10-01,1990,10,"Sugar, world",Other Food,($/kg),0.22,-8.33,-15.38,-31.25,100.0,-1.05
1990-11-01,1990,11,"Sugar, world",Other Food,($/kg),0.22,0.0,-8.33,-33.33,83.33,0.47
1990-12-01,1990,12,"Sugar, world",Other Food,($/kg),0.21,-4.55,-12.5,-30.0,75.0,-0.24
1991-01-01,1991,1,"Sugar, world",Other Food,($/kg),0.19,-9.52,-13.64,-38.71,72.73,-1.2
1991-02-01,1991,2,"Sugar, world",Other Food,($/kg),0.19,0.0,-13.64,-40.62,58.33,0.69
1991-03-01,1991,3,"Sugar, world",Other Food,($/kg),0.2,5.26,-4.76,-41.18,33.33,1.78
1991-04-01,1991,4,"Sugar, world",Other Food,($/kg),0.19,-5.0,0.0,-44.12,5.56,-0.16
1991-05-01,1991,5,"Sugar, world",Other Food,($/kg),0.17,-10.53,-10.53,-46.88,0.0,-1.2
1991-06-01,1991,6,"Sugar, world",Other Food,($/kg),0.2,17.65,0.0,-31.03,42.86,4.36
1991-07-01,1991,7,"Sugar, world",Other Food,($/kg),0.23,15.0,21.05,-11.54,91.67,2.18
1991-08-01,1991,8,"Sugar, world",Other Food,($/kg),0.21,-8.7,23.53,-12.5,75.0,-0.87
1991-09-01,1991,9,"Sugar, world",Other Food,($/kg),0.2,-4.76,0.0,-16.67,100.0,-0.43
1991-10-01,1991,10,"Sugar, world",Other Food,($/kg),0.2,0.0,-13.04,-9.09,66.67,0.12
1991-11-01,1991,11,"Sugar, world",Other Food,($/kg),0.19,-5.0,-9.52,-13.64,46.15,-0.5
1991-12-01,1991,12,"Sugar, world",Other Food,($/kg),0.2,5.26,0.0,-4.76,53.85,0.67
1992-01-01,1992,1,"Sugar, world",Other Food,($/kg),0.18,-10.0,-10.0,-5.26,28.57,-1.08
1992-02-01,1992,2,"Sugar, world",Other Food,($/kg),0.17,-5.56,-10.53,-10.53,6.25,-0.59
1992-03-01,1992,3,"Sugar, world",Other Food,($/kg),0.18,5.88,-10.0,-10.0,5.88,0.68
1992-04-01,1992,4,"Sugar, world",Other Food,($/kg),0.21,16.67,16.67,10.53,40.0,1.81
1992-05-01,1992,5,"Sugar, world",Other Food,($/kg),0.21,0.0,23.53,23.53,40.0,-0.13
1992-06-01,1992,6,"Sugar, world",Other Food,($/kg),0.23,9.52,27.78,15.0,64.29,0.74
1992-07-01,1992,7,"Sugar, world",Other Food,($/kg),0.23,0.0,9.52,0.0,76.92,-0.17
1992-08-01,1992,8,"Sugar, world",Other Food,($/kg),0.22,-4.35,4.76,4.76,83.33,-0.59
1992-09-01,1992,9,"Sugar, world",Other Food,($/kg),0.21,-4.55,-8.7,5.0,61.54,-0.69
1992-10-01,1992,10,"Sugar, world",Other Food,($/kg),0.19,-9.52,-17.39,-5.0,26.67,-1.35
1992-11-01,1992,11,"Sugar, world",Other Food,($/kg),0.19,0.0,-13.64,0.0,18.75,0.02
1992-12-01,1992,12,"Sugar, world",Other Food,($/kg),0.18,-5.26,-14.29,-10.0,0.0,-0.7
1993-01-01,1993,1,"Sugar, world",Other Food,($/kg),0.18,0.0,-5.26,0.0,-14.29,0.08
1993-02-01,1993,2,"Sugar, world",Other Food,($/kg),0.19,5.56,0.0,11.76,0.0,0.73
1993-03-01,1993,3,"Sugar, world",Other Food,($/kg),0.23,21.05,27.78,27.78,21.05,2.75
1993-04-01,1993,4,"Sugar, world",Other Food,($/kg),0.25,8.7,38.89,19.05,31.58,0.68
1993-05-01,1993,5,"Sugar, world",Other Food,($/kg),0.26,4.0,36.84,23.81,30.0,0.27
1993-06-01,1993,6,"Sugar, world",Other Food,($/kg),0.23,-11.54,0.0,0.0,0.0,-1.64
1993-07-01,1993,7,"Sugar, world",Other Food,($/kg),0.21,-8.7,-16.0,-8.7,-32.26,-1.02
1993-08-01,1993,8,"Sugar, world",Other Food,($/kg),0.21,0.0,-19.23,-4.55,-16.0,0.04
1993-09-01,1993,9,"Sugar, world",Other Food,($/kg),0.21,0.0,-8.7,0.0,-4.55,0.0
1993-10-01,1993,10,"Sugar, world",Other Food,($/kg),0.23,9.52,9.52,21.05,0.0,1.02
1993-11-01,1993,11,"Sugar, world",Other Food,($/kg),0.22,-4.35,4.76,15.79,-8.33,-0.72
1993-12-01,1993,12,"Sugar, world",Other Food,($/kg),0.23,4.55,9.52,27.78,-8.0,0.33
1994-01-01,1994,1,"Sugar, world",Other Food,($/kg),0.23,0.0,0.0,27.78,9.52,-0.28
1994-02-01,1994,2,"Sugar, world",Other Food,($/kg),0.24,4.35,9.09,26.32,4.35,0.22
1994-03-01,1994,3,"Sugar, world",Other Food,($/kg),0.26,8.33,13.04,13.04,4.0,0.7
1994-04-01,1994,4,"Sugar, world",Other Food,($/kg),0.24,-7.69,4.35,-4.0,-11.11,-1.32
1994-05-01,1994,5,"Sugar, world",Other Food,($/kg),0.26,8.33,8.33,0.0,0.0,1.25
1994-06-01,1994,6,"Sugar, world",Other Food,($/kg),0.27,3.85,3.85,17.39,-3.57,0.51
1994-07-01,1994,7,"Sugar, world",Other Food,($/kg),0.26,-3.7,8.33,23.81,-16.13,-0.85
1994-08-01,1994,8,"Sugar, world",Other Food,($/kg),0.27,3.85,3.85,28.57,-12.9,0.35
1994-09-01,1994,9,"Sugar, world",Other Food,($/kg),0.28,3.7,3.7,33.33,-9.68,0.27
1994-10-01,1994,10,"Sugar, world",Other Food,($/kg),0.28,0.0,7.69,21.74,-12.5,-0.47
1994-11-01,1994,11,"Sugar, world",Other Food,($/kg),0.31,10.71,14.81,40.91,-6.06,1.79
1994-12-01,1994,12,"Sugar, world",Other Food,($/kg),0.32,3.23,14.29,39.13,6.67,0.04
1995-01-01,1995,1,"Sugar, world",Other Food,($/kg),0.33,3.12,17.86,43.48,6.45,0.04
1995-02-01,1995,2,"Sugar, world",Other Food,($/kg),0.32,-3.03,3.23,33.33,0.0,-1.21
1995-03-01,1995,3,"Sugar, world",Other Food,($/kg),0.32,0.0,0.0,23.08,-5.88,-0.47
1995-04-01,1995,4,"Sugar, world",Other Food,($/kg),0.3,-6.25,-9.09,25.0,-11.76,-1.59
1995-05-01,1995,5,"Sugar, world",Other Food,($/kg),0.3,0.0,-6.25,15.38,-6.25,-0.41
1995-06-01,1995,6,"Sugar, world",Other Food,($/kg),0.31,3.33,-3.12,14.81,6.9,0.46
1995-07-01,1995,7,"Sugar, world",Other Food,($/kg),0.3,-3.23,0.0,15.38,15.38,-1.0
1995-08-01,1995,8,"Sugar, world",Other Food,($/kg),0.29,-3.33,-3.33,7.41,20.83,-1.05
1995-09-01,1995,9,"Sugar, world",Other Food,($/kg),0.26,-10.34,-16.13,-7.14,8.33,-2.45
1995-10-01,1995,10,"Sugar, world",Other Food,($/kg),0.26,0.0,-13.33,-7.14,18.18,0.09
1995-11-01,1995,11,"Sugar, world",Other Food,($/kg),0.26,0.0,-10.34,-16.13,18.18,0.09
1995-12-01,1995,12,"Sugar, world",Other Food,($/kg),0.27,3.85,3.85,-15.62,28.57,1.27
1996-01-01,1996,1,"Sugar, world",Other Food,($/kg),0.28,3.7,7.69,-15.15,47.37,1.21
1996-02-01,1996,2,"Sugar, world",Other Food,($/kg),0.28,0.0,7.69,-12.5,47.37,0.3
1996-03-01,1996,3,"Sugar, world",Other Food,($/kg),0.28,0.0,3.7,-12.5,40.0,0.24
1996-04-01,1996,4,"Sugar, world",Other Food,($/kg),0.26,-7.14,-7.14,-13.33,36.84,-1.45
1996-05-01,1996,5,"Sugar, world",Other Food,($/kg),0.25,-3.85,-10.71,-16.67,47.06,-0.64
1996-06-01,1996,6,"Sugar, world",Other Food,($/kg),0.27,8.0,-3.57,-12.9,35.0,2.16
1996-07-01,1996,7,"Sugar, world",Other Food,($/kg),0.28,3.7,7.69,-6.67,21.74,0.95
1996-08-01,1996,8,"Sugar, world",Other Food,($/kg),0.27,-3.57,8.0,-6.9,28.57,-0.61
1996-09-01,1996,9,"Sugar, world",Other Food,($/kg),0.26,-3.7,-3.7,0.0,30.0,-0.63
1996-10-01,1996,10,"Sugar, world",Other Food,($/kg),0.25,-3.85,-10.71,-3.85,25.0,-0.92
1996-11-01,1996,11,"Sugar, world",Other Food,($/kg),0.24,-4.0,-11.11,-7.69,26.32,-0.86
1996-12-01,1996,12,"Sugar, world",Other Food,($/kg),0.24,0.0,-7.69,-11.11,20.0,0.13
1997-01-01,1997,1,"Sugar, world",Other Food,($/kg),0.24,0.0,-4.0,-14.29,33.33,0.21
1997-02-01,1997,2,"Sugar, world",Other Food,($/kg),0.24,0.0,0.0,-14.29,41.18,0.29
1997-03-01,1997,3,"Sugar, world",Other Food,($/kg),0.24,0.0,0.0,-14.29,33.33,0.29
1997-04-01,1997,4,"Sugar, world",Other Food,($/kg),0.25,4.17,4.17,-3.85,19.05,1.31
1997-05-01,1997,5,"Sugar, world",Other Food,($/kg),0.24,-4.0,0.0,-4.0,14.29,-0.96
1997-06-01,1997,6,"Sugar, world",Other Food,($/kg),0.25,4.17,4.17,-7.41,8.7,1.14
1997-07-01,1997,7,"Sugar, world",Other Food,($/kg),0.25,0.0,0.0,-10.71,8.7,0.18
1997-08-01,1997,8,"Sugar, world",Other Food,($/kg),0.26,4.0,8.33,-3.7,18.18,1.64
1997-09-01,1997,9,"Sugar, world",Other Food,($/kg),0.25,-3.85,0.0,-3.85,19.05,-1.13
1997-10-01,1997,10,"Sugar, world",Other Food,($/kg),0.25,0.0,0.0,0.0,31.58,0.09
1997-11-01,1997,11,"Sugar, world",Other Food,($/kg),0.26,4.0,0.0,8.33,36.84,1.33
1997-12-01,1997,12,"Sugar, world",Other Food,($/kg),0.27,3.85,8.0,12.5,50.0,1.09
1998-01-01,1998,1,"Sugar, world",Other Food,($/kg),0.25,-7.41,0.0,4.17,38.89,-2.8
1998-02-01,1998,2,"Sugar, world",Other Food,($/kg),0.24,-4.0,-7.69,0.0,26.32,-1.14
1998-03-01,1998,3,"Sugar, world",Other Food,($/kg),0.22,-8.33,-18.52,-8.33,-4.35,-2.06
1998-04-01,1998,4,"Sugar, world",Other Food,($/kg),0.21,-4.55,-16.0,-16.0,-16.0,-0.83
1998-05-01,1998,5,"Sugar, world",Other Food,($/kg),0.2,-4.76,-16.67,-16.67,-23.08,-0.74
1998-06-01,1998,6,"Sugar, world",Other Food,($/kg),0.18,-10.0,-18.18,-28.0,-21.74,-1.84
1998-07-01,1998,7,"Sugar, world",Other Food,($/kg),0.19,5.56,-9.52,-24.0,-9.52,1.66
1998-08-01,1998,8,"Sugar, world",Other Food,($/kg),0.19,0.0,-5.0,-26.92,-9.52,0.39
1998-09-01,1998,9,"Sugar, world",Other Food,($/kg),0.16,-15.79,-11.11,-36.0,-23.81,-2.61
1998-10-01,1998,10,"Sugar, world",Other Food,($/kg),0.16,0.0,-15.79,-36.0,-30.43,0.54
1998-11-01,1998,11,"Sugar, world",Other Food,($/kg),0.18,12.5,-5.26,-30.77,-18.18,2.49
1998-12-01,1998,12,"Sugar, world",Other Food,($/kg),0.18,0.0,12.5,-33.33,-21.74,0.36
1999-01-01,1999,1,"Sugar, world",Other Food,($/kg),0.18,0.0,12.5,-28.0,-21.74,0.41
1999-02-01,1999,2,"Sugar, world",Other Food,($/kg),0.15,-16.67,-16.67,-37.5,-37.5,-1.94
1999-03-01,1999,3,"Sugar, world",Other Food,($/kg),0.13,-13.33,-27.78,-40.91,-50.0,-1.17
1999-04-01,1999,4,"Sugar, world",Other Food,($/kg),0.12,-7.69,-33.33,-42.86,-50.0,-0.43
1999-05-01,1999,5,"Sugar, world",Other Food,($/kg),0.13,8.33,-13.33,-35.0,-50.0,1.41
1999-06-01,1999,6,"Sugar, world",Other Food,($/kg),0.13,0.0,0.0,-27.78,-51.85,0.32
1999-07-01,1999,7,"Sugar, world",Other Food,($/kg),0.12,-7.69,0.0,-36.84,-53.85,-0.58
1999-08-01,1999,8,"Sugar, world",Other Food,($/kg),0.13,8.33,0.0,-31.58,-51.85,1.28
1999-09-01,1999,9,"Sugar, world",Other Food,($/kg),0.15,15.38,15.38,-6.25,-46.43,1.86
1999-10-01,1999,10,"Sugar, world",Other Food,($/kg),0.15,0.0,25.0,-6.25,-46.43,0.01
1999-11-01,1999,11,"Sugar, world",Other Food,($/kg),0.14,-6.67,7.69,-22.22,-54.84,-0.66
1999-12-01,1999,12,"Sugar, world",Other Food,($/kg),0.13,-7.14,-13.33,-27.78,-59.38,-0.59
2000-01-01,2000,1,"Sugar, world",Other Food,($/kg),0.12,-7.69,-20.0,-33.33,-63.64,-0.57
2000-02-01,2000,2,"Sugar, world",Other Food,($/kg),0.12,0.0,-14.29,-20.0,-62.5,0.3
2000-03-01,2000,3,"Sugar, world",Other Food,($/kg),0.11,-8.33,-15.38,-15.38,-65.62,-0.8
2000-04-01,2000,4,"Sugar, world",Other Food,($/kg),0.13,18.18,8.33,8.33,-56.67,2.41
2000-05-01,2000,5,"Sugar, world",Other Food,($/kg),0.15,15.38,25.0,15.38,-50.0,1.52
2000-06-01,2000,6,"Sugar, world",Other Food,($/kg),0.18,20.0,63.64,38.46,-41.94,1.82
2000-07-01,2000,7,"Sugar, world",Other Food,($/kg),0.21,16.67,61.54,75.0,-30.0,1.17
2000-08-01,2000,8,"Sugar, world",Other Food,($/kg),0.23,9.52,53.33,76.92,-20.69,0.37
2000-09-01,2000,9,"Sugar, world",Other Food,($/kg),0.22,-4.35,22.22,46.67,-15.38,-0.86
2000-10-01,2000,10,"Sugar, world",Other Food,($/kg),0.24,9.09,14.29,60.0,-7.69,0.47
2000-11-01,2000,11,"Sugar, world",Other Food,($/kg),0.22,-8.33,-4.35,57.14,-15.38,-1.14
2000-12-01,2000,12,"Sugar, world",Other Food,($/kg),0.22,0.0,0.0,69.23,-18.52,-0.38
2001-01-01,2001,1,"Sugar, world",Other Food,($/kg),0.23,4.55,-4.17,91.67,-17.86,-0.04
2001-02-01,2001,2,"Sugar, world",Other Food,($/kg),0.22,-4.35,0.0,83.33,-21.43,-1.01
2001-03-01,2001,3,"Sugar, world",Other Food,($/kg),0.2,-9.09,-9.09,81.82,-28.57,-1.4
2001-04-01,2001,4,"Sugar, world",Other Food,($/kg),0.19,-5.0,-17.39,46.15,-26.92,-0.99
2001-05-01,2001,5,"Sugar, world",Other Food,($/kg),0.21,10.53,-4.55,40.0,-16.0,0.67
2001-06-01,2001,6,"Sugar, world",Other Food,($/kg),0.2,-4.76,0.0,11.11,-25.93,-0.81
2001-07-01,2001,7,"Sugar, world",Other Food,($/kg),0.19,-5.0,0.0,-9.52,-32.14,-0.73
2001-08-01,2001,8,"Sugar, world",Other Food,($/kg),0.18,-5.26,-14.29,-21.74,-33.33,-0.65
2001-09-01,2001,9,"Sugar, world",Other Food,($/kg),0.17,-5.56,-15.0,-22.73,-34.62,-0.57
2001-10-01,2001,10,"Sugar, world",Other Food,($/kg),0.15,-11.76,-21.05,-37.5,-40.0,-1.5
2001-11-01,2001,11,"Sugar, world",Other Food,($/kg),0.17,13.33,-5.56,-22.73,-29.17,2.78
2001-12-01,2001,12,"Sugar, world",Other Food,($/kg),0.17,0.0,0.0,-22.73,-29.17,0.24
2002-01-01,2002,1,"Sugar, world",Other Food,($/kg),0.17,0.0,13.33,-26.09,-29.17,0.24
2002-02-01,2002,2,"Sugar, world",Other Food,($/kg),0.14,-17.65,-17.65,-36.36,-41.67,-2.09
2002-03-01,2002,3,"Sugar, world",Other Food,($/kg),0.15,7.14,-11.76,-25.0,-37.5,1.22
2002-04-01,2002,4,"Sugar, world",Other Food,($/kg),0.15,0.0,-11.76,-21.05,-40.0,0.22
2002-05-01,2002,5,"Sugar, world",Other Food,($/kg),0.13,-13.33,-7.14,-38.1,-45.83,-1.32
2002-06-01,2002,6,"Sugar, world",Other Food,($/kg),0.13,0.0,-13.33,-35.0,-48.0,0.42
2002-07-01,2002,7,"Sugar, world",Other Food,($/kg),0.14,7.69,-6.67,-26.32,-44.0,1.26
2002-08-01,2002,8,"Sugar, world",Other Food,($/kg),0.14,0.0,7.69,-22.22,-46.15,0.23
2002-09-01,2002,9,"Sugar, world",Other Food,($/kg),0.15,7.14,15.38,-11.76,-40.0,0.97
2002-10-01,2002,10,"Sugar, world",Other Food,($/kg),0.17,13.33,21.43,13.33,-32.0,1.49
2002-11-01,2002,11,"Sugar, world",Other Food,($/kg),0.17,0.0,21.43,0.0,-34.62,-0.16
2002-12-01,2002,12,"Sugar, world",Other Food,($/kg),0.18,5.88,20.0,5.88,-33.33,0.64
2003-01-01,2003,1,"Sugar, world",Other Food,($/kg),0.18,0.0,5.88,5.88,-28.0,-0.1
2003-02-01,2003,2,"Sugar, world",Other Food,($/kg),0.2,11.11,17.65,42.86,-16.67,1.16
2003-03-01,2003,3,"Sugar, world",Other Food,($/kg),0.18,-10.0,0.0,20.0,-18.18,-1.88
2003-04-01,2003,4,"Sugar, world",Other Food,($/kg),0.17,-5.56,-5.56,13.33,-19.05,-0.94
2003-05-01,2003,5,"Sugar, world",Other Food,($/kg),0.16,-5.88,-20.0,23.08,-20.0,-0.89
2003-06-01,2003,6,"Sugar, world",Other Food,($/kg),0.15,-6.25,-16.67,15.38,-16.67,-1.15
2003-07-01,2003,7,"Sugar, world",Other Food,($/kg),0.15,0.0,-11.76,7.14,-21.05,-0.19
2003-08-01,2003,8,"Sugar, world",Other Food,($/kg),0.15,0.0,-6.25,7.14,-21.05,-0.11
2003-09-01,2003,9,"Sugar, world",Other Food,($/kg),0.13,-13.33,-13.33,-13.33,-18.75,-1.94
2003-10-01,2003,10,"Sugar, world",Other Food,($/kg),0.13,0.0,-13.33,-23.53,-18.75,0.11
2003-11-01,2003,11,"Sugar, world",Other Food,($/kg),0.13,0.0,-13.33,-23.53,-27.78,0.3
2003-12-01,2003,12,"Sugar, world",Other Food,($/kg),0.14,7.69,7.69,-22.22,-22.22,1.45
2004-01-01,2004,1,"Sugar, world",Other Food,($/kg),0.13,-7.14,0.0,-27.78,-27.78,-0.77
2004-02-01,2004,2,"Sugar, world",Other Food,($/kg),0.13,0.0,0.0,-35.0,-13.33,0.35
2004-03-01,2004,3,"Sugar, world",Other Food,($/kg),0.14,7.69,0.0,-22.22,7.69,1.95
2004-04-01,2004,4,"Sugar, world",Other Food,($/kg),0.15,7.14,15.38,-11.76,25.0,1.48
2004-05-01,2004,5,"Sugar, world",Other Food,($/kg),0.14,-6.67,7.69,-12.5,7.69,-0.9
2004-06-01,2004,6,"Sugar, world",Other Food,($/kg),0.15,7.14,7.14,0.0,15.38,1.23
2004-07-01,2004,7,"Sugar, world",Other Food,($/kg),0.17,13.33,13.33,13.33,41.67,1.96
2004-08-01,2004,8,"Sugar, world",Other Food,($/kg),0.17,0.0,21.43,13.33,30.77,-0.17
2004-09-01,2004,9,"Sugar, world",Other Food,($/kg),0.17,0.0,13.33,30.77,13.33,-0.17
2004-10-01,2004,10,"Sugar, world",Other Food,($/kg),0.19,11.76,11.76,46.15,26.67,1.51
2004-11-01,2004,11,"Sugar, world",Other Food,($/kg),0.18,-5.26,5.88,38.46,28.57,-1.3
2004-12-01,2004,12,"Sugar, world",Other Food,($/kg),0.18,0.0,5.88,28.57,38.46,-0.42
2005-01-01,2005,1,"Sugar, world",Other Food,($/kg),0.19,5.56,0.0,46.15,58.33,0.46
2005-02-01,2005,2,"Sugar, world",Other Food,($/kg),0.2,5.26,11.11,53.85,66.67,0.3
2005-03-01,2005,3,"Sugar, world",Other Food,($/kg),0.2,0.0,11.11,42.86,81.82,-0.61
2005-04-01,2005,4,"Sugar, world",Other Food,($/kg),0.19,-5.0,0.0,26.67,46.15,-1.31
2005-05-01,2005,5,"Sugar, world",Other Food,($/kg),0.19,0.0,-5.0,35.71,26.67,-0.33
2005-06-01,2005,6,"Sugar, world",Other Food,($/kg),0.2,5.26,0.0,33.33,11.11,0.43
2005-07-01,2005,7,"Sugar, world",Other Food,($/kg),0.21,5.0,10.53,23.53,0.0,0.41
2005-08-01,2005,8,"Sugar, world",Other Food,($/kg),0.22,4.76,15.79,29.41,-4.35,0.59
2005-09-01,2005,9,"Sugar, world",Other Food,($/kg),0.23,4.55,15.0,35.29,4.55,0.46
2005-10-01,2005,10,"Sugar, world",Other Food,($/kg),0.25,8.7,19.05,31.58,4.17,1.24
2005-11-01,2005,11,"Sugar, world",Other Food,($/kg),0.25,0.0,13.64,38.89,13.64,-0.54
2005-12-01,2005,12,"Sugar, world",Other Food,($/kg),0.29,16.0,26.09,61.11,31.82,3.47
2006-01-01,2006,1,"Sugar, world",Other Food,($/kg),0.35,20.69,40.0,84.21,52.17,3.15
2006-02-01,2006,2,"Sugar, world",Other Food,($/kg),0.4,14.29,60.0,100.0,81.82,1.25
2006-03-01,2006,3,"Sugar, world",Other Food,($/kg),0.38,-5.0,31.03,90.0,90.0,-1.48
2006-04-01,2006,4,"Sugar, world",Other Food,($/kg),0.39,2.63,11.43,105.26,105.26,-0.39
2006-05-01,2006,5,"Sugar, world",Other Food,($/kg),0.37,-5.13,-7.5,94.74,76.19,-1.56
2006-06-01,2006,6,"Sugar, world",Other Food,($/kg),0.34,-8.11,-10.53,70.0,70.0,-1.78
2006-07-01,2006,7,"Sugar, world",Other Food,($/kg),0.35,2.94,-10.26,66.67,84.21,-0.22
2006-08-01,2006,8,"Sugar, world",Other Food,($/kg),0.3,-14.29,-18.92,36.36,66.67,-2.13
2006-09-01,2006,9,"Sugar, world",Other Food,($/kg),0.27,-10.0,-20.59,17.39,58.82,-1.25
2006-10-01,2006,10,"Sugar, world",Other Food,($/kg),0.26,-3.7,-25.71,4.0,73.33,-0.5
2006-11-01,2006,11,"Sugar, world",Other Food,($/kg),0.26,0.0,-13.33,4.0,52.94,-0.08
2006-12-01,2006,12,"Sugar, world",Other Food,($/kg),0.26,0.0,-3.7,-10.34,52.94,-0.08
2007-01-01,2007,1,"Sugar, world",Other Food,($/kg),0.24,-7.69,-7.69,-31.43,41.18,-0.73
2007-02-01,2007,2,"Sugar, world",Other Food,($/kg),0.23,-4.17,-11.54,-42.5,64.29,-0.18
2007-03-01,2007,3,"Sugar, world",Other Food,($/kg),0.23,0.0,-11.54,-39.47,53.33,0.84
2007-04-01,2007,4,"Sugar, world",Other Food,($/kg),0.21,-8.7,-12.5,-46.15,40.0,-0.89
2007-05-01,2007,5,"Sugar, world",Other Food,($/kg),0.21,0.0,-8.7,-43.24,61.54,0.97
2007-06-01,2007,6,"Sugar, world",Other Food,($/kg),0.2,-4.76,-13.04,-41.18,53.85,-0.05
2007-07-01,2007,7,"Sugar, world",Other Food,($/kg),0.22,10.0,4.76,-37.14,57.14,2.77
2007-08-01,2007,8,"Sugar, world",Other Food,($/kg),0.22,0.0,4.76,-26.67,57.14,0.57
2007-09-01,2007,9,"Sugar, world",Other Food,($/kg),0.22,0.0,10.0,-18.52,46.67,0.45
2007-10-01,2007,10,"Sugar, world",Other Food,($/kg),0.22,0.0,0.0,-15.38,29.41,0.33
2007-11-01,2007,11,"Sugar, world",Other Food,($/kg),0.22,0.0,0.0,-15.38,29.41,0.26
2007-12-01,2007,12,"Sugar, world",Other Food,($/kg),0.24,9.09,9.09,-7.69,33.33,2.15
2008-01-01,2008,1,"Sugar, world",Other Food,($/kg),0.26,8.33,18.18,8.33,44.44,1.56
2008-02-01,2008,2,"Sugar, world",Other Food,($/kg),0.3,15.38,36.36,30.43,50.0,2.55
2008-03-01,2008,3,"Sugar, world",Other Food,($/kg),0.29,-3.33,20.83,26.09,61.11,-0.84
2008-04-01,2008,4,"Sugar, world",Other Food,($/kg),0.28,-3.45,7.69,33.33,64.71,-0.8
2008-05-01,2008,5,"Sugar, world",Other Food,($/kg),0.27,-3.57,-10.0,28.57,68.75,-0.96
2008-06-01,2008,6,"Sugar, world",Other Food,($/kg),0.27,0.0,-6.9,35.0,80.0,-0.35
2008-07-01,2008,7,"Sugar, world",Other Food,($/kg),0.31,14.81,10.71,40.91,106.67,1.92
2008-08-01,2008,8,"Sugar, world",Other Food,($/kg),0.32,3.23,18.52,45.45,113.33,0.02
2008-09-01,2008,9,"Sugar, world",Other Food,($/kg),0.3,-6.25,11.11,36.36,130.77,-1.4
2008-10-01,2008,10,"Sugar, world",Other Food,($/kg),0.26,-13.33,-16.13,18.18,100.0,-2.2
2008-11-01,2008,11,"Sugar, world",Other Food,($/kg),0.27,3.85,-15.62,22.73,107.69,0.24
2008-12-01,2008,12,"Sugar, world",Other Food,($/kg),0.26,-3.7,-13.33,8.33,85.71,-0.66
2009-01-01,2009,1,"Sugar, world",Other Food,($/kg),0.28,7.69,7.69,7.69,115.38,0.78
2009-02-01,2009,2,"Sugar, world",Other Food,($/kg),0.29,3.57,7.41,-3.33,123.08,0.31
2009-03-01,2009,3,"Sugar, world",Other Food,($/kg),0.3,3.45,15.38,3.45,114.29,0.48
2009-04-01,2009,4,"Sugar, world",Other Food,($/kg),0.3,0.0,7.14,7.14,100.0,-0.07
2009-05-01,2009,5,"Sugar, world",Other Food,($/kg),0.35,16.67,20.69,29.63,150.0,2.21
2009-06-01,2009,6,"Sugar, world",Other Food,($/kg),0.36,2.86,20.0,33.33,140.0,0.04
2009-07-01,2009,7,"Sugar, world",Other Food,($/kg),0.41,13.89,36.67,32.26,141.18,1.35
2009-08-01,2009,8,"Sugar, world",Other Food,($/kg),0.49,19.51,40.0,53.12,188.24,2.06
2009-09-01,2009,9,"Sugar, world",Other Food,($/kg),0.51,4.08,41.67,70.0,200.0,0.01
2009-10-01,2009,10,"Sugar, world",Other Food,($/kg),0.5,-1.96,21.95,92.31,163.16,-0.76
2009-11-01,2009,11,"Sugar, world",Other Food,($/kg),0.49,-2.0,0.0,81.48,172.22,-1.07
2009-12-01,2009,12,"Sugar, world",Other Food,($/kg),0.52,6.12,1.96,100.0,188.89,0.1
2010-01-01,2010,1,"Sugar, world",Other Food,($/kg),0.58,11.54,16.0,107.14,205.26,0.76
2010-02-01,2010,2,"Sugar, world",Other Food,($/kg),0.56,-3.45,14.29,93.1,180.0,-1.37
2010-03-01,2010,3,"Sugar, world",Other Food,($/kg),0.41,-26.79,-21.15,36.67,105.0,-4.21
2010-04-01,2010,4,"Sugar, world",Other Food,($/kg),0.36,-12.2,-37.93,20.0,89.47,-1.27
2010-05-01,2010,5,"Sugar, world",Other Food,($/kg),0.34,-5.56,-39.29,-2.86,78.95,-0.61
2010-06-01,2010,6,"Sugar, world",Other Food,($/kg),0.35,2.94,-14.63,-2.78,75.0,0.2
2010-07-01,2010,7,"Sugar, world",Other Food,($/kg),0.38,8.57,5.56,-7.32,80.95,0.65
2010-08-01,2010,8,"Sugar, world",Other Food,($/kg),0.41,7.89,20.59,-16.33,86.36,0.66
2010-09-01,2010,9,"Sugar, world",Other Food,($/kg),0.5,21.95,42.86,-1.96,117.39,2.15
2010-10-01,2010,10,"Sugar, world",Other Food,($/kg),0.54,8.0,42.11,8.0,116.0,0.59
2010-11-01,2010,11,"Sugar, world",Other Food,($/kg),0.58,7.41,41.46,18.37,132.0,0.47
2010-12-01,2010,12,"Sugar, world",Other Food,($/kg),0.62,6.9,24.0,19.23,113.79,0.37
2011-01-01,2011,1,"Sugar, world",Other Food,($/kg),0.65,4.84,20.37,12.07,85.71,0.2
2011-02-01,2011,2,"Sugar, world",Other Food,($/kg),0.65,0.0,12.07,16.07,62.5,-0.14
2011-03-01,2011,3,"Sugar, world",Other Food,($/kg),0.58,-10.77,-6.45,41.46,52.63,-1.04
2011-04-01,2011,4,"Sugar, world",Other Food,($/kg),0.54,-6.9,-16.92,50.0,38.46,-1.08
2011-05-01,2011,5,"Sugar, world",Other Food,($/kg),0.48,-11.11,-26.15,41.18,29.73,-1.7
2011-06-01,2011,6,"Sugar, world",Other Food,($/kg),0.56,16.67,-3.45,60.0,64.71,1.42
2011-07-01,2011,7,"Sugar, world",Other Food,($/kg),0.62,10.71,14.81,63.16,77.14,0.62
2011-08-01,2011,8,"Sugar, world",Other Food,($/kg),0.61,-1.61,27.08,48.78,103.33,-0.61
2011-09-01,2011,9,"Sugar, world",Other Food,($/kg),0.59,-3.28,5.36,18.0,118.52,-0.69
2011-10-01,2011,10,"Sugar, world",Other Food,($/kg),0.56,-5.08,-9.68,3.7,115.38,-0.78
2011-11-01,2011,11,"Sugar, world",Other Food,($/kg),0.53,-5.36,-13.11,-8.62,103.85,-0.69
2011-12-01,2011,12,"Sugar, world",Other Food,($/kg),0.51,-3.77,-13.56,-17.74,96.15,-0.39
2012-01-01,2012,1,"Sugar, world",Other Food,($/kg),0.52,1.96,-7.14,-20.0,116.67,0.39
2012-02-01,2012,2,"Sugar, world",Other Food,($/kg),0.53,1.92,0.0,-18.46,130.43,0.42
2012-03-01,2012,3,"Sugar, world",Other Food,($/kg),0.53,0.0,3.92,-8.62,130.43,0.17
2012-04-01,2012,4,"Sugar, world",Other Food,($/kg),0.5,-5.66,-3.85,-7.41,138.1,-0.67
2012-05-01,2012,5,"Sugar, world",Other Food,($/kg),0.46,-8.0,-13.21,-4.17,119.05,-1.0
2012-06-01,2012,6,"Sugar, world",Other Food,($/kg),0.45,-2.17,-15.09,-19.64,125.0,-0.28
2012-07-01,2012,7,"Sugar, world",Other Food,($/kg),0.5,11.11,0.0,-19.35,127.27,2.58
2012-08-01,2012,8,"Sugar, world",Other Food,($/kg),0.46,-8.0,0.0,-24.59,109.09,-1.25
2012-09-01,2012,9,"Sugar, world",Other Food,($/kg),0.44,-4.35,-2.22,-25.42,100.0,-0.4
2012-10-01,2012,10,"Sugar, world",Other Food,($/kg),0.45,2.27,-10.0,-19.64,104.55,0.84
2012-11-01,2012,11,"Sugar, world",Other Food,($/kg),0.43,-4.44,-6.52,-18.87,95.45,-0.51
2012-12-01,2012,12,"Sugar, world",Other Food,($/kg),0.43,0.0,-2.27,-15.69,79.17,0.29
2013-01-01,2013,1,"Sugar, world",Other Food,($/kg),0.42,-2.33,-6.67,-19.23,61.54,-0.19
2013-02-01,2013,2,"Sugar, world",Other Food,($/kg),0.4,-4.76,-6.98,-24.53,33.33,-0.59
2013-03-01,2013,3,"Sugar, world",Other Food,($/kg),0.41,2.5,-4.65,-22.64,41.38,0.9
2013-04-01,2013,4,"Sugar, world",Other Food,($/kg),0.39,-4.88,-7.14,-22.0,39.29,-0.54
2013-05-01,2013,5,"Sugar, world",Other Food,($/kg),0.39,0.0,-2.5,-15.22,44.44,0.36
2013-06-01,2013,6,"Sugar, world",Other Food,($/kg),0.38,-2.56,-7.32,-15.56,40.74,-0.26
2013-07-01,2013,7,"Sugar, world",Other Food,($/kg),0.37,-2.63,-5.13,-26.0,19.35,-0.27
2013-08-01,2013,8,"Sugar, world",Other Food,($/kg),0.38,2.7,-2.56,-17.39,18.75,1.63
2013-09-01,2013,9,"Sugar, world",Other Food,($/kg),0.38,0.0,0.0,-13.64,26.67,0.53
2013-10-01,2013,10,"Sugar, world",Other Food,($/kg),0.41,7.89,10.81,-8.89,57.69,3.22
2013-11-01,2013,11,"Sugar, world",Other Food,($/kg),0.39,-4.88,2.63,-9.3,44.44,-1.11
2013-12-01,2013,12,"Sugar, world",Other Food,($/kg),0.36,-7.69,-5.26,-16.28,38.46,-1.83
2014-01-01,2014,1,"Sugar, world",Other Food,($/kg),0.34,-5.56,-17.07,-19.05,21.43,-0.97
2014-02-01,2014,2,"Sugar, world",Other Food,($/kg),0.37,8.82,-5.13,-7.5,27.59,2.36
2014-03-01,2014,3,"Sugar, world",Other Food,($/kg),0.39,5.41,8.33,-4.88,30.0,1.13
2014-04-01,2014,4,"Sugar, world",Other Food,($/kg),0.39,0.0,14.71,0.0,30.0,0.05
2014-05-01,2014,5,"Sugar, world",Other Food,($/kg),0.4,2.56,8.11,2.56,14.29,0.46
2014-06-01,2014,6,"Sugar, world",Other Food,($/kg),0.4,0.0,2.56,5.26,11.11,-0.06
2014-07-01,2014,7,"Sugar, world",Other Food,($/kg),0.4,0.0,2.56,8.11,-2.44,-0.11
2014-08-01,2014,8,"Sugar, world",Other Food,($/kg),0.38,-5.0,-5.0,0.0,-22.45,-1.12
2014-09-01,2014,9,"Sugar, world",Other Food,($/kg),0.35,-7.89,-12.5,-7.89,-31.37,-1.5
2014-10-01,2014,10,"Sugar, world",Other Food,($/kg),0.37,5.71,-7.5,-9.76,-26.0,1.07
2014-11-01,2014,11,"Sugar, world",Other Food,($/kg),0.36,-2.7,-5.26,-7.69,-26.53,-0.36
2014-12-01,2014,12,"Sugar, world",Other Food,($/kg),0.34,-5.56,-2.86,-5.56,-34.62,-0.92
2015-01-01,2015,1,"Sugar, world",Other Food,($/kg),0.34,0.0,-8.11,0.0,-41.38,0.07
2015-02-01,2015,2,"Sugar, world",Other Food,($/kg),0.32,-5.88,-11.11,-13.51,-42.86,-1.21
2015-03-01,2015,3,"Sugar, world",Other Food,($/kg),0.29,-9.38,-14.71,-25.64,-29.27,-1.87
2015-04-01,2015,4,"Sugar, world",Other Food,($/kg),0.29,0.0,-14.71,-25.64,-19.44,0.52
2015-05-01,2015,5,"Sugar, world",Other Food,($/kg),0.29,0.0,-9.38,-27.5,-14.71,0.52
2015-06-01,2015,6,"Sugar, world",Other Food,($/kg),0.27,-6.9,-6.9,-32.5,-22.86,-1.01
2015-07-01,2015,7,"Sugar, world",Other Food,($/kg),0.28,3.7,-3.45,-30.0,-26.32,1.56
2015-08-01,2015,8,"Sugar, world",Other Food,($/kg),0.25,-10.71,-13.79,-34.21,-39.02,-1.67
2015-09-01,2015,9,"Sugar, world",Other Food,($/kg),0.26,4.0,-3.7,-25.71,-48.0,1.4
2015-10-01,2015,10,"Sugar, world",Other Food,($/kg),0.31,19.23,10.71,-16.22,-42.59,3.98
2015-11-01,2015,11,"Sugar, world",Other Food,($/kg),0.32,3.23,28.0,-11.11,-44.83,0.55
2015-12-01,2015,12,"Sugar, world",Other Food,($/kg),0.32,0.0,23.08,-5.88,-48.39,0.09
2016-01-01,2016,1,"Sugar, world",Other Food,($/kg),0.31,-3.12,0.0,-8.82,-52.31,-0.36
2016-02-01,2016,2,"Sugar, world",Other Food,($/kg),0.29,-6.45,-9.38,-9.38,-55.38,-0.75
2016-03-01,2016,3,"Sugar, world",Other Food,($/kg),0.34,17.24,6.25,17.24,-41.38,2.22
2016-04-01,2016,4,"Sugar, world",Other Food,($/kg),0.34,0.0,9.68,17.24,-37.04,-0.19
2016-05-01,2016,5,"Sugar, world",Other Food,($/kg),0.38,11.76,31.03,31.03,-20.83,1.12
2016-06-01,2016,6,"Sugar, world",Other Food,($/kg),0.43,13.16,26.47,59.26,-23.21,1.12
2016-07-01,2016,7,"Sugar, world",Other Food,($/kg),0.43,0.0,26.47,53.57,-30.65,-0.46
2016-08-01,2016,8,"Sugar, world",Other Food,($/kg),0.44,2.33,15.79,76.0,-27.87,-0.18
2016-09-01,2016,9,"Sugar, world",Other Food,($/kg),0.47,6.82,9.3,80.77,-20.34,0.21
2016-10-01,2016,10,"Sugar, world",Other Food,($/kg),0.49,4.26,13.95,58.06,-12.5,-0.13
2016-11-01,2016,11,"Sugar, world",Other Food,($/kg),0.45,-8.16,2.27,40.62,-15.09,-1.75
2016-12-01,2016,12,"Sugar, world",Other Food,($/kg),0.41,-8.89,-12.77,28.12,-19.61,-1.53
2017-01-01,2017,1,"Sugar, world",Other Food,($/kg),0.45,9.76,-8.16,45.16,-13.46,0.86
2017-02-01,2017,2,"Sugar, world",Other Food,($/kg),0.45,0.0,0.0,55.17,-15.09,-0.4
2017-03-01,2017,3,"Sugar, world",Other Food,($/kg),0.4,-11.11,-2.44,17.65,-24.53,-1.86
2017-04-01,2017,4,"Sugar, world",Other Food,($/kg),0.36,-10.0,-20.0,5.88,-28.0,-1.45
2017-05-01,2017,5,"Sugar, world",Other Food,($/kg),0.35,-2.78,-22.22,-7.89,-23.91,-0.41
2017-06-01,2017,6,"Sugar, world",Other Food,($/kg),0.31,-11.43,-22.5,-27.91,-31.11,-1.37
2017-07-01,2017,7,"Sugar, world",Other Food,($/kg),0.32,3.23,-11.11,-25.58,-36.0,0.77
2017-08-01,2017,8,"Sugar, world",Other Food,($/kg),0.32,0.0,-8.57,-27.27,-30.43,0.29
2017-09-01,2017,9,"Sugar, world",Other Food,($/kg),0.32,0.0,3.23,-31.91,-27.27,0.32
2017-10-01,2017,10,"Sugar, world",Other Food,($/kg),0.32,0.0,0.0,-34.69,-28.89,0.42
2017-11-01,2017,11,"Sugar, world",Other Food,($/kg),0.33,3.12,3.12,-26.67,-23.26,0.97
2017-12-01,2017,12,"Sugar, world",Other Food,($/kg),0.32,-3.03,0.0,-21.95,-25.58,-0.1
2018-01-01,2018,1,"Sugar, world",Other Food,($/kg),0.31,-3.12,-3.12,-31.11,-26.19,-0.2
2018-02-01,2018,2,"Sugar, world",Other Food,($/kg),0.3,-3.23,-9.09,-33.33,-25.0,-0.06
2018-03-01,2018,3,"Sugar, world",Other Food,($/kg),0.28,-6.67,-12.5,-30.0,-31.71,-0.68
2018-04-01,2018,4,"Sugar, world",Other Food,($/kg),0.27,-3.57,-12.9,-25.0,-30.77,-0.16
2018-05-01,2018,5,"Sugar, world",Other Food,($/kg),0.27,0.0,-10.0,-22.86,-30.77,0.56
2018-06-01,2018,6,"Sugar, world",Other Food,($/kg),0.28,3.7,0.0,-9.68,-26.32,1.4
2018-07-01,2018,7,"Sugar, world",Other Food,($/kg),0.26,-7.14,-3.7,-18.75,-29.73,-1.98
2018-08-01,2018,8,"Sugar, world",Other Food,($/kg),0.24,-7.69,-11.11,-25.0,-36.84,-1.77
2018-09-01,2018,9,"Sugar, world",Other Food,($/kg),0.25,4.17,-10.71,-21.88,-34.21,1.71
2018-10-01,2018,10,"Sugar, world",Other Food,($/kg),0.29,16.0,11.54,-9.38,-29.27,4.3
2018-11-01,2018,11,"Sugar, world",Other Food,($/kg),0.28,-3.45,16.67,-15.15,-28.21,-0.42
2018-12-01,2018,12,"Sugar, world",Other Food,($/kg),0.28,0.0,12.0,-12.5,-22.22,0.18
2019-01-01,2019,1,"Sugar, world",Other Food,($/kg),0.28,0.0,-3.45,-9.68,-17.65,0.14
2019-02-01,2019,2,"Sugar, world",Other Food,($/kg),0.29,3.57,3.57,-3.33,-21.62,0.65
2019-03-01,2019,3,"Sugar, world",Other Food,($/kg),0.28,-3.45,0.0,0.0,-28.21,-0.51
2019-04-01,2019,4,"Sugar, world",Other Food,($/kg),0.28,0.0,0.0,3.7,-28.21,-0.03
2019-05-01,2019,5,"Sugar, world",Other Food,($/kg),0.27,-3.57,-6.9,0.0,-32.5,-0.65
2019-06-01,2019,6,"Sugar, world",Other Food,($/kg),0.28,3.7,0.0,0.0,-30.0,0.55
2019-07-01,2019,7,"Sugar, world",Other Food,($/kg),0.28,0.0,0.0,7.69,-30.0,-0.03
2019-08-01,2019,8,"Sugar, world",Other Food,($/kg),0.27,-3.57,0.0,12.5,-28.95,-0.73
2019-09-01,2019,9,"Sugar, world",Other Food,($/kg),0.26,-3.7,-7.14,4.0,-25.71,-0.87
2019-10-01,2019,10,"Sugar, world",Other Food,($/kg),0.28,7.69,0.0,-3.45,-24.32,1.3
2019-11-01,2019,11,"Sugar, world",Other Food,($/kg),0.28,0.0,3.7,0.0,-22.22,0.06
2019-12-01,2019,12,"Sugar, world",Other Food,($/kg),0.3,7.14,15.38,7.14,-11.76,2.01
2020-01-01,2020,1,"Sugar, world",Other Food,($/kg),0.31,3.33,10.71,10.71,-8.82,0.66
2020-02-01,2020,2,"Sugar, world",Other Food,($/kg),0.33,6.45,17.86,13.79,3.12,1.33
2020-03-01,2020,3,"Sugar, world",Other Food,($/kg),0.26,-21.21,-13.33,-7.14,-10.34,-5.11
2020-04-01,2020,4,"Sugar, world",Other Food,($/kg),0.23,-11.54,-25.81,-17.86,-20.69,-1.44
2020-05-01,2020,5,"Sugar, world",Other Food,($/kg),0.24,4.35,-27.27,-11.11,-17.24,0.67
2020-06-01,2020,6,"Sugar, world",Other Food,($/kg),0.27,12.5,3.85,-3.57,0.0,1.54
2020-07-01,2020,7,"Sugar, world",Other Food,($/kg),0.27,0.0,17.39,-3.57,-3.57,-0.01
2020-08-01,2020,8,"Sugar, world",Other Food,($/kg),0.29,7.41,20.83,7.41,16.0,0.79
2020-09-01,2020,9,"Sugar, world",Other Food,($/kg),0.28,-3.45,3.7,7.69,7.69,-0.48
2020-10-01,2020,10,"Sugar, world",Other Food,($/kg),0.3,7.14,11.11,7.14,-3.23,0.65
2020-11-01,2020,11,"Sugar, world",Other Food,($/kg),0.31,3.33,6.9,10.71,-3.12,0.25
2020-12-01,2020,12,"Sugar, world",Other Food,($/kg),0.31,0.0,10.71,3.33,-3.12,-0.14
2021-01-01,2021,1,"Sugar, world",Other Food,($/kg),0.34,9.68,13.33,9.68,9.68,0.97
2021-02-01,2021,2,"Sugar, world",Other Food,($/kg),0.36,5.88,16.13,9.09,24.14,0.49
2021-03-01,2021,3,"Sugar, world",Other Food,($/kg),0.34,-5.56,9.68,30.77,0.0,-0.71
2021-04-01,2021,4,"Sugar, world",Other Food,($/kg),0.36,5.88,5.88,56.52,5.88,0.49
2021-05-01,2021,5,"Sugar, world",Other Food,($/kg),0.38,5.56,5.56,58.33,0.0,0.3
2021-06-01,2021,6,"Sugar, world",Other Food,($/kg),0.38,0.0,11.76,40.74,-11.63,-0.75
2021-07-01,2021,7,"Sugar, world",Other Food,($/kg),0.39,2.63,8.33,44.44,-9.3,-0.08
2021-08-01,2021,8,"Sugar, world",Other Food,($/kg),0.43,10.26,13.16,48.28,-2.27,1.52
2021-09-01,2021,9,"Sugar, world",Other Food,($/kg),0.43,0.0,13.16,53.57,-8.51,-0.7
2021-10-01,2021,10,"Sugar, world",Other Food,($/kg),0.42,-2.33,7.69,40.0,-14.29,-1.32
2021-11-01,2021,11,"Sugar, world",Other Food,($/kg),0.43,2.38,0.0,38.71,-4.44,-0.12
2021-12-01,2021,12,"Sugar, world",Other Food,($/kg),0.42,-2.33,-2.33,35.48,2.44,-1.09
2022-01-01,2022,1,"Sugar, world",Other Food,($/kg),0.4,-4.76,-4.76,17.65,-11.11,-1.51
2022-02-01,2022,2,"Sugar, world",Other Food,($/kg),0.39,-2.5,-9.3,8.33,-13.33,-0.82
2022-03-01,2022,3,"Sugar, world",Other Food,($/kg),0.42,7.69,0.0,23.53,5.0,1.46
2022-04-01,2022,4,"Sugar, world",Other Food,($/kg),0.43,2.38,7.5,19.44,19.44,0.11
2022-05-01,2022,5,"Sugar, world",Other Food,($/kg),0.43,0.0,10.26,13.16,22.86,-0.35
2022-06-01,2022,6,"Sugar, world",Other Food,($/kg),0.42,-2.33,0.0,10.53,35.48,-0.79
2022-07-01,2022,7,"Sugar, world",Other Food,($/kg),0.4,-4.76,-6.98,2.56,25.0,-1.28
2022-08-01,2022,8,"Sugar, world",Other Food,($/kg),0.39,-2.5,-9.3,-9.3,21.88,-0.6
2022-09-01,2022,9,"Sugar, world",Other Food,($/kg),0.39,0.0,-7.14,-9.3,21.88,0.21
2022-10-01,2022,10,"Sugar, world",Other Food,($/kg),0.39,0.0,-2.5,-7.14,21.88,0.21
2022-11-01,2022,11,"Sugar, world",Other Food,($/kg),0.41,5.13,5.13,-4.65,24.24,1.62
2022-12-01,2022,12,"Sugar, world",Other Food,($/kg),0.42,2.44,7.69,0.0,31.25,0.73
2023-01-01,2023,1,"Sugar, world",Other Food,($/kg),0.42,0.0,7.69,5.0,35.48,-0.02
2023-02-01,2023,2,"Sugar, world",Other Food,($/kg),0.45,7.14,9.76,15.38,50.0,1.91
2023-03-01,2023,3,"Sugar, world",Other Food,($/kg),0.45,0.0,7.14,7.14,60.71,-0.33
2023-04-01,2023,4,"Sugar, world",Other Food,($/kg),0.53,17.78,26.19,23.26,96.3,5.22
2023-05-01,2023,5,"Sugar, world",Other Food,($/kg),0.56,5.66,24.44,30.23,107.41,0.63
2023-06-01,2023,6,"Sugar, world",Other Food,($/kg),0.54,-3.57,20.0,28.57,92.86,-0.99
2023-07-01,2023,7,"Sugar, world",Other Food,($/kg),0.52,-3.7,-1.89,30.0,100.0,-0.98
2023-08-01,2023,8,"Sugar, world",Other Food,($/kg),0.53,1.92,-5.36,35.9,120.83,-0.07
2023-09-01,2023,9,"Sugar, world",Other Food,($/kg),0.58,9.43,7.41,48.72,132.0,1.15
2023-10-01,2023,10,"Sugar, world",Other Food,($/kg),0.57,-1.72,9.62,46.15,96.55,-0.87
2023-11-01,2023,11,"Sugar, world",Other Food,($/kg),0.57,0.0,7.55,39.02,103.57,-0.55
2023-12-01,2023,12,"Sugar, world",Other Food,($/kg),0.48,-15.79,-17.24,14.29,71.43,-3.02
2024-01-01,2024,1,"Sugar, world",Other Food,($/kg),0.48,0.0,-15.79,14.29,71.43,-0.17
2024-02-01,2024,2,"Sugar, world",Other Food,($/kg),0.5,4.17,-12.28,11.11,72.41,0.33
2024-03-01,2024,3,"Sugar, world",Other Food,($/kg),0.48,-4.0,0.0,6.67,71.43,-0.64
2024-04-01,2024,4,"Sugar, world",Other Food,($/kg),0.45,-6.25,-6.25,-15.09,60.71,-0.86
2024-05-01,2024,5,"Sugar, world",Other Food,($/kg),0.42,-6.67,-16.0,-25.0,55.56,-0.85
2024-06-01,2024,6,"Sugar, world",Other Food,($/kg),0.43,2.38,-10.42,-20.37,53.57,0.73
2024-07-01,2024,7,"Sugar, world",Other Food,($/kg),0.43,0.0,-4.44,-17.31,53.57,0.26
2024-08-01,2024,8,"Sugar, world",Other Food,($/kg),0.41,-4.65,-2.38,-22.64,51.85,-0.51
2024-09-01,2024,9,"Sugar, world",Other Food,($/kg),0.45,9.76,4.65,-22.41,73.08,1.84
2024-10-01,2024,10,"Sugar, world",Other Food,($/kg),0.46,2.22,6.98,-19.3,64.29,0.65
2024-11-01,2024,11,"Sugar, world",Other Food,($/kg),0.45,-2.17,9.76,-21.05,60.71,-0.09
2024-12-01,2024,12,"Sugar, world",Other Food,($/kg),0.44,-2.22,-2.22,-8.33,46.67,-0.07
2025-01-01,2025,1,"Sugar, world",Other Food,($/kg),0.4,-9.09,-13.04,-16.67,29.03,-1.78
2025-02-01,2025,2,"Sugar, world",Other Food,($/kg),0.42,5.0,-6.67,-16.0,27.27,1.19
2025-03-01,2025,3,"Sugar, world",Other Food,($/kg),0.42,0.0,-4.55,-12.5,61.54,0.24
2025-04-01,2025,4,"Sugar, world",Other Food,($/kg),0.4,-4.76,0.0,-11.11,73.91,-0.71
2025-05-01,2025,5,"Sugar, world",Other Food,($/kg),0.39,-2.5,-7.14,-7.14,62.5,-0.31
2025-06-01,2025,6,"Sugar, world",Other Food,($/kg),0.37,-5.13,-11.9,-13.95,37.04,-0.93
2025-07-01,2025,7,"Sugar, world",Other Food,($/kg),0.37,0.0,-7.5,-13.95,37.04,0.22
2025-08-01,2025,8,"Sugar, world",Other Food,($/kg),0.37,0.0,-5.13,-9.76,27.59,0.22
2025-09-01,2025,9,"Sugar, world",Other Food,($/kg),0.35,-5.41,-5.41,-22.22,25.0,-0.95
2025-10-01,2025,10,"Sugar, world",Other Food,($/kg),0.34,-2.86,-8.11,-26.09,13.33,-0.22
2025-11-01,2025,11,"Sugar, world",Other Food,($/kg),0.32,-5.88,-13.51,-28.89,3.23,-0.97
2025-12-01,2025,12,"Sugar, world",Other Food,($/kg),0.32,0.0,-8.57,-27.27,3.23,0.74
2026-01-01,2026,1,"Sugar, world",Other Food,($/kg),0.32,0.0,-5.88,-20.0,-5.88,0.68
2026-02-01,2026,2,"Sugar, world",Other Food,($/kg),0.31,-3.12,-3.12,-26.19,-13.89,-0.41
2026-03-01,2026,3,"Sugar, world",Other Food,($/kg),0.33,6.45,3.12,-21.43,-2.94,3.71
2026-04-01,2026,4,"Sugar, world",Other Food,($/kg),0.32,-3.03,0.0,-20.0,-11.11,-0.31
2026-05-01,2026,5,"Sugar, world",Other Food,($/kg),0.34,6.25,9.68,-12.82,-10.53,2.37
2026-06-01,2026,6,"Sugar, world",Other Food,($/kg),0.32,-5.88,-3.03,-13.51,-15.79,-1.18
2026-07-01,2026,7,"Sugar, world",Other Food,($/kg),0.34,6.25,6.25,-8.11,-12.82,1.77
2026-08-01,2026,8,"Sugar, world",Other Food,($/kg),0.38,11.76,11.76,2.7,-11.63,2.64
2026-09-01,2026,9,"Sugar, world",Other Food,($/kg),0.41,7.89,28.12,17.14,-4.65,1.28
2002-02-01,2002,2,Sunflower oil,Oils & Meals,($/mt),578.0,,,,,
2002-03-01,2002,3,Sunflower oil,Oils & Meals,($/mt),557.0,-3.63,,,,
2002-04-01,2002,4,Sunflower oil,Oils & Meals,($/mt),552.0,-0.9,,,,
2002-05-01,2002,5,Sunflower oil,Oils & Meals,($/mt),574.0,3.99,-0.69,,,
2002-06-01,2002,6,Sunflower oil,Oils & Meals,($/mt),595.0,3.66,6.82,,,
2002-08-01,2002,8,Sunflower oil,Oils & Meals,($/mt),610.0,2.52,10.51,,,
2003-01-01,2003,1,Sunflower oil,Oils & Meals,($/mt),612.0,0.33,6.62,,,
2003-02-01,2003,2,Sunflower oil,Oils & Meals,($/mt),595.0,-2.78,0.0,,,-1.27
2003-03-01,2003,3,Sunflower oil,Oils & Meals,($/mt),565.0,-5.04,-7.38,,,-1.8
2003-04-01,2003,4,Sunflower oil,Oils & Meals,($/mt),578.0,2.3,-5.56,,,0.74
2003-05-01,2003,5,Sunflower oil,Oils & Meals,($/mt),595.0,2.94,0.0,,,0.87
2003-06-01,2003,6,Sunflower oil,Oils & Meals,($/mt),609.0,2.35,7.79,,,0.62
2003-07-01,2003,7,Sunflower oil,Oils & Meals,($/mt),575.0,-5.58,-0.52,-0.52,,-1.94
2003-08-01,2003,8,Sunflower oil,Oils & Meals,($/mt),543.0,-5.57,-8.74,-2.51,,-1.6
2003-09-01,2003,9,Sunflower oil,Oils & Meals,($/mt),545.0,0.37,-10.51,-1.27,,0.14
2003-10-01,2003,10,Sunflower oil,Oils & Meals,($/mt),615.0,12.84,6.96,7.14,,3.48
2003-11-01,2003,11,Sunflower oil,Oils & Meals,($/mt),628.0,2.11,15.65,5.55,,0.27
2003-12-01,2003,12,Sunflower oil,Oils & Meals,($/mt),660.0,5.1,21.1,8.2,,0.89
2004-01-01,2004,1,Sunflower oil,Oils & Meals,($/mt),689.0,4.39,12.03,12.58,,0.69
2004-02-01,2004,2,Sunflower oil,Oils & Meals,($/mt),731.0,6.1,16.4,22.86,,0.93
2004-03-01,2004,3,Sunflower oil,Oils & Meals,($/mt),712.0,-2.6,7.88,26.02,,-0.83
2004-04-01,2004,4,Sunflower oil,Oils & Meals,($/mt),696.0,-2.25,1.02,20.42,,-0.84
2004-05-01,2004,5,Sunflower oil,Oils & Meals,($/mt),684.0,-1.72,-6.43,14.96,,-0.65
2004-06-01,2004,6,Sunflower oil,Oils & Meals,($/mt),632.0,-7.6,-11.24,3.78,,-1.66
2004-07-01,2004,7,Sunflower oil,Oils & Meals,($/mt),624.0,-1.27,-10.34,8.52,,-0.29
2004-08-01,2004,8,Sunflower oil,Oils & Meals,($/mt),632.0,1.28,-7.6,16.39,,0.08
2004-09-01,2004,9,Sunflower oil,Oils & Meals,($/mt),657.0,3.96,3.96,20.55,,0.49
2004-10-01,2004,10,Sunflower oil,Oils & Meals,($/mt),701.0,6.7,12.34,13.98,,0.94
2004-11-01,2004,11,Sunflower oil,Oils & Meals,($/mt),727.0,3.71,15.03,15.76,,0.58
2004-12-01,2004,12,Sunflower oil,Oils & Meals,($/mt),724.0,-0.41,10.2,9.7,,-0.39
2005-01-01,2005,1,Sunflower oil,Oils & Meals,($/mt),699.0,-3.45,-0.29,1.45,,-1.02
2005-02-01,2005,2,Sunflower oil,Oils & Meals,($/mt),695.0,-0.57,-4.4,-4.92,,-0.18
2005-03-01,2005,3,Sunflower oil,Oils & Meals,($/mt),714.0,2.73,-1.38,0.28,,0.81
2005-04-01,2005,4,Sunflower oil,Oils & Meals,($/mt),695.0,-2.66,-0.57,-0.14,,-0.71
2005-05-01,2005,5,Sunflower oil,Oils & Meals,($/mt),700.0,0.72,0.72,2.34,,0.17
2005-06-01,2005,6,Sunflower oil,Oils & Meals,($/mt),706.0,0.86,-1.12,11.71,,0.16
2005-07-01,2005,7,Sunflower oil,Oils & Meals,($/mt),708.0,0.28,1.87,13.46,,-0.23
2005-08-01,2005,8,Sunflower oil,Oils & Meals,($/mt),682.0,-3.67,-2.57,7.91,,-1.67
2005-09-01,2005,9,Sunflower oil,Oils & Meals,($/mt),683.0,0.15,-3.26,3.96,,-0.17
2005-10-01,2005,10,Sunflower oil,Oils & Meals,($/mt),646.0,-5.42,-8.76,-7.85,,-1.93
2005-11-01,2005,11,Sunflower oil,Oils & Meals,($/mt),598.0,-7.43,-12.32,-17.74,,-2.52
2005-12-01,2005,12,Sunflower oil,Oils & Meals,($/mt),602.0,0.67,-11.86,-16.85,,0.76
2006-01-01,2006,1,Sunflower oil,Oils & Meals,($/mt),591.0,-1.83,-8.51,-15.45,,-0.11
2006-02-01,2006,2,Sunflower oil,Oils & Meals,($/mt),595.0,0.68,-0.5,-14.39,,0.68
2006-03-01,2006,3,Sunflower oil,Oils & Meals,($/mt),606.0,1.85,0.66,-15.13,,1.03
2006-04-01,2006,4,Sunflower oil,Oils & Meals,($/mt),659.0,8.75,11.51,-5.18,,3.46
2006-05-01,2006,5,Sunflower oil,Oils & Meals,($/mt),679.0,3.03,14.12,-3.0,,0.84
2006-06-01,2006,6,Sunflower oil,Oils & Meals,($/mt),666.0,-1.91,9.9,-5.67,,-0.42
2006-07-01,2006,7,Sunflower oil,Oils & Meals,($/mt),647.0,-2.85,-1.82,-8.62,,-0.58
2006-08-01,2006,8,Sunflower oil,Oils & Meals,($/mt),666.0,2.94,-1.91,-2.35,,0.85
2006-09-01,2006,9,Sunflower oil,Oils & Meals,($/mt),669.0,0.45,0.45,-2.05,,0.13
2006-10-01,2006,10,Sunflower oil,Oils & Meals,($/mt),666.0,-0.45,2.94,3.1,,-0.08
2006-11-01,2006,11,Sunflower oil,Oils & Meals,($/mt),722.0,8.41,8.41,20.74,,2.07
2006-12-01,2006,12,Sunflower oil,Oils & Meals,($/mt),730.0,1.11,9.12,21.26,,-0.14
2007-01-01,2007,1,Sunflower oil,Oils & Meals,($/mt),719.0,-1.51,7.96,21.66,,-0.86
2007-02-01,2007,2,Sunflower oil,Oils & Meals,($/mt),709.0,-1.39,-1.8,19.16,,-0.84
2007-03-01,2007,3,Sunflower oil,Oils & Meals,($/mt),713.0,0.56,-2.33,17.66,,-0.26
2007-04-01,2007,4,Sunflower oil,Oils & Meals,($/mt),755.0,5.89,5.01,14.57,,1.18
2007-05-01,2007,5,Sunflower oil,Oils & Meals,($/mt),831.0,10.07,17.21,22.39,,2.64
2007-06-01,2007,6,Sunflower oil,Oils & Meals,($/mt),916.0,10.23,28.47,37.54,,2.01
2007-07-01,2007,7,Sunflower oil,Oils & Meals,($/mt),999.0,9.06,32.32,54.4,72.84,1.34
2007-08-01,2007,8,Sunflower oil,Oils & Meals,($/mt),1114.0,11.51,34.06,67.27,100.0,1.67
2007-09-01,2007,9,Sunflower oil,Oils & Meals,($/mt),1279.0,14.81,39.63,91.18,131.7,2.01
2007-10-01,2007,10,Sunflower oil,Oils & Meals,($/mt),1358.0,6.18,35.94,103.9,136.59,0.08
2007-11-01,2007,11,Sunflower oil,Oils & Meals,($/mt),1401.0,3.17,25.76,94.04,135.46,-0.57
2007-12-01,2007,12,Sunflower oil,Oils & Meals,($/mt),1469.0,4.85,14.86,101.23,140.82,-0.18
2008-01-01,2008,1,Sunflower oil,Oils & Meals,($/mt),1709.0,16.34,25.85,137.69,179.25,1.95
2008-02-01,2008,2,Sunflower oil,Oils & Meals,($/mt),1839.0,7.61,31.26,159.38,209.08,0.0
2008-03-01,2008,3,Sunflower oil,Oils & Meals,($/mt),1863.0,1.31,26.82,161.29,229.73,-1.53
2008-04-01,2008,4,Sunflower oil,Oils & Meals,($/mt),1838.0,-1.34,7.55,143.44,217.99,-2.17
2008-05-01,2008,5,Sunflower oil,Oils & Meals,($/mt),1962.0,6.75,6.69,136.1,229.75,-0.2
2008-06-01,2008,6,Sunflower oil,Oils & Meals,($/mt),2045.0,4.23,9.77,123.25,235.8,-0.63
2008-07-01,2008,7,Sunflower oil,Oils & Meals,($/mt),1692.0,-17.26,-7.94,69.37,194.26,-4.63
2008-08-01,2008,8,Sunflower oil,Oils & Meals,($/mt),1319.0,-22.04,-32.77,18.4,142.91,-3.09
2008-09-01,2008,9,Sunflower oil,Oils & Meals,($/mt),1176.0,-10.84,-42.49,-8.05,115.78,-1.14
2008-10-01,2008,10,Sunflower oil,Oils & Meals,($/mt),950.0,-19.22,-43.85,-30.04,54.47,-1.72
2008-11-01,2008,11,Sunflower oil,Oils & Meals,($/mt),835.0,-12.11,-36.69,-40.4,32.96,-0.81
2008-12-01,2008,12,Sunflower oil,Oils & Meals,($/mt),759.0,-9.1,-35.46,-48.33,15.0,-0.45
2009-01-01,2009,1,Sunflower oil,Oils & Meals,($/mt),817.0,7.64,-14.0,-52.19,18.58,1.01
2009-02-01,2009,2,Sunflower oil,Oils & Meals,($/mt),805.0,-1.47,-3.59,-56.23,10.12,0.35
2009-03-01,2009,3,Sunflower oil,Oils & Meals,($/mt),757.0,-5.96,-0.26,-59.37,6.32,0.02
2009-04-01,2009,4,Sunflower oil,Oils & Meals,($/mt),843.0,11.36,3.18,-54.13,21.12,1.79
2009-05-01,2009,5,Sunflower oil,Oils & Meals,($/mt),941.0,11.63,16.89,-52.04,37.57,1.53
2009-06-01,2009,6,Sunflower oil,Oils & Meals,($/mt),907.0,-3.61,19.82,-55.65,43.51,0.14
2009-07-01,2009,7,Sunflower oil,Oils & Meals,($/mt),804.0,-11.36,-4.63,-52.48,28.85,-0.47
2009-08-01,2009,8,Sunflower oil,Oils & Meals,($/mt),820.0,1.99,-12.86,-37.83,29.75,0.67
2009-09-01,2009,9,Sunflower oil,Oils & Meals,($/mt),809.0,-1.34,-10.8,-31.21,23.14,0.21
2009-10-01,2009,10,Sunflower oil,Oils & Meals,($/mt),846.0,4.57,5.22,-10.95,20.68,0.75
2009-11-01,2009,11,Sunflower oil,Oils & Meals,($/mt),921.0,8.87,12.32,10.3,26.69,1.15
2009-12-01,2009,12,Sunflower oil,Oils & Meals,($/mt),986.0,7.06,21.88,29.91,36.19,0.76
2010-01-01,2010,1,Sunflower oil,Oils & Meals,($/mt),968.0,-1.83,14.42,18.48,38.48,-0.59
2010-02-01,2010,2,Sunflower oil,Oils & Meals,($/mt),948.0,-2.07,2.93,17.76,36.4,-0.52
2010-03-01,2010,3,Sunflower oil,Oils & Meals,($/mt),949.0,0.11,-3.75,25.36,32.91,-0.21
2010-04-01,2010,4,Sunflower oil,Oils & Meals,($/mt),924.0,-2.63,-4.55,9.61,32.95,-0.69
2010-05-01,2010,5,Sunflower oil,Oils & Meals,($/mt),910.0,-1.52,-4.01,-3.29,30.0,-0.39
2010-06-01,2010,6,Sunflower oil,Oils & Meals,($/mt),889.0,-2.31,-6.32,-1.98,25.92,-0.4
2010-07-01,2010,7,Sunflower oil,Oils & Meals,($/mt),937.0,5.4,1.41,16.54,32.34,1.03
2010-08-01,2010,8,Sunflower oil,Oils & Meals,($/mt),1074.0,14.62,18.02,30.98,57.48,3.24
2010-09-01,2010,9,Sunflower oil,Oils & Meals,($/mt),1114.0,3.72,25.31,37.7,63.1,0.23
2010-10-01,2010,10,Sunflower oil,Oils & Meals,($/mt),1284.0,15.26,37.03,51.77,98.76,2.26
2010-11-01,2010,11,Sunflower oil,Oils & Meals,($/mt),1441.0,12.23,34.17,56.46,140.97,1.3
2010-12-01,2010,12,Sunflower oil,Oils & Meals,($/mt),1454.0,0.9,30.52,47.46,141.53,-0.45
2011-01-01,2011,1,Sunflower oil,Oils & Meals,($/mt),1492.0,2.61,16.2,54.13,152.45,-0.13
2011-02-01,2011,2,Sunflower oil,Oils & Meals,($/mt),1705.0,14.28,18.32,79.85,186.55,1.57
2011-03-01,2011,3,Sunflower oil,Oils & Meals,($/mt),1637.0,-3.99,12.59,72.5,170.13,-1.32
2011-04-01,2011,4,Sunflower oil,Oils & Meals,($/mt),1634.0,-0.18,9.52,76.84,147.95,-0.69
2011-05-01,2011,5,Sunflower oil,Oils & Meals,($/mt),1644.0,0.61,-3.58,80.66,142.12,-0.62
2011-06-01,2011,6,Sunflower oil,Oils & Meals,($/mt),1699.0,3.35,3.79,91.11,155.11,-0.27
2011-07-01,2011,7,Sunflower oil,Oils & Meals,($/mt),1672.0,-1.59,2.33,78.44,158.42,-1.1
2011-08-01,2011,8,Sunflower oil,Oils & Meals,($/mt),1671.0,-0.06,1.64,55.59,150.9,-0.75
2011-09-01,2011,9,Sunflower oil,Oils & Meals,($/mt),1592.0,-4.73,-6.3,42.91,137.97,-1.35
2011-10-01,2011,10,Sunflower oil,Oils & Meals,($/mt),1484.0,-6.78,-11.24,15.58,122.82,-1.45
2011-11-01,2011,11,Sunflower oil,Oils & Meals,($/mt),1503.0,1.28,-10.05,4.3,108.17,-0.02
2011-12-01,2011,12,Sunflower oil,Oils & Meals,($/mt),1440.0,-4.19,-9.55,-0.96,97.26,-0.88
2012-01-01,2012,1,Sunflower oil,Oils & Meals,($/mt),1452.0,0.83,-2.16,-2.68,101.95,0.14
2012-02-01,2012,2,Sunflower oil,Oils & Meals,($/mt),1485.0,2.27,-1.2,-12.9,109.45,0.44
2012-03-01,2012,3,Sunflower oil,Oils & Meals,($/mt),1501.0,1.08,4.24,-8.31,110.52,0.69
2012-04-01,2012,4,Sunflower oil,Oils & Meals,($/mt),1552.0,3.4,6.89,-5.02,105.56,1.33
2012-05-01,2012,5,Sunflower oil,Oils & Meals,($/mt),1522.0,-1.93,2.49,-7.42,83.15,-0.47
2012-06-01,2012,6,Sunflower oil,Oils & Meals,($/mt),1430.0,-6.04,-4.73,-15.83,56.11,-1.66
2012-07-01,2012,7,Sunflower oil,Oils & Meals,($/mt),1472.0,2.94,-5.15,-11.96,47.35,1.27
2012-08-01,2012,8,Sunflower oil,Oils & Meals,($/mt),1525.0,3.6,0.2,-8.74,36.89,1.27
2012-09-01,2012,9,Sunflower oil,Oils & Meals,($/mt),1572.0,3.08,9.93,-1.26,22.91,0.98
2012-10-01,2012,10,Sunflower oil,Oils & Meals,($/mt),1303.0,-17.11,-11.48,-12.2,-4.05,-4.55
2012-11-01,2012,11,Sunflower oil,Oils & Meals,($/mt),1285.0,-1.38,-15.74,-14.5,-8.28,-0.08
2012-12-01,2012,12,Sunflower oil,Oils & Meals,($/mt),1272.0,-1.01,-19.08,-11.67,-13.41,0.02
2013-01-01,2013,1,Sunflower oil,Oils & Meals,($/mt),1298.0,2.04,-0.38,-10.61,-24.05,0.5
2013-02-01,2013,2,Sunflower oil,Oils & Meals,($/mt),1286.0,-0.92,0.08,-13.4,-30.07,-0.03
2013-03-01,2013,3,Sunflower oil,Oils & Meals,($/mt),1250.0,-2.8,-1.73,-16.72,-32.9,-0.31
2013-04-01,2013,4,Sunflower oil,Oils & Meals,($/mt),1221.0,-2.32,-5.93,-21.33,-33.57,-0.17
2013-05-01,2013,5,Sunflower oil,Oils & Meals,($/mt),1228.0,0.57,-4.51,-19.32,-37.41,0.43
2013-06-01,2013,6,Sunflower oil,Oils & Meals,($/mt),1245.0,1.38,-0.4,-12.94,-39.12,0.53
2013-07-01,2013,7,Sunflower oil,Oils & Meals,($/mt),1211.0,-2.73,-0.82,-17.73,-28.43,-0.31
2013-08-01,2013,8,Sunflower oil,Oils & Meals,($/mt),1112.0,-8.18,-9.45,-27.08,-15.69,-1.24
2013-09-01,2013,9,Sunflower oil,Oils & Meals,($/mt),1006.0,-9.53,-19.2,-36.01,-14.46,-1.3
2013-10-01,2013,10,Sunflower oil,Oils & Meals,($/mt),1008.0,0.2,-16.76,-22.64,6.11,0.67
2013-11-01,2013,11,Sunflower oil,Oils & Meals,($/mt),1004.0,-0.4,-9.71,-21.87,20.24,0.47
2013-12-01,2013,12,Sunflower oil,Oils & Meals,($/mt),996.0,-0.8,-0.99,-21.7,31.23,0.33
2014-01-01,2014,1,Sunflower oil,Oils & Meals,($/mt),952.0,-4.42,-5.56,-26.66,16.52,-0.69
2014-02-01,2014,2,Sunflower oil,Oils & Meals,($/mt),953.0,0.11,-5.08,-25.89,18.39,0.76
2014-03-01,2014,3,Sunflower oil,Oils & Meals,($/mt),985.0,3.36,-1.1,-21.2,30.12,1.67
2014-04-01,2014,4,Sunflower oil,Oils & Meals,($/mt),952.0,-3.35,0.0,-22.03,12.93,-0.38
2014-05-01,2014,5,Sunflower oil,Oils & Meals,($/mt),952.0,0.0,-0.1,-22.48,1.17,0.51
2014-06-01,2014,6,Sunflower oil,Oils & Meals,($/mt),942.0,-1.05,-4.37,-24.34,3.86,0.26
2014-07-01,2014,7,Sunflower oil,Oils & Meals,($/mt),908.0,-3.61,-4.62,-25.02,12.94,-0.37
2014-08-01,2014,8,Sunflower oil,Oils & Meals,($/mt),854.0,-5.95,-10.29,-23.2,4.15,-0.98
2014-09-01,2014,9,Sunflower oil,Oils & Meals,($/mt),834.0,-2.34,-11.46,-17.1,3.09,-0.06
2014-10-01,2014,10,Sunflower oil,Oils & Meals,($/mt),888.0,6.47,-2.2,-11.9,4.96,3.17
2014-11-01,2014,11,Sunflower oil,Oils & Meals,($/mt),923.0,3.94,8.08,-8.07,0.22,1.45
2014-12-01,2014,12,Sunflower oil,Oils & Meals,($/mt),901.0,-2.38,8.03,-9.54,-8.62,-0.47
2015-01-01,2015,1,Sunflower oil,Oils & Meals,($/mt),871.0,-3.33,-1.91,-8.51,-10.02,-0.69
2015-02-01,2015,2,Sunflower oil,Oils & Meals,($/mt),825.0,-5.28,-10.62,-13.43,-12.97,-1.26
2015-03-01,2015,3,Sunflower oil,Oils & Meals,($/mt),805.0,-2.42,-10.65,-18.27,-15.17,-0.34
2015-04-01,2015,4,Sunflower oil,Oils & Meals,($/mt),834.0,3.6,-4.25,-12.39,-9.74,1.44
2015-05-01,2015,5,Sunflower oil,Oils & Meals,($/mt),916.0,9.83,11.03,-3.78,0.66,2.82
2015-06-01,2015,6,Sunflower oil,Oils & Meals,($/mt),928.0,1.31,15.28,-1.49,4.39,0.31
2015-07-01,2015,7,Sunflower oil,Oils & Meals,($/mt),917.0,-1.19,9.95,0.99,-2.13,-0.24
2015-08-01,2015,8,Sunflower oil,Oils & Meals,($/mt),895.0,-2.4,-2.29,4.8,-16.67,-0.53
2015-09-01,2015,9,Sunflower oil,Oils & Meals,($/mt),897.0,0.22,-3.34,7.55,-19.48,-0.06
2015-10-01,2015,10,Sunflower oil,Oils & Meals,($/mt),962.0,7.25,4.91,8.33,-25.08,1.46
2015-11-01,2015,11,Sunflower oil,Oils & Meals,($/mt),915.0,-4.89,2.23,-0.87,-36.5,-1.23
2015-12-01,2015,12,Sunflower oil,Oils & Meals,($/mt),898.0,-1.86,0.11,-0.33,-38.24,-0.4
2016-01-01,2016,1,Sunflower oil,Oils & Meals,($/mt),885.0,-1.45,-8.0,1.61,-40.68,-0.32
2016-02-01,2016,2,Sunflower oil,Oils & Meals,($/mt),898.0,1.47,-1.86,8.85,-47.33,0.27
2016-03-01,2016,3,Sunflower oil,Oils & Meals,($/mt),859.0,-4.34,-4.34,6.71,-47.53,-1.2
2016-04-01,2016,4,Sunflower oil,Oils & Meals,($/mt),876.0,1.98,-1.02,5.04,-46.39,0.3
2016-05-01,2016,5,Sunflower oil,Oils & Meals,($/mt),881.0,0.57,-1.89,-3.82,-46.41,0.02
2016-06-01,2016,6,Sunflower oil,Oils & Meals,($/mt),860.0,-2.38,0.12,-7.33,-49.38,-0.65
2016-07-01,2016,7,Sunflower oil,Oils & Meals,($/mt),833.0,-3.14,-4.91,-9.16,-50.18,-0.79
2016-08-01,2016,8,Sunflower oil,Oils & Meals,($/mt),830.0,-0.36,-5.79,-7.26,-50.33,0.12
2016-09-01,2016,9,Sunflower oil,Oils & Meals,($/mt),866.0,4.34,0.7,-3.46,-45.6,1.49
2016-10-01,2016,10,Sunflower oil,Oils & Meals,($/mt),873.0,0.81,4.8,-9.25,-41.17,0.29
2016-11-01,2016,11,Sunflower oil,Oils & Meals,($/mt),873.0,0.0,5.18,-4.59,-41.92,0.28
2016-12-01,2016,12,Sunflower oil,Oils & Meals,($/mt),873.0,0.0,0.81,-2.78,-39.38,0.15
2017-01-01,2017,1,Sunflower oil,Oils & Meals,($/mt),873.0,0.0,0.0,-1.36,-39.88,0.09
2017-02-01,2017,2,Sunflower oil,Oils & Meals,($/mt),873.0,0.0,0.0,-2.78,-41.21,0.04
2017-03-01,2017,3,Sunflower oil,Oils & Meals,($/mt),835.0,-4.35,-4.35,-2.79,-44.37,-1.81
2017-04-01,2017,4,Sunflower oil,Oils & Meals,($/mt),798.0,-4.43,-8.59,-8.9,-48.58,-1.84
2017-05-01,2017,5,Sunflower oil,Oils & Meals,($/mt),795.0,-0.38,-8.93,-9.76,-47.77,0.15
2017-06-01,2017,6,Sunflower oil,Oils & Meals,($/mt),794.0,-0.13,-4.91,-7.67,-44.48,0.29
2017-07-01,2017,7,Sunflower oil,Oils & Meals,($/mt),793.0,-0.13,-0.63,-4.8,-46.13,0.21
2017-08-01,2017,8,Sunflower oil,Oils & Meals,($/mt),816.0,2.9,2.64,-1.69,-46.49,1.45
2017-09-01,2017,9,Sunflower oil,Oils & Meals,($/mt),822.0,0.74,3.53,-5.08,-47.71,0.35
2017-10-01,2017,10,Sunflower oil,Oils & Meals,($/mt),805.0,-2.07,1.51,-7.79,-38.22,-0.81
2017-11-01,2017,11,Sunflower oil,Oils & Meals,($/mt),810.0,0.62,-0.74,-7.22,-36.96,0.62
2017-12-01,2017,12,Sunflower oil,Oils & Meals,($/mt),801.0,-1.11,-2.55,-8.25,-37.03,-0.24
2018-01-01,2018,1,Sunflower oil,Oils & Meals,($/mt),799.0,-0.25,-0.75,-8.48,-38.44,0.21
2018-02-01,2018,2,Sunflower oil,Oils & Meals,($/mt),806.0,0.88,-0.49,-7.67,-37.33,0.77
2018-03-01,2018,3,Sunflower oil,Oils & Meals,($/mt),801.0,-0.62,0.0,-4.07,-35.92,0.01
2018-04-01,2018,4,Sunflower oil,Oils & Meals,($/mt),799.0,-0.25,0.0,0.13,-34.56,0.05
2018-05-01,2018,5,Sunflower oil,Oils & Meals,($/mt),801.0,0.25,-0.62,0.75,-34.77,0.19
2018-06-01,2018,6,Sunflower oil,Oils & Meals,($/mt),775.0,-3.25,-3.25,-2.39,-37.75,-2.73
2018-07-01,2018,7,Sunflower oil,Oils & Meals,($/mt),780.0,0.65,-2.38,-1.64,-35.59,0.54
2018-08-01,2018,8,Sunflower oil,Oils & Meals,($/mt),763.0,-2.18,-4.74,-6.5,-31.38,-1.31
2018-09-01,2018,9,Sunflower oil,Oils & Meals,($/mt),734.0,-3.8,-5.29,-10.71,-27.04,-2.42
2018-10-01,2018,10,Sunflower oil,Oils & Meals,($/mt),718.0,-2.18,-7.95,-10.81,-28.77,-0.8
2018-11-01,2018,11,Sunflower oil,Oils & Meals,($/mt),706.0,-1.67,-7.47,-12.84,-29.68,-0.47
2018-12-01,2018,12,Sunflower oil,Oils & Meals,($/mt),703.0,-0.42,-4.22,-12.23,-29.42,0.47
2019-01-01,2019,1,Sunflower oil,Oils & Meals,($/mt),688.0,-2.13,-4.18,-13.89,-27.73,-0.7
2019-02-01,2019,2,Sunflower oil,Oils & Meals,($/mt),700.0,1.74,-0.85,-13.15,-26.55,1.95
2019-03-01,2019,3,Sunflower oil,Oils & Meals,($/mt),712.0,1.71,1.28,-11.11,-27.72,1.74
2019-04-01,2019,4,Sunflower oil,Oils & Meals,($/mt),713.0,0.14,3.63,-10.76,-25.11,0.6
2019-05-01,2019,5,Sunflower oil,Oils & Meals,($/mt),722.0,1.26,3.14,-9.86,-24.16,1.18
2019-06-01,2019,6,Sunflower oil,Oils & Meals,($/mt),725.0,0.42,1.83,-6.45,-23.04,0.65
2019-07-01,2019,7,Sunflower oil,Oils & Meals,($/mt),754.0,4.0,5.75,-3.33,-16.96,2.5
2019-08-01,2019,8,Sunflower oil,Oils & Meals,($/mt),776.0,2.92,7.48,1.7,-9.13,1.43
2019-09-01,2019,9,Sunflower oil,Oils & Meals,($/mt),776.0,0.0,7.03,5.72,-6.95,-0.07
2019-10-01,2019,10,Sunflower oil,Oils & Meals,($/mt),776.0,0.0,2.92,8.08,-12.61,-0.25
2019-11-01,2019,11,Sunflower oil,Oils & Meals,($/mt),776.0,0.0,0.0,9.92,-15.93,-0.37
2019-12-01,2019,12,Sunflower oil,Oils & Meals,($/mt),776.0,0.0,0.0,10.38,-13.87,-0.49
2020-01-01,2020,1,Sunflower oil,Oils & Meals,($/mt),807.0,3.99,3.99,17.3,-7.35,1.96
2020-02-01,2020,2,Sunflower oil,Oils & Meals,($/mt),823.0,1.98,6.06,17.57,-0.24,0.41
2020-03-01,2020,3,Sunflower oil,Oils & Meals,($/mt),730.0,-11.3,-5.93,2.53,-9.32,-8.14
2020-04-01,2020,4,Sunflower oil,Oils & Meals,($/mt),732.0,0.27,-9.29,2.66,-12.23,-0.0
2020-05-01,2020,5,Sunflower oil,Oils & Meals,($/mt),738.0,0.82,-10.33,2.22,-19.43,0.13
2020-06-01,2020,6,Sunflower oil,Oils & Meals,($/mt),788.0,6.78,7.95,8.69,-15.09,1.65
2020-07-01,2020,7,Sunflower oil,Oils & Meals,($/mt),833.0,5.71,13.8,10.48,-9.16,1.12
2020-08-01,2020,8,Sunflower oil,Oils & Meals,($/mt),877.0,5.28,18.83,13.02,-2.01,0.96
2020-09-01,2020,9,Sunflower oil,Oils & Meals,($/mt),982.0,11.97,24.62,26.55,9.48,2.32
2020-10-01,2020,10,Sunflower oil,Oils & Meals,($/mt),981.0,-0.1,17.77,26.42,1.98,-0.4
2020-11-01,2020,11,Sunflower oil,Oils & Meals,($/mt),1109.0,13.05,26.45,42.91,21.2,1.95
2020-12-01,2020,12,Sunflower oil,Oils & Meals,($/mt),1170.0,5.5,19.14,50.77,30.29,0.36
2021-01-01,2021,1,Sunflower oil,Oils & Meals,($/mt),1276.0,9.06,30.07,58.12,44.18,0.86
2021-02-01,2021,2,Sunflower oil,Oils & Meals,($/mt),1363.0,6.82,22.9,65.61,51.78,0.42
2021-03-01,2021,3,Sunflower oil,Oils & Meals,($/mt),1611.0,18.2,37.69,120.68,87.54,2.11
2021-04-01,2021,4,Sunflower oil,Oils & Meals,($/mt),1573.0,-2.36,23.28,114.89,79.57,-1.69
2021-05-01,2021,5,Sunflower oil,Oils & Meals,($/mt),1585.0,0.76,16.29,114.77,79.91,-1.02
2021-06-01,2021,6,Sunflower oil,Oils & Meals,($/mt),1297.0,-18.17,-19.49,64.59,50.81,-4.27
2021-07-01,2021,7,Sunflower oil,Oils & Meals,($/mt),1282.0,-1.16,-18.5,53.9,53.9,-0.63
2021-08-01,2021,8,Sunflower oil,Oils & Meals,($/mt),1356.0,5.77,-14.45,54.62,63.37,0.18
2021-09-01,2021,9,Sunflower oil,Oils & Meals,($/mt),1310.0,-3.39,1.0,33.4,51.27,-0.8
2021-10-01,2021,10,Sunflower oil,Oils & Meals,($/mt),1421.0,8.47,10.84,44.85,62.77,0.61
2021-11-01,2021,11,Sunflower oil,Oils & Meals,($/mt),1416.0,-0.35,4.42,27.68,62.2,-0.42
2021-12-01,2021,12,Sunflower oil,Oils & Meals,($/mt),1362.0,-3.81,3.97,16.41,56.01,-0.7
2022-01-01,2022,1,Sunflower oil,Oils & Meals,($/mt),1412.0,3.67,-0.63,10.66,61.74,0.22
2022-02-01,2022,2,Sunflower oil,Oils & Meals,($/mt),1499.0,6.16,5.86,9.98,71.71,0.57
2022-03-01,2022,3,Sunflower oil,Oils & Meals,($/mt),2361.0,57.51,73.35,46.55,182.75,6.47
2022-04-01,2022,4,Sunflower oil,Oils & Meals,($/mt),2276.0,-3.6,61.19,44.69,185.21,-0.44
2022-05-01,2022,5,Sunflower oil,Oils & Meals,($/mt),2079.0,-8.66,38.69,31.17,161.51,-0.72
2022-06-01,2022,6,Sunflower oil,Oils & Meals,($/mt),1885.0,-9.33,-20.16,45.34,137.41,-0.7
2022-07-01,2022,7,Sunflower oil,Oils & Meals,($/mt),1557.0,-17.4,-31.59,21.45,96.34,-1.22
2022-08-01,2022,8,Sunflower oil,Oils & Meals,($/mt),1496.0,-3.92,-28.04,10.32,83.33,-0.36
2022-09-01,2022,9,Sunflower oil,Oils & Meals,($/mt),1305.0,-12.77,-30.77,-0.38,58.76,-0.79
2022-10-01,2022,10,Sunflower oil,Oils & Meals,($/mt),1359.0,4.14,-12.72,-4.36,68.82,0.15
2022-11-01,2022,11,Sunflower oil,Oils & Meals,($/mt),1347.0,-0.88,-9.96,-4.87,66.3,-0.1
2022-12-01,2022,12,Sunflower oil,Oils & Meals,($/mt),1234.0,-8.39,-5.44,-9.4,54.06,-0.49
2023-01-01,2023,1,Sunflower oil,Oils & Meals,($/mt),1218.0,-1.3,-10.38,-13.74,52.44,-0.1
2023-02-01,2023,2,Sunflower oil,Oils & Meals,($/mt),1159.0,-4.84,-13.96,-22.68,43.8,-0.26
2023-03-01,2023,3,Sunflower oil,Oils & Meals,($/mt),1075.0,-7.25,-12.88,-54.47,34.21,-0.34
2023-04-01,2023,4,Sunflower oil,Oils & Meals,($/mt),1035.0,-3.72,-15.02,-54.53,29.54,0.43
2023-05-01,2023,5,Sunflower oil,Oils & Meals,($/mt),962.0,-7.05,-17.0,-53.73,20.1,-0.15
2023-06-01,2023,6,Sunflower oil,Oils & Meals,($/mt),911.0,-5.3,-15.26,-51.67,17.55,0.13
2023-07-01,2023,7,Sunflower oil,Oils & Meals,($/mt),1039.0,14.05,0.39,-33.27,33.21,3.53
2023-08-01,2023,8,Sunflower oil,Oils & Meals,($/mt),989.0,-4.81,2.81,-33.89,29.62,-0.25
2023-09-01,2023,9,Sunflower oil,Oils & Meals,($/mt),895.0,-9.5,-1.76,-31.42,21.93,-0.92
2023-10-01,2023,10,Sunflower oil,Oils & Meals,($/mt),910.0,1.68,-12.42,-33.04,26.74,0.7
2023-11-01,2023,11,Sunflower oil,Oils & Meals,($/mt),944.0,3.74,-4.55,-29.92,33.71,1.08
2023-12-01,2023,12,Sunflower oil,Oils & Meals,($/mt),944.0,0.0,5.47,-23.5,34.28,0.41
2024-01-01,2024,1,Sunflower oil,Oils & Meals,($/mt),943.0,-0.11,3.63,-22.58,37.06,0.3
2024-02-01,2024,2,Sunflower oil,Oils & Meals,($/mt),925.0,-1.91,-2.01,-20.19,32.14,0.0
2024-03-01,2024,3,Sunflower oil,Oils & Meals,($/mt),951.0,2.81,0.74,-11.53,33.57,0.71
2024-04-01,2024,4,Sunflower oil,Oils & Meals,($/mt),971.0,2.1,2.97,-6.18,36.19,0.48
2024-05-01,2024,5,Sunflower oil,Oils & Meals,($/mt),1006.0,3.6,8.76,4.57,39.34,0.64
2024-06-01,2024,6,Sunflower oil,Oils & Meals,($/mt),1043.0,3.68,9.67,14.49,43.86,0.53
2024-07-01,2024,7,Sunflower oil,Oils & Meals,($/mt),1069.0,2.49,10.09,2.89,41.78,0.22
2024-08-01,2024,8,Sunflower oil,Oils & Meals,($/mt),1049.0,-1.87,4.27,6.07,35.18,-0.54
2024-09-01,2024,9,Sunflower oil,Oils & Meals,($/mt),1068.0,1.81,2.4,19.33,37.63,0.33
2024-10-01,2024,10,Sunflower oil,Oils & Meals,($/mt),1206.0,12.92,12.82,32.53,55.41,5.63
2024-11-01,2024,11,Sunflower oil,Oils & Meals,($/mt),1267.0,5.06,20.78,34.22,63.27,0.68
2024-12-01,2024,12,Sunflower oil,Oils & Meals,($/mt),1223.0,-3.47,14.51,29.56,57.6,-1.53
2025-01-01,2025,1,Sunflower oil,Oils & Meals,($/mt),1207.0,-1.31,0.08,28.0,49.57,-0.84
2025-02-01,2025,2,Sunflower oil,Oils & Meals,($/mt),1220.0,1.08,-3.71,31.89,48.24,-0.25
2025-03-01,2025,3,Sunflower oil,Oils & Meals,($/mt),1233.0,1.07,0.82,29.65,68.9,-0.32
2025-04-01,2025,4,Sunflower oil,Oils & Meals,($/mt),1225.0,-0.65,1.49,26.16,67.35,-0.7
2025-05-01,2025,5,Sunflower oil,Oils & Meals,($/mt),1208.0,-1.39,-0.98,20.08,63.69,-0.8
2025-06-01,2025,6,Sunflower oil,Oils & Meals,($/mt),1196.0,-0.99,-3.0,14.67,51.78,-0.6
2025-07-01,2025,7,Sunflower oil,Oils & Meals,($/mt),1214.0,1.51,-0.9,13.56,45.74,0.06
2025-08-01,2025,8,Sunflower oil,Oils & Meals,($/mt),1274.0,4.94,5.46,21.45,45.27,0.88
2025-09-01,2025,9,Sunflower oil,Oils & Meals,($/mt),1312.0,2.98,9.7,22.85,33.6,0.29
2025-10-01,2025,10,Sunflower oil,Oils & Meals,($/mt),1363.0,3.89,12.27,13.02,38.94,0.48
2025-11-01,2025,11,Sunflower oil,Oils & Meals,($/mt),1360.0,-0.22,6.75,7.34,22.63,-0.47
2025-12-01,2025,12,Sunflower oil,Oils & Meals,($/mt),1352.0,-0.59,3.05,10.55,15.56,-0.49
2026-01-01,2026,1,Sunflower oil,Oils & Meals,($/mt),1441.0,6.58,5.72,19.39,12.93,2.7
2026-02-01,2026,2,Sunflower oil,Oils & Meals,($/mt),1445.0,0.28,6.25,18.44,6.02,-0.48
2026-03-01,2026,3,Sunflower oil,Oils & Meals,($/mt),1465.0,1.38,8.36,18.82,-9.06,-0.03
2026-04-01,2026,4,Sunflower oil,Oils & Meals,($/mt),1485.0,1.37,3.05,21.22,-5.59,-0.04
2026-05-01,2026,5,Sunflower oil,Oils & Meals,($/mt),1503.0,1.21,4.01,24.42,-5.17,-0.17
2026-06-01,2026,6,Sunflower oil,Oils & Meals,($/mt),1508.0,0.33,2.94,26.09,16.27,-0.66
2026-07-01,2026,7,Sunflower oil,Oils & Meals,($/mt),1497.0,-0.73,0.81,23.31,16.77,-1.23
2026-08-01,2026,8,Sunflower oil,Oils & Meals,($/mt),1484.0,-0.87,-1.26,16.48,9.44,-1.14
2026-09-01,2026,9,Sunflower oil,Oils & Meals,($/mt),1390.0,-6.33,-7.82,5.95,6.11,-3.44
1960-01-01,1960,1,TSP,Fertilizers,($/mt),53.0,,,,,
1960-02-01,1960,2,TSP,Fertilizers,($/mt),53.0,0.0,,,,
1960-03-01,1960,3,TSP,Fertilizers,($/mt),53.0,0.0,,,,
1960-04-01,1960,4,TSP,Fertilizers,($/mt),53.0,0.0,0.0,,,
1960-05-01,1960,5,TSP,Fertilizers,($/mt),53.0,0.0,0.0,,,
1960-06-01,1960,6,TSP,Fertilizers,($/mt),53.0,0.0,0.0,,,
1960-07-01,1960,7,TSP,Fertilizers,($/mt),53.0,0.0,0.0,,,
1960-08-01,1960,8,TSP,Fertilizers,($/mt),53.0,0.0,0.0,,,0.0
1960-09-01,1960,9,TSP,Fertilizers,($/mt),53.0,0.0,0.0,,,0.0
1960-10-01,1960,10,TSP,Fertilizers,($/mt),53.0,0.0,0.0,,,0.0
1960-11-01,1960,11,TSP,Fertilizers,($/mt),53.0,0.0,0.0,,,0.0
1960-12-01,1960,12,TSP,Fertilizers,($/mt),53.0,0.0,0.0,,,0.0
1961-01-01,1961,1,TSP,Fertilizers,($/mt),52.0,-1.89,-1.89,-1.89,,0.0
1961-02-01,1961,2,TSP,Fertilizers,($/mt),52.0,0.0,-1.89,-1.89,,0.29
1961-03-01,1961,3,TSP,Fertilizers,($/mt),52.0,0.0,-1.89,-1.89,,0.29
1961-04-01,1961,4,TSP,Fertilizers,($/mt),52.0,0.0,0.0,-1.89,,0.29
1961-05-01,1961,5,TSP,Fertilizers,($/mt),52.0,0.0,0.0,-1.89,,0.29
1961-06-01,1961,6,TSP,Fertilizers,($/mt),52.0,0.0,0.0,-1.89,,0.29
1961-07-01,1961,7,TSP,Fertilizers,($/mt),52.0,0.0,0.0,-1.89,,0.29
1961-08-01,1961,8,TSP,Fertilizers,($/mt),52.0,0.0,0.0,-1.89,,0.29
1961-09-01,1961,9,TSP,Fertilizers,($/mt),52.0,0.0,0.0,-1.89,,0.29
1961-10-01,1961,10,TSP,Fertilizers,($/mt),52.0,0.0,0.0,-1.89,,0.29
1961-11-01,1961,11,TSP,Fertilizers,($/mt),52.0,0.0,0.0,-1.89,,0.29
1961-12-01,1961,12,TSP,Fertilizers,($/mt),52.0,0.0,0.0,-1.89,,0.29
1962-01-01,1962,1,TSP,Fertilizers,($/mt),51.0,-1.92,-1.92,-1.92,,-3.24
1962-02-01,1962,2,TSP,Fertilizers,($/mt),51.0,0.0,-1.92,-1.92,,0.29
1962-03-01,1962,3,TSP,Fertilizers,($/mt),51.0,0.0,-1.92,-1.92,,0.29
1962-04-01,1962,4,TSP,Fertilizers,($/mt),51.0,0.0,0.0,-1.92,,0.29
1962-05-01,1962,5,TSP,Fertilizers,($/mt),51.0,0.0,0.0,-1.92,,0.29
1962-06-01,1962,6,TSP,Fertilizers,($/mt),51.0,0.0,0.0,-1.92,,0.29
1962-07-01,1962,7,TSP,Fertilizers,($/mt),51.0,0.0,0.0,-1.92,,0.29
1962-08-01,1962,8,TSP,Fertilizers,($/mt),51.0,0.0,0.0,-1.92,,0.29
1962-09-01,1962,9,TSP,Fertilizers,($/mt),51.0,0.0,0.0,-1.92,,0.29
1962-10-01,1962,10,TSP,Fertilizers,($/mt),51.0,0.0,0.0,-1.92,,0.29
1962-11-01,1962,11,TSP,Fertilizers,($/mt),51.0,0.0,0.0,-1.92,,0.29
1962-12-01,1962,12,TSP,Fertilizers,($/mt),51.0,0.0,0.0,-1.92,,0.29
1963-01-01,1963,1,TSP,Fertilizers,($/mt),52.0,1.96,1.96,1.96,,3.82
1963-02-01,1963,2,TSP,Fertilizers,($/mt),52.0,0.0,1.96,1.96,,-0.29
1963-03-01,1963,3,TSP,Fertilizers,($/mt),52.0,0.0,1.96,1.96,,-0.29
1963-04-01,1963,4,TSP,Fertilizers,($/mt),52.0,0.0,0.0,1.96,,-0.29
1963-05-01,1963,5,TSP,Fertilizers,($/mt),52.0,0.0,0.0,1.96,,-0.29
1963-06-01,1963,6,TSP,Fertilizers,($/mt),52.0,0.0,0.0,1.96,,-0.29
1963-07-01,1963,7,TSP,Fertilizers,($/mt),52.0,0.0,0.0,1.96,,-0.29
1963-08-01,1963,8,TSP,Fertilizers,($/mt),52.0,0.0,0.0,1.96,,-0.29
1963-09-01,1963,9,TSP,Fertilizers,($/mt),52.0,0.0,0.0,1.96,,-0.29
1963-10-01,1963,10,TSP,Fertilizers,($/mt),52.0,0.0,0.0,1.96,,-0.29
1963-11-01,1963,11,TSP,Fertilizers,($/mt),52.0,0.0,0.0,1.96,,-0.29
1963-12-01,1963,12,TSP,Fertilizers,($/mt),52.0,0.0,0.0,1.96,,-0.29
1964-01-01,1964,1,TSP,Fertilizers,($/mt),53.0,1.92,1.92,1.92,,3.11
1964-02-01,1964,2,TSP,Fertilizers,($/mt),53.0,0.0,1.92,1.92,,-0.29
1964-03-01,1964,3,TSP,Fertilizers,($/mt),53.0,0.0,1.92,1.92,,-0.29
1964-04-01,1964,4,TSP,Fertilizers,($/mt),53.0,0.0,0.0,1.92,,-0.29
1964-05-01,1964,5,TSP,Fertilizers,($/mt),53.0,0.0,0.0,1.92,,-0.29
1964-06-01,1964,6,TSP,Fertilizers,($/mt),53.0,0.0,0.0,1.92,,-0.29
1964-07-01,1964,7,TSP,Fertilizers,($/mt),53.0,0.0,0.0,1.92,,-0.29
1964-08-01,1964,8,TSP,Fertilizers,($/mt),53.0,0.0,0.0,1.92,,-0.29
1964-09-01,1964,9,TSP,Fertilizers,($/mt),53.0,0.0,0.0,1.92,,-0.29
1964-10-01,1964,10,TSP,Fertilizers,($/mt),53.0,0.0,0.0,1.92,,-0.29
1964-11-01,1964,11,TSP,Fertilizers,($/mt),53.0,0.0,0.0,1.92,,-0.29
1964-12-01,1964,12,TSP,Fertilizers,($/mt),53.0,0.0,0.0,1.92,,-0.29
1965-01-01,1965,1,TSP,Fertilizers,($/mt),54.0,1.89,1.89,1.89,1.89,3.11
1965-02-01,1965,2,TSP,Fertilizers,($/mt),54.0,0.0,1.89,1.89,1.89,-0.29
1965-03-01,1965,3,TSP,Fertilizers,($/mt),54.0,0.0,1.89,1.89,1.89,-0.29
1965-04-01,1965,4,TSP,Fertilizers,($/mt),54.0,0.0,0.0,1.89,1.89,-0.29
1965-05-01,1965,5,TSP,Fertilizers,($/mt),54.0,0.0,0.0,1.89,1.89,-0.29
1965-06-01,1965,6,TSP,Fertilizers,($/mt),54.0,0.0,0.0,1.89,1.89,-0.29
1965-07-01,1965,7,TSP,Fertilizers,($/mt),54.0,0.0,0.0,1.89,1.89,-0.29
1965-08-01,1965,8,TSP,Fertilizers,($/mt),54.0,0.0,0.0,1.89,1.89,-0.29
1965-09-01,1965,9,TSP,Fertilizers,($/mt),54.0,0.0,0.0,1.89,1.89,-0.29
1965-10-01,1965,10,TSP,Fertilizers,($/mt),54.0,0.0,0.0,1.89,1.89,-0.29
1965-11-01,1965,11,TSP,Fertilizers,($/mt),54.0,0.0,0.0,1.89,1.89,-0.29
1965-12-01,1965,12,TSP,Fertilizers,($/mt),54.0,0.0,0.0,1.89,1.89,-0.29
1966-01-01,1966,1,TSP,Fertilizers,($/mt),50.0,-7.41,-7.41,-7.41,-3.85,-13.89
1966-02-01,1966,2,TSP,Fertilizers,($/mt),50.0,0.0,-7.41,-7.41,-3.85,0.29
1966-03-01,1966,3,TSP,Fertilizers,($/mt),50.0,0.0,-7.41,-7.41,-3.85,0.29
1966-04-01,1966,4,TSP,Fertilizers,($/mt),50.0,0.0,0.0,-7.41,-3.85,0.29
1966-05-01,1966,5,TSP,Fertilizers,($/mt),50.0,0.0,0.0,-7.41,-3.85,0.29
1966-06-01,1966,6,TSP,Fertilizers,($/mt),50.0,0.0,0.0,-7.41,-3.85,0.29
1966-07-01,1966,7,TSP,Fertilizers,($/mt),50.0,0.0,0.0,-7.41,-3.85,0.29
1966-08-01,1966,8,TSP,Fertilizers,($/mt),50.0,0.0,0.0,-7.41,-3.85,0.29
1966-09-01,1966,9,TSP,Fertilizers,($/mt),50.0,0.0,0.0,-7.41,-3.85,0.29
1966-10-01,1966,10,TSP,Fertilizers,($/mt),50.0,0.0,0.0,-7.41,-3.85,0.29
1966-11-01,1966,11,TSP,Fertilizers,($/mt),50.0,0.0,0.0,-7.41,-3.85,0.29
1966-12-01,1966,12,TSP,Fertilizers,($/mt),50.0,0.0,0.0,-7.41,-3.85,0.29
1967-01-01,1967,1,TSP,Fertilizers,($/mt),46.5,-7.0,-7.0,-7.0,-8.82,-2.98
1967-02-01,1967,2,TSP,Fertilizers,($/mt),46.5,0.0,-7.0,-7.0,-8.82,0.29
1967-03-01,1967,3,TSP,Fertilizers,($/mt),46.5,0.0,-7.0,-7.0,-8.82,0.29
1967-04-01,1967,4,TSP,Fertilizers,($/mt),46.5,0.0,0.0,-7.0,-8.82,0.29
1967-05-01,1967,5,TSP,Fertilizers,($/mt),46.5,0.0,0.0,-7.0,-8.82,0.29
1967-06-01,1967,6,TSP,Fertilizers,($/mt),46.5,0.0,0.0,-7.0,-8.82,0.29
1967-07-01,1967,7,TSP,Fertilizers,($/mt),43.5,-6.45,-6.45,-13.0,-14.71,-2.9
1967-08-01,1967,8,TSP,Fertilizers,($/mt),43.5,0.0,-6.45,-13.0,-14.71,0.43
1967-09-01,1967,9,TSP,Fertilizers,($/mt),43.5,0.0,-6.45,-13.0,-14.71,0.43
1967-10-01,1967,10,TSP,Fertilizers,($/mt),43.5,0.0,0.0,-13.0,-14.71,0.43
1967-11-01,1967,11,TSP,Fertilizers,($/mt),43.5,0.0,0.0,-13.0,-14.71,0.43
1967-12-01,1967,12,TSP,Fertilizers,($/mt),43.5,0.0,0.0,-13.0,-14.71,0.43
1968-01-01,1968,1,TSP,Fertilizers,($/mt),39.0,-10.34,-10.34,-16.13,-25.0,-3.52
1968-02-01,1968,2,TSP,Fertilizers,($/mt),39.0,0.0,-10.34,-16.13,-25.0,0.42
1968-03-01,1968,3,TSP,Fertilizers,($/mt),39.0,0.0,-10.34,-16.13,-25.0,0.42
1968-04-01,1968,4,TSP,Fertilizers,($/mt),39.0,0.0,0.0,-16.13,-25.0,0.42
1968-05-01,1968,5,TSP,Fertilizers,($/mt),39.0,0.0,0.0,-16.13,-25.0,0.42
1968-06-01,1968,6,TSP,Fertilizers,($/mt),39.0,0.0,0.0,-16.13,-25.0,0.42
1968-07-01,1968,7,TSP,Fertilizers,($/mt),36.0,-7.69,-7.69,-17.24,-30.77,-1.87
1968-08-01,1968,8,TSP,Fertilizers,($/mt),36.0,0.0,-7.69,-17.24,-30.77,0.42
1968-09-01,1968,9,TSP,Fertilizers,($/mt),36.0,0.0,-7.69,-17.24,-30.77,0.42
1968-10-01,1968,10,TSP,Fertilizers,($/mt),36.0,0.0,0.0,-17.24,-30.77,0.42
1968-11-01,1968,11,TSP,Fertilizers,($/mt),36.0,0.0,0.0,-17.24,-30.77,0.42
1968-12-01,1968,12,TSP,Fertilizers,($/mt),36.0,0.0,0.0,-17.24,-30.77,0.42
1969-01-01,1969,1,TSP,Fertilizers,($/mt),38.5,6.94,6.94,-1.28,-27.36,2.38
1969-02-01,1969,2,TSP,Fertilizers,($/mt),38.5,0.0,6.94,-1.28,-27.36,0.02
1969-03-01,1969,3,TSP,Fertilizers,($/mt),38.5,0.0,6.94,-1.28,-27.36,0.02
1969-04-01,1969,4,TSP,Fertilizers,($/mt),38.5,0.0,0.0,-1.28,-27.36,0.02
1969-05-01,1969,5,TSP,Fertilizers,($/mt),38.5,0.0,0.0,-1.28,-27.36,0.02
1969-06-01,1969,6,TSP,Fertilizers,($/mt),38.5,0.0,0.0,-1.28,-27.36,0.02
1969-07-01,1969,7,TSP,Fertilizers,($/mt),40.0,3.9,3.9,11.11,-24.53,1.27
1969-08-01,1969,8,TSP,Fertilizers,($/mt),40.0,0.0,3.9,11.11,-24.53,-0.41
1969-09-01,1969,9,TSP,Fertilizers,($/mt),40.0,0.0,3.9,11.11,-24.53,-0.41
1969-10-01,1969,10,TSP,Fertilizers,($/mt),40.0,0.0,0.0,11.11,-24.53,-0.41
1969-11-01,1969,11,TSP,Fertilizers,($/mt),40.0,0.0,0.0,11.11,-24.53,-0.41
1969-12-01,1969,12,TSP,Fertilizers,($/mt),40.0,0.0,0.0,11.11,-24.53,-0.41
1970-01-01,1970,1,TSP,Fertilizers,($/mt),44.0,10.0,10.0,14.29,-18.52,4.12
1970-02-01,1970,2,TSP,Fertilizers,($/mt),44.0,0.0,10.0,14.29,-18.52,-0.39
1970-03-01,1970,3,TSP,Fertilizers,($/mt),44.0,0.0,10.0,14.29,-18.52,-0.39
1970-04-01,1970,4,TSP,Fertilizers,($/mt),44.0,0.0,0.0,14.29,-18.52,-0.39
1970-05-01,1970,5,TSP,Fertilizers,($/mt),44.0,0.0,0.0,14.29,-18.52,-0.39
1970-06-01,1970,6,TSP,Fertilizers,($/mt),44.0,0.0,0.0,14.29,-18.52,-0.39
1970-07-01,1970,7,TSP,Fertilizers,($/mt),41.0,-6.82,-6.82,2.5,-24.07,-2.66
1970-08-01,1970,8,TSP,Fertilizers,($/mt),41.0,0.0,-6.82,2.5,-24.07,-0.07
1970-09-01,1970,9,TSP,Fertilizers,($/mt),41.0,0.0,-6.82,2.5,-24.07,-0.07
1970-10-01,1970,10,TSP,Fertilizers,($/mt),41.0,0.0,0.0,2.5,-24.07,-0.07
1970-11-01,1970,11,TSP,Fertilizers,($/mt),41.0,0.0,0.0,2.5,-24.07,-0.07
1970-12-01,1970,12,TSP,Fertilizers,($/mt),41.0,0.0,0.0,2.5,-24.07,-0.07
1971-01-01,1971,1,TSP,Fertilizers,($/mt),40.0,-2.44,-2.44,-9.09,-20.0,-0.74
1971-02-01,1971,2,TSP,Fertilizers,($/mt),40.0,0.0,-2.44,-9.09,-20.0,0.38
1971-03-01,1971,3,TSP,Fertilizers,($/mt),40.0,0.0,-2.44,-9.09,-20.0,0.38
1971-04-01,1971,4,TSP,Fertilizers,($/mt),40.0,0.0,0.0,-9.09,-20.0,0.38
1971-05-01,1971,5,TSP,Fertilizers,($/mt),40.0,0.0,0.0,-9.09,-20.0,0.38
1971-06-01,1971,6,TSP,Fertilizers,($/mt),40.0,0.0,0.0,-9.09,-20.0,0.38
1971-07-01,1971,7,TSP,Fertilizers,($/mt),46.5,16.25,16.25,13.41,-7.0,8.39
1971-08-01,1971,8,TSP,Fertilizers,($/mt),46.5,0.0,16.25,13.41,-7.0,-0.24
1971-09-01,1971,9,TSP,Fertilizers,($/mt),46.5,0.0,16.25,13.41,-7.0,-0.24
1971-10-01,1971,10,TSP,Fertilizers,($/mt),46.5,0.0,0.0,13.41,-7.0,-0.24
1971-11-01,1971,11,TSP,Fertilizers,($/mt),46.5,0.0,0.0,13.41,-7.0,-0.24
1971-12-01,1971,12,TSP,Fertilizers,($/mt),46.5,0.0,0.0,13.41,-7.0,-0.24
1972-01-01,1972,1,TSP,Fertilizers,($/mt),60.0,29.03,29.03,50.0,29.03,5.8
1972-02-01,1972,2,TSP,Fertilizers,($/mt),60.0,0.0,29.03,50.0,29.03,-0.41
1972-03-01,1972,3,TSP,Fertilizers,($/mt),60.0,0.0,29.03,50.0,29.03,-0.41
1972-04-01,1972,4,TSP,Fertilizers,($/mt),60.0,0.0,0.0,50.0,29.03,-0.41
1972-05-01,1972,5,TSP,Fertilizers,($/mt),60.0,0.0,0.0,50.0,29.03,-0.41
1972-06-01,1972,6,TSP,Fertilizers,($/mt),60.0,0.0,0.0,50.0,29.03,-0.41
1972-07-01,1972,7,TSP,Fertilizers,($/mt),75.0,25.0,25.0,61.29,72.41,2.3
1972-08-01,1972,8,TSP,Fertilizers,($/mt),75.0,0.0,25.0,61.29,72.41,-0.43
1972-09-01,1972,9,TSP,Fertilizers,($/mt),75.0,0.0,25.0,61.29,72.41,-0.43
1972-10-01,1972,10,TSP,Fertilizers,($/mt),75.0,0.0,0.0,61.29,72.41,-0.43
1972-11-01,1972,11,TSP,Fertilizers,($/mt),75.0,0.0,0.0,61.29,72.41,-0.43
1972-12-01,1972,12,TSP,Fertilizers,($/mt),75.0,0.0,0.0,61.29,72.41,-0.43
1973-01-01,1973,1,TSP,Fertilizers,($/mt),84.0,12.0,12.0,40.0,115.38,0.71
1973-02-01,1973,2,TSP,Fertilizers,($/mt),84.0,0.0,12.0,40.0,115.38,-0.4
1973-03-01,1973,3,TSP,Fertilizers,($/mt),84.0,0.0,12.0,40.0,115.38,-0.4
1973-04-01,1973,4,TSP,Fertilizers,($/mt),84.0,0.0,0.0,40.0,115.38,-0.4
1973-05-01,1973,5,TSP,Fertilizers,($/mt),84.0,0.0,0.0,40.0,115.38,-0.4
1973-06-01,1973,6,TSP,Fertilizers,($/mt),84.0,0.0,0.0,40.0,115.38,-0.4
1973-07-01,1973,7,TSP,Fertilizers,($/mt),115.0,36.9,36.9,53.33,219.44,4.38
1973-08-01,1973,8,TSP,Fertilizers,($/mt),115.0,0.0,36.9,53.33,219.44,-0.37
1973-09-01,1973,9,TSP,Fertilizers,($/mt),115.0,0.0,36.9,53.33,219.44,-0.37
1973-10-01,1973,10,TSP,Fertilizers,($/mt),115.0,0.0,0.0,53.33,219.44,-0.37
1973-11-01,1973,11,TSP,Fertilizers,($/mt),115.0,0.0,0.0,53.33,219.44,-0.37
1973-12-01,1973,12,TSP,Fertilizers,($/mt),115.0,0.0,0.0,53.33,219.44,-0.37
1974-01-01,1974,1,TSP,Fertilizers,($/mt),180.0,56.52,56.52,114.29,367.53,4.81
1974-02-01,1974,2,TSP,Fertilizers,($/mt),220.0,22.22,91.3,161.9,471.43,0.77
1974-03-01,1974,3,TSP,Fertilizers,($/mt),242.0,10.0,110.43,188.1,528.57,0.02
1974-04-01,1974,4,TSP,Fertilizers,($/mt),281.0,16.12,56.11,234.52,629.87,0.3
1974-05-01,1974,5,TSP,Fertilizers,($/mt),294.0,4.63,33.64,250.0,663.64,-0.39
1974-06-01,1974,6,TSP,Fertilizers,($/mt),336.0,14.29,38.84,300.0,772.73,0.11
1974-07-01,1974,7,TSP,Fertilizers,($/mt),341.0,1.49,21.35,196.52,752.5,-0.67
1974-08-01,1974,8,TSP,Fertilizers,($/mt),337.0,-1.17,14.63,193.04,742.5,-0.71
1974-09-01,1974,9,TSP,Fertilizers,($/mt),361.0,7.12,7.44,213.91,802.5,-0.2
1974-10-01,1974,10,TSP,Fertilizers,($/mt),355.0,-1.66,4.11,208.7,787.5,-0.78
1974-11-01,1974,11,TSP,Fertilizers,($/mt),355.0,0.0,5.34,208.7,787.5,-0.66
1974-12-01,1974,12,TSP,Fertilizers,($/mt),341.0,-3.94,-5.54,196.52,752.5,-0.9
1975-01-01,1975,1,TSP,Fertilizers,($/mt),335.0,-1.76,-5.63,86.11,661.36,-0.74
1975-02-01,1975,2,TSP,Fertilizers,($/mt),320.0,-4.48,-9.86,45.45,627.27,-1.2
1975-03-01,1975,3,TSP,Fertilizers,($/mt),297.0,-7.19,-12.9,22.73,575.0,-1.5
1975-04-01,1975,4,TSP,Fertilizers,($/mt),249.0,-16.16,-25.67,-11.39,465.91,-2.48
1975-05-01,1975,5,TSP,Fertilizers,($/mt),206.0,-17.27,-35.62,-29.93,368.18,-2.19
1975-06-01,1975,6,TSP,Fertilizers,($/mt),172.0,-16.5,-42.09,-48.81,290.91,-1.6
1975-07-01,1975,7,TSP,Fertilizers,($/mt),158.0,-8.14,-36.55,-53.67,285.37,-0.39
1975-08-01,1975,8,TSP,Fertilizers,($/mt),158.0,0.0,-23.3,-53.12,285.37,0.79
1975-09-01,1975,9,TSP,Fertilizers,($/mt),158.0,0.0,-8.14,-56.23,285.37,0.77
1975-10-01,1975,10,TSP,Fertilizers,($/mt),131.0,-17.09,-17.09,-63.1,219.51,-1.59
1975-11-01,1975,11,TSP,Fertilizers,($/mt),123.0,-6.11,-22.15,-65.35,200.0,0.22
1975-12-01,1975,12,TSP,Fertilizers,($/mt),123.0,0.0,-22.15,-63.93,200.0,1.21
1976-01-01,1976,1,TSP,Fertilizers,($/mt),105.0,-14.63,-19.85,-68.66,162.5,-0.95
1976-02-01,1976,2,TSP,Fertilizers,($/mt),98.0,-6.67,-20.33,-69.38,145.0,0.33
1976-03-01,1976,3,TSP,Fertilizers,($/mt),98.0,0.0,-20.33,-67.0,145.0,1.31
1976-04-01,1976,4,TSP,Fertilizers,($/mt),90.0,-8.16,-14.29,-63.86,125.0,0.05
1976-05-01,1976,5,TSP,Fertilizers,($/mt),80.0,-11.11,-18.37,-61.17,100.0,-0.46
1976-06-01,1976,6,TSP,Fertilizers,($/mt),80.0,0.0,-18.37,-53.49,100.0,1.13
1976-07-01,1976,7,TSP,Fertilizers,($/mt),85.0,6.25,-5.56,-46.2,82.8,2.0
1976-08-01,1976,8,TSP,Fertilizers,($/mt),93.0,9.41,16.25,-41.14,100.0,2.02
1976-09-01,1976,9,TSP,Fertilizers,($/mt),100.0,7.53,25.0,-36.71,115.05,1.43
1976-10-01,1976,10,TSP,Fertilizers,($/mt),93.0,-7.0,9.41,-29.01,100.0,-0.42
1976-11-01,1976,11,TSP,Fertilizers,($/mt),86.0,-7.53,-7.53,-30.08,84.95,-0.65
1976-12-01,1976,12,TSP,Fertilizers,($/mt),83.0,-3.49,-17.0,-32.52,78.49,-0.11
1977-01-01,1977,1,TSP,Fertilizers,($/mt),95.0,14.46,2.15,-9.52,58.33,2.27
1977-02-01,1977,2,TSP,Fertilizers,($/mt),95.0,0.0,10.47,-3.06,58.33,0.06
1977-03-01,1977,3,TSP,Fertilizers,($/mt),99.0,4.21,19.28,1.02,65.0,0.52
1977-04-01,1977,4,TSP,Fertilizers,($/mt),98.0,-1.01,3.16,8.89,63.33,-0.17
1977-05-01,1977,5,TSP,Fertilizers,($/mt),92.0,-6.12,-3.16,15.0,53.33,-0.93
1977-06-01,1977,6,TSP,Fertilizers,($/mt),96.0,4.35,-3.03,20.0,60.0,0.42
1977-07-01,1977,7,TSP,Fertilizers,($/mt),95.0,-1.04,-3.06,11.76,26.67,-0.4
1977-08-01,1977,8,TSP,Fertilizers,($/mt),104.0,9.47,13.04,11.83,38.67,1.2
1977-09-01,1977,9,TSP,Fertilizers,($/mt),108.0,3.85,12.5,8.0,44.0,0.39
1977-10-01,1977,10,TSP,Fertilizers,($/mt),107.0,-0.93,12.63,15.05,42.67,-0.26
1977-11-01,1977,11,TSP,Fertilizers,($/mt),93.0,-13.08,-10.58,8.14,24.0,-2.29
1977-12-01,1977,12,TSP,Fertilizers,($/mt),93.0,0.0,-13.89,12.05,24.0,-0.12
1978-01-01,1978,1,TSP,Fertilizers,($/mt),98.0,5.38,-8.41,3.16,16.67,0.6
1978-02-01,1978,2,TSP,Fertilizers,($/mt),93.0,-5.1,0.0,-2.11,10.71,-0.94
1978-03-01,1978,3,TSP,Fertilizers,($/mt),97.0,4.3,4.3,-2.02,15.48,0.71
1978-04-01,1978,4,TSP,Fertilizers,($/mt),97.0,0.0,-1.02,-1.02,15.48,-0.0
1978-05-01,1978,5,TSP,Fertilizers,($/mt),93.0,-4.12,0.0,1.09,10.71,-0.69
1978-06-01,1978,6,TSP,Fertilizers,($/mt),92.0,-1.08,-5.15,-4.17,9.52,-0.22
1978-07-01,1978,7,TSP,Fertilizers,($/mt),95.0,3.26,-2.06,0.0,-17.39,0.6
1978-08-01,1978,8,TSP,Fertilizers,($/mt),102.0,7.37,9.68,-1.92,-11.3,1.23
1978-09-01,1978,9,TSP,Fertilizers,($/mt),105.5,3.43,14.67,-2.31,-8.26,0.62
1978-10-01,1978,10,TSP,Fertilizers,($/mt),105.5,0.0,11.05,-1.4,-8.26,0.01
1978-11-01,1978,11,TSP,Fertilizers,($/mt),101.0,-4.27,-0.98,8.6,-12.17,-0.77
1978-12-01,1978,12,TSP,Fertilizers,($/mt),97.5,-3.47,-7.58,4.84,-15.22,-1.05
1979-01-01,1979,1,TSP,Fertilizers,($/mt),109.5,12.31,3.79,11.73,-39.17,2.8
1979-02-01,1979,2,TSP,Fertilizers,($/mt),116.5,6.39,15.35,25.27,-47.05,1.01
1979-03-01,1979,3,TSP,Fertilizers,($/mt),132.0,13.3,35.38,36.08,-45.45,2.21
1979-04-01,1979,4,TSP,Fertilizers,($/mt),134.2,1.67,22.56,38.35,-52.24,-0.18
1979-05-01,1979,5,TSP,Fertilizers,($/mt),130.5,-2.76,12.02,40.32,-55.61,-0.94
1979-06-01,1979,6,TSP,Fertilizers,($/mt),131.5,0.77,-0.38,42.93,-60.86,-0.38
1979-07-01,1979,7,TSP,Fertilizers,($/mt),141.5,7.6,5.44,48.95,-58.5,0.77
1979-08-01,1979,8,TSP,Fertilizers,($/mt),151.5,7.07,16.09,48.53,-55.04,0.6
1979-09-01,1979,9,TSP,Fertilizers,($/mt),153.0,0.99,16.35,45.02,-57.62,-0.43
1979-10-01,1979,10,TSP,Fertilizers,($/mt),177.5,16.01,25.44,68.25,-50.0,2.14
1979-11-01,1979,11,TSP,Fertilizers,($/mt),187.0,5.35,23.43,85.15,-47.32,0.1
1979-12-01,1979,12,TSP,Fertilizers,($/mt),190.0,1.6,24.18,94.87,-44.28,-0.61
1980-01-01,1980,1,TSP,Fertilizers,($/mt),197.5,3.95,11.27,80.37,-41.04,-0.33
1980-02-01,1980,2,TSP,Fertilizers,($/mt),195.0,-1.27,4.28,67.38,-39.06,-1.19
1980-03-01,1980,3,TSP,Fertilizers,($/mt),200.0,2.56,5.26,51.52,-32.66,-0.34
1980-04-01,1980,4,TSP,Fertilizers,($/mt),182.5,-8.75,-7.59,35.99,-26.71,-2.48
1980-05-01,1980,5,TSP,Fertilizers,($/mt),171.0,-6.3,-12.31,31.03,-16.99,-1.48
1980-06-01,1980,6,TSP,Fertilizers,($/mt),170.0,-0.58,-15.0,29.28,-1.16,-0.47
1980-07-01,1980,7,TSP,Fertilizers,($/mt),173.0,1.76,-5.21,22.26,9.49,-0.09
1980-08-01,1980,8,TSP,Fertilizers,($/mt),167.5,-3.18,-2.05,10.56,6.01,-0.8
1980-09-01,1980,9,TSP,Fertilizers,($/mt),165.0,-1.49,-2.94,7.84,4.43,-0.4
1980-10-01,1980,10,TSP,Fertilizers,($/mt),164.5,-0.3,-4.91,-7.32,25.57,-0.18
1980-11-01,1980,11,TSP,Fertilizers,($/mt),175.5,6.69,4.78,-6.15,42.68,1.77
1980-12-01,1980,12,TSP,Fertilizers,($/mt),201.5,14.81,22.12,6.05,63.82,3.57
1981-01-01,1981,1,TSP,Fertilizers,($/mt),202.5,0.5,23.1,2.53,92.86,-0.03
1981-02-01,1981,2,TSP,Fertilizers,($/mt),204.5,0.99,16.52,4.87,108.67,0.1
1981-03-01,1981,3,TSP,Fertilizers,($/mt),187.5,-8.31,-6.95,-6.25,91.33,-1.47
1981-04-01,1981,4,TSP,Fertilizers,($/mt),177.5,-5.33,-12.35,-2.74,97.22,-0.77
1981-05-01,1981,5,TSP,Fertilizers,($/mt),161.0,-9.3,-21.27,-5.85,101.25,-1.5
1981-06-01,1981,6,TSP,Fertilizers,($/mt),157.5,-2.17,-16.0,-7.35,96.88,-0.29
1981-07-01,1981,7,TSP,Fertilizers,($/mt),146.5,-6.98,-17.46,-15.32,72.35,-1.0
1981-08-01,1981,8,TSP,Fertilizers,($/mt),137.5,-6.14,-14.6,-17.91,47.85,-0.74
1981-09-01,1981,9,TSP,Fertilizers,($/mt),139.0,1.09,-11.75,-15.76,39.0,0.37
1981-10-01,1981,10,TSP,Fertilizers,($/mt),133.5,-3.96,-8.87,-18.84,43.55,-0.4
1981-11-01,1981,11,TSP,Fertilizers,($/mt),146.5,9.74,6.55,-16.52,70.35,1.62
1981-12-01,1981,12,TSP,Fertilizers,($/mt),142.5,-2.73,2.52,-29.28,71.69,-0.2
1982-01-01,1982,1,TSP,Fertilizers,($/mt),155.0,8.77,16.1,-23.46,63.16,2.18
1982-02-01,1982,2,TSP,Fertilizers,($/mt),157.5,1.61,7.51,-22.98,65.79,0.59
1982-03-01,1982,3,TSP,Fertilizers,($/mt),140.0,-11.11,-1.75,-25.33,41.41,-1.47
1982-04-01,1982,4,TSP,Fertilizers,($/mt),135.5,-3.21,-12.58,-23.66,38.27,-0.15
1982-05-01,1982,5,TSP,Fertilizers,($/mt),138.5,2.21,-12.06,-13.98,50.54,0.66
1982-06-01,1982,6,TSP,Fertilizers,($/mt),133.0,-3.97,-5.0,-15.56,38.54,-0.47
1982-07-01,1982,7,TSP,Fertilizers,($/mt),133.5,0.38,-1.48,-8.87,40.53,0.26
1982-08-01,1982,8,TSP,Fertilizers,($/mt),135.5,1.5,-2.17,-1.45,30.29,0.36
1982-09-01,1982,9,TSP,Fertilizers,($/mt),135.0,-0.37,1.5,-2.88,25.0,-0.07
1982-10-01,1982,10,TSP,Fertilizers,($/mt),134.0,-0.74,0.37,0.37,25.23,-0.11
1982-11-01,1982,11,TSP,Fertilizers,($/mt),131.5,-1.87,-2.95,-10.24,41.4,-0.37
1982-12-01,1982,12,TSP,Fertilizers,($/mt),132.0,0.38,-2.22,-7.37,41.94,0.25
1983-01-01,1983,1,TSP,Fertilizers,($/mt),137.5,4.17,2.61,-11.29,40.31,1.01
1983-02-01,1983,2,TSP,Fertilizers,($/mt),134.5,-2.18,2.28,-14.6,44.62,-0.32
1983-03-01,1983,3,TSP,Fertilizers,($/mt),145.0,7.81,9.85,3.57,49.48,2.33
1983-04-01,1983,4,TSP,Fertilizers,($/mt),136.0,-6.21,-1.09,0.37,40.21,-1.99
1983-05-01,1983,5,TSP,Fertilizers,($/mt),132.5,-2.57,-1.49,-4.33,42.47,-0.72
1983-06-01,1983,6,TSP,Fertilizers,($/mt),127.5,-3.77,-12.07,-4.14,38.59,-0.94
1983-07-01,1983,7,TSP,Fertilizers,($/mt),128.0,0.39,-5.88,-4.12,34.74,0.19
1983-08-01,1983,8,TSP,Fertilizers,($/mt),122.5,-4.3,-7.55,-9.59,20.1,-1.09
1983-09-01,1983,9,TSP,Fertilizers,($/mt),124.5,1.63,-2.35,-7.78,18.01,0.63
1983-10-01,1983,10,TSP,Fertilizers,($/mt),145.0,16.47,13.28,8.21,37.44,4.43
1983-11-01,1983,11,TSP,Fertilizers,($/mt),140.5,-3.1,14.69,6.84,39.11,-0.63
1983-12-01,1983,12,TSP,Fertilizers,($/mt),142.5,1.42,14.46,7.95,46.15,0.11
1984-01-01,1984,1,TSP,Fertilizers,($/mt),142.5,0.0,-1.72,3.64,30.14,-0.13
1984-02-01,1984,2,TSP,Fertilizers,($/mt),142.5,0.0,1.42,5.95,22.32,-0.07
1984-03-01,1984,3,TSP,Fertilizers,($/mt),132.5,-7.02,-7.02,-8.62,0.38,-1.24
1984-04-01,1984,4,TSP,Fertilizers,($/mt),125.0,-5.66,-12.28,-8.09,-6.86,-0.83
1984-05-01,1984,5,TSP,Fertilizers,($/mt),116.0,-7.2,-18.6,-12.45,-11.11,-1.1
1984-06-01,1984,6,TSP,Fertilizers,($/mt),120.0,3.45,-9.43,-5.88,-8.75,0.69
1984-07-01,1984,7,TSP,Fertilizers,($/mt),132.5,10.42,6.0,3.52,-6.36,1.68
1984-08-01,1984,8,TSP,Fertilizers,($/mt),137.5,3.77,18.53,12.24,-9.24,0.46
1984-09-01,1984,9,TSP,Fertilizers,($/mt),137.5,0.0,14.58,10.44,-10.13,-0.17
1984-10-01,1984,10,TSP,Fertilizers,($/mt),137.5,0.0,3.77,-5.17,-22.54,-0.15
1984-11-01,1984,11,TSP,Fertilizers,($/mt),127.5,-7.27,-7.27,-9.25,-31.82,-1.38
1984-12-01,1984,12,TSP,Fertilizers,($/mt),124.0,-2.75,-9.82,-12.98,-34.74,-0.39
1985-01-01,1985,1,TSP,Fertilizers,($/mt),117.5,-5.24,-14.55,-17.54,-40.51,-0.79
1985-02-01,1985,2,TSP,Fertilizers,($/mt),113.5,-3.4,-10.98,-20.35,-41.79,-0.36
1985-03-01,1985,3,TSP,Fertilizers,($/mt),114.0,0.44,-8.06,-13.96,-43.0,0.4
1985-04-01,1985,4,TSP,Fertilizers,($/mt),116.0,1.75,-1.28,-7.2,-36.44,0.55
1985-05-01,1985,5,TSP,Fertilizers,($/mt),116.0,0.0,2.2,0.0,-32.16,0.1
1985-06-01,1985,6,TSP,Fertilizers,($/mt),112.0,-3.45,-1.75,-6.67,-34.12,-0.76
1985-07-01,1985,7,TSP,Fertilizers,($/mt),114.5,2.23,-1.29,-13.58,-33.82,0.59
1985-08-01,1985,8,TSP,Fertilizers,($/mt),122.5,6.99,5.6,-10.91,-26.87,2.49
1985-09-01,1985,9,TSP,Fertilizers,($/mt),126.0,2.86,12.5,-8.36,-23.64,0.99
1985-10-01,1985,10,TSP,Fertilizers,($/mt),132.5,5.16,15.72,-3.64,-19.45,1.47
1985-11-01,1985,11,TSP,Fertilizers,($/mt),135.0,1.89,10.2,5.88,-23.08,0.49
1985-12-01,1985,12,TSP,Fertilizers,($/mt),137.0,1.48,8.73,10.48,-32.01,0.25
1986-01-01,1986,1,TSP,Fertilizers,($/mt),133.0,-2.92,0.38,13.19,-34.32,-1.07
1986-02-01,1986,2,TSP,Fertilizers,($/mt),134.5,1.13,-0.37,18.5,-34.23,0.01
1986-03-01,1986,3,TSP,Fertilizers,($/mt),139.0,3.35,1.46,21.93,-25.87,0.65
1986-04-01,1986,4,TSP,Fertilizers,($/mt),140.0,0.72,5.26,20.69,-21.13,-0.33
1986-05-01,1986,5,TSP,Fertilizers,($/mt),127.0,-9.29,-5.58,9.48,-21.12,-3.69
1986-06-01,1986,6,TSP,Fertilizers,($/mt),118.5,-6.69,-14.75,5.8,-24.76,-1.74
1986-07-01,1986,7,TSP,Fertilizers,($/mt),110.5,-6.75,-21.07,-3.49,-24.57,-1.56
1986-08-01,1986,8,TSP,Fertilizers,($/mt),108.0,-2.26,-14.96,-11.84,-21.45,-0.41
1986-09-01,1986,9,TSP,Fertilizers,($/mt),111.0,2.78,-6.33,-11.9,-20.14,0.81
1986-10-01,1986,10,TSP,Fertilizers,($/mt),116.0,4.5,4.98,-12.45,-13.11,1.19
1986-11-01,1986,11,TSP,Fertilizers,($/mt),108.0,-6.9,0.0,-20.0,-26.28,-1.3
1986-12-01,1986,12,TSP,Fertilizers,($/mt),108.5,0.46,-2.25,-20.8,-23.86,0.47
1987-01-01,1987,1,TSP,Fertilizers,($/mt),113.5,4.61,-2.16,-14.66,-26.77,1.38
1987-02-01,1987,2,TSP,Fertilizers,($/mt),126.5,11.45,17.13,-5.95,-19.68,2.53
1987-03-01,1987,3,TSP,Fertilizers,($/mt),131.0,3.56,20.74,-5.76,-6.43,0.63
1987-04-01,1987,4,TSP,Fertilizers,($/mt),132.5,1.15,16.74,-5.36,-2.21,0.24
1987-05-01,1987,5,TSP,Fertilizers,($/mt),132.5,0.0,4.74,4.33,-4.33,0.05
1987-06-01,1987,6,TSP,Fertilizers,($/mt),139.5,5.28,6.49,17.72,4.89,0.87
1987-07-01,1987,7,TSP,Fertilizers,($/mt),146.5,5.02,10.57,32.58,9.74,0.68
1987-08-01,1987,8,TSP,Fertilizers,($/mt),152.5,4.1,15.09,41.2,12.55,0.36
1987-09-01,1987,9,TSP,Fertilizers,($/mt),149.5,-1.97,7.17,34.68,10.74,-1.15
1987-10-01,1987,10,TSP,Fertilizers,($/mt),145.5,-2.68,-0.68,25.43,8.58,-1.16
1987-11-01,1987,11,TSP,Fertilizers,($/mt),144.0,-1.03,-5.57,33.33,9.51,-0.64
1987-12-01,1987,12,TSP,Fertilizers,($/mt),142.5,-1.04,-4.68,31.34,7.95,-0.89
1988-01-01,1988,1,TSP,Fertilizers,($/mt),154.5,8.42,6.19,36.12,12.36,1.49
1988-02-01,1988,2,TSP,Fertilizers,($/mt),153.5,-0.65,6.6,21.34,14.13,-0.76
1988-03-01,1988,3,TSP,Fertilizers,($/mt),154.0,0.33,8.07,17.56,6.21,-0.39
1988-04-01,1988,4,TSP,Fertilizers,($/mt),154.0,0.0,-0.32,16.23,13.24,-0.41
1988-05-01,1988,5,TSP,Fertilizers,($/mt),154.0,0.0,0.33,16.23,16.23,-0.38
1988-06-01,1988,6,TSP,Fertilizers,($/mt),157.5,2.27,2.27,12.9,23.53,0.27
1988-07-01,1988,7,TSP,Fertilizers,($/mt),157.5,0.0,2.27,7.51,23.05,-0.32
1988-08-01,1988,8,TSP,Fertilizers,($/mt),161.5,2.54,4.87,5.9,31.84,0.62
1988-09-01,1988,9,TSP,Fertilizers,($/mt),162.0,0.31,2.86,8.36,30.12,-0.07
1988-10-01,1988,10,TSP,Fertilizers,($/mt),164.0,1.23,4.13,12.71,13.1,0.19
1988-11-01,1988,11,TSP,Fertilizers,($/mt),164.0,0.0,1.55,13.89,16.73,-0.4
1988-12-01,1988,12,TSP,Fertilizers,($/mt),164.0,0.0,1.23,15.09,15.09,-0.44
1989-01-01,1989,1,TSP,Fertilizers,($/mt),164.0,0.0,0.0,6.15,15.09,-0.49
1989-02-01,1989,2,TSP,Fertilizers,($/mt),164.0,0.0,0.0,6.84,15.09,-0.51
1989-03-01,1989,3,TSP,Fertilizers,($/mt),158.0,-3.66,-3.66,2.6,19.25,-4.51
1989-04-01,1989,4,TSP,Fertilizers,($/mt),156.5,-0.95,-4.57,1.62,25.2,-0.76
1989-05-01,1989,5,TSP,Fertilizers,($/mt),149.0,-4.79,-9.15,-3.25,28.45,-3.14
1989-06-01,1989,6,TSP,Fertilizers,($/mt),140.5,-5.7,-11.08,-10.79,17.08,-2.56
1989-07-01,1989,7,TSP,Fertilizers,($/mt),140.5,0.0,-10.22,-10.79,6.04,0.37
1989-08-01,1989,8,TSP,Fertilizers,($/mt),136.5,-2.85,-8.39,-15.48,-0.73,-0.78
1989-09-01,1989,9,TSP,Fertilizers,($/mt),136.5,0.0,-2.85,-15.74,-0.73,0.6
1989-10-01,1989,10,TSP,Fertilizers,($/mt),130.5,-4.4,-7.12,-20.43,-5.09,-1.33
1989-11-01,1989,11,TSP,Fertilizers,($/mt),126.0,-3.45,-7.69,-23.17,-1.18,-0.71
1989-12-01,1989,12,TSP,Fertilizers,($/mt),126.0,0.0,-7.69,-23.17,1.61,0.97
1990-01-01,1990,1,TSP,Fertilizers,($/mt),109.5,-13.1,-16.09,-33.23,-6.81,-4.96
1990-02-01,1990,2,TSP,Fertilizers,($/mt),112.0,2.28,-11.11,-31.71,-1.32,1.47
1990-03-01,1990,3,TSP,Fertilizers,($/mt),112.0,0.0,-11.11,-29.11,-1.75,0.77
1990-04-01,1990,4,TSP,Fertilizers,($/mt),127.5,13.84,16.44,-18.53,9.91,4.08
1990-05-01,1990,5,TSP,Fertilizers,($/mt),127.5,0.0,13.84,-14.43,9.91,0.24
1990-06-01,1990,6,TSP,Fertilizers,($/mt),130.0,1.96,16.07,-7.47,16.07,0.49
1990-07-01,1990,7,TSP,Fertilizers,($/mt),131.0,0.77,2.75,-6.76,14.41,0.2
1990-08-01,1990,8,TSP,Fertilizers,($/mt),135.6,3.51,6.35,-0.66,10.69,0.64
1990-09-01,1990,9,TSP,Fertilizers,($/mt),144.3,6.42,11.0,5.71,14.52,1.02
1990-10-01,1990,10,TSP,Fertilizers,($/mt),149.5,3.6,14.12,14.56,12.83,0.46
1990-11-01,1990,11,TSP,Fertilizers,($/mt),152.5,2.01,12.46,21.03,12.96,0.11
1990-12-01,1990,12,TSP,Fertilizers,($/mt),150.5,-1.31,4.3,19.44,9.85,-0.51
1991-01-01,1991,1,TSP,Fertilizers,($/mt),152.5,1.33,2.01,39.27,14.66,-0.05
1991-02-01,1991,2,TSP,Fertilizers,($/mt),152.5,0.0,0.0,36.16,13.38,-0.72
1991-03-01,1991,3,TSP,Fertilizers,($/mt),147.5,-3.28,-1.99,31.7,6.12,-1.46
1991-04-01,1991,4,TSP,Fertilizers,($/mt),143.3,-2.85,-6.03,12.39,2.36,-1.2
1991-05-01,1991,5,TSP,Fertilizers,($/mt),130.6,-8.86,-14.36,2.43,2.83,-3.55
1991-06-01,1991,6,TSP,Fertilizers,($/mt),129.5,-0.84,-12.2,-0.38,9.28,-0.28
1991-07-01,1991,7,TSP,Fertilizers,($/mt),131.0,1.16,-8.58,0.0,18.55,0.28
1991-08-01,1991,8,TSP,Fertilizers,($/mt),127.0,-3.05,-2.76,-6.34,17.59,-0.79
1991-09-01,1991,9,TSP,Fertilizers,($/mt),122.5,-3.54,-5.41,-15.11,10.36,-0.79
1991-10-01,1991,10,TSP,Fertilizers,($/mt),121.1,-1.14,-7.56,-19.0,4.4,0.05
1991-11-01,1991,11,TSP,Fertilizers,($/mt),120.0,-0.91,-5.51,-21.31,11.11,0.27
1991-12-01,1991,12,TSP,Fertilizers,($/mt),120.0,0.0,-2.04,-20.27,10.6,0.71
1992-01-01,1992,1,TSP,Fertilizers,($/mt),120.0,0.0,-0.91,-21.31,5.73,0.66
1992-02-01,1992,2,TSP,Fertilizers,($/mt),120.0,0.0,0.0,-21.31,-5.14,0.73
1992-03-01,1992,3,TSP,Fertilizers,($/mt),120.0,0.0,0.0,-18.64,-8.4,0.73
1992-04-01,1992,4,TSP,Fertilizers,($/mt),120.2,0.17,0.17,-16.12,-9.28,0.68
1992-05-01,1992,5,TSP,Fertilizers,($/mt),120.5,0.25,0.42,-7.73,-9.06,0.62
1992-06-01,1992,6,TSP,Fertilizers,($/mt),120.5,0.0,0.42,-6.95,-13.62,0.48
1992-07-01,1992,7,TSP,Fertilizers,($/mt),120.5,0.0,0.25,-8.02,-17.75,0.42
1992-08-01,1992,8,TSP,Fertilizers,($/mt),120.8,0.25,0.25,-4.88,-20.79,0.72
1992-09-01,1992,9,TSP,Fertilizers,($/mt),121.5,0.58,0.83,-0.82,-18.73,0.92
1992-10-01,1992,10,TSP,Fertilizers,($/mt),121.5,0.0,0.83,0.33,-16.49,0.14
1992-11-01,1992,11,TSP,Fertilizers,($/mt),121.5,0.0,0.58,1.25,-15.62,-0.08
1992-12-01,1992,12,TSP,Fertilizers,($/mt),121.9,0.33,0.33,1.58,-14.46,1.25
1993-01-01,1993,1,TSP,Fertilizers,($/mt),121.9,0.0,0.33,1.58,-21.1,-0.7
1993-02-01,1993,2,TSP,Fertilizers,($/mt),121.5,-0.33,0.0,1.25,-20.85,-2.44
1993-03-01,1993,3,TSP,Fertilizers,($/mt),111.0,-8.64,-8.94,-7.5,-27.92,-38.27
1993-04-01,1993,4,TSP,Fertilizers,($/mt),109.6,-1.26,-10.09,-8.82,-28.83,-0.25
1993-05-01,1993,5,TSP,Fertilizers,($/mt),107.5,-1.92,-11.52,-10.79,-30.19,-0.47
1993-06-01,1993,6,TSP,Fertilizers,($/mt),105.5,-1.86,-4.95,-12.45,-33.02,-0.37
1993-07-01,1993,7,TSP,Fertilizers,($/mt),105.1,-0.38,-4.11,-12.78,-33.27,0.27
1993-08-01,1993,8,TSP,Fertilizers,($/mt),107.5,2.28,0.0,-11.01,-33.44,1.35
1993-09-01,1993,9,TSP,Fertilizers,($/mt),107.5,0.0,1.9,-11.52,-33.64,0.35
1993-10-01,1993,10,TSP,Fertilizers,($/mt),111.3,3.53,5.9,-8.4,-32.13,1.7
1993-11-01,1993,11,TSP,Fertilizers,($/mt),112.5,1.08,4.65,-7.41,-31.4,0.6
1993-12-01,1993,12,TSP,Fertilizers,($/mt),122.5,8.89,13.95,0.49,-25.3,3.17
1994-01-01,1994,1,TSP,Fertilizers,($/mt),125.0,2.04,12.31,2.54,-23.78,0.47
1994-02-01,1994,2,TSP,Fertilizers,($/mt),125.6,0.48,11.64,3.37,-23.41,0.05
1994-03-01,1994,3,TSP,Fertilizers,($/mt),127.5,1.51,4.08,14.86,-19.3,0.28
1994-04-01,1994,4,TSP,Fertilizers,($/mt),130.0,1.96,4.0,18.61,-16.93,0.26
1994-05-01,1994,5,TSP,Fertilizers,($/mt),132.5,1.92,5.49,23.26,-11.07,0.16
1994-06-01,1994,6,TSP,Fertilizers,($/mt),132.5,0.0,3.92,25.59,-5.69,-0.67
1994-07-01,1994,7,TSP,Fertilizers,($/mt),132.5,0.0,1.92,26.07,-5.69,-0.79
1994-08-01,1994,8,TSP,Fertilizers,($/mt),132.5,0.0,0.0,23.26,-2.93,-0.81
1994-09-01,1994,9,TSP,Fertilizers,($/mt),132.5,0.0,0.0,23.26,-2.93,-0.71
1994-10-01,1994,10,TSP,Fertilizers,($/mt),136.6,3.09,3.09,22.73,4.67,0.52
1994-11-01,1994,11,TSP,Fertilizers,($/mt),139.0,1.76,4.91,23.56,10.32,0.0
1994-12-01,1994,12,TSP,Fertilizers,($/mt),139.0,0.0,4.91,13.47,10.32,-0.73
1995-01-01,1995,1,TSP,Fertilizers,($/mt),142.4,2.45,4.25,13.92,30.05,1.26
1995-02-01,1995,2,TSP,Fertilizers,($/mt),147.5,3.58,6.12,17.44,31.7,2.18
1995-03-01,1995,3,TSP,Fertilizers,($/mt),147.5,0.0,6.12,15.69,31.7,-1.03
1995-04-01,1995,4,TSP,Fertilizers,($/mt),147.5,0.0,3.58,13.46,15.69,-0.89
1995-05-01,1995,5,TSP,Fertilizers,($/mt),147.5,0.0,0.0,11.32,15.69,-0.76
1995-06-01,1995,6,TSP,Fertilizers,($/mt),147.5,0.0,0.0,11.32,13.46,-0.65
1995-07-01,1995,7,TSP,Fertilizers,($/mt),147.5,0.0,0.0,11.32,12.6,-0.65
1995-08-01,1995,8,TSP,Fertilizers,($/mt),147.5,0.0,0.0,11.32,8.78,-0.65
1995-09-01,1995,9,TSP,Fertilizers,($/mt),147.5,0.0,0.0,11.32,2.22,-0.65
1995-10-01,1995,10,TSP,Fertilizers,($/mt),150.0,1.69,1.69,9.81,0.33,0.56
1995-11-01,1995,11,TSP,Fertilizers,($/mt),160.7,7.13,8.95,15.61,5.38,5.06
1995-12-01,1995,12,TSP,Fertilizers,($/mt),162.5,1.12,10.17,16.91,7.97,-0.05
1996-01-01,1996,1,TSP,Fertilizers,($/mt),162.5,0.0,8.33,14.12,6.56,-0.61
1996-02-01,1996,2,TSP,Fertilizers,($/mt),169.1,4.06,5.23,14.64,10.89,1.34
1996-03-01,1996,3,TSP,Fertilizers,($/mt),173.5,2.6,6.77,17.63,17.63,0.64
1996-04-01,1996,4,TSP,Fertilizers,($/mt),173.5,0.0,6.77,17.63,21.07,-0.62
1996-05-01,1996,5,TSP,Fertilizers,($/mt),173.5,0.0,2.6,17.63,32.85,-0.62
1996-06-01,1996,6,TSP,Fertilizers,($/mt),174.6,0.63,0.63,18.37,34.83,-0.33
1996-07-01,1996,7,TSP,Fertilizers,($/mt),175.6,0.57,1.21,19.05,34.05,-0.39
1996-08-01,1996,8,TSP,Fertilizers,($/mt),178.6,1.71,2.94,21.08,40.63,0.1
1996-09-01,1996,9,TSP,Fertilizers,($/mt),181.5,1.62,3.95,23.05,48.16,-0.0
1996-10-01,1996,10,TSP,Fertilizers,($/mt),182.5,0.55,3.93,21.67,50.7,-0.58
1996-11-01,1996,11,TSP,Fertilizers,($/mt),182.5,0.0,2.18,13.57,52.08,-0.79
1996-12-01,1996,12,TSP,Fertilizers,($/mt),182.5,0.0,0.55,12.31,52.08,-0.86
1997-01-01,1997,1,TSP,Fertilizers,($/mt),181.9,-0.33,-0.33,11.94,51.58,-1.01
1997-02-01,1997,2,TSP,Fertilizers,($/mt),181.0,-0.49,-0.82,7.04,50.83,-1.1
1997-03-01,1997,3,TSP,Fertilizers,($/mt),181.0,0.0,-0.82,4.32,50.83,-0.61
1997-04-01,1997,4,TSP,Fertilizers,($/mt),177.6,-1.88,-2.36,2.36,47.75,-3.18
1997-05-01,1997,5,TSP,Fertilizers,($/mt),170.0,-4.28,-6.08,-2.02,41.08,-4.7
1997-06-01,1997,6,TSP,Fertilizers,($/mt),170.0,0.0,-6.08,-2.63,41.08,0.1
1997-07-01,1997,7,TSP,Fertilizers,($/mt),168.2,-1.06,-5.29,-4.21,39.59,-0.53
1997-08-01,1997,8,TSP,Fertilizers,($/mt),163.5,-2.79,-3.82,-8.45,35.35,-1.54
1997-09-01,1997,9,TSP,Fertilizers,($/mt),163.5,0.0,-3.82,-9.92,34.57,0.45
1997-10-01,1997,10,TSP,Fertilizers,($/mt),164.3,0.49,-2.32,-9.97,35.23,0.94
1997-11-01,1997,11,TSP,Fertilizers,($/mt),169.4,3.1,3.61,-7.18,39.42,2.78
1997-12-01,1997,12,TSP,Fertilizers,($/mt),172.5,1.83,5.5,-5.48,41.51,1.33
1998-01-01,1998,1,TSP,Fertilizers,($/mt),172.5,0.0,4.99,-5.17,41.51,0.23
1998-02-01,1998,2,TSP,Fertilizers,($/mt),172.5,0.0,1.83,-4.7,41.98,0.22
1998-03-01,1998,3,TSP,Fertilizers,($/mt),172.5,0.0,0.0,-4.7,55.41,0.2
1998-04-01,1998,4,TSP,Fertilizers,($/mt),173.7,0.7,0.7,-2.2,58.49,0.55
1998-05-01,1998,5,TSP,Fertilizers,($/mt),176.3,1.5,2.2,3.71,64.0,0.87
1998-06-01,1998,6,TSP,Fertilizers,($/mt),177.5,0.68,2.9,4.41,68.25,0.25
1998-07-01,1998,7,TSP,Fertilizers,($/mt),177.5,0.0,2.19,5.53,68.89,-0.25
1998-08-01,1998,8,TSP,Fertilizers,($/mt),175.0,-1.41,-0.74,7.03,62.79,-1.33
1998-09-01,1998,9,TSP,Fertilizers,($/mt),172.5,-1.43,-2.82,5.5,60.47,-1.75
1998-10-01,1998,10,TSP,Fertilizers,($/mt),171.6,-0.52,-3.32,4.44,54.18,-0.76
1998-11-01,1998,11,TSP,Fertilizers,($/mt),167.5,-2.39,-4.29,-1.12,48.89,-2.11
1998-12-01,1998,12,TSP,Fertilizers,($/mt),167.5,0.0,-2.9,-2.9,36.73,0.07
1999-01-01,1999,1,TSP,Fertilizers,($/mt),166.4,-0.66,-3.03,-3.54,33.12,-0.39
1999-02-01,1999,2,TSP,Fertilizers,($/mt),163.0,-2.04,-2.69,-5.51,29.78,-1.64
1999-03-01,1999,3,TSP,Fertilizers,($/mt),163.0,0.0,-2.69,-5.51,27.84,0.4
1999-04-01,1999,4,TSP,Fertilizers,($/mt),163.0,0.0,-2.04,-6.16,25.38,0.4
1999-05-01,1999,5,TSP,Fertilizers,($/mt),163.0,0.0,0.0,-7.54,23.02,0.46
1999-06-01,1999,6,TSP,Fertilizers,($/mt),161.8,-0.74,-0.74,-8.85,22.11,-0.09
1999-07-01,1999,7,TSP,Fertilizers,($/mt),153.9,-4.88,-5.58,-13.3,16.15,-4.79
1999-08-01,1999,8,TSP,Fertilizers,($/mt),151.3,-1.69,-7.18,-13.54,14.19,-0.36
1999-09-01,1999,9,TSP,Fertilizers,($/mt),147.5,-2.51,-8.84,-14.49,11.32,-0.92
1999-10-01,1999,10,TSP,Fertilizers,($/mt),145.1,-1.63,-5.72,-15.44,6.22,-0.23
1999-11-01,1999,11,TSP,Fertilizers,($/mt),138.0,-4.89,-8.79,-17.61,-0.72,-2.39
1999-12-01,1999,12,TSP,Fertilizers,($/mt),138.0,0.0,-6.44,-17.61,-0.72,0.9
2000-01-01,2000,1,TSP,Fertilizers,($/mt),138.0,0.0,-4.89,-17.07,-3.09,0.9
2000-02-01,2000,2,TSP,Fertilizers,($/mt),138.0,0.0,0.0,-15.34,-6.44,0.85
2000-03-01,2000,3,TSP,Fertilizers,($/mt),138.0,0.0,0.0,-15.34,-6.44,0.73
2000-04-01,2000,4,TSP,Fertilizers,($/mt),138.0,0.0,0.0,-15.34,-6.44,0.73
2000-05-01,2000,5,TSP,Fertilizers,($/mt),138.0,0.0,0.0,-15.34,-6.44,0.73
2000-06-01,2000,6,TSP,Fertilizers,($/mt),138.0,0.0,0.0,-14.71,-6.44,0.73
2000-07-01,2000,7,TSP,Fertilizers,($/mt),140.3,1.67,1.67,-8.84,-4.88,1.57
2000-08-01,2000,8,TSP,Fertilizers,($/mt),142.5,1.57,3.26,-5.82,-3.39,1.37
2000-09-01,2000,9,TSP,Fertilizers,($/mt),142.5,0.0,3.26,-3.39,-3.39,0.27
2000-10-01,2000,10,TSP,Fertilizers,($/mt),141.3,-0.84,0.71,-2.62,-5.8,-0.34
2000-11-01,2000,11,TSP,Fertilizers,($/mt),129.0,-8.7,-9.47,-6.52,-19.73,-5.2
2000-12-01,2000,12,TSP,Fertilizers,($/mt),129.0,0.0,-9.47,-6.52,-20.62,0.2
2001-01-01,2001,1,TSP,Fertilizers,($/mt),129.0,0.0,-8.7,-6.52,-20.62,0.2
2001-02-01,2001,2,TSP,Fertilizers,($/mt),129.0,0.0,0.0,-6.52,-23.71,0.2
2001-03-01,2001,3,TSP,Fertilizers,($/mt),129.0,0.0,0.0,-6.52,-25.65,0.2
2001-04-01,2001,4,TSP,Fertilizers,($/mt),129.0,0.0,0.0,-6.52,-25.65,0.2
2001-05-01,2001,5,TSP,Fertilizers,($/mt),125.5,-2.71,-2.71,-9.06,-27.67,-0.82
2001-06-01,2001,6,TSP,Fertilizers,($/mt),122.5,-2.39,-5.04,-11.23,-29.84,-0.6
2001-07-01,2001,7,TSP,Fertilizers,($/mt),123.8,1.06,-4.03,-11.76,-29.5,0.73
2001-08-01,2001,8,TSP,Fertilizers,($/mt),125.0,0.97,-0.4,-12.28,-30.01,0.73
2001-09-01,2001,9,TSP,Fertilizers,($/mt),124.4,-0.48,1.55,-12.7,-31.46,0.21
2001-10-01,2001,10,TSP,Fertilizers,($/mt),124.4,0.0,0.48,-11.96,-31.84,0.41
2001-11-01,2001,11,TSP,Fertilizers,($/mt),130.0,4.5,4.0,0.78,-28.77,2.07
2001-12-01,2001,12,TSP,Fertilizers,($/mt),131.0,0.77,5.31,1.55,-28.22,0.38
2002-01-01,2002,1,TSP,Fertilizers,($/mt),131.0,0.0,5.31,1.55,-27.98,-0.08
2002-02-01,2002,2,TSP,Fertilizers,($/mt),138.0,5.34,6.15,6.98,-23.76,2.88
2002-03-01,2002,3,TSP,Fertilizers,($/mt),138.0,0.0,5.34,6.98,-23.76,-0.25
2002-04-01,2002,4,TSP,Fertilizers,($/mt),132.0,-4.35,0.76,2.33,-25.68,-2.1
2002-05-01,2002,5,TSP,Fertilizers,($/mt),136.1,3.11,-1.38,8.45,-19.94,1.05
2002-06-01,2002,6,TSP,Fertilizers,($/mt),128.9,-5.29,-6.59,5.22,-24.18,-2.23
2002-07-01,2002,7,TSP,Fertilizers,($/mt),127.4,-1.16,-3.48,2.91,-24.26,-0.53
2002-08-01,2002,8,TSP,Fertilizers,($/mt),133.3,4.63,-2.06,6.64,-18.47,1.39
2002-09-01,2002,9,TSP,Fertilizers,($/mt),135.5,1.65,5.12,8.92,-17.13,0.32
2002-10-01,2002,10,TSP,Fertilizers,($/mt),133.1,-1.77,4.47,6.99,-18.99,-0.75
2002-11-01,2002,11,TSP,Fertilizers,($/mt),132.0,-0.83,-0.98,1.54,-22.08,-0.42
2002-12-01,2002,12,TSP,Fertilizers,($/mt),131.5,-0.38,-2.95,0.38,-23.77,-0.17
2003-01-01,2003,1,TSP,Fertilizers,($/mt),128.6,-2.21,-3.38,-1.83,-25.45,-0.71
2003-02-01,2003,2,TSP,Fertilizers,($/mt),136.0,5.75,3.03,-1.45,-21.16,1.78
2003-03-01,2003,3,TSP,Fertilizers,($/mt),143.8,5.74,9.35,4.2,-16.64,1.73
2003-04-01,2003,4,TSP,Fertilizers,($/mt),145.0,0.83,12.75,9.85,-16.52,0.11
2003-05-01,2003,5,TSP,Fertilizers,($/mt),146.0,0.69,7.35,7.27,-17.19,-0.04
2003-06-01,2003,6,TSP,Fertilizers,($/mt),148.3,1.58,3.13,15.05,-16.45,0.28
2003-07-01,2003,7,TSP,Fertilizers,($/mt),150.9,1.75,4.07,18.45,-14.99,0.19
2003-08-01,2003,8,TSP,Fertilizers,($/mt),150.0,-0.6,2.74,12.53,-14.29,-0.76
2003-09-01,2003,9,TSP,Fertilizers,($/mt),153.6,2.4,3.57,13.36,-10.96,0.54
2003-10-01,2003,10,TSP,Fertilizers,($/mt),164.0,6.77,8.68,23.22,-4.43,2.2
2003-11-01,2003,11,TSP,Fertilizers,($/mt),163.0,-0.61,8.67,23.48,-2.69,-0.83
2003-12-01,2003,12,TSP,Fertilizers,($/mt),162.9,-0.06,6.05,23.88,-2.75,-0.65
2004-01-01,2004,1,TSP,Fertilizers,($/mt),171.6,5.34,4.63,33.44,3.12,1.23
2004-02-01,2004,2,TSP,Fertilizers,($/mt),177.1,3.21,8.65,30.22,8.65,0.27
2004-03-01,2004,3,TSP,Fertilizers,($/mt),177.5,0.23,8.96,23.44,8.9,-0.8
2004-04-01,2004,4,TSP,Fertilizers,($/mt),177.5,0.0,3.44,22.41,8.9,-0.77
2004-05-01,2004,5,TSP,Fertilizers,($/mt),177.5,0.0,0.23,21.58,8.9,-0.73
2004-06-01,2004,6,TSP,Fertilizers,($/mt),177.5,0.0,0.0,19.69,9.7,-0.69
2004-07-01,2004,7,TSP,Fertilizers,($/mt),191.5,7.89,7.89,26.91,24.43,2.59
2004-08-01,2004,8,TSP,Fertilizers,($/mt),195.0,1.83,9.86,30.0,28.88,-0.07
2004-09-01,2004,9,TSP,Fertilizers,($/mt),195.0,0.0,9.86,26.95,32.2,-0.76
2004-10-01,2004,10,TSP,Fertilizers,($/mt),195.0,0.0,1.83,18.9,34.39,-0.68
2004-11-01,2004,11,TSP,Fertilizers,($/mt),198.5,1.79,1.79,21.78,43.84,0.12
2004-12-01,2004,12,TSP,Fertilizers,($/mt),202.0,1.76,3.59,24.0,46.38,0.03
2005-01-01,2005,1,TSP,Fertilizers,($/mt),202.0,0.0,3.59,17.72,46.38,-0.73
2005-02-01,2005,2,TSP,Fertilizers,($/mt),202.0,0.0,1.76,14.06,46.38,-0.6
2005-03-01,2005,3,TSP,Fertilizers,($/mt),202.0,0.0,0.0,13.8,46.38,-0.5
2005-04-01,2005,4,TSP,Fertilizers,($/mt),202.0,0.0,0.0,13.8,46.38,-0.49
2005-05-01,2005,5,TSP,Fertilizers,($/mt),201.6,-0.2,-0.2,13.58,46.09,-0.57
2005-06-01,2005,6,TSP,Fertilizers,($/mt),201.5,-0.05,-0.25,13.52,46.01,-0.5
2005-07-01,2005,7,TSP,Fertilizers,($/mt),201.3,-0.1,-0.35,5.12,43.48,-0.52
2005-08-01,2005,8,TSP,Fertilizers,($/mt),201.4,0.05,-0.1,3.28,41.33,-0.45
2005-09-01,2005,9,TSP,Fertilizers,($/mt),201.0,-0.2,-0.25,3.08,41.05,-0.67
2005-10-01,2005,10,TSP,Fertilizers,($/mt),201.0,0.0,-0.15,3.08,42.25,-0.36
2005-11-01,2005,11,TSP,Fertilizers,($/mt),201.0,0.0,-0.2,1.26,55.81,-0.36
2005-12-01,2005,12,TSP,Fertilizers,($/mt),201.0,0.0,0.0,-0.5,55.81,-0.2
2006-01-01,2006,1,TSP,Fertilizers,($/mt),201.0,0.0,0.0,-0.5,55.81,0.51
2006-02-01,2006,2,TSP,Fertilizers,($/mt),201.0,0.0,0.0,-0.5,55.81,0.51
2006-03-01,2006,3,TSP,Fertilizers,($/mt),200.6,-0.2,-0.2,-0.69,55.5,-1.94
2006-04-01,2006,4,TSP,Fertilizers,($/mt),200.5,-0.05,-0.25,-0.74,55.43,0.09
2006-05-01,2006,5,TSP,Fertilizers,($/mt),200.5,0.0,-0.25,-0.55,59.76,0.69
2006-06-01,2006,6,TSP,Fertilizers,($/mt),200.5,0.0,-0.05,-0.5,63.67,0.57
2006-07-01,2006,7,TSP,Fertilizers,($/mt),202.0,0.75,0.75,0.35,63.17,9.67
2006-08-01,2006,8,TSP,Fertilizers,($/mt),202.0,0.0,0.75,0.3,61.6,-0.12
2006-09-01,2006,9,TSP,Fertilizers,($/mt),202.0,0.0,0.75,0.5,62.38,-0.1
2006-10-01,2006,10,TSP,Fertilizers,($/mt),202.0,0.0,0.0,0.5,62.38,-0.18
2006-11-01,2006,11,TSP,Fertilizers,($/mt),202.0,0.0,0.0,0.5,55.38,-0.18
2006-12-01,2006,12,TSP,Fertilizers,($/mt),205.5,1.73,1.73,2.24,56.87,7.36
2007-01-01,2007,1,TSP,Fertilizers,($/mt),207.5,0.97,2.72,3.23,58.4,1.46
2007-02-01,2007,2,TSP,Fertilizers,($/mt),215.0,3.61,6.44,6.97,55.8,5.78
2007-03-01,2007,3,TSP,Fertilizers,($/mt),254.5,18.37,23.84,26.87,84.42,15.93
2007-04-01,2007,4,TSP,Fertilizers,($/mt),300.0,17.88,44.58,49.63,127.27,3.01
2007-05-01,2007,5,TSP,Fertilizers,($/mt),338.1,12.7,57.26,68.63,148.42,1.32
2007-06-01,2007,6,TSP,Fertilizers,($/mt),355.0,5.0,39.49,77.06,175.41,0.05
2007-07-01,2007,7,TSP,Fertilizers,($/mt),355.0,0.0,18.33,75.74,178.65,-0.72
2007-08-01,2007,8,TSP,Fertilizers,($/mt),377.5,6.34,11.65,86.88,183.2,0.18
2007-09-01,2007,9,TSP,Fertilizers,($/mt),392.5,3.97,10.56,94.31,189.67,-0.23
2007-10-01,2007,10,TSP,Fertilizers,($/mt),402.9,2.65,13.49,99.46,202.7,-0.48
2007-11-01,2007,11,TSP,Fertilizers,($/mt),423.8,5.19,12.26,109.8,221.06,-0.14
2007-12-01,2007,12,TSP,Fertilizers,($/mt),446.9,5.45,13.86,117.47,239.85,-0.17
2008-01-01,2008,1,TSP,Fertilizers,($/mt),539.2,20.65,33.83,159.86,319.28,2.25
2008-02-01,2008,2,TSP,Fertilizers,($/mt),729.4,35.27,72.11,239.26,436.32,3.83
2008-03-01,2008,3,TSP,Fertilizers,($/mt),875.6,20.04,95.93,244.05,508.9,0.87
2008-04-01,2008,4,TSP,Fertilizers,($/mt),1029.0,17.52,90.84,243.0,609.66,0.61
2008-05-01,2008,5,TSP,Fertilizers,($/mt),1037.0,0.78,42.17,206.71,610.27,-1.01
2008-06-01,2008,6,TSP,Fertilizers,($/mt),1043.1,0.59,19.13,193.83,603.37,-0.9
2008-07-01,2008,7,TSP,Fertilizers,($/mt),1112.5,6.65,8.11,213.38,637.24,-0.29
2008-08-01,2008,8,TSP,Fertilizers,($/mt),1131.5,1.71,9.11,199.74,654.33,-0.82
2008-09-01,2008,9,TSP,Fertilizers,($/mt),1079.3,-4.61,3.47,174.98,602.67,-1.35
2008-10-01,2008,10,TSP,Fertilizers,($/mt),965.0,-10.59,-13.26,139.51,488.41,-1.72
2008-11-01,2008,11,TSP,Fertilizers,($/mt),606.0,-37.2,-46.44,42.99,271.78,-3.54
2008-12-01,2008,12,TSP,Fertilizers,($/mt),405.0,-33.17,-62.48,-9.38,148.62,-2.06
2009-01-01,2009,1,TSP,Fertilizers,($/mt),350.0,-13.58,-63.73,-35.09,103.96,-0.7
2009-02-01,2009,2,TSP,Fertilizers,($/mt),320.0,-8.57,-47.19,-56.13,80.69,-0.34
2009-03-01,2009,3,TSP,Fertilizers,($/mt),295.0,-7.81,-27.16,-66.31,66.2,-0.16
2009-04-01,2009,4,TSP,Fertilizers,($/mt),278.0,-5.76,-20.57,-72.98,56.62,0.1
2009-05-01,2009,5,TSP,Fertilizers,($/mt),245.0,-11.87,-23.44,-76.37,38.03,-0.19
2009-06-01,2009,6,TSP,Fertilizers,($/mt),220.0,-10.2,-25.42,-78.91,23.94,0.01
2009-07-01,2009,7,TSP,Fertilizers,($/mt),224.0,1.82,-19.42,-79.87,16.97,1.04
2009-08-01,2009,8,TSP,Fertilizers,($/mt),225.0,0.45,-8.16,-80.11,15.38,1.01
2009-09-01,2009,9,TSP,Fertilizers,($/mt),225.0,0.0,2.27,-79.15,15.38,0.99
2009-10-01,2009,10,TSP,Fertilizers,($/mt),246.5,9.56,10.04,-74.46,26.41,1.71
2009-11-01,2009,11,TSP,Fertilizers,($/mt),228.5,-7.3,1.56,-62.29,15.11,0.18
2009-12-01,2009,12,TSP,Fertilizers,($/mt),232.0,1.53,3.11,-42.72,14.85,0.83
2010-01-01,2010,1,TSP,Fertilizers,($/mt),296.3,27.72,20.2,-15.34,46.68,4.64
2010-02-01,2010,2,TSP,Fertilizers,($/mt),300.0,1.25,31.29,-6.25,48.51,0.19
2010-03-01,2010,3,TSP,Fertilizers,($/mt),354.4,18.13,52.76,20.14,75.45,1.7
2010-04-01,2010,4,TSP,Fertilizers,($/mt),372.5,5.11,25.72,33.99,84.41,0.26
2010-05-01,2010,5,TSP,Fertilizers,($/mt),352.8,-5.29,17.6,44.0,75.0,-0.73
2010-06-01,2010,6,TSP,Fertilizers,($/mt),346.8,-1.7,-2.14,57.64,72.11,-0.49
2010-07-01,2010,7,TSP,Fertilizers,($/mt),360.0,3.81,-3.36,60.71,78.84,-0.05
2010-08-01,2010,8,TSP,Fertilizers,($/mt),380.8,5.78,7.94,69.24,89.08,0.14
2010-09-01,2010,9,TSP,Fertilizers,($/mt),428.0,12.39,23.41,90.22,112.94,0.76
2010-10-01,2010,10,TSP,Fertilizers,($/mt),455.0,6.31,26.39,84.58,126.37,0.04
2010-11-01,2010,11,TSP,Fertilizers,($/mt),463.8,1.93,21.8,102.98,130.75,-0.38
2010-12-01,2010,12,TSP,Fertilizers,($/mt),472.5,1.88,10.4,103.66,135.07,-0.5
2011-01-01,2011,1,TSP,Fertilizers,($/mt),475.0,0.53,4.4,60.31,136.32,-0.65
2011-02-01,2011,2,TSP,Fertilizers,($/mt),490.0,3.16,5.65,63.33,143.78,-0.16
2011-03-01,2011,3,TSP,Fertilizers,($/mt),494.0,0.82,4.55,39.39,146.26,-0.57
2011-04-01,2011,4,TSP,Fertilizers,($/mt),535.6,8.42,12.76,43.79,167.13,1.25
2011-05-01,2011,5,TSP,Fertilizers,($/mt),547.5,2.22,11.73,55.19,173.07,-0.2
2011-06-01,2011,6,TSP,Fertilizers,($/mt),549.5,0.37,11.23,58.45,174.06,-0.88
2011-07-01,2011,7,TSP,Fertilizers,($/mt),555.0,1.0,3.62,54.17,174.75,-0.81
2011-08-01,2011,8,TSP,Fertilizers,($/mt),560.0,0.9,2.28,47.06,177.23,-0.76
2011-09-01,2011,9,TSP,Fertilizers,($/mt),560.0,0.0,1.91,30.84,177.23,-0.88
2011-10-01,2011,10,TSP,Fertilizers,($/mt),592.5,5.8,6.76,30.22,193.32,1.37
2011-11-01,2011,11,TSP,Fertilizers,($/mt),570.0,-3.8,1.79,22.9,182.18,-2.42
2011-12-01,2011,12,TSP,Fertilizers,($/mt),530.0,-7.02,-5.36,12.17,157.91,-2.88
2012-01-01,2012,1,TSP,Fertilizers,($/mt),435.0,-17.92,-26.58,-8.42,109.64,-4.78
2012-02-01,2012,2,TSP,Fertilizers,($/mt),445.0,2.3,-21.93,-9.18,106.98,0.41
2012-03-01,2012,3,TSP,Fertilizers,($/mt),441.3,-0.83,-16.74,-10.67,73.4,-0.04
2012-04-01,2012,4,TSP,Fertilizers,($/mt),441.3,0.0,1.45,-17.61,47.1,0.11
2012-05-01,2012,5,TSP,Fertilizers,($/mt),485.0,9.9,8.99,-11.42,43.45,1.86
2012-06-01,2012,6,TSP,Fertilizers,($/mt),485.0,0.0,9.9,-11.74,36.62,0.11
2012-07-01,2012,7,TSP,Fertilizers,($/mt),485.0,0.0,9.9,-12.61,36.62,0.12
2012-08-01,2012,8,TSP,Fertilizers,($/mt),485.0,0.0,0.0,-13.39,28.48,0.13
2012-09-01,2012,9,TSP,Fertilizers,($/mt),485.0,0.0,0.0,-13.39,23.57,0.14
2012-10-01,2012,10,TSP,Fertilizers,($/mt),474.0,-2.27,-2.27,-20.0,17.65,-0.19
2012-11-01,2012,11,TSP,Fertilizers,($/mt),447.5,-5.59,-7.73,-21.49,5.59,-0.61
2012-12-01,2012,12,TSP,Fertilizers,($/mt),435.0,-2.79,-10.31,-17.92,-2.66,-0.15
2013-01-01,2013,1,TSP,Fertilizers,($/mt),428.0,-1.61,-9.7,-1.61,-20.62,-0.03
2013-02-01,2013,2,TSP,Fertilizers,($/mt),419.0,-2.1,-6.37,-5.84,-42.56,-0.55
2013-03-01,2013,3,TSP,Fertilizers,($/mt),415.0,-0.95,-4.6,-5.96,-52.6,-0.14
2013-04-01,2013,4,TSP,Fertilizers,($/mt),409.0,-1.45,-4.44,-7.32,-60.25,-0.27
2013-05-01,2013,5,TSP,Fertilizers,($/mt),410.0,0.24,-2.15,-15.46,-60.46,0.22
2013-06-01,2013,6,TSP,Fertilizers,($/mt),410.0,0.0,-1.2,-15.46,-60.69,0.81
2013-07-01,2013,7,TSP,Fertilizers,($/mt),410.0,0.0,0.24,-15.46,-63.15,0.81
2013-08-01,2013,8,TSP,Fertilizers,($/mt),360.0,-12.2,-12.2,-25.77,-68.18,-6.39
2013-09-01,2013,9,TSP,Fertilizers,($/mt),344.0,-4.44,-16.1,-29.07,-68.13,-0.59
2013-10-01,2013,10,TSP,Fertilizers,($/mt),324.0,-5.81,-20.98,-31.65,-66.42,-0.88
2013-11-01,2013,11,TSP,Fertilizers,($/mt),320.0,-1.23,-11.11,-28.49,-47.19,0.51
2013-12-01,2013,12,TSP,Fertilizers,($/mt),320.0,0.0,-6.98,-26.44,-20.99,0.77
2014-01-01,2014,1,TSP,Fertilizers,($/mt),333.0,4.06,2.78,-22.2,-4.86,1.82
2014-02-01,2014,2,TSP,Fertilizers,($/mt),367.0,10.21,14.69,-12.41,14.69,3.01
2014-03-01,2014,3,TSP,Fertilizers,($/mt),384.0,4.63,20.0,-7.47,30.17,1.04
2014-04-01,2014,4,TSP,Fertilizers,($/mt),383.0,-0.26,15.02,-6.36,37.77,0.04
2014-05-01,2014,5,TSP,Fertilizers,($/mt),385.0,0.52,4.9,-6.1,57.14,0.16
2014-06-01,2014,6,TSP,Fertilizers,($/mt),389.0,1.04,1.3,-5.12,76.82,0.25
2014-07-01,2014,7,TSP,Fertilizers,($/mt),390.0,0.26,1.83,-4.88,74.11,0.1
2014-08-01,2014,8,TSP,Fertilizers,($/mt),391.0,0.26,1.56,8.61,73.78,0.09
2014-09-01,2014,9,TSP,Fertilizers,($/mt),398.0,1.79,2.31,15.7,76.89,0.24
2014-10-01,2014,10,TSP,Fertilizers,($/mt),398.0,0.0,2.05,22.84,61.46,-0.34
2014-11-01,2014,11,TSP,Fertilizers,($/mt),385.0,-3.27,-1.53,20.31,68.49,-1.59
2014-12-01,2014,12,TSP,Fertilizers,($/mt),381.0,-1.04,-4.27,19.06,64.22,-0.78
2015-01-01,2015,1,TSP,Fertilizers,($/mt),381.5,0.13,-4.15,14.56,28.75,-0.4
2015-02-01,2015,2,TSP,Fertilizers,($/mt),382.5,0.26,-0.65,4.22,27.5,-0.27
2015-03-01,2015,3,TSP,Fertilizers,($/mt),383.0,0.13,0.52,-0.26,8.07,-0.13
2015-04-01,2015,4,TSP,Fertilizers,($/mt),380.0,-0.78,-0.39,-0.78,2.01,-0.63
2015-05-01,2015,5,TSP,Fertilizers,($/mt),380.0,0.0,-0.65,-1.3,7.71,0.05
2015-06-01,2015,6,TSP,Fertilizers,($/mt),380.0,0.0,-0.78,-2.31,9.57,0.08
2015-07-01,2015,7,TSP,Fertilizers,($/mt),380.0,0.0,0.0,-2.56,5.56,0.16
2015-08-01,2015,8,TSP,Fertilizers,($/mt),378.8,-0.32,-0.32,-3.12,-0.53,-0.09
2015-09-01,2015,9,TSP,Fertilizers,($/mt),379.0,0.05,-0.26,-4.77,-11.45,0.27
2015-10-01,2015,10,TSP,Fertilizers,($/mt),380.0,0.26,0.0,-4.52,-16.48,0.68
2015-11-01,2015,11,TSP,Fertilizers,($/mt),366.4,-3.58,-3.27,-4.83,-21.0,-3.21
2015-12-01,2015,12,TSP,Fertilizers,($/mt),360.0,-1.75,-5.01,-5.51,-23.81,-1.24
2016-01-01,2016,1,TSP,Fertilizers,($/mt),334.0,-7.22,-12.11,-12.45,-29.68,-5.96
2016-02-01,2016,2,TSP,Fertilizers,($/mt),286.3,-14.28,-21.86,-25.15,-41.57,-5.91
2016-03-01,2016,3,TSP,Fertilizers,($/mt),291.3,1.75,-19.08,-23.94,-41.03,0.92
2016-04-01,2016,4,TSP,Fertilizers,($/mt),295.0,1.27,-11.68,-22.37,-44.92,0.77
2016-05-01,2016,5,TSP,Fertilizers,($/mt),295.0,0.0,3.04,-22.37,-46.12,0.43
2016-06-01,2016,6,TSP,Fertilizers,($/mt),285.0,-3.39,-2.16,-25.0,-48.13,-0.31
2016-07-01,2016,7,TSP,Fertilizers,($/mt),281.0,-1.4,-4.75,-26.05,-49.37,0.19
2016-08-01,2016,8,TSP,Fertilizers,($/mt),281.3,0.11,-4.64,-25.74,-49.77,0.55
2016-09-01,2016,9,TSP,Fertilizers,($/mt),287.0,2.03,0.7,-24.27,-48.75,0.97
2016-10-01,2016,10,TSP,Fertilizers,($/mt),285.0,-0.7,1.42,-25.0,-51.9,0.32
2016-11-01,2016,11,TSP,Fertilizers,($/mt),285.0,0.0,1.32,-22.22,-50.0,0.49
2016-12-01,2016,12,TSP,Fertilizers,($/mt),277.5,-2.63,-3.31,-22.92,-47.64,-0.14
2017-01-01,2017,1,TSP,Fertilizers,($/mt),270.0,-2.7,-5.26,-19.16,-37.93,-0.14
2017-02-01,2017,2,TSP,Fertilizers,($/mt),278.8,3.26,-2.18,-2.62,-37.35,1.13
2017-03-01,2017,3,TSP,Fertilizers,($/mt),288.0,3.3,3.78,-1.13,-34.74,1.69
2017-04-01,2017,4,TSP,Fertilizers,($/mt),285.0,-1.04,5.56,-3.39,-35.42,-0.43
2017-05-01,2017,5,TSP,Fertilizers,($/mt),275.0,-3.51,-1.36,-6.78,-43.3,-1.46
2017-06-01,2017,6,TSP,Fertilizers,($/mt),275.0,0.0,-4.51,-3.51,-43.3,0.23
2017-07-01,2017,7,TSP,Fertilizers,($/mt),275.8,0.29,-3.23,-1.85,-43.13,0.25
2017-08-01,2017,8,TSP,Fertilizers,($/mt),280.5,1.7,2.0,-0.28,-42.16,0.83
2017-09-01,2017,9,TSP,Fertilizers,($/mt),283.2,0.96,2.98,-1.32,-41.61,0.42
2017-10-01,2017,10,TSP,Fertilizers,($/mt),283.5,0.11,2.79,-0.53,-40.19,0.09
2017-11-01,2017,11,TSP,Fertilizers,($/mt),295.0,4.06,5.17,3.51,-34.08,1.86
2017-12-01,2017,12,TSP,Fertilizers,($/mt),308.8,4.68,9.04,11.28,-29.01,1.75
2018-01-01,2018,1,TSP,Fertilizers,($/mt),320.0,3.63,12.87,18.52,-25.23,1.04
2018-02-01,2018,2,TSP,Fertilizers,($/mt),320.0,0.0,8.47,14.78,-23.63,-0.6
2018-03-01,2018,3,TSP,Fertilizers,($/mt),324.0,1.25,4.92,12.5,-21.93,0.03
2018-04-01,2018,4,TSP,Fertilizers,($/mt),325.0,0.31,1.56,14.04,-20.54,-0.31
2018-05-01,2018,5,TSP,Fertilizers,($/mt),326.0,0.31,1.88,18.55,-20.49,-0.37
2018-06-01,2018,6,TSP,Fertilizers,($/mt),335.2,2.82,3.46,21.89,-18.24,0.81
2018-07-01,2018,7,TSP,Fertilizers,($/mt),344.3,2.71,5.94,24.84,-16.02,0.61
2018-08-01,2018,8,TSP,Fertilizers,($/mt),357.6,3.86,9.69,27.49,-0.67,1.2
2018-09-01,2018,9,TSP,Fertilizers,($/mt),376.3,5.23,12.26,32.87,9.39,1.81
2018-10-01,2018,10,TSP,Fertilizers,($/mt),385.0,2.31,11.82,35.8,18.83,-0.05
2018-11-01,2018,11,TSP,Fertilizers,($/mt),379.2,-1.51,6.04,28.54,18.5,-2.29
2018-12-01,2018,12,TSP,Fertilizers,($/mt),368.3,-2.87,-2.13,19.27,15.09,-2.41
2019-01-01,2019,1,TSP,Fertilizers,($/mt),355.0,-3.61,-7.79,10.94,6.61,-2.17
2019-02-01,2019,2,TSP,Fertilizers,($/mt),343.8,-3.15,-9.34,7.44,-6.32,-1.52
2019-03-01,2019,3,TSP,Fertilizers,($/mt),321.0,-6.63,-12.84,-0.93,-16.41,-2.5
2019-04-01,2019,4,TSP,Fertilizers,($/mt),310.0,-3.43,-12.68,-4.62,-19.06,-0.95
2019-05-01,2019,5,TSP,Fertilizers,($/mt),305.0,-1.61,-11.29,-6.44,-20.78,-0.35
2019-06-01,2019,6,TSP,Fertilizers,($/mt),293.8,-3.67,-8.47,-12.35,-24.47,-0.86
2019-07-01,2019,7,TSP,Fertilizers,($/mt),283.8,-3.4,-8.45,-17.57,-27.23,-0.65
2019-08-01,2019,8,TSP,Fertilizers,($/mt),275.0,-3.1,-9.84,-23.1,-29.67,-0.44
2019-09-01,2019,9,TSP,Fertilizers,($/mt),270.0,-1.82,-8.1,-28.25,-32.16,0.1
2019-10-01,2019,10,TSP,Fertilizers,($/mt),270.0,0.0,-4.86,-29.87,-32.16,1.31
2019-11-01,2019,11,TSP,Fertilizers,($/mt),264.0,-2.22,-4.0,-30.38,-31.43,0.42
2019-12-01,2019,12,TSP,Fertilizers,($/mt),243.3,-7.84,-9.89,-33.94,-36.14,-3.1
2020-01-01,2020,1,TSP,Fertilizers,($/mt),239.0,-1.77,-11.48,-32.68,-37.35,0.76
2020-02-01,2020,2,TSP,Fertilizers,($/mt),245.0,2.51,-7.2,-28.74,-35.95,2.65
2020-03-01,2020,3,TSP,Fertilizers,($/mt),245.0,0.0,0.7,-23.68,-36.03,1.01
2020-04-01,2020,4,TSP,Fertilizers,($/mt),245.0,0.0,2.51,-20.97,-35.53,0.87
2020-05-01,2020,5,TSP,Fertilizers,($/mt),243.0,-0.82,-0.82,-20.33,-36.05,0.43
2020-06-01,2020,6,TSP,Fertilizers,($/mt),240.0,-1.23,-2.04,-18.31,-36.84,0.24
2020-07-01,2020,7,TSP,Fertilizers,($/mt),262.2,9.25,7.02,-7.61,-31.0,4.31
2020-08-01,2020,8,TSP,Fertilizers,($/mt),276.3,5.38,13.7,0.47,-27.06,1.51
2020-09-01,2020,9,TSP,Fertilizers,($/mt),282.5,2.24,17.71,4.63,-25.46,0.5
2020-10-01,2020,10,TSP,Fertilizers,($/mt),290.0,2.65,10.6,7.41,-23.68,0.52
2020-11-01,2020,11,TSP,Fertilizers,($/mt),292.5,0.86,5.86,10.8,-20.17,0.04
2020-12-01,2020,12,TSP,Fertilizers,($/mt),320.0,9.4,13.27,31.52,-11.11,2.04
2021-01-01,2021,1,TSP,Fertilizers,($/mt),337.6,5.5,16.41,41.26,1.08,0.82
2021-02-01,2021,2,TSP,Fertilizers,($/mt),453.8,34.42,55.15,85.22,58.51,8.57
2021-03-01,2021,3,TSP,Fertilizers,($/mt),458.0,0.93,43.12,86.94,57.23,-0.48
2021-04-01,2021,4,TSP,Fertilizers,($/mt),478.0,4.37,41.59,95.1,62.03,-0.14
2021-05-01,2021,5,TSP,Fertilizers,($/mt),527.5,10.36,16.24,117.08,78.81,0.45
2021-06-01,2021,6,TSP,Fertilizers,($/mt),550.0,4.27,20.09,129.17,92.98,-0.29
2021-07-01,2021,7,TSP,Fertilizers,($/mt),555.0,0.91,16.11,111.67,97.51,-0.72
2021-08-01,2021,8,TSP,Fertilizers,($/mt),555.0,0.0,5.21,100.87,97.3,-0.73
2021-09-01,2021,9,TSP,Fertilizers,($/mt),573.8,3.39,4.33,103.12,99.93,-0.31
2021-10-01,2021,10,TSP,Fertilizers,($/mt),618.0,7.7,11.35,113.1,116.84,0.14
2021-11-01,2021,11,TSP,Fertilizers,($/mt),665.0,7.61,19.82,127.35,133.33,0.08
2021-12-01,2021,12,TSP,Fertilizers,($/mt),686.7,3.26,19.68,114.59,147.46,-0.45
2022-01-01,2022,1,TSP,Fertilizers,($/mt),674.4,-1.79,9.13,99.76,149.78,-0.94
2022-02-01,2022,2,TSP,Fertilizers,($/mt),680.0,0.83,2.26,49.85,143.9,-0.57
2022-03-01,2022,3,TSP,Fertilizers,($/mt),792.5,16.54,15.41,73.03,175.17,3.61
2022-04-01,2022,4,TSP,Fertilizers,($/mt),856.0,8.01,26.93,79.08,200.35,0.63
2022-05-01,2022,5,TSP,Fertilizers,($/mt),827.5,-3.33,21.69,56.87,200.91,-1.62
2022-06-01,2022,6,TSP,Fertilizers,($/mt),730.1,-11.77,-7.87,32.75,165.49,-2.9
2022-07-01,2022,7,TSP,Fertilizers,($/mt),736.0,0.81,-14.02,32.61,166.86,-0.26
2022-08-01,2022,8,TSP,Fertilizers,($/mt),703.8,-4.38,-14.95,26.81,150.91,-0.99
2022-09-01,2022,9,TSP,Fertilizers,($/mt),708.0,0.6,-3.03,23.39,150.0,-0.22
2022-10-01,2022,10,TSP,Fertilizers,($/mt),675.0,-4.66,-8.29,9.22,138.1,-0.91
2022-11-01,2022,11,TSP,Fertilizers,($/mt),625.0,-7.41,-11.2,-6.02,111.86,-1.14
2022-12-01,2022,12,TSP,Fertilizers,($/mt),584.4,-6.5,-17.46,-14.9,89.25,-0.84
2023-01-01,2023,1,TSP,Fertilizers,($/mt),569.4,-2.57,-15.64,-15.57,77.94,-0.2
2023-02-01,2023,2,TSP,Fertilizers,($/mt),547.5,-3.85,-12.4,-19.49,71.09,-0.36
2023-03-01,2023,3,TSP,Fertilizers,($/mt),537.5,-1.83,-8.03,-32.18,65.9,-0.04
2023-04-01,2023,4,TSP,Fertilizers,($/mt),550.0,2.33,-3.41,-35.75,69.23,1.1
2023-05-01,2023,5,TSP,Fertilizers,($/mt),485.6,-11.71,-11.31,-41.32,48.96,-2.09
2023-06-01,2023,6,TSP,Fertilizers,($/mt),390.0,-19.69,-27.44,-46.58,16.35,-3.39
2023-07-01,2023,7,TSP,Fertilizers,($/mt),392.3,0.59,-28.67,-46.7,13.94,0.91
2023-08-01,2023,8,TSP,Fertilizers,($/mt),450.6,14.86,-7.21,-35.98,26.01,3.27
2023-09-01,2023,9,TSP,Fertilizers,($/mt),461.5,2.42,18.33,-34.82,22.64,0.69
2023-10-01,2023,10,TSP,Fertilizers,($/mt),468.1,1.43,19.32,-30.65,21.58,0.55
2023-11-01,2023,11,TSP,Fertilizers,($/mt),462.6,-1.17,2.66,-25.98,21.99,0.17
2023-12-01,2023,12,TSP,Fertilizers,($/mt),447.5,-3.26,-3.03,-23.43,21.5,-0.13
2024-01-01,2024,1,TSP,Fertilizers,($/mt),450.6,0.69,-3.74,-20.86,26.93,0.31
2024-02-01,2024,2,TSP,Fertilizers,($/mt),454.4,0.84,-1.77,-17.0,32.17,0.29
2024-03-01,2024,3,TSP,Fertilizers,($/mt),449.0,-1.19,0.34,-16.47,39.88,0.0
2024-04-01,2024,4,TSP,Fertilizers,($/mt),442.5,-1.45,-1.8,-19.55,42.74,-0.04
2024-05-01,2024,5,TSP,Fertilizers,($/mt),434.9,-1.72,-4.29,-10.44,42.59,-0.03
2024-06-01,2024,6,TSP,Fertilizers,($/mt),473.8,8.94,5.52,21.49,61.27,1.26
2024-07-01,2024,7,TSP,Fertilizers,($/mt),505.8,6.75,14.31,28.93,78.22,0.97
2024-08-01,2024,8,TSP,Fertilizers,($/mt),507.2,0.28,16.62,12.56,84.44,-0.37
2024-09-01,2024,9,TSP,Fertilizers,($/mt),504.4,-0.55,6.46,9.3,86.81,-0.45
2024-10-01,2024,10,TSP,Fertilizers,($/mt),503.8,-0.12,-0.4,7.63,86.59,-0.26
2024-11-01,2024,11,TSP,Fertilizers,($/mt),491.0,-2.54,-3.19,6.14,85.98,-0.9
2024-12-01,2024,12,TSP,Fertilizers,($/mt),477.5,-2.75,-5.33,6.7,96.26,-0.9
2025-01-01,2025,1,TSP,Fertilizers,($/mt),478.0,0.1,-5.12,6.08,100.0,-0.14
2025-02-01,2025,2,TSP,Fertilizers,($/mt),480.6,0.54,-2.12,5.77,96.16,-0.0
2025-03-01,2025,3,TSP,Fertilizers,($/mt),478.5,-0.44,0.21,6.57,95.31,-0.27
2025-04-01,2025,4,TSP,Fertilizers,($/mt),496.0,3.66,3.77,12.09,102.45,0.86
2025-05-01,2025,5,TSP,Fertilizers,($/mt),541.5,9.17,12.67,24.51,122.84,2.25
2025-06-01,2025,6,TSP,Fertilizers,($/mt),641.3,18.43,34.02,35.35,167.21,3.93
2025-07-01,2025,7,TSP,Fertilizers,($/mt),655.0,2.14,32.06,29.5,149.81,-0.09
2025-08-01,2025,8,TSP,Fertilizers,($/mt),662.9,1.21,22.42,30.7,139.92,-0.19
2025-09-01,2025,9,TSP,Fertilizers,($/mt),664.4,0.23,3.6,31.72,135.19,-0.37
2025-10-01,2025,10,TSP,Fertilizers,($/mt),658.5,-0.89,0.53,30.71,127.07,-0.57
2025-11-01,2025,11,TSP,Fertilizers,($/mt),636.3,-3.37,-4.01,29.59,117.54,-0.97
2025-12-01,2025,12,TSP,Fertilizers,($/mt),538.5,-15.37,-18.95,12.77,68.28,-2.94
2026-01-01,2026,1,TSP,Fertilizers,($/mt),529.2,-1.73,-19.64,10.71,56.75,-0.39
2026-02-01,2026,2,TSP,Fertilizers,($/mt),536.3,1.34,-15.72,11.59,18.18,0.03
2026-03-01,2026,3,TSP,Fertilizers,($/mt),558.1,4.06,3.64,16.64,21.86,0.36
2026-04-01,2026,4,TSP,Fertilizers,($/mt),658.1,17.92,24.36,32.68,37.68,2.07
2026-05-01,2026,5,TSP,Fertilizers,($/mt),713.5,8.42,33.04,31.76,35.26,0.62
2026-06-01,2026,6,TSP,Fertilizers,($/mt),735.6,3.1,31.8,14.7,33.75,0.04
2026-07-01,2026,7,TSP,Fertilizers,($/mt),719.5,-2.19,9.33,9.85,29.64,-0.47
2026-08-01,2026,8,TSP,Fertilizers,($/mt),704.4,-2.1,-1.28,6.26,26.92,-0.41
2026-09-01,2026,9,TSP,Fertilizers,($/mt),690.0,-2.04,-6.2,3.85,20.25,-0.36
1960-01-01,1960,1,"Tea, Colombo",Beverages,($/kg),0.93,,,,,
1960-02-01,1960,2,"Tea, Colombo",Beverages,($/kg),0.93,0.0,,,,
1960-03-01,1960,3,"Tea, Colombo",Beverages,($/kg),0.93,0.0,,,,
1960-04-01,1960,4,"Tea, Colombo",Beverages,($/kg),0.93,0.0,0.0,,,
1960-05-01,1960,5,"Tea, Colombo",Beverages,($/kg),0.93,0.0,0.0,,,
1960-06-01,1960,6,"Tea, Colombo",Beverages,($/kg),0.93,0.0,0.0,,,
1960-07-01,1960,7,"Tea, Colombo",Beverages,($/kg),0.93,0.0,0.0,,,
1960-08-01,1960,8,"Tea, Colombo",Beverages,($/kg),0.93,0.0,0.0,,,0.0
1960-09-01,1960,9,"Tea, Colombo",Beverages,($/kg),0.93,0.0,0.0,,,0.0
1960-10-01,1960,10,"Tea, Colombo",Beverages,($/kg),0.93,0.0,0.0,,,0.0
1960-11-01,1960,11,"Tea, Colombo",Beverages,($/kg),0.93,0.0,0.0,,,0.0
1960-12-01,1960,12,"Tea, Colombo",Beverages,($/kg),0.93,0.0,0.0,,,0.0
1961-01-01,1961,1,"Tea, Colombo",Beverages,($/kg),0.89,-4.3,-4.3,-4.3,,0.0
1961-02-01,1961,2,"Tea, Colombo",Beverages,($/kg),0.89,0.0,-4.3,-4.3,,0.29
1961-03-01,1961,3,"Tea, Colombo",Beverages,($/kg),0.89,0.0,-4.3,-4.3,,0.29
1961-04-01,1961,4,"Tea, Colombo",Beverages,($/kg),0.89,0.0,0.0,-4.3,,0.29
1961-05-01,1961,5,"Tea, Colombo",Beverages,($/kg),0.89,0.0,0.0,-4.3,,0.29
1961-06-01,1961,6,"Tea, Colombo",Beverages,($/kg),0.89,0.0,0.0,-4.3,,0.29
1961-07-01,1961,7,"Tea, Colombo",Beverages,($/kg),0.89,0.0,0.0,-4.3,,0.29
1961-08-01,1961,8,"Tea, Colombo",Beverages,($/kg),0.89,0.0,0.0,-4.3,,0.29
1961-09-01,1961,9,"Tea, Colombo",Beverages,($/kg),0.89,0.0,0.0,-4.3,,0.29
1961-10-01,1961,10,"Tea, Colombo",Beverages,($/kg),0.89,0.0,0.0,-4.3,,0.29
1961-11-01,1961,11,"Tea, Colombo",Beverages,($/kg),0.89,0.0,0.0,-4.3,,0.29
1961-12-01,1961,12,"Tea, Colombo",Beverages,($/kg),0.89,0.0,0.0,-4.3,,0.29
1962-01-01,1962,1,"Tea, Colombo",Beverages,($/kg),0.86,-3.37,-3.37,-3.37,,-2.43
1962-02-01,1962,2,"Tea, Colombo",Beverages,($/kg),0.86,0.0,-3.37,-3.37,,0.29
1962-03-01,1962,3,"Tea, Colombo",Beverages,($/kg),0.86,0.0,-3.37,-3.37,,0.29
1962-04-01,1962,4,"Tea, Colombo",Beverages,($/kg),0.86,0.0,0.0,-3.37,,0.29
1962-05-01,1962,5,"Tea, Colombo",Beverages,($/kg),0.86,0.0,0.0,-3.37,,0.29
1962-06-01,1962,6,"Tea, Colombo",Beverages,($/kg),0.86,0.0,0.0,-3.37,,0.29
1962-07-01,1962,7,"Tea, Colombo",Beverages,($/kg),0.86,0.0,0.0,-3.37,,0.29
1962-08-01,1962,8,"Tea, Colombo",Beverages,($/kg),0.86,0.0,0.0,-3.37,,0.29
1962-09-01,1962,9,"Tea, Colombo",Beverages,($/kg),0.86,0.0,0.0,-3.37,,0.29
1962-10-01,1962,10,"Tea, Colombo",Beverages,($/kg),0.86,0.0,0.0,-3.37,,0.29
1962-11-01,1962,11,"Tea, Colombo",Beverages,($/kg),0.86,0.0,0.0,-3.37,,0.29
1962-12-01,1962,12,"Tea, Colombo",Beverages,($/kg),0.86,0.0,0.0,-3.37,,0.29
1963-01-01,1963,1,"Tea, Colombo",Beverages,($/kg),0.81,-5.81,-5.81,-5.81,,-5.69
1963-02-01,1963,2,"Tea, Colombo",Beverages,($/kg),0.81,0.0,-5.81,-5.81,,0.29
1963-03-01,1963,3,"Tea, Colombo",Beverages,($/kg),0.81,0.0,-5.81,-5.81,,0.29
1963-04-01,1963,4,"Tea, Colombo",Beverages,($/kg),0.81,0.0,0.0,-5.81,,0.29
1963-05-01,1963,5,"Tea, Colombo",Beverages,($/kg),0.81,0.0,0.0,-5.81,,0.29
1963-06-01,1963,6,"Tea, Colombo",Beverages,($/kg),0.81,0.0,0.0,-5.81,,0.29
1963-07-01,1963,7,"Tea, Colombo",Beverages,($/kg),0.81,0.0,0.0,-5.81,,0.29
1963-08-01,1963,8,"Tea, Colombo",Beverages,($/kg),0.81,0.0,0.0,-5.81,,0.29
1963-09-01,1963,9,"Tea, Colombo",Beverages,($/kg),0.81,0.0,0.0,-5.81,,0.29
1963-10-01,1963,10,"Tea, Colombo",Beverages,($/kg),0.81,0.0,0.0,-5.81,,0.29
1963-11-01,1963,11,"Tea, Colombo",Beverages,($/kg),0.81,0.0,0.0,-5.81,,0.29
1963-12-01,1963,12,"Tea, Colombo",Beverages,($/kg),0.81,0.0,0.0,-5.81,,0.29
1964-01-01,1964,1,"Tea, Colombo",Beverages,($/kg),0.82,1.23,1.23,1.23,,1.02
1964-02-01,1964,2,"Tea, Colombo",Beverages,($/kg),0.82,0.0,1.23,1.23,,-0.29
1964-03-01,1964,3,"Tea, Colombo",Beverages,($/kg),0.82,0.0,1.23,1.23,,-0.29
1964-04-01,1964,4,"Tea, Colombo",Beverages,($/kg),0.82,0.0,0.0,1.23,,-0.29
1964-05-01,1964,5,"Tea, Colombo",Beverages,($/kg),0.82,0.0,0.0,1.23,,-0.29
1964-06-01,1964,6,"Tea, Colombo",Beverages,($/kg),0.82,0.0,0.0,1.23,,-0.29
1964-07-01,1964,7,"Tea, Colombo",Beverages,($/kg),0.82,0.0,0.0,1.23,,-0.29
1964-08-01,1964,8,"Tea, Colombo",Beverages,($/kg),0.82,0.0,0.0,1.23,,-0.29
1964-09-01,1964,9,"Tea, Colombo",Beverages,($/kg),0.82,0.0,0.0,1.23,,-0.29
1964-10-01,1964,10,"Tea, Colombo",Beverages,($/kg),0.82,0.0,0.0,1.23,,-0.29
1964-11-01,1964,11,"Tea, Colombo",Beverages,($/kg),0.82,0.0,0.0,1.23,,-0.29
1964-12-01,1964,12,"Tea, Colombo",Beverages,($/kg),0.82,0.0,0.0,1.23,,-0.29
1965-01-01,1965,1,"Tea, Colombo",Beverages,($/kg),0.85,3.66,3.66,3.66,-8.6,9.98
1965-02-01,1965,2,"Tea, Colombo",Beverages,($/kg),0.85,0.0,3.66,3.66,-8.6,-0.29
1965-03-01,1965,3,"Tea, Colombo",Beverages,($/kg),0.85,0.0,3.66,3.66,-8.6,-0.29
1965-04-01,1965,4,"Tea, Colombo",Beverages,($/kg),0.85,0.0,0.0,3.66,-8.6,-0.29
1965-05-01,1965,5,"Tea, Colombo",Beverages,($/kg),0.85,0.0,0.0,3.66,-8.6,-0.29
1965-06-01,1965,6,"Tea, Colombo",Beverages,($/kg),0.85,0.0,0.0,3.66,-8.6,-0.29
1965-07-01,1965,7,"Tea, Colombo",Beverages,($/kg),0.85,0.0,0.0,3.66,-8.6,-0.29
1965-08-01,1965,8,"Tea, Colombo",Beverages,($/kg),0.85,0.0,0.0,3.66,-8.6,-0.29
1965-09-01,1965,9,"Tea, Colombo",Beverages,($/kg),0.85,0.0,0.0,3.66,-8.6,-0.29
1965-10-01,1965,10,"Tea, Colombo",Beverages,($/kg),0.85,0.0,0.0,3.66,-8.6,-0.29
1965-11-01,1965,11,"Tea, Colombo",Beverages,($/kg),0.85,0.0,0.0,3.66,-8.6,-0.29
1965-12-01,1965,12,"Tea, Colombo",Beverages,($/kg),0.85,0.0,0.0,3.66,-8.6,-0.29
1966-01-01,1966,1,"Tea, Colombo",Beverages,($/kg),0.76,-10.59,-10.59,-10.59,-14.61,-10.31
1966-02-01,1966,2,"Tea, Colombo",Beverages,($/kg),0.76,0.0,-10.59,-10.59,-14.61,0.29
1966-03-01,1966,3,"Tea, Colombo",Beverages,($/kg),0.76,0.0,-10.59,-10.59,-14.61,0.29
1966-04-01,1966,4,"Tea, Colombo",Beverages,($/kg),0.76,0.0,0.0,-10.59,-14.61,0.29
1966-05-01,1966,5,"Tea, Colombo",Beverages,($/kg),0.76,0.0,0.0,-10.59,-14.61,0.29
1966-06-01,1966,6,"Tea, Colombo",Beverages,($/kg),0.76,0.0,0.0,-10.59,-14.61,0.29
1966-07-01,1966,7,"Tea, Colombo",Beverages,($/kg),0.76,0.0,0.0,-10.59,-14.61,0.29
1966-08-01,1966,8,"Tea, Colombo",Beverages,($/kg),0.76,0.0,0.0,-10.59,-14.61,0.29
1966-09-01,1966,9,"Tea, Colombo",Beverages,($/kg),0.76,0.0,0.0,-10.59,-14.61,0.29
1966-10-01,1966,10,"Tea, Colombo",Beverages,($/kg),0.76,0.0,0.0,-10.59,-14.61,0.29
1966-11-01,1966,11,"Tea, Colombo",Beverages,($/kg),0.76,0.0,0.0,-10.59,-14.61,0.29
1966-12-01,1966,12,"Tea, Colombo",Beverages,($/kg),0.76,0.0,0.0,-10.59,-14.61,0.29
1967-01-01,1967,1,"Tea, Colombo",Beverages,($/kg),0.73,-3.95,-3.95,-3.95,-15.12,-1.0
1967-02-01,1967,2,"Tea, Colombo",Beverages,($/kg),0.73,0.0,-3.95,-3.95,-15.12,0.29
1967-03-01,1967,3,"Tea, Colombo",Beverages,($/kg),0.73,0.0,-3.95,-3.95,-15.12,0.29
1967-04-01,1967,4,"Tea, Colombo",Beverages,($/kg),0.73,0.0,0.0,-3.95,-15.12,0.29
1967-05-01,1967,5,"Tea, Colombo",Beverages,($/kg),0.73,0.0,0.0,-3.95,-15.12,0.29
1967-06-01,1967,6,"Tea, Colombo",Beverages,($/kg),0.73,0.0,0.0,-3.95,-15.12,0.29
1967-07-01,1967,7,"Tea, Colombo",Beverages,($/kg),0.73,0.0,0.0,-3.95,-15.12,0.29
1967-08-01,1967,8,"Tea, Colombo",Beverages,($/kg),0.73,0.0,0.0,-3.95,-15.12,0.29
1967-09-01,1967,9,"Tea, Colombo",Beverages,($/kg),0.73,0.0,0.0,-3.95,-15.12,0.29
1967-10-01,1967,10,"Tea, Colombo",Beverages,($/kg),0.73,0.0,0.0,-3.95,-15.12,0.29
1967-11-01,1967,11,"Tea, Colombo",Beverages,($/kg),0.73,0.0,0.0,-3.95,-15.12,0.29
1967-12-01,1967,12,"Tea, Colombo",Beverages,($/kg),0.58,-20.55,-20.55,-23.68,-32.56,-17.74
1968-01-01,1968,1,"Tea, Colombo",Beverages,($/kg),0.68,17.24,-6.85,-6.85,-16.05,3.25
1968-02-01,1968,2,"Tea, Colombo",Beverages,($/kg),0.68,0.0,-6.85,-6.85,-16.05,0.03
1968-03-01,1968,3,"Tea, Colombo",Beverages,($/kg),0.68,0.0,17.24,-6.85,-16.05,0.03
1968-04-01,1968,4,"Tea, Colombo",Beverages,($/kg),0.68,0.0,0.0,-6.85,-16.05,0.03
1968-05-01,1968,5,"Tea, Colombo",Beverages,($/kg),0.68,0.0,0.0,-6.85,-16.05,0.03
1968-06-01,1968,6,"Tea, Colombo",Beverages,($/kg),0.68,0.0,0.0,-6.85,-16.05,0.03
1968-07-01,1968,7,"Tea, Colombo",Beverages,($/kg),0.68,0.0,0.0,-6.85,-16.05,0.03
1968-08-01,1968,8,"Tea, Colombo",Beverages,($/kg),0.68,0.0,0.0,-6.85,-16.05,0.03
1968-09-01,1968,9,"Tea, Colombo",Beverages,($/kg),0.68,0.0,0.0,-6.85,-16.05,0.03
1968-10-01,1968,10,"Tea, Colombo",Beverages,($/kg),0.68,0.0,0.0,-6.85,-16.05,0.03
1968-11-01,1968,11,"Tea, Colombo",Beverages,($/kg),0.68,0.0,0.0,-6.85,-16.05,0.03
1968-12-01,1968,12,"Tea, Colombo",Beverages,($/kg),0.68,0.0,0.0,17.24,-16.05,0.03
1969-01-01,1969,1,"Tea, Colombo",Beverages,($/kg),0.6,-11.76,-11.76,-11.76,-26.83,-2.65
1969-02-01,1969,2,"Tea, Colombo",Beverages,($/kg),0.6,0.0,-11.76,-11.76,-26.83,0.29
1969-03-01,1969,3,"Tea, Colombo",Beverages,($/kg),0.6,0.0,-11.76,-11.76,-26.83,0.29
1969-04-01,1969,4,"Tea, Colombo",Beverages,($/kg),0.6,0.0,0.0,-11.76,-26.83,0.29
1969-05-01,1969,5,"Tea, Colombo",Beverages,($/kg),0.6,0.0,0.0,-11.76,-26.83,0.29
1969-06-01,1969,6,"Tea, Colombo",Beverages,($/kg),0.6,0.0,0.0,-11.76,-26.83,0.29
1969-07-01,1969,7,"Tea, Colombo",Beverages,($/kg),0.6,0.0,0.0,-11.76,-26.83,0.29
1969-08-01,1969,8,"Tea, Colombo",Beverages,($/kg),0.6,0.0,0.0,-11.76,-26.83,0.29
1969-09-01,1969,9,"Tea, Colombo",Beverages,($/kg),0.6,0.0,0.0,-11.76,-26.83,0.29
1969-10-01,1969,10,"Tea, Colombo",Beverages,($/kg),0.6,0.0,0.0,-11.76,-26.83,0.29
1969-11-01,1969,11,"Tea, Colombo",Beverages,($/kg),0.6,0.0,0.0,-11.76,-26.83,0.29
1969-12-01,1969,12,"Tea, Colombo",Beverages,($/kg),0.6,0.0,0.0,-11.76,-26.83,0.29
1970-01-01,1970,1,"Tea, Colombo",Beverages,($/kg),0.63,5.0,5.0,5.0,-25.88,1.76
1970-02-01,1970,2,"Tea, Colombo",Beverages,($/kg),0.63,0.0,5.0,5.0,-25.88,-0.29
1970-03-01,1970,3,"Tea, Colombo",Beverages,($/kg),0.63,0.0,5.0,5.0,-25.88,-0.29
1970-04-01,1970,4,"Tea, Colombo",Beverages,($/kg),0.63,0.0,0.0,5.0,-25.88,-0.29
1970-05-01,1970,5,"Tea, Colombo",Beverages,($/kg),0.63,0.0,0.0,5.0,-25.88,-0.29
1970-06-01,1970,6,"Tea, Colombo",Beverages,($/kg),0.63,0.0,0.0,5.0,-25.88,-0.29
1970-07-01,1970,7,"Tea, Colombo",Beverages,($/kg),0.63,0.0,0.0,5.0,-25.88,-0.29
1970-08-01,1970,8,"Tea, Colombo",Beverages,($/kg),0.63,0.0,0.0,5.0,-25.88,-0.29
1970-09-01,1970,9,"Tea, Colombo",Beverages,($/kg),0.63,0.0,0.0,5.0,-25.88,-0.29
1970-10-01,1970,10,"Tea, Colombo",Beverages,($/kg),0.63,0.0,0.0,5.0,-25.88,-0.29
1970-11-01,1970,11,"Tea, Colombo",Beverages,($/kg),0.63,0.0,0.0,5.0,-25.88,-0.29
1970-12-01,1970,12,"Tea, Colombo",Beverages,($/kg),0.63,0.0,0.0,5.0,-25.88,-0.29
1971-01-01,1971,1,"Tea, Colombo",Beverages,($/kg),0.64,1.59,1.59,1.59,-15.79,0.81
1971-02-01,1971,2,"Tea, Colombo",Beverages,($/kg),0.67,4.69,6.35,6.35,-11.84,9.94
1971-03-01,1971,3,"Tea, Colombo",Beverages,($/kg),0.7,4.48,11.11,11.11,-7.89,2.85
1971-04-01,1971,4,"Tea, Colombo",Beverages,($/kg),0.65,-7.14,1.56,3.17,-14.47,-4.51
1971-05-01,1971,5,"Tea, Colombo",Beverages,($/kg),0.66,1.54,-1.49,4.76,-13.16,0.42
1971-06-01,1971,6,"Tea, Colombo",Beverages,($/kg),0.64,-3.03,-8.57,1.59,-15.79,-1.17
1971-07-01,1971,7,"Tea, Colombo",Beverages,($/kg),0.63,-1.56,-3.08,0.0,-17.11,-0.56
1971-08-01,1971,8,"Tea, Colombo",Beverages,($/kg),0.71,12.7,7.58,12.7,-6.58,4.01
1971-09-01,1971,9,"Tea, Colombo",Beverages,($/kg),0.73,2.82,14.06,15.87,-3.95,0.35
1971-10-01,1971,10,"Tea, Colombo",Beverages,($/kg),0.7,-4.11,11.11,11.11,-7.89,-1.13
1971-11-01,1971,11,"Tea, Colombo",Beverages,($/kg),0.69,-1.43,-2.82,9.52,-9.21,-0.48
1971-12-01,1971,12,"Tea, Colombo",Beverages,($/kg),0.7,1.45,-4.11,11.11,-7.89,0.11
1972-01-01,1972,1,"Tea, Colombo",Beverages,($/kg),0.75,7.14,7.14,17.19,2.74,1.2
1972-02-01,1972,2,"Tea, Colombo",Beverages,($/kg),0.78,4.0,13.04,16.42,6.85,0.47
1972-03-01,1972,3,"Tea, Colombo",Beverages,($/kg),0.82,5.13,17.14,17.14,12.33,0.69
1972-04-01,1972,4,"Tea, Colombo",Beverages,($/kg),0.81,-1.22,8.0,24.62,10.96,-0.49
1972-05-01,1972,5,"Tea, Colombo",Beverages,($/kg),0.8,-1.23,2.56,21.21,9.59,-0.66
1972-06-01,1972,6,"Tea, Colombo",Beverages,($/kg),0.74,-7.5,-9.76,15.62,1.37,-1.89
1972-07-01,1972,7,"Tea, Colombo",Beverages,($/kg),0.55,-25.68,-32.1,-12.7,-24.66,-4.98
1972-08-01,1972,8,"Tea, Colombo",Beverages,($/kg),0.64,16.36,-20.0,-9.86,-12.33,1.79
1972-09-01,1972,9,"Tea, Colombo",Beverages,($/kg),0.69,7.81,-6.76,-5.48,-5.48,0.81
1972-10-01,1972,10,"Tea, Colombo",Beverages,($/kg),0.63,-8.7,14.55,-10.0,-13.7,-0.85
1972-11-01,1972,11,"Tea, Colombo",Beverages,($/kg),0.58,-7.94,-9.38,-15.94,-20.55,-0.72
1972-12-01,1972,12,"Tea, Colombo",Beverages,($/kg),0.6,3.45,-13.04,-14.29,3.45,0.4
1973-01-01,1973,1,"Tea, Colombo",Beverages,($/kg),0.6,0.0,-4.76,-20.0,-11.76,0.06
1973-02-01,1973,2,"Tea, Colombo",Beverages,($/kg),0.66,10.0,13.79,-15.38,-2.94,1.07
1973-03-01,1973,3,"Tea, Colombo",Beverages,($/kg),0.7,6.06,16.67,-14.63,2.94,0.63
1973-04-01,1973,4,"Tea, Colombo",Beverages,($/kg),0.69,-1.43,15.0,-14.81,1.47,-0.06
1973-05-01,1973,5,"Tea, Colombo",Beverages,($/kg),0.64,-7.25,-3.03,-20.0,-5.88,-0.59
1973-06-01,1973,6,"Tea, Colombo",Beverages,($/kg),0.6,-6.25,-14.29,-18.92,-11.76,-0.45
1973-07-01,1973,7,"Tea, Colombo",Beverages,($/kg),0.63,5.0,-8.7,14.55,-7.35,0.55
1973-08-01,1973,8,"Tea, Colombo",Beverages,($/kg),0.74,17.46,15.62,15.62,8.82,2.0
1973-09-01,1973,9,"Tea, Colombo",Beverages,($/kg),0.74,0.0,23.33,7.25,8.82,-0.18
1973-10-01,1973,10,"Tea, Colombo",Beverages,($/kg),0.67,-9.46,6.35,6.35,-1.47,-1.29
1973-11-01,1973,11,"Tea, Colombo",Beverages,($/kg),0.63,-5.97,-14.86,8.62,-7.35,-0.84
1973-12-01,1973,12,"Tea, Colombo",Beverages,($/kg),0.65,3.17,-12.16,8.33,-4.41,0.28
1974-01-01,1974,1,"Tea, Colombo",Beverages,($/kg),0.68,4.62,1.49,13.33,13.33,0.47
1974-02-01,1974,2,"Tea, Colombo",Beverages,($/kg),0.69,1.47,9.52,4.55,15.0,0.02
1974-03-01,1974,3,"Tea, Colombo",Beverages,($/kg),0.86,24.64,32.31,22.86,43.33,3.21
1974-04-01,1974,4,"Tea, Colombo",Beverages,($/kg),0.86,0.0,26.47,24.64,43.33,-0.21
1974-05-01,1974,5,"Tea, Colombo",Beverages,($/kg),0.84,-2.33,21.74,31.25,40.0,-0.46
1974-06-01,1974,6,"Tea, Colombo",Beverages,($/kg),0.91,8.33,5.81,51.67,51.67,0.58
1974-07-01,1974,7,"Tea, Colombo",Beverages,($/kg),0.93,2.2,8.14,47.62,55.0,-0.18
1974-08-01,1974,8,"Tea, Colombo",Beverages,($/kg),0.97,4.3,15.48,31.08,61.67,0.07
1974-09-01,1974,9,"Tea, Colombo",Beverages,($/kg),0.96,-1.03,5.49,29.73,60.0,-0.43
1974-10-01,1974,10,"Tea, Colombo",Beverages,($/kg),0.96,0.0,3.23,43.28,60.0,-0.29
1974-11-01,1974,11,"Tea, Colombo",Beverages,($/kg),1.0,4.17,3.09,58.73,66.67,0.12
1974-12-01,1974,12,"Tea, Colombo",Beverages,($/kg),1.02,2.0,6.25,56.92,70.0,-0.3
1975-01-01,1975,1,"Tea, Colombo",Beverages,($/kg),1.02,0.0,6.25,50.0,61.9,-0.57
1975-02-01,1975,2,"Tea, Colombo",Beverages,($/kg),1.06,3.92,6.0,53.62,68.25,0.04
1975-03-01,1975,3,"Tea, Colombo",Beverages,($/kg),1.03,-2.83,0.98,19.77,63.49,-0.93
1975-04-01,1975,4,"Tea, Colombo",Beverages,($/kg),0.96,-6.8,-5.88,11.63,52.38,-2.59
1975-05-01,1975,5,"Tea, Colombo",Beverages,($/kg),0.9,-6.25,-15.09,7.14,42.86,-1.8
1975-06-01,1975,6,"Tea, Colombo",Beverages,($/kg),0.85,-5.56,-17.48,-6.59,34.92,-1.4
1975-07-01,1975,7,"Tea, Colombo",Beverages,($/kg),0.83,-2.35,-13.54,-10.75,31.75,-0.46
1975-08-01,1975,8,"Tea, Colombo",Beverages,($/kg),0.86,3.61,-4.44,-11.34,36.51,1.12
1975-09-01,1975,9,"Tea, Colombo",Beverages,($/kg),0.8,-6.98,-5.88,-16.67,26.98,-1.54
1975-10-01,1975,10,"Tea, Colombo",Beverages,($/kg),0.75,-6.25,-9.64,-21.88,19.05,-1.12
1975-11-01,1975,11,"Tea, Colombo",Beverages,($/kg),0.76,1.33,-11.63,-24.0,20.63,0.73
1975-12-01,1975,12,"Tea, Colombo",Beverages,($/kg),0.77,1.32,-3.75,-24.51,22.22,0.83
1976-01-01,1976,1,"Tea, Colombo",Beverages,($/kg),0.86,11.69,14.67,-15.69,34.38,3.36
1976-02-01,1976,2,"Tea, Colombo",Beverages,($/kg),0.82,-4.65,7.89,-22.64,22.39,-0.59
1976-03-01,1976,3,"Tea, Colombo",Beverages,($/kg),0.85,3.66,10.39,-17.48,21.43,1.01
1976-04-01,1976,4,"Tea, Colombo",Beverages,($/kg),0.89,4.71,3.49,-7.29,36.92,1.05
1976-05-01,1976,5,"Tea, Colombo",Beverages,($/kg),0.86,-3.37,4.88,-4.44,30.3,-0.5
1976-06-01,1976,6,"Tea, Colombo",Beverages,($/kg),0.86,0.0,1.18,1.18,34.38,0.04
1976-07-01,1976,7,"Tea, Colombo",Beverages,($/kg),0.95,10.47,6.74,14.46,50.79,1.92
1976-08-01,1976,8,"Tea, Colombo",Beverages,($/kg),1.03,8.42,19.77,19.77,45.07,1.18
1976-09-01,1976,9,"Tea, Colombo",Beverages,($/kg),1.01,-1.94,17.44,26.25,38.36,-0.57
1976-10-01,1976,10,"Tea, Colombo",Beverages,($/kg),1.02,0.99,7.37,36.0,45.71,-0.19
1976-11-01,1976,11,"Tea, Colombo",Beverages,($/kg),0.98,-3.92,-4.85,28.95,42.03,-1.26
1976-12-01,1976,12,"Tea, Colombo",Beverages,($/kg),1.01,3.06,0.0,31.17,44.29,0.14
1977-01-01,1977,1,"Tea, Colombo",Beverages,($/kg),1.16,14.85,13.73,34.88,54.67,2.22
1977-02-01,1977,2,"Tea, Colombo",Beverages,($/kg),1.7,46.55,73.47,107.32,117.95,7.16
1977-03-01,1977,3,"Tea, Colombo",Beverages,($/kg),2.42,42.35,139.6,184.71,195.12,2.58
1977-04-01,1977,4,"Tea, Colombo",Beverages,($/kg),3.56,47.11,206.9,300.0,339.51,2.17
1977-05-01,1977,5,"Tea, Colombo",Beverages,($/kg),2.26,-36.52,32.94,162.79,182.5,-2.52
1977-06-01,1977,6,"Tea, Colombo",Beverages,($/kg),1.63,-27.88,-32.64,89.53,120.27,-1.6
1977-07-01,1977,7,"Tea, Colombo",Beverages,($/kg),1.62,-0.61,-54.49,70.53,194.55,-0.35
1977-08-01,1977,8,"Tea, Colombo",Beverages,($/kg),1.55,-4.32,-31.42,50.49,142.19,-0.45
1977-09-01,1977,9,"Tea, Colombo",Beverages,($/kg),1.35,-12.9,-17.18,33.66,95.65,-0.72
1977-10-01,1977,10,"Tea, Colombo",Beverages,($/kg),1.36,0.74,-16.05,33.33,115.87,-0.18
1977-11-01,1977,11,"Tea, Colombo",Beverages,($/kg),0.97,-28.68,-37.42,-1.02,67.24,-1.25
1977-12-01,1977,12,"Tea, Colombo",Beverages,($/kg),0.78,-19.59,-42.22,-22.77,30.0,-0.8
1978-01-01,1978,1,"Tea, Colombo",Beverages,($/kg),0.78,0.0,-42.65,-32.76,30.0,-0.06
1978-02-01,1978,2,"Tea, Colombo",Beverages,($/kg),0.92,17.95,-5.15,-45.88,39.39,0.59
1978-03-01,1978,3,"Tea, Colombo",Beverages,($/kg),0.85,-7.61,8.97,-64.88,21.43,-0.22
1978-04-01,1978,4,"Tea, Colombo",Beverages,($/kg),0.71,-16.47,-8.97,-80.06,2.9,-0.46
1978-05-01,1978,5,"Tea, Colombo",Beverages,($/kg),0.67,-5.63,-27.17,-70.35,4.69,0.37
1978-06-01,1978,6,"Tea, Colombo",Beverages,($/kg),0.62,-7.46,-27.06,-61.96,3.33,0.1
1978-07-01,1978,7,"Tea, Colombo",Beverages,($/kg),0.66,6.45,-7.04,-59.26,4.76,1.14
1978-08-01,1978,8,"Tea, Colombo",Beverages,($/kg),0.73,10.61,8.96,-52.9,-1.35,1.38
1978-09-01,1978,9,"Tea, Colombo",Beverages,($/kg),0.73,0.0,17.74,-45.93,-1.35,0.39
1978-10-01,1978,10,"Tea, Colombo",Beverages,($/kg),0.82,12.33,24.24,-39.71,22.39,1.26
1978-11-01,1978,11,"Tea, Colombo",Beverages,($/kg),0.76,-7.32,4.11,-21.65,20.63,-0.3
1978-12-01,1978,12,"Tea, Colombo",Beverages,($/kg),0.7,-7.89,-4.11,-10.26,7.69,-0.56
1979-01-01,1979,1,"Tea, Colombo",Beverages,($/kg),0.71,1.43,-13.41,-8.97,4.41,0.18
1979-02-01,1979,2,"Tea, Colombo",Beverages,($/kg),0.7,-1.41,-7.89,-23.91,1.45,-0.11
1979-03-01,1979,3,"Tea, Colombo",Beverages,($/kg),0.67,-4.29,-4.29,-21.18,-22.09,-0.28
1979-04-01,1979,4,"Tea, Colombo",Beverages,($/kg),0.62,-7.46,-12.68,-12.68,-27.91,-0.7
1979-05-01,1979,5,"Tea, Colombo",Beverages,($/kg),0.52,-16.13,-25.71,-22.39,-38.1,-2.1
1979-06-01,1979,6,"Tea, Colombo",Beverages,($/kg),0.43,-17.31,-35.82,-30.65,-52.75,-1.85
1979-07-01,1979,7,"Tea, Colombo",Beverages,($/kg),0.65,51.16,4.84,-1.52,-30.11,5.69
1979-08-01,1979,8,"Tea, Colombo",Beverages,($/kg),0.93,43.08,78.85,27.4,-4.12,2.31
1979-09-01,1979,9,"Tea, Colombo",Beverages,($/kg),0.96,3.23,123.26,31.51,0.0,-0.03
1979-10-01,1979,10,"Tea, Colombo",Beverages,($/kg),0.96,0.0,47.69,17.07,0.0,-0.19
1979-11-01,1979,11,"Tea, Colombo",Beverages,($/kg),0.92,-4.17,-1.08,21.05,-8.0,-0.34
1979-12-01,1979,12,"Tea, Colombo",Beverages,($/kg),1.31,42.39,36.46,87.14,28.43,1.82
1980-01-01,1980,1,"Tea, Colombo",Beverages,($/kg),1.19,-9.16,23.96,67.61,16.67,-0.7
1980-02-01,1980,2,"Tea, Colombo",Beverages,($/kg),1.17,-1.68,27.17,67.14,10.38,-0.34
1980-03-01,1980,3,"Tea, Colombo",Beverages,($/kg),1.14,-2.56,-12.98,70.15,10.68,-0.38
1980-04-01,1980,4,"Tea, Colombo",Beverages,($/kg),1.13,-0.88,-5.04,82.26,17.71,-0.32
1980-05-01,1980,5,"Tea, Colombo",Beverages,($/kg),1.15,1.77,-1.71,121.15,27.78,-0.23
1980-06-01,1980,6,"Tea, Colombo",Beverages,($/kg),1.14,-0.87,0.0,165.12,34.12,-0.42
1980-07-01,1980,7,"Tea, Colombo",Beverages,($/kg),1.14,0.0,0.88,75.38,37.35,-0.47
1980-08-01,1980,8,"Tea, Colombo",Beverages,($/kg),1.11,-2.63,-3.48,19.35,29.07,-0.49
1980-09-01,1980,9,"Tea, Colombo",Beverages,($/kg),1.08,-2.7,-5.26,12.5,35.0,-0.37
1980-10-01,1980,10,"Tea, Colombo",Beverages,($/kg),1.05,-2.78,-7.89,9.38,40.0,-0.34
1980-11-01,1980,11,"Tea, Colombo",Beverages,($/kg),1.02,-2.86,-8.11,10.87,34.21,-0.32
1980-12-01,1980,12,"Tea, Colombo",Beverages,($/kg),1.01,-0.98,-6.48,-22.9,31.17,-0.19
1981-01-01,1981,1,"Tea, Colombo",Beverages,($/kg),1.09,7.92,3.81,-8.4,26.74,3.83
1981-02-01,1981,2,"Tea, Colombo",Beverages,($/kg),1.23,12.84,20.59,5.13,50.0,4.44
1981-03-01,1981,3,"Tea, Colombo",Beverages,($/kg),1.22,-0.81,20.79,7.02,43.53,-0.27
1981-04-01,1981,4,"Tea, Colombo",Beverages,($/kg),1.09,-10.66,0.0,-3.54,22.47,-2.34
1981-05-01,1981,5,"Tea, Colombo",Beverages,($/kg),0.99,-9.17,-19.51,-13.91,15.12,-1.54
1981-06-01,1981,6,"Tea, Colombo",Beverages,($/kg),0.9,-9.09,-26.23,-21.05,4.65,-1.26
1981-07-01,1981,7,"Tea, Colombo",Beverages,($/kg),0.85,-5.56,-22.02,-25.44,-10.53,-0.56
1981-08-01,1981,8,"Tea, Colombo",Beverages,($/kg),0.82,-3.53,-17.17,-26.13,-20.39,-0.19
1981-09-01,1981,9,"Tea, Colombo",Beverages,($/kg),1.03,25.61,14.44,-4.63,1.98,4.08
1981-10-01,1981,10,"Tea, Colombo",Beverages,($/kg),0.74,-28.16,-12.94,-29.52,-27.45,-2.68
1981-11-01,1981,11,"Tea, Colombo",Beverages,($/kg),0.83,12.16,1.22,-18.63,-15.31,1.06
1981-12-01,1981,12,"Tea, Colombo",Beverages,($/kg),0.9,8.43,-12.62,-10.89,-10.89,0.66
1982-01-01,1982,1,"Tea, Colombo",Beverages,($/kg),0.95,5.56,28.38,-12.84,-18.1,0.39
1982-02-01,1982,2,"Tea, Colombo",Beverages,($/kg),0.99,4.21,19.28,-19.51,-41.76,0.31
1982-03-01,1982,3,"Tea, Colombo",Beverages,($/kg),1.02,3.03,13.33,-16.39,-57.85,0.29
1982-04-01,1982,4,"Tea, Colombo",Beverages,($/kg),1.05,2.94,10.53,-3.67,-70.51,0.26
1982-05-01,1982,5,"Tea, Colombo",Beverages,($/kg),1.06,0.95,7.07,7.07,-53.1,0.03
1982-06-01,1982,6,"Tea, Colombo",Beverages,($/kg),0.99,-6.6,-2.94,10.0,-39.26,-0.62
1982-07-01,1982,7,"Tea, Colombo",Beverages,($/kg),1.09,10.1,3.81,28.24,-32.72,0.67
1982-08-01,1982,8,"Tea, Colombo",Beverages,($/kg),1.27,16.51,19.81,54.88,-18.06,1.07
1982-09-01,1982,9,"Tea, Colombo",Beverages,($/kg),1.47,15.75,48.48,42.72,8.89,0.85
1982-10-01,1982,10,"Tea, Colombo",Beverages,($/kg),1.3,-11.56,19.27,75.68,-4.41,-1.28
1982-11-01,1982,11,"Tea, Colombo",Beverages,($/kg),1.3,0.0,2.36,56.63,34.02,-0.61
1982-12-01,1982,12,"Tea, Colombo",Beverages,($/kg),1.24,-4.62,-15.65,37.78,58.97,-1.07
1983-01-01,1983,1,"Tea, Colombo",Beverages,($/kg),1.38,11.29,6.15,45.26,76.92,0.98
1983-02-01,1983,2,"Tea, Colombo",Beverages,($/kg),1.5,8.7,15.38,51.52,63.04,0.6
1983-03-01,1983,3,"Tea, Colombo",Beverages,($/kg),1.7,13.33,37.1,66.67,100.0,1.07
1983-04-01,1983,4,"Tea, Colombo",Beverages,($/kg),1.78,4.71,28.99,69.52,150.7,-0.0
1983-05-01,1983,5,"Tea, Colombo",Beverages,($/kg),1.95,9.55,30.0,83.96,191.04,0.51
1983-06-01,1983,6,"Tea, Colombo",Beverages,($/kg),2.01,3.08,18.24,103.03,224.19,-0.27
1983-07-01,1983,7,"Tea, Colombo",Beverages,($/kg),1.65,-17.91,-7.3,51.38,150.0,-2.87
1983-08-01,1983,8,"Tea, Colombo",Beverages,($/kg),1.84,11.52,-5.64,44.88,152.05,0.68
1983-09-01,1983,9,"Tea, Colombo",Beverages,($/kg),1.91,3.8,-4.98,29.93,161.64,0.01
1983-10-01,1983,10,"Tea, Colombo",Beverages,($/kg),1.93,1.05,16.97,48.46,135.37,-0.17
1983-11-01,1983,11,"Tea, Colombo",Beverages,($/kg),2.23,15.54,21.2,71.54,193.42,1.36
1983-12-01,1983,12,"Tea, Colombo",Beverages,($/kg),2.39,7.17,25.13,92.74,241.43,0.24
1984-01-01,1984,1,"Tea, Colombo",Beverages,($/kg),2.84,18.83,47.15,105.8,300.0,1.47
1984-02-01,1984,2,"Tea, Colombo",Beverages,($/kg),2.65,-6.69,18.83,76.67,278.57,-1.42
1984-03-01,1984,3,"Tea, Colombo",Beverages,($/kg),2.67,0.75,11.72,57.06,298.51,-0.45
1984-04-01,1984,4,"Tea, Colombo",Beverages,($/kg),2.73,2.25,-3.87,53.37,340.32,-0.21
1984-05-01,1984,5,"Tea, Colombo",Beverages,($/kg),2.53,-7.33,-4.53,29.74,386.54,-1.16
1984-06-01,1984,6,"Tea, Colombo",Beverages,($/kg),2.2,-13.04,-17.6,9.45,411.63,-1.54
1984-07-01,1984,7,"Tea, Colombo",Beverages,($/kg),2.14,-2.73,-21.61,29.7,229.23,-0.36
1984-08-01,1984,8,"Tea, Colombo",Beverages,($/kg),2.26,5.61,-10.67,22.83,143.01,0.32
1984-09-01,1984,9,"Tea, Colombo",Beverages,($/kg),2.53,11.95,15.0,32.46,163.54,1.07
1984-10-01,1984,10,"Tea, Colombo",Beverages,($/kg),2.51,-0.79,17.29,30.05,161.46,-0.37
1984-11-01,1984,11,"Tea, Colombo",Beverages,($/kg),2.51,0.0,11.06,12.56,172.83,-0.27
1984-12-01,1984,12,"Tea, Colombo",Beverages,($/kg),2.45,-2.39,-3.16,2.51,87.02,-0.43
1985-01-01,1985,1,"Tea, Colombo",Beverages,($/kg),2.31,-5.71,-7.97,-18.66,94.12,-0.73
1985-02-01,1985,2,"Tea, Colombo",Beverages,($/kg),2.13,-7.79,-15.14,-19.62,82.05,-0.96
1985-03-01,1985,3,"Tea, Colombo",Beverages,($/kg),1.73,-18.78,-29.39,-35.21,51.75,-2.6
1985-04-01,1985,4,"Tea, Colombo",Beverages,($/kg),1.61,-6.94,-30.3,-41.03,42.48,-0.45
1985-05-01,1985,5,"Tea, Colombo",Beverages,($/kg),1.4,-13.04,-34.27,-44.66,21.74,-1.12
1985-06-01,1985,6,"Tea, Colombo",Beverages,($/kg),1.16,-17.14,-32.95,-47.27,1.75,-1.5
1985-07-01,1985,7,"Tea, Colombo",Beverages,($/kg),1.25,7.76,-22.36,-41.59,9.65,1.42
1985-08-01,1985,8,"Tea, Colombo",Beverages,($/kg),1.27,1.6,-9.29,-43.81,14.41,0.58
1985-09-01,1985,9,"Tea, Colombo",Beverages,($/kg),1.24,-2.36,6.9,-50.99,14.81,0.21
1985-10-01,1985,10,"Tea, Colombo",Beverages,($/kg),1.15,-7.26,-8.0,-54.18,9.52,-0.23
1985-11-01,1985,11,"Tea, Colombo",Beverages,($/kg),1.1,-4.35,-13.39,-56.18,7.84,0.22
1985-12-01,1985,12,"Tea, Colombo",Beverages,($/kg),1.14,3.64,-8.06,-53.47,12.87,1.34
1986-01-01,1986,1,"Tea, Colombo",Beverages,($/kg),1.1,-3.51,-4.35,-52.38,0.92,0.3
1986-02-01,1986,2,"Tea, Colombo",Beverages,($/kg),1.14,3.64,3.64,-46.48,-7.32,1.17
1986-03-01,1986,3,"Tea, Colombo",Beverages,($/kg),1.14,0.0,0.0,-34.1,-6.56,0.56
1986-04-01,1986,4,"Tea, Colombo",Beverages,($/kg),1.05,-7.89,-4.55,-34.78,-3.67,-0.66
1986-05-01,1986,5,"Tea, Colombo",Beverages,($/kg),0.98,-6.67,-14.04,-30.0,-1.01,-0.47
1986-06-01,1986,6,"Tea, Colombo",Beverages,($/kg),0.9,-8.16,-21.05,-22.41,0.0,-0.82
1986-07-01,1986,7,"Tea, Colombo",Beverages,($/kg),0.91,1.11,-13.33,-27.2,7.06,0.58
1986-08-01,1986,8,"Tea, Colombo",Beverages,($/kg),1.06,16.48,8.16,-16.54,29.27,4.28
1986-09-01,1986,9,"Tea, Colombo",Beverages,($/kg),1.03,-2.83,14.44,-16.94,0.0,-0.22
1986-10-01,1986,10,"Tea, Colombo",Beverages,($/kg),1.09,5.83,19.78,-5.22,47.3,1.02
1986-11-01,1986,11,"Tea, Colombo",Beverages,($/kg),1.41,29.36,33.02,28.18,69.88,4.2
1986-12-01,1986,12,"Tea, Colombo",Beverages,($/kg),1.51,7.09,46.6,32.46,67.78,0.41
1987-01-01,1987,1,"Tea, Colombo",Beverages,($/kg),1.5,-0.66,37.61,36.36,57.89,-0.32
1987-02-01,1987,2,"Tea, Colombo",Beverages,($/kg),1.35,-10.0,-4.26,18.42,36.36,-1.21
1987-03-01,1987,3,"Tea, Colombo",Beverages,($/kg),1.43,5.93,-5.3,25.44,40.2,0.34
1987-04-01,1987,4,"Tea, Colombo",Beverages,($/kg),1.37,-4.2,-8.67,30.48,30.48,-0.58
1987-05-01,1987,5,"Tea, Colombo",Beverages,($/kg),1.15,-16.06,-14.81,17.35,8.49,-1.67
1987-06-01,1987,6,"Tea, Colombo",Beverages,($/kg),1.19,3.48,-16.78,32.22,20.2,0.12
1987-07-01,1987,7,"Tea, Colombo",Beverages,($/kg),1.32,10.92,-3.65,45.05,21.1,0.67
1987-08-01,1987,8,"Tea, Colombo",Beverages,($/kg),1.44,9.09,25.22,35.85,13.39,0.44
1987-09-01,1987,9,"Tea, Colombo",Beverages,($/kg),1.36,-5.56,14.29,32.04,-7.48,-0.76
1987-10-01,1987,10,"Tea, Colombo",Beverages,($/kg),1.39,2.21,5.3,27.52,6.92,-0.06
1987-11-01,1987,11,"Tea, Colombo",Beverages,($/kg),1.34,-3.6,-6.94,-4.96,3.08,-0.54
1987-12-01,1987,12,"Tea, Colombo",Beverages,($/kg),1.35,0.75,-0.74,-10.6,8.87,0.11
1988-01-01,1988,1,"Tea, Colombo",Beverages,($/kg),1.49,10.37,7.19,-0.67,7.97,1.41
1988-02-01,1988,2,"Tea, Colombo",Beverages,($/kg),1.57,5.37,17.16,16.3,4.67,0.6
1988-03-01,1988,3,"Tea, Colombo",Beverages,($/kg),1.5,-4.46,11.11,4.9,-11.76,-0.76
1988-04-01,1988,4,"Tea, Colombo",Beverages,($/kg),1.48,-1.33,-0.67,8.03,-16.85,-0.26
1988-05-01,1988,5,"Tea, Colombo",Beverages,($/kg),1.34,-9.46,-14.65,16.52,-31.28,-1.33
1988-06-01,1988,6,"Tea, Colombo",Beverages,($/kg),1.34,0.0,-10.67,12.61,-33.33,-0.22
1988-07-01,1988,7,"Tea, Colombo",Beverages,($/kg),1.24,-7.46,-16.22,-6.06,-24.85,-1.31
1988-08-01,1988,8,"Tea, Colombo",Beverages,($/kg),1.23,-0.81,-8.21,-14.58,-33.15,-0.07
1988-09-01,1988,9,"Tea, Colombo",Beverages,($/kg),1.21,-1.63,-9.7,-11.03,-36.65,-0.08
1988-10-01,1988,10,"Tea, Colombo",Beverages,($/kg),1.29,6.61,4.03,-7.19,-33.16,1.39
1988-11-01,1988,11,"Tea, Colombo",Beverages,($/kg),1.34,3.88,8.94,0.0,-39.91,0.76
1988-12-01,1988,12,"Tea, Colombo",Beverages,($/kg),1.32,-1.49,9.09,-2.22,-44.77,-0.29
1989-01-01,1989,1,"Tea, Colombo",Beverages,($/kg),1.26,-4.55,-2.33,-15.44,-55.63,-0.78
1989-02-01,1989,2,"Tea, Colombo",Beverages,($/kg),1.35,7.14,0.75,-14.01,-49.06,1.73
1989-03-01,1989,3,"Tea, Colombo",Beverages,($/kg),1.45,7.41,9.85,-3.33,-45.69,1.67
1989-04-01,1989,4,"Tea, Colombo",Beverages,($/kg),1.47,1.38,16.67,-0.68,-46.15,0.27
1989-05-01,1989,5,"Tea, Colombo",Beverages,($/kg),1.53,4.08,13.33,14.18,-39.53,0.72
1989-06-01,1989,6,"Tea, Colombo",Beverages,($/kg),1.41,-7.84,-2.76,5.22,-35.91,-1.91
1989-07-01,1989,7,"Tea, Colombo",Beverages,($/kg),1.34,-4.96,-8.84,8.06,-37.38,-1.02
1989-08-01,1989,8,"Tea, Colombo",Beverages,($/kg),1.4,4.48,-8.5,13.82,-38.05,0.72
1989-09-01,1989,9,"Tea, Colombo",Beverages,($/kg),1.79,27.86,26.95,47.93,-29.25,5.13
1989-10-01,1989,10,"Tea, Colombo",Beverages,($/kg),1.83,2.23,36.57,41.86,-27.09,-0.16
1989-11-01,1989,11,"Tea, Colombo",Beverages,($/kg),1.73,-5.46,23.57,29.1,-31.08,-0.96
1989-12-01,1989,12,"Tea, Colombo",Beverages,($/kg),1.78,2.89,-0.56,34.85,-27.35,0.04
1990-01-01,1990,1,"Tea, Colombo",Beverages,($/kg),1.89,6.18,3.28,50.0,-18.18,0.35
1990-02-01,1990,2,"Tea, Colombo",Beverages,($/kg),2.01,6.35,16.18,48.89,-5.63,0.28
1990-03-01,1990,3,"Tea, Colombo",Beverages,($/kg),3.02,50.25,69.66,108.28,74.57,5.11
1990-04-01,1990,4,"Tea, Colombo",Beverages,($/kg),1.89,-37.42,0.0,28.57,17.39,-2.75
1990-05-01,1990,5,"Tea, Colombo",Beverages,($/kg),1.79,-5.29,-10.95,16.99,27.86,-0.45
1990-06-01,1990,6,"Tea, Colombo",Beverages,($/kg),1.6,-10.61,-47.02,13.48,37.93,-0.66
1990-07-01,1990,7,"Tea, Colombo",Beverages,($/kg),1.59,-0.62,-15.87,18.66,27.2,-0.17
1990-08-01,1990,8,"Tea, Colombo",Beverages,($/kg),1.74,9.43,-2.79,24.29,37.01,0.29
1990-09-01,1990,9,"Tea, Colombo",Beverages,($/kg),1.79,2.87,11.87,0.0,44.35,-0.04
1990-10-01,1990,10,"Tea, Colombo",Beverages,($/kg),1.82,1.68,14.47,-0.55,58.26,-0.0
1990-11-01,1990,11,"Tea, Colombo",Beverages,($/kg),1.7,-6.59,-2.3,-1.73,54.55,-0.42
1990-12-01,1990,12,"Tea, Colombo",Beverages,($/kg),1.68,-1.18,-6.15,-5.62,47.37,-0.14
1991-01-01,1991,1,"Tea, Colombo",Beverages,($/kg),1.68,0.0,-7.69,-11.11,52.73,-0.06
1991-02-01,1991,2,"Tea, Colombo",Beverages,($/kg),1.64,-2.38,-3.53,-18.41,43.86,-0.16
1991-03-01,1991,3,"Tea, Colombo",Beverages,($/kg),1.74,6.1,3.57,-42.38,52.63,0.31
1991-04-01,1991,4,"Tea, Colombo",Beverages,($/kg),1.63,-6.32,-2.98,-13.76,55.24,-0.22
1991-05-01,1991,5,"Tea, Colombo",Beverages,($/kg),1.59,-2.45,-3.05,-11.17,62.24,-0.24
1991-06-01,1991,6,"Tea, Colombo",Beverages,($/kg),1.52,-4.4,-12.64,-5.0,68.89,-0.64
1991-07-01,1991,7,"Tea, Colombo",Beverages,($/kg),1.23,-19.08,-24.54,-22.64,35.16,-3.92
1991-08-01,1991,8,"Tea, Colombo",Beverages,($/kg),1.23,0.0,-22.64,-29.31,16.04,0.26
1991-09-01,1991,9,"Tea, Colombo",Beverages,($/kg),1.24,0.81,-18.42,-30.73,20.39,0.54
1991-10-01,1991,10,"Tea, Colombo",Beverages,($/kg),1.25,0.81,1.63,-31.32,14.68,0.58
1991-11-01,1991,11,"Tea, Colombo",Beverages,($/kg),1.21,-3.2,-1.63,-28.82,-14.18,-0.05
1991-12-01,1991,12,"Tea, Colombo",Beverages,($/kg),1.2,-0.83,-3.23,-28.57,-20.53,0.29
1992-01-01,1992,1,"Tea, Colombo",Beverages,($/kg),1.27,5.83,1.6,-24.4,-15.33,1.39
1992-02-01,1992,2,"Tea, Colombo",Beverages,($/kg),1.23,-3.15,1.65,-25.0,-8.89,-0.16
1992-03-01,1992,3,"Tea, Colombo",Beverages,($/kg),1.34,8.94,11.67,-22.99,-6.29,1.7
1992-04-01,1992,4,"Tea, Colombo",Beverages,($/kg),1.54,14.93,21.26,-5.52,12.41,2.45
1992-05-01,1992,5,"Tea, Colombo",Beverages,($/kg),1.57,1.95,27.64,-1.26,36.52,0.25
1992-06-01,1992,6,"Tea, Colombo",Beverages,($/kg),1.4,-10.83,4.48,-7.89,17.65,-1.34
1992-07-01,1992,7,"Tea, Colombo",Beverages,($/kg),1.31,-6.43,-14.94,6.5,-0.76,-0.7
1992-08-01,1992,8,"Tea, Colombo",Beverages,($/kg),1.59,21.37,1.27,29.27,10.42,3.02
1992-09-01,1992,9,"Tea, Colombo",Beverages,($/kg),1.54,-3.14,10.0,24.19,13.24,-0.63
1992-10-01,1992,10,"Tea, Colombo",Beverages,($/kg),1.6,3.9,22.14,28.0,15.11,0.19
1992-11-01,1992,11,"Tea, Colombo",Beverages,($/kg),1.54,-3.75,-3.14,27.27,14.93,-0.67
1992-12-01,1992,12,"Tea, Colombo",Beverages,($/kg),1.4,-9.09,-9.09,16.67,3.7,-1.25
1993-01-01,1993,1,"Tea, Colombo",Beverages,($/kg),1.5,7.14,-6.25,18.11,0.67,0.56
1993-02-01,1993,2,"Tea, Colombo",Beverages,($/kg),1.59,6.0,3.25,29.27,1.27,0.42
1993-03-01,1993,3,"Tea, Colombo",Beverages,($/kg),1.55,-2.52,10.71,15.67,3.33,-0.52
1993-04-01,1993,4,"Tea, Colombo",Beverages,($/kg),1.49,-3.87,-0.67,-3.25,0.68,-0.57
1993-05-01,1993,5,"Tea, Colombo",Beverages,($/kg),1.32,-11.41,-16.98,-15.92,-1.49,-1.31
1993-06-01,1993,6,"Tea, Colombo",Beverages,($/kg),1.35,2.27,-12.9,-3.57,0.75,0.36
1993-07-01,1993,7,"Tea, Colombo",Beverages,($/kg),1.33,-1.48,-10.74,1.53,7.26,-0.17
1993-08-01,1993,8,"Tea, Colombo",Beverages,($/kg),1.39,4.51,5.3,-12.58,13.01,0.47
1993-09-01,1993,9,"Tea, Colombo",Beverages,($/kg),1.52,9.35,12.59,-1.3,25.62,1.76
1993-10-01,1993,10,"Tea, Colombo",Beverages,($/kg),1.49,-1.97,12.03,-6.88,15.5,-0.32
1993-11-01,1993,11,"Tea, Colombo",Beverages,($/kg),1.41,-5.37,1.44,-8.44,5.22,-0.77
1993-12-01,1993,12,"Tea, Colombo",Beverages,($/kg),1.38,-2.13,-9.21,-1.43,4.55,-0.24
1994-01-01,1994,1,"Tea, Colombo",Beverages,($/kg),1.38,0.0,-7.38,-8.0,9.52,-0.01
1994-02-01,1994,2,"Tea, Colombo",Beverages,($/kg),1.41,2.17,0.0,-11.32,4.44,0.49
1994-03-01,1994,3,"Tea, Colombo",Beverages,($/kg),1.4,-0.71,1.45,-9.68,-3.45,0.03
1994-04-01,1994,4,"Tea, Colombo",Beverages,($/kg),1.28,-8.57,-7.25,-14.09,-12.93,-1.51
1994-05-01,1994,5,"Tea, Colombo",Beverages,($/kg),1.18,-7.81,-16.31,-10.61,-22.88,-1.19
1994-06-01,1994,6,"Tea, Colombo",Beverages,($/kg),1.22,3.39,-12.86,-9.63,-13.48,0.83
1994-07-01,1994,7,"Tea, Colombo",Beverages,($/kg),1.22,0.0,-4.69,-8.27,-8.96,0.14
1994-08-01,1994,8,"Tea, Colombo",Beverages,($/kg),1.35,10.66,14.41,-2.88,-3.57,2.18
1994-09-01,1994,9,"Tea, Colombo",Beverages,($/kg),1.42,5.19,16.39,-6.58,-20.67,0.89
1994-10-01,1994,10,"Tea, Colombo",Beverages,($/kg),1.43,0.7,17.21,-4.03,-21.86,0.21
1994-11-01,1994,11,"Tea, Colombo",Beverages,($/kg),1.35,-5.59,0.0,-4.26,-21.97,-0.99
1994-12-01,1994,12,"Tea, Colombo",Beverages,($/kg),1.33,-1.48,-6.34,-3.62,-25.28,-0.23
1995-01-01,1995,1,"Tea, Colombo",Beverages,($/kg),1.36,2.26,-4.9,-1.45,-28.04,0.45
1995-02-01,1995,2,"Tea, Colombo",Beverages,($/kg),1.38,1.47,2.22,-2.13,-31.34,0.27
1995-03-01,1995,3,"Tea, Colombo",Beverages,($/kg),1.36,-1.45,2.26,-2.86,-54.97,-0.26
1995-04-01,1995,4,"Tea, Colombo",Beverages,($/kg),1.36,0.0,0.0,6.25,-28.04,0.02
1995-05-01,1995,5,"Tea, Colombo",Beverages,($/kg),1.31,-3.68,-5.07,11.02,-26.82,-0.9
1995-06-01,1995,6,"Tea, Colombo",Beverages,($/kg),1.2,-8.4,-11.76,-1.64,-25.0,-2.21
1995-07-01,1995,7,"Tea, Colombo",Beverages,($/kg),1.22,1.67,-10.29,0.0,-23.27,0.34
1995-08-01,1995,8,"Tea, Colombo",Beverages,($/kg),1.4,14.75,6.87,3.7,-19.54,2.95
1995-09-01,1995,9,"Tea, Colombo",Beverages,($/kg),1.57,12.14,30.83,10.56,-12.29,2.01
1995-10-01,1995,10,"Tea, Colombo",Beverages,($/kg),1.62,3.18,32.79,13.29,-10.99,0.32
1995-11-01,1995,11,"Tea, Colombo",Beverages,($/kg),1.8,11.11,28.57,33.33,5.88,1.48
1995-12-01,1995,12,"Tea, Colombo",Beverages,($/kg),1.48,-17.78,-5.73,11.28,-11.9,-2.99
1996-01-01,1996,1,"Tea, Colombo",Beverages,($/kg),1.72,16.22,6.17,26.47,2.38,1.66
1996-02-01,1996,2,"Tea, Colombo",Beverages,($/kg),1.78,3.49,-1.11,28.99,8.54,0.11
1996-03-01,1996,3,"Tea, Colombo",Beverages,($/kg),1.92,7.87,29.73,41.18,10.34,0.53
1996-04-01,1996,4,"Tea, Colombo",Beverages,($/kg),1.93,0.52,12.21,41.91,18.4,-0.29
1996-05-01,1996,5,"Tea, Colombo",Beverages,($/kg),1.84,-4.66,3.37,40.46,15.72,-0.81
1996-06-01,1996,6,"Tea, Colombo",Beverages,($/kg),1.74,-5.43,-9.38,45.0,14.47,-0.87
1996-07-01,1996,7,"Tea, Colombo",Beverages,($/kg),1.86,6.9,-3.63,52.46,51.22,0.34
1996-08-01,1996,8,"Tea, Colombo",Beverages,($/kg),1.95,4.84,5.98,39.29,58.54,0.08
1996-09-01,1996,9,"Tea, Colombo",Beverages,($/kg),2.1,7.69,20.69,33.76,69.35,0.49
1996-10-01,1996,10,"Tea, Colombo",Beverages,($/kg),2.14,1.9,15.05,32.1,71.2,-0.1
1996-11-01,1996,11,"Tea, Colombo",Beverages,($/kg),1.86,-13.08,-4.62,3.33,53.72,-1.77
1996-12-01,1996,12,"Tea, Colombo",Beverages,($/kg),1.82,-2.15,-13.33,22.97,51.67,-0.3
1997-01-01,1997,1,"Tea, Colombo",Beverages,($/kg),1.77,-2.75,-17.29,2.91,39.37,-0.62
1997-02-01,1997,2,"Tea, Colombo",Beverages,($/kg),1.82,2.82,-2.15,2.25,47.97,0.38
1997-03-01,1997,3,"Tea, Colombo",Beverages,($/kg),1.78,-2.2,-2.2,-7.29,32.84,-0.41
1997-04-01,1997,4,"Tea, Colombo",Beverages,($/kg),1.92,7.87,8.47,-0.52,24.68,1.42
1997-05-01,1997,5,"Tea, Colombo",Beverages,($/kg),1.98,3.12,8.79,7.61,26.11,0.47
1997-06-01,1997,6,"Tea, Colombo",Beverages,($/kg),2.02,2.02,13.48,16.09,44.29,0.2
1997-07-01,1997,7,"Tea, Colombo",Beverages,($/kg),1.95,-3.47,1.56,4.84,48.85,-0.83
1997-08-01,1997,8,"Tea, Colombo",Beverages,($/kg),2.1,7.69,6.06,7.69,32.08,1.24
1997-09-01,1997,9,"Tea, Colombo",Beverages,($/kg),2.18,3.81,7.92,3.81,41.56,0.5
1997-10-01,1997,10,"Tea, Colombo",Beverages,($/kg),2.24,2.75,14.87,4.67,40.0,0.4
1997-11-01,1997,11,"Tea, Colombo",Beverages,($/kg),2.23,-0.45,6.19,19.89,44.81,-0.17
1997-12-01,1997,12,"Tea, Colombo",Beverages,($/kg),2.26,1.35,3.67,24.18,61.43,-0.06
1998-01-01,1998,1,"Tea, Colombo",Beverages,($/kg),2.38,5.31,6.25,34.46,58.67,0.93
1998-02-01,1998,2,"Tea, Colombo",Beverages,($/kg),2.36,-0.84,5.83,29.67,48.43,-0.97
1998-03-01,1998,3,"Tea, Colombo",Beverages,($/kg),2.34,-0.85,3.54,31.46,50.97,-0.86
1998-04-01,1998,4,"Tea, Colombo",Beverages,($/kg),2.2,-5.98,-7.56,14.58,47.65,-2.39
1998-05-01,1998,5,"Tea, Colombo",Beverages,($/kg),2.21,0.45,-6.36,11.62,67.42,-0.2
1998-06-01,1998,6,"Tea, Colombo",Beverages,($/kg),2.04,-7.69,-12.82,0.99,51.11,-2.32
1998-07-01,1998,7,"Tea, Colombo",Beverages,($/kg),1.98,-2.94,-10.0,1.54,48.87,-0.7
1998-08-01,1998,8,"Tea, Colombo",Beverages,($/kg),2.03,2.53,-8.14,-3.33,46.04,0.52
1998-09-01,1998,9,"Tea, Colombo",Beverages,($/kg),1.91,-5.91,-6.37,-12.39,25.66,-1.48
1998-10-01,1998,10,"Tea, Colombo",Beverages,($/kg),1.84,-3.66,-7.07,-17.86,23.49,-0.67
1998-11-01,1998,11,"Tea, Colombo",Beverages,($/kg),1.88,2.17,-7.39,-15.7,33.33,0.98
1998-12-01,1998,12,"Tea, Colombo",Beverages,($/kg),1.73,-7.98,-9.42,-23.45,25.36,-1.67
1999-01-01,1999,1,"Tea, Colombo",Beverages,($/kg),1.8,4.05,-2.17,-24.37,30.43,1.44
1999-02-01,1999,2,"Tea, Colombo",Beverages,($/kg),1.54,-14.44,-18.09,-34.75,9.22,-2.98
1999-03-01,1999,3,"Tea, Colombo",Beverages,($/kg),1.47,-4.55,-15.03,-37.18,5.0,-0.22
1999-04-01,1999,4,"Tea, Colombo",Beverages,($/kg),1.47,0.0,-18.33,-33.18,14.84,0.69
1999-05-01,1999,5,"Tea, Colombo",Beverages,($/kg),1.46,-0.68,-5.19,-33.94,23.73,0.46
1999-06-01,1999,6,"Tea, Colombo",Beverages,($/kg),1.44,-1.37,-2.04,-29.41,18.03,0.36
1999-07-01,1999,7,"Tea, Colombo",Beverages,($/kg),1.6,11.11,8.84,-19.19,31.15,2.7
1999-08-01,1999,8,"Tea, Colombo",Beverages,($/kg),1.68,5.0,15.07,-17.24,24.44,1.01
1999-09-01,1999,9,"Tea, Colombo",Beverages,($/kg),1.84,9.52,27.78,-3.66,29.58,1.63
1999-10-01,1999,10,"Tea, Colombo",Beverages,($/kg),1.87,1.63,16.87,1.63,30.77,0.24
1999-11-01,1999,11,"Tea, Colombo",Beverages,($/kg),1.84,-1.6,9.52,-2.13,36.3,-0.28
1999-12-01,1999,12,"Tea, Colombo",Beverages,($/kg),1.78,-3.26,-3.26,2.89,33.83,-0.47
2000-01-01,2000,1,"Tea, Colombo",Beverages,($/kg),1.83,2.81,-2.14,1.67,34.56,0.35
2000-02-01,2000,2,"Tea, Colombo",Beverages,($/kg),1.81,-1.09,-1.63,17.53,31.16,-0.22
2000-03-01,2000,3,"Tea, Colombo",Beverages,($/kg),1.82,0.55,2.25,23.81,33.82,-0.19
2000-04-01,2000,4,"Tea, Colombo",Beverages,($/kg),1.81,-0.55,-1.09,23.13,33.09,-0.54
2000-05-01,2000,5,"Tea, Colombo",Beverages,($/kg),1.71,-5.52,-5.52,17.12,30.53,-1.62
2000-06-01,2000,6,"Tea, Colombo",Beverages,($/kg),1.57,-8.19,-13.74,9.03,30.83,-1.93
2000-07-01,2000,7,"Tea, Colombo",Beverages,($/kg),1.67,6.37,-7.73,4.37,36.89,0.97
2000-08-01,2000,8,"Tea, Colombo",Beverages,($/kg),1.76,5.39,2.92,4.76,25.71,0.98
2000-09-01,2000,9,"Tea, Colombo",Beverages,($/kg),1.88,6.82,19.75,2.17,19.75,1.25
2000-10-01,2000,10,"Tea, Colombo",Beverages,($/kg),1.91,1.6,14.37,2.14,17.9,0.28
2000-11-01,2000,11,"Tea, Colombo",Beverages,($/kg),1.87,-2.09,6.25,1.63,3.89,-0.51
2000-12-01,2000,12,"Tea, Colombo",Beverages,($/kg),1.87,0.0,-0.53,5.06,26.35,-0.05
2001-01-01,2001,1,"Tea, Colombo",Beverages,($/kg),1.85,-1.07,-3.14,1.09,7.56,-0.35
2001-02-01,2001,2,"Tea, Colombo",Beverages,($/kg),1.79,-3.24,-4.28,-1.1,0.56,-0.76
2001-03-01,2001,3,"Tea, Colombo",Beverages,($/kg),1.76,-1.68,-5.88,-3.3,-8.33,-0.37
2001-04-01,2001,4,"Tea, Colombo",Beverages,($/kg),1.65,-6.25,-10.81,-8.84,-14.51,-1.31
2001-05-01,2001,5,"Tea, Colombo",Beverages,($/kg),1.49,-9.7,-16.76,-12.87,-19.02,-1.83
2001-06-01,2001,6,"Tea, Colombo",Beverages,($/kg),1.44,-3.36,-18.18,-8.28,-17.24,-0.43
2001-07-01,2001,7,"Tea, Colombo",Beverages,($/kg),1.44,0.0,-12.73,-13.77,-22.58,0.12
2001-08-01,2001,8,"Tea, Colombo",Beverages,($/kg),1.52,5.56,2.01,-13.64,-22.05,1.48
2001-09-01,2001,9,"Tea, Colombo",Beverages,($/kg),1.58,3.95,9.72,-15.96,-24.76,1.11
2001-10-01,2001,10,"Tea, Colombo",Beverages,($/kg),1.61,1.9,11.81,-15.71,-24.77,0.78
2001-11-01,2001,11,"Tea, Colombo",Beverages,($/kg),1.67,3.73,9.87,-10.7,-10.22,1.21
2001-12-01,2001,12,"Tea, Colombo",Beverages,($/kg),1.61,-3.59,1.9,-13.9,-11.54,-0.62
2002-01-01,2002,1,"Tea, Colombo",Beverages,($/kg),1.66,3.11,3.11,-10.27,-6.21,0.95
2002-02-01,2002,2,"Tea, Colombo",Beverages,($/kg),1.7,2.41,1.8,-5.03,-6.59,0.69
2002-03-01,2002,3,"Tea, Colombo",Beverages,($/kg),1.7,0.0,5.59,-3.41,-4.49,0.07
2002-04-01,2002,4,"Tea, Colombo",Beverages,($/kg),1.6,-5.88,-3.61,-3.03,-16.67,-1.23
2002-05-01,2002,5,"Tea, Colombo",Beverages,($/kg),1.48,-7.5,-12.94,-0.67,-25.25,-1.6
2002-06-01,2002,6,"Tea, Colombo",Beverages,($/kg),1.43,-3.38,-15.88,-0.69,-29.21,-0.81
2002-07-01,2002,7,"Tea, Colombo",Beverages,($/kg),1.39,-2.8,-13.13,-3.47,-28.72,-0.67
2002-08-01,2002,8,"Tea, Colombo",Beverages,($/kg),1.5,7.91,1.35,-1.32,-28.57,1.9
2002-09-01,2002,9,"Tea, Colombo",Beverages,($/kg),1.61,7.33,12.59,1.9,-26.15,1.59
2002-10-01,2002,10,"Tea, Colombo",Beverages,($/kg),1.61,0.0,15.83,0.0,-28.12,-0.05
2002-11-01,2002,11,"Tea, Colombo",Beverages,($/kg),1.54,-4.35,2.67,-7.78,-30.94,-0.9
2002-12-01,2002,12,"Tea, Colombo",Beverages,($/kg),1.53,-0.65,-4.97,-4.97,-32.3,-0.02
2003-01-01,2003,1,"Tea, Colombo",Beverages,($/kg),1.59,3.92,-1.24,-4.22,-33.19,0.87
2003-02-01,2003,2,"Tea, Colombo",Beverages,($/kg),1.49,-6.29,-3.25,-12.35,-36.86,-1.23
2003-03-01,2003,3,"Tea, Colombo",Beverages,($/kg),1.47,-1.34,-3.92,-13.53,-37.18,-0.07
2003-04-01,2003,4,"Tea, Colombo",Beverages,($/kg),1.43,-2.72,-10.06,-10.63,-35.0,-0.32
2003-05-01,2003,5,"Tea, Colombo",Beverages,($/kg),1.44,0.7,-3.36,-2.7,-34.84,0.31
2003-06-01,2003,6,"Tea, Colombo",Beverages,($/kg),1.43,-0.69,-2.72,0.0,-29.9,-0.12
2003-07-01,2003,7,"Tea, Colombo",Beverages,($/kg),1.49,4.2,4.2,7.19,-24.75,0.94
2003-08-01,2003,8,"Tea, Colombo",Beverages,($/kg),1.55,4.03,7.64,3.33,-23.65,0.76
2003-09-01,2003,9,"Tea, Colombo",Beverages,($/kg),1.61,3.87,12.59,0.0,-15.71,0.9
2003-10-01,2003,10,"Tea, Colombo",Beverages,($/kg),1.68,4.35,12.75,4.35,-8.7,1.23
2003-11-01,2003,11,"Tea, Colombo",Beverages,($/kg),1.67,-0.6,7.74,8.44,-11.17,-0.27
2003-12-01,2003,12,"Tea, Colombo",Beverages,($/kg),1.63,-2.4,1.24,6.54,-5.78,-0.92
2004-01-01,2004,1,"Tea, Colombo",Beverages,($/kg),1.64,0.61,-2.38,3.14,-8.89,0.01
2004-02-01,2004,2,"Tea, Colombo",Beverages,($/kg),1.66,1.22,-0.6,11.41,7.79,0.27
2004-03-01,2004,3,"Tea, Colombo",Beverages,($/kg),1.72,3.61,5.52,17.01,17.01,1.02
2004-04-01,2004,4,"Tea, Colombo",Beverages,($/kg),1.72,0.0,4.88,20.28,17.01,-0.52
2004-05-01,2004,5,"Tea, Colombo",Beverages,($/kg),1.72,0.0,3.61,19.44,17.81,-0.67
2004-06-01,2004,6,"Tea, Colombo",Beverages,($/kg),1.53,-11.05,-11.05,6.99,6.25,-5.31
2004-07-01,2004,7,"Tea, Colombo",Beverages,($/kg),1.63,6.54,-5.23,9.4,1.87,1.36
2004-08-01,2004,8,"Tea, Colombo",Beverages,($/kg),1.82,11.66,5.81,17.42,8.33,2.38
2004-09-01,2004,9,"Tea, Colombo",Beverages,($/kg),1.89,3.85,23.53,17.39,2.72,0.43
2004-10-01,2004,10,"Tea, Colombo",Beverages,($/kg),2.0,5.82,22.7,19.05,6.95,0.79
2004-11-01,2004,11,"Tea, Colombo",Beverages,($/kg),2.04,2.0,12.09,22.16,10.87,0.07
2004-12-01,2004,12,"Tea, Colombo",Beverages,($/kg),2.01,-1.47,6.35,23.31,12.92,-0.6
2005-01-01,2005,1,"Tea, Colombo",Beverages,($/kg),1.95,-2.99,-2.5,18.9,6.56,-0.9
2005-02-01,2005,2,"Tea, Colombo",Beverages,($/kg),1.91,-2.05,-6.37,15.06,5.52,-0.65
2005-03-01,2005,3,"Tea, Colombo",Beverages,($/kg),1.94,1.57,-3.48,12.79,6.59,0.04
2005-04-01,2005,4,"Tea, Colombo",Beverages,($/kg),1.89,-2.58,-3.08,9.88,4.42,-0.66
2005-05-01,2005,5,"Tea, Colombo",Beverages,($/kg),1.76,-6.88,-7.85,2.33,2.92,-1.35
2005-06-01,2005,6,"Tea, Colombo",Beverages,($/kg),1.65,-6.25,-14.95,7.84,5.1,-1.07
2005-07-01,2005,7,"Tea, Colombo",Beverages,($/kg),1.64,-0.61,-13.23,0.61,-1.8,-0.25
2005-08-01,2005,8,"Tea, Colombo",Beverages,($/kg),1.76,7.32,0.0,-3.3,0.0,1.37
2005-09-01,2005,9,"Tea, Colombo",Beverages,($/kg),1.89,7.39,14.55,0.0,0.53,1.71
2005-10-01,2005,10,"Tea, Colombo",Beverages,($/kg),1.96,3.7,19.51,-2.0,2.62,0.74
2005-11-01,2005,11,"Tea, Colombo",Beverages,($/kg),1.88,-4.08,6.82,-7.84,0.53,-0.86
2005-12-01,2005,12,"Tea, Colombo",Beverages,($/kg),1.89,0.53,0.0,-5.97,1.07,0.23
2006-01-01,2006,1,"Tea, Colombo",Beverages,($/kg),1.89,0.0,-3.57,-3.08,2.16,0.09
2006-02-01,2006,2,"Tea, Colombo",Beverages,($/kg),1.95,3.17,3.72,2.09,8.94,0.72
2006-03-01,2006,3,"Tea, Colombo",Beverages,($/kg),1.94,-0.51,2.65,0.0,10.23,-0.17
2006-04-01,2006,4,"Tea, Colombo",Beverages,($/kg),1.89,-2.58,0.0,0.0,14.55,-0.57
2006-05-01,2006,5,"Tea, Colombo",Beverages,($/kg),1.75,-7.41,-10.26,-0.57,17.45,-1.6
2006-06-01,2006,6,"Tea, Colombo",Beverages,($/kg),1.74,-0.57,-10.31,5.45,20.83,-0.13
2006-07-01,2006,7,"Tea, Colombo",Beverages,($/kg),1.83,5.17,-3.17,11.59,27.08,1.07
2006-08-01,2006,8,"Tea, Colombo",Beverages,($/kg),1.9,3.83,8.57,7.95,25.0,0.62
2006-09-01,2006,9,"Tea, Colombo",Beverages,($/kg),2.0,5.26,14.94,5.82,26.58,1.09
2006-10-01,2006,10,"Tea, Colombo",Beverages,($/kg),1.98,-1.0,8.2,1.02,22.98,-0.39
2006-11-01,2006,11,"Tea, Colombo",Beverages,($/kg),1.93,-2.53,1.58,2.66,15.57,-0.7
2006-12-01,2006,12,"Tea, Colombo",Beverages,($/kg),2.12,9.84,6.0,12.17,31.68,2.61
2007-01-01,2007,1,"Tea, Colombo",Beverages,($/kg),2.09,-1.42,5.56,10.58,25.9,-0.54
2007-02-01,2007,2,"Tea, Colombo",Beverages,($/kg),2.28,9.09,18.13,16.92,34.12,1.76
2007-03-01,2007,3,"Tea, Colombo",Beverages,($/kg),2.42,6.14,14.15,24.74,42.35,0.91
2007-04-01,2007,4,"Tea, Colombo",Beverages,($/kg),2.34,-3.31,11.96,23.81,46.25,-1.0
2007-05-01,2007,5,"Tea, Colombo",Beverages,($/kg),2.28,-2.56,0.0,30.29,54.05,-0.84
2007-06-01,2007,6,"Tea, Colombo",Beverages,($/kg),2.31,1.32,-4.55,32.76,61.54,-0.21
2007-07-01,2007,7,"Tea, Colombo",Beverages,($/kg),2.49,7.79,6.41,36.07,79.14,1.13
2007-08-01,2007,8,"Tea, Colombo",Beverages,($/kg),2.55,2.41,11.84,34.21,70.0,-0.06
2007-09-01,2007,9,"Tea, Colombo",Beverages,($/kg),2.61,2.35,12.99,30.5,62.11,-0.05
2007-10-01,2007,10,"Tea, Colombo",Beverages,($/kg),2.9,11.11,16.47,46.46,80.12,1.83
2007-11-01,2007,11,"Tea, Colombo",Beverages,($/kg),2.91,0.34,14.12,50.78,88.96,-0.57
2007-12-01,2007,12,"Tea, Colombo",Beverages,($/kg),3.09,6.19,18.39,45.75,101.96,0.51
2008-01-01,2008,1,"Tea, Colombo",Beverages,($/kg),3.05,-1.29,5.17,45.93,91.82,-0.97
2008-02-01,2008,2,"Tea, Colombo",Beverages,($/kg),3.04,-0.33,4.47,33.33,104.03,-0.77
2008-03-01,2008,3,"Tea, Colombo",Beverages,($/kg),3.06,0.66,-0.97,26.45,108.16,-0.42
2008-04-01,2008,4,"Tea, Colombo",Beverages,($/kg),2.92,-4.58,-4.26,24.79,104.2,-1.54
2008-05-01,2008,5,"Tea, Colombo",Beverages,($/kg),2.94,0.68,-3.29,28.95,104.17,-0.28
2008-06-01,2008,6,"Tea, Colombo",Beverages,($/kg),3.1,5.44,1.31,34.2,116.78,0.76
2008-07-01,2008,7,"Tea, Colombo",Beverages,($/kg),3.12,0.65,6.85,25.3,109.4,-0.44
2008-08-01,2008,8,"Tea, Colombo",Beverages,($/kg),3.0,-3.85,2.04,17.65,93.55,-1.44
2008-09-01,2008,9,"Tea, Colombo",Beverages,($/kg),2.98,-0.67,-3.87,14.18,85.09,-0.48
2008-10-01,2008,10,"Tea, Colombo",Beverages,($/kg),2.37,-20.47,-24.04,-18.28,41.07,-4.92
2008-11-01,2008,11,"Tea, Colombo",Beverages,($/kg),1.98,-16.46,-34.0,-31.96,18.56,-2.22
2008-12-01,2008,12,"Tea, Colombo",Beverages,($/kg),1.92,-3.03,-35.57,-37.86,17.79,-0.02
2009-01-01,2009,1,"Tea, Colombo",Beverages,($/kg),2.46,28.12,3.8,-19.34,50.0,4.25
2009-02-01,2009,2,"Tea, Colombo",Beverages,($/kg),2.54,3.25,28.28,-16.45,53.01,0.37
2009-03-01,2009,3,"Tea, Colombo",Beverages,($/kg),2.85,12.2,48.44,-6.86,65.7,1.1
2009-04-01,2009,4,"Tea, Colombo",Beverages,($/kg),2.87,0.7,16.67,-1.71,66.86,0.05
2009-05-01,2009,5,"Tea, Colombo",Beverages,($/kg),2.96,3.14,16.54,0.68,72.09,0.21
2009-06-01,2009,6,"Tea, Colombo",Beverages,($/kg),3.14,6.08,10.18,1.29,105.23,0.43
2009-07-01,2009,7,"Tea, Colombo",Beverages,($/kg),3.46,10.19,20.56,10.9,112.27,0.75
2009-08-01,2009,8,"Tea, Colombo",Beverages,($/kg),3.46,0.0,16.89,15.33,90.11,-0.13
2009-09-01,2009,9,"Tea, Colombo",Beverages,($/kg),3.76,8.67,19.75,26.17,98.94,0.53
2009-10-01,2009,10,"Tea, Colombo",Beverages,($/kg),3.52,-6.38,1.73,48.52,76.0,-0.71
2009-11-01,2009,11,"Tea, Colombo",Beverages,($/kg),3.35,-4.83,-3.18,69.19,64.22,-0.8
2009-12-01,2009,12,"Tea, Colombo",Beverages,($/kg),3.27,-2.39,-13.03,70.31,62.69,-0.77
2010-01-01,2010,1,"Tea, Colombo",Beverages,($/kg),3.41,4.28,-3.12,38.62,74.87,-0.07
2010-02-01,2010,2,"Tea, Colombo",Beverages,($/kg),3.32,-2.64,-0.9,30.71,73.82,-0.95
2010-03-01,2010,3,"Tea, Colombo",Beverages,($/kg),3.32,0.0,1.53,16.49,71.13,-0.4
2010-04-01,2010,4,"Tea, Colombo",Beverages,($/kg),3.27,-1.51,-4.11,13.94,73.02,-0.56
2010-05-01,2010,5,"Tea, Colombo",Beverages,($/kg),3.22,-1.53,-3.01,8.78,82.95,-0.52
2010-06-01,2010,6,"Tea, Colombo",Beverages,($/kg),3.0,-6.83,-9.64,-4.46,81.82,-1.45
2010-07-01,2010,7,"Tea, Colombo",Beverages,($/kg),3.04,1.33,-7.03,-12.14,85.37,0.29
2010-08-01,2010,8,"Tea, Colombo",Beverages,($/kg),3.27,7.57,1.55,-5.49,85.8,1.95
2010-09-01,2010,9,"Tea, Colombo",Beverages,($/kg),3.35,2.45,11.67,-10.9,77.25,0.56
2010-10-01,2010,10,"Tea, Colombo",Beverages,($/kg),3.37,0.6,10.86,-4.26,71.94,0.34
2010-11-01,2010,11,"Tea, Colombo",Beverages,($/kg),3.4,0.89,3.98,1.49,80.85,0.3
2010-12-01,2010,12,"Tea, Colombo",Beverages,($/kg),3.5,2.94,4.48,7.03,85.19,0.75
2011-01-01,2011,1,"Tea, Colombo",Beverages,($/kg),3.56,1.71,5.64,4.4,88.36,0.3
2011-02-01,2011,2,"Tea, Colombo",Beverages,($/kg),3.56,0.0,4.71,7.23,82.56,-0.12
2011-03-01,2011,3,"Tea, Colombo",Beverages,($/kg),3.57,0.28,2.0,7.53,84.02,-0.11
2011-04-01,2011,4,"Tea, Colombo",Beverages,($/kg),3.37,-5.6,-5.34,3.06,78.31,-1.87
2011-05-01,2011,5,"Tea, Colombo",Beverages,($/kg),3.1,-8.01,-12.92,-3.73,77.14,-2.2
2011-06-01,2011,6,"Tea, Colombo",Beverages,($/kg),3.12,0.65,-12.61,4.0,79.31,0.19
2011-07-01,2011,7,"Tea, Colombo",Beverages,($/kg),3.1,-0.64,-8.01,1.97,69.4,-0.26
2011-08-01,2011,8,"Tea, Colombo",Beverages,($/kg),3.16,1.94,1.94,-3.36,66.32,0.43
2011-09-01,2011,9,"Tea, Colombo",Beverages,($/kg),3.14,-0.63,0.64,-6.27,57.0,-0.12
2011-10-01,2011,10,"Tea, Colombo",Beverages,($/kg),3.23,2.87,4.19,-4.15,63.13,1.06
2011-11-01,2011,11,"Tea, Colombo",Beverages,($/kg),3.16,-2.17,0.0,-7.06,63.73,-0.56
2011-12-01,2011,12,"Tea, Colombo",Beverages,($/kg),3.11,-1.58,-0.96,-11.14,46.7,-0.31
2012-01-01,2012,1,"Tea, Colombo",Beverages,($/kg),3.06,-1.61,-5.26,-14.04,46.41,-0.21
2012-02-01,2012,2,"Tea, Colombo",Beverages,($/kg),2.97,-2.94,-6.01,-16.57,30.26,-0.57
2012-03-01,2012,3,"Tea, Colombo",Beverages,($/kg),2.75,-7.41,-11.58,-22.97,13.64,-1.96
2012-04-01,2012,4,"Tea, Colombo",Beverages,($/kg),3.2,16.36,4.58,-5.04,36.75,5.38
2012-05-01,2012,5,"Tea, Colombo",Beverages,($/kg),3.02,-5.63,1.68,-2.58,32.46,-0.87
2012-06-01,2012,6,"Tea, Colombo",Beverages,($/kg),2.91,-3.64,5.82,-6.73,25.97,-0.6
2012-07-01,2012,7,"Tea, Colombo",Beverages,($/kg),2.99,2.75,-6.56,-3.55,20.08,0.53
2012-08-01,2012,8,"Tea, Colombo",Beverages,($/kg),3.07,2.68,1.66,-2.85,20.39,0.46
2012-09-01,2012,9,"Tea, Colombo",Beverages,($/kg),3.19,3.91,9.62,1.59,22.22,0.65
2012-10-01,2012,10,"Tea, Colombo",Beverages,($/kg),3.16,-0.94,5.69,-2.17,8.97,-0.2
2012-11-01,2012,11,"Tea, Colombo",Beverages,($/kg),3.12,-1.27,1.63,-1.27,7.22,-0.2
2012-12-01,2012,12,"Tea, Colombo",Beverages,($/kg),3.31,6.09,3.76,6.43,7.12,0.98
2013-01-01,2013,1,"Tea, Colombo",Beverages,($/kg),3.34,0.91,5.7,9.15,9.51,0.03
2013-02-01,2013,2,"Tea, Colombo",Beverages,($/kg),3.33,-0.3,6.73,12.12,9.54,-0.19
2013-03-01,2013,3,"Tea, Colombo",Beverages,($/kg),3.48,4.5,5.14,26.55,13.73,0.54
2013-04-01,2013,4,"Tea, Colombo",Beverages,($/kg),3.39,-2.59,1.5,5.94,16.1,-0.83
2013-05-01,2013,5,"Tea, Colombo",Beverages,($/kg),3.29,-2.95,-1.2,8.94,11.9,-0.98
2013-06-01,2013,6,"Tea, Colombo",Beverages,($/kg),3.17,-3.65,-8.91,8.93,2.26,-1.38
2013-07-01,2013,7,"Tea, Colombo",Beverages,($/kg),3.17,0.0,-6.49,6.02,1.6,-0.24
2013-08-01,2013,8,"Tea, Colombo",Beverages,($/kg),3.36,5.99,2.13,9.45,12.0,1.74
2013-09-01,2013,9,"Tea, Colombo",Beverages,($/kg),3.59,6.85,13.25,12.54,20.47,1.74
2013-10-01,2013,10,"Tea, Colombo",Beverages,($/kg),3.77,5.01,18.93,19.3,59.07,1.04
2013-11-01,2013,11,"Tea, Colombo",Beverages,($/kg),3.72,-1.33,10.71,19.23,87.88,-0.74
2013-12-01,2013,12,"Tea, Colombo",Beverages,($/kg),3.81,2.42,6.13,15.11,98.44,0.22
2014-01-01,2014,1,"Tea, Colombo",Beverages,($/kg),3.9,2.36,3.45,16.77,58.54,0.31
2014-02-01,2014,2,"Tea, Colombo",Beverages,($/kg),3.65,-6.41,-1.88,9.61,43.7,-2.12
2014-03-01,2014,3,"Tea, Colombo",Beverages,($/kg),3.59,-1.64,-5.77,3.16,25.96,-0.58
2014-04-01,2014,4,"Tea, Colombo",Beverages,($/kg),3.55,-1.11,-8.97,4.72,23.69,-0.35
2014-05-01,2014,5,"Tea, Colombo",Beverages,($/kg),3.67,3.38,0.55,11.55,23.99,0.71
2014-06-01,2014,6,"Tea, Colombo",Beverages,($/kg),3.58,-2.45,-0.28,12.93,14.01,-0.85
2014-07-01,2014,7,"Tea, Colombo",Beverages,($/kg),3.51,-1.96,-1.13,10.73,1.45,-0.78
2014-08-01,2014,8,"Tea, Colombo",Beverages,($/kg),3.49,-0.57,-4.9,3.87,0.87,-0.37
2014-09-01,2014,9,"Tea, Colombo",Beverages,($/kg),3.37,-3.44,-5.87,-6.13,-10.37,-1.03
2014-10-01,2014,10,"Tea, Colombo",Beverages,($/kg),3.42,1.48,-2.56,-9.28,-2.84,0.61
2014-11-01,2014,11,"Tea, Colombo",Beverages,($/kg),3.33,-2.63,-4.58,-10.48,-0.6,-0.66
2014-12-01,2014,12,"Tea, Colombo",Beverages,($/kg),3.37,1.2,0.0,-11.55,3.06,0.73
2015-01-01,2015,1,"Tea, Colombo",Beverages,($/kg),3.24,-3.86,-5.26,-16.92,-4.99,-1.05
2015-02-01,2015,2,"Tea, Colombo",Beverages,($/kg),3.11,-4.01,-6.61,-14.79,-6.33,-0.95
2015-03-01,2015,3,"Tea, Colombo",Beverages,($/kg),3.08,-0.96,-8.61,-14.21,-7.23,0.15
2015-04-01,2015,4,"Tea, Colombo",Beverages,($/kg),3.01,-2.27,-7.1,-15.21,-7.95,-0.45
2015-05-01,2015,5,"Tea, Colombo",Beverages,($/kg),2.97,-1.33,-4.5,-19.07,-7.76,0.01
2015-06-01,2015,6,"Tea, Colombo",Beverages,($/kg),3.01,1.35,-2.27,-15.92,0.33,1.72
2015-07-01,2015,7,"Tea, Colombo",Beverages,($/kg),3.04,1.0,1.0,-13.39,0.0,1.22
2015-08-01,2015,8,"Tea, Colombo",Beverages,($/kg),2.91,-4.28,-2.02,-16.62,-11.01,-1.49
2015-09-01,2015,9,"Tea, Colombo",Beverages,($/kg),2.65,-8.93,-11.96,-21.36,-20.9,-3.3
2015-10-01,2015,10,"Tea, Colombo",Beverages,($/kg),2.81,6.04,-7.57,-17.84,-16.62,2.58
2015-11-01,2015,11,"Tea, Colombo",Beverages,($/kg),2.92,3.91,0.34,-12.31,-14.12,1.46
2015-12-01,2015,12,"Tea, Colombo",Beverages,($/kg),2.95,1.03,11.32,-12.46,-15.71,0.5
2016-01-01,2016,1,"Tea, Colombo",Beverages,($/kg),2.85,-3.39,1.42,-12.04,-19.94,-0.58
2016-02-01,2016,2,"Tea, Colombo",Beverages,($/kg),2.83,-0.7,-3.08,-9.0,-20.51,0.07
2016-03-01,2016,3,"Tea, Colombo",Beverages,($/kg),2.87,1.41,-2.71,-6.82,-19.61,0.54
2016-04-01,2016,4,"Tea, Colombo",Beverages,($/kg),2.99,4.18,4.91,-0.66,-11.28,1.19
2016-05-01,2016,5,"Tea, Colombo",Beverages,($/kg),3.08,3.01,8.83,3.7,-0.65,0.72
2016-06-01,2016,6,"Tea, Colombo",Beverages,($/kg),2.96,-3.9,3.14,-1.66,-5.13,-1.02
2016-07-01,2016,7,"Tea, Colombo",Beverages,($/kg),3.18,7.43,6.35,4.61,2.58,1.72
2016-08-01,2016,8,"Tea, Colombo",Beverages,($/kg),3.46,8.81,12.34,18.9,9.49,1.71
2016-09-01,2016,9,"Tea, Colombo",Beverages,($/kg),3.6,4.05,21.62,35.85,14.65,0.48
2016-10-01,2016,10,"Tea, Colombo",Beverages,($/kg),3.88,7.78,22.01,38.08,20.12,1.29
2016-11-01,2016,11,"Tea, Colombo",Beverages,($/kg),4.01,3.35,15.9,37.33,26.9,0.13
2016-12-01,2016,12,"Tea, Colombo",Beverages,($/kg),3.91,-2.49,8.61,32.54,25.72,-1.27
2017-01-01,2017,1,"Tea, Colombo",Beverages,($/kg),3.95,1.02,1.8,38.6,29.08,-0.33
2017-02-01,2017,2,"Tea, Colombo",Beverages,($/kg),3.97,0.51,-1.0,40.28,33.67,-0.58
2017-03-01,2017,3,"Tea, Colombo",Beverages,($/kg),4.01,1.01,2.56,39.72,45.82,-0.49
2017-04-01,2017,4,"Tea, Colombo",Beverages,($/kg),4.05,1.0,2.53,35.45,26.56,-0.48
2017-05-01,2017,5,"Tea, Colombo",Beverages,($/kg),4.02,-0.74,1.26,30.52,33.11,-0.85
2017-06-01,2017,6,"Tea, Colombo",Beverages,($/kg),3.95,-1.74,-1.5,33.45,35.74,-1.0
2017-07-01,2017,7,"Tea, Colombo",Beverages,($/kg),3.86,-2.28,-4.69,21.38,29.1,-1.26
2017-08-01,2017,8,"Tea, Colombo",Beverages,($/kg),4.13,6.99,2.74,19.36,34.53,1.44
2017-09-01,2017,9,"Tea, Colombo",Beverages,($/kg),4.27,3.39,8.1,18.61,33.86,0.55
2017-10-01,2017,10,"Tea, Colombo",Beverages,($/kg),4.19,-1.87,8.55,7.99,32.59,-1.0
2017-11-01,2017,11,"Tea, Colombo",Beverages,($/kg),4.11,-1.91,-0.48,2.49,31.73,-0.92
2017-12-01,2017,12,"Tea, Colombo",Beverages,($/kg),4.11,0.0,-3.75,5.12,24.17,-0.09
2018-01-01,2018,1,"Tea, Colombo",Beverages,($/kg),4.16,1.22,-0.72,5.32,24.55,0.29
2018-02-01,2018,2,"Tea, Colombo",Beverages,($/kg),4.1,-1.44,-0.24,3.27,23.12,-0.72
2018-03-01,2018,3,"Tea, Colombo",Beverages,($/kg),3.95,-3.66,-3.89,-1.5,13.51,-1.46
2018-04-01,2018,4,"Tea, Colombo",Beverages,($/kg),3.88,-1.77,-6.73,-4.2,14.45,-0.58
2018-05-01,2018,5,"Tea, Colombo",Beverages,($/kg),3.76,-3.09,-8.29,-6.47,14.29,-0.94
2018-06-01,2018,6,"Tea, Colombo",Beverages,($/kg),3.39,-9.84,-14.18,-14.18,6.94,-3.06
2018-07-01,2018,7,"Tea, Colombo",Beverages,($/kg),3.41,0.59,-12.11,-11.66,7.57,0.44
2018-08-01,2018,8,"Tea, Colombo",Beverages,($/kg),3.34,-2.05,-11.17,-19.13,-0.6,-0.27
2018-09-01,2018,9,"Tea, Colombo",Beverages,($/kg),3.25,-2.69,-4.13,-23.89,-9.47,-0.31
2018-10-01,2018,10,"Tea, Colombo",Beverages,($/kg),3.48,7.08,2.05,-16.95,-7.69,3.31
2018-11-01,2018,11,"Tea, Colombo",Beverages,($/kg),3.36,-3.45,0.6,-18.25,-9.68,-0.51
2018-12-01,2018,12,"Tea, Colombo",Beverages,($/kg),3.18,-5.36,-2.15,-22.63,-16.54,-0.96
2019-01-01,2019,1,"Tea, Colombo",Beverages,($/kg),3.23,1.57,-7.18,-22.36,-17.18,0.9
2019-02-01,2019,2,"Tea, Colombo",Beverages,($/kg),3.27,1.24,-2.68,-20.24,-10.41,0.8
2019-03-01,2019,3,"Tea, Colombo",Beverages,($/kg),3.38,3.36,6.29,-14.43,-5.85,1.24
2019-04-01,2019,4,"Tea, Colombo",Beverages,($/kg),3.34,-1.18,3.41,-13.92,-5.92,0.0
2019-05-01,2019,5,"Tea, Colombo",Beverages,($/kg),3.09,-7.49,-5.5,-17.82,-15.8,-1.45
2019-06-01,2019,6,"Tea, Colombo",Beverages,($/kg),2.78,-10.03,-17.75,-17.99,-22.35,-1.81
2019-07-01,2019,7,"Tea, Colombo",Beverages,($/kg),2.84,2.16,-14.97,-16.72,-19.09,0.78
2019-08-01,2019,8,"Tea, Colombo",Beverages,($/kg),3.06,7.75,-0.97,-8.38,-12.32,1.89
2019-09-01,2019,9,"Tea, Colombo",Beverages,($/kg),2.88,-5.88,3.6,-11.38,-14.54,-0.96
2019-10-01,2019,10,"Tea, Colombo",Beverages,($/kg),2.94,2.08,3.52,-15.52,-14.04,0.52
2019-11-01,2019,11,"Tea, Colombo",Beverages,($/kg),3.19,8.5,4.25,-5.06,-4.2,1.88
2019-12-01,2019,12,"Tea, Colombo",Beverages,($/kg),3.21,0.63,11.46,0.94,-4.75,0.15
2020-01-01,2020,1,"Tea, Colombo",Beverages,($/kg),3.27,1.87,11.22,1.24,0.93,0.29
2020-02-01,2020,2,"Tea, Colombo",Beverages,($/kg),3.35,2.45,5.02,2.45,7.72,0.39
2020-03-01,2020,3,"Tea, Colombo",Beverages,($/kg),3.08,-8.06,-4.05,-8.88,0.0,-1.48
2020-04-01,2020,4,"Tea, Colombo",Beverages,($/kg),3.66,18.83,11.93,9.58,21.59,3.2
2020-05-01,2020,5,"Tea, Colombo",Beverages,($/kg),3.76,2.73,12.24,21.68,26.6,0.2
2020-06-01,2020,6,"Tea, Colombo",Beverages,($/kg),3.3,-12.23,7.14,18.71,9.63,-1.81
2020-07-01,2020,7,"Tea, Colombo",Beverages,($/kg),3.32,0.61,-9.29,16.9,9.21,-0.14
2020-08-01,2020,8,"Tea, Colombo",Beverages,($/kg),3.37,1.51,-10.37,10.13,15.81,-0.01
2020-09-01,2020,9,"Tea, Colombo",Beverages,($/kg),3.35,-0.59,1.52,16.32,26.42,-0.21
2020-10-01,2020,10,"Tea, Colombo",Beverages,($/kg),3.51,4.78,5.72,19.39,24.91,0.43
2020-11-01,2020,11,"Tea, Colombo",Beverages,($/kg),3.47,-1.14,2.97,8.78,18.84,-0.38
2020-12-01,2020,12,"Tea, Colombo",Beverages,($/kg),3.41,-1.73,1.79,6.23,15.59,-0.36
2021-01-01,2021,1,"Tea, Colombo",Beverages,($/kg),3.39,-0.59,-3.42,3.67,18.95,-0.18
2021-02-01,2021,2,"Tea, Colombo",Beverages,($/kg),3.32,-2.06,-4.32,-0.9,17.31,-0.35
2021-03-01,2021,3,"Tea, Colombo",Beverages,($/kg),3.27,-1.51,-4.11,6.17,13.94,-0.22
2021-04-01,2021,4,"Tea, Colombo",Beverages,($/kg),3.21,-1.83,-5.31,-12.3,7.36,-0.36
2021-05-01,2021,5,"Tea, Colombo",Beverages,($/kg),3.08,-4.05,-7.23,-18.09,0.0,-0.74
2021-06-01,2021,6,"Tea, Colombo",Beverages,($/kg),2.93,-4.87,-10.4,-11.21,-1.01,-0.82
2021-07-01,2021,7,"Tea, Colombo",Beverages,($/kg),2.99,2.05,-6.85,-9.94,-5.97,1.2
2021-08-01,2021,8,"Tea, Colombo",Beverages,($/kg),2.99,0.0,-2.92,-11.28,-13.58,0.32
2021-09-01,2021,9,"Tea, Colombo",Beverages,($/kg),2.98,-0.33,1.71,-11.04,-17.22,0.25
2021-10-01,2021,10,"Tea, Colombo",Beverages,($/kg),3.05,2.35,2.01,-13.11,-21.39,1.29
2021-11-01,2021,11,"Tea, Colombo",Beverages,($/kg),3.11,1.97,4.01,-10.37,-22.44,1.48
2021-12-01,2021,12,"Tea, Colombo",Beverages,($/kg),3.19,2.57,7.05,-6.45,-18.41,1.51
2022-01-01,2022,1,"Tea, Colombo",Beverages,($/kg),3.51,10.03,15.08,3.54,-11.14,4.27
2022-02-01,2022,2,"Tea, Colombo",Beverages,($/kg),3.61,2.85,16.08,8.73,-9.07,0.63
2022-03-01,2022,3,"Tea, Colombo",Beverages,($/kg),3.35,-7.2,5.02,2.45,-16.46,-2.04
2022-04-01,2022,4,"Tea, Colombo",Beverages,($/kg),4.09,22.09,16.52,27.41,0.99,4.84
2022-05-01,2022,5,"Tea, Colombo",Beverages,($/kg),3.71,-9.29,2.77,20.45,-7.71,-1.51
2022-06-01,2022,6,"Tea, Colombo",Beverages,($/kg),3.51,-5.39,4.78,19.8,-11.14,-0.88
2022-07-01,2022,7,"Tea, Colombo",Beverages,($/kg),4.01,14.25,-1.96,34.11,3.89,1.51
2022-08-01,2022,8,"Tea, Colombo",Beverages,($/kg),4.21,4.99,13.48,40.8,1.94,0.24
2022-09-01,2022,9,"Tea, Colombo",Beverages,($/kg),4.49,6.65,27.92,50.67,5.15,0.38
2022-10-01,2022,10,"Tea, Colombo",Beverages,($/kg),4.15,-7.57,3.49,36.07,-0.95,-1.28
2022-11-01,2022,11,"Tea, Colombo",Beverages,($/kg),3.8,-8.43,-9.74,22.19,-7.54,-1.2
2022-12-01,2022,12,"Tea, Colombo",Beverages,($/kg),4.04,6.32,-10.02,26.65,-1.7,0.42
2023-01-01,2023,1,"Tea, Colombo",Beverages,($/kg),4.04,0.0,-2.65,15.1,-2.88,-0.24
2023-02-01,2023,2,"Tea, Colombo",Beverages,($/kg),3.96,-1.98,4.21,9.7,-3.41,-0.36
2023-03-01,2023,3,"Tea, Colombo",Beverages,($/kg),3.82,-3.54,-5.45,14.03,-3.29,-0.48
2023-04-01,2023,4,"Tea, Colombo",Beverages,($/kg),3.9,2.09,-3.47,-4.65,0.52,0.06
2023-05-01,2023,5,"Tea, Colombo",Beverages,($/kg),3.43,-12.05,-13.38,-7.55,-8.78,-1.64
2023-06-01,2023,6,"Tea, Colombo",Beverages,($/kg),3.23,-5.83,-15.45,-7.98,-4.72,-0.72
2023-07-01,2023,7,"Tea, Colombo",Beverages,($/kg),2.48,-23.22,-36.41,-38.15,-27.27,-2.99
2023-08-01,2023,8,"Tea, Colombo",Beverages,($/kg),3.58,44.35,4.37,-14.96,7.19,5.53
2023-09-01,2023,9,"Tea, Colombo",Beverages,($/kg),3.64,1.68,12.69,-18.93,12.0,0.12
2023-10-01,2023,10,"Tea, Colombo",Beverages,($/kg),3.49,-4.12,40.73,-15.9,0.29,-0.21
2023-11-01,2023,11,"Tea, Colombo",Beverages,($/kg),3.43,-1.72,-4.19,-9.74,2.08,-0.08
2023-12-01,2023,12,"Tea, Colombo",Beverages,($/kg),3.67,7.0,0.82,-9.16,15.41,0.43
2024-01-01,2024,1,"Tea, Colombo",Beverages,($/kg),4.01,9.26,14.9,-0.74,24.15,0.57
2024-02-01,2024,2,"Tea, Colombo",Beverages,($/kg),4.27,6.48,24.49,7.83,30.58,0.34
2024-03-01,2024,3,"Tea, Colombo",Beverages,($/kg),4.33,1.41,17.98,13.35,28.11,-0.02
2024-04-01,2024,4,"Tea, Colombo",Beverages,($/kg),4.12,-4.85,2.74,5.64,23.35,-0.43
2024-05-01,2024,5,"Tea, Colombo",Beverages,($/kg),4.28,3.88,0.23,24.78,38.51,0.15
2024-06-01,2024,6,"Tea, Colombo",Beverages,($/kg),4.16,-2.8,-3.93,28.79,49.64,-0.36
2024-07-01,2024,7,"Tea, Colombo",Beverages,($/kg),4.1,-1.44,-0.49,65.32,44.37,-0.29
2024-08-01,2024,8,"Tea, Colombo",Beverages,($/kg),4.02,-1.95,-6.07,12.29,31.37,-0.52
2024-09-01,2024,9,"Tea, Colombo",Beverages,($/kg),4.09,1.74,-1.68,12.36,42.01,0.14
2024-10-01,2024,10,"Tea, Colombo",Beverages,($/kg),4.06,-0.73,-0.98,16.33,38.1,-0.39
2024-11-01,2024,11,"Tea, Colombo",Beverages,($/kg),3.96,-2.46,-1.49,15.45,24.14,-0.86
2024-12-01,2024,12,"Tea, Colombo",Beverages,($/kg),4.11,3.79,0.49,11.99,28.04,0.56
2025-01-01,2025,1,"Tea, Colombo",Beverages,($/kg),4.08,-0.73,0.49,1.75,24.77,-0.42
2025-02-01,2025,2,"Tea, Colombo",Beverages,($/kg),4.0,-1.96,1.01,-6.32,19.4,-0.65
2025-03-01,2025,3,"Tea, Colombo",Beverages,($/kg),4.07,1.75,-0.97,-6.0,32.14,0.84
2025-04-01,2025,4,"Tea, Colombo",Beverages,($/kg),3.96,-2.7,-2.94,-3.88,8.2,-0.82
2025-05-01,2025,5,"Tea, Colombo",Beverages,($/kg),3.89,-1.77,-2.75,-9.11,3.46,-0.6
2025-06-01,2025,6,"Tea, Colombo",Beverages,($/kg),3.74,-3.86,-8.11,-10.1,13.33,-1.47
2025-07-01,2025,7,"Tea, Colombo",Beverages,($/kg),3.8,1.6,-4.04,-7.32,14.46,1.12
2025-08-01,2025,8,"Tea, Colombo",Beverages,($/kg),3.98,4.74,2.31,-1.0,18.1,2.31
2025-09-01,2025,9,"Tea, Colombo",Beverages,($/kg),4.01,0.75,7.22,-1.96,19.7,0.29
2025-10-01,2025,10,"Tea, Colombo",Beverages,($/kg),3.94,-1.75,3.68,-2.96,12.25,-0.6
2025-11-01,2025,11,"Tea, Colombo",Beverages,($/kg),3.96,0.51,-0.5,0.0,14.12,0.27
2025-12-01,2025,12,"Tea, Colombo",Beverages,($/kg),3.95,-0.25,-1.5,-3.89,15.84,-0.11
2026-01-01,2026,1,"Tea, Colombo",Beverages,($/kg),3.79,-4.05,-3.81,-7.11,11.8,-1.6
2026-02-01,2026,2,"Tea, Colombo",Beverages,($/kg),3.76,-0.79,-5.05,-6.0,13.25,-0.08
2026-03-01,2026,3,"Tea, Colombo",Beverages,($/kg),3.68,-2.13,-6.84,-9.58,12.54,-0.64
2026-04-01,2026,4,"Tea, Colombo",Beverages,($/kg),3.8,3.26,0.26,-4.04,18.38,1.64
2026-05-01,2026,5,"Tea, Colombo",Beverages,($/kg),3.68,-3.16,-2.13,-5.4,19.48,-1.07
2026-06-01,2026,6,"Tea, Colombo",Beverages,($/kg),3.5,-4.89,-4.89,-6.42,19.45,-1.62
2026-07-01,2026,7,"Tea, Colombo",Beverages,($/kg),3.58,2.29,-5.79,-5.79,19.73,0.97
2026-08-01,2026,8,"Tea, Colombo",Beverages,($/kg),3.61,0.84,-1.9,-9.3,20.74,0.44
2026-09-01,2026,9,"Tea, Colombo",Beverages,($/kg),3.73,3.32,6.57,-6.98,25.17,1.64
1960-01-01,1960,1,"Tea, Kolkata",Beverages,($/kg),1.12,,,,,
1960-02-01,1960,2,"Tea, Kolkata",Beverages,($/kg),1.12,0.0,,,,
1960-03-01,1960,3,"Tea, Kolkata",Beverages,($/kg),1.12,0.0,,,,
1960-04-01,1960,4,"Tea, Kolkata",Beverages,($/kg),1.12,0.0,0.0,,,
1960-05-01,1960,5,"Tea, Kolkata",Beverages,($/kg),1.12,0.0,0.0,,,
1960-06-01,1960,6,"Tea, Kolkata",Beverages,($/kg),1.12,0.0,0.0,,,
1960-07-01,1960,7,"Tea, Kolkata",Beverages,($/kg),1.12,0.0,0.0,,,
1960-08-01,1960,8,"Tea, Kolkata",Beverages,($/kg),1.12,0.0,0.0,,,0.0
1960-09-01,1960,9,"Tea, Kolkata",Beverages,($/kg),1.12,0.0,0.0,,,0.0
1960-10-01,1960,10,"Tea, Kolkata",Beverages,($/kg),1.12,0.0,0.0,,,0.0
1960-11-01,1960,11,"Tea, Kolkata",Beverages,($/kg),1.12,0.0,0.0,,,0.0
1960-12-01,1960,12,"Tea, Kolkata",Beverages,($/kg),1.12,0.0,0.0,,,0.0
1961-01-01,1961,1,"Tea, Kolkata",Beverages,($/kg),0.98,-12.5,-12.5,-12.5,,0.0
1961-02-01,1961,2,"Tea, Kolkata",Beverages,($/kg),0.98,0.0,-12.5,-12.5,,0.29
1961-03-01,1961,3,"Tea, Kolkata",Beverages,($/kg),0.98,0.0,-12.5,-12.5,,0.29
1961-04-01,1961,4,"Tea, Kolkata",Beverages,($/kg),0.98,0.0,0.0,-12.5,,0.29
1961-05-01,1961,5,"Tea, Kolkata",Beverages,($/kg),0.98,0.0,0.0,-12.5,,0.29
1961-06-01,1961,6,"Tea, Kolkata",Beverages,($/kg),0.98,0.0,0.0,-12.5,,0.29
1961-07-01,1961,7,"Tea, Kolkata",Beverages,($/kg),0.98,0.0,0.0,-12.5,,0.29
1961-08-01,1961,8,"Tea, Kolkata",Beverages,($/kg),0.98,0.0,0.0,-12.5,,0.29
1961-09-01,1961,9,"Tea, Kolkata",Beverages,($/kg),0.98,0.0,0.0,-12.5,,0.29
1961-10-01,1961,10,"Tea, Kolkata",Beverages,($/kg),0.98,0.0,0.0,-12.5,,0.29
1961-11-01,1961,11,"Tea, Kolkata",Beverages,($/kg),0.98,0.0,0.0,-12.5,,0.29
1961-12-01,1961,12,"Tea, Kolkata",Beverages,($/kg),0.98,0.0,0.0,-12.5,,0.29
1962-01-01,1962,1,"Tea, Kolkata",Beverages,($/kg),1.1,12.24,12.24,12.24,,3.68
1962-02-01,1962,2,"Tea, Kolkata",Beverages,($/kg),1.1,0.0,12.24,12.24,,-0.29
1962-03-01,1962,3,"Tea, Kolkata",Beverages,($/kg),1.1,0.0,12.24,12.24,,-0.29
1962-04-01,1962,4,"Tea, Kolkata",Beverages,($/kg),1.1,0.0,0.0,12.24,,-0.29
1962-05-01,1962,5,"Tea, Kolkata",Beverages,($/kg),1.1,0.0,0.0,12.24,,-0.29
1962-06-01,1962,6,"Tea, Kolkata",Beverages,($/kg),1.1,0.0,0.0,12.24,,-0.29
1962-07-01,1962,7,"Tea, Kolkata",Beverages,($/kg),1.1,0.0,0.0,12.24,,-0.29
1962-08-01,1962,8,"Tea, Kolkata",Beverages,($/kg),1.1,0.0,0.0,12.24,,-0.29
1962-09-01,1962,9,"Tea, Kolkata",Beverages,($/kg),1.1,0.0,0.0,12.24,,-0.29
1962-10-01,1962,10,"Tea, Kolkata",Beverages,($/kg),1.1,0.0,0.0,12.24,,-0.29
1962-11-01,1962,11,"Tea, Kolkata",Beverages,($/kg),1.1,0.0,0.0,12.24,,-0.29
1962-12-01,1962,12,"Tea, Kolkata",Beverages,($/kg),1.1,0.0,0.0,12.24,,-0.29
1963-01-01,1963,1,"Tea, Kolkata",Beverages,($/kg),1.08,-1.82,-1.82,-1.82,,-0.8
1963-02-01,1963,2,"Tea, Kolkata",Beverages,($/kg),1.08,0.0,-1.82,-1.82,,0.29
1963-03-01,1963,3,"Tea, Kolkata",Beverages,($/kg),1.08,0.0,-1.82,-1.82,,0.29
1963-04-01,1963,4,"Tea, Kolkata",Beverages,($/kg),1.08,0.0,0.0,-1.82,,0.29
1963-05-01,1963,5,"Tea, Kolkata",Beverages,($/kg),1.08,0.0,0.0,-1.82,,0.29
1963-06-01,1963,6,"Tea, Kolkata",Beverages,($/kg),1.08,0.0,0.0,-1.82,,0.29
1963-07-01,1963,7,"Tea, Kolkata",Beverages,($/kg),1.08,0.0,0.0,-1.82,,0.29
1963-08-01,1963,8,"Tea, Kolkata",Beverages,($/kg),1.08,0.0,0.0,-1.82,,0.29
1963-09-01,1963,9,"Tea, Kolkata",Beverages,($/kg),1.08,0.0,0.0,-1.82,,0.29
1963-10-01,1963,10,"Tea, Kolkata",Beverages,($/kg),1.08,0.0,0.0,-1.82,,0.29
1963-11-01,1963,11,"Tea, Kolkata",Beverages,($/kg),1.08,0.0,0.0,-1.82,,0.29
1963-12-01,1963,12,"Tea, Kolkata",Beverages,($/kg),1.08,0.0,0.0,-1.82,,0.29
1964-01-01,1964,1,"Tea, Kolkata",Beverages,($/kg),1.04,-3.7,-3.7,-3.7,,-6.77
1964-02-01,1964,2,"Tea, Kolkata",Beverages,($/kg),1.04,0.0,-3.7,-3.7,,0.29
1964-03-01,1964,3,"Tea, Kolkata",Beverages,($/kg),1.04,0.0,-3.7,-3.7,,0.29
1964-04-01,1964,4,"Tea, Kolkata",Beverages,($/kg),1.04,0.0,0.0,-3.7,,0.29
1964-05-01,1964,5,"Tea, Kolkata",Beverages,($/kg),1.04,0.0,0.0,-3.7,,0.29
1964-06-01,1964,6,"Tea, Kolkata",Beverages,($/kg),1.04,0.0,0.0,-3.7,,0.29
1964-07-01,1964,7,"Tea, Kolkata",Beverages,($/kg),1.04,0.0,0.0,-3.7,,0.29
1964-08-01,1964,8,"Tea, Kolkata",Beverages,($/kg),1.04,0.0,0.0,-3.7,,0.29
1964-09-01,1964,9,"Tea, Kolkata",Beverages,($/kg),1.04,0.0,0.0,-3.7,,0.29
1964-10-01,1964,10,"Tea, Kolkata",Beverages,($/kg),1.04,0.0,0.0,-3.7,,0.29
1964-11-01,1964,11,"Tea, Kolkata",Beverages,($/kg),1.04,0.0,0.0,-3.7,,0.29
1964-12-01,1964,12,"Tea, Kolkata",Beverages,($/kg),1.04,0.0,0.0,-3.7,,0.29
1965-01-01,1965,1,"Tea, Kolkata",Beverages,($/kg),1.14,9.62,9.62,9.62,1.79,9.28
1965-02-01,1965,2,"Tea, Kolkata",Beverages,($/kg),1.14,0.0,9.62,9.62,1.79,-0.29
1965-03-01,1965,3,"Tea, Kolkata",Beverages,($/kg),1.14,0.0,9.62,9.62,1.79,-0.29
1965-04-01,1965,4,"Tea, Kolkata",Beverages,($/kg),1.14,0.0,0.0,9.62,1.79,-0.29
1965-05-01,1965,5,"Tea, Kolkata",Beverages,($/kg),1.14,0.0,0.0,9.62,1.79,-0.29
1965-06-01,1965,6,"Tea, Kolkata",Beverages,($/kg),1.14,0.0,0.0,9.62,1.79,-0.29
1965-07-01,1965,7,"Tea, Kolkata",Beverages,($/kg),1.14,0.0,0.0,9.62,1.79,-0.29
1965-08-01,1965,8,"Tea, Kolkata",Beverages,($/kg),1.14,0.0,0.0,9.62,1.79,-0.29
1965-09-01,1965,9,"Tea, Kolkata",Beverages,($/kg),1.14,0.0,0.0,9.62,1.79,-0.29
1965-10-01,1965,10,"Tea, Kolkata",Beverages,($/kg),1.14,0.0,0.0,9.62,1.79,-0.29
1965-11-01,1965,11,"Tea, Kolkata",Beverages,($/kg),1.14,0.0,0.0,9.62,1.79,-0.29
1965-12-01,1965,12,"Tea, Kolkata",Beverages,($/kg),1.14,0.0,0.0,9.62,1.79,-0.29
1966-01-01,1966,1,"Tea, Kolkata",Beverages,($/kg),1.21,6.14,6.14,6.14,23.47,1.92
1966-02-01,1966,2,"Tea, Kolkata",Beverages,($/kg),1.21,0.0,6.14,6.14,23.47,-0.29
1966-03-01,1966,3,"Tea, Kolkata",Beverages,($/kg),1.21,0.0,6.14,6.14,23.47,-0.29
1966-04-01,1966,4,"Tea, Kolkata",Beverages,($/kg),1.21,0.0,0.0,6.14,23.47,-0.29
1966-05-01,1966,5,"Tea, Kolkata",Beverages,($/kg),1.21,0.0,0.0,6.14,23.47,-0.29
1966-06-01,1966,6,"Tea, Kolkata",Beverages,($/kg),0.77,-36.36,-36.36,-32.46,-21.43,-20.8
1966-07-01,1966,7,"Tea, Kolkata",Beverages,($/kg),0.77,0.0,-36.36,-32.46,-21.43,0.23
1966-08-01,1966,8,"Tea, Kolkata",Beverages,($/kg),0.77,0.0,-36.36,-32.46,-21.43,0.23
1966-09-01,1966,9,"Tea, Kolkata",Beverages,($/kg),0.77,0.0,0.0,-32.46,-21.43,0.23
1966-10-01,1966,10,"Tea, Kolkata",Beverages,($/kg),0.77,0.0,0.0,-32.46,-21.43,0.23
1966-11-01,1966,11,"Tea, Kolkata",Beverages,($/kg),0.77,0.0,0.0,-32.46,-21.43,0.23
1966-12-01,1966,12,"Tea, Kolkata",Beverages,($/kg),0.77,0.0,0.0,-32.46,-21.43,0.23
1967-01-01,1967,1,"Tea, Kolkata",Beverages,($/kg),0.8,3.9,3.9,-33.88,-27.27,0.59
1967-02-01,1967,2,"Tea, Kolkata",Beverages,($/kg),0.8,0.0,3.9,-33.88,-27.27,0.25
1967-03-01,1967,3,"Tea, Kolkata",Beverages,($/kg),0.8,0.0,3.9,-33.88,-27.27,0.25
1967-04-01,1967,4,"Tea, Kolkata",Beverages,($/kg),0.8,0.0,0.0,-33.88,-27.27,0.25
1967-05-01,1967,5,"Tea, Kolkata",Beverages,($/kg),0.8,0.0,0.0,-33.88,-27.27,0.25
1967-06-01,1967,6,"Tea, Kolkata",Beverages,($/kg),0.8,0.0,0.0,3.9,-27.27,0.25
1967-07-01,1967,7,"Tea, Kolkata",Beverages,($/kg),0.8,0.0,0.0,3.9,-27.27,-0.29
1967-08-01,1967,8,"Tea, Kolkata",Beverages,($/kg),0.8,0.0,0.0,3.9,-27.27,-0.29
1967-09-01,1967,9,"Tea, Kolkata",Beverages,($/kg),0.8,0.0,0.0,3.9,-27.27,-0.29
1967-10-01,1967,10,"Tea, Kolkata",Beverages,($/kg),0.8,0.0,0.0,3.9,-27.27,-0.29
1967-11-01,1967,11,"Tea, Kolkata",Beverages,($/kg),0.8,0.0,0.0,3.9,-27.27,-0.29
1967-12-01,1967,12,"Tea, Kolkata",Beverages,($/kg),0.8,0.0,0.0,3.9,-27.27,-0.29
1968-01-01,1968,1,"Tea, Kolkata",Beverages,($/kg),0.73,-8.75,-8.75,-8.75,-32.41,-8.07
1968-02-01,1968,2,"Tea, Kolkata",Beverages,($/kg),0.73,0.0,-8.75,-8.75,-32.41,0.29
1968-03-01,1968,3,"Tea, Kolkata",Beverages,($/kg),0.73,0.0,-8.75,-8.75,-32.41,0.29
1968-04-01,1968,4,"Tea, Kolkata",Beverages,($/kg),0.73,0.0,0.0,-8.75,-32.41,0.29
1968-05-01,1968,5,"Tea, Kolkata",Beverages,($/kg),0.73,0.0,0.0,-8.75,-32.41,0.29
1968-06-01,1968,6,"Tea, Kolkata",Beverages,($/kg),0.73,0.0,0.0,-8.75,-32.41,0.29
1968-07-01,1968,7,"Tea, Kolkata",Beverages,($/kg),0.73,0.0,0.0,-8.75,-32.41,0.29
1968-08-01,1968,8,"Tea, Kolkata",Beverages,($/kg),0.73,0.0,0.0,-8.75,-32.41,0.29
1968-09-01,1968,9,"Tea, Kolkata",Beverages,($/kg),0.73,0.0,0.0,-8.75,-32.41,0.29
1968-10-01,1968,10,"Tea, Kolkata",Beverages,($/kg),0.73,0.0,0.0,-8.75,-32.41,0.29
1968-11-01,1968,11,"Tea, Kolkata",Beverages,($/kg),0.73,0.0,0.0,-8.75,-32.41,0.29
1968-12-01,1968,12,"Tea, Kolkata",Beverages,($/kg),0.73,0.0,0.0,-8.75,-32.41,0.29
1969-01-01,1969,1,"Tea, Kolkata",Beverages,($/kg),0.86,17.81,17.81,17.81,-17.31,7.34
1969-02-01,1969,2,"Tea, Kolkata",Beverages,($/kg),0.86,0.0,17.81,17.81,-17.31,-0.29
1969-03-01,1969,3,"Tea, Kolkata",Beverages,($/kg),0.86,0.0,17.81,17.81,-17.31,-0.29
1969-04-01,1969,4,"Tea, Kolkata",Beverages,($/kg),0.86,0.0,0.0,17.81,-17.31,-0.29
1969-05-01,1969,5,"Tea, Kolkata",Beverages,($/kg),0.86,0.0,0.0,17.81,-17.31,-0.29
1969-06-01,1969,6,"Tea, Kolkata",Beverages,($/kg),0.86,0.0,0.0,17.81,-17.31,-0.29
1969-07-01,1969,7,"Tea, Kolkata",Beverages,($/kg),0.86,0.0,0.0,17.81,-17.31,-0.29
1969-08-01,1969,8,"Tea, Kolkata",Beverages,($/kg),0.86,0.0,0.0,17.81,-17.31,-0.29
1969-09-01,1969,9,"Tea, Kolkata",Beverages,($/kg),0.86,0.0,0.0,17.81,-17.31,-0.29
1969-10-01,1969,10,"Tea, Kolkata",Beverages,($/kg),0.86,0.0,0.0,17.81,-17.31,-0.29
1969-11-01,1969,11,"Tea, Kolkata",Beverages,($/kg),0.86,0.0,0.0,17.81,-17.31,-0.29
1969-12-01,1969,12,"Tea, Kolkata",Beverages,($/kg),0.86,0.0,0.0,17.81,-17.31,-0.29
1970-01-01,1970,1,"Tea, Kolkata",Beverages,($/kg),0.99,15.12,15.12,15.12,-13.16,2.65
1970-02-01,1970,2,"Tea, Kolkata",Beverages,($/kg),0.99,0.0,15.12,15.12,-13.16,-0.29
1970-03-01,1970,3,"Tea, Kolkata",Beverages,($/kg),0.99,0.0,15.12,15.12,-13.16,-0.29
1970-04-01,1970,4,"Tea, Kolkata",Beverages,($/kg),0.99,0.0,0.0,15.12,-13.16,-0.29
1970-05-01,1970,5,"Tea, Kolkata",Beverages,($/kg),0.99,0.0,0.0,15.12,-13.16,-0.29
1970-06-01,1970,6,"Tea, Kolkata",Beverages,($/kg),0.99,0.0,0.0,15.12,-13.16,-0.29
1970-07-01,1970,7,"Tea, Kolkata",Beverages,($/kg),0.99,0.0,0.0,15.12,-13.16,-0.29
1970-08-01,1970,8,"Tea, Kolkata",Beverages,($/kg),0.99,0.0,0.0,15.12,-13.16,-0.29
1970-09-01,1970,9,"Tea, Kolkata",Beverages,($/kg),0.99,0.0,0.0,15.12,-13.16,-0.29
1970-10-01,1970,10,"Tea, Kolkata",Beverages,($/kg),0.99,0.0,0.0,15.12,-13.16,-0.29
1970-11-01,1970,11,"Tea, Kolkata",Beverages,($/kg),0.99,0.0,0.0,15.12,-13.16,-0.29
1970-12-01,1970,12,"Tea, Kolkata",Beverages,($/kg),0.99,0.0,0.0,15.12,-13.16,-0.29
1971-01-01,1971,1,"Tea, Kolkata",Beverages,($/kg),0.8,-19.19,-19.19,-19.19,-33.88,-4.69
1971-02-01,1971,2,"Tea, Kolkata",Beverages,($/kg),0.76,-5.0,-23.23,-23.23,-37.19,-0.61
1971-03-01,1971,3,"Tea, Kolkata",Beverages,($/kg),0.66,-13.16,-33.33,-33.33,-45.45,-1.99
1971-04-01,1971,4,"Tea, Kolkata",Beverages,($/kg),1.54,133.33,92.5,55.56,27.27,21.33
1971-05-01,1971,5,"Tea, Kolkata",Beverages,($/kg),1.19,-22.73,56.58,20.2,-1.65,-0.77
1971-06-01,1971,6,"Tea, Kolkata",Beverages,($/kg),1.02,-14.29,54.55,3.03,32.47,-0.5
1971-07-01,1971,7,"Tea, Kolkata",Beverages,($/kg),1.19,16.67,-22.73,20.2,54.55,0.28
1971-08-01,1971,8,"Tea, Kolkata",Beverages,($/kg),0.97,-18.49,-18.49,-2.02,25.97,-0.6
1971-09-01,1971,9,"Tea, Kolkata",Beverages,($/kg),0.94,-3.09,-7.84,-5.05,22.08,-0.19
1971-10-01,1971,10,"Tea, Kolkata",Beverages,($/kg),0.94,0.0,-21.01,-5.05,22.08,-0.11
1971-11-01,1971,11,"Tea, Kolkata",Beverages,($/kg),0.87,-7.45,-10.31,-12.12,12.99,-0.28
1971-12-01,1971,12,"Tea, Kolkata",Beverages,($/kg),0.81,-6.9,-13.83,-18.18,5.19,-0.26
1972-01-01,1972,1,"Tea, Kolkata",Beverages,($/kg),0.8,-1.23,-14.89,0.0,0.0,-0.11
1972-02-01,1972,2,"Tea, Kolkata",Beverages,($/kg),0.78,-2.5,-10.34,2.63,-2.5,-0.18
1972-03-01,1972,3,"Tea, Kolkata",Beverages,($/kg),0.75,-3.85,-7.41,13.64,-6.25,-0.21
1972-04-01,1972,4,"Tea, Kolkata",Beverages,($/kg),0.82,9.33,2.5,-46.75,2.5,0.09
1972-05-01,1972,5,"Tea, Kolkata",Beverages,($/kg),0.96,17.07,23.08,-19.33,20.0,1.98
1972-06-01,1972,6,"Tea, Kolkata",Beverages,($/kg),1.05,9.38,40.0,2.94,31.25,0.97
1972-07-01,1972,7,"Tea, Kolkata",Beverages,($/kg),1.01,-3.81,23.17,-15.13,26.25,-0.43
1972-08-01,1972,8,"Tea, Kolkata",Beverages,($/kg),0.87,-13.86,-9.38,-10.31,8.75,-1.39
1972-09-01,1972,9,"Tea, Kolkata",Beverages,($/kg),0.76,-12.64,-27.62,-19.15,-5.0,-1.41
1972-10-01,1972,10,"Tea, Kolkata",Beverages,($/kg),0.78,2.63,-22.77,-17.02,-2.5,0.43
1972-11-01,1972,11,"Tea, Kolkata",Beverages,($/kg),0.74,-5.13,-14.94,-14.94,-7.5,-0.43
1972-12-01,1972,12,"Tea, Kolkata",Beverages,($/kg),0.71,-4.05,-6.58,-12.35,-11.25,-0.34
1973-01-01,1973,1,"Tea, Kolkata",Beverages,($/kg),0.73,2.82,-6.41,-8.75,0.0,0.39
1973-02-01,1973,2,"Tea, Kolkata",Beverages,($/kg),0.71,-2.74,-4.05,-8.97,-2.74,-0.26
1973-03-01,1973,3,"Tea, Kolkata",Beverages,($/kg),0.69,-2.82,-2.82,-8.0,-5.48,-0.27
1973-04-01,1973,4,"Tea, Kolkata",Beverages,($/kg),0.9,30.43,23.29,9.76,23.29,3.39
1973-05-01,1973,5,"Tea, Kolkata",Beverages,($/kg),0.96,6.67,35.21,0.0,31.51,0.42
1973-06-01,1973,6,"Tea, Kolkata",Beverages,($/kg),1.08,12.5,56.52,2.86,47.95,1.02
1973-07-01,1973,7,"Tea, Kolkata",Beverages,($/kg),1.14,5.56,26.67,12.87,56.16,0.4
1973-08-01,1973,8,"Tea, Kolkata",Beverages,($/kg),0.97,-14.91,1.04,11.49,32.88,-1.39
1973-09-01,1973,9,"Tea, Kolkata",Beverages,($/kg),0.84,-13.4,-22.22,10.53,15.07,-1.24
1973-10-01,1973,10,"Tea, Kolkata",Beverages,($/kg),0.85,1.19,-25.44,8.97,16.44,-0.02
1973-11-01,1973,11,"Tea, Kolkata",Beverages,($/kg),0.79,-7.06,-18.56,6.76,8.22,-0.7
1973-12-01,1973,12,"Tea, Kolkata",Beverages,($/kg),0.73,-7.59,-13.1,2.82,0.0,-0.72
1974-01-01,1974,1,"Tea, Kolkata",Beverages,($/kg),0.71,-2.74,-16.47,-2.74,-17.44,-0.29
1974-02-01,1974,2,"Tea, Kolkata",Beverages,($/kg),0.8,12.68,1.27,12.68,-6.98,0.99
1974-03-01,1974,3,"Tea, Kolkata",Beverages,($/kg),0.83,3.75,13.7,20.29,-3.49,0.16
1974-04-01,1974,4,"Tea, Kolkata",Beverages,($/kg),1.46,75.9,105.63,62.22,69.77,5.77
1974-05-01,1974,5,"Tea, Kolkata",Beverages,($/kg),1.3,-10.96,62.5,35.42,51.16,-0.71
1974-06-01,1974,6,"Tea, Kolkata",Beverages,($/kg),1.53,17.69,84.34,41.67,77.91,0.54
1974-07-01,1974,7,"Tea, Kolkata",Beverages,($/kg),1.85,20.92,26.71,62.28,115.12,0.65
1974-08-01,1974,8,"Tea, Kolkata",Beverages,($/kg),1.45,-21.62,11.54,49.48,68.6,-1.12
1974-09-01,1974,9,"Tea, Kolkata",Beverages,($/kg),1.26,-13.1,-17.65,50.0,46.51,-0.74
1974-10-01,1974,10,"Tea, Kolkata",Beverages,($/kg),1.23,-2.38,-33.51,44.71,43.02,-0.32
1974-11-01,1974,11,"Tea, Kolkata",Beverages,($/kg),1.27,3.25,-12.41,60.76,47.67,-0.09
1974-12-01,1974,12,"Tea, Kolkata",Beverages,($/kg),1.37,7.87,8.73,87.67,59.3,0.06
1975-01-01,1975,1,"Tea, Kolkata",Beverages,($/kg),1.29,-5.84,4.88,81.69,30.3,-0.54
1975-02-01,1975,2,"Tea, Kolkata",Beverages,($/kg),1.19,-7.75,-6.3,48.75,20.2,-0.6
1975-03-01,1975,3,"Tea, Kolkata",Beverages,($/kg),1.13,-5.04,-17.52,36.14,14.14,-0.42
1975-04-01,1975,4,"Tea, Kolkata",Beverages,($/kg),2.03,79.65,57.36,39.04,105.05,2.93
1975-05-01,1975,5,"Tea, Kolkata",Beverages,($/kg),1.5,-26.11,26.05,15.38,51.52,-1.18
1975-06-01,1975,6,"Tea, Kolkata",Beverages,($/kg),1.7,13.33,50.44,11.11,71.72,0.34
1975-07-01,1975,7,"Tea, Kolkata",Beverages,($/kg),1.73,1.76,-14.78,-6.49,74.75,-0.07
1975-08-01,1975,8,"Tea, Kolkata",Beverages,($/kg),1.53,-11.56,2.0,5.52,54.55,-0.5
1975-09-01,1975,9,"Tea, Kolkata",Beverages,($/kg),1.4,-8.5,-17.65,11.11,41.41,-0.43
1975-10-01,1975,10,"Tea, Kolkata",Beverages,($/kg),1.4,0.0,-19.08,13.82,41.41,-0.12
1975-11-01,1975,11,"Tea, Kolkata",Beverages,($/kg),1.27,-9.29,-16.99,0.0,28.28,-0.49
1975-12-01,1975,12,"Tea, Kolkata",Beverages,($/kg),1.21,-4.72,-13.57,-11.68,22.22,-0.27
1976-01-01,1976,1,"Tea, Kolkata",Beverages,($/kg),1.21,0.0,-13.57,-6.2,51.25,-0.05
1976-02-01,1976,2,"Tea, Kolkata",Beverages,($/kg),1.19,-1.65,-6.3,0.0,56.58,-0.13
1976-03-01,1976,3,"Tea, Kolkata",Beverages,($/kg),1.15,-3.36,-4.96,1.77,74.24,-0.22
1976-04-01,1976,4,"Tea, Kolkata",Beverages,($/kg),1.71,48.7,41.32,-15.76,11.04,1.78
1976-05-01,1976,5,"Tea, Kolkata",Beverages,($/kg),1.34,-21.64,12.61,-10.67,12.61,-1.2
1976-06-01,1976,6,"Tea, Kolkata",Beverages,($/kg),1.58,17.91,37.39,-7.06,54.9,1.01
1976-07-01,1976,7,"Tea, Kolkata",Beverages,($/kg),1.63,3.16,-4.68,-5.78,36.97,0.14
1976-08-01,1976,8,"Tea, Kolkata",Beverages,($/kg),1.47,-9.82,9.7,-3.92,51.55,-0.59
1976-09-01,1976,9,"Tea, Kolkata",Beverages,($/kg),1.41,-4.08,-10.76,0.71,50.0,-0.28
1976-10-01,1976,10,"Tea, Kolkata",Beverages,($/kg),1.42,0.71,-12.88,1.43,51.06,-0.03
1976-11-01,1976,11,"Tea, Kolkata",Beverages,($/kg),1.43,0.7,-2.72,12.6,64.37,-0.04
1976-12-01,1976,12,"Tea, Kolkata",Beverages,($/kg),1.48,3.5,4.96,22.31,82.72,0.08
1977-01-01,1977,1,"Tea, Kolkata",Beverages,($/kg),1.55,4.73,9.15,28.1,93.75,0.11
1977-02-01,1977,2,"Tea, Kolkata",Beverages,($/kg),1.91,23.23,33.57,60.5,144.87,1.17
1977-03-01,1977,3,"Tea, Kolkata",Beverages,($/kg),2.06,7.85,39.19,79.13,174.67,0.14
1977-04-01,1977,4,"Tea, Kolkata",Beverages,($/kg),2.98,44.66,92.26,74.27,263.41,2.17
1977-05-01,1977,5,"Tea, Kolkata",Beverages,($/kg),2.25,-24.5,17.8,67.91,134.38,-1.8
1977-06-01,1977,6,"Tea, Kolkata",Beverages,($/kg),2.55,13.33,23.79,61.39,142.86,0.44
1977-07-01,1977,7,"Tea, Kolkata",Beverages,($/kg),2.43,-4.71,-18.46,49.08,140.59,-0.59
1977-08-01,1977,8,"Tea, Kolkata",Beverages,($/kg),2.13,-12.35,-5.33,44.9,144.83,-0.98
1977-09-01,1977,9,"Tea, Kolkata",Beverages,($/kg),1.99,-6.57,-21.96,41.13,161.84,-0.63
1977-10-01,1977,10,"Tea, Kolkata",Beverages,($/kg),1.85,-7.04,-23.87,30.28,137.18,-0.64
1977-11-01,1977,11,"Tea, Kolkata",Beverages,($/kg),1.54,-16.76,-27.7,7.69,108.11,-1.14
1977-12-01,1977,12,"Tea, Kolkata",Beverages,($/kg),1.58,2.6,-20.6,6.76,122.54,0.03
1978-01-01,1978,1,"Tea, Kolkata",Beverages,($/kg),1.74,10.13,-5.95,12.26,138.36,0.43
1978-02-01,1978,2,"Tea, Kolkata",Beverages,($/kg),1.73,-0.57,12.34,-9.42,143.66,-0.16
1978-03-01,1978,3,"Tea, Kolkata",Beverages,($/kg),1.65,-4.62,4.43,-19.9,139.13,-0.29
1978-04-01,1978,4,"Tea, Kolkata",Beverages,($/kg),3.08,86.67,77.01,3.36,242.22,4.93
1978-05-01,1978,5,"Tea, Kolkata",Beverages,($/kg),1.84,-40.26,6.36,-18.22,91.67,-1.52
1978-06-01,1978,6,"Tea, Kolkata",Beverages,($/kg),1.86,1.09,12.73,-27.06,72.22,-0.02
1978-07-01,1978,7,"Tea, Kolkata",Beverages,($/kg),2.02,8.6,-34.42,-16.87,77.19,0.27
1978-08-01,1978,8,"Tea, Kolkata",Beverages,($/kg),1.82,-9.9,-1.09,-14.55,87.63,-0.39
1978-09-01,1978,9,"Tea, Kolkata",Beverages,($/kg),1.72,-5.49,-7.53,-13.57,104.76,-0.25
1978-10-01,1978,10,"Tea, Kolkata",Beverages,($/kg),1.73,0.58,-14.36,-6.49,103.53,-0.05
1978-11-01,1978,11,"Tea, Kolkata",Beverages,($/kg),1.69,-2.31,-7.14,9.74,113.92,-0.17
1978-12-01,1978,12,"Tea, Kolkata",Beverages,($/kg),1.62,-4.14,-5.81,2.53,121.92,-0.28
1979-01-01,1979,1,"Tea, Kolkata",Beverages,($/kg),1.59,-1.85,-8.09,-8.62,123.94,-0.18
1979-02-01,1979,2,"Tea, Kolkata",Beverages,($/kg),1.53,-3.77,-9.47,-11.56,91.25,-0.21
1979-03-01,1979,3,"Tea, Kolkata",Beverages,($/kg),1.5,-1.96,-7.41,-9.09,80.72,-0.14
1979-04-01,1979,4,"Tea, Kolkata",Beverages,($/kg),3.96,164.0,149.06,28.57,171.23,5.56
1979-05-01,1979,5,"Tea, Kolkata",Beverages,($/kg),2.19,-44.7,43.14,19.02,68.46,-1.06
1979-06-01,1979,6,"Tea, Kolkata",Beverages,($/kg),1.96,-10.5,30.67,5.38,28.1,-0.37
1979-07-01,1979,7,"Tea, Kolkata",Beverages,($/kg),1.97,0.51,-50.25,-2.48,6.49,-0.13
1979-08-01,1979,8,"Tea, Kolkata",Beverages,($/kg),2.12,7.61,-3.2,16.48,46.21,0.02
1979-09-01,1979,9,"Tea, Kolkata",Beverages,($/kg),2.07,-2.36,5.61,20.35,64.29,-0.21
1979-10-01,1979,10,"Tea, Kolkata",Beverages,($/kg),2.11,1.93,7.11,21.97,71.54,-0.13
1979-11-01,1979,11,"Tea, Kolkata",Beverages,($/kg),2.2,4.27,3.77,30.18,73.23,-0.08
1979-12-01,1979,12,"Tea, Kolkata",Beverages,($/kg),2.04,-7.27,-1.45,25.93,48.91,-0.32
1980-01-01,1980,1,"Tea, Kolkata",Beverages,($/kg),2.03,-0.49,-3.79,27.67,57.36,-0.18
1980-02-01,1980,2,"Tea, Kolkata",Beverages,($/kg),2.03,0.0,-7.73,32.68,70.59,-0.18
1980-03-01,1980,3,"Tea, Kolkata",Beverages,($/kg),1.99,-1.97,-2.45,32.67,76.11,-0.22
1980-04-01,1980,4,"Tea, Kolkata",Beverages,($/kg),2.0,0.5,-1.48,-49.49,-1.48,-0.17
1980-05-01,1980,5,"Tea, Kolkata",Beverages,($/kg),2.04,2.0,0.49,-6.85,36.0,0.47
1980-06-01,1980,6,"Tea, Kolkata",Beverages,($/kg),2.06,0.98,3.52,5.1,21.18,0.3
1980-07-01,1980,7,"Tea, Kolkata",Beverages,($/kg),2.08,0.97,4.0,5.58,20.23,0.14
1980-08-01,1980,8,"Tea, Kolkata",Beverages,($/kg),2.07,-0.48,1.47,-2.36,35.29,-0.27
1980-09-01,1980,9,"Tea, Kolkata",Beverages,($/kg),2.09,0.97,1.46,0.97,49.29,0.39
1980-10-01,1980,10,"Tea, Kolkata",Beverages,($/kg),2.09,0.0,0.48,-0.95,49.29,-0.04
1980-11-01,1980,11,"Tea, Kolkata",Beverages,($/kg),2.07,-0.96,0.0,-5.91,62.99,-0.33
1980-12-01,1980,12,"Tea, Kolkata",Beverages,($/kg),2.04,-1.45,-2.39,0.0,68.6,-0.41
1981-01-01,1981,1,"Tea, Kolkata",Beverages,($/kg),1.97,-3.43,-5.74,-2.96,62.81,-3.0
1981-02-01,1981,2,"Tea, Kolkata",Beverages,($/kg),1.91,-3.05,-7.73,-5.91,60.5,-1.85
1981-03-01,1981,3,"Tea, Kolkata",Beverages,($/kg),1.91,0.0,-6.37,-4.02,66.09,0.29
1981-04-01,1981,4,"Tea, Kolkata",Beverages,($/kg),1.9,-0.52,-3.55,-5.0,11.11,-0.12
1981-05-01,1981,5,"Tea, Kolkata",Beverages,($/kg),1.87,-1.58,-2.09,-8.33,39.55,-0.71
1981-06-01,1981,6,"Tea, Kolkata",Beverages,($/kg),1.82,-2.67,-4.71,-11.65,15.19,-1.33
1981-07-01,1981,7,"Tea, Kolkata",Beverages,($/kg),1.77,-2.75,-6.84,-14.9,8.59,-1.18
1981-08-01,1981,8,"Tea, Kolkata",Beverages,($/kg),1.74,-1.69,-6.95,-15.94,18.37,-0.26
1981-09-01,1981,9,"Tea, Kolkata",Beverages,($/kg),1.72,-1.15,-5.49,-17.7,21.99,0.2
1981-10-01,1981,10,"Tea, Kolkata",Beverages,($/kg),1.71,-0.58,-3.39,-18.18,20.42,0.88
1981-11-01,1981,11,"Tea, Kolkata",Beverages,($/kg),1.72,0.58,-1.15,-16.91,20.28,2.04
1981-12-01,1981,12,"Tea, Kolkata",Beverages,($/kg),1.72,0.0,0.0,-15.69,16.22,1.2
1982-01-01,1982,1,"Tea, Kolkata",Beverages,($/kg),1.91,11.05,11.7,-3.05,23.23,9.29
1982-02-01,1982,2,"Tea, Kolkata",Beverages,($/kg),1.9,-0.52,10.47,-0.52,-0.52,-0.09
1982-03-01,1982,3,"Tea, Kolkata",Beverages,($/kg),1.88,-1.05,9.3,-1.57,-8.74,-0.29
1982-04-01,1982,4,"Tea, Kolkata",Beverages,($/kg),1.86,-1.06,-2.62,-2.11,-37.58,-0.27
1982-05-01,1982,5,"Tea, Kolkata",Beverages,($/kg),1.88,1.08,-1.05,0.53,-16.44,0.33
1982-06-01,1982,6,"Tea, Kolkata",Beverages,($/kg),1.85,-1.6,-1.6,1.65,-27.45,-0.47
1982-07-01,1982,7,"Tea, Kolkata",Beverages,($/kg),1.83,-1.08,-1.61,3.39,-24.69,-0.36
1982-08-01,1982,8,"Tea, Kolkata",Beverages,($/kg),1.83,0.0,-2.66,5.17,-14.08,-0.1
1982-09-01,1982,9,"Tea, Kolkata",Beverages,($/kg),1.81,-1.09,-2.16,5.23,-9.05,-0.46
1982-10-01,1982,10,"Tea, Kolkata",Beverages,($/kg),1.81,0.0,-1.09,5.85,-2.16,-0.14
1982-11-01,1982,11,"Tea, Kolkata",Beverages,($/kg),1.79,-1.1,-2.19,4.07,16.23,-0.48
1982-12-01,1982,12,"Tea, Kolkata",Beverages,($/kg),1.8,0.56,-0.55,4.65,13.92,0.05
1983-01-01,1983,1,"Tea, Kolkata",Beverages,($/kg),1.92,6.67,6.08,0.52,10.34,1.81
1983-02-01,1983,2,"Tea, Kolkata",Beverages,($/kg),1.99,3.65,11.17,4.74,15.03,1.61
1983-03-01,1983,3,"Tea, Kolkata",Beverages,($/kg),1.97,-1.01,9.44,4.79,19.39,-0.58
1983-04-01,1983,4,"Tea, Kolkata",Beverages,($/kg),2.4,21.83,25.0,29.03,-22.08,8.78
1983-05-01,1983,5,"Tea, Kolkata",Beverages,($/kg),2.47,2.92,24.12,31.38,34.24,0.09
1983-06-01,1983,6,"Tea, Kolkata",Beverages,($/kg),2.64,6.88,34.01,42.7,41.94,0.67
1983-07-01,1983,7,"Tea, Kolkata",Beverages,($/kg),2.5,-5.3,4.17,36.61,23.76,-1.29
1983-08-01,1983,8,"Tea, Kolkata",Beverages,($/kg),2.64,5.6,6.88,44.26,45.05,0.4
1983-09-01,1983,9,"Tea, Kolkata",Beverages,($/kg),2.7,2.27,2.27,49.17,56.98,-0.15
1983-10-01,1983,10,"Tea, Kolkata",Beverages,($/kg),2.87,6.3,14.8,58.56,65.9,0.4
1983-11-01,1983,11,"Tea, Kolkata",Beverages,($/kg),3.1,8.01,17.42,73.18,83.43,0.58
1983-12-01,1983,12,"Tea, Kolkata",Beverages,($/kg),3.03,-2.26,12.22,68.33,87.04,-1.08
1984-01-01,1984,1,"Tea, Kolkata",Beverages,($/kg),3.47,14.52,20.91,80.73,118.24,1.46
1984-02-01,1984,2,"Tea, Kolkata",Beverages,($/kg),2.54,-26.8,-18.06,27.64,66.01,-4.36
1984-03-01,1984,3,"Tea, Kolkata",Beverages,($/kg),2.63,3.54,-13.2,33.5,75.33,0.07
1984-04-01,1984,4,"Tea, Kolkata",Beverages,($/kg),3.35,27.38,-3.46,39.58,-15.4,2.06
1984-05-01,1984,5,"Tea, Kolkata",Beverages,($/kg),3.06,-8.66,20.47,23.89,39.73,-0.97
1984-06-01,1984,6,"Tea, Kolkata",Beverages,($/kg),3.09,0.98,17.49,17.05,57.65,-0.12
1984-07-01,1984,7,"Tea, Kolkata",Beverages,($/kg),3.19,3.24,-4.78,27.6,61.93,0.08
1984-08-01,1984,8,"Tea, Kolkata",Beverages,($/kg),3.1,-2.82,1.31,17.42,46.23,-0.44
1984-09-01,1984,9,"Tea, Kolkata",Beverages,($/kg),2.71,-12.58,-12.3,0.37,30.92,-1.14
1984-10-01,1984,10,"Tea, Kolkata",Beverages,($/kg),2.8,3.32,-12.23,-2.44,32.7,0.18
1984-11-01,1984,11,"Tea, Kolkata",Beverages,($/kg),2.41,-13.93,-22.26,-22.26,9.55,-1.08
1984-12-01,1984,12,"Tea, Kolkata",Beverages,($/kg),2.63,9.13,-2.95,-13.2,28.92,0.74
1985-01-01,1985,1,"Tea, Kolkata",Beverages,($/kg),2.36,-10.27,-15.71,-31.99,16.26,-0.71
1985-02-01,1985,2,"Tea, Kolkata",Beverages,($/kg),2.09,-11.44,-13.28,-17.72,2.96,-0.67
1985-03-01,1985,3,"Tea, Kolkata",Beverages,($/kg),1.85,-11.48,-29.66,-29.66,-7.04,-0.89
1985-04-01,1985,4,"Tea, Kolkata",Beverages,($/kg),2.23,20.54,-5.51,-33.43,11.5,1.89
1985-05-01,1985,5,"Tea, Kolkata",Beverages,($/kg),2.3,3.14,10.05,-24.84,12.75,0.56
1985-06-01,1985,6,"Tea, Kolkata",Beverages,($/kg),2.36,2.61,27.57,-23.62,14.56,0.42
1985-07-01,1985,7,"Tea, Kolkata",Beverages,($/kg),2.57,8.9,15.25,-19.44,23.56,1.0
1985-08-01,1985,8,"Tea, Kolkata",Beverages,($/kg),2.39,-7.0,3.91,-22.9,15.46,-0.53
1985-09-01,1985,9,"Tea, Kolkata",Beverages,($/kg),2.16,-9.62,-8.47,-20.3,3.35,-0.72
1985-10-01,1985,10,"Tea, Kolkata",Beverages,($/kg),1.97,-8.8,-23.35,-29.64,-5.74,-0.69
1985-11-01,1985,11,"Tea, Kolkata",Beverages,($/kg),2.01,2.03,-15.9,-16.6,-2.9,0.4
1985-12-01,1985,12,"Tea, Kolkata",Beverages,($/kg),2.13,5.97,-1.39,-19.01,4.41,0.68
1986-01-01,1986,1,"Tea, Kolkata",Beverages,($/kg),1.81,-15.02,-8.12,-23.31,-8.12,-1.36
1986-02-01,1986,2,"Tea, Kolkata",Beverages,($/kg),1.71,-5.52,-14.93,-18.18,-10.47,-0.36
1986-03-01,1986,3,"Tea, Kolkata",Beverages,($/kg),1.6,-6.43,-24.88,-13.51,-16.23,-0.51
1986-04-01,1986,4,"Tea, Kolkata",Beverages,($/kg),1.79,11.87,-1.1,-19.73,-5.79,1.28
1986-05-01,1986,5,"Tea, Kolkata",Beverages,($/kg),2.33,30.17,36.26,1.3,24.6,3.79
1986-06-01,1986,6,"Tea, Kolkata",Beverages,($/kg),2.3,-1.29,43.75,-2.54,26.37,-0.17
1986-07-01,1986,7,"Tea, Kolkata",Beverages,($/kg),2.49,8.26,39.11,-3.11,40.68,0.63
1986-08-01,1986,8,"Tea, Kolkata",Beverages,($/kg),2.36,-5.22,1.29,-1.26,35.63,-0.45
1986-09-01,1986,9,"Tea, Kolkata",Beverages,($/kg),2.36,0.0,2.61,9.26,37.21,-0.04
1986-10-01,1986,10,"Tea, Kolkata",Beverages,($/kg),2.48,5.08,-0.4,25.89,45.03,0.32
1986-11-01,1986,11,"Tea, Kolkata",Beverages,($/kg),2.43,-2.02,2.97,20.9,41.28,-0.39
1986-12-01,1986,12,"Tea, Kolkata",Beverages,($/kg),2.31,-4.94,-2.12,8.45,34.3,-0.62
1987-01-01,1987,1,"Tea, Kolkata",Beverages,($/kg),2.17,-6.06,-12.5,19.89,13.61,-0.63
1987-02-01,1987,2,"Tea, Kolkata",Beverages,($/kg),2.08,-4.15,-14.4,21.64,9.47,-0.57
1987-03-01,1987,3,"Tea, Kolkata",Beverages,($/kg),2.11,1.44,-8.66,31.87,12.23,-0.06
1987-04-01,1987,4,"Tea, Kolkata",Beverages,($/kg),2.48,17.54,14.29,38.55,33.33,1.43
1987-05-01,1987,5,"Tea, Kolkata",Beverages,($/kg),2.53,2.02,21.63,8.58,34.57,-0.11
1987-06-01,1987,6,"Tea, Kolkata",Beverages,($/kg),2.45,-3.16,16.11,6.52,32.43,-0.6
1987-07-01,1987,7,"Tea, Kolkata",Beverages,($/kg),2.53,3.27,2.02,1.61,38.25,0.37
1987-08-01,1987,8,"Tea, Kolkata",Beverages,($/kg),2.34,-7.51,-7.51,-0.85,27.87,-1.2
1987-09-01,1987,9,"Tea, Kolkata",Beverages,($/kg),2.27,-2.99,-7.35,-3.81,25.41,-0.46
1987-10-01,1987,10,"Tea, Kolkata",Beverages,($/kg),2.27,0.0,-10.28,-8.47,25.41,0.02
1987-11-01,1987,11,"Tea, Kolkata",Beverages,($/kg),2.24,-1.32,-4.27,-7.82,25.14,-0.12
1987-12-01,1987,12,"Tea, Kolkata",Beverages,($/kg),2.06,-8.04,-9.25,-10.82,14.44,-1.15
1988-01-01,1988,1,"Tea, Kolkata",Beverages,($/kg),1.85,-10.19,-18.5,-14.75,-3.65,-1.38
1988-02-01,1988,2,"Tea, Kolkata",Beverages,($/kg),1.82,-1.62,-18.75,-12.5,-8.54,-0.07
1988-03-01,1988,3,"Tea, Kolkata",Beverages,($/kg),1.75,-3.85,-15.05,-17.06,-11.17,-0.41
1988-04-01,1988,4,"Tea, Kolkata",Beverages,($/kg),1.78,1.71,-3.78,-28.23,-25.83,0.42
1988-05-01,1988,5,"Tea, Kolkata",Beverages,($/kg),2.28,28.09,25.27,-9.88,-7.69,7.26
1988-06-01,1988,6,"Tea, Kolkata",Beverages,($/kg),2.29,0.44,30.86,-6.53,-13.26,0.09
1988-07-01,1988,7,"Tea, Kolkata",Beverages,($/kg),2.37,3.49,33.15,-6.32,-5.2,0.37
1988-08-01,1988,8,"Tea, Kolkata",Beverages,($/kg),2.15,-9.28,-5.7,-8.12,-18.56,-0.93
1988-09-01,1988,9,"Tea, Kolkata",Beverages,($/kg),1.99,-7.44,-13.1,-12.33,-26.3,-0.72
1988-10-01,1988,10,"Tea, Kolkata",Beverages,($/kg),2.01,1.01,-15.19,-11.45,-29.97,0.17
1988-11-01,1988,11,"Tea, Kolkata",Beverages,($/kg),1.94,-3.48,-9.77,-13.39,-37.42,-0.29
1988-12-01,1988,12,"Tea, Kolkata",Beverages,($/kg),1.93,-0.52,-3.02,-6.31,-36.3,0.02
1989-01-01,1989,1,"Tea, Kolkata",Beverages,($/kg),1.92,-0.52,-4.48,3.78,-44.67,-0.04
1989-02-01,1989,2,"Tea, Kolkata",Beverages,($/kg),1.96,2.08,1.03,7.69,-22.83,0.15
1989-03-01,1989,3,"Tea, Kolkata",Beverages,($/kg),1.98,1.02,2.59,13.14,-24.71,0.0
1989-04-01,1989,4,"Tea, Kolkata",Beverages,($/kg),2.25,13.64,17.19,26.4,-32.84,1.32
1989-05-01,1989,5,"Tea, Kolkata",Beverages,($/kg),2.52,12.0,28.57,10.53,-17.65,0.97
1989-06-01,1989,6,"Tea, Kolkata",Beverages,($/kg),2.27,-9.92,14.65,-0.87,-26.54,-1.64
1989-07-01,1989,7,"Tea, Kolkata",Beverages,($/kg),2.49,9.69,10.67,5.06,-21.94,1.29
1989-08-01,1989,8,"Tea, Kolkata",Beverages,($/kg),2.46,-1.2,-2.38,14.42,-20.65,-0.24
1989-09-01,1989,9,"Tea, Kolkata",Beverages,($/kg),3.24,31.71,42.73,62.81,19.56,4.19
1989-10-01,1989,10,"Tea, Kolkata",Beverages,($/kg),2.97,-8.33,19.28,47.76,6.07,-1.2
1989-11-01,1989,11,"Tea, Kolkata",Beverages,($/kg),2.59,-12.79,5.28,33.51,7.47,-1.45
1989-12-01,1989,12,"Tea, Kolkata",Beverages,($/kg),2.49,-3.86,-23.15,29.02,-5.32,-0.57
1990-01-01,1990,1,"Tea, Kolkata",Beverages,($/kg),2.64,6.02,-11.11,37.5,11.86,0.26
1990-02-01,1990,2,"Tea, Kolkata",Beverages,($/kg),2.77,4.92,6.95,41.33,32.54,0.13
1990-03-01,1990,3,"Tea, Kolkata",Beverages,($/kg),2.61,-5.78,4.82,31.82,41.08,-0.76
1990-04-01,1990,4,"Tea, Kolkata",Beverages,($/kg),2.87,9.96,8.71,27.56,28.7,0.55
1990-05-01,1990,5,"Tea, Kolkata",Beverages,($/kg),3.3,14.98,19.13,30.95,43.48,0.99
1990-06-01,1990,6,"Tea, Kolkata",Beverages,($/kg),3.09,-6.36,18.39,36.12,30.93,-0.74
1990-07-01,1990,7,"Tea, Kolkata",Beverages,($/kg),3.07,-0.65,6.97,23.29,19.46,-0.32
1990-08-01,1990,8,"Tea, Kolkata",Beverages,($/kg),2.88,-6.19,-12.73,17.07,20.5,-0.7
1990-09-01,1990,9,"Tea, Kolkata",Beverages,($/kg),2.8,-2.78,-9.39,-13.58,29.63,-0.38
1990-10-01,1990,10,"Tea, Kolkata",Beverages,($/kg),2.81,0.36,-8.47,-5.39,42.64,0.15
1990-11-01,1990,11,"Tea, Kolkata",Beverages,($/kg),2.25,-19.93,-21.88,-13.13,11.94,-2.51
1990-12-01,1990,12,"Tea, Kolkata",Beverages,($/kg),2.61,16.0,-6.79,4.82,22.54,1.84
1991-01-01,1991,1,"Tea, Kolkata",Beverages,($/kg),2.52,-3.45,-10.32,-4.55,39.23,-0.42
1991-02-01,1991,2,"Tea, Kolkata",Beverages,($/kg),2.18,-13.49,-3.11,-21.3,27.49,-1.34
1991-03-01,1991,3,"Tea, Kolkata",Beverages,($/kg),2.06,-5.5,-21.07,-21.07,28.75,-0.38
1991-04-01,1991,4,"Tea, Kolkata",Beverages,($/kg),2.17,5.34,-13.89,-24.39,21.23,0.63
1991-05-01,1991,5,"Tea, Kolkata",Beverages,($/kg),2.65,22.12,21.56,-19.7,13.73,2.31
1991-06-01,1991,6,"Tea, Kolkata",Beverages,($/kg),2.48,-6.42,20.39,-19.74,7.83,-0.45
1991-07-01,1991,7,"Tea, Kolkata",Beverages,($/kg),2.21,-10.89,1.84,-28.01,-11.24,-0.84
1991-08-01,1991,8,"Tea, Kolkata",Beverages,($/kg),2.01,-9.05,-24.15,-30.21,-14.83,-0.59
1991-09-01,1991,9,"Tea, Kolkata",Beverages,($/kg),2.03,1.0,-18.15,-27.5,-13.98,0.28
1991-10-01,1991,10,"Tea, Kolkata",Beverages,($/kg),1.92,-5.42,-13.12,-31.67,-22.58,-0.28
1991-11-01,1991,11,"Tea, Kolkata",Beverages,($/kg),1.91,-0.52,-4.98,-15.11,-21.4,0.16
1991-12-01,1991,12,"Tea, Kolkata",Beverages,($/kg),1.8,-5.76,-11.33,-31.03,-22.08,-0.46
1992-01-01,1992,1,"Tea, Kolkata",Beverages,($/kg),1.52,-15.56,-20.83,-39.68,-29.95,-1.38
1992-02-01,1992,2,"Tea, Kolkata",Beverages,($/kg),1.42,-6.58,-25.65,-34.86,-31.73,-0.29
1992-03-01,1992,3,"Tea, Kolkata",Beverages,($/kg),1.4,-1.41,-22.22,-32.04,-33.65,0.18
1992-04-01,1992,4,"Tea, Kolkata",Beverages,($/kg),1.48,5.71,-2.63,-31.8,-40.32,0.88
1992-05-01,1992,5,"Tea, Kolkata",Beverages,($/kg),1.98,33.78,39.44,-25.28,-21.74,3.78
1992-06-01,1992,6,"Tea, Kolkata",Beverages,($/kg),1.97,-0.51,40.71,-20.56,-19.59,0.1
1992-07-01,1992,7,"Tea, Kolkata",Beverages,($/kg),2.03,3.05,37.16,-8.14,-19.76,0.35
1992-08-01,1992,8,"Tea, Kolkata",Beverages,($/kg),1.8,-11.33,-9.09,-10.45,-23.08,-0.93
1992-09-01,1992,9,"Tea, Kolkata",Beverages,($/kg),1.65,-8.33,-16.24,-18.72,-27.31,-0.65
1992-10-01,1992,10,"Tea, Kolkata",Beverages,($/kg),1.66,0.61,-18.23,-13.54,-26.87,0.13
1992-11-01,1992,11,"Tea, Kolkata",Beverages,($/kg),1.63,-1.81,-9.44,-14.66,-27.23,-0.1
1992-12-01,1992,12,"Tea, Kolkata",Beverages,($/kg),1.73,6.13,4.85,-3.89,-16.02,0.55
1993-01-01,1993,1,"Tea, Kolkata",Beverages,($/kg),1.87,8.09,12.65,23.03,1.08,0.62
1993-02-01,1993,2,"Tea, Kolkata",Beverages,($/kg),2.17,16.04,33.13,52.82,19.23,1.19
1993-03-01,1993,3,"Tea, Kolkata",Beverages,($/kg),1.7,-21.66,-1.73,21.43,-2.86,-2.18
1993-04-01,1993,4,"Tea, Kolkata",Beverages,($/kg),1.77,4.12,-5.35,19.59,-0.56,0.12
1993-05-01,1993,5,"Tea, Kolkata",Beverages,($/kg),1.85,4.52,-14.75,-6.57,-18.86,0.16
1993-06-01,1993,6,"Tea, Kolkata",Beverages,($/kg),1.98,7.03,16.47,0.51,-13.54,0.72
1993-07-01,1993,7,"Tea, Kolkata",Beverages,($/kg),1.95,-1.52,10.17,-3.94,-17.72,-0.2
1993-08-01,1993,8,"Tea, Kolkata",Beverages,($/kg),1.84,-5.64,-0.54,2.22,-14.42,-0.57
1993-09-01,1993,9,"Tea, Kolkata",Beverages,($/kg),1.72,-6.52,-13.13,4.24,-13.57,-0.74
1993-10-01,1993,10,"Tea, Kolkata",Beverages,($/kg),1.69,-1.74,-13.33,1.81,-15.92,-0.27
1993-11-01,1993,11,"Tea, Kolkata",Beverages,($/kg),1.76,4.14,-4.35,7.98,-9.28,0.37
1993-12-01,1993,12,"Tea, Kolkata",Beverages,($/kg),1.83,3.98,6.4,5.78,-5.18,0.3
1994-01-01,1994,1,"Tea, Kolkata",Beverages,($/kg),1.74,-4.92,2.96,-6.95,-9.38,-0.62
1994-02-01,1994,2,"Tea, Kolkata",Beverages,($/kg),1.43,-17.82,-18.75,-34.1,-27.04,-1.9
1994-03-01,1994,3,"Tea, Kolkata",Beverages,($/kg),1.36,-4.9,-25.68,-20.0,-31.31,-0.21
1994-04-01,1994,4,"Tea, Kolkata",Beverages,($/kg),1.18,-13.24,-32.18,-33.33,-47.56,-1.67
1994-05-01,1994,5,"Tea, Kolkata",Beverages,($/kg),1.85,56.78,29.37,0.0,-26.59,8.02
1994-06-01,1994,6,"Tea, Kolkata",Beverages,($/kg),1.63,-11.89,19.85,-17.68,-28.19,-0.7
1994-07-01,1994,7,"Tea, Kolkata",Beverages,($/kg),1.85,13.5,56.78,-5.13,-25.7,0.72
1994-08-01,1994,8,"Tea, Kolkata",Beverages,($/kg),1.73,-6.49,-6.49,-5.98,-29.67,-0.38
1994-09-01,1994,9,"Tea, Kolkata",Beverages,($/kg),1.62,-6.36,-0.61,-5.81,-50.0,-0.37
1994-10-01,1994,10,"Tea, Kolkata",Beverages,($/kg),1.48,-8.64,-20.0,-12.43,-50.17,-0.49
1994-11-01,1994,11,"Tea, Kolkata",Beverages,($/kg),1.47,-0.68,-15.03,-16.48,-43.24,-0.05
1994-12-01,1994,12,"Tea, Kolkata",Beverages,($/kg),1.55,5.44,-4.32,-15.3,-37.75,0.28
1995-01-01,1995,1,"Tea, Kolkata",Beverages,($/kg),1.64,5.81,10.81,-5.75,-37.88,0.29
1995-02-01,1995,2,"Tea, Kolkata",Beverages,($/kg),1.5,-8.54,2.04,4.9,-45.85,-0.48
1995-03-01,1995,3,"Tea, Kolkata",Beverages,($/kg),1.34,-10.67,-13.55,-1.47,-48.66,-0.65
1995-04-01,1995,4,"Tea, Kolkata",Beverages,($/kg),1.39,3.73,-15.24,17.8,-51.57,0.13
1995-05-01,1995,5,"Tea, Kolkata",Beverages,($/kg),1.87,34.53,24.67,1.08,-43.33,1.7
1995-06-01,1995,6,"Tea, Kolkata",Beverages,($/kg),1.98,5.88,47.76,21.47,-35.92,0.38
1995-07-01,1995,7,"Tea, Kolkata",Beverages,($/kg),2.2,11.11,58.27,18.92,-28.34,0.7
1995-08-01,1995,8,"Tea, Kolkata",Beverages,($/kg),1.88,-14.55,0.53,8.67,-34.72,-1.33
1995-09-01,1995,9,"Tea, Kolkata",Beverages,($/kg),1.78,-5.32,-10.1,9.88,-36.43,-0.51
1995-10-01,1995,10,"Tea, Kolkata",Beverages,($/kg),1.79,0.56,-18.64,20.95,-36.3,-0.07
1995-11-01,1995,11,"Tea, Kolkata",Beverages,($/kg),1.84,2.79,-2.13,25.17,-18.22,0.04
1995-12-01,1995,12,"Tea, Kolkata",Beverages,($/kg),1.69,-8.15,-5.06,9.03,-35.25,-0.84
1996-01-01,1996,1,"Tea, Kolkata",Beverages,($/kg),1.48,-12.43,-17.32,-9.76,-41.27,-1.06
1996-02-01,1996,2,"Tea, Kolkata",Beverages,($/kg),1.42,-4.05,-22.83,-5.33,-34.86,-0.29
1996-03-01,1996,3,"Tea, Kolkata",Beverages,($/kg),1.41,-0.7,-16.57,5.22,-31.55,-0.07
1996-04-01,1996,4,"Tea, Kolkata",Beverages,($/kg),1.75,24.11,18.24,25.9,-19.35,1.78
1996-05-01,1996,5,"Tea, Kolkata",Beverages,($/kg),1.92,9.71,35.21,2.67,-27.55,0.47
1996-06-01,1996,6,"Tea, Kolkata",Beverages,($/kg),1.85,-3.65,31.21,-6.57,-25.4,-0.4
1996-07-01,1996,7,"Tea, Kolkata",Beverages,($/kg),2.14,15.68,22.29,-2.73,-3.17,1.45
1996-08-01,1996,8,"Tea, Kolkata",Beverages,($/kg),1.82,-14.95,-5.21,-3.19,-9.45,-1.35
1996-09-01,1996,9,"Tea, Kolkata",Beverages,($/kg),1.68,-7.69,-9.19,-5.62,-17.24,-0.7
1996-10-01,1996,10,"Tea, Kolkata",Beverages,($/kg),1.55,-7.74,-27.57,-13.41,-19.27,-0.68
1996-11-01,1996,11,"Tea, Kolkata",Beverages,($/kg),1.46,-5.81,-19.78,-20.65,-23.56,-0.44
1996-12-01,1996,12,"Tea, Kolkata",Beverages,($/kg),1.56,6.85,-7.14,-7.69,-13.33,0.69
1997-01-01,1997,1,"Tea, Kolkata",Beverages,($/kg),1.62,3.85,4.52,9.46,6.58,0.33
1997-02-01,1997,2,"Tea, Kolkata",Beverages,($/kg),1.6,-1.23,9.59,12.68,12.68,-0.23
1997-03-01,1997,3,"Tea, Kolkata",Beverages,($/kg),1.64,2.5,5.13,16.31,17.14,0.09
1997-04-01,1997,4,"Tea, Kolkata",Beverages,($/kg),1.75,6.71,8.02,0.0,18.24,0.44
1997-05-01,1997,5,"Tea, Kolkata",Beverages,($/kg),2.21,26.29,38.12,15.1,11.62,2.96
1997-06-01,1997,6,"Tea, Kolkata",Beverages,($/kg),2.3,4.07,40.24,24.32,16.75,0.21
1997-07-01,1997,7,"Tea, Kolkata",Beverages,($/kg),2.6,13.04,48.57,21.5,28.08,0.95
1997-08-01,1997,8,"Tea, Kolkata",Beverages,($/kg),2.43,-6.54,9.95,33.52,35.0,-0.8
1997-09-01,1997,9,"Tea, Kolkata",Beverages,($/kg),2.37,-2.47,3.04,41.07,43.64,-0.54
1997-10-01,1997,10,"Tea, Kolkata",Beverages,($/kg),2.38,0.42,-8.46,53.55,43.37,-0.3
1997-11-01,1997,11,"Tea, Kolkata",Beverages,($/kg),2.39,0.42,-1.65,63.7,46.63,-0.4
1997-12-01,1997,12,"Tea, Kolkata",Beverages,($/kg),2.47,3.35,4.22,58.33,42.77,-0.13
1998-01-01,1998,1,"Tea, Kolkata",Beverages,($/kg),2.5,1.21,5.04,54.32,33.69,-0.35
1998-02-01,1998,2,"Tea, Kolkata",Beverages,($/kg),2.37,-5.2,-0.84,48.12,9.22,-1.08
1998-03-01,1998,3,"Tea, Kolkata",Beverages,($/kg),2.08,-12.24,-15.79,26.83,22.35,-1.8
1998-04-01,1998,4,"Tea, Kolkata",Beverages,($/kg),2.44,17.31,-2.4,39.43,37.85,1.49
1998-05-01,1998,5,"Tea, Kolkata",Beverages,($/kg),2.31,-5.33,-2.53,4.52,24.86,-0.8
1998-06-01,1998,6,"Tea, Kolkata",Beverages,($/kg),2.13,-7.79,2.4,-7.39,7.58,-1.03
1998-07-01,1998,7,"Tea, Kolkata",Beverages,($/kg),2.28,7.04,-6.56,-12.31,16.92,0.87
1998-08-01,1998,8,"Tea, Kolkata",Beverages,($/kg),2.13,-6.58,-7.79,-12.35,15.76,-0.74
1998-09-01,1998,9,"Tea, Kolkata",Beverages,($/kg),2.03,-4.69,-4.69,-14.35,18.02,-0.5
1998-10-01,1998,10,"Tea, Kolkata",Beverages,($/kg),2.0,-1.48,-12.28,-15.97,18.34,-0.06
1998-11-01,1998,11,"Tea, Kolkata",Beverages,($/kg),1.93,-3.5,-9.39,-19.25,9.66,-0.3
1998-12-01,1998,12,"Tea, Kolkata",Beverages,($/kg),1.77,-8.29,-12.81,-28.34,-3.28,-0.86
1999-01-01,1999,1,"Tea, Kolkata",Beverages,($/kg),1.73,-2.26,-13.5,-30.8,-0.57,0.03
1999-02-01,1999,2,"Tea, Kolkata",Beverages,($/kg),1.66,-4.05,-13.99,-29.96,16.08,-0.17
1999-03-01,1999,3,"Tea, Kolkata",Beverages,($/kg),1.47,-11.45,-16.95,-29.33,8.09,-1.12
1999-04-01,1999,4,"Tea, Kolkata",Beverages,($/kg),1.81,23.13,4.62,-25.82,53.39,3.32
1999-05-01,1999,5,"Tea, Kolkata",Beverages,($/kg),2.6,43.65,56.63,12.55,40.54,5.0
1999-06-01,1999,6,"Tea, Kolkata",Beverages,($/kg),2.29,-11.92,55.78,7.51,40.49,-0.87
1999-07-01,1999,7,"Tea, Kolkata",Beverages,($/kg),2.41,5.24,33.15,5.7,30.27,0.22
1999-08-01,1999,8,"Tea, Kolkata",Beverages,($/kg),2.12,-12.03,-18.46,-0.47,22.54,-0.83
1999-09-01,1999,9,"Tea, Kolkata",Beverages,($/kg),2.21,4.25,-3.49,8.87,36.42,0.19
1999-10-01,1999,10,"Tea, Kolkata",Beverages,($/kg),2.31,4.52,-4.15,15.5,56.08,0.17
1999-11-01,1999,11,"Tea, Kolkata",Beverages,($/kg),2.21,-4.33,4.25,14.51,50.34,-0.4
1999-12-01,1999,12,"Tea, Kolkata",Beverages,($/kg),1.98,-10.41,-10.41,11.86,27.74,-0.77
2000-01-01,2000,1,"Tea, Kolkata",Beverages,($/kg),1.86,-6.06,-19.48,7.51,13.41,-0.49
2000-02-01,2000,2,"Tea, Kolkata",Beverages,($/kg),1.52,-18.28,-31.22,-8.43,1.33,-1.2
2000-03-01,2000,3,"Tea, Kolkata",Beverages,($/kg),1.37,-9.87,-30.81,-6.8,2.24,-0.59
2000-04-01,2000,4,"Tea, Kolkata",Beverages,($/kg),1.53,11.68,-17.74,-15.47,10.07,0.63
2000-05-01,2000,5,"Tea, Kolkata",Beverages,($/kg),2.2,43.79,44.74,-15.38,17.65,2.67
2000-06-01,2000,6,"Tea, Kolkata",Beverages,($/kg),1.97,-10.45,43.8,-13.97,-0.51,-0.62
2000-07-01,2000,7,"Tea, Kolkata",Beverages,($/kg),2.36,19.8,54.25,-2.07,7.27,1.21
2000-08-01,2000,8,"Tea, Kolkata",Beverages,($/kg),2.0,-15.25,-9.09,-5.66,6.38,-0.94
2000-09-01,2000,9,"Tea, Kolkata",Beverages,($/kg),1.9,-5.0,-3.55,-14.03,6.74,-0.33
2000-10-01,2000,10,"Tea, Kolkata",Beverages,($/kg),1.8,-5.26,-23.73,-22.08,0.56,-0.3
2000-11-01,2000,11,"Tea, Kolkata",Beverages,($/kg),1.58,-12.22,-21.0,-28.51,-14.13,-0.65
2000-12-01,2000,12,"Tea, Kolkata",Beverages,($/kg),1.59,0.63,-16.32,-19.7,-5.92,0.12
2001-01-01,2001,1,"Tea, Kolkata",Beverages,($/kg),1.81,13.84,0.56,-2.69,22.3,0.81
2001-02-01,2001,2,"Tea, Kolkata",Beverages,($/kg),1.61,-11.05,1.9,5.92,13.38,-0.67
2001-03-01,2001,3,"Tea, Kolkata",Beverages,($/kg),1.3,-19.25,-18.24,-5.11,-7.8,-1.2
2001-04-01,2001,4,"Tea, Kolkata",Beverages,($/kg),1.7,30.77,-6.08,11.11,-2.86,1.63
2001-05-01,2001,5,"Tea, Kolkata",Beverages,($/kg),1.83,7.65,13.66,-16.82,-4.69,0.26
2001-06-01,2001,6,"Tea, Kolkata",Beverages,($/kg),1.96,7.1,50.77,-0.51,5.95,0.49
2001-07-01,2001,7,"Tea, Kolkata",Beverages,($/kg),2.08,6.12,22.35,-11.86,-2.8,0.34
2001-08-01,2001,8,"Tea, Kolkata",Beverages,($/kg),1.75,-15.87,-4.37,-12.5,-3.85,-1.11
2001-09-01,2001,9,"Tea, Kolkata",Beverages,($/kg),1.61,-8.0,-17.86,-15.26,-4.17,-0.55
2001-10-01,2001,10,"Tea, Kolkata",Beverages,($/kg),1.37,-14.91,-34.13,-23.89,-11.61,-1.01
2001-11-01,2001,11,"Tea, Kolkata",Beverages,($/kg),1.41,2.92,-19.43,-10.76,-3.42,0.28
2001-12-01,2001,12,"Tea, Kolkata",Beverages,($/kg),1.49,5.67,-7.45,-6.29,-4.49,0.39
2002-01-01,2002,1,"Tea, Kolkata",Beverages,($/kg),1.29,-13.42,-5.84,-28.73,-20.37,-0.95
2002-02-01,2002,2,"Tea, Kolkata",Beverages,($/kg),1.16,-10.08,-17.73,-27.95,-27.5,-0.57
2002-03-01,2002,3,"Tea, Kolkata",Beverages,($/kg),1.03,-11.21,-30.87,-20.77,-37.2,-0.65
2002-04-01,2002,4,"Tea, Kolkata",Beverages,($/kg),1.35,31.07,4.65,-20.59,-22.86,2.35
2002-05-01,2002,5,"Tea, Kolkata",Beverages,($/kg),1.52,12.59,31.03,-16.94,-31.22,0.99
2002-06-01,2002,6,"Tea, Kolkata",Beverages,($/kg),1.74,14.47,68.93,-11.22,-24.35,1.07
2002-07-01,2002,7,"Tea, Kolkata",Beverages,($/kg),1.86,6.9,37.78,-10.58,-28.46,0.47
2002-08-01,2002,8,"Tea, Kolkata",Beverages,($/kg),1.56,-16.13,2.63,-10.86,-35.8,-1.1
2002-09-01,2002,9,"Tea, Kolkata",Beverages,($/kg),1.56,0.0,-10.34,-3.11,-34.18,0.0
2002-10-01,2002,10,"Tea, Kolkata",Beverages,($/kg),1.57,0.64,-15.59,14.6,-34.03,-0.0
2002-11-01,2002,11,"Tea, Kolkata",Beverages,($/kg),1.52,-3.18,-2.56,7.8,-36.4,-0.38
2002-12-01,2002,12,"Tea, Kolkata",Beverages,($/kg),1.43,-5.92,-8.33,-4.03,-42.11,-0.54
2003-01-01,2003,1,"Tea, Kolkata",Beverages,($/kg),1.45,1.4,-7.64,12.4,-42.0,0.07
2003-02-01,2003,2,"Tea, Kolkata",Beverages,($/kg),1.5,3.45,-1.32,29.31,-36.71,0.13
2003-03-01,2003,3,"Tea, Kolkata",Beverages,($/kg),1.21,-19.33,-15.38,17.48,-41.83,-1.77
2003-04-01,2003,4,"Tea, Kolkata",Beverages,($/kg),1.39,14.88,-4.14,2.96,-43.03,0.94
2003-05-01,2003,5,"Tea, Kolkata",Beverages,($/kg),1.42,2.16,-5.33,-6.58,-38.53,0.12
2003-06-01,2003,6,"Tea, Kolkata",Beverages,($/kg),1.54,8.45,27.27,-11.49,-27.7,0.82
2003-07-01,2003,7,"Tea, Kolkata",Beverages,($/kg),1.84,19.48,32.37,-1.08,-19.3,2.07
2003-08-01,2003,8,"Tea, Kolkata",Beverages,($/kg),1.49,-19.02,4.93,-4.49,-30.05,-1.75
2003-09-01,2003,9,"Tea, Kolkata",Beverages,($/kg),1.4,-6.04,-9.09,-10.26,-31.03,-0.54
2003-10-01,2003,10,"Tea, Kolkata",Beverages,($/kg),1.45,3.57,-21.2,-7.64,-27.5,0.33
2003-11-01,2003,11,"Tea, Kolkata",Beverages,($/kg),1.4,-3.45,-6.04,-7.89,-27.46,-0.29
2003-12-01,2003,12,"Tea, Kolkata",Beverages,($/kg),1.48,5.71,5.71,3.5,-16.38,0.49
2004-01-01,2004,1,"Tea, Kolkata",Beverages,($/kg),1.35,-8.78,-6.9,-6.9,-21.97,-0.83
2004-02-01,2004,2,"Tea, Kolkata",Beverages,($/kg),1.38,2.22,-1.43,-8.0,-16.87,0.18
2004-03-01,2004,3,"Tea, Kolkata",Beverages,($/kg),1.23,-10.87,-16.89,1.65,-16.33,-0.9
2004-04-01,2004,4,"Tea, Kolkata",Beverages,($/kg),1.76,43.09,30.37,26.62,-2.76,3.86
2004-05-01,2004,5,"Tea, Kolkata",Beverages,($/kg),1.77,0.57,28.26,24.65,-31.92,-0.15
2004-06-01,2004,6,"Tea, Kolkata",Beverages,($/kg),1.98,11.86,60.98,28.57,-13.54,0.56
2004-07-01,2004,7,"Tea, Kolkata",Beverages,($/kg),1.98,0.0,12.5,7.61,-17.84,-0.2
2004-08-01,2004,8,"Tea, Kolkata",Beverages,($/kg),1.93,-2.53,9.04,29.53,-8.96,-0.27
2004-09-01,2004,9,"Tea, Kolkata",Beverages,($/kg),1.89,-2.07,-4.55,35.0,-14.48,-0.36
2004-10-01,2004,10,"Tea, Kolkata",Beverages,($/kg),1.87,-1.06,-5.56,28.97,-19.05,-0.31
2004-11-01,2004,11,"Tea, Kolkata",Beverages,($/kg),1.86,-0.53,-3.63,32.86,-15.84,-0.24
2004-12-01,2004,12,"Tea, Kolkata",Beverages,($/kg),1.67,-10.22,-11.64,12.84,-15.66,-0.96
2005-01-01,2005,1,"Tea, Kolkata",Beverages,($/kg),1.39,-16.77,-25.67,2.96,-25.27,-1.29
2005-02-01,2005,2,"Tea, Kolkata",Beverages,($/kg),1.38,-0.72,-25.81,0.0,-9.21,-0.12
2005-03-01,2005,3,"Tea, Kolkata",Beverages,($/kg),1.34,-2.9,-19.76,8.94,-2.19,-0.25
2005-04-01,2005,4,"Tea, Kolkata",Beverages,($/kg),1.83,36.57,31.65,3.98,19.61,2.38
2005-05-01,2005,5,"Tea, Kolkata",Beverages,($/kg),1.65,-9.84,19.57,-6.78,-25.0,-0.83
2005-06-01,2005,6,"Tea, Kolkata",Beverages,($/kg),1.89,14.55,41.04,-4.55,-4.06,1.07
2005-07-01,2005,7,"Tea, Kolkata",Beverages,($/kg),1.98,4.76,8.2,0.0,-16.1,0.32
2005-08-01,2005,8,"Tea, Kolkata",Beverages,($/kg),1.71,-13.64,3.64,-11.4,-14.5,-1.05
2005-09-01,2005,9,"Tea, Kolkata",Beverages,($/kg),1.57,-8.19,-16.93,-16.93,-17.37,-0.56
2005-10-01,2005,10,"Tea, Kolkata",Beverages,($/kg),1.57,0.0,-20.71,-16.04,-12.78,0.05
2005-11-01,2005,11,"Tea, Kolkata",Beverages,($/kg),1.6,1.91,-6.43,-13.98,1.27,0.17
2005-12-01,2005,12,"Tea, Kolkata",Beverages,($/kg),1.54,-3.75,-1.91,-7.78,-3.14,-0.23
2006-01-01,2006,1,"Tea, Kolkata",Beverages,($/kg),1.51,-1.95,-3.82,8.63,-16.57,-0.15
2006-02-01,2006,2,"Tea, Kolkata",Beverages,($/kg),1.46,-3.31,-8.75,5.8,-9.32,-0.36
2006-03-01,2006,3,"Tea, Kolkata",Beverages,($/kg),1.34,-8.22,-12.99,0.0,3.08,-0.71
2006-04-01,2006,4,"Tea, Kolkata",Beverages,($/kg),1.85,38.06,22.52,1.09,8.82,2.76
2006-05-01,2006,5,"Tea, Kolkata",Beverages,($/kg),1.85,0.0,26.71,12.12,1.09,-0.06
2006-06-01,2006,6,"Tea, Kolkata",Beverages,($/kg),2.07,11.89,54.48,9.52,5.61,0.76
2006-07-01,2006,7,"Tea, Kolkata",Beverages,($/kg),2.03,-1.93,9.73,2.53,-2.4,-0.26
2006-08-01,2006,8,"Tea, Kolkata",Beverages,($/kg),1.88,-7.39,1.62,9.94,7.43,-0.63
2006-09-01,2006,9,"Tea, Kolkata",Beverages,($/kg),1.86,-1.06,-10.14,18.47,15.53,-0.2
2006-10-01,2006,10,"Tea, Kolkata",Beverages,($/kg),1.84,-1.08,-9.36,17.2,34.31,-0.25
2006-11-01,2006,11,"Tea, Kolkata",Beverages,($/kg),1.71,-7.07,-9.04,6.87,21.28,-0.72
2006-12-01,2006,12,"Tea, Kolkata",Beverages,($/kg),1.65,-3.51,-11.29,7.14,10.74,-0.37
2007-01-01,2007,1,"Tea, Kolkata",Beverages,($/kg),1.57,-4.85,-14.67,3.97,21.71,-0.48
2007-02-01,2007,2,"Tea, Kolkata",Beverages,($/kg),1.41,-10.19,-17.54,-3.42,21.55,-0.87
2007-03-01,2007,3,"Tea, Kolkata",Beverages,($/kg),1.27,-9.93,-23.03,-5.22,23.3,-0.78
2007-04-01,2007,4,"Tea, Kolkata",Beverages,($/kg),2.01,58.27,28.03,8.65,48.89,4.37
2007-05-01,2007,5,"Tea, Kolkata",Beverages,($/kg),2.0,-0.5,41.84,8.11,31.58,-0.13
2007-06-01,2007,6,"Tea, Kolkata",Beverages,($/kg),2.25,12.5,77.17,8.7,29.31,0.57
2007-07-01,2007,7,"Tea, Kolkata",Beverages,($/kg),2.27,0.89,12.94,11.82,22.04,-0.06
2007-08-01,2007,8,"Tea, Kolkata",Beverages,($/kg),2.05,-9.69,2.5,9.04,31.41,-0.64
2007-09-01,2007,9,"Tea, Kolkata",Beverages,($/kg),2.02,-1.46,-10.22,8.6,29.49,-0.18
2007-10-01,2007,10,"Tea, Kolkata",Beverages,($/kg),2.1,3.96,-7.49,14.13,33.76,0.11
2007-11-01,2007,11,"Tea, Kolkata",Beverages,($/kg),2.0,-4.76,-2.44,16.96,31.58,-0.38
2007-12-01,2007,12,"Tea, Kolkata",Beverages,($/kg),2.12,6.0,4.95,28.48,48.25,0.18
2008-01-01,2008,1,"Tea, Kolkata",Beverages,($/kg),1.94,-8.49,-7.62,23.57,33.79,-0.64
2008-02-01,2008,2,"Tea, Kolkata",Beverages,($/kg),1.73,-10.82,-13.5,22.7,15.33,-0.74
2008-03-01,2008,3,"Tea, Kolkata",Beverages,($/kg),1.63,-5.78,-23.11,28.35,34.71,-0.47
2008-04-01,2008,4,"Tea, Kolkata",Beverages,($/kg),2.35,44.17,21.13,16.92,69.06,2.19
2008-05-01,2008,5,"Tea, Kolkata",Beverages,($/kg),2.37,0.85,36.99,18.5,66.9,-0.09
2008-06-01,2008,6,"Tea, Kolkata",Beverages,($/kg),2.6,9.7,59.51,15.56,68.83,0.5
2008-07-01,2008,7,"Tea, Kolkata",Beverages,($/kg),2.74,5.38,16.6,20.7,48.91,0.23
2008-08-01,2008,8,"Tea, Kolkata",Beverages,($/kg),2.63,-4.01,10.97,28.29,76.51,-0.44
2008-09-01,2008,9,"Tea, Kolkata",Beverages,($/kg),2.45,-6.84,-5.77,21.29,75.0,-0.68
2008-10-01,2008,10,"Tea, Kolkata",Beverages,($/kg),2.32,-5.31,-15.33,10.48,60.0,-0.53
2008-11-01,2008,11,"Tea, Kolkata",Beverages,($/kg),2.19,-5.6,-16.73,9.5,56.43,-0.49
2008-12-01,2008,12,"Tea, Kolkata",Beverages,($/kg),2.09,-4.57,-14.69,-1.42,41.22,-0.42
2009-01-01,2009,1,"Tea, Kolkata",Beverages,($/kg),1.91,-8.61,-17.67,-1.55,41.48,-0.63
2009-02-01,2009,2,"Tea, Kolkata",Beverages,($/kg),1.75,-8.38,-20.09,1.16,26.81,-0.61
2009-03-01,2009,3,"Tea, Kolkata",Beverages,($/kg),1.67,-4.57,-20.1,2.45,35.77,-0.37
2009-04-01,2009,4,"Tea, Kolkata",Beverages,($/kg),2.44,46.11,27.75,3.83,38.64,3.07
2009-05-01,2009,5,"Tea, Kolkata",Beverages,($/kg),2.89,18.44,65.14,21.94,63.28,1.14
2009-06-01,2009,6,"Tea, Kolkata",Beverages,($/kg),2.8,-3.11,67.66,7.69,41.41,-0.36
2009-07-01,2009,7,"Tea, Kolkata",Beverages,($/kg),2.74,-2.14,12.3,0.0,38.38,-0.23
2009-08-01,2009,8,"Tea, Kolkata",Beverages,($/kg),2.71,-1.09,-6.23,3.04,40.41,-0.13
2009-09-01,2009,9,"Tea, Kolkata",Beverages,($/kg),2.74,1.11,-2.14,11.84,44.97,-0.01
2009-10-01,2009,10,"Tea, Kolkata",Beverages,($/kg),2.94,7.3,7.3,26.72,57.22,0.35
2009-11-01,2009,11,"Tea, Kolkata",Beverages,($/kg),2.91,-1.02,7.38,32.88,56.45,-0.25
2009-12-01,2009,12,"Tea, Kolkata",Beverages,($/kg),2.68,-7.9,-2.19,28.23,60.48,-0.73
2010-01-01,2010,1,"Tea, Kolkata",Beverages,($/kg),2.44,-8.96,-17.01,27.75,75.54,-0.77
2010-02-01,2010,2,"Tea, Kolkata",Beverages,($/kg),2.29,-6.15,-21.31,30.86,65.94,-0.59
2010-03-01,2010,3,"Tea, Kolkata",Beverages,($/kg),1.74,-24.02,-35.07,4.19,29.85,-1.76
2010-04-01,2010,4,"Tea, Kolkata",Beverages,($/kg),2.45,40.8,0.41,0.41,33.88,2.28
2010-05-01,2010,5,"Tea, Kolkata",Beverages,($/kg),2.85,16.33,24.45,-1.38,72.73,0.95
2010-06-01,2010,6,"Tea, Kolkata",Beverages,($/kg),2.92,2.46,67.82,4.29,54.5,0.1
2010-07-01,2010,7,"Tea, Kolkata",Beverages,($/kg),3.23,10.62,31.84,17.88,63.13,0.59
2010-08-01,2010,8,"Tea, Kolkata",Beverages,($/kg),3.2,-0.93,12.28,18.08,87.13,-0.21
2010-09-01,2010,9,"Tea, Kolkata",Beverages,($/kg),3.18,-0.62,8.9,16.06,102.55,-0.19
2010-10-01,2010,10,"Tea, Kolkata",Beverages,($/kg),3.25,2.2,0.62,10.54,107.01,-0.01
2010-11-01,2010,11,"Tea, Kolkata",Beverages,($/kg),3.17,-2.46,-0.94,8.93,98.12,-0.27
2010-12-01,2010,12,"Tea, Kolkata",Beverages,($/kg),2.94,-7.26,-7.55,9.7,90.91,-0.57
2011-01-01,2011,1,"Tea, Kolkata",Beverages,($/kg),2.61,-11.22,-19.69,6.97,72.85,-0.82
2011-02-01,2011,2,"Tea, Kolkata",Beverages,($/kg),2.3,-11.88,-27.44,0.44,57.53,-0.84
2011-03-01,2011,3,"Tea, Kolkata",Beverages,($/kg),1.96,-14.78,-33.33,12.64,46.27,-0.98
2011-04-01,2011,4,"Tea, Kolkata",Beverages,($/kg),3.03,54.59,16.09,23.67,63.78,3.45
2011-05-01,2011,5,"Tea, Kolkata",Beverages,($/kg),3.14,3.63,36.52,10.18,69.73,0.03
2011-06-01,2011,6,"Tea, Kolkata",Beverages,($/kg),3.23,2.87,64.8,10.62,56.04,0.05
2011-07-01,2011,7,"Tea, Kolkata",Beverages,($/kg),3.41,5.57,12.54,5.57,67.98,0.19
2011-08-01,2011,8,"Tea, Kolkata",Beverages,($/kg),3.11,-8.8,-0.96,-2.81,65.43,-0.58
2011-09-01,2011,9,"Tea, Kolkata",Beverages,($/kg),2.86,-8.04,-11.46,-10.06,53.76,-0.5
2011-10-01,2011,10,"Tea, Kolkata",Beverages,($/kg),2.78,-2.8,-18.48,-14.46,51.09,-0.17
2011-11-01,2011,11,"Tea, Kolkata",Beverages,($/kg),2.55,-8.27,-18.01,-19.56,49.12,-0.45
2011-12-01,2011,12,"Tea, Kolkata",Beverages,($/kg),2.36,-7.45,-17.48,-19.73,43.03,-0.37
2012-01-01,2012,1,"Tea, Kolkata",Beverages,($/kg),2.28,-3.39,-17.99,-12.64,45.22,-0.15
2012-02-01,2012,2,"Tea, Kolkata",Beverages,($/kg),2.09,-8.33,-18.04,-9.13,48.23,-0.46
2012-03-01,2012,3,"Tea, Kolkata",Beverages,($/kg),1.79,-14.35,-24.15,-8.67,40.94,-0.82
2012-04-01,2012,4,"Tea, Kolkata",Beverages,($/kg),2.39,33.52,4.82,-21.12,18.91,1.83
2012-05-01,2012,5,"Tea, Kolkata",Beverages,($/kg),3.18,33.05,52.15,1.27,59.0,2.75
2012-06-01,2012,6,"Tea, Kolkata",Beverages,($/kg),3.12,-1.89,74.3,-3.41,38.67,-0.19
2012-07-01,2012,7,"Tea, Kolkata",Beverages,($/kg),3.11,-0.32,30.13,-8.8,37.0,-0.07
2012-08-01,2012,8,"Tea, Kolkata",Beverages,($/kg),3.2,2.89,0.63,2.89,56.1,0.17
2012-09-01,2012,9,"Tea, Kolkata",Beverages,($/kg),3.09,-3.44,-0.96,8.04,52.97,-0.3
2012-10-01,2012,10,"Tea, Kolkata",Beverages,($/kg),2.99,-3.24,-3.86,7.55,42.38,-0.31
2012-11-01,2012,11,"Tea, Kolkata",Beverages,($/kg),2.89,-3.34,-9.69,13.33,44.5,-0.32
2012-12-01,2012,12,"Tea, Kolkata",Beverages,($/kg),2.86,-1.04,-7.44,21.19,34.91,-0.2
2013-01-01,2013,1,"Tea, Kolkata",Beverages,($/kg),2.62,-8.39,-12.37,14.91,35.05,-0.73
2013-02-01,2013,2,"Tea, Kolkata",Beverages,($/kg),2.53,-3.44,-12.46,21.05,46.24,-0.36
2013-03-01,2013,3,"Tea, Kolkata",Beverages,($/kg),2.55,0.79,-10.84,42.46,56.44,-0.11
2013-04-01,2013,4,"Tea, Kolkata",Beverages,($/kg),2.91,14.12,11.07,21.76,23.83,0.74
2013-05-01,2013,5,"Tea, Kolkata",Beverages,($/kg),3.18,9.28,25.69,0.0,34.18,0.64
2013-06-01,2013,6,"Tea, Kolkata",Beverages,($/kg),3.03,-4.72,18.82,-2.88,16.54,-0.8
2013-07-01,2013,7,"Tea, Kolkata",Beverages,($/kg),3.04,0.33,4.47,-2.25,10.95,0.06
2013-08-01,2013,8,"Tea, Kolkata",Beverages,($/kg),2.71,-10.86,-14.78,-15.31,3.04,-1.73
2013-09-01,2013,9,"Tea, Kolkata",Beverages,($/kg),2.55,-5.9,-15.84,-17.48,4.08,-0.69
2013-10-01,2013,10,"Tea, Kolkata",Beverages,($/kg),2.62,2.75,-13.82,-12.37,12.93,0.58
2013-11-01,2013,11,"Tea, Kolkata",Beverages,($/kg),2.52,-3.82,-7.01,-12.8,15.07,-0.42
2013-12-01,2013,12,"Tea, Kolkata",Beverages,($/kg),2.55,1.19,0.0,-10.84,22.01,0.3
2014-01-01,2014,1,"Tea, Kolkata",Beverages,($/kg),2.16,-15.29,-17.56,-17.56,13.09,-2.04
2014-02-01,2014,2,"Tea, Kolkata",Beverages,($/kg),1.85,-14.35,-26.59,-26.88,5.71,-1.62
2014-03-01,2014,3,"Tea, Kolkata",Beverages,($/kg),1.8,-2.7,-29.41,-29.41,7.78,-0.06
2014-04-01,2014,4,"Tea, Kolkata",Beverages,($/kg),2.38,32.22,10.19,-18.21,-2.46,3.94
2014-05-01,2014,5,"Tea, Kolkata",Beverages,($/kg),2.98,25.21,61.08,-6.29,3.11,2.07
2014-06-01,2014,6,"Tea, Kolkata",Beverages,($/kg),3.06,2.68,70.0,0.99,9.29,0.16
2014-07-01,2014,7,"Tea, Kolkata",Beverages,($/kg),3.29,7.52,38.24,8.22,20.07,0.45
2014-08-01,2014,8,"Tea, Kolkata",Beverages,($/kg),2.86,-13.07,-4.03,5.54,5.54,-1.0
2014-09-01,2014,9,"Tea, Kolkata",Beverages,($/kg),2.65,-7.34,-13.4,3.92,-3.28,-0.59
2014-10-01,2014,10,"Tea, Kolkata",Beverages,($/kg),2.61,-1.51,-20.67,-0.38,-11.22,-0.19
2014-11-01,2014,11,"Tea, Kolkata",Beverages,($/kg),2.71,3.83,-5.24,7.54,-6.87,0.2
2014-12-01,2014,12,"Tea, Kolkata",Beverages,($/kg),2.62,-3.32,-1.13,2.75,-2.24,-0.33
2015-01-01,2015,1,"Tea, Kolkata",Beverages,($/kg),2.28,-12.98,-12.64,5.56,-6.56,-0.95
2015-02-01,2015,2,"Tea, Kolkata",Beverages,($/kg),1.84,-19.3,-32.1,-0.54,-19.65,-1.41
2015-03-01,2015,3,"Tea, Kolkata",Beverages,($/kg),1.42,-22.83,-45.8,-21.11,-18.39,-1.57
2015-04-01,2015,4,"Tea, Kolkata",Beverages,($/kg),2.13,50.0,-6.58,-10.5,-13.06,3.05
2015-05-01,2015,5,"Tea, Kolkata",Beverages,($/kg),2.6,22.07,41.3,-12.75,-8.77,1.05
2015-06-01,2015,6,"Tea, Kolkata",Beverages,($/kg),2.71,4.23,90.85,-11.44,-7.19,0.19
2015-07-01,2015,7,"Tea, Kolkata",Beverages,($/kg),2.86,5.54,34.27,-13.07,-11.46,0.25
2015-08-01,2015,8,"Tea, Kolkata",Beverages,($/kg),2.8,-2.1,7.69,-2.1,-12.5,-0.13
2015-09-01,2015,9,"Tea, Kolkata",Beverages,($/kg),2.59,-7.5,-4.43,-2.26,-18.55,-0.46
2015-10-01,2015,10,"Tea, Kolkata",Beverages,($/kg),2.54,-1.93,-11.19,-2.68,-21.85,-0.17
2015-11-01,2015,11,"Tea, Kolkata",Beverages,($/kg),2.49,-1.97,-11.07,-8.12,-21.45,-0.17
2015-12-01,2015,12,"Tea, Kolkata",Beverages,($/kg),2.45,-1.61,-5.41,-6.49,-16.67,-0.12
2016-01-01,2016,1,"Tea, Kolkata",Beverages,($/kg),2.08,-15.1,-18.11,-8.77,-20.31,-0.83
2016-02-01,2016,2,"Tea, Kolkata",Beverages,($/kg),1.75,-15.87,-29.72,-4.89,-23.91,-0.85
2016-03-01,2016,3,"Tea, Kolkata",Beverages,($/kg),1.77,1.14,-27.76,24.65,-9.69,0.0
2016-04-01,2016,4,"Tea, Kolkata",Beverages,($/kg),2.51,41.81,20.67,17.84,-17.16,2.18
2016-05-01,2016,5,"Tea, Kolkata",Beverages,($/kg),2.43,-3.19,38.86,-6.54,-22.61,-0.35
2016-06-01,2016,6,"Tea, Kolkata",Beverages,($/kg),2.58,6.17,45.76,-4.8,-20.12,0.4
2016-07-01,2016,7,"Tea, Kolkata",Beverages,($/kg),2.7,4.65,7.57,-5.59,-20.82,0.29
2016-08-01,2016,8,"Tea, Kolkata",Beverages,($/kg),2.56,-5.19,5.35,-8.57,-17.68,-0.38
2016-09-01,2016,9,"Tea, Kolkata",Beverages,($/kg),2.44,-4.69,-5.43,-5.79,-14.69,-0.33
2016-10-01,2016,10,"Tea, Kolkata",Beverages,($/kg),2.39,-2.05,-11.48,-5.91,-14.03,-0.16
2016-11-01,2016,11,"Tea, Kolkata",Beverages,($/kg),2.41,0.84,-5.86,-3.21,-5.49,0.03
2016-12-01,2016,12,"Tea, Kolkata",Beverages,($/kg),2.36,-2.07,-3.28,-3.67,0.0,-0.18
2017-01-01,2017,1,"Tea, Kolkata",Beverages,($/kg),2.14,-9.32,-10.46,2.88,-6.14,-0.67
2017-02-01,2017,2,"Tea, Kolkata",Beverages,($/kg),1.85,-13.55,-23.24,5.71,-11.48,-1.03
2017-03-01,2017,3,"Tea, Kolkata",Beverages,($/kg),1.69,-8.65,-28.39,-4.52,-5.59,-0.71
2017-04-01,2017,4,"Tea, Kolkata",Beverages,($/kg),2.18,28.99,1.87,-13.15,-8.79,2.01
2017-05-01,2017,5,"Tea, Kolkata",Beverages,($/kg),2.63,20.64,42.16,8.23,-17.3,1.95
2017-06-01,2017,6,"Tea, Kolkata",Beverages,($/kg),2.63,0.0,55.62,1.94,-15.71,-0.11
2017-07-01,2017,7,"Tea, Kolkata",Beverages,($/kg),2.83,7.6,29.82,4.81,-9.0,0.55
2017-08-01,2017,8,"Tea, Kolkata",Beverages,($/kg),2.77,-2.12,5.32,8.2,-13.44,-0.25
2017-09-01,2017,9,"Tea, Kolkata",Beverages,($/kg),2.62,-5.42,-0.38,7.38,-15.21,-0.54
2017-10-01,2017,10,"Tea, Kolkata",Beverages,($/kg),2.64,0.76,-6.71,10.46,-11.71,-0.04
2017-11-01,2017,11,"Tea, Kolkata",Beverages,($/kg),2.61,-1.14,-5.78,8.3,-9.69,-0.21
2017-12-01,2017,12,"Tea, Kolkata",Beverages,($/kg),2.5,-4.21,-4.58,5.93,-12.59,-0.45
2018-01-01,2018,1,"Tea, Kolkata",Beverages,($/kg),2.19,-12.4,-17.05,2.34,-16.41,-1.09
2018-02-01,2018,2,"Tea, Kolkata",Beverages,($/kg),1.91,-12.79,-26.82,3.24,-24.51,-1.07
2018-03-01,2018,3,"Tea, Kolkata",Beverages,($/kg),1.75,-8.38,-30.0,3.55,-31.37,-0.74
2018-04-01,2018,4,"Tea, Kolkata",Beverages,($/kg),2.28,30.29,4.11,4.59,-21.65,2.32
2018-05-01,2018,5,"Tea, Kolkata",Beverages,($/kg),2.69,17.98,40.84,2.28,-15.41,1.31
2018-06-01,2018,6,"Tea, Kolkata",Beverages,($/kg),2.69,0.0,53.71,2.28,-11.22,-0.07
2018-07-01,2018,7,"Tea, Kolkata",Beverages,($/kg),2.76,2.6,21.05,-2.47,-9.21,0.14
2018-08-01,2018,8,"Tea, Kolkata",Beverages,($/kg),2.59,-6.16,-3.72,-6.5,-4.43,-0.53
2018-09-01,2018,9,"Tea, Kolkata",Beverages,($/kg),2.35,-9.27,-12.64,-10.31,-7.84,-0.75
2018-10-01,2018,10,"Tea, Kolkata",Beverages,($/kg),2.31,-1.7,-16.3,-12.5,-11.83,-0.12
2018-11-01,2018,11,"Tea, Kolkata",Beverages,($/kg),2.39,3.46,-7.72,-8.43,-5.16,0.31
2018-12-01,2018,12,"Tea, Kolkata",Beverages,($/kg),2.39,0.0,1.7,-4.4,-6.27,0.0
2019-01-01,2019,1,"Tea, Kolkata",Beverages,($/kg),2.12,-11.3,-8.23,-3.2,-1.85,-0.91
2019-02-01,2019,2,"Tea, Kolkata",Beverages,($/kg),1.72,-18.87,-28.03,-9.95,-7.03,-1.53
2019-03-01,2019,3,"Tea, Kolkata",Beverages,($/kg),1.63,-5.23,-31.8,-6.86,-9.44,-0.39
2019-04-01,2019,4,"Tea, Kolkata",Beverages,($/kg),2.35,44.17,10.85,3.07,-1.26,3.35
2019-05-01,2019,5,"Tea, Kolkata",Beverages,($/kg),2.71,15.32,57.56,0.74,-9.06,0.86
2019-06-01,2019,6,"Tea, Kolkata",Beverages,($/kg),2.75,1.48,68.71,2.23,-10.13,0.02
2019-07-01,2019,7,"Tea, Kolkata",Beverages,($/kg),2.9,5.45,23.4,5.07,-11.85,0.26
2019-08-01,2019,8,"Tea, Kolkata",Beverages,($/kg),2.71,-6.55,0.0,4.63,-5.24,-0.5
2019-09-01,2019,9,"Tea, Kolkata",Beverages,($/kg),2.53,-6.64,-8.0,7.66,-4.53,-0.5
2019-10-01,2019,10,"Tea, Kolkata",Beverages,($/kg),2.46,-2.77,-15.17,6.49,-5.75,-0.28
2019-11-01,2019,11,"Tea, Kolkata",Beverages,($/kg),2.36,-4.07,-12.92,-1.26,-12.92,-0.35
2019-12-01,2019,12,"Tea, Kolkata",Beverages,($/kg),2.28,-3.39,-9.88,-4.6,-12.98,-0.27
2020-01-01,2020,1,"Tea, Kolkata",Beverages,($/kg),1.97,-13.6,-19.92,-7.08,-13.6,-0.88
2020-02-01,2020,2,"Tea, Kolkata",Beverages,($/kg),1.6,-18.78,-32.2,-6.98,-13.04,-1.18
2020-03-01,2020,3,"Tea, Kolkata",Beverages,($/kg),1.33,-16.87,-41.67,-18.4,-6.34,-1.07
2020-04-01,2020,4,"Tea, Kolkata",Beverages,($/kg),1.3,-2.26,-34.01,-44.68,-38.97,-0.1
2020-05-01,2020,5,"Tea, Kolkata",Beverages,($/kg),1.79,37.69,11.87,-33.95,-31.15,4.45
2020-06-01,2020,6,"Tea, Kolkata",Beverages,($/kg),3.35,87.15,151.88,21.82,23.62,6.17
2020-07-01,2020,7,"Tea, Kolkata",Beverages,($/kg),3.99,19.1,206.92,37.59,39.51,0.49
2020-08-01,2020,8,"Tea, Kolkata",Beverages,($/kg),4.07,2.01,127.37,50.18,45.36,-0.12
2020-09-01,2020,9,"Tea, Kolkata",Beverages,($/kg),3.86,-5.16,15.22,52.57,49.03,-0.39
2020-10-01,2020,10,"Tea, Kolkata",Beverages,($/kg),3.5,-9.33,-12.28,42.28,37.8,-0.53
2020-11-01,2020,11,"Tea, Kolkata",Beverages,($/kg),2.88,-17.71,-29.24,22.03,15.66,-0.79
2020-12-01,2020,12,"Tea, Kolkata",Beverages,($/kg),2.6,-9.72,-32.64,14.04,6.12,-0.48
2021-01-01,2021,1,"Tea, Kolkata",Beverages,($/kg),2.62,0.77,-25.14,32.99,25.96,-0.12
2021-02-01,2021,2,"Tea, Kolkata",Beverages,($/kg),2.33,-11.07,-19.1,45.63,33.14,-0.55
2021-03-01,2021,3,"Tea, Kolkata",Beverages,($/kg),2.02,-13.3,-22.31,51.88,14.12,-0.65
2021-04-01,2021,4,"Tea, Kolkata",Beverages,($/kg),2.88,42.57,9.92,121.54,14.74,1.21
2021-05-01,2021,5,"Tea, Kolkata",Beverages,($/kg),3.14,9.03,34.76,75.42,29.22,-0.04
2021-06-01,2021,6,"Tea, Kolkata",Beverages,($/kg),3.34,6.37,65.35,-0.3,29.46,-0.05
2021-07-01,2021,7,"Tea, Kolkata",Beverages,($/kg),3.2,-4.19,11.11,-19.8,18.52,-0.32
2021-08-01,2021,8,"Tea, Kolkata",Beverages,($/kg),3.0,-6.25,-4.46,-26.29,17.19,-0.34
2021-09-01,2021,9,"Tea, Kolkata",Beverages,($/kg),2.98,-0.67,-10.78,-22.8,22.13,0.05
2021-10-01,2021,10,"Tea, Kolkata",Beverages,($/kg),2.88,-3.36,-10.0,-17.71,20.5,-0.14
2021-11-01,2021,11,"Tea, Kolkata",Beverages,($/kg),2.91,1.04,-3.0,1.04,20.75,0.11
2021-12-01,2021,12,"Tea, Kolkata",Beverages,($/kg),2.67,-8.25,-10.4,2.69,13.14,-0.62
2022-01-01,2022,1,"Tea, Kolkata",Beverages,($/kg),2.4,-10.11,-16.67,-8.4,12.15,-0.76
2022-02-01,2022,2,"Tea, Kolkata",Beverages,($/kg),2.07,-13.75,-28.87,-11.16,11.89,-0.93
2022-03-01,2022,3,"Tea, Kolkata",Beverages,($/kg),1.96,-5.31,-26.59,-2.97,15.98,-0.34
2022-04-01,2022,4,"Tea, Kolkata",Beverages,($/kg),3.11,58.67,29.58,7.99,42.66,3.94
2022-05-01,2022,5,"Tea, Kolkata",Beverages,($/kg),2.87,-7.72,38.65,-8.6,9.13,-0.51
2022-06-01,2022,6,"Tea, Kolkata",Beverages,($/kg),3.27,13.94,66.84,-2.1,24.33,0.7
2022-07-01,2022,7,"Tea, Kolkata",Beverages,($/kg),3.55,8.56,14.15,10.94,25.44,0.38
2022-08-01,2022,8,"Tea, Kolkata",Beverages,($/kg),3.54,-0.28,23.34,18.0,27.8,-0.13
2022-09-01,2022,9,"Tea, Kolkata",Beverages,($/kg),3.15,-11.02,-3.67,5.7,20.23,-0.71
2022-10-01,2022,10,"Tea, Kolkata",Beverages,($/kg),2.83,-10.16,-20.28,-1.74,7.2,-0.61
2022-11-01,2022,11,"Tea, Kolkata",Beverages,($/kg),2.85,0.71,-19.49,-2.06,9.2,-0.03
2022-12-01,2022,12,"Tea, Kolkata",Beverages,($/kg),2.42,-15.09,-23.17,-9.36,-3.2,-0.82
2023-01-01,2023,1,"Tea, Kolkata",Beverages,($/kg),1.94,-19.83,-31.45,-19.17,-11.42,-1.01
2023-02-01,2023,2,"Tea, Kolkata",Beverages,($/kg),1.86,-4.12,-34.74,-10.14,-2.62,-0.19
2023-03-01,2023,3,"Tea, Kolkata",Beverages,($/kg),1.85,-0.54,-23.55,-5.61,5.71,-0.06
2023-04-01,2023,4,"Tea, Kolkata",Beverages,($/kg),2.63,42.16,35.57,-15.43,15.35,2.0
2023-05-01,2023,5,"Tea, Kolkata",Beverages,($/kg),2.47,-6.08,32.8,-13.94,-8.18,-0.35
2023-06-01,2023,6,"Tea, Kolkata",Beverages,($/kg),2.76,11.74,49.19,-15.6,2.6,0.73
2023-07-01,2023,7,"Tea, Kolkata",Beverages,($/kg),2.86,3.62,8.75,-19.44,3.62,0.24
2023-08-01,2023,8,"Tea, Kolkata",Beverages,($/kg),2.68,-6.29,8.5,-24.29,3.47,-0.35
2023-09-01,2023,9,"Tea, Kolkata",Beverages,($/kg),2.65,-1.12,-3.99,-15.87,12.77,0.01
2023-10-01,2023,10,"Tea, Kolkata",Beverages,($/kg),2.62,-1.13,-8.39,-7.42,13.42,-0.05
2023-11-01,2023,11,"Tea, Kolkata",Beverages,($/kg),2.62,0.0,-2.24,-8.07,9.62,-0.02
2023-12-01,2023,12,"Tea, Kolkata",Beverages,($/kg),2.28,-12.98,-13.96,-5.79,-4.6,-0.85
2024-01-01,2024,1,"Tea, Kolkata",Beverages,($/kg),1.76,-22.81,-32.82,-9.28,-16.98,-1.52
2024-02-01,2024,2,"Tea, Kolkata",Beverages,($/kg),1.62,-7.95,-38.17,-12.9,-5.81,-0.52
2024-03-01,2024,3,"Tea, Kolkata",Beverages,($/kg),1.57,-3.09,-31.14,-15.14,-3.68,-0.19
2024-04-01,2024,4,"Tea, Kolkata",Beverages,($/kg),2.66,69.43,51.14,1.14,13.19,4.4
2024-05-01,2024,5,"Tea, Kolkata",Beverages,($/kg),3.13,17.67,93.21,26.72,15.5,0.69
2024-06-01,2024,6,"Tea, Kolkata",Beverages,($/kg),3.36,7.35,114.01,21.74,22.18,0.15
2024-07-01,2024,7,"Tea, Kolkata",Beverages,($/kg),3.59,6.85,34.96,25.52,23.79,0.14
2024-08-01,2024,8,"Tea, Kolkata",Beverages,($/kg),3.46,-3.62,10.54,29.1,27.68,-0.32
2024-09-01,2024,9,"Tea, Kolkata",Beverages,($/kg),3.61,4.34,7.44,36.23,42.69,0.01
2024-10-01,2024,10,"Tea, Kolkata",Beverages,($/kg),3.31,-8.31,-7.8,26.34,34.55,-0.56
2024-11-01,2024,11,"Tea, Kolkata",Beverages,($/kg),3.07,-7.25,-11.27,17.18,30.08,-0.48
2024-12-01,2024,12,"Tea, Kolkata",Beverages,($/kg),2.56,-16.61,-29.09,12.28,12.28,-0.85
2025-01-01,2025,1,"Tea, Kolkata",Beverages,($/kg),2.0,-21.88,-39.58,13.64,1.52,-1.05
2025-02-01,2025,2,"Tea, Kolkata",Beverages,($/kg),1.8,-10.0,-41.37,11.11,12.5,-0.56
2025-03-01,2025,3,"Tea, Kolkata",Beverages,($/kg),1.77,-1.67,-30.86,12.74,33.08,-0.19
2025-04-01,2025,4,"Tea, Kolkata",Beverages,($/kg),2.65,49.72,32.5,-0.38,103.85,1.98
2025-05-01,2025,5,"Tea, Kolkata",Beverages,($/kg),3.25,22.64,80.56,3.83,81.56,1.13
2025-06-01,2025,6,"Tea, Kolkata",Beverages,($/kg),3.22,-0.92,81.92,-4.17,-3.88,-0.14
2025-07-01,2025,7,"Tea, Kolkata",Beverages,($/kg),3.22,0.0,21.51,-10.31,-19.3,-0.06
2025-08-01,2025,8,"Tea, Kolkata",Beverages,($/kg),3.0,-6.83,-7.69,-13.29,-26.29,-0.39
2025-09-01,2025,9,"Tea, Kolkata",Beverages,($/kg),2.72,-9.33,-15.53,-24.65,-29.53,-0.5
2025-10-01,2025,10,"Tea, Kolkata",Beverages,($/kg),2.86,5.15,-11.18,-13.6,-18.29,0.31
2025-11-01,2025,11,"Tea, Kolkata",Beverages,($/kg),2.7,-5.59,-10.0,-12.05,-6.25,-0.3
2025-12-01,2025,12,"Tea, Kolkata",Beverages,($/kg),2.42,-10.37,-11.03,-5.47,-6.92,-0.56
2026-01-01,2026,1,"Tea, Kolkata",Beverages,($/kg),2.12,-12.4,-25.87,6.0,-19.08,-0.71
2026-02-01,2026,2,"Tea, Kolkata",Beverages,($/kg),2.01,-5.19,-25.56,11.67,-13.73,-0.39
2026-03-01,2026,3,"Tea, Kolkata",Beverages,($/kg),2.08,3.48,-14.05,17.51,2.97,0.08
2026-04-01,2026,4,"Tea, Kolkata",Beverages,($/kg),2.37,13.94,11.79,-10.57,-17.71,0.65
2026-05-01,2026,5,"Tea, Kolkata",Beverages,($/kg),3.12,31.65,55.22,-4.0,-0.64,3.08
2026-06-01,2026,6,"Tea, Kolkata",Beverages,($/kg),3.14,0.64,50.96,-2.48,-5.99,0.03
2026-07-01,2026,7,"Tea, Kolkata",Beverages,($/kg),3.14,0.0,32.49,-2.48,-1.88,-0.03
2026-08-01,2026,8,"Tea, Kolkata",Beverages,($/kg),2.85,-9.24,-8.65,-5.0,-5.0,-0.78
2026-09-01,2026,9,"Tea, Kolkata",Beverages,($/kg),2.53,-11.23,-19.43,-6.99,-15.1,-0.91
1960-01-01,1960,1,"Tea, Mombasa",Beverages,($/kg),1.04,,,,,
1960-02-01,1960,2,"Tea, Mombasa",Beverages,($/kg),1.04,0.0,,,,
1960-03-01,1960,3,"Tea, Mombasa",Beverages,($/kg),1.04,0.0,,,,
1960-04-01,1960,4,"Tea, Mombasa",Beverages,($/kg),1.04,0.0,0.0,,,
1960-05-01,1960,5,"Tea, Mombasa",Beverages,($/kg),1.04,0.0,0.0,,,
1960-06-01,1960,6,"Tea, Mombasa",Beverages,($/kg),1.04,0.0,0.0,,,
1960-07-01,1960,7,"Tea, Mombasa",Beverages,($/kg),1.04,0.0,0.0,,,
1960-08-01,1960,8,"Tea, Mombasa",Beverages,($/kg),1.04,0.0,0.0,,,0.0
1960-09-01,1960,9,"Tea, Mombasa",Beverages,($/kg),1.04,0.0,0.0,,,0.0
1960-10-01,1960,10,"Tea, Mombasa",Beverages,($/kg),1.04,0.0,0.0,,,0.0
1960-11-01,1960,11,"Tea, Mombasa",Beverages,($/kg),1.04,0.0,0.0,,,0.0
1960-12-01,1960,12,"Tea, Mombasa",Beverages,($/kg),1.04,0.0,0.0,,,0.0
1961-01-01,1961,1,"Tea, Mombasa",Beverages,($/kg),0.98,-5.77,-5.77,-5.77,,0.0
1961-02-01,1961,2,"Tea, Mombasa",Beverages,($/kg),0.98,0.0,-5.77,-5.77,,0.29
1961-03-01,1961,3,"Tea, Mombasa",Beverages,($/kg),0.98,0.0,-5.77,-5.77,,0.29
1961-04-01,1961,4,"Tea, Mombasa",Beverages,($/kg),0.98,0.0,0.0,-5.77,,0.29
1961-05-01,1961,5,"Tea, Mombasa",Beverages,($/kg),0.98,0.0,0.0,-5.77,,0.29
1961-06-01,1961,6,"Tea, Mombasa",Beverages,($/kg),0.98,0.0,0.0,-5.77,,0.29
1961-07-01,1961,7,"Tea, Mombasa",Beverages,($/kg),0.98,0.0,0.0,-5.77,,0.29
1961-08-01,1961,8,"Tea, Mombasa",Beverages,($/kg),0.98,0.0,0.0,-5.77,,0.29
1961-09-01,1961,9,"Tea, Mombasa",Beverages,($/kg),0.98,0.0,0.0,-5.77,,0.29
1961-10-01,1961,10,"Tea, Mombasa",Beverages,($/kg),0.98,0.0,0.0,-5.77,,0.29
1961-11-01,1961,11,"Tea, Mombasa",Beverages,($/kg),0.98,0.0,0.0,-5.77,,0.29
1961-12-01,1961,12,"Tea, Mombasa",Beverages,($/kg),0.98,0.0,0.0,-5.77,,0.29
1962-01-01,1962,1,"Tea, Mombasa",Beverages,($/kg),0.95,-3.06,-3.06,-3.06,,-1.55
1962-02-01,1962,2,"Tea, Mombasa",Beverages,($/kg),0.95,0.0,-3.06,-3.06,,0.29
1962-03-01,1962,3,"Tea, Mombasa",Beverages,($/kg),0.95,0.0,-3.06,-3.06,,0.29
1962-04-01,1962,4,"Tea, Mombasa",Beverages,($/kg),0.95,0.0,0.0,-3.06,,0.29
1962-05-01,1962,5,"Tea, Mombasa",Beverages,($/kg),0.95,0.0,0.0,-3.06,,0.29
1962-06-01,1962,6,"Tea, Mombasa",Beverages,($/kg),0.95,0.0,0.0,-3.06,,0.29
1962-07-01,1962,7,"Tea, Mombasa",Beverages,($/kg),0.95,0.0,0.0,-3.06,,0.29
1962-08-01,1962,8,"Tea, Mombasa",Beverages,($/kg),0.95,0.0,0.0,-3.06,,0.29
1962-09-01,1962,9,"Tea, Mombasa",Beverages,($/kg),0.95,0.0,0.0,-3.06,,0.29
1962-10-01,1962,10,"Tea, Mombasa",Beverages,($/kg),0.95,0.0,0.0,-3.06,,0.29
1962-11-01,1962,11,"Tea, Mombasa",Beverages,($/kg),0.95,0.0,0.0,-3.06,,0.29
1962-12-01,1962,12,"Tea, Mombasa",Beverages,($/kg),0.95,0.0,0.0,-3.06,,0.29
1963-01-01,1963,1,"Tea, Mombasa",Beverages,($/kg),0.96,1.05,1.05,1.05,,1.48
1963-02-01,1963,2,"Tea, Mombasa",Beverages,($/kg),0.96,0.0,1.05,1.05,,-0.29
1963-03-01,1963,3,"Tea, Mombasa",Beverages,($/kg),0.96,0.0,1.05,1.05,,-0.29
1963-04-01,1963,4,"Tea, Mombasa",Beverages,($/kg),0.96,0.0,0.0,1.05,,-0.29
1963-05-01,1963,5,"Tea, Mombasa",Beverages,($/kg),0.96,0.0,0.0,1.05,,-0.29
1963-06-01,1963,6,"Tea, Mombasa",Beverages,($/kg),0.96,0.0,0.0,1.05,,-0.29
1963-07-01,1963,7,"Tea, Mombasa",Beverages,($/kg),0.96,0.0,0.0,1.05,,-0.29
1963-08-01,1963,8,"Tea, Mombasa",Beverages,($/kg),0.96,0.0,0.0,1.05,,-0.29
1963-09-01,1963,9,"Tea, Mombasa",Beverages,($/kg),0.96,0.0,0.0,1.05,,-0.29
1963-10-01,1963,10,"Tea, Mombasa",Beverages,($/kg),0.96,0.0,0.0,1.05,,-0.29
1963-11-01,1963,11,"Tea, Mombasa",Beverages,($/kg),0.96,0.0,0.0,1.05,,-0.29
1963-12-01,1963,12,"Tea, Mombasa",Beverages,($/kg),0.96,0.0,0.0,1.05,,-0.29
1964-01-01,1964,1,"Tea, Mombasa",Beverages,($/kg),0.92,-4.17,-4.17,-4.17,,-14.0
1964-02-01,1964,2,"Tea, Mombasa",Beverages,($/kg),0.92,0.0,-4.17,-4.17,,0.29
1964-03-01,1964,3,"Tea, Mombasa",Beverages,($/kg),0.92,0.0,-4.17,-4.17,,0.29
1964-04-01,1964,4,"Tea, Mombasa",Beverages,($/kg),0.92,0.0,0.0,-4.17,,0.29
1964-05-01,1964,5,"Tea, Mombasa",Beverages,($/kg),0.92,0.0,0.0,-4.17,,0.29
1964-06-01,1964,6,"Tea, Mombasa",Beverages,($/kg),0.92,0.0,0.0,-4.17,,0.29
1964-07-01,1964,7,"Tea, Mombasa",Beverages,($/kg),0.92,0.0,0.0,-4.17,,0.29
1964-08-01,1964,8,"Tea, Mombasa",Beverages,($/kg),0.92,0.0,0.0,-4.17,,0.29
1964-09-01,1964,9,"Tea, Mombasa",Beverages,($/kg),0.92,0.0,0.0,-4.17,,0.29
1964-10-01,1964,10,"Tea, Mombasa",Beverages,($/kg),0.92,0.0,0.0,-4.17,,0.29
1964-11-01,1964,11,"Tea, Mombasa",Beverages,($/kg),0.92,0.0,0.0,-4.17,,0.29
1964-12-01,1964,12,"Tea, Mombasa",Beverages,($/kg),0.92,0.0,0.0,-4.17,,0.29
1965-01-01,1965,1,"Tea, Mombasa",Beverages,($/kg),1.01,9.78,9.78,9.78,-2.88,8.42
1965-02-01,1965,2,"Tea, Mombasa",Beverages,($/kg),1.01,0.0,9.78,9.78,-2.88,-0.29
1965-03-01,1965,3,"Tea, Mombasa",Beverages,($/kg),1.01,0.0,9.78,9.78,-2.88,-0.29
1965-04-01,1965,4,"Tea, Mombasa",Beverages,($/kg),1.01,0.0,0.0,9.78,-2.88,-0.29
1965-05-01,1965,5,"Tea, Mombasa",Beverages,($/kg),1.01,0.0,0.0,9.78,-2.88,-0.29
1965-06-01,1965,6,"Tea, Mombasa",Beverages,($/kg),1.01,0.0,0.0,9.78,-2.88,-0.29
1965-07-01,1965,7,"Tea, Mombasa",Beverages,($/kg),1.01,0.0,0.0,9.78,-2.88,-0.29
1965-08-01,1965,8,"Tea, Mombasa",Beverages,($/kg),1.01,0.0,0.0,9.78,-2.88,-0.29
1965-09-01,1965,9,"Tea, Mombasa",Beverages,($/kg),1.01,0.0,0.0,9.78,-2.88,-0.29
1965-10-01,1965,10,"Tea, Mombasa",Beverages,($/kg),1.01,0.0,0.0,9.78,-2.88,-0.29
1965-11-01,1965,11,"Tea, Mombasa",Beverages,($/kg),1.01,0.0,0.0,9.78,-2.88,-0.29
1965-12-01,1965,12,"Tea, Mombasa",Beverages,($/kg),1.01,0.0,0.0,9.78,-2.88,-0.29
1966-01-01,1966,1,"Tea, Mombasa",Beverages,($/kg),0.91,-9.9,-9.9,-9.9,-7.14,-3.79
1966-02-01,1966,2,"Tea, Mombasa",Beverages,($/kg),0.91,0.0,-9.9,-9.9,-7.14,0.29
1966-03-01,1966,3,"Tea, Mombasa",Beverages,($/kg),0.91,0.0,-9.9,-9.9,-7.14,0.29
1966-04-01,1966,4,"Tea, Mombasa",Beverages,($/kg),0.91,0.0,0.0,-9.9,-7.14,0.29
1966-05-01,1966,5,"Tea, Mombasa",Beverages,($/kg),0.91,0.0,0.0,-9.9,-7.14,0.29
1966-06-01,1966,6,"Tea, Mombasa",Beverages,($/kg),0.91,0.0,0.0,-9.9,-7.14,0.29
1966-07-01,1966,7,"Tea, Mombasa",Beverages,($/kg),0.91,0.0,0.0,-9.9,-7.14,0.29
1966-08-01,1966,8,"Tea, Mombasa",Beverages,($/kg),0.91,0.0,0.0,-9.9,-7.14,0.29
1966-09-01,1966,9,"Tea, Mombasa",Beverages,($/kg),0.91,0.0,0.0,-9.9,-7.14,0.29
1966-10-01,1966,10,"Tea, Mombasa",Beverages,($/kg),0.91,0.0,0.0,-9.9,-7.14,0.29
1966-11-01,1966,11,"Tea, Mombasa",Beverages,($/kg),0.91,0.0,0.0,-9.9,-7.14,0.29
1966-12-01,1966,12,"Tea, Mombasa",Beverages,($/kg),0.91,0.0,0.0,-9.9,-7.14,0.29
1967-01-01,1967,1,"Tea, Mombasa",Beverages,($/kg),0.99,8.79,8.79,8.79,4.21,3.36
1967-02-01,1967,2,"Tea, Mombasa",Beverages,($/kg),0.99,0.0,8.79,8.79,4.21,-0.29
1967-03-01,1967,3,"Tea, Mombasa",Beverages,($/kg),0.99,0.0,8.79,8.79,4.21,-0.29
1967-04-01,1967,4,"Tea, Mombasa",Beverages,($/kg),0.99,0.0,0.0,8.79,4.21,-0.29
1967-05-01,1967,5,"Tea, Mombasa",Beverages,($/kg),0.99,0.0,0.0,8.79,4.21,-0.29
1967-06-01,1967,6,"Tea, Mombasa",Beverages,($/kg),0.99,0.0,0.0,8.79,4.21,-0.29
1967-07-01,1967,7,"Tea, Mombasa",Beverages,($/kg),0.99,0.0,0.0,8.79,4.21,-0.29
1967-08-01,1967,8,"Tea, Mombasa",Beverages,($/kg),0.99,0.0,0.0,8.79,4.21,-0.29
1967-09-01,1967,9,"Tea, Mombasa",Beverages,($/kg),0.99,0.0,0.0,8.79,4.21,-0.29
1967-10-01,1967,10,"Tea, Mombasa",Beverages,($/kg),0.99,0.0,0.0,8.79,4.21,-0.29
1967-11-01,1967,11,"Tea, Mombasa",Beverages,($/kg),0.99,0.0,0.0,8.79,4.21,-0.29
1967-12-01,1967,12,"Tea, Mombasa",Beverages,($/kg),0.99,0.0,0.0,8.79,4.21,-0.29
1968-01-01,1968,1,"Tea, Mombasa",Beverages,($/kg),0.84,-15.15,-15.15,-15.15,-12.5,-6.26
1968-02-01,1968,2,"Tea, Mombasa",Beverages,($/kg),0.84,0.0,-15.15,-15.15,-12.5,0.29
1968-03-01,1968,3,"Tea, Mombasa",Beverages,($/kg),0.84,0.0,-15.15,-15.15,-12.5,0.29
1968-04-01,1968,4,"Tea, Mombasa",Beverages,($/kg),0.84,0.0,0.0,-15.15,-12.5,0.29
1968-05-01,1968,5,"Tea, Mombasa",Beverages,($/kg),0.84,0.0,0.0,-15.15,-12.5,0.29
1968-06-01,1968,6,"Tea, Mombasa",Beverages,($/kg),0.84,0.0,0.0,-15.15,-12.5,0.29
1968-07-01,1968,7,"Tea, Mombasa",Beverages,($/kg),0.84,0.0,0.0,-15.15,-12.5,0.29
1968-08-01,1968,8,"Tea, Mombasa",Beverages,($/kg),0.84,0.0,0.0,-15.15,-12.5,0.29
1968-09-01,1968,9,"Tea, Mombasa",Beverages,($/kg),0.84,0.0,0.0,-15.15,-12.5,0.29
1968-10-01,1968,10,"Tea, Mombasa",Beverages,($/kg),0.84,0.0,0.0,-15.15,-12.5,0.29
1968-11-01,1968,11,"Tea, Mombasa",Beverages,($/kg),0.84,0.0,0.0,-15.15,-12.5,0.29
1968-12-01,1968,12,"Tea, Mombasa",Beverages,($/kg),0.84,0.0,0.0,-15.15,-12.5,0.29
1969-01-01,1969,1,"Tea, Mombasa",Beverages,($/kg),0.72,-14.29,-14.29,-14.29,-21.74,-2.98
1969-02-01,1969,2,"Tea, Mombasa",Beverages,($/kg),0.72,0.0,-14.29,-14.29,-21.74,0.29
1969-03-01,1969,3,"Tea, Mombasa",Beverages,($/kg),0.72,0.0,-14.29,-14.29,-21.74,0.29
1969-04-01,1969,4,"Tea, Mombasa",Beverages,($/kg),0.72,0.0,0.0,-14.29,-21.74,0.29
1969-05-01,1969,5,"Tea, Mombasa",Beverages,($/kg),0.72,0.0,0.0,-14.29,-21.74,0.29
1969-06-01,1969,6,"Tea, Mombasa",Beverages,($/kg),0.72,0.0,0.0,-14.29,-21.74,0.29
1969-07-01,1969,7,"Tea, Mombasa",Beverages,($/kg),0.72,0.0,0.0,-14.29,-21.74,0.29
1969-08-01,1969,8,"Tea, Mombasa",Beverages,($/kg),0.72,0.0,0.0,-14.29,-21.74,0.29
1969-09-01,1969,9,"Tea, Mombasa",Beverages,($/kg),0.72,0.0,0.0,-14.29,-21.74,0.29
1969-10-01,1969,10,"Tea, Mombasa",Beverages,($/kg),0.72,0.0,0.0,-14.29,-21.74,0.29
1969-11-01,1969,11,"Tea, Mombasa",Beverages,($/kg),0.72,0.0,0.0,-14.29,-21.74,0.29
1969-12-01,1969,12,"Tea, Mombasa",Beverages,($/kg),0.72,0.0,0.0,-14.29,-21.74,0.29
1970-01-01,1970,1,"Tea, Mombasa",Beverages,($/kg),0.89,23.61,23.61,23.61,-11.88,6.01
1970-02-01,1970,2,"Tea, Mombasa",Beverages,($/kg),0.89,0.0,23.61,23.61,-11.88,-0.29
1970-03-01,1970,3,"Tea, Mombasa",Beverages,($/kg),0.89,0.0,23.61,23.61,-11.88,-0.29
1970-04-01,1970,4,"Tea, Mombasa",Beverages,($/kg),0.89,0.0,0.0,23.61,-11.88,-0.29
1970-05-01,1970,5,"Tea, Mombasa",Beverages,($/kg),0.89,0.0,0.0,23.61,-11.88,-0.29
1970-06-01,1970,6,"Tea, Mombasa",Beverages,($/kg),0.89,0.0,0.0,23.61,-11.88,-0.29
1970-07-01,1970,7,"Tea, Mombasa",Beverages,($/kg),0.89,0.0,0.0,23.61,-11.88,-0.29
1970-08-01,1970,8,"Tea, Mombasa",Beverages,($/kg),0.89,0.0,0.0,23.61,-11.88,-0.29
1970-09-01,1970,9,"Tea, Mombasa",Beverages,($/kg),0.89,0.0,0.0,23.61,-11.88,-0.29
1970-10-01,1970,10,"Tea, Mombasa",Beverages,($/kg),0.89,0.0,0.0,23.61,-11.88,-0.29
1970-11-01,1970,11,"Tea, Mombasa",Beverages,($/kg),0.89,0.0,0.0,23.61,-11.88,-0.29
1970-12-01,1970,12,"Tea, Mombasa",Beverages,($/kg),0.89,0.0,0.0,23.61,-11.88,-0.29
1971-01-01,1971,1,"Tea, Mombasa",Beverages,($/kg),0.9,1.12,1.12,1.12,-1.1,-0.12
1971-02-01,1971,2,"Tea, Mombasa",Beverages,($/kg),0.9,0.0,1.12,1.12,-1.1,-0.29
1971-03-01,1971,3,"Tea, Mombasa",Beverages,($/kg),0.9,0.0,1.12,1.12,-1.1,-0.29
1971-04-01,1971,4,"Tea, Mombasa",Beverages,($/kg),0.9,0.0,0.0,1.12,-1.1,-0.29
1971-05-01,1971,5,"Tea, Mombasa",Beverages,($/kg),0.9,0.0,0.0,1.12,-1.1,-0.29
1971-06-01,1971,6,"Tea, Mombasa",Beverages,($/kg),0.9,0.0,0.0,1.12,-1.1,-0.29
1971-07-01,1971,7,"Tea, Mombasa",Beverages,($/kg),0.9,0.0,0.0,1.12,-1.1,-0.29
1971-08-01,1971,8,"Tea, Mombasa",Beverages,($/kg),0.9,0.0,0.0,1.12,-1.1,-0.29
1971-09-01,1971,9,"Tea, Mombasa",Beverages,($/kg),0.9,0.0,0.0,1.12,-1.1,-0.29
1971-10-01,1971,10,"Tea, Mombasa",Beverages,($/kg),0.9,0.0,0.0,1.12,-1.1,-0.29
1971-11-01,1971,11,"Tea, Mombasa",Beverages,($/kg),0.9,0.0,0.0,1.12,-1.1,-0.29
1971-12-01,1971,12,"Tea, Mombasa",Beverages,($/kg),0.9,0.0,0.0,1.12,-1.1,-0.29
1972-01-01,1972,1,"Tea, Mombasa",Beverages,($/kg),0.81,-10.0,-10.0,-10.0,-18.18,-31.12
1972-02-01,1972,2,"Tea, Mombasa",Beverages,($/kg),0.81,0.0,-10.0,-10.0,-18.18,0.29
1972-03-01,1972,3,"Tea, Mombasa",Beverages,($/kg),0.81,0.0,-10.0,-10.0,-18.18,0.29
1972-04-01,1972,4,"Tea, Mombasa",Beverages,($/kg),0.81,0.0,0.0,-10.0,-18.18,0.29
1972-05-01,1972,5,"Tea, Mombasa",Beverages,($/kg),0.81,0.0,0.0,-10.0,-18.18,0.29
1972-06-01,1972,6,"Tea, Mombasa",Beverages,($/kg),0.81,0.0,0.0,-10.0,-18.18,0.29
1972-07-01,1972,7,"Tea, Mombasa",Beverages,($/kg),0.81,0.0,0.0,-10.0,-18.18,0.29
1972-08-01,1972,8,"Tea, Mombasa",Beverages,($/kg),0.81,0.0,0.0,-10.0,-18.18,0.29
1972-09-01,1972,9,"Tea, Mombasa",Beverages,($/kg),0.81,0.0,0.0,-10.0,-18.18,0.29
1972-10-01,1972,10,"Tea, Mombasa",Beverages,($/kg),0.81,0.0,0.0,-10.0,-18.18,0.29
1972-11-01,1972,11,"Tea, Mombasa",Beverages,($/kg),0.81,0.0,0.0,-10.0,-18.18,0.29
1972-12-01,1972,12,"Tea, Mombasa",Beverages,($/kg),0.81,0.0,0.0,-10.0,-18.18,0.29
1973-01-01,1973,1,"Tea, Mombasa",Beverages,($/kg),0.82,1.23,1.23,1.23,-2.38,0.72
1973-02-01,1973,2,"Tea, Mombasa",Beverages,($/kg),0.82,0.0,1.23,1.23,-2.38,-0.29
1973-03-01,1973,3,"Tea, Mombasa",Beverages,($/kg),0.82,0.0,1.23,1.23,-2.38,-0.29
1973-04-01,1973,4,"Tea, Mombasa",Beverages,($/kg),0.82,0.0,0.0,1.23,-2.38,-0.29
1973-05-01,1973,5,"Tea, Mombasa",Beverages,($/kg),0.82,0.0,0.0,1.23,-2.38,-0.29
1973-06-01,1973,6,"Tea, Mombasa",Beverages,($/kg),0.85,3.66,3.66,4.94,1.19,9.98
1973-07-01,1973,7,"Tea, Mombasa",Beverages,($/kg),0.85,0.0,3.66,4.94,1.19,-0.38
1973-08-01,1973,8,"Tea, Mombasa",Beverages,($/kg),0.85,0.0,3.66,4.94,1.19,-0.38
1973-09-01,1973,9,"Tea, Mombasa",Beverages,($/kg),0.85,0.0,0.0,4.94,1.19,-0.38
1973-10-01,1973,10,"Tea, Mombasa",Beverages,($/kg),0.85,0.0,0.0,4.94,1.19,-0.38
1973-11-01,1973,11,"Tea, Mombasa",Beverages,($/kg),0.85,0.0,0.0,4.94,1.19,-0.38
1973-12-01,1973,12,"Tea, Mombasa",Beverages,($/kg),0.85,0.0,0.0,4.94,1.19,-0.38
1974-01-01,1974,1,"Tea, Mombasa",Beverages,($/kg),1.14,34.12,34.12,39.02,58.33,31.11
1974-02-01,1974,2,"Tea, Mombasa",Beverages,($/kg),1.14,0.0,34.12,39.02,58.33,-0.32
1974-03-01,1974,3,"Tea, Mombasa",Beverages,($/kg),1.14,0.0,34.12,39.02,58.33,-0.32
1974-04-01,1974,4,"Tea, Mombasa",Beverages,($/kg),1.14,0.0,0.0,39.02,58.33,-0.32
1974-05-01,1974,5,"Tea, Mombasa",Beverages,($/kg),1.14,0.0,0.0,39.02,58.33,-0.32
1974-06-01,1974,6,"Tea, Mombasa",Beverages,($/kg),1.14,0.0,0.0,34.12,58.33,-0.32
1974-07-01,1974,7,"Tea, Mombasa",Beverages,($/kg),1.14,0.0,0.0,34.12,58.33,-0.29
1974-08-01,1974,8,"Tea, Mombasa",Beverages,($/kg),1.14,0.0,0.0,34.12,58.33,-0.29
1974-09-01,1974,9,"Tea, Mombasa",Beverages,($/kg),1.14,0.0,0.0,34.12,58.33,-0.29
1974-10-01,1974,10,"Tea, Mombasa",Beverages,($/kg),1.14,0.0,0.0,34.12,58.33,-0.29
1974-11-01,1974,11,"Tea, Mombasa",Beverages,($/kg),1.14,0.0,0.0,34.12,58.33,-0.29
1974-12-01,1974,12,"Tea, Mombasa",Beverages,($/kg),1.14,0.0,0.0,34.12,58.33,-0.29
1975-01-01,1975,1,"Tea, Mombasa",Beverages,($/kg),1.12,-1.75,-1.75,-1.75,25.84,-0.47
1975-02-01,1975,2,"Tea, Mombasa",Beverages,($/kg),1.12,0.0,-1.75,-1.75,25.84,0.29
1975-03-01,1975,3,"Tea, Mombasa",Beverages,($/kg),1.12,0.0,-1.75,-1.75,25.84,0.29
1975-04-01,1975,4,"Tea, Mombasa",Beverages,($/kg),1.12,0.0,0.0,-1.75,25.84,0.29
1975-05-01,1975,5,"Tea, Mombasa",Beverages,($/kg),1.12,0.0,0.0,-1.75,25.84,0.29
1975-06-01,1975,6,"Tea, Mombasa",Beverages,($/kg),1.12,0.0,0.0,-1.75,25.84,0.29
1975-07-01,1975,7,"Tea, Mombasa",Beverages,($/kg),1.12,0.0,0.0,-1.75,25.84,0.29
1975-08-01,1975,8,"Tea, Mombasa",Beverages,($/kg),1.12,0.0,0.0,-1.75,25.84,0.29
1975-09-01,1975,9,"Tea, Mombasa",Beverages,($/kg),1.12,0.0,0.0,-1.75,25.84,0.29
1975-10-01,1975,10,"Tea, Mombasa",Beverages,($/kg),1.09,-2.68,-2.68,-4.39,22.47,-5.0
1975-11-01,1975,11,"Tea, Mombasa",Beverages,($/kg),0.98,-10.09,-12.5,-14.04,10.11,-10.99
1975-12-01,1975,12,"Tea, Mombasa",Beverages,($/kg),0.97,-1.02,-13.39,-14.91,8.99,0.06
1976-01-01,1976,1,"Tea, Mombasa",Beverages,($/kg),1.23,26.8,12.84,9.82,36.67,9.66
1976-02-01,1976,2,"Tea, Mombasa",Beverages,($/kg),1.23,0.0,25.51,9.82,36.67,-0.13
1976-03-01,1976,3,"Tea, Mombasa",Beverages,($/kg),1.22,-0.81,25.77,8.93,35.56,-0.22
1976-04-01,1976,4,"Tea, Mombasa",Beverages,($/kg),1.21,-0.82,-1.63,8.04,34.44,-0.21
1976-05-01,1976,5,"Tea, Mombasa",Beverages,($/kg),1.21,0.0,-1.63,8.04,34.44,-0.11
1976-06-01,1976,6,"Tea, Mombasa",Beverages,($/kg),1.2,-0.83,-1.64,7.14,33.33,-0.21
1976-07-01,1976,7,"Tea, Mombasa",Beverages,($/kg),1.21,0.83,0.0,8.04,34.44,-0.01
1976-08-01,1976,8,"Tea, Mombasa",Beverages,($/kg),1.21,0.0,0.0,8.04,34.44,-0.11
1976-09-01,1976,9,"Tea, Mombasa",Beverages,($/kg),1.21,0.0,0.83,8.04,34.44,-0.11
1976-10-01,1976,10,"Tea, Mombasa",Beverages,($/kg),1.22,0.83,0.83,11.93,35.56,-0.01
1976-11-01,1976,11,"Tea, Mombasa",Beverages,($/kg),1.22,0.0,0.83,24.49,35.56,-0.14
1976-12-01,1976,12,"Tea, Mombasa",Beverages,($/kg),1.22,0.0,0.83,25.77,35.56,-0.27
1977-01-01,1977,1,"Tea, Mombasa",Beverages,($/kg),2.08,70.49,70.49,69.11,156.79,8.78
1977-02-01,1977,2,"Tea, Mombasa",Beverages,($/kg),2.08,0.0,70.49,69.11,156.79,-0.29
1977-03-01,1977,3,"Tea, Mombasa",Beverages,($/kg),2.08,0.0,70.49,70.49,156.79,-0.29
1977-04-01,1977,4,"Tea, Mombasa",Beverages,($/kg),2.09,0.48,0.48,72.73,158.02,-0.27
1977-05-01,1977,5,"Tea, Mombasa",Beverages,($/kg),2.09,0.0,0.48,72.73,158.02,-0.29
1977-06-01,1977,6,"Tea, Mombasa",Beverages,($/kg),2.09,0.0,0.48,74.17,158.02,-0.29
1977-07-01,1977,7,"Tea, Mombasa",Beverages,($/kg),2.11,0.96,0.96,74.38,160.49,-0.25
1977-08-01,1977,8,"Tea, Mombasa",Beverages,($/kg),2.1,-0.47,0.48,73.55,159.26,-0.32
1977-09-01,1977,9,"Tea, Mombasa",Beverages,($/kg),2.09,-0.48,0.0,72.73,158.02,-0.32
1977-10-01,1977,10,"Tea, Mombasa",Beverages,($/kg),2.11,0.96,0.0,72.95,160.49,-0.25
1977-11-01,1977,11,"Tea, Mombasa",Beverages,($/kg),2.13,0.95,1.43,74.59,162.96,-0.25
1977-12-01,1977,12,"Tea, Mombasa",Beverages,($/kg),2.16,1.41,3.35,77.05,166.67,-0.23
1978-01-01,1978,1,"Tea, Mombasa",Beverages,($/kg),1.56,-27.78,-26.07,-25.0,90.24,-1.68
1978-02-01,1978,2,"Tea, Mombasa",Beverages,($/kg),1.57,0.64,-26.29,-24.52,91.46,0.32
1978-03-01,1978,3,"Tea, Mombasa",Beverages,($/kg),1.58,0.64,-26.85,-24.04,92.68,0.32
1978-04-01,1978,4,"Tea, Mombasa",Beverages,($/kg),1.59,0.63,1.92,-23.92,93.9,0.31
1978-05-01,1978,5,"Tea, Mombasa",Beverages,($/kg),1.56,-1.89,-0.64,-25.36,90.24,-0.0
1978-06-01,1978,6,"Tea, Mombasa",Beverages,($/kg),1.58,1.28,0.0,-24.4,85.88,0.41
1978-07-01,1978,7,"Tea, Mombasa",Beverages,($/kg),1.61,1.9,1.26,-23.7,89.41,0.47
1978-08-01,1978,8,"Tea, Mombasa",Beverages,($/kg),1.63,1.24,4.49,-22.38,91.76,0.38
1978-09-01,1978,9,"Tea, Mombasa",Beverages,($/kg),1.64,0.61,3.8,-21.53,92.94,0.28
1978-10-01,1978,10,"Tea, Mombasa",Beverages,($/kg),1.68,2.44,4.35,-20.38,97.65,0.49
1978-11-01,1978,11,"Tea, Mombasa",Beverages,($/kg),1.66,-1.19,1.84,-22.07,95.29,0.04
1978-12-01,1978,12,"Tea, Mombasa",Beverages,($/kg),1.65,-0.6,0.61,-23.61,94.12,0.13
1979-01-01,1979,1,"Tea, Mombasa",Beverages,($/kg),1.63,-1.21,-2.98,4.49,42.98,0.08
1979-02-01,1979,2,"Tea, Mombasa",Beverages,($/kg),1.62,-0.61,-2.41,3.18,42.11,-0.74
1979-03-01,1979,3,"Tea, Mombasa",Beverages,($/kg),1.62,0.0,-1.82,2.53,42.11,-0.2
1979-04-01,1979,4,"Tea, Mombasa",Beverages,($/kg),1.62,0.0,-0.61,1.89,42.11,-0.16
1979-05-01,1979,5,"Tea, Mombasa",Beverages,($/kg),1.6,-1.23,-1.23,2.56,40.35,-1.04
1979-06-01,1979,6,"Tea, Mombasa",Beverages,($/kg),1.61,0.63,-0.62,1.9,41.23,0.32
1979-07-01,1979,7,"Tea, Mombasa",Beverages,($/kg),1.64,1.86,1.23,1.86,43.86,1.38
1979-08-01,1979,8,"Tea, Mombasa",Beverages,($/kg),1.64,0.0,2.5,0.61,43.86,-0.13
1979-09-01,1979,9,"Tea, Mombasa",Beverages,($/kg),1.65,0.61,2.48,0.61,44.74,0.47
1979-10-01,1979,10,"Tea, Mombasa",Beverages,($/kg),1.64,-0.61,0.0,-2.38,43.86,-0.56
1979-11-01,1979,11,"Tea, Mombasa",Beverages,($/kg),1.63,-0.61,-0.61,-1.81,42.98,-0.45
1979-12-01,1979,12,"Tea, Mombasa",Beverages,($/kg),1.66,1.84,0.61,0.61,45.61,2.27
1980-01-01,1980,1,"Tea, Mombasa",Beverages,($/kg),1.84,10.84,12.2,12.88,64.29,10.46
1980-02-01,1980,2,"Tea, Mombasa",Beverages,($/kg),1.83,-0.54,12.27,12.96,63.39,-0.5
1980-03-01,1980,3,"Tea, Mombasa",Beverages,($/kg),1.79,-2.19,7.83,10.49,59.82,-1.01
1980-04-01,1980,4,"Tea, Mombasa",Beverages,($/kg),1.77,-1.12,-3.8,9.26,58.04,-0.6
1980-05-01,1980,5,"Tea, Mombasa",Beverages,($/kg),1.82,2.82,-0.55,13.75,62.5,0.6
1980-06-01,1980,6,"Tea, Mombasa",Beverages,($/kg),1.84,1.1,2.79,14.29,64.29,-0.01
1980-07-01,1980,7,"Tea, Mombasa",Beverages,($/kg),1.85,0.54,4.52,12.8,65.18,-0.19
1980-08-01,1980,8,"Tea, Mombasa",Beverages,($/kg),1.83,-1.08,0.55,11.59,63.39,-0.64
1980-09-01,1980,9,"Tea, Mombasa",Beverages,($/kg),1.84,0.55,0.0,11.52,64.29,-0.12
1980-10-01,1980,10,"Tea, Mombasa",Beverages,($/kg),1.83,-0.54,-1.08,11.59,67.89,-0.44
1980-11-01,1980,11,"Tea, Mombasa",Beverages,($/kg),1.79,-2.19,-2.19,9.82,82.65,-0.93
1980-12-01,1980,12,"Tea, Mombasa",Beverages,($/kg),1.77,-1.12,-3.8,6.63,82.47,-0.56
1981-01-01,1981,1,"Tea, Mombasa",Beverages,($/kg),1.91,7.91,4.37,3.8,55.28,2.07
1981-02-01,1981,2,"Tea, Mombasa",Beverages,($/kg),1.77,-7.33,-1.12,-3.28,43.9,-2.77
1981-03-01,1981,3,"Tea, Mombasa",Beverages,($/kg),1.68,-5.08,-5.08,-6.15,37.7,-1.37
1981-04-01,1981,4,"Tea, Mombasa",Beverages,($/kg),1.74,3.57,-8.9,-1.69,43.8,1.06
1981-05-01,1981,5,"Tea, Mombasa",Beverages,($/kg),1.69,-2.87,-4.52,-7.14,39.67,-0.71
1981-06-01,1981,6,"Tea, Mombasa",Beverages,($/kg),1.66,-1.78,-1.19,-9.78,38.33,-0.31
1981-07-01,1981,7,"Tea, Mombasa",Beverages,($/kg),1.63,-1.81,-6.32,-11.89,34.71,-0.26
1981-08-01,1981,8,"Tea, Mombasa",Beverages,($/kg),1.61,-1.23,-4.73,-12.02,33.06,-0.06
1981-09-01,1981,9,"Tea, Mombasa",Beverages,($/kg),1.54,-4.35,-7.23,-16.3,27.27,-0.86
1981-10-01,1981,10,"Tea, Mombasa",Beverages,($/kg),1.41,-8.44,-13.5,-22.95,15.57,-1.78
1981-11-01,1981,11,"Tea, Mombasa",Beverages,($/kg),1.42,0.71,-11.8,-20.67,16.39,0.62
1981-12-01,1981,12,"Tea, Mombasa",Beverages,($/kg),1.42,0.0,-7.79,-19.77,16.39,0.4
1982-01-01,1982,1,"Tea, Mombasa",Beverages,($/kg),1.73,21.83,22.7,-9.42,-16.83,5.2
1982-02-01,1982,2,"Tea, Mombasa",Beverages,($/kg),1.7,-1.73,19.72,-3.95,-18.27,-0.15
1982-03-01,1982,3,"Tea, Mombasa",Beverages,($/kg),1.68,-1.18,18.31,0.0,-19.23,-0.14
1982-04-01,1982,4,"Tea, Mombasa",Beverages,($/kg),1.67,-0.6,-3.47,-4.02,-20.1,-0.11
1982-05-01,1982,5,"Tea, Mombasa",Beverages,($/kg),1.7,1.8,0.0,0.59,-18.66,0.26
1982-06-01,1982,6,"Tea, Mombasa",Beverages,($/kg),1.65,-2.94,-1.79,-0.6,-21.05,-0.44
1982-07-01,1982,7,"Tea, Mombasa",Beverages,($/kg),1.63,-1.21,-2.4,0.0,-22.75,-0.19
1982-08-01,1982,8,"Tea, Mombasa",Beverages,($/kg),1.62,-0.61,-4.71,0.62,-22.86,-0.11
1982-09-01,1982,9,"Tea, Mombasa",Beverages,($/kg),1.62,0.0,-1.82,5.19,-22.49,-0.04
1982-10-01,1982,10,"Tea, Mombasa",Beverages,($/kg),1.6,-1.23,-1.84,13.48,-24.17,-0.26
1982-11-01,1982,11,"Tea, Mombasa",Beverages,($/kg),1.59,-0.62,-1.85,11.97,-25.35,-0.28
1982-12-01,1982,12,"Tea, Mombasa",Beverages,($/kg),1.48,-6.92,-8.64,4.23,-31.48,-1.22
1983-01-01,1983,1,"Tea, Mombasa",Beverages,($/kg),1.99,34.46,24.37,15.03,27.56,4.83
1983-02-01,1983,2,"Tea, Mombasa",Beverages,($/kg),1.97,-1.01,23.9,15.88,25.48,-0.25
1983-03-01,1983,3,"Tea, Mombasa",Beverages,($/kg),1.97,0.0,33.11,17.26,24.68,-0.16
1983-04-01,1983,4,"Tea, Mombasa",Beverages,($/kg),1.96,-0.51,-1.51,17.37,23.27,-0.22
1983-05-01,1983,5,"Tea, Mombasa",Beverages,($/kg),1.96,0.0,-0.51,15.29,25.64,-0.17
1983-06-01,1983,6,"Tea, Mombasa",Beverages,($/kg),1.93,-1.53,-2.03,16.97,22.15,-0.3
1983-07-01,1983,7,"Tea, Mombasa",Beverages,($/kg),1.89,-2.07,-3.57,15.95,17.39,-0.36
1983-08-01,1983,8,"Tea, Mombasa",Beverages,($/kg),1.86,-1.59,-5.1,14.81,14.11,-0.31
1983-09-01,1983,9,"Tea, Mombasa",Beverages,($/kg),1.86,0.0,-3.63,14.81,13.41,-0.15
1983-10-01,1983,10,"Tea, Mombasa",Beverages,($/kg),1.88,1.08,-0.53,17.5,11.9,-0.05
1983-11-01,1983,11,"Tea, Mombasa",Beverages,($/kg),1.86,-1.06,0.0,16.98,12.05,-0.27
1983-12-01,1983,12,"Tea, Mombasa",Beverages,($/kg),1.84,-1.08,-1.08,24.32,11.52,-0.27
1984-01-01,1984,1,"Tea, Mombasa",Beverages,($/kg),2.9,57.61,54.26,45.73,77.91,5.44
1984-02-01,1984,2,"Tea, Mombasa",Beverages,($/kg),2.93,1.03,57.53,48.73,80.86,-0.19
1984-03-01,1984,3,"Tea, Mombasa",Beverages,($/kg),3.08,5.12,67.39,56.35,90.12,0.05
1984-04-01,1984,4,"Tea, Mombasa",Beverages,($/kg),2.94,-4.55,1.38,50.0,81.48,-0.55
1984-05-01,1984,5,"Tea, Mombasa",Beverages,($/kg),2.86,-2.72,-2.39,45.92,78.75,-0.42
1984-06-01,1984,6,"Tea, Mombasa",Beverages,($/kg),2.83,-1.05,-8.12,46.63,75.78,-0.31
1984-07-01,1984,7,"Tea, Mombasa",Beverages,($/kg),2.76,-2.47,-6.12,46.03,68.29,-0.39
1984-08-01,1984,8,"Tea, Mombasa",Beverages,($/kg),2.74,-0.72,-4.2,47.31,67.07,-0.29
1984-09-01,1984,9,"Tea, Mombasa",Beverages,($/kg),2.72,-0.73,-3.89,46.24,64.85,-0.29
1984-10-01,1984,10,"Tea, Mombasa",Beverages,($/kg),2.69,-1.1,-2.54,43.09,64.02,-0.31
1984-11-01,1984,11,"Tea, Mombasa",Beverages,($/kg),2.67,-0.74,-2.55,43.55,63.8,-0.28
1984-12-01,1984,12,"Tea, Mombasa",Beverages,($/kg),2.59,-3.0,-4.78,40.76,56.02,-0.41
1985-01-01,1985,1,"Tea, Mombasa",Beverages,($/kg),1.63,-37.07,-39.41,-43.79,-11.41,-2.4
1985-02-01,1985,2,"Tea, Mombasa",Beverages,($/kg),1.6,-1.84,-40.07,-45.39,-12.57,0.2
1985-03-01,1985,3,"Tea, Mombasa",Beverages,($/kg),1.58,-1.25,-39.0,-48.7,-11.73,0.28
1985-04-01,1985,4,"Tea, Mombasa",Beverages,($/kg),1.62,2.53,-0.61,-44.9,-8.47,0.71
1985-05-01,1985,5,"Tea, Mombasa",Beverages,($/kg),1.61,-0.62,0.63,-43.71,-11.54,0.34
1985-06-01,1985,6,"Tea, Mombasa",Beverages,($/kg),1.62,0.62,2.53,-42.76,-11.96,0.44
1985-07-01,1985,7,"Tea, Mombasa",Beverages,($/kg),1.6,-1.23,-1.23,-42.03,-13.51,0.25
1985-08-01,1985,8,"Tea, Mombasa",Beverages,($/kg),1.54,-3.75,-4.35,-43.8,-15.85,0.0
1985-09-01,1985,9,"Tea, Mombasa",Beverages,($/kg),1.51,-1.95,-6.79,-44.49,-17.93,0.2
1985-10-01,1985,10,"Tea, Mombasa",Beverages,($/kg),1.57,3.97,-1.88,-41.64,-14.21,0.77
1985-11-01,1985,11,"Tea, Mombasa",Beverages,($/kg),1.59,1.27,3.25,-40.45,-11.17,0.46
1985-12-01,1985,12,"Tea, Mombasa",Beverages,($/kg),1.59,0.0,5.3,-38.61,-10.17,0.33
1986-01-01,1986,1,"Tea, Mombasa",Beverages,($/kg),1.7,6.92,8.28,4.29,-10.99,0.94
1986-02-01,1986,2,"Tea, Mombasa",Beverages,($/kg),1.72,1.18,8.18,7.5,-2.82,0.27
1986-03-01,1986,3,"Tea, Mombasa",Beverages,($/kg),1.71,-0.58,7.55,8.23,1.79,-0.43
1986-04-01,1986,4,"Tea, Mombasa",Beverages,($/kg),1.7,-0.58,0.0,4.94,-2.3,-0.45
1986-05-01,1986,5,"Tea, Mombasa",Beverages,($/kg),1.7,0.0,-1.16,5.59,0.59,-0.16
1986-06-01,1986,6,"Tea, Mombasa",Beverages,($/kg),1.68,-1.18,-1.75,3.7,1.2,-0.6
1986-07-01,1986,7,"Tea, Mombasa",Beverages,($/kg),1.72,2.38,1.18,7.5,5.52,0.73
1986-08-01,1986,8,"Tea, Mombasa",Beverages,($/kg),1.73,0.58,1.76,12.34,7.45,-0.02
1986-09-01,1986,9,"Tea, Mombasa",Beverages,($/kg),1.72,-0.58,2.38,13.91,11.69,-0.64
1986-10-01,1986,10,"Tea, Mombasa",Beverages,($/kg),1.72,0.0,0.0,9.55,21.99,-0.48
1986-11-01,1986,11,"Tea, Mombasa",Beverages,($/kg),1.69,-1.74,-2.31,6.29,19.01,-1.16
1986-12-01,1986,12,"Tea, Mombasa",Beverages,($/kg),1.71,1.18,-0.58,7.55,20.42,0.29
1987-01-01,1987,1,"Tea, Mombasa",Beverages,($/kg),1.34,-21.64,-22.09,-21.18,-22.54,-9.76
1987-02-01,1987,2,"Tea, Mombasa",Beverages,($/kg),1.33,-0.75,-21.3,-22.67,-21.76,0.16
1987-03-01,1987,3,"Tea, Mombasa",Beverages,($/kg),1.33,0.0,-22.22,-22.22,-20.83,0.3
1987-04-01,1987,4,"Tea, Mombasa",Beverages,($/kg),1.34,0.75,0.0,-21.18,-19.76,0.41
1987-05-01,1987,5,"Tea, Mombasa",Beverages,($/kg),1.34,0.0,0.75,-21.18,-21.18,0.28
1987-06-01,1987,6,"Tea, Mombasa",Beverages,($/kg),1.32,-1.49,-0.75,-21.43,-20.0,0.04
1987-07-01,1987,7,"Tea, Mombasa",Beverages,($/kg),1.3,-1.52,-2.99,-24.42,-20.25,0.04
1987-08-01,1987,8,"Tea, Mombasa",Beverages,($/kg),1.3,0.0,-2.99,-24.86,-19.75,0.34
1987-09-01,1987,9,"Tea, Mombasa",Beverages,($/kg),1.3,0.0,-1.52,-24.42,-19.75,0.35
1987-10-01,1987,10,"Tea, Mombasa",Beverages,($/kg),1.27,-2.31,-2.31,-26.16,-20.63,-0.03
1987-11-01,1987,11,"Tea, Mombasa",Beverages,($/kg),1.27,0.0,-2.31,-24.85,-20.13,0.37
1987-12-01,1987,12,"Tea, Mombasa",Beverages,($/kg),1.29,1.57,-0.77,-24.56,-12.84,0.6
1988-01-01,1988,1,"Tea, Mombasa",Beverages,($/kg),1.43,10.85,12.6,6.72,-28.14,2.08
1988-02-01,1988,2,"Tea, Mombasa",Beverages,($/kg),1.4,-2.1,10.24,5.26,-28.93,-0.79
1988-03-01,1988,3,"Tea, Mombasa",Beverages,($/kg),1.41,0.71,9.3,6.02,-28.43,0.07
1988-04-01,1988,4,"Tea, Mombasa",Beverages,($/kg),1.41,0.0,-1.4,5.22,-28.06,-0.16
1988-05-01,1988,5,"Tea, Mombasa",Beverages,($/kg),1.4,-0.71,0.0,4.48,-28.57,-0.34
1988-06-01,1988,6,"Tea, Mombasa",Beverages,($/kg),1.37,-2.14,-2.84,3.79,-29.02,-0.74
1988-07-01,1988,7,"Tea, Mombasa",Beverages,($/kg),1.33,-2.92,-5.67,2.31,-29.63,-0.93
1988-08-01,1988,8,"Tea, Mombasa",Beverages,($/kg),1.31,-1.5,-6.43,0.77,-29.57,-0.48
1988-09-01,1988,9,"Tea, Mombasa",Beverages,($/kg),1.31,0.0,-4.38,0.77,-29.57,-0.03
1988-10-01,1988,10,"Tea, Mombasa",Beverages,($/kg),1.31,0.0,-1.5,3.15,-30.32,-0.03
1988-11-01,1988,11,"Tea, Mombasa",Beverages,($/kg),1.32,0.76,0.76,3.94,-29.03,0.13
1988-12-01,1988,12,"Tea, Mombasa",Beverages,($/kg),1.31,-0.76,0.0,1.55,-28.8,-0.32
1989-01-01,1989,1,"Tea, Mombasa",Beverages,($/kg),1.66,26.72,26.72,16.08,-42.76,7.46
1989-02-01,1989,2,"Tea, Mombasa",Beverages,($/kg),1.65,-0.6,25.0,17.86,-43.69,-0.26
1989-03-01,1989,3,"Tea, Mombasa",Beverages,($/kg),1.62,-1.82,23.66,14.89,-47.4,-0.43
1989-04-01,1989,4,"Tea, Mombasa",Beverages,($/kg),1.6,-1.23,-3.61,13.48,-45.58,-0.33
1989-05-01,1989,5,"Tea, Mombasa",Beverages,($/kg),1.54,-3.75,-6.67,10.0,-46.15,-0.63
1989-06-01,1989,6,"Tea, Mombasa",Beverages,($/kg),1.48,-3.9,-8.64,8.03,-47.7,-0.61
1989-07-01,1989,7,"Tea, Mombasa",Beverages,($/kg),1.49,0.68,-6.88,12.03,-46.01,-0.03
1989-08-01,1989,8,"Tea, Mombasa",Beverages,($/kg),1.47,-1.34,-4.55,12.21,-46.35,-0.31
1989-09-01,1989,9,"Tea, Mombasa",Beverages,($/kg),1.43,-2.72,-3.38,9.16,-47.43,-0.48
1989-10-01,1989,10,"Tea, Mombasa",Beverages,($/kg),1.42,-0.7,-4.7,8.4,-47.21,-0.21
1989-11-01,1989,11,"Tea, Mombasa",Beverages,($/kg),1.42,0.0,-3.4,7.58,-46.82,-0.11
1989-12-01,1989,12,"Tea, Mombasa",Beverages,($/kg),1.43,0.7,0.0,9.16,-44.79,-0.02
1990-01-01,1990,1,"Tea, Mombasa",Beverages,($/kg),1.74,21.68,22.54,4.82,6.75,2.51
1990-02-01,1990,2,"Tea, Mombasa",Beverages,($/kg),1.62,-6.9,14.08,-1.82,1.25,-1.1
1990-03-01,1990,3,"Tea, Mombasa",Beverages,($/kg),1.65,1.85,15.38,1.85,4.43,0.25
1990-04-01,1990,4,"Tea, Mombasa",Beverages,($/kg),1.59,-3.64,-8.62,-0.62,-1.85,-0.56
1990-05-01,1990,5,"Tea, Mombasa",Beverages,($/kg),1.36,-14.47,-16.05,-11.69,-15.53,-2.03
1990-06-01,1990,6,"Tea, Mombasa",Beverages,($/kg),1.12,-17.65,-32.12,-24.32,-30.86,-2.03
1990-07-01,1990,7,"Tea, Mombasa",Beverages,($/kg),1.32,17.86,-16.98,-11.41,-17.5,2.05
1990-08-01,1990,8,"Tea, Mombasa",Beverages,($/kg),1.26,-4.55,-7.35,-14.29,-18.18,-0.37
1990-09-01,1990,9,"Tea, Mombasa",Beverages,($/kg),1.48,17.46,32.14,3.5,-1.99,1.61
1990-10-01,1990,10,"Tea, Mombasa",Beverages,($/kg),1.6,8.11,21.21,12.68,1.91,0.58
1990-11-01,1990,11,"Tea, Mombasa",Beverages,($/kg),1.58,-1.25,25.4,11.27,-0.63,-0.24
1990-12-01,1990,12,"Tea, Mombasa",Beverages,($/kg),1.52,-3.8,2.7,6.29,-4.4,-0.43
1991-01-01,1991,1,"Tea, Mombasa",Beverages,($/kg),1.55,1.97,-3.12,-10.92,-8.82,0.06
1991-02-01,1991,2,"Tea, Mombasa",Beverages,($/kg),1.48,-4.52,-6.33,-8.64,-13.95,-0.38
1991-03-01,1991,3,"Tea, Mombasa",Beverages,($/kg),1.48,0.0,-2.63,-10.3,-13.45,0.02
1991-04-01,1991,4,"Tea, Mombasa",Beverages,($/kg),1.47,-0.68,-5.16,-7.55,-13.53,-0.03
1991-05-01,1991,5,"Tea, Mombasa",Beverages,($/kg),1.48,0.68,0.0,8.82,-12.94,0.07
1991-06-01,1991,6,"Tea, Mombasa",Beverages,($/kg),1.38,-6.76,-6.76,23.21,-17.86,-0.81
1991-07-01,1991,7,"Tea, Mombasa",Beverages,($/kg),1.36,-1.45,-7.48,3.03,-20.93,-0.42
1991-08-01,1991,8,"Tea, Mombasa",Beverages,($/kg),1.35,-0.74,-8.78,7.14,-21.97,-0.18
1991-09-01,1991,9,"Tea, Mombasa",Beverages,($/kg),1.38,2.22,0.0,-6.76,-19.77,0.23
1991-10-01,1991,10,"Tea, Mombasa",Beverages,($/kg),1.41,2.17,3.68,-11.88,-18.02,0.71
1991-11-01,1991,11,"Tea, Mombasa",Beverages,($/kg),1.38,-2.13,2.22,-12.66,-18.34,-0.4
1991-12-01,1991,12,"Tea, Mombasa",Beverages,($/kg),1.42,2.9,2.9,-6.58,-16.96,1.41
1992-01-01,1992,1,"Tea, Mombasa",Beverages,($/kg),1.45,2.11,2.84,-6.45,8.21,0.91
1992-02-01,1992,2,"Tea, Mombasa",Beverages,($/kg),1.39,-4.14,0.72,-6.08,4.51,-1.24
1992-03-01,1992,3,"Tea, Mombasa",Beverages,($/kg),1.39,0.0,-2.11,-6.08,4.51,0.17
1992-04-01,1992,4,"Tea, Mombasa",Beverages,($/kg),1.53,10.07,5.52,4.08,14.18,3.68
1992-05-01,1992,5,"Tea, Mombasa",Beverages,($/kg),1.63,6.54,17.27,10.14,21.64,1.46
1992-06-01,1992,6,"Tea, Mombasa",Beverages,($/kg),1.68,3.07,20.86,21.74,27.27,0.48
1992-07-01,1992,7,"Tea, Mombasa",Beverages,($/kg),1.76,4.76,15.03,29.41,35.38,0.79
1992-08-01,1992,8,"Tea, Mombasa",Beverages,($/kg),1.8,2.27,10.43,33.33,38.46,0.01
1992-09-01,1992,9,"Tea, Mombasa",Beverages,($/kg),1.92,6.67,14.29,39.13,47.69,1.13
1992-10-01,1992,10,"Tea, Mombasa",Beverages,($/kg),1.89,-1.56,7.39,34.04,48.82,-1.13
1992-11-01,1992,11,"Tea, Mombasa",Beverages,($/kg),1.82,-3.7,1.11,31.88,43.31,-1.52
1992-12-01,1992,12,"Tea, Mombasa",Beverages,($/kg),1.86,2.2,-3.12,30.99,44.19,-0.05
1993-01-01,1993,1,"Tea, Mombasa",Beverages,($/kg),1.91,2.69,1.06,31.72,33.57,0.08
1993-02-01,1993,2,"Tea, Mombasa",Beverages,($/kg),1.78,-6.81,-2.2,28.06,27.14,-2.15
1993-03-01,1993,3,"Tea, Mombasa",Beverages,($/kg),1.58,-11.24,-15.05,13.67,12.06,-2.85
1993-04-01,1993,4,"Tea, Mombasa",Beverages,($/kg),1.46,-7.59,-23.56,-4.58,3.55,-1.45
1993-05-01,1993,5,"Tea, Mombasa",Beverages,($/kg),1.42,-2.74,-20.22,-12.88,1.43,-0.43
1993-06-01,1993,6,"Tea, Mombasa",Beverages,($/kg),1.48,4.23,-6.33,-11.9,8.03,0.95
1993-07-01,1993,7,"Tea, Mombasa",Beverages,($/kg),1.59,7.43,8.9,-9.66,19.55,1.49
1993-08-01,1993,8,"Tea, Mombasa",Beverages,($/kg),1.51,-5.03,6.34,-16.11,15.27,-0.74
1993-09-01,1993,9,"Tea, Mombasa",Beverages,($/kg),1.45,-3.97,-2.03,-24.48,10.69,-0.45
1993-10-01,1993,10,"Tea, Mombasa",Beverages,($/kg),1.54,6.21,-3.14,-18.52,17.56,1.55
1993-11-01,1993,11,"Tea, Mombasa",Beverages,($/kg),1.46,-5.19,-3.31,-19.78,10.61,-0.62
1993-12-01,1993,12,"Tea, Mombasa",Beverages,($/kg),1.51,3.42,4.14,-18.82,15.27,0.85
1994-01-01,1994,1,"Tea, Mombasa",Beverages,($/kg),1.5,-0.66,-2.6,-21.47,-9.64,0.15
1994-02-01,1994,2,"Tea, Mombasa",Beverages,($/kg),1.61,7.33,10.27,-9.55,-2.42,1.54
1994-03-01,1994,3,"Tea, Mombasa",Beverages,($/kg),1.66,3.11,9.93,5.06,2.47,0.6
1994-04-01,1994,4,"Tea, Mombasa",Beverages,($/kg),1.58,-4.82,5.33,8.22,-1.25,-1.0
1994-05-01,1994,5,"Tea, Mombasa",Beverages,($/kg),1.54,-2.53,-4.35,8.45,0.0,-0.66
1994-06-01,1994,6,"Tea, Mombasa",Beverages,($/kg),1.57,1.95,-5.42,6.08,6.08,0.23
1994-07-01,1994,7,"Tea, Mombasa",Beverages,($/kg),1.71,8.92,8.23,7.55,14.77,1.69
1994-08-01,1994,8,"Tea, Mombasa",Beverages,($/kg),1.66,-2.92,7.79,9.93,12.93,-0.71
1994-09-01,1994,9,"Tea, Mombasa",Beverages,($/kg),1.57,-5.42,0.0,8.28,9.79,-1.28
1994-10-01,1994,10,"Tea, Mombasa",Beverages,($/kg),1.6,1.91,-6.43,3.9,12.68,0.22
1994-11-01,1994,11,"Tea, Mombasa",Beverages,($/kg),1.46,-8.75,-12.05,0.0,2.82,-1.91
1994-12-01,1994,12,"Tea, Mombasa",Beverages,($/kg),1.39,-4.79,-11.46,-7.95,-2.8,-0.93
1995-01-01,1995,1,"Tea, Mombasa",Beverages,($/kg),1.38,-0.72,-13.75,-8.0,-20.69,-0.03
1995-02-01,1995,2,"Tea, Mombasa",Beverages,($/kg),1.36,-1.45,-6.85,-15.53,-16.05,-0.17
1995-03-01,1995,3,"Tea, Mombasa",Beverages,($/kg),1.34,-1.47,-3.6,-19.28,-18.79,-0.04
1995-04-01,1995,4,"Tea, Mombasa",Beverages,($/kg),1.35,0.75,-2.17,-14.56,-15.09,0.54
1995-05-01,1995,5,"Tea, Mombasa",Beverages,($/kg),1.3,-3.7,-4.41,-15.58,-4.41,-0.56
1995-06-01,1995,6,"Tea, Mombasa",Beverages,($/kg),1.29,-0.77,-3.73,-17.83,15.18,0.12
1995-07-01,1995,7,"Tea, Mombasa",Beverages,($/kg),1.28,-0.78,-5.19,-25.15,-3.03,0.17
1995-08-01,1995,8,"Tea, Mombasa",Beverages,($/kg),1.24,-3.12,-4.62,-25.3,-1.59,-0.27
1995-09-01,1995,9,"Tea, Mombasa",Beverages,($/kg),1.31,5.65,1.55,-16.56,-11.49,2.71
1995-10-01,1995,10,"Tea, Mombasa",Beverages,($/kg),1.27,-3.05,-0.78,-20.63,-20.63,-0.45
1995-11-01,1995,11,"Tea, Mombasa",Beverages,($/kg),1.24,-2.36,0.0,-15.07,-21.52,-0.15
1995-12-01,1995,12,"Tea, Mombasa",Beverages,($/kg),1.27,2.42,-3.05,-8.63,-16.45,1.4
1996-01-01,1996,1,"Tea, Mombasa",Beverages,($/kg),1.37,7.87,7.87,-0.72,-11.61,3.26
1996-02-01,1996,2,"Tea, Mombasa",Beverages,($/kg),1.34,-2.19,8.06,-1.47,-9.46,-0.6
1996-03-01,1996,3,"Tea, Mombasa",Beverages,($/kg),1.37,2.24,7.87,2.24,-7.43,0.63
1996-04-01,1996,4,"Tea, Mombasa",Beverages,($/kg),1.42,3.65,3.65,5.19,-3.4,0.93
1996-05-01,1996,5,"Tea, Mombasa",Beverages,($/kg),1.43,0.7,6.72,10.0,-3.38,0.06
1996-06-01,1996,6,"Tea, Mombasa",Beverages,($/kg),1.4,-2.1,2.19,8.53,1.45,-0.83
1996-07-01,1996,7,"Tea, Mombasa",Beverages,($/kg),1.37,-2.14,-3.52,7.03,0.74,-0.79
1996-08-01,1996,8,"Tea, Mombasa",Beverages,($/kg),1.44,5.11,0.7,16.13,6.67,1.2
1996-09-01,1996,9,"Tea, Mombasa",Beverages,($/kg),1.45,0.69,3.57,10.69,5.07,-0.17
1996-10-01,1996,10,"Tea, Mombasa",Beverages,($/kg),1.49,2.76,8.76,17.32,5.67,0.54
1996-11-01,1996,11,"Tea, Mombasa",Beverages,($/kg),1.5,0.67,4.17,20.97,8.7,-0.22
1996-12-01,1996,12,"Tea, Mombasa",Beverages,($/kg),1.51,0.67,4.14,18.9,6.34,-0.32
1997-01-01,1997,1,"Tea, Mombasa",Beverages,($/kg),1.57,3.97,5.37,14.6,8.28,0.81
1997-02-01,1997,2,"Tea, Mombasa",Beverages,($/kg),1.61,2.55,7.33,20.15,15.83,0.56
1997-03-01,1997,3,"Tea, Mombasa",Beverages,($/kg),1.79,11.18,18.54,30.66,28.78,4.27
1997-04-01,1997,4,"Tea, Mombasa",Beverages,($/kg),1.98,10.61,26.11,39.44,29.41,2.32
1997-05-01,1997,5,"Tea, Mombasa",Beverages,($/kg),1.99,0.51,23.6,39.16,22.09,-0.55
1997-06-01,1997,6,"Tea, Mombasa",Beverages,($/kg),1.93,-3.02,7.82,37.86,14.88,-1.36
1997-07-01,1997,7,"Tea, Mombasa",Beverages,($/kg),2.01,4.15,1.52,46.72,14.2,0.3
1997-08-01,1997,8,"Tea, Mombasa",Beverages,($/kg),2.21,9.95,11.06,53.47,22.78,1.6
1997-09-01,1997,9,"Tea, Mombasa",Beverages,($/kg),2.08,-5.88,7.77,43.45,8.33,-2.11
1997-10-01,1997,10,"Tea, Mombasa",Beverages,($/kg),2.23,7.21,10.95,49.66,17.99,0.76
1997-11-01,1997,11,"Tea, Mombasa",Beverages,($/kg),2.38,6.73,7.69,58.67,30.77,0.59
1997-12-01,1997,12,"Tea, Mombasa",Beverages,($/kg),2.4,0.84,15.38,58.94,29.03,-0.59
1998-01-01,1998,1,"Tea, Mombasa",Beverages,($/kg),2.55,6.25,14.35,62.42,33.51,0.41
1998-02-01,1998,2,"Tea, Mombasa",Beverages,($/kg),2.81,10.2,18.07,74.53,57.87,1.09
1998-03-01,1998,3,"Tea, Mombasa",Beverages,($/kg),2.29,-18.51,-4.58,27.93,44.94,-4.14
1998-04-01,1998,4,"Tea, Mombasa",Beverages,($/kg),1.95,-14.85,-23.53,-1.52,33.56,-2.04
1998-05-01,1998,5,"Tea, Mombasa",Beverages,($/kg),1.56,-20.0,-44.48,-21.61,9.86,-2.17
1998-06-01,1998,6,"Tea, Mombasa",Beverages,($/kg),1.56,0.0,-31.88,-19.17,5.41,0.13
1998-07-01,1998,7,"Tea, Mombasa",Beverages,($/kg),1.68,7.69,-13.85,-16.42,5.66,0.8
1998-08-01,1998,8,"Tea, Mombasa",Beverages,($/kg),1.7,1.19,8.97,-23.08,12.58,0.18
1998-09-01,1998,9,"Tea, Mombasa",Beverages,($/kg),1.75,2.94,12.18,-15.87,20.69,0.42
1998-10-01,1998,10,"Tea, Mombasa",Beverages,($/kg),1.74,-0.57,3.57,-21.97,12.99,0.03
1998-11-01,1998,11,"Tea, Mombasa",Beverages,($/kg),1.59,-8.62,-6.47,-33.19,8.9,-0.68
1998-12-01,1998,12,"Tea, Mombasa",Beverages,($/kg),1.61,1.26,-8.0,-32.92,6.62,0.39
1999-01-01,1999,1,"Tea, Mombasa",Beverages,($/kg),1.75,8.7,0.57,-31.37,16.67,1.11
1999-02-01,1999,2,"Tea, Mombasa",Beverages,($/kg),1.77,1.14,11.32,-37.01,9.94,0.35
1999-03-01,1999,3,"Tea, Mombasa",Beverages,($/kg),1.89,6.78,17.39,-17.47,13.86,1.03
1999-04-01,1999,4,"Tea, Mombasa",Beverages,($/kg),1.87,-1.06,6.86,-4.1,18.35,0.02
1999-05-01,1999,5,"Tea, Mombasa",Beverages,($/kg),1.71,-8.56,-3.39,9.62,11.04,-1.09
1999-06-01,1999,6,"Tea, Mombasa",Beverages,($/kg),1.68,-1.75,-11.11,7.69,7.01,-0.48
1999-07-01,1999,7,"Tea, Mombasa",Beverages,($/kg),1.67,-0.6,-10.7,-0.6,-2.34,-0.24
1999-08-01,1999,8,"Tea, Mombasa",Beverages,($/kg),1.66,-0.6,-2.92,-2.35,0.0,-0.13
1999-09-01,1999,9,"Tea, Mombasa",Beverages,($/kg),1.98,19.28,17.86,13.14,26.11,3.8
1999-10-01,1999,10,"Tea, Mombasa",Beverages,($/kg),2.0,1.01,19.76,14.94,25.0,-0.04
1999-11-01,1999,11,"Tea, Mombasa",Beverages,($/kg),1.81,-9.5,9.04,13.84,23.97,-1.45
1999-12-01,1999,12,"Tea, Mombasa",Beverages,($/kg),1.83,1.1,-7.58,13.66,31.65,-0.03
2000-01-01,2000,1,"Tea, Mombasa",Beverages,($/kg),1.88,2.73,-6.0,7.43,36.23,0.18
2000-02-01,2000,2,"Tea, Mombasa",Beverages,($/kg),2.11,12.23,16.57,19.21,55.15,1.56
2000-03-01,2000,3,"Tea, Mombasa",Beverages,($/kg),2.06,-2.37,12.57,8.99,53.73,-0.51
2000-04-01,2000,4,"Tea, Mombasa",Beverages,($/kg),2.03,-1.46,7.98,8.56,50.37,-0.31
2000-05-01,2000,5,"Tea, Mombasa",Beverages,($/kg),2.01,-0.99,-4.74,17.54,54.62,-0.24
2000-06-01,2000,6,"Tea, Mombasa",Beverages,($/kg),2.05,1.99,-0.49,22.02,58.91,0.05
2000-07-01,2000,7,"Tea, Mombasa",Beverages,($/kg),2.11,2.93,3.94,26.35,64.84,0.14
2000-08-01,2000,8,"Tea, Mombasa",Beverages,($/kg),2.1,-0.47,4.48,26.51,69.35,-0.37
2000-09-01,2000,9,"Tea, Mombasa",Beverages,($/kg),2.11,0.48,2.93,6.57,61.07,-0.24
2000-10-01,2000,10,"Tea, Mombasa",Beverages,($/kg),1.97,-6.64,-6.64,-1.5,55.12,-1.48
2000-11-01,2000,11,"Tea, Mombasa",Beverages,($/kg),2.01,2.03,-4.29,11.05,62.1,0.38
2000-12-01,2000,12,"Tea, Mombasa",Beverages,($/kg),1.92,-4.48,-9.0,4.92,51.18,-1.23
2001-01-01,2001,1,"Tea, Mombasa",Beverages,($/kg),1.87,-2.6,-5.08,-0.53,36.5,-0.66
2001-02-01,2001,2,"Tea, Mombasa",Beverages,($/kg),1.72,-8.02,-14.43,-18.48,28.36,-1.71
2001-03-01,2001,3,"Tea, Mombasa",Beverages,($/kg),1.67,-2.91,-13.02,-18.93,21.9,-0.37
2001-04-01,2001,4,"Tea, Mombasa",Beverages,($/kg),1.44,-13.77,-22.99,-29.06,1.41,-3.52
2001-05-01,2001,5,"Tea, Mombasa",Beverages,($/kg),1.46,1.39,-15.12,-27.36,2.1,0.84
2001-06-01,2001,6,"Tea, Mombasa",Beverages,($/kg),1.43,-2.05,-14.37,-30.24,2.14,0.09
2001-07-01,2001,7,"Tea, Mombasa",Beverages,($/kg),1.54,7.69,6.94,-27.01,12.41,2.19
2001-08-01,2001,8,"Tea, Mombasa",Beverages,($/kg),1.48,-3.9,1.37,-29.52,2.78,-0.26
2001-09-01,2001,9,"Tea, Mombasa",Beverages,($/kg),1.39,-6.08,-2.8,-34.12,-4.14,-0.61
2001-10-01,2001,10,"Tea, Mombasa",Beverages,($/kg),1.38,-0.72,-10.39,-29.95,-7.38,0.47
2001-11-01,2001,11,"Tea, Mombasa",Beverages,($/kg),1.4,1.45,-5.41,-30.35,-6.67,0.79
2001-12-01,2001,12,"Tea, Mombasa",Beverages,($/kg),1.43,2.14,2.88,-25.52,-5.3,0.93
2002-01-01,2002,1,"Tea, Mombasa",Beverages,($/kg),1.46,2.1,5.8,-21.93,-7.01,0.8
2002-02-01,2002,2,"Tea, Mombasa",Beverages,($/kg),1.51,3.42,7.86,-12.21,-6.21,0.94
2002-03-01,2002,3,"Tea, Mombasa",Beverages,($/kg),1.54,1.99,7.69,-7.78,-13.97,0.53
2002-04-01,2002,4,"Tea, Mombasa",Beverages,($/kg),1.49,-3.25,2.05,3.47,-24.75,-0.5
2002-05-01,2002,5,"Tea, Mombasa",Beverages,($/kg),1.39,-6.71,-7.95,-4.79,-30.15,-1.89
2002-06-01,2002,6,"Tea, Mombasa",Beverages,($/kg),1.45,4.32,-5.84,1.4,-24.87,1.1
2002-07-01,2002,7,"Tea, Mombasa",Beverages,($/kg),1.48,2.07,-0.67,-3.9,-26.37,0.42
2002-08-01,2002,8,"Tea, Mombasa",Beverages,($/kg),1.5,1.35,7.91,1.35,-32.13,0.43
2002-09-01,2002,9,"Tea, Mombasa",Beverages,($/kg),1.56,4.0,7.59,12.23,-25.0,1.06
2002-10-01,2002,10,"Tea, Mombasa",Beverages,($/kg),1.55,-0.64,4.73,12.32,-30.49,-0.52
2002-11-01,2002,11,"Tea, Mombasa",Beverages,($/kg),1.52,-1.94,1.33,8.57,-36.13,-0.93
2002-12-01,2002,12,"Tea, Mombasa",Beverages,($/kg),1.47,-3.29,-5.77,2.8,-38.75,-1.23
2003-01-01,2003,1,"Tea, Mombasa",Beverages,($/kg),1.51,2.72,-2.58,3.42,-40.78,0.71
2003-02-01,2003,2,"Tea, Mombasa",Beverages,($/kg),1.43,-5.3,-5.92,-5.3,-49.11,-1.62
2003-03-01,2003,3,"Tea, Mombasa",Beverages,($/kg),1.51,5.59,2.72,-1.95,-34.06,1.63
2003-04-01,2003,4,"Tea, Mombasa",Beverages,($/kg),1.5,-0.66,-0.66,0.67,-23.08,-0.14
2003-05-01,2003,5,"Tea, Mombasa",Beverages,($/kg),1.52,1.33,6.29,9.35,-2.56,0.31
2003-06-01,2003,6,"Tea, Mombasa",Beverages,($/kg),1.5,-1.32,-0.66,3.45,-3.85,-0.65
2003-07-01,2003,7,"Tea, Mombasa",Beverages,($/kg),1.55,3.33,3.33,4.73,-7.74,0.97
2003-08-01,2003,8,"Tea, Mombasa",Beverages,($/kg),1.55,0.0,1.97,3.33,-8.82,-0.14
2003-09-01,2003,9,"Tea, Mombasa",Beverages,($/kg),1.58,1.94,5.33,1.28,-9.71,0.51
2003-10-01,2003,10,"Tea, Mombasa",Beverages,($/kg),1.67,5.7,7.74,7.74,-4.02,1.84
2003-11-01,2003,11,"Tea, Mombasa",Beverages,($/kg),1.62,-2.99,4.52,6.58,1.89,-1.08
2003-12-01,2003,12,"Tea, Mombasa",Beverages,($/kg),1.59,-1.85,0.63,8.16,-1.24,-0.7
2004-01-01,2004,1,"Tea, Mombasa",Beverages,($/kg),1.63,2.52,-2.4,7.95,-6.86,0.54
2004-02-01,2004,2,"Tea, Mombasa",Beverages,($/kg),1.65,1.23,1.85,15.38,-6.78,0.16
2004-03-01,2004,3,"Tea, Mombasa",Beverages,($/kg),1.59,-3.64,0.0,5.3,-15.87,-1.76
2004-04-01,2004,4,"Tea, Mombasa",Beverages,($/kg),1.54,-3.14,-5.52,2.67,-17.65,-1.32
2004-05-01,2004,5,"Tea, Mombasa",Beverages,($/kg),1.52,-1.3,-7.88,0.0,-11.11,-0.53
2004-06-01,2004,6,"Tea, Mombasa",Beverages,($/kg),1.51,-0.66,-5.03,0.67,-10.12,-0.24
2004-07-01,2004,7,"Tea, Mombasa",Beverages,($/kg),1.53,1.32,-0.65,-1.29,-8.38,0.42
2004-08-01,2004,8,"Tea, Mombasa",Beverages,($/kg),1.57,2.61,3.29,1.29,-5.42,0.98
2004-09-01,2004,9,"Tea, Mombasa",Beverages,($/kg),1.64,4.46,8.61,3.8,-17.17,1.51
2004-10-01,2004,10,"Tea, Mombasa",Beverages,($/kg),1.51,-7.93,-1.31,-9.58,-24.5,-2.68
2004-11-01,2004,11,"Tea, Mombasa",Beverages,($/kg),1.45,-3.97,-7.64,-10.49,-19.89,-0.93
2004-12-01,2004,12,"Tea, Mombasa",Beverages,($/kg),1.51,4.14,-7.93,-5.03,-17.49,1.43
2005-01-01,2005,1,"Tea, Mombasa",Beverages,($/kg),1.51,0.0,0.0,-7.36,-19.68,0.1
2005-02-01,2005,2,"Tea, Mombasa",Beverages,($/kg),1.48,-1.99,2.07,-10.3,-29.86,-0.39
2005-03-01,2005,3,"Tea, Mombasa",Beverages,($/kg),1.49,0.68,-1.32,-6.29,-27.67,0.42
2005-04-01,2005,4,"Tea, Mombasa",Beverages,($/kg),1.47,-1.34,-2.65,-4.55,-27.59,-0.24
2005-05-01,2005,5,"Tea, Mombasa",Beverages,($/kg),1.41,-4.08,-4.73,-7.24,-29.85,-1.09
2005-06-01,2005,6,"Tea, Mombasa",Beverages,($/kg),1.39,-1.42,-6.71,-7.95,-32.2,-0.24
2005-07-01,2005,7,"Tea, Mombasa",Beverages,($/kg),1.45,4.32,-1.36,-5.23,-31.28,1.36
2005-08-01,2005,8,"Tea, Mombasa",Beverages,($/kg),1.5,3.45,6.38,-4.46,-28.57,0.99
2005-09-01,2005,9,"Tea, Mombasa",Beverages,($/kg),1.52,1.33,9.35,-7.32,-27.96,0.42
2005-10-01,2005,10,"Tea, Mombasa",Beverages,($/kg),1.54,1.32,6.21,1.99,-21.83,0.51
2005-11-01,2005,11,"Tea, Mombasa",Beverages,($/kg),1.47,-4.55,-2.0,1.38,-26.87,-1.65
2005-12-01,2005,12,"Tea, Mombasa",Beverages,($/kg),1.51,2.72,-0.66,0.0,-21.35,0.87
2006-01-01,2006,1,"Tea, Mombasa",Beverages,($/kg),1.68,11.26,9.09,11.26,-10.16,3.99
2006-02-01,2006,2,"Tea, Mombasa",Beverages,($/kg),2.35,39.88,59.86,58.78,36.63,9.07
2006-03-01,2006,3,"Tea, Mombasa",Beverages,($/kg),1.96,-16.6,29.8,31.54,17.37,-1.77
2006-04-01,2006,4,"Tea, Mombasa",Beverages,($/kg),1.96,0.0,16.67,33.33,36.11,-0.23
2006-05-01,2006,5,"Tea, Mombasa",Beverages,($/kg),2.07,5.61,-11.91,46.81,41.78,0.19
2006-06-01,2006,6,"Tea, Mombasa",Beverages,($/kg),2.13,2.9,8.67,53.24,48.95,-0.08
2006-07-01,2006,7,"Tea, Mombasa",Beverages,($/kg),2.15,0.94,9.69,48.28,39.61,-0.26
2006-08-01,2006,8,"Tea, Mombasa",Beverages,($/kg),2.09,-2.79,0.97,39.33,41.22,-0.52
2006-09-01,2006,9,"Tea, Mombasa",Beverages,($/kg),1.87,-10.53,-12.21,23.03,34.53,-1.06
2006-10-01,2006,10,"Tea, Mombasa",Beverages,($/kg),1.74,-6.95,-19.07,12.99,26.09,-0.68
2006-11-01,2006,11,"Tea, Mombasa",Beverages,($/kg),1.72,-1.15,-17.7,17.01,22.86,-0.21
2006-12-01,2006,12,"Tea, Mombasa",Beverages,($/kg),1.71,-0.58,-8.56,13.25,19.58,-0.19
2007-01-01,2007,1,"Tea, Mombasa",Beverages,($/kg),1.7,-0.58,-2.3,1.19,16.44,-0.17
2007-02-01,2007,2,"Tea, Mombasa",Beverages,($/kg),1.65,-2.94,-4.07,-29.79,9.27,-0.28
2007-03-01,2007,3,"Tea, Mombasa",Beverages,($/kg),1.63,-1.21,-4.68,-16.84,5.84,0.25
2007-04-01,2007,4,"Tea, Mombasa",Beverages,($/kg),1.59,-2.45,-6.47,-18.88,6.71,-0.24
2007-05-01,2007,5,"Tea, Mombasa",Beverages,($/kg),1.55,-2.52,-6.06,-25.12,11.51,-0.21
2007-06-01,2007,6,"Tea, Mombasa",Beverages,($/kg),1.66,7.1,1.84,-22.07,14.48,2.68
2007-07-01,2007,7,"Tea, Mombasa",Beverages,($/kg),1.64,-1.2,3.14,-23.72,10.81,0.18
2007-08-01,2007,8,"Tea, Mombasa",Beverages,($/kg),1.61,-1.83,3.87,-22.97,7.33,0.08
2007-09-01,2007,9,"Tea, Mombasa",Beverages,($/kg),1.77,9.94,6.63,-5.35,13.46,2.91
2007-10-01,2007,10,"Tea, Mombasa",Beverages,($/kg),1.75,-1.13,6.71,0.57,12.9,-0.17
2007-11-01,2007,11,"Tea, Mombasa",Beverages,($/kg),1.71,-2.29,6.21,-0.58,12.5,-0.6
2007-12-01,2007,12,"Tea, Mombasa",Beverages,($/kg),1.73,1.17,-2.26,1.17,17.69,0.28
2008-01-01,2008,1,"Tea, Mombasa",Beverages,($/kg),2.14,23.7,22.29,25.88,41.72,5.75
2008-02-01,2008,2,"Tea, Mombasa",Beverages,($/kg),2.42,13.08,41.52,46.67,69.23,1.38
2008-03-01,2008,3,"Tea, Mombasa",Beverages,($/kg),2.1,-13.22,21.39,28.83,39.07,-2.02
2008-04-01,2008,4,"Tea, Mombasa",Beverages,($/kg),2.2,4.76,2.8,38.36,46.67,0.23
2008-05-01,2008,5,"Tea, Mombasa",Beverages,($/kg),2.14,-2.73,-11.57,38.06,40.79,-0.62
2008-06-01,2008,6,"Tea, Mombasa",Beverages,($/kg),2.31,7.94,10.0,39.16,54.0,0.51
2008-07-01,2008,7,"Tea, Mombasa",Beverages,($/kg),2.41,4.33,9.55,46.95,55.48,0.12
2008-08-01,2008,8,"Tea, Mombasa",Beverages,($/kg),2.6,7.88,21.5,61.49,67.74,0.45
2008-09-01,2008,9,"Tea, Mombasa",Beverages,($/kg),2.57,-1.15,11.26,45.2,62.66,-0.6
2008-10-01,2008,10,"Tea, Mombasa",Beverages,($/kg),2.23,-13.23,-7.47,27.43,33.53,-1.81
2008-11-01,2008,11,"Tea, Mombasa",Beverages,($/kg),1.73,-22.42,-33.46,1.17,6.79,-2.4
2008-12-01,2008,12,"Tea, Mombasa",Beverages,($/kg),1.77,2.31,-31.13,2.31,11.32,0.12
2009-01-01,2009,1,"Tea, Mombasa",Beverages,($/kg),2.19,23.73,-1.79,2.34,34.36,1.8
2009-02-01,2009,2,"Tea, Mombasa",Beverages,($/kg),2.12,-3.2,22.54,-12.4,28.48,-0.33
2009-03-01,2009,3,"Tea, Mombasa",Beverages,($/kg),2.14,0.94,20.9,1.9,34.59,0.11
2009-04-01,2009,4,"Tea, Mombasa",Beverages,($/kg),2.21,3.27,0.91,0.45,43.51,0.22
2009-05-01,2009,5,"Tea, Mombasa",Beverages,($/kg),2.22,0.45,4.72,3.74,46.05,-0.02
2009-06-01,2009,6,"Tea, Mombasa",Beverages,($/kg),2.41,8.56,12.62,4.33,59.6,0.68
2009-07-01,2009,7,"Tea, Mombasa",Beverages,($/kg),2.67,10.79,20.81,10.79,74.51,0.87
2009-08-01,2009,8,"Tea, Mombasa",Beverages,($/kg),2.81,5.24,26.58,8.08,78.98,0.32
2009-09-01,2009,9,"Tea, Mombasa",Beverages,($/kg),2.97,5.69,23.24,15.56,81.1,0.38
2009-10-01,2009,10,"Tea, Mombasa",Beverages,($/kg),2.61,-12.12,-2.25,17.04,72.85,-1.21
2009-11-01,2009,11,"Tea, Mombasa",Beverages,($/kg),2.91,11.49,3.56,68.21,100.69,0.83
2009-12-01,2009,12,"Tea, Mombasa",Beverages,($/kg),2.98,2.41,0.34,68.36,97.35,-0.27
2010-01-01,2010,1,"Tea, Mombasa",Beverages,($/kg),2.85,-4.36,9.2,30.14,88.74,-1.04
2010-02-01,2010,2,"Tea, Mombasa",Beverages,($/kg),2.94,3.16,1.03,38.68,98.65,0.11
2010-03-01,2010,3,"Tea, Mombasa",Beverages,($/kg),2.8,-4.76,-6.04,30.84,87.92,-1.18
2010-04-01,2010,4,"Tea, Mombasa",Beverages,($/kg),2.6,-7.14,-8.77,17.65,76.87,-1.4
2010-05-01,2010,5,"Tea, Mombasa",Beverages,($/kg),2.33,-10.38,-20.75,4.95,65.25,-1.62
2010-06-01,2010,6,"Tea, Mombasa",Beverages,($/kg),2.24,-3.86,-20.0,-7.05,61.15,-0.56
2010-07-01,2010,7,"Tea, Mombasa",Beverages,($/kg),2.32,3.57,-10.77,-13.11,60.0,0.49
2010-08-01,2010,8,"Tea, Mombasa",Beverages,($/kg),2.51,8.19,7.73,-10.68,67.33,1.26
2010-09-01,2010,9,"Tea, Mombasa",Beverages,($/kg),2.46,-1.99,9.82,-17.17,61.84,-0.18
2010-10-01,2010,10,"Tea, Mombasa",Beverages,($/kg),2.49,1.22,7.33,-4.6,61.69,0.35
2010-11-01,2010,11,"Tea, Mombasa",Beverages,($/kg),2.52,1.2,0.4,-13.4,71.43,0.22
2010-12-01,2010,12,"Tea, Mombasa",Beverages,($/kg),2.69,6.75,9.35,-9.73,78.15,1.48
2011-01-01,2011,1,"Tea, Mombasa",Beverages,($/kg),2.89,7.43,16.06,1.4,72.02,1.44
2011-02-01,2011,2,"Tea, Mombasa",Beverages,($/kg),2.79,-3.46,10.71,-5.1,18.72,-0.63
2011-03-01,2011,3,"Tea, Mombasa",Beverages,($/kg),2.74,-1.79,1.86,-2.14,39.8,-0.25
2011-04-01,2011,4,"Tea, Mombasa",Beverages,($/kg),2.67,-2.55,-7.61,2.69,36.22,-0.43
2011-05-01,2011,5,"Tea, Mombasa",Beverages,($/kg),2.62,-1.87,-6.09,12.45,26.57,-0.41
2011-06-01,2011,6,"Tea, Mombasa",Beverages,($/kg),2.71,3.44,-1.09,20.98,27.23,0.54
2011-07-01,2011,7,"Tea, Mombasa",Beverages,($/kg),2.8,3.32,4.87,20.69,30.23,0.39
2011-08-01,2011,8,"Tea, Mombasa",Beverages,($/kg),2.8,0.0,6.87,11.55,33.97,-0.4
2011-09-01,2011,9,"Tea, Mombasa",Beverages,($/kg),2.67,-4.64,-1.48,8.54,42.78,-1.55
2011-10-01,2011,10,"Tea, Mombasa",Beverages,($/kg),2.69,0.75,-3.93,8.03,54.6,-0.0
2011-11-01,2011,11,"Tea, Mombasa",Beverages,($/kg),2.66,-1.12,-5.0,5.56,54.65,-0.47
2011-12-01,2011,12,"Tea, Mombasa",Beverages,($/kg),2.61,-1.88,-2.25,-2.97,52.63,-0.61
2012-01-01,2012,1,"Tea, Mombasa",Beverages,($/kg),2.63,0.77,-2.23,-9.0,54.71,0.28
2012-02-01,2012,2,"Tea, Mombasa",Beverages,($/kg),2.64,0.38,-0.75,-5.38,60.0,0.45
2012-03-01,2012,3,"Tea, Mombasa",Beverages,($/kg),2.73,3.41,4.6,-0.36,67.48,1.63
2012-04-01,2012,4,"Tea, Mombasa",Beverages,($/kg),2.78,1.83,5.7,4.12,74.84,0.72
2012-05-01,2012,5,"Tea, Mombasa",Beverages,($/kg),2.8,0.72,6.06,6.87,80.65,0.14
2012-06-01,2012,6,"Tea, Mombasa",Beverages,($/kg),2.88,2.86,5.49,6.27,73.49,0.96
2012-07-01,2012,7,"Tea, Mombasa",Beverages,($/kg),2.99,3.82,7.55,6.79,82.32,1.42
2012-08-01,2012,8,"Tea, Mombasa",Beverages,($/kg),3.08,3.01,10.0,10.0,91.3,1.03
2012-09-01,2012,9,"Tea, Mombasa",Beverages,($/kg),3.04,-1.3,5.56,13.86,71.75,-0.86
2012-10-01,2012,10,"Tea, Mombasa",Beverages,($/kg),2.88,-5.26,-3.68,7.06,64.57,-3.32
2012-11-01,2012,11,"Tea, Mombasa",Beverages,($/kg),3.04,5.56,-1.3,14.29,77.78,1.86
2012-12-01,2012,12,"Tea, Mombasa",Beverages,($/kg),3.08,1.32,1.32,18.01,78.03,0.05
2013-01-01,2013,1,"Tea, Mombasa",Beverages,($/kg),3.05,-0.97,5.9,15.97,42.52,-0.86
2013-02-01,2013,2,"Tea, Mombasa",Beverages,($/kg),2.91,-4.59,-4.28,10.23,20.25,-2.04
2013-03-01,2013,3,"Tea, Mombasa",Beverages,($/kg),2.66,-8.59,-13.64,-2.56,26.67,-2.84
2013-04-01,2013,4,"Tea, Mombasa",Beverages,($/kg),2.37,-10.9,-22.3,-14.75,7.73,-2.57
2013-05-01,2013,5,"Tea, Mombasa",Beverages,($/kg),2.39,0.84,-17.87,-14.64,11.68,0.4
2013-06-01,2013,6,"Tea, Mombasa",Beverages,($/kg),2.31,-3.35,-13.16,-19.79,0.0,-0.42
2013-07-01,2013,7,"Tea, Mombasa",Beverages,($/kg),2.28,-1.3,-3.8,-23.75,-5.39,0.08
2013-08-01,2013,8,"Tea, Mombasa",Beverages,($/kg),2.28,0.0,-4.6,-25.97,-12.31,0.45
2013-09-01,2013,9,"Tea, Mombasa",Beverages,($/kg),2.12,-7.02,-8.23,-30.26,-17.51,-1.03
2013-10-01,2013,10,"Tea, Mombasa",Beverages,($/kg),2.0,-5.66,-12.28,-30.56,-10.31,-0.6
2013-11-01,2013,11,"Tea, Mombasa",Beverages,($/kg),2.09,4.5,-8.33,-31.25,20.81,1.58
2013-12-01,2013,12,"Tea, Mombasa",Beverages,($/kg),2.33,11.48,9.91,-24.35,31.64,3.2
2014-01-01,2014,1,"Tea, Mombasa",Beverages,($/kg),2.56,9.87,28.0,-16.07,16.89,1.97
2014-02-01,2014,2,"Tea, Mombasa",Beverages,($/kg),2.22,-13.28,6.22,-23.71,4.72,-1.72
2014-03-01,2014,3,"Tea, Mombasa",Beverages,($/kg),2.09,-5.86,-10.3,-21.43,-2.34,-0.5
2014-04-01,2014,4,"Tea, Mombasa",Beverages,($/kg),2.09,0.0,-18.36,-11.81,-5.43,0.23
2014-05-01,2014,5,"Tea, Mombasa",Beverages,($/kg),1.96,-6.22,-11.71,-17.99,-11.71,-0.77
2014-06-01,2014,6,"Tea, Mombasa",Beverages,($/kg),1.91,-2.55,-8.61,-17.32,-20.75,-0.16
2014-07-01,2014,7,"Tea, Mombasa",Beverages,($/kg),2.1,9.95,0.48,-7.89,-21.35,1.57
2014-08-01,2014,8,"Tea, Mombasa",Beverages,($/kg),2.03,-3.33,3.57,-10.96,-27.76,-0.37
2014-09-01,2014,9,"Tea, Mombasa",Beverages,($/kg),1.89,-6.9,-1.05,-10.85,-36.36,-0.78
2014-10-01,2014,10,"Tea, Mombasa",Beverages,($/kg),1.91,1.06,-9.05,-4.5,-26.82,0.22
2014-11-01,2014,11,"Tea, Mombasa",Beverages,($/kg),1.9,-0.52,-6.4,-9.09,-34.71,-0.05
2014-12-01,2014,12,"Tea, Mombasa",Beverages,($/kg),1.88,-1.05,-0.53,-19.31,-36.91,-0.07
2015-01-01,2015,1,"Tea, Mombasa",Beverages,($/kg),2.32,23.4,21.47,-9.38,-18.6,3.77
2015-02-01,2015,2,"Tea, Mombasa",Beverages,($/kg),2.42,4.31,27.37,9.01,-17.69,0.51
2015-03-01,2015,3,"Tea, Mombasa",Beverages,($/kg),2.72,12.4,44.68,30.14,-2.86,1.34
2015-04-01,2015,4,"Tea, Mombasa",Beverages,($/kg),2.77,1.84,19.4,32.54,6.54,-0.08
2015-05-01,2015,5,"Tea, Mombasa",Beverages,($/kg),3.09,11.55,27.69,57.65,32.62,1.01
2015-06-01,2015,6,"Tea, Mombasa",Beverages,($/kg),3.27,5.83,20.22,71.2,45.98,0.19
2015-07-01,2015,7,"Tea, Mombasa",Beverages,($/kg),3.39,3.67,22.38,61.43,46.12,-0.14
2015-08-01,2015,8,"Tea, Mombasa",Beverages,($/kg),3.17,-6.49,2.59,56.16,26.29,-1.32
2015-09-01,2015,9,"Tea, Mombasa",Beverages,($/kg),3.1,-2.21,-5.2,64.02,26.02,-0.74
2015-10-01,2015,10,"Tea, Mombasa",Beverages,($/kg),3.24,4.52,-4.42,69.63,30.12,0.0
2015-11-01,2015,11,"Tea, Mombasa",Beverages,($/kg),3.06,-5.56,-3.47,61.05,21.43,-1.29
2015-12-01,2015,12,"Tea, Mombasa",Beverages,($/kg),3.03,-0.98,-2.26,61.17,12.64,-0.63
2016-01-01,2016,1,"Tea, Mombasa",Beverages,($/kg),2.72,-10.23,-16.05,17.24,-5.88,-1.74
2016-02-01,2016,2,"Tea, Mombasa",Beverages,($/kg),2.48,-8.82,-18.95,2.48,-11.11,-1.49
2016-03-01,2016,3,"Tea, Mombasa",Beverages,($/kg),2.3,-7.26,-24.09,-15.44,-16.06,-1.03
2016-04-01,2016,4,"Tea, Mombasa",Beverages,($/kg),2.11,-8.26,-22.43,-23.83,-20.97,-1.05
2016-05-01,2016,5,"Tea, Mombasa",Beverages,($/kg),2.21,4.74,-10.89,-28.48,-15.65,0.97
2016-06-01,2016,6,"Tea, Mombasa",Beverages,($/kg),2.41,9.05,4.78,-26.3,-11.07,1.95
2016-07-01,2016,7,"Tea, Mombasa",Beverages,($/kg),2.43,0.83,15.17,-28.32,-13.21,0.49
2016-08-01,2016,8,"Tea, Mombasa",Beverages,($/kg),2.31,-4.94,4.52,-27.13,-17.5,-0.38
2016-09-01,2016,9,"Tea, Mombasa",Beverages,($/kg),2.33,0.87,-3.32,-24.84,-12.73,0.53
2016-10-01,2016,10,"Tea, Mombasa",Beverages,($/kg),2.39,2.58,-1.65,-26.23,-11.15,0.76
2016-11-01,2016,11,"Tea, Mombasa",Beverages,($/kg),2.68,12.13,16.02,-12.42,0.75,2.38
2016-12-01,2016,12,"Tea, Mombasa",Beverages,($/kg),2.67,-0.37,14.59,-11.88,2.3,0.07
2017-01-01,2017,1,"Tea, Mombasa",Beverages,($/kg),3.05,14.23,27.62,12.13,15.97,2.07
2017-02-01,2017,2,"Tea, Mombasa",Beverages,($/kg),3.06,0.33,14.18,23.39,15.91,-0.12
2017-03-01,2017,3,"Tea, Mombasa",Beverages,($/kg),2.92,-4.58,9.36,26.96,6.96,-0.92
2017-04-01,2017,4,"Tea, Mombasa",Beverages,($/kg),2.87,-1.71,-5.9,36.02,3.24,-0.57
2017-05-01,2017,5,"Tea, Mombasa",Beverages,($/kg),2.94,2.44,-3.92,33.03,5.0,-0.05
2017-06-01,2017,6,"Tea, Mombasa",Beverages,($/kg),3.14,6.8,7.53,30.29,9.03,0.69
2017-07-01,2017,7,"Tea, Mombasa",Beverages,($/kg),2.99,-4.78,4.18,23.05,0.0,-1.2
2017-08-01,2017,8,"Tea, Mombasa",Beverages,($/kg),2.9,-3.01,-1.36,25.54,-5.84,-0.78
2017-09-01,2017,9,"Tea, Mombasa",Beverages,($/kg),2.96,2.07,-5.73,27.04,-2.63,-0.0
2017-10-01,2017,10,"Tea, Mombasa",Beverages,($/kg),3.06,3.38,2.34,28.03,6.25,0.2
2017-11-01,2017,11,"Tea, Mombasa",Beverages,($/kg),2.98,-2.61,2.76,11.19,-1.97,-0.79
2017-12-01,2017,12,"Tea, Mombasa",Beverages,($/kg),2.79,-6.38,-5.74,4.49,-9.42,-1.37
2018-01-01,2018,1,"Tea, Mombasa",Beverages,($/kg),2.96,6.09,-3.27,-2.95,-2.95,0.96
2018-02-01,2018,2,"Tea, Mombasa",Beverages,($/kg),2.99,1.01,0.34,-2.29,2.75,0.27
2018-03-01,2018,3,"Tea, Mombasa",Beverages,($/kg),2.81,-6.02,0.72,-3.77,5.64,-1.36
2018-04-01,2018,4,"Tea, Mombasa",Beverages,($/kg),2.69,-4.27,-9.12,-6.27,13.5,-0.9
2018-05-01,2018,5,"Tea, Mombasa",Beverages,($/kg),2.62,-2.6,-12.37,-10.88,9.62,-0.47
2018-06-01,2018,6,"Tea, Mombasa",Beverages,($/kg),2.52,-3.82,-10.32,-19.75,9.09,-0.64
2018-07-01,2018,7,"Tea, Mombasa",Beverages,($/kg),2.49,-1.19,-7.43,-16.72,9.21,0.14
2018-08-01,2018,8,"Tea, Mombasa",Beverages,($/kg),2.4,-3.61,-8.4,-17.24,5.26,-0.56
2018-09-01,2018,9,"Tea, Mombasa",Beverages,($/kg),2.41,0.42,-4.37,-18.58,13.68,0.49
2018-10-01,2018,10,"Tea, Mombasa",Beverages,($/kg),2.42,0.41,-2.81,-20.92,21.0,0.54
2018-11-01,2018,11,"Tea, Mombasa",Beverages,($/kg),2.36,-2.48,-1.67,-20.81,12.92,-0.17
2018-12-01,2018,12,"Tea, Mombasa",Beverages,($/kg),2.3,-2.54,-4.56,-17.56,-1.29,-0.19
2019-01-01,2019,1,"Tea, Mombasa",Beverages,($/kg),2.26,-1.74,-6.61,-23.65,-11.72,-0.06
2019-02-01,2019,2,"Tea, Mombasa",Beverages,($/kg),2.16,-4.42,-8.47,-27.76,-2.7,-1.05
2019-03-01,2019,3,"Tea, Mombasa",Beverages,($/kg),2.13,-1.39,-7.39,-24.2,1.91,0.65
2019-04-01,2019,4,"Tea, Mombasa",Beverages,($/kg),2.26,6.1,0.0,-15.99,8.13,5.09
2019-05-01,2019,5,"Tea, Mombasa",Beverages,($/kg),2.39,5.75,10.65,-8.78,21.94,2.55
2019-06-01,2019,6,"Tea, Mombasa",Beverages,($/kg),2.16,-9.62,1.41,-14.29,13.09,-2.58
2019-07-01,2019,7,"Tea, Mombasa",Beverages,($/kg),2.0,-7.41,-11.5,-19.68,-4.76,-1.47
2019-08-01,2019,8,"Tea, Mombasa",Beverages,($/kg),2.11,5.5,-11.72,-12.08,3.94,1.57
2019-09-01,2019,9,"Tea, Mombasa",Beverages,($/kg),2.22,5.21,2.78,-7.88,17.46,1.23
2019-10-01,2019,10,"Tea, Mombasa",Beverages,($/kg),2.34,5.41,17.0,-3.31,22.51,1.12
2019-11-01,2019,11,"Tea, Mombasa",Beverages,($/kg),2.3,-1.71,9.0,-2.54,21.05,-0.28
2019-12-01,2019,12,"Tea, Mombasa",Beverages,($/kg),2.21,-3.91,-0.45,-3.91,17.55,-0.69
2020-01-01,2020,1,"Tea, Mombasa",Beverages,($/kg),2.29,3.62,-2.14,1.33,-1.29,0.68
2020-02-01,2020,2,"Tea, Mombasa",Beverages,($/kg),2.13,-6.99,-7.39,-1.39,-11.98,-1.27
2020-03-01,2020,3,"Tea, Mombasa",Beverages,($/kg),1.99,-6.57,-9.95,-6.57,-26.84,-1.12
2020-04-01,2020,4,"Tea, Mombasa",Beverages,($/kg),2.11,6.03,-7.86,-6.64,-23.83,1.03
2020-05-01,2020,5,"Tea, Mombasa",Beverages,($/kg),1.97,-6.64,-7.51,-17.57,-36.25,-1.0
2020-06-01,2020,6,"Tea, Mombasa",Beverages,($/kg),1.86,-5.58,-6.53,-13.89,-43.12,-0.68
2020-07-01,2020,7,"Tea, Mombasa",Beverages,($/kg),1.81,-2.69,-14.22,-9.5,-46.61,-0.28
2020-08-01,2020,8,"Tea, Mombasa",Beverages,($/kg),2.0,10.5,1.52,-5.21,-36.91,2.07
2020-09-01,2020,9,"Tea, Mombasa",Beverages,($/kg),2.03,1.5,9.14,-8.56,-34.52,0.29
2020-10-01,2020,10,"Tea, Mombasa",Beverages,($/kg),1.98,-2.46,9.39,-15.38,-38.89,-0.32
2020-11-01,2020,11,"Tea, Mombasa",Beverages,($/kg),1.99,0.51,-0.5,-13.48,-34.97,0.31
2020-12-01,2020,12,"Tea, Mombasa",Beverages,($/kg),1.94,-2.51,-4.43,-12.22,-35.97,-0.26
2021-01-01,2021,1,"Tea, Mombasa",Beverages,($/kg),2.03,4.64,2.53,-11.35,-25.37,1.01
2021-02-01,2021,2,"Tea, Mombasa",Beverages,($/kg),2.02,-0.49,1.51,-5.16,-18.55,0.06
2021-03-01,2021,3,"Tea, Mombasa",Beverages,($/kg),2.0,-0.99,3.09,0.5,-13.04,-0.13
2021-04-01,2021,4,"Tea, Mombasa",Beverages,($/kg),1.92,-4.0,-5.42,-9.0,-9.0,-0.84
2021-05-01,2021,5,"Tea, Mombasa",Beverages,($/kg),1.92,0.0,-4.95,-2.54,-13.12,0.15
2021-06-01,2021,6,"Tea, Mombasa",Beverages,($/kg),1.82,-5.21,-9.0,-2.15,-24.48,-1.18
2021-07-01,2021,7,"Tea, Mombasa",Beverages,($/kg),1.76,-3.3,-8.33,-2.76,-27.57,-0.75
2021-08-01,2021,8,"Tea, Mombasa",Beverages,($/kg),2.16,22.73,12.5,8.0,-6.49,5.35
2021-09-01,2021,9,"Tea, Mombasa",Beverages,($/kg),2.22,2.78,21.98,9.36,-4.72,0.26
2021-10-01,2021,10,"Tea, Mombasa",Beverages,($/kg),2.42,9.01,37.5,22.22,1.26,1.09
2021-11-01,2021,11,"Tea, Mombasa",Beverages,($/kg),2.48,2.48,14.81,24.62,-7.46,0.07
2021-12-01,2021,12,"Tea, Mombasa",Beverages,($/kg),2.62,5.65,18.02,35.05,-1.87,0.46
2022-01-01,2022,1,"Tea, Mombasa",Beverages,($/kg),2.68,2.29,10.74,32.02,-12.13,-0.06
2022-02-01,2022,2,"Tea, Mombasa",Beverages,($/kg),2.73,1.87,10.08,35.15,-10.78,-0.09
2022-03-01,2022,3,"Tea, Mombasa",Beverages,($/kg),2.54,-6.96,-3.05,27.0,-13.01,-1.3
2022-04-01,2022,4,"Tea, Mombasa",Beverages,($/kg),2.53,-0.39,-5.6,31.77,-11.85,-0.34
2022-05-01,2022,5,"Tea, Mombasa",Beverages,($/kg),2.38,-5.93,-12.82,23.96,-19.05,-1.1
2022-06-01,2022,6,"Tea, Mombasa",Beverages,($/kg),2.11,-11.34,-16.93,15.93,-32.8,-1.66
2022-07-01,2022,7,"Tea, Mombasa",Beverages,($/kg),2.37,12.32,-6.32,34.66,-20.74,1.23
2022-08-01,2022,8,"Tea, Mombasa",Beverages,($/kg),2.36,-0.42,-0.84,9.26,-18.62,-0.36
2022-09-01,2022,9,"Tea, Mombasa",Beverages,($/kg),2.36,0.0,11.85,6.31,-20.27,-0.14
2022-10-01,2022,10,"Tea, Mombasa",Beverages,($/kg),2.46,4.24,3.8,1.65,-19.61,0.53
2022-11-01,2022,11,"Tea, Mombasa",Beverages,($/kg),2.49,1.22,5.51,0.4,-16.44,0.14
2022-12-01,2022,12,"Tea, Mombasa",Beverages,($/kg),2.39,-4.02,1.27,-8.78,-14.34,-0.68
2023-01-01,2023,1,"Tea, Mombasa",Beverages,($/kg),2.33,-2.51,-5.28,-13.06,-21.28,-0.32
2023-02-01,2023,2,"Tea, Mombasa",Beverages,($/kg),2.29,-1.72,-8.03,-16.12,-23.41,-0.12
2023-03-01,2023,3,"Tea, Mombasa",Beverages,($/kg),2.4,4.8,0.42,-5.51,-14.59,1.02
2023-04-01,2023,4,"Tea, Mombasa",Beverages,($/kg),2.35,-2.08,0.86,-7.11,-12.64,-0.3
2023-05-01,2023,5,"Tea, Mombasa",Beverages,($/kg),2.23,-5.11,-2.62,-6.3,-14.89,-0.79
2023-06-01,2023,6,"Tea, Mombasa",Beverages,($/kg),2.09,-6.28,-12.92,-0.95,-17.06,-1.01
2023-07-01,2023,7,"Tea, Mombasa",Beverages,($/kg),2.06,-1.44,-12.34,-13.08,-17.27,-0.29
2023-08-01,2023,8,"Tea, Mombasa",Beverages,($/kg),2.25,9.22,0.9,-4.66,-6.25,3.06
2023-09-01,2023,9,"Tea, Mombasa",Beverages,($/kg),2.25,0.0,7.66,-4.66,-6.64,0.07
2023-10-01,2023,10,"Tea, Mombasa",Beverages,($/kg),2.16,-4.0,4.85,-12.2,-10.74,-0.82
2023-11-01,2023,11,"Tea, Mombasa",Beverages,($/kg),2.18,0.93,-3.11,-12.45,-7.63,0.44
2023-12-01,2023,12,"Tea, Mombasa",Beverages,($/kg),2.19,0.46,-2.67,-8.37,-4.78,0.34
2024-01-01,2024,1,"Tea, Mombasa",Beverages,($/kg),2.2,0.46,1.85,-5.58,-2.65,0.26
2024-02-01,2024,2,"Tea, Mombasa",Beverages,($/kg),2.23,1.36,2.29,-2.62,3.24,0.41
2024-03-01,2024,3,"Tea, Mombasa",Beverages,($/kg),2.15,-3.59,-1.83,-10.42,0.94,-0.81
2024-04-01,2024,4,"Tea, Mombasa",Beverages,($/kg),2.31,7.44,5.0,-1.7,2.21,2.04
2024-05-01,2024,5,"Tea, Mombasa",Beverages,($/kg),2.17,-6.06,-2.69,-2.69,-9.21,-1.29
2024-06-01,2024,6,"Tea, Mombasa",Beverages,($/kg),2.14,-1.38,-0.47,2.39,-0.93,-0.26
2024-07-01,2024,7,"Tea, Mombasa",Beverages,($/kg),2.2,2.8,-4.76,6.8,10.0,0.57
2024-08-01,2024,8,"Tea, Mombasa",Beverages,($/kg),2.2,0.0,1.38,-2.22,4.27,-0.14
2024-09-01,2024,9,"Tea, Mombasa",Beverages,($/kg),2.1,-4.55,-1.87,-6.67,-5.41,-1.27
2024-10-01,2024,10,"Tea, Mombasa",Beverages,($/kg),2.07,-1.43,-5.91,-4.17,-11.54,-0.25
2024-11-01,2024,11,"Tea, Mombasa",Beverages,($/kg),2.24,8.21,1.82,2.75,-2.61,2.39
2024-12-01,2024,12,"Tea, Mombasa",Beverages,($/kg),2.19,-2.23,4.29,0.0,-0.9,-0.59
2025-01-01,2025,1,"Tea, Mombasa",Beverages,($/kg),2.24,2.28,8.21,1.82,-2.18,0.5
2025-02-01,2025,2,"Tea, Mombasa",Beverages,($/kg),2.25,0.45,0.45,0.9,5.63,0.05
2025-03-01,2025,3,"Tea, Mombasa",Beverages,($/kg),2.22,-1.33,1.37,3.26,11.56,-0.34
2025-04-01,2025,4,"Tea, Mombasa",Beverages,($/kg),2.11,-4.95,-5.8,-8.66,0.0,-1.24
2025-05-01,2025,5,"Tea, Mombasa",Beverages,($/kg),1.91,-9.48,-15.11,-11.98,-3.05,-2.25
2025-06-01,2025,6,"Tea, Mombasa",Beverages,($/kg),2.0,4.71,-9.91,-6.54,7.53,1.28
2025-07-01,2025,7,"Tea, Mombasa",Beverages,($/kg),2.05,2.5,-2.84,-6.82,13.26,0.63
2025-08-01,2025,8,"Tea, Mombasa",Beverages,($/kg),2.14,4.39,12.04,-2.73,7.0,1.04
2025-09-01,2025,9,"Tea, Mombasa",Beverages,($/kg),2.08,-2.8,4.0,-0.95,2.46,-0.55
2025-10-01,2025,10,"Tea, Mombasa",Beverages,($/kg),2.23,7.21,8.78,7.73,12.63,1.5
2025-11-01,2025,11,"Tea, Mombasa",Beverages,($/kg),2.27,1.79,6.07,1.34,14.07,0.2
2025-12-01,2025,12,"Tea, Mombasa",Beverages,($/kg),2.26,-0.44,8.65,3.2,16.49,-0.14
2026-01-01,2026,1,"Tea, Mombasa",Beverages,($/kg),2.26,0.0,1.35,0.89,11.33,-0.08
2026-02-01,2026,2,"Tea, Mombasa",Beverages,($/kg),2.34,3.54,3.08,4.0,15.84,0.74
2026-03-01,2026,3,"Tea, Mombasa",Beverages,($/kg),2.32,-0.85,2.65,4.5,16.0,-0.28
2026-04-01,2026,4,"Tea, Mombasa",Beverages,($/kg),2.32,0.0,2.65,9.95,20.83,-0.1
2026-05-01,2026,5,"Tea, Mombasa",Beverages,($/kg),2.18,-6.03,-6.84,14.14,13.54,-1.6
2026-06-01,2026,6,"Tea, Mombasa",Beverages,($/kg),2.27,4.13,-2.16,13.5,24.73,0.82
2026-07-01,2026,7,"Tea, Mombasa",Beverages,($/kg),2.24,-1.32,-3.45,9.27,27.27,-0.68
2026-08-01,2026,8,"Tea, Mombasa",Beverages,($/kg),2.25,0.45,3.21,5.14,4.17,-0.1
2026-09-01,2026,9,"Tea, Mombasa",Beverages,($/kg),2.3,2.22,1.32,10.58,3.6,0.51
1960-01-01,1960,1,"Tea, avg 3 auctions",Beverages,($/kg),1.03,,,,,
1960-02-01,1960,2,"Tea, avg 3 auctions",Beverages,($/kg),1.03,0.0,,,,
1960-03-01,1960,3,"Tea, avg 3 auctions",Beverages,($/kg),1.03,0.0,,,,
1960-04-01,1960,4,"Tea, avg 3 auctions",Beverages,($/kg),1.03,0.0,0.0,,,
1960-05-01,1960,5,"Tea, avg 3 auctions",Beverages,($/kg),1.03,0.0,0.0,,,
1960-06-01,1960,6,"Tea, avg 3 auctions",Beverages,($/kg),1.03,0.0,0.0,,,
1960-07-01,1960,7,"Tea, avg 3 auctions",Beverages,($/kg),1.03,0.0,0.0,,,
1960-08-01,1960,8,"Tea, avg 3 auctions",Beverages,($/kg),1.03,0.0,0.0,,,0.0
1960-09-01,1960,9,"Tea, avg 3 auctions",Beverages,($/kg),1.03,0.0,0.0,,,0.0
1960-10-01,1960,10,"Tea, avg 3 auctions",Beverages,($/kg),1.03,0.0,0.0,,,0.0
1960-11-01,1960,11,"Tea, avg 3 auctions",Beverages,($/kg),1.03,0.0,0.0,,,0.0
1960-12-01,1960,12,"Tea, avg 3 auctions",Beverages,($/kg),1.03,0.0,0.0,,,0.0
1961-01-01,1961,1,"Tea, avg 3 auctions",Beverages,($/kg),0.95,-7.77,-7.77,-7.77,,0.0
1961-02-01,1961,2,"Tea, avg 3 auctions",Beverages,($/kg),0.95,0.0,-7.77,-7.77,,0.29
1961-03-01,1961,3,"Tea, avg 3 auctions",Beverages,($/kg),0.95,0.0,-7.77,-7.77,,0.29
1961-04-01,1961,4,"Tea, avg 3 auctions",Beverages,($/kg),0.95,0.0,0.0,-7.77,,0.29
1961-05-01,1961,5,"Tea, avg 3 auctions",Beverages,($/kg),0.95,0.0,0.0,-7.77,,0.29
1961-06-01,1961,6,"Tea, avg 3 auctions",Beverages,($/kg),0.95,0.0,0.0,-7.77,,0.29
1961-07-01,1961,7,"Tea, avg 3 auctions",Beverages,($/kg),0.95,0.0,0.0,-7.77,,0.29
1961-08-01,1961,8,"Tea, avg 3 auctions",Beverages,($/kg),0.95,0.0,0.0,-7.77,,0.29
1961-09-01,1961,9,"Tea, avg 3 auctions",Beverages,($/kg),0.95,0.0,0.0,-7.77,,0.29
1961-10-01,1961,10,"Tea, avg 3 auctions",Beverages,($/kg),0.95,0.0,0.0,-7.77,,0.29
1961-11-01,1961,11,"Tea, avg 3 auctions",Beverages,($/kg),0.95,0.0,0.0,-7.77,,0.29
1961-12-01,1961,12,"Tea, avg 3 auctions",Beverages,($/kg),0.95,0.0,0.0,-7.77,,0.29
1962-01-01,1962,1,"Tea, avg 3 auctions",Beverages,($/kg),0.97,2.11,2.11,2.11,,1.23
1962-02-01,1962,2,"Tea, avg 3 auctions",Beverages,($/kg),0.97,0.0,2.11,2.11,,-0.29
1962-03-01,1962,3,"Tea, avg 3 auctions",Beverages,($/kg),0.97,0.0,2.11,2.11,,-0.29
1962-04-01,1962,4,"Tea, avg 3 auctions",Beverages,($/kg),0.97,0.0,0.0,2.11,,-0.29
1962-05-01,1962,5,"Tea, avg 3 auctions",Beverages,($/kg),0.97,0.0,0.0,2.11,,-0.29
1962-06-01,1962,6,"Tea, avg 3 auctions",Beverages,($/kg),0.97,0.0,0.0,2.11,,-0.29
1962-07-01,1962,7,"Tea, avg 3 auctions",Beverages,($/kg),0.97,0.0,0.0,2.11,,-0.29
1962-08-01,1962,8,"Tea, avg 3 auctions",Beverages,($/kg),0.97,0.0,0.0,2.11,,-0.29
1962-09-01,1962,9,"Tea, avg 3 auctions",Beverages,($/kg),0.97,0.0,0.0,2.11,,-0.29
1962-10-01,1962,10,"Tea, avg 3 auctions",Beverages,($/kg),0.97,0.0,0.0,2.11,,-0.29
1962-11-01,1962,11,"Tea, avg 3 auctions",Beverages,($/kg),0.97,0.0,0.0,2.11,,-0.29
1962-12-01,1962,12,"Tea, avg 3 auctions",Beverages,($/kg),0.97,0.0,0.0,2.11,,-0.29
1963-01-01,1963,1,"Tea, avg 3 auctions",Beverages,($/kg),0.95,-2.06,-2.06,-2.06,,-3.68
1963-02-01,1963,2,"Tea, avg 3 auctions",Beverages,($/kg),0.95,0.0,-2.06,-2.06,,0.29
1963-03-01,1963,3,"Tea, avg 3 auctions",Beverages,($/kg),0.95,0.0,-2.06,-2.06,,0.29
1963-04-01,1963,4,"Tea, avg 3 auctions",Beverages,($/kg),0.95,0.0,0.0,-2.06,,0.29
1963-05-01,1963,5,"Tea, avg 3 auctions",Beverages,($/kg),0.95,0.0,0.0,-2.06,,0.29
1963-06-01,1963,6,"Tea, avg 3 auctions",Beverages,($/kg),0.95,0.0,0.0,-2.06,,0.29
1963-07-01,1963,7,"Tea, avg 3 auctions",Beverages,($/kg),0.95,0.0,0.0,-2.06,,0.29
1963-08-01,1963,8,"Tea, avg 3 auctions",Beverages,($/kg),0.95,0.0,0.0,-2.06,,0.29
1963-09-01,1963,9,"Tea, avg 3 auctions",Beverages,($/kg),0.95,0.0,0.0,-2.06,,0.29
1963-10-01,1963,10,"Tea, avg 3 auctions",Beverages,($/kg),0.95,0.0,0.0,-2.06,,0.29
1963-11-01,1963,11,"Tea, avg 3 auctions",Beverages,($/kg),0.95,0.0,0.0,-2.06,,0.29
1963-12-01,1963,12,"Tea, avg 3 auctions",Beverages,($/kg),0.95,0.0,0.0,-2.06,,0.29
1964-01-01,1964,1,"Tea, avg 3 auctions",Beverages,($/kg),0.93,-2.11,-2.11,-2.11,,-3.25
1964-02-01,1964,2,"Tea, avg 3 auctions",Beverages,($/kg),0.93,0.0,-2.11,-2.11,,0.29
1964-03-01,1964,3,"Tea, avg 3 auctions",Beverages,($/kg),0.93,0.0,-2.11,-2.11,,0.29
1964-04-01,1964,4,"Tea, avg 3 auctions",Beverages,($/kg),0.93,0.0,0.0,-2.11,,0.29
1964-05-01,1964,5,"Tea, avg 3 auctions",Beverages,($/kg),0.93,0.0,0.0,-2.11,,0.29
1964-06-01,1964,6,"Tea, avg 3 auctions",Beverages,($/kg),0.93,0.0,0.0,-2.11,,0.29
1964-07-01,1964,7,"Tea, avg 3 auctions",Beverages,($/kg),0.93,0.0,0.0,-2.11,,0.29
1964-08-01,1964,8,"Tea, avg 3 auctions",Beverages,($/kg),0.93,0.0,0.0,-2.11,,0.29
1964-09-01,1964,9,"Tea, avg 3 auctions",Beverages,($/kg),0.93,0.0,0.0,-2.11,,0.29
1964-10-01,1964,10,"Tea, avg 3 auctions",Beverages,($/kg),0.93,0.0,0.0,-2.11,,0.29
1964-11-01,1964,11,"Tea, avg 3 auctions",Beverages,($/kg),0.93,0.0,0.0,-2.11,,0.29
1964-12-01,1964,12,"Tea, avg 3 auctions",Beverages,($/kg),0.93,0.0,0.0,-2.11,,0.29
1965-01-01,1965,1,"Tea, avg 3 auctions",Beverages,($/kg),1.0,7.53,7.53,7.53,-2.91,12.67
1965-02-01,1965,2,"Tea, avg 3 auctions",Beverages,($/kg),1.0,0.0,7.53,7.53,-2.91,-0.29
1965-03-01,1965,3,"Tea, avg 3 auctions",Beverages,($/kg),1.0,0.0,7.53,7.53,-2.91,-0.29
1965-04-01,1965,4,"Tea, avg 3 auctions",Beverages,($/kg),1.0,0.0,0.0,7.53,-2.91,-0.29
1965-05-01,1965,5,"Tea, avg 3 auctions",Beverages,($/kg),1.0,0.0,0.0,7.53,-2.91,-0.29
1965-06-01,1965,6,"Tea, avg 3 auctions",Beverages,($/kg),1.0,0.0,0.0,7.53,-2.91,-0.29
1965-07-01,1965,7,"Tea, avg 3 auctions",Beverages,($/kg),1.0,0.0,0.0,7.53,-2.91,-0.29
1965-08-01,1965,8,"Tea, avg 3 auctions",Beverages,($/kg),1.0,0.0,0.0,7.53,-2.91,-0.29
1965-09-01,1965,9,"Tea, avg 3 auctions",Beverages,($/kg),1.0,0.0,0.0,7.53,-2.91,-0.29
1965-10-01,1965,10,"Tea, avg 3 auctions",Beverages,($/kg),1.0,0.0,0.0,7.53,-2.91,-0.29
1965-11-01,1965,11,"Tea, avg 3 auctions",Beverages,($/kg),1.0,0.0,0.0,7.53,-2.91,-0.29
1965-12-01,1965,12,"Tea, avg 3 auctions",Beverages,($/kg),1.0,0.0,0.0,7.53,-2.91,-0.29
1966-01-01,1966,1,"Tea, avg 3 auctions",Beverages,($/kg),0.96,-4.0,-4.0,-4.0,1.05,-2.13
1966-02-01,1966,2,"Tea, avg 3 auctions",Beverages,($/kg),0.96,0.0,-4.0,-4.0,1.05,0.29
1966-03-01,1966,3,"Tea, avg 3 auctions",Beverages,($/kg),0.96,0.0,-4.0,-4.0,1.05,0.29
1966-04-01,1966,4,"Tea, avg 3 auctions",Beverages,($/kg),0.96,0.0,0.0,-4.0,1.05,0.29
1966-05-01,1966,5,"Tea, avg 3 auctions",Beverages,($/kg),0.96,0.0,0.0,-4.0,1.05,0.29
1966-06-01,1966,6,"Tea, avg 3 auctions",Beverages,($/kg),0.81,-15.62,-15.62,-19.0,-14.74,-13.24
1966-07-01,1966,7,"Tea, avg 3 auctions",Beverages,($/kg),0.81,0.0,-15.62,-19.0,-14.74,0.36
1966-08-01,1966,8,"Tea, avg 3 auctions",Beverages,($/kg),0.81,0.0,-15.62,-19.0,-14.74,0.36
1966-09-01,1966,9,"Tea, avg 3 auctions",Beverages,($/kg),0.81,0.0,0.0,-19.0,-14.74,0.36
1966-10-01,1966,10,"Tea, avg 3 auctions",Beverages,($/kg),0.81,0.0,0.0,-19.0,-14.74,0.36
1966-11-01,1966,11,"Tea, avg 3 auctions",Beverages,($/kg),0.81,0.0,0.0,-19.0,-14.74,0.36
1966-12-01,1966,12,"Tea, avg 3 auctions",Beverages,($/kg),0.81,0.0,0.0,-19.0,-14.74,0.36
1967-01-01,1967,1,"Tea, avg 3 auctions",Beverages,($/kg),0.84,3.7,3.7,-12.5,-13.4,1.17
1967-02-01,1967,2,"Tea, avg 3 auctions",Beverages,($/kg),0.84,0.0,3.7,-12.5,-13.4,0.21
1967-03-01,1967,3,"Tea, avg 3 auctions",Beverages,($/kg),0.84,0.0,3.7,-12.5,-13.4,0.21
1967-04-01,1967,4,"Tea, avg 3 auctions",Beverages,($/kg),0.84,0.0,0.0,-12.5,-13.4,0.21
1967-05-01,1967,5,"Tea, avg 3 auctions",Beverages,($/kg),0.84,0.0,0.0,-12.5,-13.4,0.21
1967-06-01,1967,6,"Tea, avg 3 auctions",Beverages,($/kg),0.84,0.0,0.0,3.7,-13.4,0.21
1967-07-01,1967,7,"Tea, avg 3 auctions",Beverages,($/kg),0.84,0.0,0.0,3.7,-13.4,-0.29
1967-08-01,1967,8,"Tea, avg 3 auctions",Beverages,($/kg),0.84,0.0,0.0,3.7,-13.4,-0.29
1967-09-01,1967,9,"Tea, avg 3 auctions",Beverages,($/kg),0.84,0.0,0.0,3.7,-13.4,-0.29
1967-10-01,1967,10,"Tea, avg 3 auctions",Beverages,($/kg),0.84,0.0,0.0,3.7,-13.4,-0.29
1967-11-01,1967,11,"Tea, avg 3 auctions",Beverages,($/kg),0.84,0.0,0.0,3.7,-13.4,-0.29
1967-12-01,1967,12,"Tea, avg 3 auctions",Beverages,($/kg),0.79,-5.95,-5.95,-2.47,-18.56,-5.86
1968-01-01,1968,1,"Tea, avg 3 auctions",Beverages,($/kg),0.75,-5.06,-10.71,-10.71,-21.05,-2.32
1968-02-01,1968,2,"Tea, avg 3 auctions",Beverages,($/kg),0.75,0.0,-10.71,-10.71,-21.05,0.43
1968-03-01,1968,3,"Tea, avg 3 auctions",Beverages,($/kg),0.75,0.0,-5.06,-10.71,-21.05,0.43
1968-04-01,1968,4,"Tea, avg 3 auctions",Beverages,($/kg),0.75,0.0,0.0,-10.71,-21.05,0.43
1968-05-01,1968,5,"Tea, avg 3 auctions",Beverages,($/kg),0.75,0.0,0.0,-10.71,-21.05,0.43
1968-06-01,1968,6,"Tea, avg 3 auctions",Beverages,($/kg),0.75,0.0,0.0,-10.71,-21.05,0.43
1968-07-01,1968,7,"Tea, avg 3 auctions",Beverages,($/kg),0.75,0.0,0.0,-10.71,-21.05,0.43
1968-08-01,1968,8,"Tea, avg 3 auctions",Beverages,($/kg),0.75,0.0,0.0,-10.71,-21.05,0.43
1968-09-01,1968,9,"Tea, avg 3 auctions",Beverages,($/kg),0.75,0.0,0.0,-10.71,-21.05,0.43
1968-10-01,1968,10,"Tea, avg 3 auctions",Beverages,($/kg),0.75,0.0,0.0,-10.71,-21.05,0.43
1968-11-01,1968,11,"Tea, avg 3 auctions",Beverages,($/kg),0.75,0.0,0.0,-10.71,-21.05,0.43
1968-12-01,1968,12,"Tea, avg 3 auctions",Beverages,($/kg),0.75,0.0,0.0,-5.06,-21.05,0.43
1969-01-01,1969,1,"Tea, avg 3 auctions",Beverages,($/kg),0.73,-2.67,-2.67,-2.67,-21.51,-1.54
1969-02-01,1969,2,"Tea, avg 3 auctions",Beverages,($/kg),0.73,0.0,-2.67,-2.67,-21.51,0.29
1969-03-01,1969,3,"Tea, avg 3 auctions",Beverages,($/kg),0.73,0.0,-2.67,-2.67,-21.51,0.29
1969-04-01,1969,4,"Tea, avg 3 auctions",Beverages,($/kg),0.73,0.0,0.0,-2.67,-21.51,0.29
1969-05-01,1969,5,"Tea, avg 3 auctions",Beverages,($/kg),0.73,0.0,0.0,-2.67,-21.51,0.29
1969-06-01,1969,6,"Tea, avg 3 auctions",Beverages,($/kg),0.73,0.0,0.0,-2.67,-21.51,0.29
1969-07-01,1969,7,"Tea, avg 3 auctions",Beverages,($/kg),0.73,0.0,0.0,-2.67,-21.51,0.29
1969-08-01,1969,8,"Tea, avg 3 auctions",Beverages,($/kg),0.73,0.0,0.0,-2.67,-21.51,0.29
1969-09-01,1969,9,"Tea, avg 3 auctions",Beverages,($/kg),0.73,0.0,0.0,-2.67,-21.51,0.29
1969-10-01,1969,10,"Tea, avg 3 auctions",Beverages,($/kg),0.73,0.0,0.0,-2.67,-21.51,0.29
1969-11-01,1969,11,"Tea, avg 3 auctions",Beverages,($/kg),0.73,0.0,0.0,-2.67,-21.51,0.29
1969-12-01,1969,12,"Tea, avg 3 auctions",Beverages,($/kg),0.73,0.0,0.0,-2.67,-21.51,0.29
1970-01-01,1970,1,"Tea, avg 3 auctions",Beverages,($/kg),0.84,15.07,15.07,15.07,-16.0,19.86
1970-02-01,1970,2,"Tea, avg 3 auctions",Beverages,($/kg),0.84,0.0,15.07,15.07,-16.0,-0.29
1970-03-01,1970,3,"Tea, avg 3 auctions",Beverages,($/kg),0.84,0.0,15.07,15.07,-16.0,-0.29
1970-04-01,1970,4,"Tea, avg 3 auctions",Beverages,($/kg),0.84,0.0,0.0,15.07,-16.0,-0.29
1970-05-01,1970,5,"Tea, avg 3 auctions",Beverages,($/kg),0.84,0.0,0.0,15.07,-16.0,-0.29
1970-06-01,1970,6,"Tea, avg 3 auctions",Beverages,($/kg),0.84,0.0,0.0,15.07,-16.0,-0.29
1970-07-01,1970,7,"Tea, avg 3 auctions",Beverages,($/kg),0.84,0.0,0.0,15.07,-16.0,-0.29
1970-08-01,1970,8,"Tea, avg 3 auctions",Beverages,($/kg),0.84,0.0,0.0,15.07,-16.0,-0.29
1970-09-01,1970,9,"Tea, avg 3 auctions",Beverages,($/kg),0.84,0.0,0.0,15.07,-16.0,-0.29
1970-10-01,1970,10,"Tea, avg 3 auctions",Beverages,($/kg),0.84,0.0,0.0,15.07,-16.0,-0.29
1970-11-01,1970,11,"Tea, avg 3 auctions",Beverages,($/kg),0.84,0.0,0.0,15.07,-16.0,-0.29
1970-12-01,1970,12,"Tea, avg 3 auctions",Beverages,($/kg),0.84,0.0,0.0,15.07,-16.0,-0.29
1971-01-01,1971,1,"Tea, avg 3 auctions",Beverages,($/kg),0.78,-7.14,-7.14,-7.14,-18.75,-1.93
1971-02-01,1971,2,"Tea, avg 3 auctions",Beverages,($/kg),0.78,0.0,-7.14,-7.14,-18.75,0.29
1971-03-01,1971,3,"Tea, avg 3 auctions",Beverages,($/kg),0.76,-2.56,-9.52,-9.52,-20.83,-0.95
1971-04-01,1971,4,"Tea, avg 3 auctions",Beverages,($/kg),1.03,35.53,32.05,22.62,7.29,17.09
1971-05-01,1971,5,"Tea, avg 3 auctions",Beverages,($/kg),0.91,-11.65,16.67,8.33,-5.21,-1.29
1971-06-01,1971,6,"Tea, avg 3 auctions",Beverages,($/kg),0.85,-6.59,11.84,1.19,4.94,-0.68
1971-07-01,1971,7,"Tea, avg 3 auctions",Beverages,($/kg),0.91,7.06,-11.65,8.33,12.35,0.55
1971-08-01,1971,8,"Tea, avg 3 auctions",Beverages,($/kg),0.86,-5.49,-5.49,2.38,6.17,-0.57
1971-09-01,1971,9,"Tea, avg 3 auctions",Beverages,($/kg),0.85,-1.16,0.0,1.19,4.94,-0.16
1971-10-01,1971,10,"Tea, avg 3 auctions",Beverages,($/kg),0.85,0.0,-6.59,1.19,4.94,-0.06
1971-11-01,1971,11,"Tea, avg 3 auctions",Beverages,($/kg),0.82,-3.53,-4.65,-2.38,1.23,-0.35
1971-12-01,1971,12,"Tea, avg 3 auctions",Beverages,($/kg),0.8,-2.44,-5.88,-4.76,-1.23,-0.23
1972-01-01,1972,1,"Tea, avg 3 auctions",Beverages,($/kg),0.79,-1.25,-7.06,1.28,-5.95,-0.12
1972-02-01,1972,2,"Tea, avg 3 auctions",Beverages,($/kg),0.79,0.0,-3.66,1.28,-5.95,-0.06
1972-03-01,1972,3,"Tea, avg 3 auctions",Beverages,($/kg),0.8,1.27,0.0,5.26,-4.76,0.05
1972-04-01,1972,4,"Tea, avg 3 auctions",Beverages,($/kg),0.81,1.25,2.53,-21.36,-3.57,0.02
1972-05-01,1972,5,"Tea, avg 3 auctions",Beverages,($/kg),0.86,6.17,8.86,-5.49,2.38,1.72
1972-06-01,1972,6,"Tea, avg 3 auctions",Beverages,($/kg),0.87,1.16,8.75,2.35,3.57,0.38
1972-07-01,1972,7,"Tea, avg 3 auctions",Beverages,($/kg),0.79,-9.2,-2.47,-13.19,-5.95,-2.62
1972-08-01,1972,8,"Tea, avg 3 auctions",Beverages,($/kg),0.77,-2.53,-10.47,-10.47,-8.33,-0.37
1972-09-01,1972,9,"Tea, avg 3 auctions",Beverages,($/kg),0.76,-1.3,-12.64,-10.59,-9.52,-0.12
1972-10-01,1972,10,"Tea, avg 3 auctions",Beverages,($/kg),0.74,-2.63,-6.33,-12.94,-11.9,-0.48
1972-11-01,1972,11,"Tea, avg 3 auctions",Beverages,($/kg),0.71,-4.05,-7.79,-13.41,-15.48,-0.81
1972-12-01,1972,12,"Tea, avg 3 auctions",Beverages,($/kg),0.71,0.0,-6.58,-11.25,-10.13,0.3
1973-01-01,1973,1,"Tea, avg 3 auctions",Beverages,($/kg),0.72,1.41,-2.7,-8.86,-4.0,0.63
1973-02-01,1973,2,"Tea, avg 3 auctions",Beverages,($/kg),0.73,1.39,2.82,-7.59,-2.67,0.56
1973-03-01,1973,3,"Tea, avg 3 auctions",Beverages,($/kg),0.73,0.0,2.82,-8.75,-2.67,0.16
1973-04-01,1973,4,"Tea, avg 3 auctions",Beverages,($/kg),0.8,9.59,11.11,-1.23,6.67,2.74
1973-05-01,1973,5,"Tea, avg 3 auctions",Beverages,($/kg),0.81,1.25,10.96,-5.81,8.0,0.26
1973-06-01,1973,6,"Tea, avg 3 auctions",Beverages,($/kg),0.84,3.7,15.07,-3.45,12.0,0.94
1973-07-01,1973,7,"Tea, avg 3 auctions",Beverages,($/kg),0.87,3.57,8.75,10.13,16.0,0.83
1973-08-01,1973,8,"Tea, avg 3 auctions",Beverages,($/kg),0.85,-2.3,4.94,10.39,13.33,-0.87
1973-09-01,1973,9,"Tea, avg 3 auctions",Beverages,($/kg),0.81,-4.71,-3.57,6.58,8.0,-1.54
1973-10-01,1973,10,"Tea, avg 3 auctions",Beverages,($/kg),0.79,-2.47,-9.2,6.76,5.33,-0.78
1973-11-01,1973,11,"Tea, avg 3 auctions",Beverages,($/kg),0.76,-3.8,-10.59,7.04,1.33,-1.12
1973-12-01,1973,12,"Tea, avg 3 auctions",Beverages,($/kg),0.74,-2.63,-8.64,4.23,-1.33,-0.84
1974-01-01,1974,1,"Tea, avg 3 auctions",Beverages,($/kg),0.84,13.51,6.33,16.67,15.07,3.27
1974-02-01,1974,2,"Tea, avg 3 auctions",Beverages,($/kg),0.87,3.57,14.47,19.18,19.18,0.39
1974-03-01,1974,3,"Tea, avg 3 auctions",Beverages,($/kg),0.94,8.05,27.03,28.77,28.77,1.16
1974-04-01,1974,4,"Tea, avg 3 auctions",Beverages,($/kg),1.15,22.34,36.9,43.75,57.53,3.45
1974-05-01,1974,5,"Tea, avg 3 auctions",Beverages,($/kg),1.09,-5.22,25.29,34.57,49.32,-1.07
1974-06-01,1974,6,"Tea, avg 3 auctions",Beverages,($/kg),1.19,9.17,26.6,41.67,63.01,0.76
1974-07-01,1974,7,"Tea, avg 3 auctions",Beverages,($/kg),1.31,10.08,13.91,50.57,79.45,0.8
1974-08-01,1974,8,"Tea, avg 3 auctions",Beverages,($/kg),1.18,-9.92,8.26,38.82,61.64,-1.56
1974-09-01,1974,9,"Tea, avg 3 auctions",Beverages,($/kg),1.12,-5.08,-5.88,38.27,53.42,-0.87
1974-10-01,1974,10,"Tea, avg 3 auctions",Beverages,($/kg),1.11,-0.89,-15.27,40.51,52.05,-0.42
1974-11-01,1974,11,"Tea, avg 3 auctions",Beverages,($/kg),1.13,1.8,-4.24,48.68,54.79,-0.15
1974-12-01,1974,12,"Tea, avg 3 auctions",Beverages,($/kg),1.18,4.42,5.36,59.46,61.64,0.07
1975-01-01,1975,1,"Tea, avg 3 auctions",Beverages,($/kg),1.14,-3.39,2.7,35.71,35.71,-0.85
1975-02-01,1975,2,"Tea, avg 3 auctions",Beverages,($/kg),1.13,-0.88,0.0,29.89,34.52,-0.43
1975-03-01,1975,3,"Tea, avg 3 auctions",Beverages,($/kg),1.1,-2.65,-6.78,17.02,30.95,-0.59
1975-04-01,1975,4,"Tea, avg 3 auctions",Beverages,($/kg),1.37,24.55,20.18,19.13,63.1,2.61
1975-05-01,1975,5,"Tea, avg 3 auctions",Beverages,($/kg),1.17,-14.6,3.54,7.34,39.29,-1.78
1975-06-01,1975,6,"Tea, avg 3 auctions",Beverages,($/kg),1.22,4.27,10.91,2.52,45.24,0.31
1975-07-01,1975,7,"Tea, avg 3 auctions",Beverages,($/kg),1.23,0.82,-10.22,-6.11,46.43,0.02
1975-08-01,1975,8,"Tea, avg 3 auctions",Beverages,($/kg),1.17,-4.88,0.0,-0.85,39.29,-0.5
1975-09-01,1975,9,"Tea, avg 3 auctions",Beverages,($/kg),1.11,-5.13,-9.02,-0.89,32.14,-0.59
1975-10-01,1975,10,"Tea, avg 3 auctions",Beverages,($/kg),1.08,-2.7,-12.2,-2.7,28.57,-0.33
1975-11-01,1975,11,"Tea, avg 3 auctions",Beverages,($/kg),1.0,-7.41,-14.53,-11.5,19.05,-0.82
1975-12-01,1975,12,"Tea, avg 3 auctions",Beverages,($/kg),0.98,-2.0,-11.71,-16.95,16.67,-0.14
1976-01-01,1976,1,"Tea, avg 3 auctions",Beverages,($/kg),1.1,12.24,1.85,-3.51,41.03,1.44
1976-02-01,1976,2,"Tea, avg 3 auctions",Beverages,($/kg),1.08,-1.82,8.0,-4.42,38.46,-0.19
1976-03-01,1976,3,"Tea, avg 3 auctions",Beverages,($/kg),1.07,-0.93,9.18,-2.73,40.79,-0.1
1976-04-01,1976,4,"Tea, avg 3 auctions",Beverages,($/kg),1.27,18.69,15.45,-7.3,23.3,1.85
1976-05-01,1976,5,"Tea, avg 3 auctions",Beverages,($/kg),1.14,-10.24,5.56,-2.56,25.27,-1.13
1976-06-01,1976,6,"Tea, avg 3 auctions",Beverages,($/kg),1.21,6.14,13.08,-0.82,42.35,0.74
1976-07-01,1976,7,"Tea, avg 3 auctions",Beverages,($/kg),1.26,4.13,-0.79,2.44,38.46,0.47
1976-08-01,1976,8,"Tea, avg 3 auctions",Beverages,($/kg),1.24,-1.59,8.77,5.98,44.19,-0.25
1976-09-01,1976,9,"Tea, avg 3 auctions",Beverages,($/kg),1.21,-2.42,0.0,9.01,42.35,-0.39
1976-10-01,1976,10,"Tea, avg 3 auctions",Beverages,($/kg),1.22,0.83,-3.17,12.96,43.53,-0.02
1976-11-01,1976,11,"Tea, avg 3 auctions",Beverages,($/kg),1.21,-0.82,-2.42,21.0,47.56,-0.26
1976-12-01,1976,12,"Tea, avg 3 auctions",Beverages,($/kg),1.23,1.65,1.65,25.51,53.75,-0.03
1977-01-01,1977,1,"Tea, avg 3 auctions",Beverages,($/kg),1.6,30.08,31.15,45.45,102.53,3.72
1977-02-01,1977,2,"Tea, avg 3 auctions",Beverages,($/kg),1.89,18.12,56.2,75.0,139.24,1.35
1977-03-01,1977,3,"Tea, avg 3 auctions",Beverages,($/kg),2.19,15.87,78.05,104.67,173.75,0.93
1977-04-01,1977,4,"Tea, avg 3 auctions",Beverages,($/kg),2.88,31.51,80.0,126.77,255.56,2.15
1977-05-01,1977,5,"Tea, avg 3 auctions",Beverages,($/kg),2.2,-23.61,16.4,92.98,155.81,-2.37
1977-06-01,1977,6,"Tea, avg 3 auctions",Beverages,($/kg),2.09,-5.0,-4.57,72.73,140.23,-0.76
1977-07-01,1977,7,"Tea, avg 3 auctions",Beverages,($/kg),2.05,-1.91,-28.82,62.7,159.49,-0.49
1977-08-01,1977,8,"Tea, avg 3 auctions",Beverages,($/kg),1.93,-5.85,-12.27,55.65,150.65,-0.7
1977-09-01,1977,9,"Tea, avg 3 auctions",Beverages,($/kg),1.81,-6.22,-13.4,49.59,138.16,-0.69
1977-10-01,1977,10,"Tea, avg 3 auctions",Beverages,($/kg),1.77,-2.21,-13.66,45.08,139.19,-0.42
1977-11-01,1977,11,"Tea, avg 3 auctions",Beverages,($/kg),1.54,-12.99,-20.21,27.27,116.9,-1.06
1977-12-01,1977,12,"Tea, avg 3 auctions",Beverages,($/kg),1.5,-2.6,-17.13,21.95,111.27,-0.35
1978-01-01,1978,1,"Tea, avg 3 auctions",Beverages,($/kg),1.36,-9.33,-23.16,-15.0,88.89,-0.72
1978-02-01,1978,2,"Tea, avg 3 auctions",Beverages,($/kg),1.4,2.94,-9.09,-25.93,91.78,0.22
1978-03-01,1978,3,"Tea, avg 3 auctions",Beverages,($/kg),1.36,-2.86,-9.33,-37.9,86.3,-0.09
1978-04-01,1978,4,"Tea, avg 3 auctions",Beverages,($/kg),1.79,31.62,31.62,-37.85,123.75,2.71
1978-05-01,1978,5,"Tea, avg 3 auctions",Beverages,($/kg),1.36,-24.02,-2.86,-38.18,67.9,-1.62
1978-06-01,1978,6,"Tea, avg 3 auctions",Beverages,($/kg),1.35,-0.74,-0.74,-35.41,60.71,0.19
1978-07-01,1978,7,"Tea, avg 3 auctions",Beverages,($/kg),1.43,5.93,-20.11,-30.24,64.37,0.68
1978-08-01,1978,8,"Tea, avg 3 auctions",Beverages,($/kg),1.4,-2.1,2.94,-27.46,64.71,0.01
1978-09-01,1978,9,"Tea, avg 3 auctions",Beverages,($/kg),1.36,-2.86,0.74,-24.86,67.9,-0.07
1978-10-01,1978,10,"Tea, avg 3 auctions",Beverages,($/kg),1.41,3.68,-1.4,-20.34,78.48,0.4
1978-11-01,1978,11,"Tea, avg 3 auctions",Beverages,($/kg),1.37,-2.84,-2.14,-11.04,80.26,-0.13
1978-12-01,1978,12,"Tea, avg 3 auctions",Beverages,($/kg),1.33,-2.92,-2.21,-11.33,79.73,-0.21
1979-01-01,1979,1,"Tea, avg 3 auctions",Beverages,($/kg),1.31,-1.5,-7.09,-3.68,55.95,-0.1
1979-02-01,1979,2,"Tea, avg 3 auctions",Beverages,($/kg),1.28,-2.29,-6.57,-8.57,47.13,-0.21
1979-03-01,1979,3,"Tea, avg 3 auctions",Beverages,($/kg),1.26,-1.56,-5.26,-7.35,34.04,-0.12
1979-04-01,1979,4,"Tea, avg 3 auctions",Beverages,($/kg),2.07,64.29,58.02,15.64,80.0,5.22
1979-05-01,1979,5,"Tea, avg 3 auctions",Beverages,($/kg),1.44,-30.43,12.5,5.88,32.11,-1.6
1979-06-01,1979,6,"Tea, avg 3 auctions",Beverages,($/kg),1.33,-7.64,5.56,-1.48,11.76,-0.46
1979-07-01,1979,7,"Tea, avg 3 auctions",Beverages,($/kg),1.42,6.77,-31.4,-0.7,8.4,0.24
1979-08-01,1979,8,"Tea, avg 3 auctions",Beverages,($/kg),1.56,9.86,8.33,11.43,32.2,0.38
1979-09-01,1979,9,"Tea, avg 3 auctions",Beverages,($/kg),1.56,0.0,17.29,14.71,39.29,-0.12
1979-10-01,1979,10,"Tea, avg 3 auctions",Beverages,($/kg),1.57,0.64,10.56,11.35,41.44,-0.11
1979-11-01,1979,11,"Tea, avg 3 auctions",Beverages,($/kg),1.58,0.64,1.28,15.33,39.82,-0.09
1979-12-01,1979,12,"Tea, avg 3 auctions",Beverages,($/kg),1.67,5.7,7.05,25.56,41.53,0.12
1980-01-01,1980,1,"Tea, avg 3 auctions",Beverages,($/kg),1.69,1.2,7.64,29.01,48.25,-0.12
1980-02-01,1980,2,"Tea, avg 3 auctions",Beverages,($/kg),1.68,-0.59,6.33,31.25,48.67,-0.21
1980-03-01,1980,3,"Tea, avg 3 auctions",Beverages,($/kg),1.64,-2.38,-1.8,30.16,49.09,-0.3
1980-04-01,1980,4,"Tea, avg 3 auctions",Beverages,($/kg),1.63,-0.61,-3.55,-21.26,18.98,-0.21
1980-05-01,1980,5,"Tea, avg 3 auctions",Beverages,($/kg),1.67,2.45,-0.6,15.97,42.74,0.38
1980-06-01,1980,6,"Tea, avg 3 auctions",Beverages,($/kg),1.68,0.6,2.44,26.32,37.7,-0.16
1980-07-01,1980,7,"Tea, avg 3 auctions",Beverages,($/kg),1.69,0.6,3.68,19.01,37.4,-0.4
1980-08-01,1980,8,"Tea, avg 3 auctions",Beverages,($/kg),1.67,-1.18,0.0,7.05,42.74,-0.82
1980-09-01,1980,9,"Tea, avg 3 auctions",Beverages,($/kg),1.67,0.0,-0.6,7.05,50.45,-0.29
1980-10-01,1980,10,"Tea, avg 3 auctions",Beverages,($/kg),1.66,-0.6,-1.78,5.73,53.7,-0.59
1980-11-01,1980,11,"Tea, avg 3 auctions",Beverages,($/kg),1.63,-1.81,-2.4,3.16,63.0,-1.12
1980-12-01,1980,12,"Tea, avg 3 auctions",Beverages,($/kg),1.61,-1.23,-3.59,-3.59,64.29,-0.7
1981-01-01,1981,1,"Tea, avg 3 auctions",Beverages,($/kg),1.66,3.11,0.0,-1.78,50.91,2.52
1981-02-01,1981,2,"Tea, avg 3 auctions",Beverages,($/kg),1.64,-1.2,0.61,-2.38,51.85,-0.66
1981-03-01,1981,3,"Tea, avg 3 auctions",Beverages,($/kg),1.6,-2.44,-0.62,-2.44,49.53,-1.36
1981-04-01,1981,4,"Tea, avg 3 auctions",Beverages,($/kg),1.57,-1.88,-5.42,-3.68,23.62,-1.01
1981-05-01,1981,5,"Tea, avg 3 auctions",Beverages,($/kg),1.52,-3.18,-7.32,-8.98,33.33,-1.67
1981-06-01,1981,6,"Tea, avg 3 auctions",Beverages,($/kg),1.46,-3.95,-8.75,-13.1,20.66,-1.9
1981-07-01,1981,7,"Tea, avg 3 auctions",Beverages,($/kg),1.41,-3.42,-10.19,-16.57,11.9,-1.24
1981-08-01,1981,8,"Tea, avg 3 auctions",Beverages,($/kg),1.39,-1.42,-8.55,-16.77,12.1,0.03
1981-09-01,1981,9,"Tea, avg 3 auctions",Beverages,($/kg),1.43,2.88,-2.05,-14.37,18.18,2.35
1981-10-01,1981,10,"Tea, avg 3 auctions",Beverages,($/kg),1.28,-10.49,-9.22,-22.89,4.92,-4.15
1981-11-01,1981,11,"Tea, avg 3 auctions",Beverages,($/kg),1.32,3.12,-5.04,-19.02,9.09,1.51
1981-12-01,1981,12,"Tea, avg 3 auctions",Beverages,($/kg),1.34,1.52,-6.29,-16.77,8.94,0.85
1982-01-01,1982,1,"Tea, avg 3 auctions",Beverages,($/kg),1.53,14.18,19.53,-7.83,-4.38,4.03
1982-02-01,1982,2,"Tea, avg 3 auctions",Beverages,($/kg),1.53,0.0,15.91,-6.71,-19.05,0.09
1982-03-01,1982,3,"Tea, avg 3 auctions",Beverages,($/kg),1.53,0.0,14.18,-4.38,-30.14,0.07
1982-04-01,1982,4,"Tea, avg 3 auctions",Beverages,($/kg),1.53,0.0,0.0,-2.55,-46.88,0.04
1982-05-01,1982,5,"Tea, avg 3 auctions",Beverages,($/kg),1.55,1.31,1.31,1.97,-29.55,0.24
1982-06-01,1982,6,"Tea, avg 3 auctions",Beverages,($/kg),1.5,-3.23,-1.96,2.74,-28.23,-0.62
1982-07-01,1982,7,"Tea, avg 3 auctions",Beverages,($/kg),1.52,1.33,-0.65,7.8,-25.85,0.17
1982-08-01,1982,8,"Tea, avg 3 auctions",Beverages,($/kg),1.57,3.29,1.29,12.95,-18.65,0.45
1982-09-01,1982,9,"Tea, avg 3 auctions",Beverages,($/kg),1.63,3.82,8.67,13.99,-9.94,0.48
1982-10-01,1982,10,"Tea, avg 3 auctions",Beverages,($/kg),1.57,-3.68,3.29,22.66,-11.3,-0.88
1982-11-01,1982,11,"Tea, avg 3 auctions",Beverages,($/kg),1.56,-0.64,-0.64,18.18,1.3,-0.54
1982-12-01,1982,12,"Tea, avg 3 auctions",Beverages,($/kg),1.51,-3.21,-7.36,12.69,0.67,-1.03
1983-01-01,1983,1,"Tea, avg 3 auctions",Beverages,($/kg),1.76,16.56,12.1,15.03,29.41,3.24
1983-02-01,1983,2,"Tea, avg 3 auctions",Beverages,($/kg),1.82,3.41,16.67,18.95,30.0,0.39
1983-03-01,1983,3,"Tea, avg 3 auctions",Beverages,($/kg),1.88,3.3,24.5,22.88,38.24,0.32
1983-04-01,1983,4,"Tea, avg 3 auctions",Beverages,($/kg),2.05,9.04,16.48,33.99,14.53,1.33
1983-05-01,1983,5,"Tea, avg 3 auctions",Beverages,($/kg),2.13,3.9,17.03,37.42,56.62,0.23
1983-06-01,1983,6,"Tea, avg 3 auctions",Beverages,($/kg),2.2,3.29,17.02,46.67,62.96,0.08
1983-07-01,1983,7,"Tea, avg 3 auctions",Beverages,($/kg),2.02,-8.18,-1.46,32.89,41.26,-2.14
1983-08-01,1983,8,"Tea, avg 3 auctions",Beverages,($/kg),2.11,4.46,-0.94,34.39,50.71,0.3
1983-09-01,1983,9,"Tea, avg 3 auctions",Beverages,($/kg),2.16,2.37,-1.82,32.52,58.82,-0.05
1983-10-01,1983,10,"Tea, avg 3 auctions",Beverages,($/kg),2.23,3.24,10.4,42.04,58.16,0.11
1983-11-01,1983,11,"Tea, avg 3 auctions",Beverages,($/kg),2.4,7.62,13.74,53.85,75.18,0.74
1983-12-01,1983,12,"Tea, avg 3 auctions",Beverages,($/kg),2.42,0.83,12.04,60.26,81.95,-0.49
1984-01-01,1984,1,"Tea, avg 3 auctions",Beverages,($/kg),3.07,26.86,37.67,74.43,134.35,3.97
1984-02-01,1984,2,"Tea, avg 3 auctions",Beverages,($/kg),2.71,-11.73,12.92,48.9,111.72,-2.08
1984-03-01,1984,3,"Tea, avg 3 auctions",Beverages,($/kg),2.79,2.95,15.29,48.4,121.43,-0.08
1984-04-01,1984,4,"Tea, avg 3 auctions",Beverages,($/kg),3.01,7.89,-1.95,46.83,45.41,0.44
1984-05-01,1984,5,"Tea, avg 3 auctions",Beverages,($/kg),2.81,-6.64,3.69,31.92,95.14,-1.1
1984-06-01,1984,6,"Tea, avg 3 auctions",Beverages,($/kg),2.71,-3.56,-2.87,23.18,103.76,-0.64
1984-07-01,1984,7,"Tea, avg 3 auctions",Beverages,($/kg),2.7,-0.37,-10.3,33.66,90.14,-0.26
1984-08-01,1984,8,"Tea, avg 3 auctions",Beverages,($/kg),2.7,0.0,-3.91,27.96,73.08,-0.3
1984-09-01,1984,9,"Tea, avg 3 auctions",Beverages,($/kg),2.65,-1.85,-2.21,22.69,69.87,-0.45
1984-10-01,1984,10,"Tea, avg 3 auctions",Beverages,($/kg),2.67,0.75,-1.11,19.73,70.06,-0.14
1984-11-01,1984,11,"Tea, avg 3 auctions",Beverages,($/kg),2.53,-5.24,-6.3,5.42,60.13,-0.75
1984-12-01,1984,12,"Tea, avg 3 auctions",Beverages,($/kg),2.56,1.19,-3.4,5.79,53.29,0.04
1985-01-01,1985,1,"Tea, avg 3 auctions",Beverages,($/kg),2.1,-17.97,-21.35,-31.6,24.26,-1.96
1985-02-01,1985,2,"Tea, avg 3 auctions",Beverages,($/kg),1.94,-7.62,-23.32,-28.41,15.48,-0.69
1985-03-01,1985,3,"Tea, avg 3 auctions",Beverages,($/kg),1.72,-11.34,-32.81,-38.35,4.88,-1.35
1985-04-01,1985,4,"Tea, avg 3 auctions",Beverages,($/kg),1.82,5.81,-13.33,-39.53,11.66,1.42
1985-05-01,1985,5,"Tea, avg 3 auctions",Beverages,($/kg),1.77,-2.75,-8.76,-37.01,5.99,0.18
1985-06-01,1985,6,"Tea, avg 3 auctions",Beverages,($/kg),1.71,-3.39,-0.58,-36.9,1.79,0.03
1985-07-01,1985,7,"Tea, avg 3 auctions",Beverages,($/kg),1.81,5.85,-0.55,-32.96,7.1,1.48
1985-08-01,1985,8,"Tea, avg 3 auctions",Beverages,($/kg),1.73,-4.42,-2.26,-35.93,3.59,-0.2
1985-09-01,1985,9,"Tea, avg 3 auctions",Beverages,($/kg),1.64,-5.2,-4.09,-38.11,-1.8,-0.26
1985-10-01,1985,10,"Tea, avg 3 auctions",Beverages,($/kg),1.56,-4.88,-13.81,-41.57,-6.02,-0.17
1985-11-01,1985,11,"Tea, avg 3 auctions",Beverages,($/kg),1.57,0.64,-9.25,-37.94,-3.68,0.72
1985-12-01,1985,12,"Tea, avg 3 auctions",Beverages,($/kg),1.62,3.18,-1.22,-36.72,0.62,1.01
1986-01-01,1986,1,"Tea, avg 3 auctions",Beverages,($/kg),1.53,-5.56,-1.92,-27.14,-7.83,-0.3
1986-02-01,1986,2,"Tea, avg 3 auctions",Beverages,($/kg),1.52,-0.65,-3.18,-21.65,-7.32,0.34
1986-03-01,1986,3,"Tea, avg 3 auctions",Beverages,($/kg),1.48,-2.63,-8.64,-13.95,-7.5,-0.15
1986-04-01,1986,4,"Tea, avg 3 auctions",Beverages,($/kg),1.51,2.03,-1.31,-17.03,-3.82,0.77
1986-05-01,1986,5,"Tea, avg 3 auctions",Beverages,($/kg),1.67,10.6,9.87,-5.65,9.87,3.27
1986-06-01,1986,6,"Tea, avg 3 auctions",Beverages,($/kg),1.63,-2.4,10.14,-4.68,11.64,-0.4
1986-07-01,1986,7,"Tea, avg 3 auctions",Beverages,($/kg),1.71,4.91,13.25,-5.52,21.28,1.04
1986-08-01,1986,8,"Tea, avg 3 auctions",Beverages,($/kg),1.72,0.58,2.99,-0.58,23.74,0.19
1986-09-01,1986,9,"Tea, avg 3 auctions",Beverages,($/kg),1.7,-1.16,4.29,3.66,18.88,-0.26
1986-10-01,1986,10,"Tea, avg 3 auctions",Beverages,($/kg),1.76,3.53,2.92,12.82,37.5,0.7
1986-11-01,1986,11,"Tea, avg 3 auctions",Beverages,($/kg),1.84,4.55,6.98,17.2,39.39,0.82
1986-12-01,1986,12,"Tea, avg 3 auctions",Beverages,($/kg),1.84,0.0,8.24,13.58,37.31,-0.33
1987-01-01,1987,1,"Tea, avg 3 auctions",Beverages,($/kg),1.67,-9.24,-5.11,9.15,9.15,-2.42
1987-02-01,1987,2,"Tea, avg 3 auctions",Beverages,($/kg),1.59,-4.79,-13.59,4.61,3.92,-1.15
1987-03-01,1987,3,"Tea, avg 3 auctions",Beverages,($/kg),1.62,1.89,-11.96,9.46,5.88,0.27
1987-04-01,1987,4,"Tea, avg 3 auctions",Beverages,($/kg),1.73,6.79,3.59,14.57,13.07,1.16
1987-05-01,1987,5,"Tea, avg 3 auctions",Beverages,($/kg),1.67,-3.47,5.03,0.0,7.74,-0.88
1987-06-01,1987,6,"Tea, avg 3 auctions",Beverages,($/kg),1.65,-1.2,1.85,1.23,10.0,-0.28
1987-07-01,1987,7,"Tea, avg 3 auctions",Beverages,($/kg),1.72,4.24,-0.58,0.58,13.16,0.88
1987-08-01,1987,8,"Tea, avg 3 auctions",Beverages,($/kg),1.7,-1.16,1.8,-1.16,8.28,-0.29
1987-09-01,1987,9,"Tea, avg 3 auctions",Beverages,($/kg),1.64,-3.53,-0.61,-3.53,0.61,-0.78
1987-10-01,1987,10,"Tea, avg 3 auctions",Beverages,($/kg),1.64,0.0,-4.65,-6.82,4.46,0.04
1987-11-01,1987,11,"Tea, avg 3 auctions",Beverages,($/kg),1.62,-1.22,-4.71,-11.96,3.85,-0.16
1987-12-01,1987,12,"Tea, avg 3 auctions",Beverages,($/kg),1.57,-3.09,-4.27,-14.67,3.97,-0.5
1988-01-01,1988,1,"Tea, avg 3 auctions",Beverages,($/kg),1.59,1.27,-3.05,-4.79,-9.66,0.59
1988-02-01,1988,2,"Tea, avg 3 auctions",Beverages,($/kg),1.6,0.63,-1.23,0.63,-12.09,0.29
1988-03-01,1988,3,"Tea, avg 3 auctions",Beverages,($/kg),1.55,-3.12,-1.27,-4.32,-17.55,-1.03
1988-04-01,1988,4,"Tea, avg 3 auctions",Beverages,($/kg),1.56,0.65,-1.89,-9.83,-23.9,0.3
1988-05-01,1988,5,"Tea, avg 3 auctions",Beverages,($/kg),1.68,7.69,5.0,0.6,-21.13,3.65
1988-06-01,1988,6,"Tea, avg 3 auctions",Beverages,($/kg),1.67,-0.6,7.74,1.21,-24.09,-0.21
1988-07-01,1988,7,"Tea, avg 3 auctions",Beverages,($/kg),1.65,-1.2,5.77,-4.07,-18.32,-0.42
1988-08-01,1988,8,"Tea, avg 3 auctions",Beverages,($/kg),1.56,-5.45,-7.14,-8.24,-26.07,-1.73
1988-09-01,1988,9,"Tea, avg 3 auctions",Beverages,($/kg),1.5,-3.85,-10.18,-8.54,-30.56,-0.96
1988-10-01,1988,10,"Tea, avg 3 auctions",Beverages,($/kg),1.54,2.67,-6.67,-6.1,-30.94,1.0
1988-11-01,1988,11,"Tea, avg 3 auctions",Beverages,($/kg),1.53,-0.65,-1.92,-5.56,-36.25,-0.05
1988-12-01,1988,12,"Tea, avg 3 auctions",Beverages,($/kg),1.52,-0.65,1.33,-3.18,-37.19,-0.07
1989-01-01,1989,1,"Tea, avg 3 auctions",Beverages,($/kg),1.62,6.58,5.19,1.89,-47.23,2.02
1989-02-01,1989,2,"Tea, avg 3 auctions",Beverages,($/kg),1.65,1.85,7.84,3.12,-39.11,0.42
1989-03-01,1989,3,"Tea, avg 3 auctions",Beverages,($/kg),1.68,1.82,10.53,8.39,-39.78,0.38
1989-04-01,1989,4,"Tea, avg 3 auctions",Beverages,($/kg),1.78,5.95,9.88,14.1,-40.86,1.38
1989-05-01,1989,5,"Tea, avg 3 auctions",Beverages,($/kg),1.86,4.49,12.73,10.71,-33.81,0.81
1989-06-01,1989,6,"Tea, avg 3 auctions",Beverages,($/kg),1.72,-7.53,2.38,2.99,-36.53,-2.29
1989-07-01,1989,7,"Tea, avg 3 auctions",Beverages,($/kg),1.77,2.91,-0.56,7.27,-34.44,0.58
1989-08-01,1989,8,"Tea, avg 3 auctions",Beverages,($/kg),1.78,0.56,-4.3,14.1,-34.07,-0.03
1989-09-01,1989,9,"Tea, avg 3 auctions",Beverages,($/kg),2.15,20.79,25.0,43.33,-18.87,4.89
1989-10-01,1989,10,"Tea, avg 3 auctions",Beverages,($/kg),2.07,-3.72,16.95,34.42,-22.47,-1.05
1989-11-01,1989,11,"Tea, avg 3 auctions",Beverages,($/kg),1.91,-7.73,7.3,24.84,-24.51,-1.5
1989-12-01,1989,12,"Tea, avg 3 auctions",Beverages,($/kg),1.9,-0.52,-11.63,25.0,-25.78,-0.35
1990-01-01,1990,1,"Tea, avg 3 auctions",Beverages,($/kg),2.09,10.0,0.97,29.01,-0.48,1.05
1990-02-01,1990,2,"Tea, avg 3 auctions",Beverages,($/kg),2.13,1.91,11.52,29.09,9.79,-0.06
1990-03-01,1990,3,"Tea, avg 3 auctions",Beverages,($/kg),2.42,13.62,27.37,44.05,40.7,1.44
1990-04-01,1990,4,"Tea, avg 3 auctions",Beverages,($/kg),2.11,-12.81,0.96,18.54,15.93,-1.93
1990-05-01,1990,5,"Tea, avg 3 auctions",Beverages,($/kg),2.15,1.9,0.94,15.59,21.47,0.01
1990-06-01,1990,6,"Tea, avg 3 auctions",Beverages,($/kg),1.94,-9.77,-19.83,12.79,13.45,-1.2
1990-07-01,1990,7,"Tea, avg 3 auctions",Beverages,($/kg),1.99,2.58,-5.69,12.43,9.94,0.12
1990-08-01,1990,8,"Tea, avg 3 auctions",Beverages,($/kg),1.96,-1.51,-8.84,10.11,13.29,-0.3
1990-09-01,1990,9,"Tea, avg 3 auctions",Beverages,($/kg),2.03,3.57,4.64,-5.58,23.78,0.24
1990-10-01,1990,10,"Tea, avg 3 auctions",Beverages,($/kg),2.08,2.46,4.52,0.48,33.33,0.35
1990-11-01,1990,11,"Tea, avg 3 auctions",Beverages,($/kg),1.84,-11.54,-6.12,-3.66,17.2,-1.55
1990-12-01,1990,12,"Tea, avg 3 auctions",Beverages,($/kg),1.94,5.43,-4.43,2.11,19.75,0.68
1991-01-01,1991,1,"Tea, avg 3 auctions",Beverages,($/kg),1.92,-1.03,-7.69,-8.13,25.49,-0.19
1991-02-01,1991,2,"Tea, avg 3 auctions",Beverages,($/kg),1.77,-7.81,-3.8,-16.9,16.45,-0.97
1991-03-01,1991,3,"Tea, avg 3 auctions",Beverages,($/kg),1.76,-0.56,-9.28,-27.27,18.92,0.09
1991-04-01,1991,4,"Tea, avg 3 auctions",Beverages,($/kg),1.76,0.0,-8.33,-16.59,16.56,0.38
1991-05-01,1991,5,"Tea, avg 3 auctions",Beverages,($/kg),1.9,7.95,7.34,-11.63,13.77,1.7
1991-06-01,1991,6,"Tea, avg 3 auctions",Beverages,($/kg),1.79,-5.79,1.7,-7.73,9.82,-0.82
1991-07-01,1991,7,"Tea, avg 3 auctions",Beverages,($/kg),1.6,-10.61,-9.09,-19.6,-6.43,-1.8
1991-08-01,1991,8,"Tea, avg 3 auctions",Beverages,($/kg),1.53,-4.38,-19.47,-21.94,-11.05,-0.44
1991-09-01,1991,9,"Tea, avg 3 auctions",Beverages,($/kg),1.55,1.31,-13.41,-23.65,-8.82,0.51
1991-10-01,1991,10,"Tea, avg 3 auctions",Beverages,($/kg),1.53,-1.29,-4.38,-26.44,-13.07,0.12
1991-11-01,1991,11,"Tea, avg 3 auctions",Beverages,($/kg),1.5,-1.96,-1.96,-18.48,-18.48,0.07
1991-12-01,1991,12,"Tea, avg 3 auctions",Beverages,($/kg),1.48,-1.33,-4.52,-23.71,-19.57,0.04
1992-01-01,1992,1,"Tea, avg 3 auctions",Beverages,($/kg),1.41,-4.73,-7.84,-26.56,-15.57,-0.55
1992-02-01,1992,2,"Tea, avg 3 auctions",Beverages,($/kg),1.34,-4.96,-10.67,-24.29,-15.72,-0.53
1992-03-01,1992,3,"Tea, avg 3 auctions",Beverages,($/kg),1.38,2.99,-6.76,-21.59,-14.81,1.14
1992-04-01,1992,4,"Tea, avg 3 auctions",Beverages,($/kg),1.52,10.14,7.8,-13.64,-12.14,2.53
1992-05-01,1992,5,"Tea, avg 3 auctions",Beverages,($/kg),1.73,13.82,29.1,-8.95,3.59,2.52
1992-06-01,1992,6,"Tea, avg 3 auctions",Beverages,($/kg),1.69,-2.31,22.46,-5.59,2.42,-0.25
1992-07-01,1992,7,"Tea, avg 3 auctions",Beverages,($/kg),1.7,0.59,11.84,6.25,-1.16,0.13
1992-08-01,1992,8,"Tea, avg 3 auctions",Beverages,($/kg),1.73,1.76,0.0,13.07,1.76,0.19
1992-09-01,1992,9,"Tea, avg 3 auctions",Beverages,($/kg),1.7,-1.73,0.59,9.68,3.66,-0.51
1992-10-01,1992,10,"Tea, avg 3 auctions",Beverages,($/kg),1.72,1.18,1.18,12.42,4.88,0.05
1992-11-01,1992,11,"Tea, avg 3 auctions",Beverages,($/kg),1.66,-3.49,-4.05,10.67,2.47,-0.81
1992-12-01,1992,12,"Tea, avg 3 auctions",Beverages,($/kg),1.66,0.0,-2.35,12.16,5.73,-0.17
1993-01-01,1993,1,"Tea, avg 3 auctions",Beverages,($/kg),1.76,6.02,2.33,24.82,10.69,0.86
1993-02-01,1993,2,"Tea, avg 3 auctions",Beverages,($/kg),1.85,5.11,11.45,38.06,15.62,0.56
1993-03-01,1993,3,"Tea, avg 3 auctions",Beverages,($/kg),1.61,-12.97,-3.01,16.67,3.87,-3.06
1993-04-01,1993,4,"Tea, avg 3 auctions",Beverages,($/kg),1.57,-2.48,-10.8,3.29,0.64,-0.58
1993-05-01,1993,5,"Tea, avg 3 auctions",Beverages,($/kg),1.53,-2.55,-17.3,-11.56,-8.93,-0.47
1993-06-01,1993,6,"Tea, avg 3 auctions",Beverages,($/kg),1.6,4.58,-0.62,-5.33,-4.19,1.13
1993-07-01,1993,7,"Tea, avg 3 auctions",Beverages,($/kg),1.62,1.25,3.18,-4.71,-1.82,0.31
1993-08-01,1993,8,"Tea, avg 3 auctions",Beverages,($/kg),1.58,-2.47,3.27,-8.67,1.28,-0.43
1993-09-01,1993,9,"Tea, avg 3 auctions",Beverages,($/kg),1.56,-1.27,-2.5,-8.24,4.0,-0.13
1993-10-01,1993,10,"Tea, avg 3 auctions",Beverages,($/kg),1.57,0.64,-3.09,-8.72,1.95,0.24
1993-11-01,1993,11,"Tea, avg 3 auctions",Beverages,($/kg),1.54,-1.91,-2.53,-7.23,0.65,-0.25
1993-12-01,1993,12,"Tea, avg 3 auctions",Beverages,($/kg),1.57,1.95,0.64,-5.42,3.29,0.49
1994-01-01,1994,1,"Tea, avg 3 auctions",Beverages,($/kg),1.54,-1.91,-1.91,-12.5,-4.94,-0.31
1994-02-01,1994,2,"Tea, avg 3 auctions",Beverages,($/kg),1.48,-3.9,-3.9,-20.0,-10.3,-0.62
1994-03-01,1994,3,"Tea, avg 3 auctions",Beverages,($/kg),1.47,-0.68,-6.37,-8.7,-12.5,0.25
1994-04-01,1994,4,"Tea, avg 3 auctions",Beverages,($/kg),1.35,-8.16,-12.34,-14.01,-24.16,-3.09
1994-05-01,1994,5,"Tea, avg 3 auctions",Beverages,($/kg),1.52,12.59,2.7,-0.65,-18.28,4.3
1994-06-01,1994,6,"Tea, avg 3 auctions",Beverages,($/kg),1.48,-2.63,0.68,-7.5,-13.95,-0.53
1994-07-01,1994,7,"Tea, avg 3 auctions",Beverages,($/kg),1.59,7.43,17.78,-1.85,-10.17,1.62
1994-08-01,1994,8,"Tea, avg 3 auctions",Beverages,($/kg),1.58,-0.63,3.95,0.0,-11.24,-0.11
1994-09-01,1994,9,"Tea, avg 3 auctions",Beverages,($/kg),1.54,-2.53,4.05,-1.28,-28.37,-0.5
1994-10-01,1994,10,"Tea, avg 3 auctions",Beverages,($/kg),1.5,-2.6,-5.66,-4.46,-27.54,-0.48
1994-11-01,1994,11,"Tea, avg 3 auctions",Beverages,($/kg),1.43,-4.67,-9.49,-7.14,-25.13,-0.81
1994-12-01,1994,12,"Tea, avg 3 auctions",Beverages,($/kg),1.42,-0.7,-7.79,-9.55,-25.26,-0.04
1995-01-01,1995,1,"Tea, avg 3 auctions",Beverages,($/kg),1.46,2.82,-2.67,-5.19,-30.14,0.64
1995-02-01,1995,2,"Tea, avg 3 auctions",Beverages,($/kg),1.41,-3.42,-1.4,-4.73,-33.8,-0.56
1995-03-01,1995,3,"Tea, avg 3 auctions",Beverages,($/kg),1.35,-4.26,-4.93,-8.16,-44.21,-0.72
1995-04-01,1995,4,"Tea, avg 3 auctions",Beverages,($/kg),1.37,1.48,-6.16,1.48,-35.07,0.36
1995-05-01,1995,5,"Tea, avg 3 auctions",Beverages,($/kg),1.49,8.76,5.67,-1.97,-30.7,1.64
1995-06-01,1995,6,"Tea, avg 3 auctions",Beverages,($/kg),1.49,0.0,10.37,0.68,-23.2,0.02
1995-07-01,1995,7,"Tea, avg 3 auctions",Beverages,($/kg),1.57,5.37,14.6,-1.26,-21.11,1.2
1995-08-01,1995,8,"Tea, avg 3 auctions",Beverages,($/kg),1.5,-4.46,0.67,-5.06,-23.47,-1.09
1995-09-01,1995,9,"Tea, avg 3 auctions",Beverages,($/kg),1.55,3.33,4.03,0.65,-23.65,0.87
1995-10-01,1995,10,"Tea, avg 3 auctions",Beverages,($/kg),1.56,0.65,-0.64,4.0,-25.0,0.12
1995-11-01,1995,11,"Tea, avg 3 auctions",Beverages,($/kg),1.63,4.49,8.67,13.99,-11.41,0.96
1995-12-01,1995,12,"Tea, avg 3 auctions",Beverages,($/kg),1.48,-9.2,-4.52,4.23,-23.71,-2.56
1996-01-01,1996,1,"Tea, avg 3 auctions",Beverages,($/kg),1.52,2.7,-2.56,4.11,-20.83,0.44
1996-02-01,1996,2,"Tea, avg 3 auctions",Beverages,($/kg),1.52,0.0,-6.75,7.8,-14.12,-0.09
1996-03-01,1996,3,"Tea, avg 3 auctions",Beverages,($/kg),1.57,3.29,6.08,16.3,-10.8,0.52
1996-04-01,1996,4,"Tea, avg 3 auctions",Beverages,($/kg),1.7,8.28,11.84,24.09,-3.41,1.48
1996-05-01,1996,5,"Tea, avg 3 auctions",Beverages,($/kg),1.73,1.76,13.82,16.11,-8.95,-0.03
1996-06-01,1996,6,"Tea, avg 3 auctions",Beverages,($/kg),1.66,-4.05,5.73,11.41,-7.26,-1.17
1996-07-01,1996,7,"Tea, avg 3 auctions",Beverages,($/kg),1.79,7.83,5.29,14.01,11.87,1.41
1996-08-01,1996,8,"Tea, avg 3 auctions",Beverages,($/kg),1.74,-2.79,0.58,16.0,13.73,-0.79
1996-09-01,1996,9,"Tea, avg 3 auctions",Beverages,($/kg),1.74,0.0,4.82,12.26,12.26,-0.27
1996-10-01,1996,10,"Tea, avg 3 auctions",Beverages,($/kg),1.73,-0.57,-3.35,10.9,13.07,-0.34
1996-11-01,1996,11,"Tea, avg 3 auctions",Beverages,($/kg),1.61,-6.94,-7.47,-1.23,7.33,-1.6
1996-12-01,1996,12,"Tea, avg 3 auctions",Beverages,($/kg),1.63,1.24,-6.32,10.14,10.14,0.23
1997-01-01,1997,1,"Tea, avg 3 auctions",Beverages,($/kg),1.65,1.23,-4.62,8.55,17.02,0.07
1997-02-01,1997,2,"Tea, avg 3 auctions",Beverages,($/kg),1.68,1.82,4.35,10.53,25.37,0.24
1997-03-01,1997,3,"Tea, avg 3 auctions",Beverages,($/kg),1.74,3.57,6.75,10.83,26.09,0.6
1997-04-01,1997,4,"Tea, avg 3 auctions",Beverages,($/kg),1.88,8.05,13.94,10.59,23.68,1.61
1997-05-01,1997,5,"Tea, avg 3 auctions",Beverages,($/kg),2.06,9.57,22.62,19.08,19.08,1.98
1997-06-01,1997,6,"Tea, avg 3 auctions",Beverages,($/kg),2.08,0.97,19.54,25.3,23.08,-0.12
1997-07-01,1997,7,"Tea, avg 3 auctions",Beverages,($/kg),2.19,5.29,16.49,22.35,28.82,0.7
1997-08-01,1997,8,"Tea, avg 3 auctions",Beverages,($/kg),2.24,2.28,8.74,28.74,29.48,0.11
1997-09-01,1997,9,"Tea, avg 3 auctions",Beverages,($/kg),2.21,-1.34,6.25,27.01,30.0,-0.83
1997-10-01,1997,10,"Tea, avg 3 auctions",Beverages,($/kg),2.28,3.17,4.11,31.79,32.56,0.25
1997-11-01,1997,11,"Tea, avg 3 auctions",Beverages,($/kg),2.33,2.19,4.02,44.72,40.36,-0.05
1997-12-01,1997,12,"Tea, avg 3 auctions",Beverages,($/kg),2.37,1.72,7.24,45.4,42.77,-0.47
1998-01-01,1998,1,"Tea, avg 3 auctions",Beverages,($/kg),2.48,4.64,8.77,50.3,40.91,0.47
1998-02-01,1998,2,"Tea, avg 3 auctions",Beverages,($/kg),2.51,1.21,7.73,49.4,35.68,-0.75
1998-03-01,1998,3,"Tea, avg 3 auctions",Beverages,($/kg),2.23,-11.16,-5.91,28.16,38.51,-4.76
1998-04-01,1998,4,"Tea, avg 3 auctions",Beverages,($/kg),2.2,-1.35,-11.29,17.02,40.13,-0.68
1998-05-01,1998,5,"Tea, avg 3 auctions",Beverages,($/kg),2.03,-7.73,-19.12,-1.46,32.68,-1.85
1998-06-01,1998,6,"Tea, avg 3 auctions",Beverages,($/kg),1.91,-5.91,-14.35,-8.17,19.37,-1.21
1998-07-01,1998,7,"Tea, avg 3 auctions",Beverages,($/kg),1.98,3.66,-10.0,-9.59,22.22,0.82
1998-08-01,1998,8,"Tea, avg 3 auctions",Beverages,($/kg),1.95,-1.52,-3.94,-12.95,23.42,-0.16
1998-09-01,1998,9,"Tea, avg 3 auctions",Beverages,($/kg),1.9,-2.56,-0.52,-14.03,21.79,-0.31
1998-10-01,1998,10,"Tea, avg 3 auctions",Beverages,($/kg),1.86,-2.11,-6.06,-18.42,18.47,-0.2
1998-11-01,1998,11,"Tea, avg 3 auctions",Beverages,($/kg),1.8,-3.23,-7.69,-22.75,16.88,-0.35
1998-12-01,1998,12,"Tea, avg 3 auctions",Beverages,($/kg),1.7,-5.56,-10.53,-28.27,8.28,-0.76
1999-01-01,1999,1,"Tea, avg 3 auctions",Beverages,($/kg),1.76,3.53,-5.38,-29.03,14.29,1.35
1999-02-01,1999,2,"Tea, avg 3 auctions",Beverages,($/kg),1.66,-5.68,-7.78,-33.86,12.16,-0.67
1999-03-01,1999,3,"Tea, avg 3 auctions",Beverages,($/kg),1.61,-3.01,-5.29,-27.8,9.52,0.07
1999-04-01,1999,4,"Tea, avg 3 auctions",Beverages,($/kg),1.72,6.83,-2.27,-21.82,27.41,2.69
1999-05-01,1999,5,"Tea, avg 3 auctions",Beverages,($/kg),1.92,11.63,15.66,-5.42,26.32,3.05
1999-06-01,1999,6,"Tea, avg 3 auctions",Beverages,($/kg),1.8,-6.25,11.8,-5.76,21.62,-1.07
1999-07-01,1999,7,"Tea, avg 3 auctions",Beverages,($/kg),1.89,5.0,9.88,-4.55,18.87,0.96
1999-08-01,1999,8,"Tea, avg 3 auctions",Beverages,($/kg),1.82,-3.7,-5.21,-6.67,15.19,-0.61
1999-09-01,1999,9,"Tea, avg 3 auctions",Beverages,($/kg),2.01,10.44,11.67,5.79,30.52,1.89
1999-10-01,1999,10,"Tea, avg 3 auctions",Beverages,($/kg),2.06,2.49,8.99,10.75,37.33,0.28
1999-11-01,1999,11,"Tea, avg 3 auctions",Beverages,($/kg),1.95,-5.34,7.14,8.33,36.36,-0.99
1999-12-01,1999,12,"Tea, avg 3 auctions",Beverages,($/kg),1.86,-4.62,-7.46,9.41,30.99,-0.83
2000-01-01,2000,1,"Tea, avg 3 auctions",Beverages,($/kg),1.85,-0.54,-10.19,5.11,26.71,-0.23
2000-02-01,2000,2,"Tea, avg 3 auctions",Beverages,($/kg),1.81,-2.16,-7.18,9.04,28.37,-0.43
2000-03-01,2000,3,"Tea, avg 3 auctions",Beverages,($/kg),1.75,-3.31,-5.91,8.7,29.63,-0.67
2000-04-01,2000,4,"Tea, avg 3 auctions",Beverages,($/kg),1.79,2.29,-3.24,4.07,30.66,0.23
2000-05-01,2000,5,"Tea, avg 3 auctions",Beverages,($/kg),1.98,10.61,9.39,3.12,32.89,1.69
2000-06-01,2000,6,"Tea, avg 3 auctions",Beverages,($/kg),1.86,-6.06,6.29,3.33,24.83,-1.11
2000-07-01,2000,7,"Tea, avg 3 auctions",Beverages,($/kg),2.05,10.22,14.53,8.47,30.57,1.68
2000-08-01,2000,8,"Tea, avg 3 auctions",Beverages,($/kg),1.95,-4.88,-1.52,7.14,30.0,-0.9
2000-09-01,2000,9,"Tea, avg 3 auctions",Beverages,($/kg),1.96,0.51,5.38,-2.49,26.45,-0.04
2000-10-01,2000,10,"Tea, avg 3 auctions",Beverages,($/kg),1.89,-3.57,-7.8,-8.25,21.15,-0.62
2000-11-01,2000,11,"Tea, avg 3 auctions",Beverages,($/kg),1.82,-3.7,-6.67,-6.67,11.66,-0.55
2000-12-01,2000,12,"Tea, avg 3 auctions",Beverages,($/kg),1.8,-1.1,-8.16,-3.23,21.62,-0.12
2001-01-01,2001,1,"Tea, avg 3 auctions",Beverages,($/kg),1.85,2.78,-2.12,0.0,21.71,0.54
2001-02-01,2001,2,"Tea, avg 3 auctions",Beverages,($/kg),1.7,-8.11,-6.59,-6.08,11.84,-1.5
2001-03-01,2001,3,"Tea, avg 3 auctions",Beverages,($/kg),1.58,-7.06,-12.22,-9.71,0.64,-1.12
2001-04-01,2001,4,"Tea, avg 3 auctions",Beverages,($/kg),1.6,1.27,-13.51,-10.61,-5.88,0.31
2001-05-01,2001,5,"Tea, avg 3 auctions",Beverages,($/kg),1.59,-0.62,-6.47,-19.7,-8.09,0.02
2001-06-01,2001,6,"Tea, avg 3 auctions",Beverages,($/kg),1.61,1.26,1.9,-13.44,-3.01,0.58
2001-07-01,2001,7,"Tea, avg 3 auctions",Beverages,($/kg),1.68,4.35,5.0,-18.05,-6.15,1.1
2001-08-01,2001,8,"Tea, avg 3 auctions",Beverages,($/kg),1.58,-5.95,-0.63,-18.97,-9.2,-1.12
2001-09-01,2001,9,"Tea, avg 3 auctions",Beverages,($/kg),1.53,-3.16,-4.97,-21.94,-12.07,-0.38
2001-10-01,2001,10,"Tea, avg 3 auctions",Beverages,($/kg),1.45,-5.23,-13.69,-23.28,-16.18,-0.82
2001-11-01,2001,11,"Tea, avg 3 auctions",Beverages,($/kg),1.49,2.76,-5.7,-18.13,-7.45,1.2
2001-12-01,2001,12,"Tea, avg 3 auctions",Beverages,($/kg),1.51,1.34,-1.31,-16.11,-7.36,0.69
2002-01-01,2002,1,"Tea, avg 3 auctions",Beverages,($/kg),1.47,-2.65,1.38,-20.54,-10.91,-0.3
2002-02-01,2002,2,"Tea, avg 3 auctions",Beverages,($/kg),1.45,-1.36,-2.68,-14.71,-13.69,0.11
2002-03-01,2002,3,"Tea, avg 3 auctions",Beverages,($/kg),1.42,-2.07,-5.96,-10.13,-18.39,-0.22
2002-04-01,2002,4,"Tea, avg 3 auctions",Beverages,($/kg),1.48,4.23,0.68,-7.5,-21.28,1.61
2002-05-01,2002,5,"Tea, avg 3 auctions",Beverages,($/kg),1.46,-1.35,0.69,-8.18,-29.13,-0.22
2002-06-01,2002,6,"Tea, avg 3 auctions",Beverages,($/kg),1.54,5.48,8.45,-4.35,-25.96,1.78
2002-07-01,2002,7,"Tea, avg 3 auctions",Beverages,($/kg),1.58,2.6,6.76,-5.95,-27.85,0.75
2002-08-01,2002,8,"Tea, avg 3 auctions",Beverages,($/kg),1.52,-3.8,4.11,-3.8,-32.14,-0.91
2002-09-01,2002,9,"Tea, avg 3 auctions",Beverages,($/kg),1.58,3.95,2.6,3.27,-28.51,1.23
2002-10-01,2002,10,"Tea, avg 3 auctions",Beverages,($/kg),1.58,0.0,0.0,8.97,-30.7,-0.09
2002-11-01,2002,11,"Tea, avg 3 auctions",Beverages,($/kg),1.52,-3.8,0.0,2.01,-34.76,-1.5
2002-12-01,2002,12,"Tea, avg 3 auctions",Beverages,($/kg),1.48,-2.63,-6.33,-1.99,-37.55,-0.88
2003-01-01,2003,1,"Tea, avg 3 auctions",Beverages,($/kg),1.52,2.7,-3.8,3.4,-38.71,0.85
2003-02-01,2003,2,"Tea, avg 3 auctions",Beverages,($/kg),1.47,-3.29,-3.29,1.38,-41.43,-1.1
2003-03-01,2003,3,"Tea, avg 3 auctions",Beverages,($/kg),1.39,-5.44,-6.08,-2.11,-37.67,-1.63
2003-04-01,2003,4,"Tea, avg 3 auctions",Beverages,($/kg),1.44,3.6,-5.26,-2.7,-34.55,0.99
2003-05-01,2003,5,"Tea, avg 3 auctions",Beverages,($/kg),1.46,1.39,-0.68,0.0,-28.08,0.42
2003-06-01,2003,6,"Tea, avg 3 auctions",Beverages,($/kg),1.49,2.05,7.19,-3.25,-21.99,0.54
2003-07-01,2003,7,"Tea, avg 3 auctions",Beverages,($/kg),1.63,9.4,13.19,3.16,-17.68,2.86
2003-08-01,2003,8,"Tea, avg 3 auctions",Beverages,($/kg),1.53,-6.13,4.79,0.66,-21.54,-1.5
2003-09-01,2003,9,"Tea, avg 3 auctions",Beverages,($/kg),1.53,0.0,2.68,-3.16,-19.47,-0.03
2003-10-01,2003,10,"Tea, avg 3 auctions",Beverages,($/kg),1.6,4.58,-1.84,1.27,-13.98,1.08
2003-11-01,2003,11,"Tea, avg 3 auctions",Beverages,($/kg),1.56,-2.5,1.96,2.63,-13.33,-0.59
2003-12-01,2003,12,"Tea, avg 3 auctions",Beverages,($/kg),1.57,0.64,2.61,6.08,-7.65,0.07
2004-01-01,2004,1,"Tea, avg 3 auctions",Beverages,($/kg),1.54,-1.91,-3.75,1.32,-12.5,-0.56
2004-02-01,2004,2,"Tea, avg 3 auctions",Beverages,($/kg),1.56,1.3,0.0,6.12,-6.02,0.25
2004-03-01,2004,3,"Tea, avg 3 auctions",Beverages,($/kg),1.51,-3.21,-3.82,8.63,-6.21,-0.88
2004-04-01,2004,4,"Tea, avg 3 auctions",Beverages,($/kg),1.67,10.6,8.44,15.97,-2.91,2.42
2004-05-01,2004,5,"Tea, avg 3 auctions",Beverages,($/kg),1.67,0.0,7.05,14.38,-13.02,-0.27
2004-06-01,2004,6,"Tea, avg 3 auctions",Beverages,($/kg),1.67,0.0,10.6,12.08,-7.22,-0.25
2004-07-01,2004,7,"Tea, avg 3 auctions",Beverages,($/kg),1.71,2.4,2.4,4.91,-9.52,0.27
2004-08-01,2004,8,"Tea, avg 3 auctions",Beverages,($/kg),1.77,3.51,5.99,15.69,-2.75,0.72
2004-09-01,2004,9,"Tea, avg 3 auctions",Beverages,($/kg),1.8,1.69,7.78,17.65,-10.45,0.11
2004-10-01,2004,10,"Tea, avg 3 auctions",Beverages,($/kg),1.79,-0.56,4.68,11.87,-13.11,-0.53
2004-11-01,2004,11,"Tea, avg 3 auctions",Beverages,($/kg),1.78,-0.56,0.56,14.1,-8.72,-0.43
2004-12-01,2004,12,"Tea, avg 3 auctions",Beverages,($/kg),1.73,-2.81,-3.89,10.19,-6.99,-1.14
2005-01-01,2005,1,"Tea, avg 3 auctions",Beverages,($/kg),1.62,-6.36,-9.5,5.19,-12.43,-1.97
2005-02-01,2005,2,"Tea, avg 3 auctions",Beverages,($/kg),1.59,-1.85,-10.67,1.92,-12.15,-0.56
2005-03-01,2005,3,"Tea, avg 3 auctions",Beverages,($/kg),1.59,0.0,-8.09,5.3,-9.14,-0.06
2005-04-01,2005,4,"Tea, avg 3 auctions",Beverages,($/kg),1.73,8.81,6.79,3.59,-3.35,2.04
2005-05-01,2005,5,"Tea, avg 3 auctions",Beverages,($/kg),1.61,-6.94,1.26,-3.59,-18.69,-1.98
2005-06-01,2005,6,"Tea, avg 3 auctions",Beverages,($/kg),1.64,1.86,3.14,-1.8,-11.83,0.49
2005-07-01,2005,7,"Tea, avg 3 auctions",Beverages,($/kg),1.69,3.05,-2.31,-1.17,-17.56,0.73
2005-08-01,2005,8,"Tea, avg 3 auctions",Beverages,($/kg),1.65,-2.37,2.48,-6.78,-15.38,-0.54
2005-09-01,2005,9,"Tea, avg 3 auctions",Beverages,($/kg),1.66,0.61,1.22,-7.78,-15.31,0.26
2005-10-01,2005,10,"Tea, avg 3 auctions",Beverages,($/kg),1.69,1.81,0.0,-5.59,-10.58,0.57
2005-11-01,2005,11,"Tea, avg 3 auctions",Beverages,($/kg),1.65,-2.37,0.0,-7.3,-9.34,-0.46
2005-12-01,2005,12,"Tea, avg 3 auctions",Beverages,($/kg),1.65,0.0,-0.6,-4.62,-8.33,0.13
2006-01-01,2006,1,"Tea, avg 3 auctions",Beverages,($/kg),1.7,3.03,0.59,4.94,-8.11,0.79
2006-02-01,2006,2,"Tea, avg 3 auctions",Beverages,($/kg),1.92,12.94,16.36,20.75,12.94,3.24
2006-03-01,2006,3,"Tea, avg 3 auctions",Beverages,($/kg),1.75,-8.85,6.06,10.06,10.76,-2.04
2006-04-01,2006,4,"Tea, avg 3 auctions",Beverages,($/kg),1.9,8.57,11.76,9.83,18.75,1.27
2006-05-01,2006,5,"Tea, avg 3 auctions",Beverages,($/kg),1.89,-0.53,-1.56,17.39,18.87,-0.25
2006-06-01,2006,6,"Tea, avg 3 auctions",Beverages,($/kg),1.98,4.76,13.14,20.73,22.98,0.6
2006-07-01,2006,7,"Tea, avg 3 auctions",Beverages,($/kg),2.0,1.01,5.26,18.34,19.05,-0.13
2006-08-01,2006,8,"Tea, avg 3 auctions",Beverages,($/kg),1.95,-2.5,3.17,18.18,23.42,-0.73
2006-09-01,2006,9,"Tea, avg 3 auctions",Beverages,($/kg),1.91,-2.05,-3.54,15.06,24.84,-0.65
2006-10-01,2006,10,"Tea, avg 3 auctions",Beverages,($/kg),1.85,-3.14,-7.5,9.47,27.59,-0.79
2006-11-01,2006,11,"Tea, avg 3 auctions",Beverages,($/kg),1.79,-3.24,-8.21,8.48,20.13,-0.72
2006-12-01,2006,12,"Tea, avg 3 auctions",Beverages,($/kg),1.83,2.23,-4.19,10.91,21.19,0.24
2007-01-01,2007,1,"Tea, avg 3 auctions",Beverages,($/kg),1.79,-2.19,-3.24,5.29,21.77,-0.55
2007-02-01,2007,2,"Tea, avg 3 auctions",Beverages,($/kg),1.78,-0.56,-0.56,-7.29,22.76,-0.19
2007-03-01,2007,3,"Tea, avg 3 auctions",Beverages,($/kg),1.77,-0.56,-3.28,1.14,24.65,-0.0
2007-04-01,2007,4,"Tea, avg 3 auctions",Beverages,($/kg),1.98,11.86,10.61,4.21,33.78,3.3
2007-05-01,2007,5,"Tea, avg 3 auctions",Beverages,($/kg),1.94,-2.02,8.99,2.65,32.88,-0.57
2007-06-01,2007,6,"Tea, avg 3 auctions",Beverages,($/kg),2.07,6.7,16.95,4.55,34.42,1.47
2007-07-01,2007,7,"Tea, avg 3 auctions",Beverages,($/kg),2.13,2.9,7.58,6.5,34.81,0.53
2007-08-01,2007,8,"Tea, avg 3 auctions",Beverages,($/kg),2.07,-2.82,6.7,6.15,36.18,-0.74
2007-09-01,2007,9,"Tea, avg 3 auctions",Beverages,($/kg),2.13,2.9,2.9,11.52,34.81,0.5
2007-10-01,2007,10,"Tea, avg 3 auctions",Beverages,($/kg),2.25,5.63,5.63,21.62,42.41,1.01
2007-11-01,2007,11,"Tea, avg 3 auctions",Beverages,($/kg),2.21,-1.78,6.76,23.46,45.39,-0.77
2007-12-01,2007,12,"Tea, avg 3 auctions",Beverages,($/kg),2.31,4.52,8.45,26.23,56.08,0.6
2008-01-01,2008,1,"Tea, avg 3 auctions",Beverages,($/kg),2.38,3.03,5.78,32.96,56.58,0.22
2008-02-01,2008,2,"Tea, avg 3 auctions",Beverages,($/kg),2.4,0.84,8.6,34.83,63.27,-0.38
2008-03-01,2008,3,"Tea, avg 3 auctions",Beverages,($/kg),2.26,-5.83,-2.16,27.68,62.59,-1.98
2008-04-01,2008,4,"Tea, avg 3 auctions",Beverages,($/kg),2.49,10.18,4.62,25.76,72.92,1.66
2008-05-01,2008,5,"Tea, avg 3 auctions",Beverages,($/kg),2.48,-0.4,3.33,27.84,69.86,-0.53
2008-06-01,2008,6,"Tea, avg 3 auctions",Beverages,($/kg),2.67,7.66,18.14,28.99,79.19,1.24
2008-07-01,2008,7,"Tea, avg 3 auctions",Beverages,($/kg),2.76,3.37,10.84,29.58,69.33,0.25
2008-08-01,2008,8,"Tea, avg 3 auctions",Beverages,($/kg),2.74,-0.72,10.48,32.37,79.08,-0.66
2008-09-01,2008,9,"Tea, avg 3 auctions",Beverages,($/kg),2.67,-2.55,0.0,25.35,74.51,-1.15
2008-10-01,2008,10,"Tea, avg 3 auctions",Beverages,($/kg),2.3,-13.86,-16.67,2.22,43.75,-3.45
2008-11-01,2008,11,"Tea, avg 3 auctions",Beverages,($/kg),1.97,-14.35,-28.1,-10.86,26.28,-2.33
2008-12-01,2008,12,"Tea, avg 3 auctions",Beverages,($/kg),1.93,-2.03,-27.72,-16.45,22.93,-0.18
2009-01-01,2009,1,"Tea, avg 3 auctions",Beverages,($/kg),2.19,13.47,-4.78,-7.98,42.21,1.98
2009-02-01,2009,2,"Tea, avg 3 auctions",Beverages,($/kg),2.14,-2.28,8.63,-10.83,37.18,-0.23
2009-03-01,2009,3,"Tea, avg 3 auctions",Beverages,($/kg),2.22,3.74,15.03,-1.77,47.02,0.51
2009-04-01,2009,4,"Tea, avg 3 auctions",Beverages,($/kg),2.51,13.06,14.61,0.8,50.3,1.53
2009-05-01,2009,5,"Tea, avg 3 auctions",Beverages,($/kg),2.69,7.17,25.7,8.47,61.08,0.77
2009-06-01,2009,6,"Tea, avg 3 auctions",Beverages,($/kg),2.78,3.35,25.23,4.12,66.47,0.25
2009-07-01,2009,7,"Tea, avg 3 auctions",Beverages,($/kg),2.96,6.47,17.93,7.25,73.1,0.66
2009-08-01,2009,8,"Tea, avg 3 auctions",Beverages,($/kg),2.99,1.01,11.15,9.12,68.93,0.01
2009-09-01,2009,9,"Tea, avg 3 auctions",Beverages,($/kg),3.16,5.69,13.67,18.35,75.56,0.52
2009-10-01,2009,10,"Tea, avg 3 auctions",Beverages,($/kg),3.03,-4.11,2.36,31.74,69.27,-0.66
2009-11-01,2009,11,"Tea, avg 3 auctions",Beverages,($/kg),3.06,0.99,2.34,55.33,71.91,-0.21
2009-12-01,2009,12,"Tea, avg 3 auctions",Beverages,($/kg),2.97,-2.94,-6.01,53.89,71.68,-1.21
2010-01-01,2010,1,"Tea, avg 3 auctions",Beverages,($/kg),2.9,-2.36,-4.29,32.42,79.01,-1.07
2010-02-01,2010,2,"Tea, avg 3 auctions",Beverages,($/kg),2.85,-1.72,-6.86,33.18,79.25,-0.83
2010-03-01,2010,3,"Tea, avg 3 auctions",Beverages,($/kg),2.62,-8.07,-11.78,18.02,64.78,-2.1
2010-04-01,2010,4,"Tea, avg 3 auctions",Beverages,($/kg),2.77,5.73,-4.48,10.36,60.12,0.71
2010-05-01,2010,5,"Tea, avg 3 auctions",Beverages,($/kg),2.8,1.08,-1.75,4.09,73.91,0.03
2010-06-01,2010,6,"Tea, avg 3 auctions",Beverages,($/kg),2.72,-2.86,3.82,-2.16,65.85,-0.74
2010-07-01,2010,7,"Tea, avg 3 auctions",Beverages,($/kg),2.86,5.15,3.25,-3.38,69.23,1.18
2010-08-01,2010,8,"Tea, avg 3 auctions",Beverages,($/kg),2.99,4.55,6.79,0.0,81.21,1.11
2010-09-01,2010,9,"Tea, avg 3 auctions",Beverages,($/kg),3.0,0.33,10.29,-5.06,80.72,0.05
2010-10-01,2010,10,"Tea, avg 3 auctions",Beverages,($/kg),3.03,1.0,5.94,0.0,79.29,0.33
2010-11-01,2010,11,"Tea, avg 3 auctions",Beverages,($/kg),3.03,0.0,1.34,-0.98,83.64,-0.02
2010-12-01,2010,12,"Tea, avg 3 auctions",Beverages,($/kg),3.04,0.33,1.33,2.36,84.24,0.09
2011-01-01,2011,1,"Tea, avg 3 auctions",Beverages,($/kg),3.02,-0.66,-0.33,4.14,77.65,-0.24
2011-02-01,2011,2,"Tea, avg 3 auctions",Beverages,($/kg),2.88,-4.64,-4.95,1.05,50.0,-1.33
2011-03-01,2011,3,"Tea, avg 3 auctions",Beverages,($/kg),2.76,-4.17,-9.21,5.34,57.71,-1.08
2011-04-01,2011,4,"Tea, avg 3 auctions",Beverages,($/kg),3.02,9.42,0.0,9.03,58.95,2.63
2011-05-01,2011,5,"Tea, avg 3 auctions",Beverages,($/kg),2.95,-2.32,2.43,5.36,56.08,-0.77
2011-06-01,2011,6,"Tea, avg 3 auctions",Beverages,($/kg),3.02,2.37,9.42,11.03,52.53,0.45
2011-07-01,2011,7,"Tea, avg 3 auctions",Beverages,($/kg),3.1,2.65,2.65,8.39,55.0,0.42
2011-08-01,2011,8,"Tea, avg 3 auctions",Beverages,($/kg),3.02,-2.58,2.37,1.0,54.87,-0.87
2011-09-01,2011,9,"Tea, avg 3 auctions",Beverages,($/kg),2.89,-4.3,-4.3,-3.67,51.31,-1.19
2011-10-01,2011,10,"Tea, avg 3 auctions",Beverages,($/kg),2.9,0.35,-6.45,-4.29,56.76,0.15
2011-11-01,2011,11,"Tea, avg 3 auctions",Beverages,($/kg),2.79,-3.79,-7.62,-7.92,55.87,-0.89
2011-12-01,2011,12,"Tea, avg 3 auctions",Beverages,($/kg),2.7,-3.23,-6.57,-11.18,47.54,-0.64
2012-01-01,2012,1,"Tea, avg 3 auctions",Beverages,($/kg),2.66,-1.48,-8.28,-11.92,48.6,-0.14
2012-02-01,2012,2,"Tea, avg 3 auctions",Beverages,($/kg),2.57,-3.38,-7.89,-10.76,44.38,-0.58
2012-03-01,2012,3,"Tea, avg 3 auctions",Beverages,($/kg),2.42,-5.84,-10.37,-12.32,36.72,-1.23
2012-04-01,2012,4,"Tea, avg 3 auctions",Beverages,($/kg),2.79,15.29,4.89,-7.62,40.91,3.9
2012-05-01,2012,5,"Tea, avg 3 auctions",Beverages,($/kg),3.0,7.53,16.73,1.69,54.64,1.43
2012-06-01,2012,6,"Tea, avg 3 auctions",Beverages,($/kg),2.97,-1.0,22.73,-1.66,43.48,-0.22
2012-07-01,2012,7,"Tea, avg 3 auctions",Beverages,($/kg),3.03,2.02,8.6,-2.26,42.25,0.33
2012-08-01,2012,8,"Tea, avg 3 auctions",Beverages,($/kg),3.12,2.97,4.0,3.31,50.72,0.5
2012-09-01,2012,9,"Tea, avg 3 auctions",Beverages,($/kg),3.1,-0.64,4.38,7.27,45.54,-0.18
2012-10-01,2012,10,"Tea, avg 3 auctions",Beverages,($/kg),3.01,-2.9,-0.66,3.79,33.78,-0.63
2012-11-01,2012,11,"Tea, avg 3 auctions",Beverages,($/kg),3.02,0.33,-3.21,8.24,36.65,-0.02
2012-12-01,2012,12,"Tea, avg 3 auctions",Beverages,($/kg),3.08,1.99,-0.65,14.07,33.33,0.21
2013-01-01,2013,1,"Tea, avg 3 auctions",Beverages,($/kg),3.0,-2.6,-0.33,12.78,26.05,-0.68
2013-02-01,2013,2,"Tea, avg 3 auctions",Beverages,($/kg),2.93,-2.33,-2.98,14.01,22.08,-0.61
2013-03-01,2013,3,"Tea, avg 3 auctions",Beverages,($/kg),2.9,-1.02,-5.84,19.83,28.32,-0.4
2013-04-01,2013,4,"Tea, avg 3 auctions",Beverages,($/kg),2.89,-0.34,-3.67,3.58,16.06,-0.38
2013-05-01,2013,5,"Tea, avg 3 auctions",Beverages,($/kg),2.95,2.08,0.68,-1.67,18.95,0.59
2013-06-01,2013,6,"Tea, avg 3 auctions",Beverages,($/kg),2.84,-3.73,-2.07,-4.38,6.37,-1.8
2013-07-01,2013,7,"Tea, avg 3 auctions",Beverages,($/kg),2.83,-0.35,-2.08,-6.6,2.54,-0.0
2013-08-01,2013,8,"Tea, avg 3 auctions",Beverages,($/kg),2.78,-1.77,-5.76,-10.9,1.46,-0.57
2013-09-01,2013,9,"Tea, avg 3 auctions",Beverages,($/kg),2.75,-1.08,-3.17,-11.29,3.0,-0.08
2013-10-01,2013,10,"Tea, avg 3 auctions",Beverages,($/kg),2.8,1.82,-1.06,-6.98,21.74,1.52
2013-11-01,2013,11,"Tea, avg 3 auctions",Beverages,($/kg),2.78,-0.71,0.0,-7.95,41.12,-0.07
2013-12-01,2013,12,"Tea, avg 3 auctions",Beverages,($/kg),2.9,4.32,5.45,-5.84,50.26,2.67
2014-01-01,2014,1,"Tea, avg 3 auctions",Beverages,($/kg),2.87,-1.03,2.5,-4.33,31.05,-0.25
2014-02-01,2014,2,"Tea, avg 3 auctions",Beverages,($/kg),2.58,-10.1,-7.19,-11.95,20.56,-4.52
2014-03-01,2014,3,"Tea, avg 3 auctions",Beverages,($/kg),2.5,-3.1,-13.79,-13.79,12.61,-0.6
2014-04-01,2014,4,"Tea, avg 3 auctions",Beverages,($/kg),2.67,6.8,-6.97,-7.61,6.37,2.22
2014-05-01,2014,5,"Tea, avg 3 auctions",Beverages,($/kg),2.87,7.49,11.24,-2.71,6.69,1.89
2014-06-01,2014,6,"Tea, avg 3 auctions",Beverages,($/kg),2.85,-0.7,14.0,0.35,2.52,-0.12
2014-07-01,2014,7,"Tea, avg 3 auctions",Beverages,($/kg),2.96,3.86,10.86,4.59,0.0,0.79
2014-08-01,2014,8,"Tea, avg 3 auctions",Beverages,($/kg),2.79,-5.74,-2.79,0.36,-6.69,-1.29
2014-09-01,2014,9,"Tea, avg 3 auctions",Beverages,($/kg),2.64,-5.38,-7.37,-4.0,-16.46,-1.08
2014-10-01,2014,10,"Tea, avg 3 auctions",Beverages,($/kg),2.65,0.38,-10.47,-5.36,-12.54,0.11
2014-11-01,2014,11,"Tea, avg 3 auctions",Beverages,($/kg),2.65,0.0,-5.02,-4.68,-13.4,0.06
2014-12-01,2014,12,"Tea, avg 3 auctions",Beverages,($/kg),2.62,-1.13,-0.76,-9.66,-11.78,-0.16
2015-01-01,2015,1,"Tea, avg 3 auctions",Beverages,($/kg),2.61,-0.38,-1.51,-9.06,-10.0,0.07
2015-02-01,2015,2,"Tea, avg 3 auctions",Beverages,($/kg),2.45,-6.13,-7.55,-5.04,-14.04,-1.07
2015-03-01,2015,3,"Tea, avg 3 auctions",Beverages,($/kg),2.41,-1.63,-8.02,-3.6,-8.02,-0.29
2015-04-01,2015,4,"Tea, avg 3 auctions",Beverages,($/kg),2.63,9.13,0.77,-1.5,-5.05,2.08
2015-05-01,2015,5,"Tea, avg 3 auctions",Beverages,($/kg),2.89,9.89,17.96,0.7,3.21,2.04
2015-06-01,2015,6,"Tea, avg 3 auctions",Beverages,($/kg),3.0,3.81,24.48,5.26,10.29,0.69
2015-07-01,2015,7,"Tea, avg 3 auctions",Beverages,($/kg),3.1,3.33,17.87,4.73,8.39,0.52
2015-08-01,2015,8,"Tea, avg 3 auctions",Beverages,($/kg),2.96,-4.52,2.42,6.09,-1.0,-0.95
2015-09-01,2015,9,"Tea, avg 3 auctions",Beverages,($/kg),2.78,-6.08,-7.33,5.3,-7.33,-1.3
2015-10-01,2015,10,"Tea, avg 3 auctions",Beverages,($/kg),2.86,2.88,-7.74,7.92,-5.61,0.44
2015-11-01,2015,11,"Tea, avg 3 auctions",Beverages,($/kg),2.82,-1.4,-4.73,6.42,-6.93,-0.41
2015-12-01,2015,12,"Tea, avg 3 auctions",Beverages,($/kg),2.81,-0.35,1.08,7.25,-7.57,-0.19
2016-01-01,2016,1,"Tea, avg 3 auctions",Beverages,($/kg),2.55,-9.25,-10.84,-2.3,-15.56,-1.88
2016-02-01,2016,2,"Tea, avg 3 auctions",Beverages,($/kg),2.35,-7.84,-16.67,-4.08,-18.4,-1.3
2016-03-01,2016,3,"Tea, avg 3 auctions",Beverages,($/kg),2.31,-1.7,-17.79,-4.15,-16.3,-0.25
2016-04-01,2016,4,"Tea, avg 3 auctions",Beverages,($/kg),2.54,9.96,-0.39,-3.42,-15.89,1.63
2016-05-01,2016,5,"Tea, avg 3 auctions",Beverages,($/kg),2.57,1.18,9.36,-11.07,-12.88,0.2
2016-06-01,2016,6,"Tea, avg 3 auctions",Beverages,($/kg),2.65,3.11,14.72,-11.67,-12.25,0.71
2016-07-01,2016,7,"Tea, avg 3 auctions",Beverages,($/kg),2.77,4.53,9.06,-10.65,-10.65,0.99
2016-08-01,2016,8,"Tea, avg 3 auctions",Beverages,($/kg),2.78,0.36,8.17,-6.08,-7.95,0.21
2016-09-01,2016,9,"Tea, avg 3 auctions",Beverages,($/kg),2.79,0.36,5.28,0.36,-3.46,0.14
2016-10-01,2016,10,"Tea, avg 3 auctions",Beverages,($/kg),2.89,3.58,4.33,1.05,-0.34,0.67
2016-11-01,2016,11,"Tea, avg 3 auctions",Beverages,($/kg),3.03,4.84,8.99,7.45,8.6,0.89
2016-12-01,2016,12,"Tea, avg 3 auctions",Beverages,($/kg),2.98,-1.65,6.81,6.05,10.37,-0.45
2017-01-01,2017,1,"Tea, avg 3 auctions",Beverages,($/kg),3.04,2.01,5.19,19.22,14.29,0.26
2017-02-01,2017,2,"Tea, avg 3 auctions",Beverages,($/kg),2.96,-2.63,-2.31,25.96,15.18,-0.96
2017-03-01,2017,3,"Tea, avg 3 auctions",Beverages,($/kg),2.87,-3.04,-3.69,24.24,18.6,-1.43
2017-04-01,2017,4,"Tea, avg 3 auctions",Beverages,($/kg),3.03,5.57,-0.33,19.29,8.6,1.01
2017-05-01,2017,5,"Tea, avg 3 auctions",Beverages,($/kg),3.2,5.61,8.11,24.51,6.67,1.4
2017-06-01,2017,6,"Tea, avg 3 auctions",Beverages,($/kg),3.24,1.25,12.89,22.26,9.09,-0.2
2017-07-01,2017,7,"Tea, avg 3 auctions",Beverages,($/kg),3.23,-0.31,6.6,16.61,6.6,-0.65
2017-08-01,2017,8,"Tea, avg 3 auctions",Beverages,($/kg),3.26,0.93,1.87,17.27,4.49,-0.13
2017-09-01,2017,9,"Tea, avg 3 auctions",Beverages,($/kg),3.28,0.61,1.23,17.56,5.81,-0.25
2017-10-01,2017,10,"Tea, avg 3 auctions",Beverages,($/kg),3.29,0.3,1.86,13.84,9.3,-0.36
2017-11-01,2017,11,"Tea, avg 3 auctions",Beverages,($/kg),3.23,-1.82,-0.92,6.6,6.95,-0.99
2017-12-01,2017,12,"Tea, avg 3 auctions",Beverages,($/kg),3.13,-3.1,-4.57,5.03,1.62,-1.3
2018-01-01,2018,1,"Tea, avg 3 auctions",Beverages,($/kg),3.1,-0.96,-5.78,1.97,3.33,-0.48
2018-02-01,2018,2,"Tea, avg 3 auctions",Beverages,($/kg),3.0,-3.23,-7.12,1.35,2.39,-1.17
2018-03-01,2018,3,"Tea, avg 3 auctions",Beverages,($/kg),2.84,-5.33,-9.27,-1.05,-2.07,-1.83
2018-04-01,2018,4,"Tea, avg 3 auctions",Beverages,($/kg),2.95,3.87,-4.84,-2.64,2.08,1.19
2018-05-01,2018,5,"Tea, avg 3 auctions",Beverages,($/kg),3.02,2.37,0.67,-5.63,2.37,0.84
2018-06-01,2018,6,"Tea, avg 3 auctions",Beverages,($/kg),2.87,-4.97,1.06,-11.42,1.06,-1.74
2018-07-01,2018,7,"Tea, avg 3 auctions",Beverages,($/kg),2.89,0.7,-2.03,-10.53,2.12,0.59
2018-08-01,2018,8,"Tea, avg 3 auctions",Beverages,($/kg),2.77,-4.15,-8.28,-15.03,-0.36,-1.14
2018-09-01,2018,9,"Tea, avg 3 auctions",Beverages,($/kg),2.67,-3.61,-6.97,-18.6,-2.91,-0.78
2018-10-01,2018,10,"Tea, avg 3 auctions",Beverages,($/kg),2.74,2.62,-5.19,-16.72,-2.14,1.45
2018-11-01,2018,11,"Tea, avg 3 auctions",Beverages,($/kg),2.7,-1.46,-2.53,-16.41,-2.88,0.0
2018-12-01,2018,12,"Tea, avg 3 auctions",Beverages,($/kg),2.62,-2.96,-1.87,-16.29,-9.66,-0.48
2019-01-01,2019,1,"Tea, avg 3 auctions",Beverages,($/kg),2.54,-3.05,-7.3,-18.06,-11.5,-0.52
2019-02-01,2019,2,"Tea, avg 3 auctions",Beverages,($/kg),2.38,-6.3,-11.85,-20.67,-7.75,-1.48
2019-03-01,2019,3,"Tea, avg 3 auctions",Beverages,($/kg),2.38,0.0,-9.16,-16.2,-4.8,0.54
2019-04-01,2019,4,"Tea, avg 3 auctions",Beverages,($/kg),2.65,11.34,4.33,-10.17,-0.75,3.88
2019-05-01,2019,5,"Tea, avg 3 auctions",Beverages,($/kg),2.73,3.02,14.71,-9.6,-4.88,0.8
2019-06-01,2019,6,"Tea, avg 3 auctions",Beverages,($/kg),2.56,-6.23,7.56,-10.8,-10.18,-1.14
2019-07-01,2019,7,"Tea, avg 3 auctions",Beverages,($/kg),2.58,0.78,-2.64,-10.73,-12.84,0.33
2019-08-01,2019,8,"Tea, avg 3 auctions",Beverages,($/kg),2.63,1.94,-3.66,-5.05,-5.73,0.56
2019-09-01,2019,9,"Tea, avg 3 auctions",Beverages,($/kg),2.54,-3.42,-0.78,-4.87,-3.79,-0.64
2019-10-01,2019,10,"Tea, avg 3 auctions",Beverages,($/kg),2.58,1.57,0.0,-5.84,-2.64,0.39
2019-11-01,2019,11,"Tea, avg 3 auctions",Beverages,($/kg),2.61,1.16,-0.76,-3.33,-1.51,0.33
2019-12-01,2019,12,"Tea, avg 3 auctions",Beverages,($/kg),2.57,-1.53,1.18,-1.91,-1.91,-0.28
2020-01-01,2020,1,"Tea, avg 3 auctions",Beverages,($/kg),2.51,-2.33,-2.71,-1.18,-3.83,-0.48
2020-02-01,2020,2,"Tea, avg 3 auctions",Beverages,($/kg),2.36,-5.98,-9.58,-0.84,-3.67,-1.27
2020-03-01,2020,3,"Tea, avg 3 auctions",Beverages,($/kg),2.13,-9.75,-17.12,-10.5,-11.62,-2.09
2020-04-01,2020,4,"Tea, avg 3 auctions",Beverages,($/kg),2.36,10.8,-5.98,-10.94,-10.27,2.12
2020-05-01,2020,5,"Tea, avg 3 auctions",Beverages,($/kg),2.51,6.36,6.36,-8.06,-13.15,1.34
2020-06-01,2020,6,"Tea, avg 3 auctions",Beverages,($/kg),2.84,13.15,33.33,10.94,-5.33,2.43
2020-07-01,2020,7,"Tea, avg 3 auctions",Beverages,($/kg),3.04,7.04,28.81,17.83,-1.94,0.91
2020-08-01,2020,8,"Tea, avg 3 auctions",Beverages,($/kg),3.15,3.62,25.5,19.77,6.42,0.3
2020-09-01,2020,9,"Tea, avg 3 auctions",Beverages,($/kg),3.08,-2.22,8.45,21.26,10.79,-0.58
2020-10-01,2020,10,"Tea, avg 3 auctions",Beverages,($/kg),3.0,-2.6,-1.32,16.28,4.9,-0.66
2020-11-01,2020,11,"Tea, avg 3 auctions",Beverages,($/kg),2.78,-7.33,-11.75,6.51,-1.42,-1.28
2020-12-01,2020,12,"Tea, avg 3 auctions",Beverages,($/kg),2.65,-4.68,-13.96,3.11,-5.69,-0.74
2021-01-01,2021,1,"Tea, avg 3 auctions",Beverages,($/kg),2.68,1.13,-10.67,6.77,5.1,0.08
2021-02-01,2021,2,"Tea, avg 3 auctions",Beverages,($/kg),2.56,-4.48,-7.91,8.47,8.94,-0.71
2021-03-01,2021,3,"Tea, avg 3 auctions",Beverages,($/kg),2.43,-5.08,-8.3,14.08,5.19,-0.82
2021-04-01,2021,4,"Tea, avg 3 auctions",Beverages,($/kg),2.67,9.88,-0.37,13.14,5.12,1.26
2021-05-01,2021,5,"Tea, avg 3 auctions",Beverages,($/kg),2.71,1.5,5.86,7.97,5.45,0.04
2021-06-01,2021,6,"Tea, avg 3 auctions",Beverages,($/kg),2.7,-0.37,11.11,-4.93,1.89,-0.18
2021-07-01,2021,7,"Tea, avg 3 auctions",Beverages,($/kg),2.65,-1.85,-0.75,-12.83,-4.33,-0.3
2021-08-01,2021,8,"Tea, avg 3 auctions",Beverages,($/kg),2.72,2.64,0.37,-13.65,-2.16,0.79
2021-09-01,2021,9,"Tea, avg 3 auctions",Beverages,($/kg),2.73,0.37,1.11,-11.36,-2.15,0.33
2021-10-01,2021,10,"Tea, avg 3 auctions",Beverages,($/kg),2.78,1.83,4.91,-7.33,-3.81,0.6
2021-11-01,2021,11,"Tea, avg 3 auctions",Beverages,($/kg),2.83,1.8,4.04,1.8,-6.6,0.51
2021-12-01,2021,12,"Tea, avg 3 auctions",Beverages,($/kg),2.82,-0.35,3.3,6.42,-5.37,-0.14
2022-01-01,2022,1,"Tea, avg 3 auctions",Beverages,($/kg),2.86,1.42,2.88,6.72,-5.92,0.22
2022-02-01,2022,2,"Tea, avg 3 auctions",Beverages,($/kg),2.79,-2.45,-1.41,8.98,-5.74,-0.8
2022-03-01,2022,3,"Tea, avg 3 auctions",Beverages,($/kg),2.61,-6.45,-7.45,7.41,-9.06,-2.0
2022-04-01,2022,4,"Tea, avg 3 auctions",Beverages,($/kg),3.24,24.14,13.29,21.35,6.93,6.13
2022-05-01,2022,5,"Tea, avg 3 auctions",Beverages,($/kg),2.99,-7.72,7.17,10.33,-6.56,-1.28
2022-06-01,2022,6,"Tea, avg 3 auctions",Beverages,($/kg),2.96,-1.0,13.41,9.63,-8.64,-0.26
2022-07-01,2022,7,"Tea, avg 3 auctions",Beverages,($/kg),3.31,11.82,2.16,24.91,2.48,1.36
2022-08-01,2022,8,"Tea, avg 3 auctions",Beverages,($/kg),3.37,1.81,12.71,23.9,3.37,-0.04
2022-09-01,2022,9,"Tea, avg 3 auctions",Beverages,($/kg),3.33,-1.19,12.5,21.98,1.52,-0.39
2022-10-01,2022,10,"Tea, avg 3 auctions",Beverages,($/kg),3.15,-5.41,-4.83,13.31,-4.26,-0.87
2022-11-01,2022,11,"Tea, avg 3 auctions",Beverages,($/kg),3.05,-3.17,-9.5,7.77,-5.57,-0.52
2022-12-01,2022,12,"Tea, avg 3 auctions",Beverages,($/kg),2.95,-3.28,-11.41,4.61,-5.75,-0.48
2023-01-01,2023,1,"Tea, avg 3 auctions",Beverages,($/kg),2.77,-6.1,-12.06,-3.15,-10.65,-0.76
2023-02-01,2023,2,"Tea, avg 3 auctions",Beverages,($/kg),2.7,-2.53,-11.48,-3.23,-10.0,-0.29
2023-03-01,2023,3,"Tea, avg 3 auctions",Beverages,($/kg),2.69,-0.37,-8.81,3.07,-5.28,-0.05
2023-04-01,2023,4,"Tea, avg 3 auctions",Beverages,($/kg),2.96,10.04,6.86,-8.64,0.34,1.06
2023-05-01,2023,5,"Tea, avg 3 auctions",Beverages,($/kg),2.71,-8.45,0.37,-9.36,-10.26,-1.31
2023-06-01,2023,6,"Tea, avg 3 auctions",Beverages,($/kg),2.69,-0.74,0.0,-9.12,-6.27,-0.01
2023-07-01,2023,7,"Tea, avg 3 auctions",Beverages,($/kg),2.47,-8.18,-16.55,-25.38,-14.53,-1.24
2023-08-01,2023,8,"Tea, avg 3 auctions",Beverages,($/kg),2.83,14.57,4.43,-16.02,2.17,3.38
2023-09-01,2023,9,"Tea, avg 3 auctions",Beverages,($/kg),2.85,0.71,5.95,-14.41,6.74,0.28
2023-10-01,2023,10,"Tea, avg 3 auctions",Beverages,($/kg),2.76,-3.16,11.74,-12.38,0.73,-0.3
2023-11-01,2023,11,"Tea, avg 3 auctions",Beverages,($/kg),2.74,-0.72,-3.18,-10.16,1.48,0.02
2023-12-01,2023,12,"Tea, avg 3 auctions",Beverages,($/kg),2.71,-1.09,-4.91,-8.14,3.44,-0.06
2024-01-01,2024,1,"Tea, avg 3 auctions",Beverages,($/kg),2.66,-1.85,-3.62,-3.97,4.72,-0.2
2024-02-01,2024,2,"Tea, avg 3 auctions",Beverages,($/kg),2.71,1.88,-1.09,0.37,13.87,0.31
2024-03-01,2024,3,"Tea, avg 3 auctions",Beverages,($/kg),2.69,-0.74,-0.74,0.0,13.03,-0.15
2024-04-01,2024,4,"Tea, avg 3 auctions",Beverages,($/kg),3.03,12.64,13.91,2.36,14.34,1.9
2024-05-01,2024,5,"Tea, avg 3 auctions",Beverages,($/kg),3.2,5.61,18.08,18.08,17.22,0.75
2024-06-01,2024,6,"Tea, avg 3 auctions",Beverages,($/kg),3.22,0.63,19.7,19.7,25.78,-0.15
2024-07-01,2024,7,"Tea, avg 3 auctions",Beverages,($/kg),3.3,2.48,8.91,33.6,27.91,0.12
2024-08-01,2024,8,"Tea, avg 3 auctions",Beverages,($/kg),3.22,-2.42,0.63,13.78,22.43,-0.89
2024-09-01,2024,9,"Tea, avg 3 auctions",Beverages,($/kg),3.27,1.55,1.55,14.74,28.74,0.09
2024-10-01,2024,10,"Tea, avg 3 auctions",Beverages,($/kg),3.15,-3.67,-4.55,14.13,22.09,-1.13
2024-11-01,2024,11,"Tea, avg 3 auctions",Beverages,($/kg),3.09,-1.9,-4.04,12.77,18.39,-0.71
2024-12-01,2024,12,"Tea, avg 3 auctions",Beverages,($/kg),2.96,-4.21,-9.48,9.23,15.18,-1.19
2025-01-01,2025,1,"Tea, avg 3 auctions",Beverages,($/kg),2.78,-6.08,-11.75,4.51,10.76,-1.48
2025-02-01,2025,2,"Tea, avg 3 auctions",Beverages,($/kg),2.69,-3.24,-12.94,-0.74,13.98,-0.74
2025-03-01,2025,3,"Tea, avg 3 auctions",Beverages,($/kg),2.69,0.0,-9.12,0.0,26.29,-0.01
2025-04-01,2025,4,"Tea, avg 3 auctions",Beverages,($/kg),2.91,8.18,4.68,-3.96,23.31,1.58
2025-05-01,2025,5,"Tea, avg 3 auctions",Beverages,($/kg),3.02,3.78,12.27,-5.63,20.32,0.96
2025-06-01,2025,6,"Tea, avg 3 auctions",Beverages,($/kg),2.99,-0.99,11.15,-7.14,5.28,-0.15
2025-07-01,2025,7,"Tea, avg 3 auctions",Beverages,($/kg),3.02,1.0,3.78,-8.48,-0.66,0.39
2025-08-01,2025,8,"Tea, avg 3 auctions",Beverages,($/kg),3.04,0.66,0.66,-5.59,-3.49,0.34
2025-09-01,2025,9,"Tea, avg 3 auctions",Beverages,($/kg),2.94,-3.29,-1.67,-10.09,-4.55,-0.74
2025-10-01,2025,10,"Tea, avg 3 auctions",Beverages,($/kg),3.01,2.38,-0.33,-4.44,0.33,0.82
2025-11-01,2025,11,"Tea, avg 3 auctions",Beverages,($/kg),2.99,-0.66,-1.64,-3.24,7.55,-0.09
2025-12-01,2025,12,"Tea, avg 3 auctions",Beverages,($/kg),2.88,-3.68,-2.04,-2.7,8.68,-0.9
2026-01-01,2026,1,"Tea, avg 3 auctions",Beverages,($/kg),2.73,-5.21,-9.3,-1.8,1.87,-1.32
2026-02-01,2026,2,"Tea, avg 3 auctions",Beverages,($/kg),2.7,-1.1,-9.7,0.37,5.47,-0.27
2026-03-01,2026,3,"Tea, avg 3 auctions",Beverages,($/kg),2.69,-0.37,-6.6,0.0,10.7,-0.13
2026-04-01,2026,4,"Tea, avg 3 auctions",Beverages,($/kg),2.83,5.2,3.66,-2.75,5.99,1.43
2026-05-01,2026,5,"Tea, avg 3 auctions",Beverages,($/kg),3.0,6.01,11.11,-0.66,10.7,2.03
2026-06-01,2026,6,"Tea, avg 3 auctions",Beverages,($/kg),2.97,-1.0,10.41,-0.67,10.0,-0.3
2026-07-01,2026,7,"Tea, avg 3 auctions",Beverages,($/kg),2.98,0.34,5.3,-1.32,12.45,0.1
2026-08-01,2026,8,"Tea, avg 3 auctions",Beverages,($/kg),2.91,-2.35,-3.0,-4.28,6.99,-0.68
2026-09-01,2026,9,"Tea, avg 3 auctions",Beverages,($/kg),2.85,-2.06,-4.04,-3.06,4.4,-0.51
1960-01-01,1960,1,Tin,Metals,($/mt),2180.0,,,,,
1960-02-01,1960,2,Tin,Metals,($/mt),2180.0,0.0,,,,
1960-03-01,1960,3,Tin,Metals,($/mt),2174.0,-0.28,,,,
1960-04-01,1960,4,Tin,Metals,($/mt),2178.0,0.18,-0.09,,,
1960-05-01,1960,5,Tin,Metals,($/mt),2163.0,-0.69,-0.78,,,
1960-06-01,1960,6,Tin,Metals,($/mt),2185.0,1.02,0.51,,,
1960-07-01,1960,7,Tin,Metals,($/mt),2249.0,2.93,3.26,,,
1960-08-01,1960,8,Tin,Metals,($/mt),2205.0,-1.96,1.94,,,-1.9
1960-09-01,1960,9,Tin,Metals,($/mt),2227.0,1.0,1.92,,,0.54
1960-10-01,1960,10,Tin,Metals,($/mt),2227.0,0.0,-0.98,,,-0.19
1960-11-01,1960,11,Tin,Metals,($/mt),2205.0,-0.99,0.0,,,-0.92
1960-12-01,1960,12,Tin,Metals,($/mt),2189.0,-0.73,-1.71,,,-0.64
1961-01-01,1961,1,Tin,Metals,($/mt),2163.0,-1.19,-2.87,-0.78,,-0.96
1961-02-01,1961,2,Tin,Metals,($/mt),2187.0,1.11,-0.82,0.32,,0.92
1961-03-01,1961,3,Tin,Metals,($/mt),2249.0,2.83,2.74,3.45,,2.12
1961-04-01,1961,4,Tin,Metals,($/mt),2308.0,2.62,6.7,5.97,,1.51
1961-05-01,1961,5,Tin,Metals,($/mt),2377.0,2.99,8.69,9.89,,1.48
1961-06-01,1961,6,Tin,Metals,($/mt),2467.0,3.79,9.69,12.91,,1.68
1961-07-01,1961,7,Tin,Metals,($/mt),2520.0,2.15,9.19,12.05,,0.56
1961-08-01,1961,8,Tin,Metals,($/mt),2606.0,3.41,9.63,18.19,,1.27
1961-09-01,1961,9,Tin,Metals,($/mt),2630.0,0.92,6.61,18.1,,-0.28
1961-10-01,1961,10,Tin,Metals,($/mt),2606.0,-0.91,3.41,17.02,,-1.29
1961-11-01,1961,11,Tin,Metals,($/mt),2668.0,2.38,2.38,21.0,,0.56
1961-12-01,1961,12,Tin,Metals,($/mt),2619.0,-1.84,-0.42,19.64,,-1.97
1962-01-01,1962,1,Tin,Metals,($/mt),2610.0,-0.34,0.15,20.67,,-0.98
1962-02-01,1962,2,Tin,Metals,($/mt),2624.0,0.54,-1.65,19.98,,-0.58
1962-03-01,1962,3,Tin,Metals,($/mt),2652.0,1.07,1.26,17.92,,-0.26
1962-04-01,1962,4,Tin,Metals,($/mt),2615.0,-1.4,0.19,13.3,,-1.56
1962-05-01,1962,5,Tin,Metals,($/mt),2533.0,-3.14,-3.47,6.56,,-2.2
1962-06-01,1962,6,Tin,Metals,($/mt),2414.0,-4.7,-8.97,-2.15,,-2.44
1962-07-01,1962,7,Tin,Metals,($/mt),2377.0,-1.53,-9.1,-5.67,,-0.58
1962-08-01,1962,8,Tin,Metals,($/mt),2350.0,-1.14,-7.22,-9.82,,-0.29
1962-09-01,1962,9,Tin,Metals,($/mt),2350.0,0.0,-2.65,-10.65,,0.43
1962-10-01,1962,10,Tin,Metals,($/mt),2359.0,0.38,-0.76,-9.48,,0.69
1962-11-01,1962,11,Tin,Metals,($/mt),2407.0,2.03,2.43,-9.78,,1.48
1962-12-01,1962,12,Tin,Metals,($/mt),2366.0,-1.7,0.68,-9.66,,-0.46
1963-01-01,1963,1,Tin,Metals,($/mt),2350.0,-0.68,-0.38,-9.96,,0.08
1963-02-01,1963,2,Tin,Metals,($/mt),2350.0,0.0,-2.37,-10.44,,0.46
1963-03-01,1963,3,Tin,Metals,($/mt),2359.0,0.38,-0.3,-11.05,,0.7
1963-04-01,1963,4,Tin,Metals,($/mt),2427.0,2.88,3.28,-7.19,,2.17
1963-05-01,1963,5,Tin,Metals,($/mt),2496.0,2.84,6.21,-1.46,,1.66
1963-06-01,1963,6,Tin,Metals,($/mt),2500.0,0.16,5.98,3.56,,0.12
1963-07-01,1963,7,Tin,Metals,($/mt),2482.0,-0.72,2.27,4.42,,-0.66
1963-08-01,1963,8,Tin,Metals,($/mt),2496.0,0.56,0.0,6.21,,0.13
1963-09-01,1963,9,Tin,Metals,($/mt),2573.0,3.08,2.92,9.49,,1.82
1963-10-01,1963,10,Tin,Metals,($/mt),2590.0,0.66,4.35,9.79,,-0.07
1963-11-01,1963,11,Tin,Metals,($/mt),2687.0,3.75,7.65,11.63,,1.87
1963-12-01,1963,12,Tin,Metals,($/mt),2782.0,3.54,8.12,17.58,,1.47
1964-01-01,1964,1,Tin,Metals,($/mt),2873.0,3.27,10.93,22.26,,1.12
1964-02-01,1964,2,Tin,Metals,($/mt),3060.0,6.51,13.88,30.21,,2.92
1964-03-01,1964,3,Tin,Metals,($/mt),2959.0,-3.3,6.36,25.43,,-2.69
1964-04-01,1964,4,Tin,Metals,($/mt),2879.0,-2.7,0.21,18.62,,-1.8
1964-05-01,1964,5,Tin,Metals,($/mt),2910.0,1.08,-4.9,16.59,,-0.14
1964-06-01,1964,6,Tin,Metals,($/mt),3265.0,12.2,10.34,30.6,,3.83
1964-07-01,1964,7,Tin,Metals,($/mt),3452.0,5.73,19.9,39.08,,0.81
1964-08-01,1964,8,Tin,Metals,($/mt),3512.0,1.74,20.69,40.71,,-0.27
1964-09-01,1964,9,Tin,Metals,($/mt),3933.0,11.99,20.46,52.86,,2.18
1964-10-01,1964,10,Tin,Metals,($/mt),4372.0,11.16,26.65,68.8,,1.52
1964-11-01,1964,11,Tin,Metals,($/mt),4105.0,-6.11,16.88,52.77,,-2.05
1964-12-01,1964,12,Tin,Metals,($/mt),3633.0,-11.5,-7.63,30.59,,-2.51
1965-01-01,1965,1,Tin,Metals,($/mt),3457.0,-4.84,-20.93,20.33,58.58,-0.98
1965-02-01,1965,2,Tin,Metals,($/mt),3391.0,-1.91,-17.39,10.82,55.55,-0.48
1965-03-01,1965,3,Tin,Metals,($/mt),3585.0,5.72,-1.32,21.16,64.9,0.6
1965-04-01,1965,4,Tin,Metals,($/mt),3944.0,10.01,14.09,36.99,81.08,1.06
1965-05-01,1965,5,Tin,Metals,($/mt),4215.0,6.87,24.3,44.85,94.87,0.5
1965-06-01,1965,6,Tin,Metals,($/mt),4132.0,-1.97,15.26,26.55,89.11,-0.68
1965-07-01,1965,7,Tin,Metals,($/mt),3966.0,-4.02,0.56,14.89,76.35,-0.83
1965-08-01,1965,8,Tin,Metals,($/mt),4092.0,3.18,-2.92,16.51,85.58,0.23
1965-09-01,1965,9,Tin,Metals,($/mt),4209.0,2.86,1.86,7.02,89.0,0.17
1965-10-01,1965,10,Tin,Metals,($/mt),4010.0,-4.73,1.11,-8.28,80.06,-0.79
1965-11-01,1965,11,Tin,Metals,($/mt),3821.0,-4.71,-6.62,-6.92,73.29,-0.67
1965-12-01,1965,12,Tin,Metals,($/mt),3869.0,1.26,-8.08,6.5,76.75,0.27
1966-01-01,1966,1,Tin,Metals,($/mt),3926.0,1.47,-2.09,13.57,81.51,0.16
1966-02-01,1966,2,Tin,Metals,($/mt),3878.0,-1.22,1.49,14.36,77.32,-0.5
1966-03-01,1966,3,Tin,Metals,($/mt),3772.0,-2.73,-2.51,5.22,67.72,-0.83
1966-04-01,1966,4,Tin,Metals,($/mt),3763.0,-0.24,-4.15,-4.59,63.04,-0.16
1966-05-01,1966,5,Tin,Metals,($/mt),3688.0,-1.99,-4.9,-12.5,55.15,-0.46
1966-06-01,1966,6,Tin,Metals,($/mt),3516.0,-4.66,-6.79,-14.91,42.52,-1.29
1966-07-01,1966,7,Tin,Metals,($/mt),3514.0,-0.06,-6.62,-11.4,39.44,0.42
1966-08-01,1966,8,Tin,Metals,($/mt),3428.0,-2.45,-7.05,-16.23,31.54,-0.52
1966-09-01,1966,9,Tin,Metals,($/mt),3378.0,-1.46,-3.92,-19.74,28.44,-0.01
1966-10-01,1966,10,Tin,Metals,($/mt),3362.0,-0.47,-4.33,-16.16,29.01,0.6
1966-11-01,1966,11,Tin,Metals,($/mt),3320.0,-1.25,-3.15,-13.11,24.44,0.09
1966-12-01,1966,12,Tin,Metals,($/mt),3336.0,0.48,-1.24,-13.78,27.38,0.95
1967-01-01,1967,1,Tin,Metals,($/mt),3303.0,-0.99,-1.75,-15.87,26.55,0.14
1967-02-01,1967,2,Tin,Metals,($/mt),3309.0,0.18,-0.33,-14.67,26.11,1.14
1967-03-01,1967,3,Tin,Metals,($/mt),3318.0,0.27,-0.54,-12.04,25.11,1.07
1967-04-01,1967,4,Tin,Metals,($/mt),3351.0,0.99,1.45,-10.95,28.15,1.39
1967-05-01,1967,5,Tin,Metals,($/mt),3358.0,0.21,1.48,-8.95,32.57,0.74
1967-06-01,1967,6,Tin,Metals,($/mt),3367.0,0.27,1.48,-4.24,39.48,0.66
1967-07-01,1967,7,Tin,Metals,($/mt),3362.0,-0.15,0.33,-4.33,41.44,0.21
1967-08-01,1967,8,Tin,Metals,($/mt),3292.0,-2.08,-1.97,-3.97,40.09,-1.74
1967-09-01,1967,9,Tin,Metals,($/mt),3267.0,-0.76,-2.97,-3.29,39.02,-0.46
1967-10-01,1967,10,Tin,Metals,($/mt),3281.0,0.43,-2.41,-2.41,39.08,0.81
1967-11-01,1967,11,Tin,Metals,($/mt),3298.0,0.52,0.18,-0.66,37.02,0.81
1967-12-01,1967,12,Tin,Metals,($/mt),3192.0,-3.21,-2.3,-4.32,34.91,-3.76
1968-01-01,1968,1,Tin,Metals,($/mt),3126.0,-2.07,-4.72,-5.36,33.02,-1.4
1968-02-01,1968,2,Tin,Metals,($/mt),3111.0,-0.48,-5.67,-5.98,32.38,-0.02
1968-03-01,1968,3,Tin,Metals,($/mt),3113.0,0.06,-2.47,-6.18,31.96,0.44
1968-04-01,1968,4,Tin,Metals,($/mt),3106.0,-0.22,-0.64,-7.31,27.98,0.23
1968-05-01,1968,5,Tin,Metals,($/mt),3084.0,-0.71,-0.87,-8.16,23.56,-0.07
1968-06-01,1968,6,Tin,Metals,($/mt),3084.0,0.0,-0.93,-8.41,23.36,0.6
1968-07-01,1968,7,Tin,Metals,($/mt),3075.0,-0.29,-1.0,-8.54,23.89,0.38
1968-08-01,1968,8,Tin,Metals,($/mt),3062.0,-0.42,-0.71,-6.99,22.68,0.27
1968-09-01,1968,9,Tin,Metals,($/mt),3071.0,0.29,-0.42,-6.0,19.35,0.84
1968-10-01,1968,10,Tin,Metals,($/mt),3111.0,1.3,1.17,-5.18,20.12,1.66
1968-11-01,1968,11,Tin,Metals,($/mt),3320.0,6.72,8.43,0.67,23.56,6.04
1968-12-01,1968,12,Tin,Metals,($/mt),3258.0,-1.87,6.09,2.07,17.11,-0.82
1969-01-01,1969,1,Tin,Metals,($/mt),3228.0,-0.92,3.76,3.26,12.36,-0.5
1969-02-01,1969,2,Tin,Metals,($/mt),3245.0,0.53,-2.26,4.31,6.05,0.11
1969-03-01,1969,3,Tin,Metals,($/mt),3243.0,-0.06,-0.46,4.18,9.6,-0.2
1969-04-01,1969,4,Tin,Metals,($/mt),3305.0,1.91,2.39,6.41,14.8,0.72
1969-05-01,1969,5,Tin,Metals,($/mt),3355.0,1.51,3.39,8.79,15.29,0.45
1969-06-01,1969,6,Tin,Metals,($/mt),3380.0,0.75,4.22,9.6,3.52,0.01
1969-07-01,1969,7,Tin,Metals,($/mt),3439.0,1.75,4.05,11.84,-0.38,0.45
1969-08-01,1969,8,Tin,Metals,($/mt),3470.0,0.9,3.43,13.32,-1.2,-0.03
1969-09-01,1969,9,Tin,Metals,($/mt),3470.0,0.0,2.66,12.99,-11.77,-0.51
1969-10-01,1969,10,Tin,Metals,($/mt),3534.0,1.84,2.76,13.6,-19.17,0.38
1969-11-01,1969,11,Tin,Metals,($/mt),3642.0,3.06,4.96,9.7,-11.28,0.93
1969-12-01,1969,12,Tin,Metals,($/mt),3818.0,4.83,10.03,17.19,5.09,2.98
1970-01-01,1970,1,Tin,Metals,($/mt),3843.0,0.65,8.74,19.05,11.17,-0.45
1970-02-01,1970,2,Tin,Metals,($/mt),3768.0,-1.95,3.46,16.12,11.12,-2.47
1970-03-01,1970,3,Tin,Metals,($/mt),3796.0,0.74,-0.58,17.05,5.89,-0.31
1970-04-01,1970,4,Tin,Metals,($/mt),3849.0,1.4,0.16,16.46,-2.41,0.04
1970-05-01,1970,5,Tin,Metals,($/mt),3737.0,-2.91,-0.82,11.39,-11.34,-2.56
1970-06-01,1970,6,Tin,Metals,($/mt),3543.0,-5.19,-6.66,4.82,-14.25,-3.0
1970-07-01,1970,7,Tin,Metals,($/mt),3499.0,-1.24,-9.09,1.74,-11.78,-0.62
1970-08-01,1970,8,Tin,Metals,($/mt),3620.0,3.46,-3.13,4.32,-11.53,1.21
1970-09-01,1970,9,Tin,Metals,($/mt),3646.0,0.72,2.91,5.07,-13.38,0.11
1970-10-01,1970,10,Tin,Metals,($/mt),3669.0,0.63,4.86,3.82,-8.5,0.06
1970-11-01,1970,11,Tin,Metals,($/mt),3616.0,-1.44,-0.11,-0.71,-5.37,-0.64
1970-12-01,1970,12,Tin,Metals,($/mt),3497.0,-3.29,-4.09,-8.41,-9.61,-1.2
1971-01-01,1971,1,Tin,Metals,($/mt),3466.0,-0.89,-5.53,-9.81,-11.72,-0.08
1971-02-01,1971,2,Tin,Metals,($/mt),3464.0,-0.06,-4.2,-8.07,-10.68,0.33
1971-03-01,1971,3,Tin,Metals,($/mt),3527.0,1.82,0.86,-7.09,-6.5,1.06
1971-04-01,1971,4,Tin,Metals,($/mt),3563.0,1.02,2.8,-7.43,-5.31,0.66
1971-05-01,1971,5,Tin,Metals,($/mt),3521.0,-1.18,1.65,-5.78,-4.53,-0.24
1971-06-01,1971,6,Tin,Metals,($/mt),3448.0,-2.07,-2.24,-2.68,-1.93,-0.7
1971-07-01,1971,7,Tin,Metals,($/mt),3457.0,0.26,-2.98,-1.2,-1.62,0.25
1971-08-01,1971,8,Tin,Metals,($/mt),3479.0,0.64,-1.19,-3.9,1.49,0.4
1971-09-01,1971,9,Tin,Metals,($/mt),3525.0,1.32,2.23,-3.32,4.35,1.11
1971-10-01,1971,10,Tin,Metals,($/mt),3490.0,-0.99,0.95,-4.88,3.81,-0.47
1971-11-01,1971,11,Tin,Metals,($/mt),3534.0,1.26,1.58,-2.27,6.45,1.11
1971-12-01,1971,12,Tin,Metals,($/mt),3671.0,3.88,4.14,4.98,10.04,2.64
1972-01-01,1972,1,Tin,Metals,($/mt),3627.0,-1.2,3.93,4.65,9.81,-1.0
1972-02-01,1972,2,Tin,Metals,($/mt),3631.0,0.11,2.74,4.82,9.73,-0.17
1972-03-01,1972,3,Tin,Metals,($/mt),3790.0,4.38,3.24,7.46,14.23,2.43
1972-04-01,1972,4,Tin,Metals,($/mt),3845.0,1.45,6.01,7.91,14.74,0.42
1972-05-01,1972,5,Tin,Metals,($/mt),3766.0,-2.05,3.72,6.96,12.15,-1.37
1972-06-01,1972,6,Tin,Metals,($/mt),3741.0,-0.66,-1.29,8.5,11.11,-0.6
1972-07-01,1972,7,Tin,Metals,($/mt),3732.0,-0.24,-2.94,7.95,11.01,-0.48
1972-08-01,1972,8,Tin,Metals,($/mt),3755.0,0.62,-0.29,7.93,14.06,-0.02
1972-09-01,1972,9,Tin,Metals,($/mt),3803.0,1.28,1.66,7.89,16.41,0.32
1972-10-01,1972,10,Tin,Metals,($/mt),3759.0,-1.16,0.72,7.71,14.57,-0.93
1972-11-01,1972,11,Tin,Metals,($/mt),3702.0,-1.52,-1.41,4.75,12.25,-1.1
1972-12-01,1972,12,Tin,Metals,($/mt),3730.0,0.76,-1.92,1.61,16.85,0.17
1973-01-01,1973,1,Tin,Metals,($/mt),3790.0,1.61,0.82,4.49,21.24,0.84
1973-02-01,1973,2,Tin,Metals,($/mt),4028.0,6.28,8.81,10.93,29.48,3.4
1973-03-01,1973,3,Tin,Metals,($/mt),4288.0,6.45,14.96,13.14,37.74,2.29
1973-04-01,1973,4,Tin,Metals,($/mt),4270.0,-0.42,12.66,11.05,37.48,-0.54
1973-05-01,1973,5,Tin,Metals,($/mt),4348.0,1.83,7.94,15.45,40.99,0.33
1973-06-01,1973,6,Tin,Metals,($/mt),4531.0,4.21,5.67,21.12,46.92,1.13
1973-07-01,1973,7,Tin,Metals,($/mt),4963.0,9.53,16.23,32.98,61.4,2.95
1973-08-01,1973,8,Tin,Metals,($/mt),5005.0,0.85,15.11,33.29,63.46,-0.47
1973-09-01,1973,9,Tin,Metals,($/mt),5011.0,0.12,10.59,31.76,63.17,-0.69
1973-10-01,1973,10,Tin,Metals,($/mt),5359.0,6.94,7.98,42.56,72.26,1.31
1973-11-01,1973,11,Tin,Metals,($/mt),5573.0,3.99,11.35,50.54,67.86,0.27
1973-12-01,1973,12,Tin,Metals,($/mt),6462.0,15.95,28.96,73.24,98.34,3.88
1974-01-01,1974,1,Tin,Metals,($/mt),6504.0,0.65,21.37,71.61,101.49,-0.88
1974-02-01,1974,2,Tin,Metals,($/mt),7419.0,14.07,33.12,84.19,128.63,1.97
1974-03-01,1974,3,Tin,Metals,($/mt),8219.0,10.78,27.19,91.67,153.44,0.99
1974-04-01,1974,4,Tin,Metals,($/mt),9207.0,12.02,41.56,115.62,178.58,1.11
1974-05-01,1974,5,Tin,Metals,($/mt),9306.0,1.08,25.43,114.03,177.38,-1.01
1974-06-01,1974,6,Tin,Metals,($/mt),9041.0,-2.85,10.0,99.54,167.49,-1.68
1974-07-01,1974,7,Tin,Metals,($/mt),8547.0,-5.46,-7.17,72.21,148.53,-1.84
1974-08-01,1974,8,Tin,Metals,($/mt),8788.0,2.82,-5.57,75.58,153.26,-0.29
1974-09-01,1974,9,Tin,Metals,($/mt),9167.0,4.31,1.39,82.94,164.18,-0.1
1974-10-01,1974,10,Tin,Metals,($/mt),7410.0,-19.17,-13.3,38.27,109.68,-3.64
1974-11-01,1974,11,Tin,Metals,($/mt),7403.0,-0.09,-15.76,32.84,103.27,-0.34
1974-12-01,1974,12,Tin,Metals,($/mt),7203.0,-2.7,-21.42,11.47,88.66,-0.57
1975-01-01,1975,1,Tin,Metals,($/mt),7677.0,6.58,3.6,18.04,99.77,0.59
1975-02-01,1975,2,Tin,Metals,($/mt),7557.0,-1.56,2.08,1.86,100.56,-0.37
1975-03-01,1975,3,Tin,Metals,($/mt),7383.0,-2.3,2.5,-10.17,94.49,-0.34
1975-04-01,1975,4,Tin,Metals,($/mt),7130.0,-3.43,-7.13,-22.56,85.24,-0.37
1975-05-01,1975,5,Tin,Metals,($/mt),6898.0,-3.25,-8.72,-25.88,84.59,-0.21
1975-06-01,1975,6,Tin,Metals,($/mt),6927.0,0.42,-6.18,-23.38,95.51,0.42
1975-07-01,1975,7,Tin,Metals,($/mt),6810.0,-1.69,-4.49,-20.32,94.63,0.05
1975-08-01,1975,8,Tin,Metals,($/mt),6775.0,-0.51,-1.78,-22.91,87.15,0.18
1975-09-01,1975,9,Tin,Metals,($/mt),6559.0,-3.19,-5.31,-28.45,79.9,-0.2
1975-10-01,1975,10,Tin,Metals,($/mt),6347.0,-3.23,-6.8,-14.35,72.99,-0.11
1975-11-01,1975,11,Tin,Metals,($/mt),6281.0,-1.04,-7.29,-15.16,73.7,0.07
1975-12-01,1975,12,Tin,Metals,($/mt),6175.0,-1.69,-5.85,-14.27,76.58,-0.13
1976-01-01,1976,1,Tin,Metals,($/mt),6241.0,1.07,-1.67,-18.71,80.06,0.84
1976-02-01,1976,2,Tin,Metals,($/mt),6508.0,4.28,3.61,-13.88,87.88,4.02
1976-03-01,1976,3,Tin,Metals,($/mt),6903.0,6.07,11.79,-6.5,95.72,3.19
1976-04-01,1976,4,Tin,Metals,($/mt),7123.0,3.19,14.13,-0.1,99.92,1.21
1976-05-01,1976,5,Tin,Metals,($/mt),7449.0,4.58,14.46,7.99,111.56,1.47
1976-06-01,1976,6,Tin,Metals,($/mt),7767.0,4.27,12.52,12.13,125.26,1.13
1976-07-01,1976,7,Tin,Metals,($/mt),8497.0,9.4,19.29,24.77,145.79,2.53
1976-08-01,1976,8,Tin,Metals,($/mt),8084.0,-4.86,8.52,19.32,132.37,-1.71
1976-09-01,1976,9,Tin,Metals,($/mt),7961.0,-1.52,2.5,21.38,125.84,-0.7
1976-10-01,1976,10,Tin,Metals,($/mt),7972.0,0.14,-6.18,25.6,128.42,-0.37
1976-11-01,1976,11,Tin,Metals,($/mt),8122.0,1.88,0.47,29.31,129.82,-0.03
1976-12-01,1976,12,Tin,Metals,($/mt),8400.0,3.42,5.51,36.03,128.82,0.31
1977-01-01,1977,1,Tin,Metals,($/mt),9487.0,12.94,19.0,52.01,161.57,2.78
1977-02-01,1977,2,Tin,Metals,($/mt),10227.0,7.8,25.92,57.15,181.66,0.89
1977-03-01,1977,3,Tin,Metals,($/mt),10373.0,1.43,23.49,50.27,173.69,-0.52
1977-04-01,1977,4,Tin,Metals,($/mt),9597.0,-7.48,1.16,34.73,149.6,-2.28
1977-05-01,1977,5,Tin,Metals,($/mt),9844.0,2.57,-3.74,32.15,161.39,-0.02
1977-06-01,1977,6,Tin,Metals,($/mt),9628.0,-2.19,-7.18,23.96,157.36,-0.81
1977-07-01,1977,7,Tin,Metals,($/mt),10417.0,8.19,8.54,22.6,179.13,1.06
1977-08-01,1977,8,Tin,Metals,($/mt),11310.0,8.57,14.89,39.91,201.2,1.17
1977-09-01,1977,9,Tin,Metals,($/mt),11158.0,-1.34,15.89,40.16,193.4,-0.77
1977-10-01,1977,10,Tin,Metals,($/mt),12154.0,8.93,16.67,52.46,223.33,1.05
1977-11-01,1977,11,Tin,Metals,($/mt),12677.0,4.3,12.09,56.08,242.44,0.1
1977-12-01,1977,12,Tin,Metals,($/mt),12785.0,0.85,14.58,52.2,242.76,-0.53
1978-01-01,1978,1,Tin,Metals,($/mt),12121.0,-5.19,-0.27,27.76,219.82,-1.53
1978-02-01,1978,2,Tin,Metals,($/mt),12150.0,0.24,-4.16,18.8,201.64,-0.35
1978-03-01,1978,3,Tin,Metals,($/mt),11422.0,-5.99,-10.66,10.11,166.37,-1.43
1978-04-01,1978,4,Tin,Metals,($/mt),11006.0,-3.64,-9.2,14.68,157.75,-0.8
1978-05-01,1978,5,Tin,Metals,($/mt),11704.0,6.34,-3.67,18.89,169.18,0.96
1978-06-01,1978,6,Tin,Metals,($/mt),12357.0,5.58,8.19,28.34,172.72,0.73
1978-07-01,1978,7,Tin,Metals,($/mt),12414.0,0.46,12.79,19.17,150.13,-0.32
1978-08-01,1978,8,Tin,Metals,($/mt),12995.0,4.68,11.03,14.9,159.64,0.6
1978-09-01,1978,9,Tin,Metals,($/mt),13889.0,6.88,12.4,24.48,177.17,1.17
1978-10-01,1978,10,Tin,Metals,($/mt),15256.0,9.84,22.89,25.52,184.68,1.59
1978-11-01,1978,11,Tin,Metals,($/mt),15036.0,-1.44,15.71,18.61,169.8,-0.68
1978-12-01,1978,12,Tin,Metals,($/mt),14154.0,-5.87,1.91,10.71,119.03,-1.45
1979-01-01,1979,1,Tin,Metals,($/mt),13854.0,-2.12,-9.19,14.3,113.01,-0.56
1979-02-01,1979,2,Tin,Metals,($/mt),14526.0,4.85,-3.39,19.56,95.79,0.68
1979-03-01,1979,3,Tin,Metals,($/mt),15022.0,3.41,6.13,31.52,82.77,0.33
1979-04-01,1979,4,Tin,Metals,($/mt),15137.0,0.77,9.26,37.53,64.41,-0.34
1979-05-01,1979,5,Tin,Metals,($/mt),15362.0,1.49,5.76,31.25,65.08,-0.29
1979-06-01,1979,6,Tin,Metals,($/mt),16136.0,5.04,7.42,30.58,78.48,0.61
1979-07-01,1979,7,Tin,Metals,($/mt),15781.0,-2.2,4.25,27.12,84.64,-1.05
1979-08-01,1979,8,Tin,Metals,($/mt),14793.0,-6.26,-3.7,13.84,68.33,-1.86
1979-09-01,1979,9,Tin,Metals,($/mt),15399.0,4.1,-4.57,10.87,67.98,0.58
1979-10-01,1979,10,Tin,Metals,($/mt),16012.0,3.98,1.46,4.96,116.09,0.63
1979-11-01,1979,11,Tin,Metals,($/mt),16361.0,2.18,10.6,8.81,121.0,0.42
1979-12-01,1979,12,Tin,Metals,($/mt),16987.0,3.83,10.31,20.02,135.83,0.76
1980-01-01,1980,1,Tin,Metals,($/mt),17013.0,0.15,6.25,22.8,121.61,-0.41
1980-02-01,1980,2,Tin,Metals,($/mt),17100.0,0.51,4.52,17.72,126.28,-0.38
1980-03-01,1980,3,Tin,Metals,($/mt),17470.0,2.16,2.84,16.3,136.62,0.23
1980-04-01,1980,4,Tin,Metals,($/mt),17017.0,-2.59,0.02,12.42,138.67,-1.24
1980-05-01,1980,5,Tin,Metals,($/mt),17042.0,0.15,-0.34,10.94,147.06,-0.27
1980-06-01,1980,6,Tin,Metals,($/mt),17224.0,1.07,-1.41,6.74,148.65,0.04
1980-07-01,1980,7,Tin,Metals,($/mt),17091.0,-0.77,0.43,8.3,150.97,-0.44
1980-08-01,1980,8,Tin,Metals,($/mt),17018.0,-0.43,-0.14,15.04,151.19,-0.38
1980-09-01,1980,9,Tin,Metals,($/mt),17308.0,1.7,0.49,12.4,163.88,0.24
1980-10-01,1980,10,Tin,Metals,($/mt),16692.0,-3.56,-2.33,4.25,162.99,-2.39
1980-11-01,1980,11,Tin,Metals,($/mt),15616.0,-6.45,-8.24,-4.55,148.62,-3.3
1980-12-01,1980,12,Tin,Metals,($/mt),14707.0,-5.82,-15.03,-13.42,138.17,-1.98
1981-01-01,1981,1,Tin,Metals,($/mt),14333.0,-2.54,-14.13,-15.75,129.66,-0.49
1981-02-01,1981,2,Tin,Metals,($/mt),13633.0,-4.88,-12.7,-20.27,109.48,-1.24
1981-03-01,1981,3,Tin,Metals,($/mt),13633.0,0.0,-7.3,-21.96,97.49,0.62
1981-04-01,1981,4,Tin,Metals,($/mt),13365.0,-1.97,-6.75,-21.46,87.63,0.02
1981-05-01,1981,5,Tin,Metals,($/mt),12664.0,-5.25,-7.11,-25.69,70.01,-1.21
1981-06-01,1981,6,Tin,Metals,($/mt),12604.0,-0.47,-7.55,-26.82,62.28,0.7
1981-07-01,1981,7,Tin,Metals,($/mt),13358.0,5.98,-0.05,-21.84,57.21,3.23
1981-08-01,1981,8,Tin,Metals,($/mt),14485.0,8.44,14.38,-14.88,79.18,2.9
1981-09-01,1981,9,Tin,Metals,($/mt),14935.0,3.11,18.49,-13.71,87.6,0.93
1981-10-01,1981,10,Tin,Metals,($/mt),15113.0,1.19,13.14,-9.46,89.58,0.48
1981-11-01,1981,11,Tin,Metals,($/mt),15836.0,4.78,9.33,1.41,94.98,1.16
1981-12-01,1981,12,Tin,Metals,($/mt),15952.0,0.73,6.81,8.47,89.9,0.11
1982-01-01,1982,1,Tin,Metals,($/mt),16133.0,1.13,6.75,12.56,70.05,0.09
1982-02-01,1982,2,Tin,Metals,($/mt),15993.0,-0.87,0.99,17.31,56.38,-0.47
1982-03-01,1982,3,Tin,Metals,($/mt),12766.0,-20.18,-19.97,-6.36,23.07,-5.81
1982-04-01,1982,4,Tin,Metals,($/mt),12618.0,-1.16,-21.79,-5.59,31.48,-0.12
1982-05-01,1982,5,Tin,Metals,($/mt),12736.0,0.94,-20.37,0.57,29.38,0.16
1982-06-01,1982,6,Tin,Metals,($/mt),11087.0,-12.95,-13.15,-12.04,15.15,-1.87
1982-07-01,1982,7,Tin,Metals,($/mt),11317.0,2.07,-10.31,-15.28,8.64,0.35
1982-08-01,1982,8,Tin,Metals,($/mt),12196.0,7.77,-4.24,-15.8,7.83,1.13
1982-09-01,1982,9,Tin,Metals,($/mt),12676.0,3.94,14.33,-15.13,13.6,0.65
1982-10-01,1982,10,Tin,Metals,($/mt),12414.0,-2.07,9.69,-17.86,2.14,-0.13
1982-11-01,1982,11,Tin,Metals,($/mt),11982.0,-3.48,-1.75,-24.34,-5.48,-0.28
1982-12-01,1982,12,Tin,Metals,($/mt),11993.0,0.09,-5.39,-24.82,-6.19,0.28
1983-01-01,1983,1,Tin,Metals,($/mt),12083.0,0.75,-2.67,-25.1,-0.31,0.37
1983-02-01,1983,2,Tin,Metals,($/mt),13034.0,7.87,8.78,-18.5,7.28,1.33
1983-03-01,1983,3,Tin,Metals,($/mt),13426.0,3.01,11.95,5.17,17.55,0.54
1983-04-01,1983,4,Tin,Metals,($/mt),13793.0,2.73,14.15,9.31,25.32,0.39
1983-05-01,1983,5,Tin,Metals,($/mt),13523.0,-1.96,3.75,6.18,15.54,-0.52
1983-06-01,1983,6,Tin,Metals,($/mt),13354.0,-1.25,-0.54,20.45,8.07,-0.34
1983-07-01,1983,7,Tin,Metals,($/mt),13193.0,-1.21,-4.35,16.58,6.28,-0.77
1983-08-01,1983,8,Tin,Metals,($/mt),12826.0,-2.78,-5.15,5.17,-1.3,-1.1
1983-09-01,1983,9,Tin,Metals,($/mt),12755.0,-0.55,-4.49,0.62,-8.16,-0.31
1983-10-01,1983,10,Tin,Metals,($/mt),12751.0,-0.03,-3.35,2.71,-16.42,-0.04
1983-11-01,1983,11,Tin,Metals,($/mt),12773.0,0.17,-0.41,6.6,-15.05,-0.03
1983-12-01,1983,12,Tin,Metals,($/mt),12346.0,-3.34,-3.21,2.94,-12.77,-1.37
1984-01-01,1984,1,Tin,Metals,($/mt),12118.0,-1.85,-4.96,0.29,-12.53,-0.69
1984-02-01,1984,2,Tin,Metals,($/mt),12298.0,1.49,-3.72,-5.65,-15.34,0.45
1984-03-01,1984,3,Tin,Metals,($/mt),12406.0,0.88,0.49,-7.6,-17.41,0.66
1984-04-01,1984,4,Tin,Metals,($/mt),12445.0,0.31,2.7,-9.77,-17.78,0.54
1984-05-01,1984,5,Tin,Metals,($/mt),12583.0,1.11,2.32,-6.95,-18.09,1.32
1984-06-01,1984,6,Tin,Metals,($/mt),12662.0,0.63,2.06,-5.18,-21.53,0.79
1984-07-01,1984,7,Tin,Metals,($/mt),12439.0,-1.76,-0.05,-5.72,-21.18,-0.86
1984-08-01,1984,8,Tin,Metals,($/mt),12302.0,-1.1,-2.23,-4.09,-16.84,-0.39
1984-09-01,1984,9,Tin,Metals,($/mt),12091.0,-1.72,-4.51,-5.21,-21.48,-0.96
1984-10-01,1984,10,Tin,Metals,($/mt),11745.0,-2.86,-5.58,-7.89,-26.65,-1.63
1984-11-01,1984,11,Tin,Metals,($/mt),11991.0,2.09,-2.53,-6.12,-26.71,1.69
1984-12-01,1984,12,Tin,Metals,($/mt),11722.0,-2.24,-3.05,-5.05,-30.99,-0.96
1985-01-01,1985,1,Tin,Metals,($/mt),11073.0,-5.54,-5.72,-8.62,-34.91,-3.05
1985-02-01,1985,2,Tin,Metals,($/mt),10946.0,-1.15,-8.71,-10.99,-35.99,-0.19
1985-03-01,1985,3,Tin,Metals,($/mt),11211.0,2.42,-4.36,-9.63,-35.83,1.6
1985-04-01,1985,4,Tin,Metals,($/mt),11806.0,5.31,6.62,-5.13,-30.62,2.7
1985-05-01,1985,5,Tin,Metals,($/mt),11910.0,0.88,8.81,-5.35,-30.11,0.45
1985-06-01,1985,6,Tin,Metals,($/mt),12386.0,4.0,10.48,-2.18,-28.09,1.54
1985-07-01,1985,7,Tin,Metals,($/mt),12756.0,2.99,8.05,2.55,-25.36,1.0
1985-08-01,1985,8,Tin,Metals,($/mt),12647.0,-0.85,6.19,2.8,-25.68,-0.35
1985-09-01,1985,9,Tin,Metals,($/mt),12325.0,-2.55,-0.49,1.94,-28.79,-0.88
1985-10-01,1985,10,Tin,Metals,($/mt),12391.0,0.54,-2.86,5.5,-25.77,0.1
1985-11-01,1985,11,Tin,Metals,($/mt),9903.0,-20.08,-21.7,-17.41,-36.58,-6.64
1985-12-01,1985,12,Tin,Metals,($/mt),9114.0,-7.97,-26.05,-22.25,-38.03,-1.0
1986-01-01,1986,1,Tin,Metals,($/mt),7910.0,-13.21,-36.16,-28.56,-44.81,-1.65
1986-02-01,1986,2,Tin,Metals,($/mt),7923.0,0.16,-19.99,-27.62,-41.88,0.35
1986-03-01,1986,3,Tin,Metals,($/mt),7314.0,-7.69,-19.75,-34.76,-46.35,-0.7
1986-04-01,1986,4,Tin,Metals,($/mt),5686.0,-22.26,-28.12,-51.84,-57.46,-2.5
1986-05-01,1986,5,Tin,Metals,($/mt),5474.0,-3.73,-30.91,-54.04,-56.78,0.2
1986-06-01,1986,6,Tin,Metals,($/mt),5378.0,-1.75,-26.47,-56.58,-57.33,0.48
1986-07-01,1986,7,Tin,Metals,($/mt),5387.0,0.17,-5.26,-57.77,-59.67,0.8
1986-08-01,1986,8,Tin,Metals,($/mt),5404.0,0.32,-1.28,-57.27,-62.69,0.87
1986-09-01,1986,9,Tin,Metals,($/mt),5397.0,-0.13,0.35,-56.21,-63.86,0.79
1986-10-01,1986,10,Tin,Metals,($/mt),5543.0,2.71,2.9,-55.27,-63.32,1.1
1986-11-01,1986,11,Tin,Metals,($/mt),6092.0,9.9,12.73,-38.48,-61.53,1.91
1986-12-01,1986,12,Tin,Metals,($/mt),6428.0,5.52,19.1,-29.47,-59.7,1.1
1987-01-01,1987,1,Tin,Metals,($/mt),6713.0,4.43,21.11,-15.13,-58.39,0.81
1987-02-01,1987,2,Tin,Metals,($/mt),6688.0,-0.37,9.78,-15.59,-58.18,0.08
1987-03-01,1987,3,Tin,Metals,($/mt),6632.0,-0.84,3.17,-9.32,-48.05,0.03
1987-04-01,1987,4,Tin,Metals,($/mt),6700.0,1.03,-0.19,17.83,-46.9,0.2
1987-05-01,1987,5,Tin,Metals,($/mt),6747.0,0.7,0.88,23.26,-47.02,-0.2
1987-06-01,1987,6,Tin,Metals,($/mt),6610.0,-2.03,-0.33,22.91,-40.38,-1.15
1987-07-01,1987,7,Tin,Metals,($/mt),6405.0,-3.1,-4.4,18.9,-43.4,-1.45
1987-08-01,1987,8,Tin,Metals,($/mt),6556.0,2.36,-2.83,21.32,-46.24,0.23
1987-09-01,1987,9,Tin,Metals,($/mt),6406.0,-2.29,-3.09,18.7,-49.46,-1.1
1987-10-01,1987,10,Tin,Metals,($/mt),6764.0,5.59,5.6,22.03,-45.51,1.09
1987-11-01,1987,11,Tin,Metals,($/mt),6927.0,2.41,5.66,13.71,-42.19,0.17
1987-12-01,1987,12,Tin,Metals,($/mt),6829.0,-1.41,6.6,6.24,-43.06,-0.84
1988-01-01,1988,1,Tin,Metals,($/mt),6808.0,-0.31,0.65,1.42,-43.66,-0.31
1988-02-01,1988,2,Tin,Metals,($/mt),6690.0,-1.73,-3.42,0.03,-48.67,-0.77
1988-03-01,1988,3,Tin,Metals,($/mt),6773.0,1.24,-0.82,2.13,-49.55,0.48
1988-04-01,1988,4,Tin,Metals,($/mt),6753.0,-0.3,-0.81,0.79,-51.04,-0.2
1988-05-01,1988,5,Tin,Metals,($/mt),6778.0,0.37,1.32,0.46,-49.88,0.11
1988-06-01,1988,6,Tin,Metals,($/mt),7036.0,3.81,3.88,6.44,-47.31,1.5
1988-07-01,1988,7,Tin,Metals,($/mt),7149.0,1.61,5.86,11.62,-45.81,0.4
1988-08-01,1988,8,Tin,Metals,($/mt),7323.0,2.43,8.04,11.7,-42.91,0.63
1988-09-01,1988,9,Tin,Metals,($/mt),7409.0,1.17,5.3,15.66,-41.91,0.09
1988-10-01,1988,10,Tin,Metals,($/mt),7253.0,-2.11,1.45,7.23,-43.12,-1.57
1988-11-01,1988,11,Tin,Metals,($/mt),7312.0,0.81,-0.15,5.56,-42.75,0.12
1988-12-01,1988,12,Tin,Metals,($/mt),7337.0,0.34,-0.97,7.44,-40.57,-0.07
1989-01-01,1989,1,Tin,Metals,($/mt),7410.0,0.99,2.16,8.84,-38.85,0.23
1989-02-01,1989,2,Tin,Metals,($/mt),7874.0,6.26,7.69,17.7,-35.97,3.41
1989-03-01,1989,3,Tin,Metals,($/mt),8761.0,11.26,19.41,29.35,-29.38,4.71
1989-04-01,1989,4,Tin,Metals,($/mt),10196.0,16.38,37.6,50.98,-18.07,4.0
1989-05-01,1989,5,Tin,Metals,($/mt),10144.0,-0.51,28.83,49.66,-19.38,-0.78
1989-06-01,1989,6,Tin,Metals,($/mt),9936.0,-2.05,13.41,41.22,-21.53,-1.04
1989-07-01,1989,7,Tin,Metals,($/mt),9605.0,-3.33,-5.8,34.35,-22.78,-1.14
1989-08-01,1989,8,Tin,Metals,($/mt),8716.0,-9.26,-14.08,19.02,-29.15,-2.02
1989-09-01,1989,9,Tin,Metals,($/mt),8270.0,-5.12,-16.77,11.62,-31.6,-1.0
1989-10-01,1989,10,Tin,Metals,($/mt),7922.0,-4.21,-17.52,9.22,-32.55,-0.75
1989-11-01,1989,11,Tin,Metals,($/mt),6837.0,-13.7,-21.56,-6.5,-42.98,-2.04
1989-12-01,1989,12,Tin,Metals,($/mt),6744.0,-1.36,-18.45,-8.08,-42.47,-0.13
1990-01-01,1990,1,Tin,Metals,($/mt),6592.0,-2.25,-16.79,-11.04,-40.47,-0.22
1990-02-01,1990,2,Tin,Metals,($/mt),6156.0,-6.61,-9.96,-21.82,-43.76,-0.71
1990-03-01,1990,3,Tin,Metals,($/mt),6271.0,1.87,-7.01,-28.42,-44.06,0.44
1990-04-01,1990,4,Tin,Metals,($/mt),6391.0,1.91,-3.05,-37.32,-45.87,0.61
1990-05-01,1990,5,Tin,Metals,($/mt),6325.0,-1.03,2.75,-37.65,-46.89,0.59
1990-06-01,1990,6,Tin,Metals,($/mt),6096.0,-3.62,-2.79,-38.65,-50.78,0.03
1990-07-01,1990,7,Tin,Metals,($/mt),5924.0,-2.82,-7.31,-38.32,-53.56,0.24
1990-08-01,1990,8,Tin,Metals,($/mt),5905.0,-0.32,-6.64,-32.25,-53.31,0.79
1990-09-01,1990,9,Tin,Metals,($/mt),5707.0,-3.35,-6.38,-30.99,-53.7,-0.06
1990-10-01,1990,10,Tin,Metals,($/mt),6061.0,6.2,2.31,-23.49,-51.09,2.2
1990-11-01,1990,11,Tin,Metals,($/mt),5981.0,-1.32,1.29,-12.52,-39.6,0.16
1990-12-01,1990,12,Tin,Metals,($/mt),5615.0,-6.12,-1.61,-16.74,-38.39,-1.54
1991-01-01,1991,1,Tin,Metals,($/mt),5623.0,0.14,-7.23,-14.7,-28.91,0.45
1991-02-01,1991,2,Tin,Metals,($/mt),5584.0,-0.69,-6.64,-9.29,-29.52,0.16
1991-03-01,1991,3,Tin,Metals,($/mt),5517.0,-1.2,-1.75,-12.02,-24.57,-0.14
1991-04-01,1991,4,Tin,Metals,($/mt),5560.0,0.78,-1.12,-13.0,-2.22,0.58
1991-05-01,1991,5,Tin,Metals,($/mt),5702.0,2.55,2.11,-9.85,4.17,1.22
1991-06-01,1991,6,Tin,Metals,($/mt),5711.0,0.16,3.52,-6.32,6.19,0.31
1991-07-01,1991,7,Tin,Metals,($/mt),5670.0,-0.72,1.98,-4.29,5.25,-0.07
1991-08-01,1991,8,Tin,Metals,($/mt),5639.0,-0.55,-1.1,-4.5,4.35,-0.07
1991-09-01,1991,9,Tin,Metals,($/mt),5570.0,-1.22,-2.47,-2.4,3.21,-0.3
1991-10-01,1991,10,Tin,Metals,($/mt),5550.0,-0.36,-2.12,-8.43,0.13,-0.07
1991-11-01,1991,11,Tin,Metals,($/mt),5506.0,-0.79,-2.36,-7.94,-9.62,-0.04
1991-12-01,1991,12,Tin,Metals,($/mt),5510.0,0.07,-1.08,-1.87,-14.28,0.37
1992-01-01,1992,1,Tin,Metals,($/mt),5477.0,-0.6,-1.32,-2.6,-18.41,-0.43
1992-02-01,1992,2,Tin,Metals,($/mt),5616.0,2.54,2.0,0.57,-16.03,2.64
1992-03-01,1992,3,Tin,Metals,($/mt),5632.0,0.28,2.21,2.08,-15.08,0.18
1992-04-01,1992,4,Tin,Metals,($/mt),5839.0,3.68,6.61,5.02,-12.85,2.84
1992-05-01,1992,5,Tin,Metals,($/mt),6121.0,4.83,8.99,7.35,-9.28,2.77
1992-06-01,1992,6,Tin,Metals,($/mt),6619.0,8.14,17.52,15.9,0.14,3.84
1992-07-01,1992,7,Tin,Metals,($/mt),6989.0,5.59,19.7,23.26,9.12,1.48
1992-08-01,1992,8,Tin,Metals,($/mt),6780.0,-2.99,10.77,20.23,3.42,-1.55
1992-09-01,1992,9,Tin,Metals,($/mt),6643.0,-2.02,0.36,19.26,3.7,-1.09
1992-10-01,1992,10,Tin,Metals,($/mt),6017.0,-9.42,-13.91,8.41,-11.04,-3.23
1992-11-01,1992,11,Tin,Metals,($/mt),5723.0,-4.89,-15.59,3.94,-17.38,-1.22
1992-12-01,1992,12,Tin,Metals,($/mt),5756.0,0.58,-13.35,4.46,-15.71,0.03
1993-01-01,1993,1,Tin,Metals,($/mt),5901.0,2.52,-1.93,7.74,-13.32,0.42
1993-02-01,1993,2,Tin,Metals,($/mt),5791.0,-1.86,1.19,3.12,-13.44,-0.53
1993-03-01,1993,3,Tin,Metals,($/mt),5659.0,-2.28,-1.69,0.48,-16.45,-0.54
1993-04-01,1993,4,Tin,Metals,($/mt),5591.0,-1.2,-5.25,-4.25,-17.21,-0.27
1993-05-01,1993,5,Tin,Metals,($/mt),5504.0,-1.56,-4.96,-10.08,-18.8,-0.27
1993-06-01,1993,6,Tin,Metals,($/mt),5113.0,-7.1,-9.65,-22.75,-27.33,-1.37
1993-07-01,1993,7,Tin,Metals,($/mt),4973.0,-2.74,-11.05,-28.85,-30.44,-0.17
1993-08-01,1993,8,Tin,Metals,($/mt),4809.0,-3.3,-12.63,-29.07,-34.33,-0.17
1993-09-01,1993,9,Tin,Metals,($/mt),4494.0,-6.55,-12.11,-32.35,-39.34,-1.18
1993-10-01,1993,10,Tin,Metals,($/mt),4681.0,4.16,-5.87,-22.2,-35.46,2.17
1993-11-01,1993,11,Tin,Metals,($/mt),4641.0,-0.85,-3.49,-18.91,-36.53,0.35
1993-12-01,1993,12,Tin,Metals,($/mt),4778.0,2.95,6.32,-16.99,-34.88,1.43
1994-01-01,1994,1,Tin,Metals,($/mt),4943.0,3.45,5.6,-16.23,-33.29,1.43
1994-02-01,1994,2,Tin,Metals,($/mt),5443.0,10.12,17.28,-6.01,-30.87,3.24
1994-03-01,1994,3,Tin,Metals,($/mt),5405.0,-0.7,13.12,-4.49,-38.31,-0.06
1994-04-01,1994,4,Tin,Metals,($/mt),5386.0,-0.35,8.96,-3.67,-47.18,-0.02
1994-05-01,1994,5,Tin,Metals,($/mt),5504.0,2.19,1.12,0.0,-45.74,0.5
1994-06-01,1994,6,Tin,Metals,($/mt),5509.0,0.09,1.92,7.74,-44.56,-0.0
1994-07-01,1994,7,Tin,Metals,($/mt),5311.0,-3.59,-1.39,6.8,-44.71,-1.0
1994-08-01,1994,8,Tin,Metals,($/mt),5162.0,-2.81,-6.21,7.34,-40.78,-0.79
1994-09-01,1994,9,Tin,Metals,($/mt),5321.0,3.08,-3.41,18.4,-35.66,0.56
1994-10-01,1994,10,Tin,Metals,($/mt),5474.0,2.88,3.07,16.94,-30.9,0.38
1994-11-01,1994,11,Tin,Metals,($/mt),6161.0,12.55,19.35,32.75,-9.89,3.08
1994-12-01,1994,12,Tin,Metals,($/mt),5947.0,-3.47,11.76,24.47,-11.82,-1.25
1995-01-01,1995,1,Tin,Metals,($/mt),6199.0,4.24,13.24,25.41,-5.96,0.45
1995-02-01,1995,2,Tin,Metals,($/mt),5478.0,-11.63,-11.09,0.64,-11.01,-2.68
1995-03-01,1995,3,Tin,Metals,($/mt),5532.0,0.99,-6.98,2.35,-11.78,0.14
1995-04-01,1995,4,Tin,Metals,($/mt),5872.0,6.15,-5.28,9.02,-8.12,1.01
1995-05-01,1995,5,Tin,Metals,($/mt),5927.0,0.94,8.2,7.69,-6.29,0.01
1995-06-01,1995,6,Tin,Metals,($/mt),6671.0,12.55,20.59,21.09,9.43,1.97
1995-07-01,1995,7,Tin,Metals,($/mt),6669.0,-0.03,13.57,25.57,12.58,-0.27
1995-08-01,1995,8,Tin,Metals,($/mt),6992.0,4.84,17.97,35.45,18.41,0.41
1995-09-01,1995,9,Tin,Metals,($/mt),6328.0,-9.5,-5.14,18.93,10.88,-1.87
1995-10-01,1995,10,Tin,Metals,($/mt),6221.0,-1.69,-6.72,13.65,2.64,-0.46
1995-11-01,1995,11,Tin,Metals,($/mt),6387.0,2.67,-8.65,3.67,6.79,0.18
1995-12-01,1995,12,Tin,Metals,($/mt),6290.0,-1.52,-0.6,5.77,12.02,-0.31
1996-01-01,1996,1,Tin,Metals,($/mt),6272.0,-0.29,0.82,1.18,11.54,-0.15
1996-02-01,1996,2,Tin,Metals,($/mt),6196.0,-1.21,-2.99,13.11,10.96,-0.23
1996-03-01,1996,3,Tin,Metals,($/mt),6196.0,0.0,-1.49,12.0,12.31,-0.22
1996-04-01,1996,4,Tin,Metals,($/mt),6481.0,4.6,3.33,10.37,16.56,0.66
1996-05-01,1996,5,Tin,Metals,($/mt),6412.0,-1.06,3.49,8.18,12.45,-0.39
1996-06-01,1996,6,Tin,Metals,($/mt),6192.0,-3.43,-0.06,-7.18,8.42,-0.81
1996-07-01,1996,7,Tin,Metals,($/mt),6250.0,0.94,-3.56,-6.28,10.23,0.39
1996-08-01,1996,8,Tin,Metals,($/mt),6110.0,-2.24,-4.71,-12.61,8.35,-0.46
1996-09-01,1996,9,Tin,Metals,($/mt),6102.0,-0.13,-1.45,-3.57,9.55,0.27
1996-10-01,1996,10,Tin,Metals,($/mt),5942.0,-2.62,-4.93,-4.48,7.06,-1.07
1996-11-01,1996,11,Tin,Metals,($/mt),5992.0,0.84,-1.93,-6.18,8.83,0.53
1996-12-01,1996,12,Tin,Metals,($/mt),5836.0,-2.6,-4.36,-7.22,5.92,-1.0
1997-01-01,1997,1,Tin,Metals,($/mt),5878.0,0.72,-1.08,-6.28,7.32,0.61
1997-02-01,1997,2,Tin,Metals,($/mt),5883.0,0.09,-1.82,-5.05,4.75,0.27
1997-03-01,1997,3,Tin,Metals,($/mt),5909.0,0.44,1.25,-4.63,4.92,0.39
1997-04-01,1997,4,Tin,Metals,($/mt),5713.0,-3.32,-2.81,-11.85,-2.16,-1.34
1997-05-01,1997,5,Tin,Metals,($/mt),5711.0,-0.04,-2.92,-10.93,-6.7,0.58
1997-06-01,1997,6,Tin,Metals,($/mt),5566.0,-2.54,-5.8,-10.11,-15.91,-0.92
1997-07-01,1997,7,Tin,Metals,($/mt),5443.0,-2.21,-4.73,-12.91,-22.12,-0.82
1997-08-01,1997,8,Tin,Metals,($/mt),5428.0,-0.28,-4.96,-11.16,-19.94,0.55
1997-09-01,1997,9,Tin,Metals,($/mt),5496.0,1.25,-1.26,-9.93,-17.27,1.44
1997-10-01,1997,10,Tin,Metals,($/mt),5561.0,1.18,2.17,-6.41,-7.58,1.23
1997-11-01,1997,11,Tin,Metals,($/mt),5658.0,1.74,4.24,-5.57,-1.14,1.38
1997-12-01,1997,12,Tin,Metals,($/mt),5514.0,-2.55,0.33,-5.52,-4.2,-1.2
1998-01-01,1998,1,Tin,Metals,($/mt),5206.0,-5.59,-6.38,-11.43,-11.78,-2.96
1998-02-01,1998,2,Tin,Metals,($/mt),5243.0,0.71,-7.33,-10.88,-9.46,0.76
1998-03-01,1998,3,Tin,Metals,($/mt),5477.0,4.46,-0.67,-7.31,-3.22,2.38
1998-04-01,1998,4,Tin,Metals,($/mt),5715.0,4.35,9.78,0.04,2.22,1.81
1998-05-01,1998,5,Tin,Metals,($/mt),5875.0,2.8,12.05,2.87,6.74,0.94
1998-06-01,1998,6,Tin,Metals,($/mt),5970.0,1.62,9.0,7.26,16.76,0.44
1998-07-01,1998,7,Tin,Metals,($/mt),5654.0,-5.29,-1.07,3.88,13.69,-2.03
1998-08-01,1998,8,Tin,Metals,($/mt),5692.0,0.67,-3.11,4.86,18.36,0.09
1998-09-01,1998,9,Tin,Metals,($/mt),5486.0,-3.62,-8.11,-0.18,22.07,-1.23
1998-10-01,1998,10,Tin,Metals,($/mt),5432.0,-0.98,-3.93,-2.32,16.04,-0.29
1998-11-01,1998,11,Tin,Metals,($/mt),5478.0,0.85,-3.76,-3.18,18.03,0.28
1998-12-01,1998,12,Tin,Metals,($/mt),5258.0,-4.02,-4.16,-4.64,10.05,-1.11
1999-01-01,1999,1,Tin,Metals,($/mt),5110.0,-2.81,-5.93,-1.84,3.38,-0.7
1999-02-01,1999,2,Tin,Metals,($/mt),5269.0,3.11,-3.82,0.5,-3.2,0.99
1999-03-01,1999,3,Tin,Metals,($/mt),5360.0,1.73,1.94,-2.14,-0.83,0.48
1999-04-01,1999,4,Tin,Metals,($/mt),5393.0,0.62,5.54,-5.63,0.13,0.24
1999-05-01,1999,5,Tin,Metals,($/mt),5649.0,4.75,7.21,-3.85,2.63,1.83
1999-06-01,1999,6,Tin,Metals,($/mt),5266.0,-6.78,-1.75,-11.79,-4.41,-2.11
1999-07-01,1999,7,Tin,Metals,($/mt),5230.0,-0.68,-3.02,-7.5,-1.53,0.08
1999-08-01,1999,8,Tin,Metals,($/mt),5230.0,0.0,-7.42,-8.12,1.32,0.18
1999-09-01,1999,9,Tin,Metals,($/mt),5343.0,2.16,1.46,-2.61,0.41,0.87
1999-10-01,1999,10,Tin,Metals,($/mt),5431.0,1.65,3.84,-0.02,-0.79,0.57
1999-11-01,1999,11,Tin,Metals,($/mt),5842.0,7.57,11.7,6.64,-5.18,2.33
1999-12-01,1999,12,Tin,Metals,($/mt),5721.0,-2.07,7.07,8.81,-3.8,-0.69
2000-01-01,2000,1,Tin,Metals,($/mt),5928.0,3.62,9.15,16.01,-4.37,0.77
2000-02-01,2000,2,Tin,Metals,($/mt),5642.0,-4.82,-3.42,7.08,2.99,-1.7
2000-03-01,2000,3,Tin,Metals,($/mt),5458.0,-3.26,-4.6,1.83,-1.34,-0.99
2000-04-01,2000,4,Tin,Metals,($/mt),5384.0,-1.36,-9.18,-0.17,-8.31,-0.39
2000-05-01,2000,5,Tin,Metals,($/mt),5451.0,1.24,-3.39,-3.51,-8.03,0.29
2000-06-01,2000,6,Tin,Metals,($/mt),5457.0,0.11,-0.02,3.63,-18.2,0.09
2000-07-01,2000,7,Tin,Metals,($/mt),5344.0,-2.07,-0.74,2.18,-19.87,-0.74
2000-08-01,2000,8,Tin,Metals,($/mt),5305.0,-0.73,-2.68,1.43,-24.13,-0.29
2000-09-01,2000,9,Tin,Metals,($/mt),5474.0,3.19,0.31,2.45,-13.5,0.9
2000-10-01,2000,10,Tin,Metals,($/mt),5282.0,-3.51,-1.16,-2.74,-15.09,-1.1
2000-11-01,2000,11,Tin,Metals,($/mt),5270.0,-0.23,-0.66,-9.79,-17.49,-0.01
2000-12-01,2000,12,Tin,Metals,($/mt),5234.0,-0.68,-4.38,-8.51,-16.79,0.05
2001-01-01,2001,1,Tin,Metals,($/mt),5171.0,-1.2,-2.1,-12.77,-17.55,-0.19
2001-02-01,2001,2,Tin,Metals,($/mt),5122.0,-0.95,-2.81,-9.22,-17.33,0.08
2001-03-01,2001,3,Tin,Metals,($/mt),5046.0,-1.48,-3.59,-7.55,-18.56,-0.38
2001-04-01,2001,4,Tin,Metals,($/mt),4949.0,-1.92,-4.29,-8.08,-23.64,-0.77
2001-05-01,2001,5,Tin,Metals,($/mt),4945.0,-0.08,-3.46,-9.28,-22.88,0.36
2001-06-01,2001,6,Tin,Metals,($/mt),4828.0,-2.37,-4.32,-11.53,-22.03,-0.98
2001-07-01,2001,7,Tin,Metals,($/mt),4351.0,-9.88,-12.08,-18.58,-30.38,-5.41
2001-08-01,2001,8,Tin,Metals,($/mt),3896.0,-10.46,-21.21,-26.56,-36.24,-2.89
2001-09-01,2001,9,Tin,Metals,($/mt),3695.0,-5.16,-23.47,-32.5,-39.45,-0.68
2001-10-01,2001,10,Tin,Metals,($/mt),3751.0,1.52,-13.79,-28.99,-36.87,1.31
2001-11-01,2001,11,Tin,Metals,($/mt),4042.0,7.76,3.75,-23.3,-32.54,2.75
2001-12-01,2001,12,Tin,Metals,($/mt),4019.0,-0.57,8.77,-23.21,-31.13,0.31
2002-01-01,2002,1,Tin,Metals,($/mt),3862.0,-3.91,2.96,-25.31,-34.3,-0.38
2002-02-01,2002,2,Tin,Metals,($/mt),3731.0,-3.39,-7.69,-27.16,-36.58,-0.23
2002-03-01,2002,3,Tin,Metals,($/mt),3843.0,3.0,-4.38,-23.84,-34.96,1.13
2002-04-01,2002,4,Tin,Metals,($/mt),4024.0,4.71,4.19,-18.69,-29.56,1.34
2002-05-01,2002,5,Tin,Metals,($/mt),4150.0,3.13,11.23,-16.08,-27.33,0.86
2002-06-01,2002,6,Tin,Metals,($/mt),4286.0,3.28,11.53,-11.23,-23.0,0.81
2002-07-01,2002,7,Tin,Metals,($/mt),4331.0,1.05,7.63,-0.46,-20.43,0.33
2002-08-01,2002,8,Tin,Metals,($/mt),3834.0,-11.48,-7.61,-1.59,-29.37,-2.3
2002-09-01,2002,9,Tin,Metals,($/mt),3957.0,3.21,-7.68,7.09,-28.0,0.61
2002-10-01,2002,10,Tin,Metals,($/mt),4242.0,7.2,-2.05,13.09,-23.72,1.29
2002-11-01,2002,11,Tin,Metals,($/mt),4230.0,-0.28,10.33,4.65,-25.24,-0.27
2002-12-01,2002,12,Tin,Metals,($/mt),4237.0,0.17,7.08,5.42,-23.16,-0.07
2003-01-01,2003,1,Tin,Metals,($/mt),4436.0,4.7,4.57,14.86,-14.79,0.84
2003-02-01,2003,2,Tin,Metals,($/mt),4571.0,3.04,8.06,22.51,-12.82,0.36
2003-03-01,2003,3,Tin,Metals,($/mt),4605.0,0.74,8.69,19.83,-15.92,-0.23
2003-04-01,2003,4,Tin,Metals,($/mt),4566.0,-0.85,2.93,13.47,-20.1,-0.53
2003-05-01,2003,5,Tin,Metals,($/mt),4737.0,3.75,3.63,14.14,-19.37,0.56
2003-06-01,2003,6,Tin,Metals,($/mt),4695.0,-0.89,1.95,9.54,-21.36,-0.45
2003-07-01,2003,7,Tin,Metals,($/mt),4739.0,0.94,3.79,9.42,-16.18,0.02
2003-08-01,2003,8,Tin,Metals,($/mt),4823.0,1.77,1.82,25.8,-15.27,0.2
2003-09-01,2003,9,Tin,Metals,($/mt),4912.0,1.85,4.62,24.13,-10.46,-0.05
2003-10-01,2003,10,Tin,Metals,($/mt),5237.0,6.62,10.51,23.46,-3.59,1.95
2003-11-01,2003,11,Tin,Metals,($/mt),5363.0,2.41,11.2,26.78,-2.1,0.26
2003-12-01,2003,12,Tin,Metals,($/mt),6058.0,12.96,23.33,42.98,15.21,4.87
2004-01-01,2004,1,Tin,Metals,($/mt),6485.0,7.05,23.83,46.19,26.91,1.05
2004-02-01,2004,2,Tin,Metals,($/mt),6673.0,2.9,24.43,45.99,26.65,-0.1
2004-03-01,2004,3,Tin,Metals,($/mt),7620.0,14.19,25.78,65.47,42.16,2.77
2004-04-01,2004,4,Tin,Metals,($/mt),8956.0,17.53,38.1,96.15,66.07,2.66
2004-05-01,2004,5,Tin,Metals,($/mt),9459.0,5.62,41.75,99.68,67.45,-0.05
2004-06-01,2004,6,Tin,Metals,($/mt),9205.0,-2.69,20.8,96.06,74.8,-1.49
2004-07-01,2004,7,Tin,Metals,($/mt),9044.0,-1.75,0.98,90.84,72.93,-1.26
2004-08-01,2004,8,Tin,Metals,($/mt),9022.0,-0.24,-4.62,87.06,72.5,-0.94
2004-09-01,2004,9,Tin,Metals,($/mt),9020.0,-0.02,-2.01,83.63,68.82,-0.86
2004-10-01,2004,10,Tin,Metals,($/mt),9045.0,0.28,0.01,72.71,66.54,-0.77
2004-11-01,2004,11,Tin,Metals,($/mt),9070.0,0.28,0.53,69.12,55.26,-0.68
2004-12-01,2004,12,Tin,Metals,($/mt),8554.0,-5.69,-5.17,41.2,49.52,-1.52
2005-01-01,2005,1,Tin,Metals,($/mt),7736.0,-9.56,-14.47,19.29,30.5,-1.84
2005-02-01,2005,2,Tin,Metals,($/mt),8089.0,4.56,-10.82,21.22,43.37,0.37
2005-03-01,2005,3,Tin,Metals,($/mt),8407.0,3.93,-1.72,10.33,54.03,0.27
2005-04-01,2005,4,Tin,Metals,($/mt),8144.0,-3.13,5.27,-9.07,51.26,-0.62
2005-05-01,2005,5,Tin,Metals,($/mt),8125.0,-0.23,0.45,-14.1,49.06,0.11
2005-06-01,2005,6,Tin,Metals,($/mt),7619.0,-6.23,-9.37,-17.23,39.62,-1.31
2005-07-01,2005,7,Tin,Metals,($/mt),7169.0,-5.91,-11.97,-20.73,34.15,-1.08
2005-08-01,2005,8,Tin,Metals,($/mt),7189.0,0.28,-11.52,-20.32,35.51,0.49
2005-09-01,2005,9,Tin,Metals,($/mt),6784.0,-5.63,-10.96,-24.79,23.93,-0.89
2005-10-01,2005,10,Tin,Metals,($/mt),6423.0,-5.32,-10.41,-28.99,21.6,-0.69
2005-11-01,2005,11,Tin,Metals,($/mt),6160.0,-4.09,-14.31,-32.08,16.89,-0.31
2005-12-01,2005,12,Tin,Metals,($/mt),6714.0,8.99,-1.03,-21.51,28.28,2.79
2006-01-01,2006,1,Tin,Metals,($/mt),7051.0,5.02,9.78,-8.85,36.36,1.26
2006-02-01,2006,2,Tin,Metals,($/mt),7826.0,10.99,27.05,-3.25,52.79,2.24
2006-03-01,2006,3,Tin,Metals,($/mt),7940.0,1.46,18.26,-5.55,57.35,0.26
2006-04-01,2006,4,Tin,Metals,($/mt),8853.0,11.5,25.56,8.71,78.88,1.99
2006-05-01,2006,5,Tin,Metals,($/mt),8837.0,-0.18,12.92,8.76,78.71,-0.16
2006-06-01,2006,6,Tin,Metals,($/mt),7896.0,-10.65,-0.55,3.64,63.55,-1.71
2006-07-01,2006,7,Tin,Metals,($/mt),8419.0,6.62,-4.9,17.44,93.5,0.84
2006-08-01,2006,8,Tin,Metals,($/mt),8502.0,0.99,-3.79,18.26,118.22,-0.08
2006-09-01,2006,9,Tin,Metals,($/mt),9039.0,6.32,14.48,33.24,144.63,0.65
2006-10-01,2006,10,Tin,Metals,($/mt),9768.0,8.07,16.02,52.08,160.41,0.79
2006-11-01,2006,11,Tin,Metals,($/mt),10079.0,3.18,18.55,63.62,149.36,-0.09
2006-12-01,2006,12,Tin,Metals,($/mt),11159.0,10.72,23.45,66.2,177.66,1.05
2007-01-01,2007,1,Tin,Metals,($/mt),11362.0,1.82,16.32,61.14,194.2,-0.43
2007-02-01,2007,2,Tin,Metals,($/mt),12933.0,13.83,28.32,65.26,246.64,1.53
2007-03-01,2007,3,Tin,Metals,($/mt),13893.0,7.42,24.5,74.97,261.51,0.45
2007-04-01,2007,4,Tin,Metals,($/mt),14053.0,1.15,23.68,58.74,249.23,-0.58
2007-05-01,2007,5,Tin,Metals,($/mt),14140.0,0.62,9.33,60.01,240.72,-0.55
2007-06-01,2007,6,Tin,Metals,($/mt),14100.0,-0.28,1.49,78.57,228.98,-0.71
2007-07-01,2007,7,Tin,Metals,($/mt),14738.0,4.52,4.87,75.06,240.29,-0.11
2007-08-01,2007,8,Tin,Metals,($/mt),15174.0,2.96,7.31,78.48,295.77,-0.43
2007-09-01,2007,9,Tin,Metals,($/mt),15023.0,-1.0,6.55,66.2,279.66,-1.39
2007-10-01,2007,10,Tin,Metals,($/mt),16071.0,6.98,9.04,64.53,278.85,0.55
2007-11-01,2007,11,Tin,Metals,($/mt),16692.0,3.86,10.0,65.61,294.61,-0.1
2007-12-01,2007,12,Tin,Metals,($/mt),16263.0,-2.57,8.25,45.74,283.83,-1.52
2008-01-01,2008,1,Tin,Metals,($/mt),16337.0,0.46,1.66,43.79,268.28,-0.63
2008-02-01,2008,2,Tin,Metals,($/mt),17210.0,5.34,3.1,33.07,276.5,0.48
2008-03-01,2008,3,Tin,Metals,($/mt),19804.0,15.07,21.77,42.55,330.05,3.92
2008-04-01,2008,4,Tin,Metals,($/mt),21659.0,9.37,32.58,54.12,374.35,1.33
2008-05-01,2008,5,Tin,Metals,($/mt),24062.0,11.09,39.81,70.17,407.96,1.47
2008-06-01,2008,6,Tin,Metals,($/mt),22229.0,-7.62,12.25,57.65,373.46,-2.32
2008-07-01,2008,7,Tin,Metals,($/mt),23139.0,4.09,6.83,57.0,388.27,0.01
2008-08-01,2008,8,Tin,Metals,($/mt),20026.0,-13.45,-16.77,31.98,315.22,-2.79
2008-09-01,2008,9,Tin,Metals,($/mt),18369.0,-8.27,-17.36,22.27,273.96,-1.36
2008-10-01,2008,10,Tin,Metals,($/mt),14402.0,-21.6,-37.76,-10.39,175.0,-2.75
2008-11-01,2008,11,Tin,Metals,($/mt),13644.0,-5.26,-31.87,-18.26,154.41,-0.46
2008-12-01,2008,12,Tin,Metals,($/mt),11240.0,-17.62,-38.81,-30.89,85.54,-1.53
2009-01-01,2009,1,Tin,Metals,($/mt),11373.0,1.18,-21.03,-30.39,75.37,0.3
2009-02-01,2009,2,Tin,Metals,($/mt),11039.0,-2.94,-19.09,-35.86,65.43,-0.05
2009-03-01,2009,3,Tin,Metals,($/mt),10676.0,-3.29,-5.02,-46.09,40.1,-0.03
2009-04-01,2009,4,Tin,Metals,($/mt),11744.0,10.0,3.26,-45.78,31.13,1.44
2009-05-01,2009,5,Tin,Metals,($/mt),13793.0,17.45,24.95,-42.68,45.82,2.16
2009-06-01,2009,6,Tin,Metals,($/mt),14986.0,8.65,40.37,-32.58,62.8,1.13
2009-07-01,2009,7,Tin,Metals,($/mt),14039.0,-6.32,19.54,-39.33,55.23,-0.32
2009-08-01,2009,8,Tin,Metals,($/mt),14870.0,5.92,7.81,-25.75,64.82,0.82
2009-09-01,2009,9,Tin,Metals,($/mt),14869.0,-0.01,-0.78,-19.05,64.84,0.16
2009-10-01,2009,10,Tin,Metals,($/mt),15009.0,0.94,6.91,4.21,65.94,0.19
2009-11-01,2009,11,Tin,Metals,($/mt),14942.0,-0.45,0.48,9.51,64.74,-0.13
2009-12-01,2009,12,Tin,Metals,($/mt),15547.0,4.05,4.56,38.32,81.75,0.33
2010-01-01,2010,1,Tin,Metals,($/mt),17715.0,13.94,18.03,55.76,128.99,1.65
2010-02-01,2010,2,Tin,Metals,($/mt),16362.0,-7.64,9.5,48.22,102.27,-1.58
2010-03-01,2010,3,Tin,Metals,($/mt),17549.0,7.25,12.88,64.38,108.74,0.46
2010-04-01,2010,4,Tin,Metals,($/mt),18684.0,6.47,5.47,59.09,129.42,0.26
2010-05-01,2010,5,Tin,Metals,($/mt),17566.0,-5.98,7.36,27.35,116.2,-1.37
2010-06-01,2010,6,Tin,Metals,($/mt),17320.0,-1.4,-1.3,15.57,127.33,-0.54
2010-07-01,2010,7,Tin,Metals,($/mt),18191.0,5.03,-2.64,29.57,153.75,0.57
2010-08-01,2010,8,Tin,Metals,($/mt),20755.0,14.09,18.15,39.58,188.7,1.96
2010-09-01,2010,9,Tin,Metals,($/mt),22701.0,9.38,31.07,52.67,234.63,0.93
2010-10-01,2010,10,Tin,Metals,($/mt),26343.0,16.04,44.81,75.51,310.14,1.75
2010-11-01,2010,11,Tin,Metals,($/mt),25519.0,-3.13,22.95,70.79,314.27,-1.06
2010-12-01,2010,12,Tin,Metals,($/mt),26163.0,2.52,15.25,68.28,289.68,-0.29
2011-01-01,2011,1,Tin,Metals,($/mt),27465.0,4.98,4.26,55.04,289.52,0.03
2011-02-01,2011,2,Tin,Metals,($/mt),31526.0,14.79,23.54,92.68,302.84,1.45
2011-03-01,2011,3,Tin,Metals,($/mt),30591.0,-2.97,16.92,74.32,285.28,-1.24
2011-04-01,2011,4,Tin,Metals,($/mt),32363.0,5.79,17.83,73.21,265.56,0.11
2011-05-01,2011,5,Tin,Metals,($/mt),28676.0,-11.39,-9.04,63.25,224.5,-2.18
2011-06-01,2011,6,Tin,Metals,($/mt),25520.0,-11.01,-16.58,47.34,223.2,-1.86
2011-07-01,2011,7,Tin,Metals,($/mt),27398.0,7.36,-15.34,50.61,225.43,0.39
2011-08-01,2011,8,Tin,Metals,($/mt),24042.0,-12.25,-16.16,15.84,182.78,-1.72
2011-09-01,2011,9,Tin,Metals,($/mt),22527.0,-6.3,-11.73,-0.77,149.22,-0.81
2011-10-01,2011,10,Tin,Metals,($/mt),21869.0,-2.92,-20.18,-16.98,123.88,-0.34
2011-11-01,2011,11,Tin,Metals,($/mt),21292.0,-2.64,-11.44,-16.56,111.25,-0.17
2011-12-01,2011,12,Tin,Metals,($/mt),19375.0,-9.0,-13.99,-25.95,73.63,-0.93
2012-01-01,2012,1,Tin,Metals,($/mt),21439.0,10.65,-1.97,-21.94,88.69,1.48
2012-02-01,2012,2,Tin,Metals,($/mt),24293.0,13.31,14.09,-22.94,87.84,1.63
2012-03-01,2012,3,Tin,Metals,($/mt),22985.0,-5.38,18.63,-24.86,65.44,-0.4
2012-04-01,2012,4,Tin,Metals,($/mt),22201.0,-3.41,3.55,-31.4,57.98,-0.16
2012-05-01,2012,5,Tin,Metals,($/mt),20405.0,-8.09,-16.0,-28.84,44.31,-0.61
2012-06-01,2012,6,Tin,Metals,($/mt),19271.0,-5.56,-16.16,-24.49,36.67,-0.37
2012-07-01,2012,7,Tin,Metals,($/mt),18546.0,-3.76,-16.46,-32.31,25.84,-0.22
2012-08-01,2012,8,Tin,Metals,($/mt),18773.0,1.22,-8.0,-21.92,23.72,0.55
2012-09-01,2012,9,Tin,Metals,($/mt),20771.0,10.64,7.78,-7.8,38.26,1.78
2012-10-01,2012,10,Tin,Metals,($/mt),21234.0,2.23,14.49,-2.9,32.13,0.34
2012-11-01,2012,11,Tin,Metals,($/mt),20713.0,-2.45,10.33,-2.72,24.09,-0.32
2012-12-01,2012,12,Tin,Metals,($/mt),22881.0,10.47,10.16,18.1,40.69,1.36
2013-01-01,2013,1,Tin,Metals,($/mt),24546.0,7.28,15.6,14.49,50.25,0.73
2013-02-01,2013,2,Tin,Metals,($/mt),24212.0,-1.36,16.89,-0.33,40.69,-0.37
2013-03-01,2013,3,Tin,Metals,($/mt),23297.0,-3.78,1.82,1.36,17.64,-0.62
2013-04-01,2013,4,Tin,Metals,($/mt),21662.0,-7.02,-11.75,-2.43,0.01,-1.17
2013-05-01,2013,5,Tin,Metals,($/mt),20776.0,-4.09,-14.19,1.82,-13.66,-0.63
2013-06-01,2013,6,Tin,Metals,($/mt),20267.0,-2.45,-13.01,5.17,-8.83,-0.45
2013-07-01,2013,7,Tin,Metals,($/mt),19564.0,-3.47,-9.69,5.49,-15.45,-0.68
2013-08-01,2013,8,Tin,Metals,($/mt),21644.0,10.63,4.18,15.29,8.08,1.7
2013-09-01,2013,9,Tin,Metals,($/mt),22735.0,5.04,12.18,9.46,23.77,0.56
2013-10-01,2013,10,Tin,Metals,($/mt),23102.0,1.61,18.08,8.8,60.41,0.12
2013-11-01,2013,11,Tin,Metals,($/mt),22827.0,-1.19,5.47,10.21,67.3,-0.34
2013-12-01,2013,12,Tin,Metals,($/mt),22762.0,-0.28,0.12,-0.52,102.51,-0.21
2014-01-01,2014,1,Tin,Metals,($/mt),22064.0,-3.07,-4.49,-10.11,94.0,-0.61
2014-02-01,2014,2,Tin,Metals,($/mt),22821.0,3.43,-0.03,-5.75,106.73,0.89
2014-03-01,2014,3,Tin,Metals,($/mt),23024.0,0.89,1.15,-1.17,115.66,0.26
2014-04-01,2014,4,Tin,Metals,($/mt),23405.0,1.65,6.08,8.05,99.29,0.35
2014-05-01,2014,5,Tin,Metals,($/mt),23271.0,-0.57,1.97,12.01,68.72,-0.31
2014-06-01,2014,6,Tin,Metals,($/mt),22762.0,-2.19,-1.14,12.31,51.89,-0.81
2014-07-01,2014,7,Tin,Metals,($/mt),22424.0,-1.48,-4.19,14.62,59.73,-0.64
2014-08-01,2014,8,Tin,Metals,($/mt),22231.0,-0.86,-4.47,2.71,49.5,-0.55
2014-09-01,2014,9,Tin,Metals,($/mt),21091.0,-5.13,-7.34,-7.23,41.85,-2.27
2014-10-01,2014,10,Tin,Metals,($/mt),19830.0,-5.98,-11.57,-14.16,32.12,-2.33
2014-11-01,2014,11,Tin,Metals,($/mt),20033.0,1.02,-9.89,-12.24,34.07,0.85
2014-12-01,2014,12,Tin,Metals,($/mt),19830.0,-1.01,-5.98,-12.88,27.55,0.01
2015-01-01,2015,1,Tin,Metals,($/mt),19454.0,-1.9,-1.9,-11.83,9.82,-0.29
2015-02-01,2015,2,Tin,Metals,($/mt),18234.0,-6.27,-8.98,-20.1,11.44,-1.97
2015-03-01,2015,3,Tin,Metals,($/mt),17422.0,-4.45,-12.14,-24.33,-0.72,-0.98
2015-04-01,2015,4,Tin,Metals,($/mt),15901.0,-8.73,-18.26,-32.06,-14.9,-2.46
2015-05-01,2015,5,Tin,Metals,($/mt),15804.0,-0.61,-13.33,-32.09,-10.03,0.86
2015-06-01,2015,6,Tin,Metals,($/mt),15065.0,-4.68,-13.53,-33.82,-13.02,-0.53
2015-07-01,2015,7,Tin,Metals,($/mt),15072.0,0.05,-5.21,-32.79,-17.15,1.16
2015-08-01,2015,8,Tin,Metals,($/mt),15164.0,0.61,-4.05,-31.79,-26.94,1.25
2015-09-01,2015,9,Tin,Metals,($/mt),15453.0,1.91,2.58,-26.73,-31.93,1.57
2015-10-01,2015,10,Tin,Metals,($/mt),15795.0,2.21,4.8,-20.35,-40.04,1.38
2015-11-01,2015,11,Tin,Metals,($/mt),14745.0,-6.65,-2.76,-26.4,-42.22,-1.39
2015-12-01,2015,12,Tin,Metals,($/mt),14692.0,-0.36,-4.92,-25.91,-43.84,0.58
2016-01-01,2016,1,Tin,Metals,($/mt),13808.0,-6.02,-12.58,-29.02,-49.73,-0.99
2016-02-01,2016,2,Tin,Metals,($/mt),15610.0,13.05,5.87,-14.39,-50.49,4.19
2016-03-01,2016,3,Tin,Metals,($/mt),16898.0,8.25,15.01,-3.01,-44.76,1.64
2016-04-01,2016,4,Tin,Metals,($/mt),17033.0,0.8,23.36,7.12,-47.37,0.14
2016-05-01,2016,5,Tin,Metals,($/mt),16707.0,-1.91,7.03,5.71,-41.74,-0.47
2016-06-01,2016,6,Tin,Metals,($/mt),16967.0,1.56,0.41,12.63,-33.51,0.17
2016-07-01,2016,7,Tin,Metals,($/mt),17826.0,5.06,4.66,18.27,-34.94,0.73
2016-08-01,2016,8,Tin,Metals,($/mt),18427.0,3.37,10.3,21.52,-23.35,0.33
2016-09-01,2016,9,Tin,Metals,($/mt),19500.0,5.82,14.93,26.19,-13.44,0.74
2016-10-01,2016,10,Tin,Metals,($/mt),20100.0,3.08,12.76,27.26,-8.09,0.17
2016-11-01,2016,11,Tin,Metals,($/mt),21126.0,5.1,14.65,43.28,-0.78,0.52
2016-12-01,2016,12,Tin,Metals,($/mt),21204.0,0.37,8.74,44.32,9.44,-0.56
2017-01-01,2017,1,Tin,Metals,($/mt),20692.0,-2.41,2.95,49.86,-3.48,-1.15
2017-02-01,2017,2,Tin,Metals,($/mt),19446.0,-6.02,-7.95,24.57,-19.95,-2.18
2017-03-01,2017,3,Tin,Metals,($/mt),19875.0,2.21,-6.27,17.62,-13.53,0.07
2017-04-01,2017,4,Tin,Metals,($/mt),19910.0,0.18,-3.78,16.89,-10.32,-0.35
2017-05-01,2017,5,Tin,Metals,($/mt),20200.0,1.46,3.88,20.91,-1.0,0.03
2017-06-01,2017,6,Tin,Metals,($/mt),19659.0,-2.68,-1.09,15.87,2.01,-1.28
2017-07-01,2017,7,Tin,Metals,($/mt),20223.0,2.87,1.57,13.45,9.04,0.44
2017-08-01,2017,8,Tin,Metals,($/mt),20521.0,1.47,1.59,11.36,9.31,0.11
2017-09-01,2017,9,Tin,Metals,($/mt),20797.0,1.34,5.79,6.65,0.13,0.12
2017-10-01,2017,10,Tin,Metals,($/mt),20376.0,-2.02,0.76,1.37,-4.04,-0.86
2017-11-01,2017,11,Tin,Metals,($/mt),19558.0,-4.01,-4.69,-7.42,-5.58,-1.39
2017-12-01,2017,12,Tin,Metals,($/mt),19476.0,-0.42,-6.35,-8.15,-14.88,0.07
2018-01-01,2018,1,Tin,Metals,($/mt),20697.0,6.27,1.58,0.02,-15.68,2.52
2018-02-01,2018,2,Tin,Metals,($/mt),21652.0,4.61,10.71,11.34,-10.57,1.37
2018-03-01,2018,3,Tin,Metals,($/mt),21212.0,-2.03,8.91,6.73,-8.95,-1.0
2018-04-01,2018,4,Tin,Metals,($/mt),21291.0,0.37,2.87,6.94,-1.71,-0.07
2018-05-01,2018,5,Tin,Metals,($/mt),20859.0,-2.03,-3.66,3.26,0.4,-0.86
2018-06-01,2018,6,Tin,Metals,($/mt),20661.0,-0.95,-2.6,5.1,1.94,-0.4
2018-07-01,2018,7,Tin,Metals,($/mt),19730.0,-4.51,-7.33,-2.44,0.85,-1.65
2018-08-01,2018,8,Tin,Metals,($/mt),19229.0,-2.54,-7.81,-6.3,-11.16,-0.74
2018-09-01,2018,9,Tin,Metals,($/mt),18967.0,-1.36,-8.2,-8.8,-16.57,-0.27
2018-10-01,2018,10,Tin,Metals,($/mt),19121.0,0.81,-3.09,-6.16,-17.23,0.48
2018-11-01,2018,11,Tin,Metals,($/mt),19065.0,-0.29,-0.85,-2.52,-16.48,0.06
2018-12-01,2018,12,Tin,Metals,($/mt),19260.0,1.02,1.54,-1.11,-15.39,0.4
2019-01-01,2019,1,Tin,Metals,($/mt),20458.0,6.22,6.99,-1.15,-7.28,2.08
2019-02-01,2019,2,Tin,Metals,($/mt),21264.0,3.94,11.53,-1.79,-6.82,1.33
2019-03-01,2019,3,Tin,Metals,($/mt),21393.0,0.61,11.07,0.85,-7.08,0.25
2019-04-01,2019,4,Tin,Metals,($/mt),20604.0,-3.69,0.71,-3.23,-11.97,-1.33
2019-05-01,2019,5,Tin,Metals,($/mt),19524.0,-5.24,-8.18,-6.4,-16.1,-1.64
2019-06-01,2019,6,Tin,Metals,($/mt),19193.0,-1.7,-10.28,-7.11,-15.68,-0.36
2019-07-01,2019,7,Tin,Metals,($/mt),17978.0,-6.33,-12.75,-8.88,-19.83,-1.71
2019-08-01,2019,8,Tin,Metals,($/mt),16609.0,-7.61,-14.93,-13.63,-25.29,-1.92
2019-09-01,2019,9,Tin,Metals,($/mt),16831.0,1.34,-12.31,-11.26,-20.2,0.6
2019-10-01,2019,10,Tin,Metals,($/mt),16603.0,-1.35,-7.65,-13.17,-16.27,-0.11
2019-11-01,2019,11,Tin,Metals,($/mt),16335.0,-1.61,-1.65,-14.32,-18.46,-0.13
2019-12-01,2019,12,Tin,Metals,($/mt),17141.0,4.93,1.84,-11.0,-13.56,1.49
2020-01-01,2020,1,Tin,Metals,($/mt),17029.0,-0.65,2.57,-16.76,-12.47,0.05
2020-02-01,2020,2,Tin,Metals,($/mt),16480.0,-3.22,0.89,-22.5,-9.62,-0.46
2020-03-01,2020,3,Tin,Metals,($/mt),15291.0,-7.21,-10.79,-28.52,-12.23,-1.48
2020-04-01,2020,4,Tin,Metals,($/mt),14953.0,-2.21,-12.19,-27.43,-5.96,0.13
2020-05-01,2020,5,Tin,Metals,($/mt),15402.0,3.0,-6.54,-21.11,-2.54,1.52
2020-06-01,2020,6,Tin,Metals,($/mt),16838.0,9.32,10.12,-12.27,11.77,2.89
2020-07-01,2020,7,Tin,Metals,($/mt),17470.0,3.75,16.83,-2.83,15.91,0.93
2020-08-01,2020,8,Tin,Metals,($/mt),17650.0,1.03,14.6,6.27,16.39,0.24
2020-09-01,2020,9,Tin,Metals,($/mt),17951.0,1.71,6.61,6.65,16.17,0.26
2020-10-01,2020,10,Tin,Metals,($/mt),18177.0,1.26,4.05,9.48,15.08,0.15
2020-11-01,2020,11,Tin,Metals,($/mt),18522.0,1.9,4.94,13.39,25.62,0.25
2020-12-01,2020,12,Tin,Metals,($/mt),19732.0,6.53,9.92,15.12,34.3,1.28
2021-01-01,2021,1,Tin,Metals,($/mt),21920.0,11.09,20.59,28.72,58.75,2.25
2021-02-01,2021,2,Tin,Metals,($/mt),26316.0,20.05,42.08,59.68,68.58,3.46
2021-03-01,2021,3,Tin,Metals,($/mt),27061.0,2.83,37.14,76.97,60.14,-0.19
2021-04-01,2021,4,Tin,Metals,($/mt),28328.0,4.68,29.23,89.45,66.31,-0.06
2021-05-01,2021,5,Tin,Metals,($/mt),32246.0,13.83,22.53,109.36,93.01,1.48
2021-06-01,2021,6,Tin,Metals,($/mt),32503.0,0.8,20.11,93.03,91.57,-0.95
2021-07-01,2021,7,Tin,Metals,($/mt),34020.0,4.67,20.09,94.73,90.84,-0.18
2021-08-01,2021,8,Tin,Metals,($/mt),35024.0,2.95,8.62,98.44,90.07,-0.48
2021-09-01,2021,9,Tin,Metals,($/mt),34887.0,-0.39,7.33,94.35,78.91,-1.07
2021-10-01,2021,10,Tin,Metals,($/mt),37723.0,8.13,10.88,107.53,87.68,0.37
2021-11-01,2021,11,Tin,Metals,($/mt),39159.0,3.81,11.81,111.42,85.36,-0.44
2021-12-01,2021,12,Tin,Metals,($/mt),39423.0,0.67,13.0,99.79,85.92,-1.0
2022-01-01,2022,1,Tin,Metals,($/mt),41792.0,6.01,10.79,90.66,101.97,-0.01
2022-02-01,2022,2,Tin,Metals,($/mt),43983.0,5.24,12.32,67.13,126.18,-0.07
2022-03-01,2022,3,Tin,Metals,($/mt),43950.0,-0.08,11.48,62.41,121.13,-1.18
2022-04-01,2022,4,Tin,Metals,($/mt),42991.0,-2.18,2.87,51.76,115.93,-1.58
2022-05-01,2022,5,Tin,Metals,($/mt),35769.0,-16.8,-18.68,10.93,77.07,-4.62
2022-06-01,2022,6,Tin,Metals,($/mt),31559.0,-11.77,-28.19,-2.9,60.53,-2.01
2022-07-01,2022,7,Tin,Metals,($/mt),25396.0,-19.53,-40.93,-25.35,25.58,-2.65
2022-08-01,2022,8,Tin,Metals,($/mt),24647.0,-2.95,-31.09,-29.63,20.11,-0.1
2022-09-01,2022,9,Tin,Metals,($/mt),21124.0,-14.29,-33.07,-39.45,1.57,-1.32
2022-10-01,2022,10,Tin,Metals,($/mt),19391.0,-8.2,-23.65,-48.6,-4.83,-0.48
2022-11-01,2022,11,Tin,Metals,($/mt),21250.0,9.59,-13.78,-45.73,8.65,1.65
2022-12-01,2022,12,Tin,Metals,($/mt),24172.0,13.75,14.43,-38.69,24.11,1.92
2023-01-01,2023,1,Tin,Metals,($/mt),28154.0,16.47,45.19,-32.63,36.03,1.84
2023-02-01,2023,2,Tin,Metals,($/mt),26863.0,-4.59,26.41,-38.92,24.07,-0.17
2023-03-01,2023,3,Tin,Metals,($/mt),24000.0,-10.66,-0.71,-45.39,13.14,-0.62
2023-04-01,2023,4,Tin,Metals,($/mt),25794.0,7.48,-8.38,-40.0,21.15,0.99
2023-05-01,2023,5,Tin,Metals,($/mt),25534.0,-1.01,-4.95,-28.61,22.41,0.2
2023-06-01,2023,6,Tin,Metals,($/mt),27217.0,6.59,13.4,-13.76,31.73,0.75
2023-07-01,2023,7,Tin,Metals,($/mt),28743.0,5.61,11.43,13.18,45.68,0.54
2023-08-01,2023,8,Tin,Metals,($/mt),26075.0,-9.28,2.12,5.79,35.6,-1.09
2023-09-01,2023,9,Tin,Metals,($/mt),25574.0,-1.92,-6.04,21.07,34.83,-0.28
2023-10-01,2023,10,Tin,Metals,($/mt),24536.0,-4.06,-14.64,26.53,28.32,-0.66
2023-11-01,2023,11,Tin,Metals,($/mt),24168.0,-1.5,-7.31,13.73,26.77,-0.43
2023-12-01,2023,12,Tin,Metals,($/mt),24600.0,1.79,-3.81,1.77,27.73,0.04
2024-01-01,2024,1,Tin,Metals,($/mt),25100.0,2.03,2.3,-10.85,22.69,0.21
2024-02-01,2024,2,Tin,Metals,($/mt),26104.0,4.0,8.01,-2.83,22.76,0.82
2024-03-01,2024,3,Tin,Metals,($/mt),27450.0,5.16,11.59,14.38,28.31,0.89
2024-04-01,2024,4,Tin,Metals,($/mt),31775.0,15.76,26.59,23.19,54.22,2.92
2024-05-01,2024,5,Tin,Metals,($/mt),32978.0,3.79,26.33,29.15,68.91,0.29
2024-06-01,2024,6,Tin,Metals,($/mt),32033.0,-2.87,16.7,17.69,66.9,-0.83
2024-07-01,2024,7,Tin,Metals,($/mt),31860.0,-0.54,0.27,10.84,77.22,-0.33
2024-08-01,2024,8,Tin,Metals,($/mt),31492.0,-1.16,-4.51,20.77,89.61,-0.35
2024-09-01,2024,9,Tin,Metals,($/mt),31472.0,-0.06,-1.75,23.06,86.99,-0.33
2024-10-01,2024,10,Tin,Metals,($/mt),32012.0,1.72,0.48,30.47,92.81,-0.03
2024-11-01,2024,11,Tin,Metals,($/mt),29655.0,-7.36,-5.83,22.7,81.54,-1.99
2024-12-01,2024,12,Tin,Metals,($/mt),28865.0,-2.66,-8.28,17.34,68.4,-0.81
2025-01-01,2025,1,Tin,Metals,($/mt),29612.0,2.59,-7.5,17.98,73.89,0.19
2025-02-01,2025,2,Tin,Metals,($/mt),31833.0,7.5,7.34,21.95,93.16,1.05
2025-03-01,2025,3,Tin,Metals,($/mt),34048.0,6.96,17.96,24.04,122.67,0.87
2025-04-01,2025,4,Tin,Metals,($/mt),32565.0,-4.36,9.97,2.49,117.78,-1.05
2025-05-01,2025,5,Tin,Metals,($/mt),31981.0,-1.79,0.46,-3.02,107.64,-0.47
2025-06-01,2025,6,Tin,Metals,($/mt),32544.0,1.76,-4.42,1.6,93.28,0.44
2025-07-01,2025,7,Tin,Metals,($/mt),33610.0,3.28,3.21,5.49,92.39,0.71
2025-08-01,2025,8,Tin,Metals,($/mt),33834.0,0.67,5.79,7.44,91.69,0.03
2025-09-01,2025,9,Tin,Metals,($/mt),34484.0,1.92,5.96,9.57,92.1,0.29
2025-10-01,2025,10,Tin,Metals,($/mt),36012.0,4.43,7.15,12.5,98.12,0.83
2025-11-01,2025,11,Tin,Metals,($/mt),36963.0,2.64,9.25,24.64,99.56,0.35
2025-12-01,2025,12,Tin,Metals,($/mt),41220.0,11.52,19.53,42.8,108.9,2.68
2026-01-01,2026,1,Tin,Metals,($/mt),49538.0,20.18,37.56,67.29,125.99,4.05
2026-02-01,2026,2,Tin,Metals,($/mt),48694.0,-1.7,31.74,52.97,85.04,-0.97
2026-03-01,2026,3,Tin,Metals,($/mt),47324.0,-2.81,14.81,38.99,74.88,-0.99
2026-04-01,2026,4,Tin,Metals,($/mt),48806.0,3.13,-1.48,49.87,72.29,0.02
2026-05-01,2026,5,Tin,Metals,($/mt),53563.0,9.75,10.0,67.48,66.11,0.96
2026-06-01,2026,6,Tin,Metals,($/mt),53037.0,-0.98,12.07,62.97,63.18,-0.87
2026-07-01,2026,7,Tin,Metals,($/mt),52971.0,-0.12,8.53,57.6,55.71,-0.68
2026-08-01,2026,8,Tin,Metals,($/mt),55385.0,4.56,3.4,63.7,58.13,0.08
2026-09-01,2026,9,Tin,Metals,($/mt),53712.0,-3.02,1.27,55.76,53.96,-1.12
1960-01-01,1960,1,"Tobacco, US import u.v.",Raw Materials,($/mt),1737.0,,,,,
1960-02-01,1960,2,"Tobacco, US import u.v.",Raw Materials,($/mt),1737.0,0.0,,,,
1960-03-01,1960,3,"Tobacco, US import u.v.",Raw Materials,($/mt),1737.0,0.0,,,,
1960-04-01,1960,4,"Tobacco, US import u.v.",Raw Materials,($/mt),1737.0,0.0,0.0,,,
1960-05-01,1960,5,"Tobacco, US import u.v.",Raw Materials,($/mt),1737.0,0.0,0.0,,,
1960-06-01,1960,6,"Tobacco, US import u.v.",Raw Materials,($/mt),1737.0,0.0,0.0,,,
1960-07-01,1960,7,"Tobacco, US import u.v.",Raw Materials,($/mt),1737.0,0.0,0.0,,,
1960-08-01,1960,8,"Tobacco, US import u.v.",Raw Materials,($/mt),1737.0,0.0,0.0,,,0.0
1960-09-01,1960,9,"Tobacco, US import u.v.",Raw Materials,($/mt),1737.0,0.0,0.0,,,0.0
1960-10-01,1960,10,"Tobacco, US import u.v.",Raw Materials,($/mt),1737.0,0.0,0.0,,,0.0
1960-11-01,1960,11,"Tobacco, US import u.v.",Raw Materials,($/mt),1737.0,0.0,0.0,,,0.0
1960-12-01,1960,12,"Tobacco, US import u.v.",Raw Materials,($/mt),1737.0,0.0,0.0,,,0.0
1961-01-01,1961,1,"Tobacco, US import u.v.",Raw Materials,($/mt),1563.0,-10.02,-10.02,-10.02,,0.0
1961-02-01,1961,2,"Tobacco, US import u.v.",Raw Materials,($/mt),1563.0,0.0,-10.02,-10.02,,0.29
1961-03-01,1961,3,"Tobacco, US import u.v.",Raw Materials,($/mt),1563.0,0.0,-10.02,-10.02,,0.29
1961-04-01,1961,4,"Tobacco, US import u.v.",Raw Materials,($/mt),1563.0,0.0,0.0,-10.02,,0.29
1961-05-01,1961,5,"Tobacco, US import u.v.",Raw Materials,($/mt),1563.0,0.0,0.0,-10.02,,0.29
1961-06-01,1961,6,"Tobacco, US import u.v.",Raw Materials,($/mt),1563.0,0.0,0.0,-10.02,,0.29
1961-07-01,1961,7,"Tobacco, US import u.v.",Raw Materials,($/mt),1563.0,0.0,0.0,-10.02,,0.29
1961-08-01,1961,8,"Tobacco, US import u.v.",Raw Materials,($/mt),1563.0,0.0,0.0,-10.02,,0.29
1961-09-01,1961,9,"Tobacco, US import u.v.",Raw Materials,($/mt),1563.0,0.0,0.0,-10.02,,0.29
1961-10-01,1961,10,"Tobacco, US import u.v.",Raw Materials,($/mt),1563.0,0.0,0.0,-10.02,,0.29
1961-11-01,1961,11,"Tobacco, US import u.v.",Raw Materials,($/mt),1563.0,0.0,0.0,-10.02,,0.29
1961-12-01,1961,12,"Tobacco, US import u.v.",Raw Materials,($/mt),1563.0,0.0,0.0,-10.02,,0.29
1962-01-01,1962,1,"Tobacco, US import u.v.",Raw Materials,($/mt),1405.0,-10.11,-10.11,-10.11,,-3.21
1962-02-01,1962,2,"Tobacco, US import u.v.",Raw Materials,($/mt),1405.0,0.0,-10.11,-10.11,,0.29
1962-03-01,1962,3,"Tobacco, US import u.v.",Raw Materials,($/mt),1405.0,0.0,-10.11,-10.11,,0.29
1962-04-01,1962,4,"Tobacco, US import u.v.",Raw Materials,($/mt),1405.0,0.0,0.0,-10.11,,0.29
1962-05-01,1962,5,"Tobacco, US import u.v.",Raw Materials,($/mt),1405.0,0.0,0.0,-10.11,,0.29
1962-06-01,1962,6,"Tobacco, US import u.v.",Raw Materials,($/mt),1405.0,0.0,0.0,-10.11,,0.29
1962-07-01,1962,7,"Tobacco, US import u.v.",Raw Materials,($/mt),1405.0,0.0,0.0,-10.11,,0.29
1962-08-01,1962,8,"Tobacco, US import u.v.",Raw Materials,($/mt),1405.0,0.0,0.0,-10.11,,0.29
1962-09-01,1962,9,"Tobacco, US import u.v.",Raw Materials,($/mt),1405.0,0.0,0.0,-10.11,,0.29
1962-10-01,1962,10,"Tobacco, US import u.v.",Raw Materials,($/mt),1405.0,0.0,0.0,-10.11,,0.29
1962-11-01,1962,11,"Tobacco, US import u.v.",Raw Materials,($/mt),1405.0,0.0,0.0,-10.11,,0.29
1962-12-01,1962,12,"Tobacco, US import u.v.",Raw Materials,($/mt),1405.0,0.0,0.0,-10.11,,0.29
1963-01-01,1963,1,"Tobacco, US import u.v.",Raw Materials,($/mt),1344.0,-4.34,-4.34,-4.34,,-1.2
1963-02-01,1963,2,"Tobacco, US import u.v.",Raw Materials,($/mt),1344.0,0.0,-4.34,-4.34,,0.29
1963-03-01,1963,3,"Tobacco, US import u.v.",Raw Materials,($/mt),1344.0,0.0,-4.34,-4.34,,0.29
1963-04-01,1963,4,"Tobacco, US import u.v.",Raw Materials,($/mt),1344.0,0.0,0.0,-4.34,,0.29
1963-05-01,1963,5,"Tobacco, US import u.v.",Raw Materials,($/mt),1344.0,0.0,0.0,-4.34,,0.29
1963-06-01,1963,6,"Tobacco, US import u.v.",Raw Materials,($/mt),1344.0,0.0,0.0,-4.34,,0.29
1963-07-01,1963,7,"Tobacco, US import u.v.",Raw Materials,($/mt),1344.0,0.0,0.0,-4.34,,0.29
1963-08-01,1963,8,"Tobacco, US import u.v.",Raw Materials,($/mt),1344.0,0.0,0.0,-4.34,,0.29
1963-09-01,1963,9,"Tobacco, US import u.v.",Raw Materials,($/mt),1344.0,0.0,0.0,-4.34,,0.29
1963-10-01,1963,10,"Tobacco, US import u.v.",Raw Materials,($/mt),1344.0,0.0,0.0,-4.34,,0.29
1963-11-01,1963,11,"Tobacco, US import u.v.",Raw Materials,($/mt),1344.0,0.0,0.0,-4.34,,0.29
1963-12-01,1963,12,"Tobacco, US import u.v.",Raw Materials,($/mt),1344.0,0.0,0.0,-4.34,,0.29
1964-01-01,1964,1,"Tobacco, US import u.v.",Raw Materials,($/mt),1488.0,10.71,10.71,10.71,,8.84
1964-02-01,1964,2,"Tobacco, US import u.v.",Raw Materials,($/mt),1488.0,0.0,10.71,10.71,,-0.29
1964-03-01,1964,3,"Tobacco, US import u.v.",Raw Materials,($/mt),1488.0,0.0,10.71,10.71,,-0.29
1964-04-01,1964,4,"Tobacco, US import u.v.",Raw Materials,($/mt),1488.0,0.0,0.0,10.71,,-0.29
1964-05-01,1964,5,"Tobacco, US import u.v.",Raw Materials,($/mt),1488.0,0.0,0.0,10.71,,-0.29
1964-06-01,1964,6,"Tobacco, US import u.v.",Raw Materials,($/mt),1488.0,0.0,0.0,10.71,,-0.29
1964-07-01,1964,7,"Tobacco, US import u.v.",Raw Materials,($/mt),1488.0,0.0,0.0,10.71,,-0.29
1964-08-01,1964,8,"Tobacco, US import u.v.",Raw Materials,($/mt),1488.0,0.0,0.0,10.71,,-0.29
1964-09-01,1964,9,"Tobacco, US import u.v.",Raw Materials,($/mt),1488.0,0.0,0.0,10.71,,-0.29
1964-10-01,1964,10,"Tobacco, US import u.v.",Raw Materials,($/mt),1488.0,0.0,0.0,10.71,,-0.29
1964-11-01,1964,11,"Tobacco, US import u.v.",Raw Materials,($/mt),1488.0,0.0,0.0,10.71,,-0.29
1964-12-01,1964,12,"Tobacco, US import u.v.",Raw Materials,($/mt),1488.0,0.0,0.0,10.71,,-0.29
1965-01-01,1965,1,"Tobacco, US import u.v.",Raw Materials,($/mt),1265.0,-14.99,-14.99,-14.99,-27.17,-5.13
1965-02-01,1965,2,"Tobacco, US import u.v.",Raw Materials,($/mt),1265.0,0.0,-14.99,-14.99,-27.17,0.29
1965-03-01,1965,3,"Tobacco, US import u.v.",Raw Materials,($/mt),1265.0,0.0,-14.99,-14.99,-27.17,0.29
1965-04-01,1965,4,"Tobacco, US import u.v.",Raw Materials,($/mt),1265.0,0.0,0.0,-14.99,-27.17,0.29
1965-05-01,1965,5,"Tobacco, US import u.v.",Raw Materials,($/mt),1265.0,0.0,0.0,-14.99,-27.17,0.29
1965-06-01,1965,6,"Tobacco, US import u.v.",Raw Materials,($/mt),1265.0,0.0,0.0,-14.99,-27.17,0.29
1965-07-01,1965,7,"Tobacco, US import u.v.",Raw Materials,($/mt),1265.0,0.0,0.0,-14.99,-27.17,0.29
1965-08-01,1965,8,"Tobacco, US import u.v.",Raw Materials,($/mt),1265.0,0.0,0.0,-14.99,-27.17,0.29
1965-09-01,1965,9,"Tobacco, US import u.v.",Raw Materials,($/mt),1265.0,0.0,0.0,-14.99,-27.17,0.29
1965-10-01,1965,10,"Tobacco, US import u.v.",Raw Materials,($/mt),1265.0,0.0,0.0,-14.99,-27.17,0.29
1965-11-01,1965,11,"Tobacco, US import u.v.",Raw Materials,($/mt),1265.0,0.0,0.0,-14.99,-27.17,0.29
1965-12-01,1965,12,"Tobacco, US import u.v.",Raw Materials,($/mt),1265.0,0.0,0.0,-14.99,-27.17,0.29
1966-01-01,1966,1,"Tobacco, US import u.v.",Raw Materials,($/mt),1581.0,24.98,24.98,24.98,1.15,6.06
1966-02-01,1966,2,"Tobacco, US import u.v.",Raw Materials,($/mt),1581.0,0.0,24.98,24.98,1.15,-0.29
1966-03-01,1966,3,"Tobacco, US import u.v.",Raw Materials,($/mt),1581.0,0.0,24.98,24.98,1.15,-0.29
1966-04-01,1966,4,"Tobacco, US import u.v.",Raw Materials,($/mt),1581.0,0.0,0.0,24.98,1.15,-0.29
1966-05-01,1966,5,"Tobacco, US import u.v.",Raw Materials,($/mt),1581.0,0.0,0.0,24.98,1.15,-0.29
1966-06-01,1966,6,"Tobacco, US import u.v.",Raw Materials,($/mt),1581.0,0.0,0.0,24.98,1.15,-0.29
1966-07-01,1966,7,"Tobacco, US import u.v.",Raw Materials,($/mt),1581.0,0.0,0.0,24.98,1.15,-0.29
1966-08-01,1966,8,"Tobacco, US import u.v.",Raw Materials,($/mt),1581.0,0.0,0.0,24.98,1.15,-0.29
1966-09-01,1966,9,"Tobacco, US import u.v.",Raw Materials,($/mt),1581.0,0.0,0.0,24.98,1.15,-0.29
1966-10-01,1966,10,"Tobacco, US import u.v.",Raw Materials,($/mt),1581.0,0.0,0.0,24.98,1.15,-0.29
1966-11-01,1966,11,"Tobacco, US import u.v.",Raw Materials,($/mt),1581.0,0.0,0.0,24.98,1.15,-0.29
1966-12-01,1966,12,"Tobacco, US import u.v.",Raw Materials,($/mt),1581.0,0.0,0.0,24.98,1.15,-0.29
1967-01-01,1967,1,"Tobacco, US import u.v.",Raw Materials,($/mt),1299.0,-17.84,-17.84,-17.84,-7.54,-2.76
1967-02-01,1967,2,"Tobacco, US import u.v.",Raw Materials,($/mt),1299.0,0.0,-17.84,-17.84,-7.54,0.29
1967-03-01,1967,3,"Tobacco, US import u.v.",Raw Materials,($/mt),1299.0,0.0,-17.84,-17.84,-7.54,0.29
1967-04-01,1967,4,"Tobacco, US import u.v.",Raw Materials,($/mt),1299.0,0.0,0.0,-17.84,-7.54,0.29
1967-05-01,1967,5,"Tobacco, US import u.v.",Raw Materials,($/mt),1299.0,0.0,0.0,-17.84,-7.54,0.29
1967-06-01,1967,6,"Tobacco, US import u.v.",Raw Materials,($/mt),1299.0,0.0,0.0,-17.84,-7.54,0.29
1967-07-01,1967,7,"Tobacco, US import u.v.",Raw Materials,($/mt),1299.0,0.0,0.0,-17.84,-7.54,0.29
1967-08-01,1967,8,"Tobacco, US import u.v.",Raw Materials,($/mt),1299.0,0.0,0.0,-17.84,-7.54,0.29
1967-09-01,1967,9,"Tobacco, US import u.v.",Raw Materials,($/mt),1299.0,0.0,0.0,-17.84,-7.54,0.29
1967-10-01,1967,10,"Tobacco, US import u.v.",Raw Materials,($/mt),1299.0,0.0,0.0,-17.84,-7.54,0.29
1967-11-01,1967,11,"Tobacco, US import u.v.",Raw Materials,($/mt),1299.0,0.0,0.0,-17.84,-7.54,0.29
1967-12-01,1967,12,"Tobacco, US import u.v.",Raw Materials,($/mt),1299.0,0.0,0.0,-17.84,-7.54,0.29
1968-01-01,1968,1,"Tobacco, US import u.v.",Raw Materials,($/mt),1254.0,-3.46,-3.46,-3.46,-6.7,-0.38
1968-02-01,1968,2,"Tobacco, US import u.v.",Raw Materials,($/mt),1249.0,-0.4,-3.85,-3.85,-7.07,-0.11
1968-03-01,1968,3,"Tobacco, US import u.v.",Raw Materials,($/mt),1235.0,-1.12,-4.93,-4.93,-8.11,-0.8
1968-04-01,1968,4,"Tobacco, US import u.v.",Raw Materials,($/mt),1210.0,-2.02,-3.51,-6.85,-9.97,-1.58
1968-05-01,1968,5,"Tobacco, US import u.v.",Raw Materials,($/mt),1201.0,-0.74,-3.84,-7.54,-10.64,-0.14
1968-06-01,1968,6,"Tobacco, US import u.v.",Raw Materials,($/mt),1205.0,0.33,-2.43,-7.24,-10.34,0.9
1968-07-01,1968,7,"Tobacco, US import u.v.",Raw Materials,($/mt),1174.0,-2.57,-2.98,-9.62,-12.65,-1.76
1968-08-01,1968,8,"Tobacco, US import u.v.",Raw Materials,($/mt),1181.0,0.6,-1.67,-9.08,-12.13,1.17
1968-09-01,1968,9,"Tobacco, US import u.v.",Raw Materials,($/mt),1229.0,4.06,1.99,-5.39,-8.56,3.81
1968-10-01,1968,10,"Tobacco, US import u.v.",Raw Materials,($/mt),1184.0,-3.66,0.85,-8.85,-11.9,-1.7
1968-11-01,1968,11,"Tobacco, US import u.v.",Raw Materials,($/mt),1167.0,-1.44,-1.19,-10.16,-13.17,-0.33
1968-12-01,1968,12,"Tobacco, US import u.v.",Raw Materials,($/mt),1166.0,-0.09,-5.13,-10.24,-13.24,0.37
1969-01-01,1969,1,"Tobacco, US import u.v.",Raw Materials,($/mt),1136.0,-2.57,-4.05,-9.41,-23.66,-0.81
1969-02-01,1969,2,"Tobacco, US import u.v.",Raw Materials,($/mt),1098.0,-3.35,-5.91,-12.09,-26.21,-1.27
1969-03-01,1969,3,"Tobacco, US import u.v.",Raw Materials,($/mt),1099.0,0.09,-5.75,-11.01,-26.14,0.54
1969-04-01,1969,4,"Tobacco, US import u.v.",Raw Materials,($/mt),1111.0,1.09,-2.2,-8.18,-25.34,0.95
1969-05-01,1969,5,"Tobacco, US import u.v.",Raw Materials,($/mt),1115.0,0.36,1.55,-7.16,-25.07,0.48
1969-06-01,1969,6,"Tobacco, US import u.v.",Raw Materials,($/mt),1126.0,0.99,2.46,-6.56,-24.33,0.71
1969-07-01,1969,7,"Tobacco, US import u.v.",Raw Materials,($/mt),1150.0,2.13,3.51,-2.04,-22.72,1.19
1969-08-01,1969,8,"Tobacco, US import u.v.",Raw Materials,($/mt),1121.0,-2.52,0.54,-5.08,-24.66,-1.05
1969-09-01,1969,9,"Tobacco, US import u.v.",Raw Materials,($/mt),1097.0,-2.14,-2.58,-10.74,-26.28,-0.74
1969-10-01,1969,10,"Tobacco, US import u.v.",Raw Materials,($/mt),1139.0,3.83,-0.96,-3.8,-23.45,2.47
1969-11-01,1969,11,"Tobacco, US import u.v.",Raw Materials,($/mt),1096.0,-3.78,-2.23,-6.08,-26.34,-1.61
1969-12-01,1969,12,"Tobacco, US import u.v.",Raw Materials,($/mt),1062.0,-3.1,-3.19,-8.92,-28.63,-1.1
1970-01-01,1970,1,"Tobacco, US import u.v.",Raw Materials,($/mt),1078.0,1.51,-5.36,-5.11,-14.78,0.91
1970-02-01,1970,2,"Tobacco, US import u.v.",Raw Materials,($/mt),1114.0,3.34,1.64,1.46,-11.94,1.51
1970-03-01,1970,3,"Tobacco, US import u.v.",Raw Materials,($/mt),1112.0,-0.18,4.71,1.18,-12.09,-0.13
1970-04-01,1970,4,"Tobacco, US import u.v.",Raw Materials,($/mt),1120.0,0.72,3.9,0.81,-11.46,0.24
1970-05-01,1970,5,"Tobacco, US import u.v.",Raw Materials,($/mt),1075.0,-4.02,-3.5,-3.59,-15.02,-1.64
1970-06-01,1970,6,"Tobacco, US import u.v.",Raw Materials,($/mt),1047.0,-2.6,-5.85,-7.02,-17.23,-0.84
1970-07-01,1970,7,"Tobacco, US import u.v.",Raw Materials,($/mt),1065.0,1.72,-4.91,-7.39,-15.81,0.81
1970-08-01,1970,8,"Tobacco, US import u.v.",Raw Materials,($/mt),1083.0,1.69,0.74,-3.39,-14.39,0.82
1970-09-01,1970,9,"Tobacco, US import u.v.",Raw Materials,($/mt),1072.0,-1.02,2.39,-2.28,-15.26,-0.27
1970-10-01,1970,10,"Tobacco, US import u.v.",Raw Materials,($/mt),1026.0,-4.29,-3.66,-9.92,-18.89,-1.51
1970-11-01,1970,11,"Tobacco, US import u.v.",Raw Materials,($/mt),1057.0,3.02,-2.4,-3.56,-16.44,1.45
1970-12-01,1970,12,"Tobacco, US import u.v.",Raw Materials,($/mt),1063.0,0.57,-0.84,0.09,-15.97,0.31
1971-01-01,1971,1,"Tobacco, US import u.v.",Raw Materials,($/mt),1046.0,-1.6,1.95,-2.97,-33.84,-0.64
1971-02-01,1971,2,"Tobacco, US import u.v.",Raw Materials,($/mt),1019.0,-2.58,-3.6,-8.53,-35.55,-0.93
1971-03-01,1971,3,"Tobacco, US import u.v.",Raw Materials,($/mt),1021.0,0.2,-3.95,-8.18,-35.42,0.39
1971-04-01,1971,4,"Tobacco, US import u.v.",Raw Materials,($/mt),1013.0,-0.78,-3.15,-9.55,-35.93,-0.04
1971-05-01,1971,5,"Tobacco, US import u.v.",Raw Materials,($/mt),1039.0,2.57,1.96,-3.35,-34.28,1.45
1971-06-01,1971,6,"Tobacco, US import u.v.",Raw Materials,($/mt),1035.0,-0.38,1.37,-1.15,-34.54,-0.06
1971-07-01,1971,7,"Tobacco, US import u.v.",Raw Materials,($/mt),1012.0,-2.22,-0.1,-4.98,-35.99,-0.99
1971-08-01,1971,8,"Tobacco, US import u.v.",Raw Materials,($/mt),1001.0,-1.09,-3.66,-7.57,-36.69,-0.32
1971-09-01,1971,9,"Tobacco, US import u.v.",Raw Materials,($/mt),1043.0,4.2,0.77,-2.71,-34.03,2.34
1971-10-01,1971,10,"Tobacco, US import u.v.",Raw Materials,($/mt),1082.0,3.74,6.92,5.46,-31.56,1.59
1971-11-01,1971,11,"Tobacco, US import u.v.",Raw Materials,($/mt),1102.0,1.85,10.09,4.26,-30.3,0.59
1971-12-01,1971,12,"Tobacco, US import u.v.",Raw Materials,($/mt),1101.0,-0.09,5.56,3.57,-30.36,-0.2
1972-01-01,1972,1,"Tobacco, US import u.v.",Raw Materials,($/mt),1107.0,0.54,2.31,5.83,-14.78,0.1
1972-02-01,1972,2,"Tobacco, US import u.v.",Raw Materials,($/mt),1115.0,0.72,1.18,9.42,-14.16,0.1
1972-03-01,1972,3,"Tobacco, US import u.v.",Raw Materials,($/mt),1089.0,-2.33,-1.09,6.66,-16.17,-1.58
1972-04-01,1972,4,"Tobacco, US import u.v.",Raw Materials,($/mt),1066.0,-2.11,-3.7,5.23,-17.94,-1.24
1972-05-01,1972,5,"Tobacco, US import u.v.",Raw Materials,($/mt),1061.0,-0.47,-4.84,2.12,-18.32,-0.41
1972-06-01,1972,6,"Tobacco, US import u.v.",Raw Materials,($/mt),1072.0,1.04,-1.56,3.57,-17.47,0.39
1972-07-01,1972,7,"Tobacco, US import u.v.",Raw Materials,($/mt),1062.0,-0.93,-0.38,4.94,-18.24,-0.57
1972-08-01,1972,8,"Tobacco, US import u.v.",Raw Materials,($/mt),1082.0,1.88,1.98,8.09,-16.71,0.71
1972-09-01,1972,9,"Tobacco, US import u.v.",Raw Materials,($/mt),1063.0,-1.76,-0.84,1.92,-18.17,-1.19
1972-10-01,1972,10,"Tobacco, US import u.v.",Raw Materials,($/mt),1062.0,-0.09,0.0,-1.85,-18.24,-0.15
1972-11-01,1972,11,"Tobacco, US import u.v.",Raw Materials,($/mt),1049.0,-1.22,-3.05,-4.81,-19.25,-0.75
1972-12-01,1972,12,"Tobacco, US import u.v.",Raw Materials,($/mt),1056.0,0.67,-0.66,-4.09,-18.71,0.81
1973-01-01,1973,1,"Tobacco, US import u.v.",Raw Materials,($/mt),1042.0,-1.33,-1.88,-5.87,-16.91,-0.73
1973-02-01,1973,2,"Tobacco, US import u.v.",Raw Materials,($/mt),1039.0,-0.29,-0.95,-6.82,-16.81,0.15
1973-03-01,1973,3,"Tobacco, US import u.v.",Raw Materials,($/mt),1047.0,0.77,-0.85,-3.86,-15.22,1.04
1973-04-01,1973,4,"Tobacco, US import u.v.",Raw Materials,($/mt),1067.0,1.91,2.4,0.09,-11.82,1.83
1973-05-01,1973,5,"Tobacco, US import u.v.",Raw Materials,($/mt),1087.0,1.87,4.62,2.45,-9.49,1.5
1973-06-01,1973,6,"Tobacco, US import u.v.",Raw Materials,($/mt),1116.0,2.67,6.59,4.1,-7.39,1.84
1973-07-01,1973,7,"Tobacco, US import u.v.",Raw Materials,($/mt),1136.0,1.79,6.47,6.97,-3.24,0.96
1973-08-01,1973,8,"Tobacco, US import u.v.",Raw Materials,($/mt),1150.0,1.23,5.8,6.28,-2.62,0.44
1973-09-01,1973,9,"Tobacco, US import u.v.",Raw Materials,($/mt),1179.0,2.52,5.65,10.91,-4.07,1.38
1973-10-01,1973,10,"Tobacco, US import u.v.",Raw Materials,($/mt),1203.0,2.04,5.9,13.28,1.6,0.85
1973-11-01,1973,11,"Tobacco, US import u.v.",Raw Materials,($/mt),1222.0,1.58,6.26,16.49,4.71,0.38
1973-12-01,1973,12,"Tobacco, US import u.v.",Raw Materials,($/mt),1248.0,2.13,5.85,18.18,7.03,0.72
1974-01-01,1974,1,"Tobacco, US import u.v.",Raw Materials,($/mt),1281.0,2.64,6.48,22.94,12.76,1.05
1974-02-01,1974,2,"Tobacco, US import u.v.",Raw Materials,($/mt),1311.0,2.34,7.28,26.18,19.4,0.71
1974-03-01,1974,3,"Tobacco, US import u.v.",Raw Materials,($/mt),1342.0,2.36,7.53,28.18,22.11,0.71
1974-04-01,1974,4,"Tobacco, US import u.v.",Raw Materials,($/mt),1401.0,4.4,9.37,31.3,26.1,5.23
1974-05-01,1974,5,"Tobacco, US import u.v.",Raw Materials,($/mt),1427.0,1.86,8.85,31.28,27.98,-0.56
1974-06-01,1974,6,"Tobacco, US import u.v.",Raw Materials,($/mt),1502.0,5.26,11.92,34.59,33.39,3.73
1974-07-01,1974,7,"Tobacco, US import u.v.",Raw Materials,($/mt),1530.0,1.86,9.21,34.68,33.04,-0.56
1974-08-01,1974,8,"Tobacco, US import u.v.",Raw Materials,($/mt),1555.0,1.63,8.97,35.22,38.72,-0.76
1974-09-01,1974,9,"Tobacco, US import u.v.",Raw Materials,($/mt),1577.0,1.41,4.99,33.76,43.76,-1.01
1974-10-01,1974,10,"Tobacco, US import u.v.",Raw Materials,($/mt),1591.0,0.89,3.99,32.25,39.68,-1.34
1974-11-01,1974,11,"Tobacco, US import u.v.",Raw Materials,($/mt),1625.0,2.14,4.5,32.98,48.27,-0.18
1974-12-01,1974,12,"Tobacco, US import u.v.",Raw Materials,($/mt),1644.0,1.17,4.25,31.73,54.8,-1.01
1975-01-01,1975,1,"Tobacco, US import u.v.",Raw Materials,($/mt),1678.0,2.07,5.47,30.99,55.66,-0.2
1975-02-01,1975,2,"Tobacco, US import u.v.",Raw Materials,($/mt),1733.0,3.28,6.65,32.19,55.57,0.78
1975-03-01,1975,3,"Tobacco, US import u.v.",Raw Materials,($/mt),1810.0,4.44,10.1,34.87,62.77,1.58
1975-04-01,1975,4,"Tobacco, US import u.v.",Raw Materials,($/mt),1844.0,1.88,9.89,31.62,64.64,-0.45
1975-05-01,1975,5,"Tobacco, US import u.v.",Raw Materials,($/mt),1860.0,0.87,7.33,30.34,73.02,-1.1
1975-06-01,1975,6,"Tobacco, US import u.v.",Raw Materials,($/mt),1853.0,-0.38,2.38,23.37,76.98,-1.88
1975-07-01,1975,7,"Tobacco, US import u.v.",Raw Materials,($/mt),1865.0,0.65,1.14,21.9,75.12,-0.92
1975-08-01,1975,8,"Tobacco, US import u.v.",Raw Materials,($/mt),1886.0,1.13,1.4,21.29,74.15,-0.43
1975-09-01,1975,9,"Tobacco, US import u.v.",Raw Materials,($/mt),1880.0,-0.32,1.46,19.21,75.37,-1.53
1975-10-01,1975,10,"Tobacco, US import u.v.",Raw Materials,($/mt),1899.0,1.01,1.82,19.36,85.09,-0.34
1975-11-01,1975,11,"Tobacco, US import u.v.",Raw Materials,($/mt),1894.0,-0.26,0.42,16.55,79.19,-1.27
1975-12-01,1975,12,"Tobacco, US import u.v.",Raw Materials,($/mt),1905.0,0.58,1.33,15.88,79.21,-0.49
1976-01-01,1976,1,"Tobacco, US import u.v.",Raw Materials,($/mt),1978.0,3.83,4.16,17.88,89.1,1.76
1976-02-01,1976,2,"Tobacco, US import u.v.",Raw Materials,($/mt),2052.0,3.74,8.34,18.41,101.37,1.43
1976-03-01,1976,3,"Tobacco, US import u.v.",Raw Materials,($/mt),2110.0,2.83,10.76,16.57,106.66,0.82
1976-04-01,1976,4,"Tobacco, US import u.v.",Raw Materials,($/mt),2107.0,-0.14,6.52,14.26,108.0,-0.97
1976-05-01,1976,5,"Tobacco, US import u.v.",Raw Materials,($/mt),2174.0,3.18,5.95,16.88,109.24,1.35
1976-06-01,1976,6,"Tobacco, US import u.v.",Raw Materials,($/mt),2199.0,1.15,4.22,18.67,112.46,-0.1
1976-07-01,1976,7,"Tobacco, US import u.v.",Raw Materials,($/mt),2213.0,0.64,5.03,18.66,118.68,-0.53
1976-08-01,1976,8,"Tobacco, US import u.v.",Raw Materials,($/mt),2231.0,0.81,2.62,18.29,122.88,-0.41
1976-09-01,1976,9,"Tobacco, US import u.v.",Raw Materials,($/mt),2280.0,2.2,3.68,21.28,118.6,0.5
1976-10-01,1976,10,"Tobacco, US import u.v.",Raw Materials,($/mt),2276.0,-0.18,2.85,19.85,110.35,-1.23
1976-11-01,1976,11,"Tobacco, US import u.v.",Raw Materials,($/mt),2293.0,0.75,2.78,21.07,108.08,-0.51
1976-12-01,1976,12,"Tobacco, US import u.v.",Raw Materials,($/mt),2327.0,1.48,2.06,22.15,111.35,-0.09
1977-01-01,1977,1,"Tobacco, US import u.v.",Raw Materials,($/mt),2323.0,-0.17,2.07,17.44,109.85,-1.3
1977-02-01,1977,2,"Tobacco, US import u.v.",Raw Materials,($/mt),2270.0,-2.28,-1.0,10.62,103.59,-2.7
1977-03-01,1977,3,"Tobacco, US import u.v.",Raw Materials,($/mt),2241.0,-1.28,-3.7,6.21,105.79,-1.43
1977-04-01,1977,4,"Tobacco, US import u.v.",Raw Materials,($/mt),2261.0,0.89,-2.67,7.31,112.1,0.26
1977-05-01,1977,5,"Tobacco, US import u.v.",Raw Materials,($/mt),2265.0,0.18,-0.22,4.19,113.48,-0.29
1977-06-01,1977,6,"Tobacco, US import u.v.",Raw Materials,($/mt),2247.0,-0.79,0.27,2.18,109.61,-0.94
1977-07-01,1977,7,"Tobacco, US import u.v.",Raw Materials,($/mt),2222.0,-1.11,-1.72,0.41,109.23,-1.06
1977-08-01,1977,8,"Tobacco, US import u.v.",Raw Materials,($/mt),2207.0,-0.68,-2.56,-1.08,103.97,-0.56
1977-09-01,1977,9,"Tobacco, US import u.v.",Raw Materials,($/mt),2224.0,0.77,-1.02,-2.46,109.22,0.68
1977-10-01,1977,10,"Tobacco, US import u.v.",Raw Materials,($/mt),2256.0,1.44,1.53,-0.88,112.43,1.51
1977-11-01,1977,11,"Tobacco, US import u.v.",Raw Materials,($/mt),2262.0,0.27,2.49,-1.35,115.63,0.28
1977-12-01,1977,12,"Tobacco, US import u.v.",Raw Materials,($/mt),2269.0,0.31,2.02,-2.49,114.87,0.36
1978-01-01,1978,1,"Tobacco, US import u.v.",Raw Materials,($/mt),2212.0,-2.51,-1.95,-4.78,112.28,-2.18
1978-02-01,1978,2,"Tobacco, US import u.v.",Raw Materials,($/mt),2231.0,0.86,-1.37,-1.72,114.73,1.01
1978-03-01,1978,3,"Tobacco, US import u.v.",Raw Materials,($/mt),2207.0,-1.08,-2.73,-1.52,110.79,-0.82
1978-04-01,1978,4,"Tobacco, US import u.v.",Raw Materials,($/mt),2232.0,1.13,0.9,-1.28,109.18,1.11
1978-05-01,1978,5,"Tobacco, US import u.v.",Raw Materials,($/mt),2212.0,-0.9,-0.85,-2.34,103.5,-0.69
1978-06-01,1978,6,"Tobacco, US import u.v.",Raw Materials,($/mt),2235.0,1.04,1.27,-0.53,100.27,1.05
1978-07-01,1978,7,"Tobacco, US import u.v.",Raw Materials,($/mt),2287.0,2.33,2.46,2.93,101.32,1.97
1978-08-01,1978,8,"Tobacco, US import u.v.",Raw Materials,($/mt),2311.0,1.05,4.48,4.71,100.96,0.6
1978-09-01,1978,9,"Tobacco, US import u.v.",Raw Materials,($/mt),2309.0,-0.09,3.31,3.82,95.84,-0.37
1978-10-01,1978,10,"Tobacco, US import u.v.",Raw Materials,($/mt),2305.0,-0.17,0.79,2.17,91.6,-0.38
1978-11-01,1978,11,"Tobacco, US import u.v.",Raw Materials,($/mt),2329.0,1.04,0.78,2.96,90.59,0.67
1978-12-01,1978,12,"Tobacco, US import u.v.",Raw Materials,($/mt),2346.0,0.73,1.6,3.39,87.98,0.37
1979-01-01,1979,1,"Tobacco, US import u.v.",Raw Materials,($/mt),2381.0,1.49,3.3,7.64,85.87,0.93
1979-02-01,1979,2,"Tobacco, US import u.v.",Raw Materials,($/mt),2364.0,-0.71,1.5,5.96,80.32,-1.34
1979-03-01,1979,3,"Tobacco, US import u.v.",Raw Materials,($/mt),2399.0,1.48,2.26,8.7,78.76,0.94
1979-04-01,1979,4,"Tobacco, US import u.v.",Raw Materials,($/mt),2351.0,-2.0,-1.26,5.33,67.81,-2.79
1979-05-01,1979,5,"Tobacco, US import u.v.",Raw Materials,($/mt),2362.0,0.47,-0.08,6.78,65.52,0.02
1979-06-01,1979,6,"Tobacco, US import u.v.",Raw Materials,($/mt),2342.0,-0.85,-2.38,4.79,55.93,-1.21
1979-07-01,1979,7,"Tobacco, US import u.v.",Raw Materials,($/mt),2335.0,-0.3,-0.68,2.1,52.61,-0.57
1979-08-01,1979,8,"Tobacco, US import u.v.",Raw Materials,($/mt),2340.0,0.21,-0.93,1.25,50.48,0.03
1979-09-01,1979,9,"Tobacco, US import u.v.",Raw Materials,($/mt),2340.0,0.0,-0.09,1.34,48.38,-0.11
1979-10-01,1979,10,"Tobacco, US import u.v.",Raw Materials,($/mt),2328.0,-0.51,-0.3,1.0,46.32,-0.62
1979-11-01,1979,11,"Tobacco, US import u.v.",Raw Materials,($/mt),2295.0,-1.42,-1.92,-1.46,41.23,-1.45
1979-12-01,1979,12,"Tobacco, US import u.v.",Raw Materials,($/mt),2295.0,0.0,-1.92,-2.17,39.6,0.11
1980-01-01,1980,1,"Tobacco, US import u.v.",Raw Materials,($/mt),2286.0,-0.39,-1.8,-3.99,36.23,-0.21
1980-02-01,1980,2,"Tobacco, US import u.v.",Raw Materials,($/mt),2300.0,0.61,0.22,-2.71,32.72,1.06
1980-03-01,1980,3,"Tobacco, US import u.v.",Raw Materials,($/mt),2292.0,-0.35,-0.13,-4.46,26.63,-0.13
1980-04-01,1980,4,"Tobacco, US import u.v.",Raw Materials,($/mt),2324.0,1.4,1.66,-1.15,26.03,2.34
1980-05-01,1980,5,"Tobacco, US import u.v.",Raw Materials,($/mt),2306.0,-0.77,0.26,-2.37,23.98,-0.93
1980-06-01,1980,6,"Tobacco, US import u.v.",Raw Materials,($/mt),2298.0,-0.35,0.26,-1.88,24.02,-0.21
1980-07-01,1980,7,"Tobacco, US import u.v.",Raw Materials,($/mt),2298.0,0.0,-1.12,-1.58,23.22,0.22
1980-08-01,1980,8,"Tobacco, US import u.v.",Raw Materials,($/mt),2263.0,-1.52,-1.86,-3.29,19.99,-1.98
1980-09-01,1980,9,"Tobacco, US import u.v.",Raw Materials,($/mt),2227.0,-1.59,-3.09,-4.83,18.46,-1.65
1980-10-01,1980,10,"Tobacco, US import u.v.",Raw Materials,($/mt),2224.0,-0.13,-3.22,-4.47,17.11,0.31
1980-11-01,1980,11,"Tobacco, US import u.v.",Raw Materials,($/mt),2258.0,1.53,-0.22,-1.61,19.22,2.17
1980-12-01,1980,12,"Tobacco, US import u.v.",Raw Materials,($/mt),2234.0,-1.06,0.31,-2.66,17.27,-0.96
1981-01-01,1981,1,"Tobacco, US import u.v.",Raw Materials,($/mt),2271.0,1.66,2.11,-0.66,14.81,1.87
1981-02-01,1981,2,"Tobacco, US import u.v.",Raw Materials,($/mt),2289.0,0.79,1.37,-0.48,11.55,0.74
1981-03-01,1981,3,"Tobacco, US import u.v.",Raw Materials,($/mt),2286.0,-0.13,2.33,-0.26,8.34,-0.08
1981-04-01,1981,4,"Tobacco, US import u.v.",Raw Materials,($/mt),2292.0,0.26,0.92,-1.38,8.78,0.24
1981-05-01,1981,5,"Tobacco, US import u.v.",Raw Materials,($/mt),2296.0,0.17,0.31,-0.43,5.61,0.27
1981-06-01,1981,6,"Tobacco, US import u.v.",Raw Materials,($/mt),2298.0,0.09,0.52,0.0,4.5,0.11
1981-07-01,1981,7,"Tobacco, US import u.v.",Raw Materials,($/mt),2283.0,-0.65,-0.39,-0.65,3.16,-0.63
1981-08-01,1981,8,"Tobacco, US import u.v.",Raw Materials,($/mt),2314.0,1.36,0.78,2.25,3.72,1.33
1981-09-01,1981,9,"Tobacco, US import u.v.",Raw Materials,($/mt),2309.0,-0.22,0.48,3.68,1.27,-0.4
1981-10-01,1981,10,"Tobacco, US import u.v.",Raw Materials,($/mt),2378.0,2.99,4.16,6.92,4.48,3.11
1981-11-01,1981,11,"Tobacco, US import u.v.",Raw Materials,($/mt),2405.0,1.14,3.93,6.51,4.88,0.5
1981-12-01,1981,12,"Tobacco, US import u.v.",Raw Materials,($/mt),2437.0,1.33,5.54,9.09,4.73,0.71
1982-01-01,1982,1,"Tobacco, US import u.v.",Raw Materials,($/mt),2471.0,1.4,3.91,8.81,6.37,0.65
1982-02-01,1982,2,"Tobacco, US import u.v.",Raw Materials,($/mt),2536.0,2.63,5.45,10.79,11.72,1.92
1982-03-01,1982,3,"Tobacco, US import u.v.",Raw Materials,($/mt),2566.0,1.18,5.29,12.25,14.5,0.28
1982-04-01,1982,4,"Tobacco, US import u.v.",Raw Materials,($/mt),2611.0,1.75,5.67,13.92,15.48,0.71
1982-05-01,1982,5,"Tobacco, US import u.v.",Raw Materials,($/mt),2653.0,1.61,4.61,15.55,17.13,0.47
1982-06-01,1982,6,"Tobacco, US import u.v.",Raw Materials,($/mt),2636.0,-0.64,2.73,14.71,17.31,-1.74
1982-07-01,1982,7,"Tobacco, US import u.v.",Raw Materials,($/mt),2597.0,-1.48,-0.54,13.75,16.88,-2.29
1982-08-01,1982,8,"Tobacco, US import u.v.",Raw Materials,($/mt),2555.0,-1.62,-3.69,10.41,15.77,-2.1
1982-09-01,1982,9,"Tobacco, US import u.v.",Raw Materials,($/mt),2586.0,1.21,-1.9,12.0,16.28,0.25
1982-10-01,1982,10,"Tobacco, US import u.v.",Raw Materials,($/mt),2516.0,-2.71,-3.12,5.8,11.52,-2.5
1982-11-01,1982,11,"Tobacco, US import u.v.",Raw Materials,($/mt),2485.0,-1.23,-2.74,3.33,9.86,-1.04
1982-12-01,1982,12,"Tobacco, US import u.v.",Raw Materials,($/mt),2556.0,2.86,-1.16,4.88,12.65,1.5
1983-01-01,1983,1,"Tobacco, US import u.v.",Raw Materials,($/mt),2572.0,0.63,2.23,4.09,16.27,0.11
1983-02-01,1983,2,"Tobacco, US import u.v.",Raw Materials,($/mt),2599.0,1.05,4.59,2.48,16.49,0.38
1983-03-01,1983,3,"Tobacco, US import u.v.",Raw Materials,($/mt),2602.0,0.12,1.8,1.4,17.9,-0.06
1983-04-01,1983,4,"Tobacco, US import u.v.",Raw Materials,($/mt),2620.0,0.69,1.87,0.34,17.38,0.34
1983-05-01,1983,5,"Tobacco, US import u.v.",Raw Materials,($/mt),2613.0,-0.27,0.54,-1.51,18.13,-0.19
1983-06-01,1983,6,"Tobacco, US import u.v.",Raw Materials,($/mt),2638.0,0.96,1.38,0.08,18.03,0.7
1983-07-01,1983,7,"Tobacco, US import u.v.",Raw Materials,($/mt),2668.0,1.14,1.83,2.73,16.66,0.72
1983-08-01,1983,8,"Tobacco, US import u.v.",Raw Materials,($/mt),2693.0,0.94,3.06,5.4,16.53,0.47
1983-09-01,1983,9,"Tobacco, US import u.v.",Raw Materials,($/mt),2678.0,-0.56,1.52,3.56,15.98,-0.72
1983-10-01,1983,10,"Tobacco, US import u.v.",Raw Materials,($/mt),2741.0,2.35,2.74,8.94,18.92,1.47
1983-11-01,1983,11,"Tobacco, US import u.v.",Raw Materials,($/mt),2746.0,0.18,1.97,10.5,17.9,-0.47
1983-12-01,1983,12,"Tobacco, US import u.v.",Raw Materials,($/mt),2709.0,-1.35,1.16,5.99,15.47,-2.22
1984-01-01,1984,1,"Tobacco, US import u.v.",Raw Materials,($/mt),2676.0,-1.22,-2.37,4.04,12.39,-1.8
1984-02-01,1984,2,"Tobacco, US import u.v.",Raw Materials,($/mt),2630.0,-1.72,-4.22,1.19,11.25,-1.92
1984-03-01,1984,3,"Tobacco, US import u.v.",Raw Materials,($/mt),2633.0,0.11,-2.81,1.19,9.75,0.01
1984-04-01,1984,4,"Tobacco, US import u.v.",Raw Materials,($/mt),2628.0,-0.19,-1.79,0.31,11.78,-0.25
1984-05-01,1984,5,"Tobacco, US import u.v.",Raw Materials,($/mt),2687.0,2.25,2.17,2.83,13.76,1.87
1984-06-01,1984,6,"Tobacco, US import u.v.",Raw Materials,($/mt),2760.0,2.72,4.82,4.62,17.85,1.85
1984-07-01,1984,7,"Tobacco, US import u.v.",Raw Materials,($/mt),2840.0,2.9,8.07,6.45,21.63,1.67
1984-08-01,1984,8,"Tobacco, US import u.v.",Raw Materials,($/mt),2908.0,2.39,8.22,7.98,24.27,1.12
1984-09-01,1984,9,"Tobacco, US import u.v.",Raw Materials,($/mt),2954.0,1.58,7.03,10.31,26.24,0.53
1984-10-01,1984,10,"Tobacco, US import u.v.",Raw Materials,($/mt),2932.0,-0.74,3.24,6.97,25.95,-0.92
1984-11-01,1984,11,"Tobacco, US import u.v.",Raw Materials,($/mt),2933.0,0.03,0.86,6.81,27.8,-0.32
1984-12-01,1984,12,"Tobacco, US import u.v.",Raw Materials,($/mt),2855.0,-2.66,-3.35,5.39,24.4,-1.89
1985-01-01,1985,1,"Tobacco, US import u.v.",Raw Materials,($/mt),2797.0,-2.03,-4.6,4.52,22.35,-1.33
1985-02-01,1985,2,"Tobacco, US import u.v.",Raw Materials,($/mt),2730.0,-2.4,-6.92,3.8,18.7,-1.42
1985-03-01,1985,3,"Tobacco, US import u.v.",Raw Materials,($/mt),2690.0,-1.47,-5.78,2.16,17.36,-0.88
1985-04-01,1985,4,"Tobacco, US import u.v.",Raw Materials,($/mt),2675.0,-0.56,-4.36,1.79,15.1,-0.36
1985-05-01,1985,5,"Tobacco, US import u.v.",Raw Materials,($/mt),2635.0,-1.5,-3.48,-1.94,14.27,-0.79
1985-06-01,1985,6,"Tobacco, US import u.v.",Raw Materials,($/mt),2611.0,-0.91,-2.94,-5.4,13.62,-0.38
1985-07-01,1985,7,"Tobacco, US import u.v.",Raw Materials,($/mt),2583.0,-1.07,-3.44,-9.05,12.4,-0.34
1985-08-01,1985,8,"Tobacco, US import u.v.",Raw Materials,($/mt),2569.0,-0.54,-2.5,-11.66,13.52,0.16
1985-09-01,1985,9,"Tobacco, US import u.v.",Raw Materials,($/mt),2533.0,-1.4,-2.99,-14.25,13.74,-0.33
1985-10-01,1985,10,"Tobacco, US import u.v.",Raw Materials,($/mt),2503.0,-1.18,-3.1,-14.63,12.54,0.11
1985-11-01,1985,11,"Tobacco, US import u.v.",Raw Materials,($/mt),2466.0,-1.48,-4.01,-15.92,9.21,-0.22
1985-12-01,1985,12,"Tobacco, US import u.v.",Raw Materials,($/mt),2551.0,3.45,0.71,-10.65,14.19,7.37
1986-01-01,1986,1,"Tobacco, US import u.v.",Raw Materials,($/mt),2646.0,3.72,5.71,-5.4,16.51,3.15
1986-02-01,1986,2,"Tobacco, US import u.v.",Raw Materials,($/mt),2681.0,1.32,8.72,-1.79,17.13,0.91
1986-03-01,1986,3,"Tobacco, US import u.v.",Raw Materials,($/mt),2695.0,0.52,5.64,0.19,17.89,0.35
1986-04-01,1986,4,"Tobacco, US import u.v.",Raw Materials,($/mt),2656.0,-1.45,0.38,-0.71,15.88,-0.79
1986-05-01,1986,5,"Tobacco, US import u.v.",Raw Materials,($/mt),2639.0,-0.64,-1.57,0.15,14.94,-0.31
1986-06-01,1986,6,"Tobacco, US import u.v.",Raw Materials,($/mt),2605.0,-1.29,-3.34,-0.23,13.36,-0.71
1986-07-01,1986,7,"Tobacco, US import u.v.",Raw Materials,($/mt),2599.0,-0.23,-2.15,0.62,13.84,-0.12
1986-08-01,1986,8,"Tobacco, US import u.v.",Raw Materials,($/mt),2569.0,-1.15,-2.65,0.0,11.02,-0.66
1986-09-01,1986,9,"Tobacco, US import u.v.",Raw Materials,($/mt),2607.0,1.48,0.08,2.92,12.91,0.78
1986-10-01,1986,10,"Tobacco, US import u.v.",Raw Materials,($/mt),2654.0,1.8,2.12,6.03,11.61,0.83
1986-11-01,1986,11,"Tobacco, US import u.v.",Raw Materials,($/mt),2753.0,3.73,7.16,11.64,14.47,1.74
1986-12-01,1986,12,"Tobacco, US import u.v.",Raw Materials,($/mt),2806.0,1.93,7.63,10.0,15.14,0.5
1987-01-01,1987,1,"Tobacco, US import u.v.",Raw Materials,($/mt),2778.0,-1.0,4.67,4.99,12.42,-0.99
1987-02-01,1987,2,"Tobacco, US import u.v.",Raw Materials,($/mt),2769.0,-0.32,0.58,3.28,9.19,-0.45
1987-03-01,1987,3,"Tobacco, US import u.v.",Raw Materials,($/mt),2776.0,0.25,-1.07,3.01,8.18,-0.02
1987-04-01,1987,4,"Tobacco, US import u.v.",Raw Materials,($/mt),2797.0,0.76,0.68,5.31,7.12,0.31
1987-05-01,1987,5,"Tobacco, US import u.v.",Raw Materials,($/mt),2737.0,-2.15,-1.16,3.71,3.17,-1.69
1987-06-01,1987,6,"Tobacco, US import u.v.",Raw Materials,($/mt),2767.0,1.1,-0.32,6.22,4.97,0.46
1987-07-01,1987,7,"Tobacco, US import u.v.",Raw Materials,($/mt),2744.0,-0.83,-1.89,5.58,5.66,-0.83
1987-08-01,1987,8,"Tobacco, US import u.v.",Raw Materials,($/mt),2765.0,0.77,1.02,7.63,8.22,0.18
1987-09-01,1987,9,"Tobacco, US import u.v.",Raw Materials,($/mt),2744.0,-0.76,-0.83,5.26,6.11,-0.88
1987-10-01,1987,10,"Tobacco, US import u.v.",Raw Materials,($/mt),2727.0,-0.62,-0.62,2.75,8.39,-0.66
1987-11-01,1987,11,"Tobacco, US import u.v.",Raw Materials,($/mt),2712.0,-0.55,-1.92,-1.49,9.13,-0.51
1987-12-01,1987,12,"Tobacco, US import u.v.",Raw Materials,($/mt),2631.0,-2.99,-4.12,-6.24,2.93,-2.58
1988-01-01,1988,1,"Tobacco, US import u.v.",Raw Materials,($/mt),2609.0,-0.84,-4.33,-6.08,1.44,-0.26
1988-02-01,1988,2,"Tobacco, US import u.v.",Raw Materials,($/mt),2536.0,-2.8,-6.49,-8.41,-2.42,-1.92
1988-03-01,1988,3,"Tobacco, US import u.v.",Raw Materials,($/mt),2453.0,-3.27,-6.77,-11.64,-5.73,-1.88
1988-04-01,1988,4,"Tobacco, US import u.v.",Raw Materials,($/mt),2360.0,-3.79,-9.54,-15.62,-9.92,-1.85
1988-05-01,1988,5,"Tobacco, US import u.v.",Raw Materials,($/mt),2380.0,0.85,-6.15,-13.04,-8.92,1.42
1988-06-01,1988,6,"Tobacco, US import u.v.",Raw Materials,($/mt),2340.0,-1.68,-4.61,-15.43,-11.3,-0.32
1988-07-01,1988,7,"Tobacco, US import u.v.",Raw Materials,($/mt),2374.0,1.45,0.59,-13.48,-11.02,1.84
1988-08-01,1988,8,"Tobacco, US import u.v.",Raw Materials,($/mt),2410.0,1.52,1.26,-12.84,-10.51,1.56
1988-09-01,1988,9,"Tobacco, US import u.v.",Raw Materials,($/mt),2438.0,1.16,4.19,-11.15,-8.96,1.25
1988-10-01,1988,10,"Tobacco, US import u.v.",Raw Materials,($/mt),2510.0,2.95,5.73,-7.96,-8.43,2.02
1988-11-01,1988,11,"Tobacco, US import u.v.",Raw Materials,($/mt),2563.0,2.11,6.35,-5.49,-6.66,1.24
1988-12-01,1988,12,"Tobacco, US import u.v.",Raw Materials,($/mt),2642.0,3.08,8.37,0.42,-2.47,1.48
1989-01-01,1989,1,"Tobacco, US import u.v.",Raw Materials,($/mt),2724.0,3.1,8.53,4.41,1.79,1.25
1989-02-01,1989,2,"Tobacco, US import u.v.",Raw Materials,($/mt),2871.0,5.4,12.02,13.21,9.16,1.95
1989-03-01,1989,3,"Tobacco, US import u.v.",Raw Materials,($/mt),3033.0,5.64,14.8,23.64,15.19,1.67
1989-04-01,1989,4,"Tobacco, US import u.v.",Raw Materials,($/mt),3162.0,4.25,16.08,33.98,20.32,0.92
1989-05-01,1989,5,"Tobacco, US import u.v.",Raw Materials,($/mt),3182.0,0.63,10.83,33.7,18.42,-0.9
1989-06-01,1989,6,"Tobacco, US import u.v.",Raw Materials,($/mt),3238.0,1.76,6.76,38.38,17.32,-0.34
1989-07-01,1989,7,"Tobacco, US import u.v.",Raw Materials,($/mt),3257.0,0.59,3.0,37.19,14.68,-1.32
1989-08-01,1989,8,"Tobacco, US import u.v.",Raw Materials,($/mt),3229.0,-0.86,1.48,33.98,11.04,-2.06
1989-09-01,1989,9,"Tobacco, US import u.v.",Raw Materials,($/mt),3305.0,2.35,2.07,35.56,11.88,-0.07
1989-10-01,1989,10,"Tobacco, US import u.v.",Raw Materials,($/mt),3340.0,1.06,2.55,33.07,13.92,-0.79
1989-11-01,1989,11,"Tobacco, US import u.v.",Raw Materials,($/mt),3334.0,-0.18,3.25,30.08,13.67,-1.32
1989-12-01,1989,12,"Tobacco, US import u.v.",Raw Materials,($/mt),3338.0,0.12,1.0,26.34,16.92,-1.0
1990-01-01,1990,1,"Tobacco, US import u.v.",Raw Materials,($/mt),3343.0,0.15,0.09,22.72,19.52,-0.84
1990-02-01,1990,2,"Tobacco, US import u.v.",Raw Materials,($/mt),3385.0,1.26,1.53,17.9,23.99,-0.22
1990-03-01,1990,3,"Tobacco, US import u.v.",Raw Materials,($/mt),3361.0,-0.71,0.69,10.81,24.94,-1.11
1990-04-01,1990,4,"Tobacco, US import u.v.",Raw Materials,($/mt),3354.0,-0.21,0.33,6.07,25.38,-0.75
1990-05-01,1990,5,"Tobacco, US import u.v.",Raw Materials,($/mt),3407.0,1.58,0.65,7.07,29.3,1.11
1990-06-01,1990,6,"Tobacco, US import u.v.",Raw Materials,($/mt),3420.0,0.38,1.76,5.62,30.98,-0.19
1990-07-01,1990,7,"Tobacco, US import u.v.",Raw Materials,($/mt),3446.0,0.76,2.74,5.8,33.41,0.31
1990-08-01,1990,8,"Tobacco, US import u.v.",Raw Materials,($/mt),3484.0,1.1,2.26,7.9,35.62,0.65
1990-09-01,1990,9,"Tobacco, US import u.v.",Raw Materials,($/mt),3430.0,-1.55,0.29,3.78,35.41,-2.51
1990-10-01,1990,10,"Tobacco, US import u.v.",Raw Materials,($/mt),3287.0,-4.17,-4.61,-1.59,31.32,-4.96
1990-11-01,1990,11,"Tobacco, US import u.v.",Raw Materials,($/mt),3400.0,3.44,-2.41,1.98,37.88,2.31
1990-12-01,1990,12,"Tobacco, US import u.v.",Raw Materials,($/mt),3388.0,-0.35,-1.22,1.5,32.81,-0.29
1991-01-01,1991,1,"Tobacco, US import u.v.",Raw Materials,($/mt),3430.0,1.24,4.35,2.6,29.63,0.59
1991-02-01,1991,2,"Tobacco, US import u.v.",Raw Materials,($/mt),3375.0,-1.6,-0.74,-0.3,25.89,-0.97
1991-03-01,1991,3,"Tobacco, US import u.v.",Raw Materials,($/mt),3400.0,0.74,0.35,1.16,26.16,0.39
1991-04-01,1991,4,"Tobacco, US import u.v.",Raw Materials,($/mt),3397.0,-0.09,-0.96,1.28,27.9,-0.1
1991-05-01,1991,5,"Tobacco, US import u.v.",Raw Materials,($/mt),3439.0,1.24,1.9,0.94,30.31,0.58
1991-06-01,1991,6,"Tobacco, US import u.v.",Raw Materials,($/mt),3466.0,0.79,1.94,1.35,33.05,0.36
1991-07-01,1991,7,"Tobacco, US import u.v.",Raw Materials,($/mt),3490.0,0.69,2.74,1.28,34.28,0.3
1991-08-01,1991,8,"Tobacco, US import u.v.",Raw Materials,($/mt),3531.0,1.17,2.68,1.35,37.45,0.55
1991-09-01,1991,9,"Tobacco, US import u.v.",Raw Materials,($/mt),3541.0,0.28,2.16,3.24,35.83,0.08
1991-10-01,1991,10,"Tobacco, US import u.v.",Raw Materials,($/mt),3681.0,3.95,5.47,11.99,38.7,2.0
1991-11-01,1991,11,"Tobacco, US import u.v.",Raw Materials,($/mt),3585.0,-2.61,1.53,5.44,30.22,-2.35
1991-12-01,1991,12,"Tobacco, US import u.v.",Raw Materials,($/mt),3665.0,2.23,3.5,8.18,30.61,1.1
1992-01-01,1992,1,"Tobacco, US import u.v.",Raw Materials,($/mt),3633.0,-0.87,-1.3,5.92,30.78,-0.92
1992-02-01,1992,2,"Tobacco, US import u.v.",Raw Materials,($/mt),3635.0,0.06,1.39,7.7,31.27,-0.26
1992-03-01,1992,3,"Tobacco, US import u.v.",Raw Materials,($/mt),3612.0,-0.63,-1.45,6.24,30.12,-0.79
1992-04-01,1992,4,"Tobacco, US import u.v.",Raw Materials,($/mt),3631.0,0.53,-0.06,6.89,29.82,0.01
1992-05-01,1992,5,"Tobacco, US import u.v.",Raw Materials,($/mt),3598.0,-0.91,-1.02,4.62,31.46,-0.91
1992-06-01,1992,6,"Tobacco, US import u.v.",Raw Materials,($/mt),3566.0,-0.89,-1.27,2.89,28.88,-0.77
1992-07-01,1992,7,"Tobacco, US import u.v.",Raw Materials,($/mt),3513.0,-1.49,-3.25,0.66,28.02,-1.02
1992-08-01,1992,8,"Tobacco, US import u.v.",Raw Materials,($/mt),3427.0,-2.45,-4.75,-2.95,23.94,-1.43
1992-09-01,1992,9,"Tobacco, US import u.v.",Raw Materials,($/mt),3368.0,-1.72,-5.55,-4.89,22.74,-0.8
1992-10-01,1992,10,"Tobacco, US import u.v.",Raw Materials,($/mt),3245.0,-3.65,-7.63,-11.84,19.0,-1.71
1992-11-01,1992,11,"Tobacco, US import u.v.",Raw Materials,($/mt),3098.0,-4.53,-9.6,-13.58,14.23,-2.25
1992-12-01,1992,12,"Tobacco, US import u.v.",Raw Materials,($/mt),2951.0,-4.74,-12.38,-19.48,12.16,-1.96
1993-01-01,1993,1,"Tobacco, US import u.v.",Raw Materials,($/mt),2861.0,-3.05,-11.83,-21.25,9.66,-0.74
1993-02-01,1993,2,"Tobacco, US import u.v.",Raw Materials,($/mt),2847.0,-0.49,-8.1,-21.68,12.26,0.84
1993-03-01,1993,3,"Tobacco, US import u.v.",Raw Materials,($/mt),2805.0,-1.48,-4.95,-22.34,14.35,0.31
1993-04-01,1993,4,"Tobacco, US import u.v.",Raw Materials,($/mt),2775.0,-1.07,-3.01,-23.57,17.58,0.61
1993-05-01,1993,5,"Tobacco, US import u.v.",Raw Materials,($/mt),2695.0,-2.88,-5.34,-25.1,13.24,-0.46
1993-06-01,1993,6,"Tobacco, US import u.v.",Raw Materials,($/mt),2665.0,-1.11,-4.99,-25.27,13.89,0.89
1993-07-01,1993,7,"Tobacco, US import u.v.",Raw Materials,($/mt),2648.0,-0.64,-4.58,-24.62,11.54,1.25
1993-08-01,1993,8,"Tobacco, US import u.v.",Raw Materials,($/mt),2626.0,-0.83,-2.56,-23.37,8.96,1.01
1993-09-01,1993,9,"Tobacco, US import u.v.",Raw Materials,($/mt),2606.0,-0.76,-2.21,-22.62,6.89,0.93
1993-10-01,1993,10,"Tobacco, US import u.v.",Raw Materials,($/mt),2592.0,-0.54,-2.11,-20.12,3.27,0.99
1993-11-01,1993,11,"Tobacco, US import u.v.",Raw Materials,($/mt),2629.0,1.43,0.11,-15.14,2.58,2.1
1993-12-01,1993,12,"Tobacco, US import u.v.",Raw Materials,($/mt),2595.0,-1.29,-0.42,-12.06,-1.78,0.03
1994-01-01,1994,1,"Tobacco, US import u.v.",Raw Materials,($/mt),2634.0,1.5,1.62,-7.93,-3.3,2.22
1994-02-01,1994,2,"Tobacco, US import u.v.",Raw Materials,($/mt),2554.0,-3.04,-2.85,-10.29,-11.04,-1.99
1994-03-01,1994,3,"Tobacco, US import u.v.",Raw Materials,($/mt),2595.0,1.61,0.0,-7.49,-14.44,1.83
1994-04-01,1994,4,"Tobacco, US import u.v.",Raw Materials,($/mt),2652.0,2.2,0.68,-4.43,-16.13,1.86
1994-05-01,1994,5,"Tobacco, US import u.v.",Raw Materials,($/mt),2674.0,0.83,4.7,-0.78,-15.96,0.69
1994-06-01,1994,6,"Tobacco, US import u.v.",Raw Materials,($/mt),2641.0,-1.23,1.77,-0.9,-18.44,-0.76
1994-07-01,1994,7,"Tobacco, US import u.v.",Raw Materials,($/mt),2632.0,-0.34,-0.75,-0.6,-19.19,-0.18
1994-08-01,1994,8,"Tobacco, US import u.v.",Raw Materials,($/mt),2608.0,-0.91,-2.47,-0.69,-19.23,-0.56
1994-09-01,1994,9,"Tobacco, US import u.v.",Raw Materials,($/mt),2635.0,1.04,-0.23,1.11,-20.27,0.7
1994-10-01,1994,10,"Tobacco, US import u.v.",Raw Materials,($/mt),2700.0,2.47,2.58,4.17,-19.16,1.51
1994-11-01,1994,11,"Tobacco, US import u.v.",Raw Materials,($/mt),2694.0,-0.22,3.3,2.47,-19.2,-0.34
1994-12-01,1994,12,"Tobacco, US import u.v.",Raw Materials,($/mt),2681.0,-0.48,1.75,3.31,-19.68,-0.42
1995-01-01,1995,1,"Tobacco, US import u.v.",Raw Materials,($/mt),2595.0,-3.21,-3.89,-1.48,-22.38,-2.17
1995-02-01,1995,2,"Tobacco, US import u.v.",Raw Materials,($/mt),2673.0,3.01,-0.78,4.66,-21.03,1.69
1995-03-01,1995,3,"Tobacco, US import u.v.",Raw Materials,($/mt),2587.0,-3.22,-3.51,-0.31,-23.03,-2.01
1995-04-01,1995,4,"Tobacco, US import u.v.",Raw Materials,($/mt),2501.0,-3.32,-3.62,-5.69,-25.43,-1.64
1995-05-01,1995,5,"Tobacco, US import u.v.",Raw Materials,($/mt),2519.0,0.72,-5.76,-5.8,-26.06,0.56
1995-06-01,1995,6,"Tobacco, US import u.v.",Raw Materials,($/mt),2587.0,2.7,0.0,-2.04,-24.36,1.51
1995-07-01,1995,7,"Tobacco, US import u.v.",Raw Materials,($/mt),2643.0,2.16,5.68,0.42,-23.3,1.02
1995-08-01,1995,8,"Tobacco, US import u.v.",Raw Materials,($/mt),2692.0,1.85,6.87,3.22,-22.73,0.76
1995-09-01,1995,9,"Tobacco, US import u.v.",Raw Materials,($/mt),2689.0,-0.11,3.94,2.05,-21.6,-0.17
1995-10-01,1995,10,"Tobacco, US import u.v.",Raw Materials,($/mt),2689.0,0.0,1.74,-0.41,-18.19,-0.08
1995-11-01,1995,11,"Tobacco, US import u.v.",Raw Materials,($/mt),2745.0,2.08,1.97,1.89,-19.26,0.92
1995-12-01,1995,12,"Tobacco, US import u.v.",Raw Materials,($/mt),2801.0,2.04,4.17,4.48,-17.33,0.79
1996-01-01,1996,1,"Tobacco, US import u.v.",Raw Materials,($/mt),2870.0,2.46,6.73,10.6,-16.33,0.86
1996-02-01,1996,2,"Tobacco, US import u.v.",Raw Materials,($/mt),2891.0,0.73,5.32,8.16,-14.34,-0.06
1996-03-01,1996,3,"Tobacco, US import u.v.",Raw Materials,($/mt),2965.0,2.56,5.86,14.61,-12.79,0.91
1996-04-01,1996,4,"Tobacco, US import u.v.",Raw Materials,($/mt),2981.0,0.54,3.87,19.19,-12.25,-0.36
1996-05-01,1996,5,"Tobacco, US import u.v.",Raw Materials,($/mt),2988.0,0.23,3.36,18.62,-13.11,-1.21
1996-06-01,1996,6,"Tobacco, US import u.v.",Raw Materials,($/mt),2996.0,0.27,1.05,15.81,-13.56,-1.09
1996-07-01,1996,7,"Tobacco, US import u.v.",Raw Materials,($/mt),3050.0,1.8,2.31,15.4,-12.61,0.55
1996-08-01,1996,8,"Tobacco, US import u.v.",Raw Materials,($/mt),3141.0,2.98,5.12,16.68,-11.05,1.75
1996-09-01,1996,9,"Tobacco, US import u.v.",Raw Materials,($/mt),3150.0,0.29,5.14,17.14,-11.04,-0.9
1996-10-01,1996,10,"Tobacco, US import u.v.",Raw Materials,($/mt),3158.0,0.25,3.54,17.44,-14.21,-0.99
1996-11-01,1996,11,"Tobacco, US import u.v.",Raw Materials,($/mt),3213.0,1.74,2.29,17.05,-10.38,0.37
1996-12-01,1996,12,"Tobacco, US import u.v.",Raw Materials,($/mt),3262.0,1.53,3.56,16.46,-11.0,0.19
1997-01-01,1997,1,"Tobacco, US import u.v.",Raw Materials,($/mt),3334.0,2.21,5.57,16.17,-8.23,0.9
1997-02-01,1997,2,"Tobacco, US import u.v.",Raw Materials,($/mt),3353.0,0.57,4.36,15.98,-7.76,-0.69
1997-03-01,1997,3,"Tobacco, US import u.v.",Raw Materials,($/mt),3402.0,1.46,4.29,14.74,-5.81,0.21
1997-04-01,1997,4,"Tobacco, US import u.v.",Raw Materials,($/mt),3452.0,1.47,3.54,15.8,-4.93,0.34
1997-05-01,1997,5,"Tobacco, US import u.v.",Raw Materials,($/mt),3557.0,3.04,6.08,19.04,-1.14,2.0
1997-06-01,1997,6,"Tobacco, US import u.v.",Raw Materials,($/mt),3605.0,1.35,5.97,20.33,1.09,-0.12
1997-07-01,1997,7,"Tobacco, US import u.v.",Raw Materials,($/mt),3582.0,-0.64,3.77,17.44,1.96,-2.41
1997-08-01,1997,8,"Tobacco, US import u.v.",Raw Materials,($/mt),3576.0,-0.17,0.53,13.85,4.35,-1.38
1997-09-01,1997,9,"Tobacco, US import u.v.",Raw Materials,($/mt),3635.0,1.65,0.83,15.4,7.93,0.53
1997-10-01,1997,10,"Tobacco, US import u.v.",Raw Materials,($/mt),3622.0,-0.36,1.12,14.69,11.62,-1.51
1997-11-01,1997,11,"Tobacco, US import u.v.",Raw Materials,($/mt),3629.0,0.19,1.48,12.95,17.14,-0.88
1997-12-01,1997,12,"Tobacco, US import u.v.",Raw Materials,($/mt),3632.0,0.08,-0.08,11.34,23.08,-0.85
1998-01-01,1998,1,"Tobacco, US import u.v.",Raw Materials,($/mt),3583.0,-1.35,-1.08,7.47,25.24,-1.99
1998-02-01,1998,2,"Tobacco, US import u.v.",Raw Materials,($/mt),3498.0,-2.37,-3.61,4.32,22.87,-2.44
1998-03-01,1998,3,"Tobacco, US import u.v.",Raw Materials,($/mt),3452.0,-1.32,-4.96,1.47,23.07,-1.12
1998-04-01,1998,4,"Tobacco, US import u.v.",Raw Materials,($/mt),3493.0,1.19,-2.51,1.19,25.87,0.69
1998-05-01,1998,5,"Tobacco, US import u.v.",Raw Materials,($/mt),3391.0,-2.92,-3.06,-4.67,25.83,-2.02
1998-06-01,1998,6,"Tobacco, US import u.v.",Raw Materials,($/mt),3330.0,-1.8,-3.53,-7.63,24.95,-0.99
1998-07-01,1998,7,"Tobacco, US import u.v.",Raw Materials,($/mt),3283.0,-1.41,-6.01,-8.35,23.98,-0.56
1998-08-01,1998,8,"Tobacco, US import u.v.",Raw Materials,($/mt),3238.0,-1.37,-4.51,-9.45,23.31,-0.47
1998-09-01,1998,9,"Tobacco, US import u.v.",Raw Materials,($/mt),3209.0,-0.9,-3.63,-11.72,23.14,-0.06
1998-10-01,1998,10,"Tobacco, US import u.v.",Raw Materials,($/mt),3269.0,1.87,-0.43,-9.75,26.12,2.52
1998-11-01,1998,11,"Tobacco, US import u.v.",Raw Materials,($/mt),3183.0,-2.63,-1.7,-12.29,21.07,-1.26
1998-12-01,1998,12,"Tobacco, US import u.v.",Raw Materials,($/mt),3104.0,-2.48,-3.27,-14.54,19.61,-0.96
1999-01-01,1999,1,"Tobacco, US import u.v.",Raw Materials,($/mt),3111.0,0.23,-4.83,-13.17,18.11,1.03
1999-02-01,1999,2,"Tobacco, US import u.v.",Raw Materials,($/mt),3173.0,1.99,-0.31,-9.29,24.24,2.06
1999-03-01,1999,3,"Tobacco, US import u.v.",Raw Materials,($/mt),3059.0,-3.59,-1.45,-11.38,17.88,-1.63
1999-04-01,1999,4,"Tobacco, US import u.v.",Raw Materials,($/mt),3006.0,-1.73,-3.38,-13.94,13.35,-0.39
1999-05-01,1999,5,"Tobacco, US import u.v.",Raw Materials,($/mt),3042.0,1.2,-4.13,-10.29,13.76,1.36
1999-06-01,1999,6,"Tobacco, US import u.v.",Raw Materials,($/mt),3042.0,0.0,-0.56,-8.65,15.18,0.49
1999-07-01,1999,7,"Tobacco, US import u.v.",Raw Materials,($/mt),3044.0,0.07,1.26,-7.28,15.65,0.44
1999-08-01,1999,8,"Tobacco, US import u.v.",Raw Materials,($/mt),3008.0,-1.18,-1.12,-7.1,15.34,-0.31
1999-09-01,1999,9,"Tobacco, US import u.v.",Raw Materials,($/mt),3034.0,0.86,-0.26,-5.45,15.14,0.81
1999-10-01,1999,10,"Tobacco, US import u.v.",Raw Materials,($/mt),2930.0,-3.43,-3.75,-10.37,8.52,-1.61
1999-11-01,1999,11,"Tobacco, US import u.v.",Raw Materials,($/mt),2962.0,1.09,-1.53,-6.94,9.95,1.06
1999-12-01,1999,12,"Tobacco, US import u.v.",Raw Materials,($/mt),3084.0,4.12,1.65,-0.64,15.03,2.51
2000-01-01,2000,1,"Tobacco, US import u.v.",Raw Materials,($/mt),3039.0,-1.46,3.72,-2.31,17.11,-0.65
2000-02-01,2000,2,"Tobacco, US import u.v.",Raw Materials,($/mt),2985.0,-1.78,0.78,-5.92,11.67,-0.72
2000-03-01,2000,3,"Tobacco, US import u.v.",Raw Materials,($/mt),3030.0,1.51,-1.75,-0.95,17.12,0.92
2000-04-01,2000,4,"Tobacco, US import u.v.",Raw Materials,($/mt),3048.0,0.59,0.3,1.4,21.87,0.33
2000-05-01,2000,5,"Tobacco, US import u.v.",Raw Materials,($/mt),2985.0,-2.07,0.0,-1.87,18.5,-1.14
2000-06-01,2000,6,"Tobacco, US import u.v.",Raw Materials,($/mt),2970.0,-0.5,-1.98,-2.37,14.8,-0.18
2000-07-01,2000,7,"Tobacco, US import u.v.",Raw Materials,($/mt),2935.0,-1.18,-3.71,-3.58,11.05,-0.5
2000-08-01,2000,8,"Tobacco, US import u.v.",Raw Materials,($/mt),2970.0,1.19,-0.5,-1.26,10.33,0.73
2000-09-01,2000,9,"Tobacco, US import u.v.",Raw Materials,($/mt),2938.0,-1.08,-1.08,-3.16,9.26,-0.49
2000-10-01,2000,10,"Tobacco, US import u.v.",Raw Materials,($/mt),2971.0,1.12,1.23,1.4,10.49,0.67
2000-11-01,2000,11,"Tobacco, US import u.v.",Raw Materials,($/mt),2949.0,-0.74,-0.71,-0.44,7.43,-0.48
2000-12-01,2000,12,"Tobacco, US import u.v.",Raw Materials,($/mt),2894.0,-1.87,-1.5,-6.16,3.32,-1.03
2001-01-01,2001,1,"Tobacco, US import u.v.",Raw Materials,($/mt),2910.0,0.55,-2.05,-4.24,1.39,0.83
2001-02-01,2001,2,"Tobacco, US import u.v.",Raw Materials,($/mt),2975.0,2.23,0.88,-0.34,2.91,2.0
2001-03-01,2001,3,"Tobacco, US import u.v.",Raw Materials,($/mt),3033.0,1.95,4.8,0.1,2.29,1.4
2001-04-01,2001,4,"Tobacco, US import u.v.",Raw Materials,($/mt),3033.0,0.0,4.23,-0.49,1.74,-0.01
2001-05-01,2001,5,"Tobacco, US import u.v.",Raw Materials,($/mt),3061.0,0.92,2.89,2.55,2.44,0.66
2001-06-01,2001,6,"Tobacco, US import u.v.",Raw Materials,($/mt),3050.0,-0.36,0.56,2.69,1.8,-0.44
2001-07-01,2001,7,"Tobacco, US import u.v.",Raw Materials,($/mt),3065.0,0.49,1.06,4.43,0.49,0.2
2001-08-01,2001,8,"Tobacco, US import u.v.",Raw Materials,($/mt),3048.0,-0.55,-0.42,2.63,-2.96,-0.75
2001-09-01,2001,9,"Tobacco, US import u.v.",Raw Materials,($/mt),3050.0,0.07,0.0,3.81,-3.17,-0.13
2001-10-01,2001,10,"Tobacco, US import u.v.",Raw Materials,($/mt),2992.0,-1.9,-2.38,0.71,-5.26,-1.92
2001-11-01,2001,11,"Tobacco, US import u.v.",Raw Materials,($/mt),2965.0,-0.9,-2.72,0.54,-7.72,-0.75
2001-12-01,2001,12,"Tobacco, US import u.v.",Raw Materials,($/mt),2873.0,-3.1,-5.8,-0.73,-11.93,-2.43
2002-01-01,2002,1,"Tobacco, US import u.v.",Raw Materials,($/mt),2841.0,-1.11,-5.05,-2.37,-14.79,-0.71
2002-02-01,2002,2,"Tobacco, US import u.v.",Raw Materials,($/mt),2786.0,-1.94,-6.04,-6.35,-16.91,-1.15
2002-03-01,2002,3,"Tobacco, US import u.v.",Raw Materials,($/mt),2756.0,-1.08,-4.07,-9.13,-18.99,-0.39
2002-04-01,2002,4,"Tobacco, US import u.v.",Raw Materials,($/mt),2734.0,-0.8,-3.77,-9.86,-20.8,-0.01
2002-05-01,2002,5,"Tobacco, US import u.v.",Raw Materials,($/mt),2766.0,1.17,-0.72,-9.64,-22.24,1.82
2002-06-01,2002,6,"Tobacco, US import u.v.",Raw Materials,($/mt),2775.0,0.33,0.69,-9.02,-23.02,1.01
2002-07-01,2002,7,"Tobacco, US import u.v.",Raw Materials,($/mt),2771.0,-0.14,1.35,-9.59,-22.64,0.53
2002-08-01,2002,8,"Tobacco, US import u.v.",Raw Materials,($/mt),2722.0,-1.77,-1.59,-10.7,-23.88,-0.82
2002-09-01,2002,9,"Tobacco, US import u.v.",Raw Materials,($/mt),2671.0,-1.87,-3.75,-12.43,-26.52,-0.81
2002-10-01,2002,10,"Tobacco, US import u.v.",Raw Materials,($/mt),2688.0,0.64,-3.0,-10.16,-25.79,1.5
2002-11-01,2002,11,"Tobacco, US import u.v.",Raw Materials,($/mt),2706.0,0.67,-0.59,-8.74,-25.43,1.27
2002-12-01,2002,12,"Tobacco, US import u.v.",Raw Materials,($/mt),2718.0,0.44,1.76,-5.4,-25.17,0.92
2003-01-01,2003,1,"Tobacco, US import u.v.",Raw Materials,($/mt),2656.0,-2.28,-1.19,-6.51,-25.87,-1.65
2003-02-01,2003,2,"Tobacco, US import u.v.",Raw Materials,($/mt),2651.0,-0.19,-2.03,-4.85,-24.21,0.3
2003-03-01,2003,3,"Tobacco, US import u.v.",Raw Materials,($/mt),2661.0,0.38,-2.1,-3.45,-22.91,0.69
2003-04-01,2003,4,"Tobacco, US import u.v.",Raw Materials,($/mt),2618.0,-1.62,-1.43,-4.24,-25.05,-1.17
2003-05-01,2003,5,"Tobacco, US import u.v.",Raw Materials,($/mt),2590.0,-1.07,-2.3,-6.36,-23.62,-0.6
2003-06-01,2003,6,"Tobacco, US import u.v.",Raw Materials,($/mt),2590.0,0.0,-2.67,-6.67,-22.22,0.49
2003-07-01,2003,7,"Tobacco, US import u.v.",Raw Materials,($/mt),2625.0,1.35,0.27,-5.27,-20.04,1.77
2003-08-01,2003,8,"Tobacco, US import u.v.",Raw Materials,($/mt),2675.0,1.9,3.28,-1.73,-17.39,1.93
2003-09-01,2003,9,"Tobacco, US import u.v.",Raw Materials,($/mt),2687.0,0.45,3.75,0.6,-16.27,0.45
2003-10-01,2003,10,"Tobacco, US import u.v.",Raw Materials,($/mt),2686.0,-0.04,2.32,-0.07,-17.83,-0.08
2003-11-01,2003,11,"Tobacco, US import u.v.",Raw Materials,($/mt),2642.0,-1.64,-1.23,-2.37,-17.0,-1.38
2003-12-01,2003,12,"Tobacco, US import u.v.",Raw Materials,($/mt),2674.0,1.21,-0.48,-1.62,-13.85,1.12
2004-01-01,2004,1,"Tobacco, US import u.v.",Raw Materials,($/mt),2768.0,3.52,3.05,4.22,-11.03,2.79
2004-02-01,2004,2,"Tobacco, US import u.v.",Raw Materials,($/mt),2780.0,0.43,5.22,4.87,-12.39,0.05
2004-03-01,2004,3,"Tobacco, US import u.v.",Raw Materials,($/mt),2774.0,-0.22,3.74,4.25,-9.32,-0.42
2004-04-01,2004,4,"Tobacco, US import u.v.",Raw Materials,($/mt),2765.0,-0.32,-0.11,5.61,-8.02,-0.46
2004-05-01,2004,5,"Tobacco, US import u.v.",Raw Materials,($/mt),2770.0,0.18,-0.36,6.95,-8.94,-0.21
2004-06-01,2004,6,"Tobacco, US import u.v.",Raw Materials,($/mt),2769.0,-0.04,-0.18,6.91,-8.97,-0.46
2004-07-01,2004,7,"Tobacco, US import u.v.",Raw Materials,($/mt),2732.0,-1.34,-1.19,4.08,-10.25,-1.46
2004-08-01,2004,8,"Tobacco, US import u.v.",Raw Materials,($/mt),2724.0,-0.29,-1.66,1.83,-9.44,-0.46
2004-09-01,2004,9,"Tobacco, US import u.v.",Raw Materials,($/mt),2675.0,-1.8,-3.39,-0.45,-11.83,-1.5
2004-10-01,2004,10,"Tobacco, US import u.v.",Raw Materials,($/mt),2706.0,1.16,-0.95,0.74,-7.65,0.84
2004-11-01,2004,11,"Tobacco, US import u.v.",Raw Materials,($/mt),2712.0,0.22,-0.44,2.65,-8.44,0.1
2004-12-01,2004,12,"Tobacco, US import u.v.",Raw Materials,($/mt),2708.0,-0.15,1.23,1.27,-12.19,-0.28
2005-01-01,2005,1,"Tobacco, US import u.v.",Raw Materials,($/mt),2696.0,-0.44,-0.37,-2.6,-11.29,-0.42
2005-02-01,2005,2,"Tobacco, US import u.v.",Raw Materials,($/mt),2734.0,1.41,0.81,-1.65,-8.41,2.11
2005-03-01,2005,3,"Tobacco, US import u.v.",Raw Materials,($/mt),2769.0,1.28,2.25,-0.18,-8.61,1.59
2005-04-01,2005,4,"Tobacco, US import u.v.",Raw Materials,($/mt),2787.0,0.65,3.38,0.8,-8.56,0.68
2005-05-01,2005,5,"Tobacco, US import u.v.",Raw Materials,($/mt),2796.0,0.32,2.27,0.94,-6.33,0.26
2005-06-01,2005,6,"Tobacco, US import u.v.",Raw Materials,($/mt),2818.0,0.79,1.77,1.77,-5.12,0.71
2005-07-01,2005,7,"Tobacco, US import u.v.",Raw Materials,($/mt),2792.0,-0.92,0.18,2.2,-4.87,-1.06
2005-08-01,2005,8,"Tobacco, US import u.v.",Raw Materials,($/mt),2747.0,-1.61,-1.75,0.84,-7.51,-1.87
2005-09-01,2005,9,"Tobacco, US import u.v.",Raw Materials,($/mt),2761.0,0.51,-2.02,3.21,-6.02,0.4
2005-10-01,2005,10,"Tobacco, US import u.v.",Raw Materials,($/mt),2771.0,0.36,-0.75,2.4,-6.73,0.1
2005-11-01,2005,11,"Tobacco, US import u.v.",Raw Materials,($/mt),2860.0,3.21,4.11,5.46,-3.02,3.45
2005-12-01,2005,12,"Tobacco, US import u.v.",Raw Materials,($/mt),2946.0,3.01,6.7,8.79,1.8,2.07
2006-01-01,2006,1,"Tobacco, US import u.v.",Raw Materials,($/mt),2917.0,-0.98,5.27,8.2,0.24,-1.2
2006-02-01,2006,2,"Tobacco, US import u.v.",Raw Materials,($/mt),2895.0,-0.75,1.22,5.89,-2.69,-0.97
2006-03-01,2006,3,"Tobacco, US import u.v.",Raw Materials,($/mt),2828.0,-2.31,-4.01,2.13,-6.76,-1.87
2006-04-01,2006,4,"Tobacco, US import u.v.",Raw Materials,($/mt),2825.0,-0.11,-3.15,1.36,-6.86,-0.18
2006-05-01,2006,5,"Tobacco, US import u.v.",Raw Materials,($/mt),2831.0,0.21,-2.21,1.25,-7.51,0.05
2006-06-01,2006,6,"Tobacco, US import u.v.",Raw Materials,($/mt),2855.0,0.85,0.95,1.31,-6.39,0.44
2006-07-01,2006,7,"Tobacco, US import u.v.",Raw Materials,($/mt),2955.0,3.5,4.6,5.84,-3.59,2.02
2006-08-01,2006,8,"Tobacco, US import u.v.",Raw Materials,($/mt),3038.0,2.81,7.31,10.59,-0.33,1.23
2006-09-01,2006,9,"Tobacco, US import u.v.",Raw Materials,($/mt),3120.0,2.7,9.28,13.0,2.3,0.98
2006-10-01,2006,10,"Tobacco, US import u.v.",Raw Materials,($/mt),3153.0,1.06,6.7,13.79,5.38,0.01
2006-11-01,2006,11,"Tobacco, US import u.v.",Raw Materials,($/mt),3149.0,-0.13,3.65,10.1,6.21,-0.63
2006-12-01,2006,12,"Tobacco, US import u.v.",Raw Materials,($/mt),3064.0,-2.7,-1.79,4.01,6.65,-1.91
2007-01-01,2007,1,"Tobacco, US import u.v.",Raw Materials,($/mt),3096.0,1.04,-1.81,6.14,8.98,0.36
2007-02-01,2007,2,"Tobacco, US import u.v.",Raw Materials,($/mt),3183.0,2.81,1.08,9.95,14.25,1.2
2007-03-01,2007,3,"Tobacco, US import u.v.",Raw Materials,($/mt),3298.0,3.61,7.64,16.62,19.67,1.42
2007-04-01,2007,4,"Tobacco, US import u.v.",Raw Materials,($/mt),3361.0,1.91,8.56,18.97,22.93,0.32
2007-05-01,2007,5,"Tobacco, US import u.v.",Raw Materials,($/mt),3397.0,1.07,6.72,19.99,22.81,-0.22
2007-06-01,2007,6,"Tobacco, US import u.v.",Raw Materials,($/mt),3409.0,0.35,3.37,19.4,22.85,-0.67
2007-07-01,2007,7,"Tobacco, US import u.v.",Raw Materials,($/mt),3364.0,-1.32,0.09,13.84,21.4,-1.57
2007-08-01,2007,8,"Tobacco, US import u.v.",Raw Materials,($/mt),3308.0,-1.66,-2.62,8.89,21.53,-1.49
2007-09-01,2007,9,"Tobacco, US import u.v.",Raw Materials,($/mt),3303.0,-0.15,-3.11,5.87,23.66,-0.46
2007-10-01,2007,10,"Tobacco, US import u.v.",Raw Materials,($/mt),3280.0,-0.7,-2.5,4.03,22.02,-0.65
2007-11-01,2007,11,"Tobacco, US import u.v.",Raw Materials,($/mt),3348.0,2.07,1.21,6.32,23.73,0.93
2007-12-01,2007,12,"Tobacco, US import u.v.",Raw Materials,($/mt),3433.0,2.54,3.94,12.04,26.31,1.05
2008-01-01,2008,1,"Tobacco, US import u.v.",Raw Materials,($/mt),3439.0,0.17,4.85,11.08,29.48,-0.47
2008-02-01,2008,2,"Tobacco, US import u.v.",Raw Materials,($/mt),3388.0,-1.48,1.19,6.44,27.8,-1.39
2008-03-01,2008,3,"Tobacco, US import u.v.",Raw Materials,($/mt),3348.0,-1.18,-2.48,1.52,25.82,-1.0
2008-04-01,2008,4,"Tobacco, US import u.v.",Raw Materials,($/mt),3411.0,1.88,-0.81,1.49,30.29,1.18
2008-05-01,2008,5,"Tobacco, US import u.v.",Raw Materials,($/mt),3486.0,2.2,2.89,2.62,34.59,1.4
2008-06-01,2008,6,"Tobacco, US import u.v.",Raw Materials,($/mt),3565.0,2.27,6.48,4.58,37.64,1.3
2008-07-01,2008,7,"Tobacco, US import u.v.",Raw Materials,($/mt),3655.0,2.52,7.15,8.65,39.24,1.27
2008-08-01,2008,8,"Tobacco, US import u.v.",Raw Materials,($/mt),3704.0,1.34,6.25,11.97,38.47,0.37
2008-09-01,2008,9,"Tobacco, US import u.v.",Raw Materials,($/mt),3749.0,1.21,5.16,13.5,39.52,0.17
2008-10-01,2008,10,"Tobacco, US import u.v.",Raw Materials,($/mt),3804.0,1.47,4.08,15.98,41.62,0.27
2008-11-01,2008,11,"Tobacco, US import u.v.",Raw Materials,($/mt),3741.0,-1.66,1.0,11.74,41.6,-2.11
2008-12-01,2008,12,"Tobacco, US import u.v.",Raw Materials,($/mt),3775.0,0.91,0.69,9.96,41.17,-0.02
2009-01-01,2009,1,"Tobacco, US import u.v.",Raw Materials,($/mt),3829.0,1.43,0.66,11.34,38.33,0.42
2009-02-01,2009,2,"Tobacco, US import u.v.",Raw Materials,($/mt),4098.0,7.03,9.54,20.96,47.41,4.09
2009-03-01,2009,3,"Tobacco, US import u.v.",Raw Materials,($/mt),4204.0,2.59,11.36,25.57,51.55,0.45
2009-04-01,2009,4,"Tobacco, US import u.v.",Raw Materials,($/mt),4191.0,-0.31,9.45,22.87,51.57,-1.15
2009-05-01,2009,5,"Tobacco, US import u.v.",Raw Materials,($/mt),4227.0,0.86,3.15,21.26,52.6,-0.43
2009-06-01,2009,6,"Tobacco, US import u.v.",Raw Materials,($/mt),4245.0,0.43,0.98,19.07,53.3,-0.59
2009-07-01,2009,7,"Tobacco, US import u.v.",Raw Materials,($/mt),4239.0,-0.14,1.15,15.98,55.16,-0.78
2009-08-01,2009,8,"Tobacco, US import u.v.",Raw Materials,($/mt),4273.0,0.8,1.09,15.36,56.86,-0.22
2009-09-01,2009,9,"Tobacco, US import u.v.",Raw Materials,($/mt),4300.0,0.63,1.3,14.7,60.75,-0.28
2009-10-01,2009,10,"Tobacco, US import u.v.",Raw Materials,($/mt),4329.0,0.67,2.12,13.8,59.98,-0.23
2009-11-01,2009,11,"Tobacco, US import u.v.",Raw Materials,($/mt),4427.0,2.26,3.6,18.34,63.24,0.55
2009-12-01,2009,12,"Tobacco, US import u.v.",Raw Materials,($/mt),4461.0,0.77,3.74,18.17,64.73,-0.34
2010-01-01,2010,1,"Tobacco, US import u.v.",Raw Materials,($/mt),4466.0,0.11,3.16,16.64,65.65,-0.67
2010-02-01,2010,2,"Tobacco, US import u.v.",Raw Materials,($/mt),4389.0,-1.72,-0.86,7.1,60.53,-1.52
2010-03-01,2010,3,"Tobacco, US import u.v.",Raw Materials,($/mt),4207.0,-4.15,-5.69,0.07,51.93,-4.2
2010-04-01,2010,4,"Tobacco, US import u.v.",Raw Materials,($/mt),4180.0,-0.64,-6.4,-0.26,49.98,-0.41
2010-05-01,2010,5,"Tobacco, US import u.v.",Raw Materials,($/mt),4245.0,1.56,-3.28,0.43,51.82,0.97
2010-06-01,2010,6,"Tobacco, US import u.v.",Raw Materials,($/mt),4338.0,2.19,3.11,2.19,53.94,1.29
2010-07-01,2010,7,"Tobacco, US import u.v.",Raw Materials,($/mt),4382.0,1.01,4.83,3.37,56.95,0.46
2010-08-01,2010,8,"Tobacco, US import u.v.",Raw Materials,($/mt),4350.0,-0.73,2.47,1.8,58.35,-0.57
2010-09-01,2010,9,"Tobacco, US import u.v.",Raw Materials,($/mt),4358.0,0.18,0.46,1.35,57.84,0.01
2010-10-01,2010,10,"Tobacco, US import u.v.",Raw Materials,($/mt),4357.0,-0.02,-0.57,0.65,57.24,-0.08
2010-11-01,2010,11,"Tobacco, US import u.v.",Raw Materials,($/mt),4372.0,0.34,0.51,-1.24,52.87,0.15
2010-12-01,2010,12,"Tobacco, US import u.v.",Raw Materials,($/mt),4355.0,-0.39,-0.07,-2.38,47.83,-0.18
2011-01-01,2011,1,"Tobacco, US import u.v.",Raw Materials,($/mt),4371.0,0.37,0.32,-2.13,49.85,0.34
2011-02-01,2011,2,"Tobacco, US import u.v.",Raw Materials,($/mt),4317.0,-1.24,-1.26,-1.64,49.12,-0.65
2011-03-01,2011,3,"Tobacco, US import u.v.",Raw Materials,($/mt),4538.0,5.12,4.2,7.87,60.47,3.28
2011-04-01,2011,4,"Tobacco, US import u.v.",Raw Materials,($/mt),4607.0,1.52,5.4,10.22,63.08,0.51
2011-05-01,2011,5,"Tobacco, US import u.v.",Raw Materials,($/mt),4431.0,-3.82,2.64,4.38,56.52,-2.77
2011-06-01,2011,6,"Tobacco, US import u.v.",Raw Materials,($/mt),4390.0,-0.93,-3.26,1.2,53.77,-0.61
2011-07-01,2011,7,"Tobacco, US import u.v.",Raw Materials,($/mt),4459.0,1.57,-3.21,1.76,50.9,0.7
2011-08-01,2011,8,"Tobacco, US import u.v.",Raw Materials,($/mt),4569.0,2.47,3.11,5.03,50.39,1.09
2011-09-01,2011,9,"Tobacco, US import u.v.",Raw Materials,($/mt),4595.0,0.57,4.67,5.44,47.28,0.06
2011-10-01,2011,10,"Tobacco, US import u.v.",Raw Materials,($/mt),4583.0,-0.26,2.78,5.19,45.35,-0.33
2011-11-01,2011,11,"Tobacco, US import u.v.",Raw Materials,($/mt),4523.0,-1.31,-1.01,3.45,43.63,-0.8
2011-12-01,2011,12,"Tobacco, US import u.v.",Raw Materials,($/mt),4439.0,-1.86,-3.39,1.93,44.88,-0.96
2012-01-01,2012,1,"Tobacco, US import u.v.",Raw Materials,($/mt),4415.0,-0.54,-3.67,1.01,42.6,-0.31
2012-02-01,2012,2,"Tobacco, US import u.v.",Raw Materials,($/mt),4418.0,0.07,-2.32,2.34,38.8,-0.02
2012-03-01,2012,3,"Tobacco, US import u.v.",Raw Materials,($/mt),4379.0,-0.88,-1.35,-3.5,32.78,-0.48
2012-04-01,2012,4,"Tobacco, US import u.v.",Raw Materials,($/mt),4354.0,-0.57,-1.38,-5.49,29.54,-0.17
2012-05-01,2012,5,"Tobacco, US import u.v.",Raw Materials,($/mt),4355.0,0.02,-1.43,-1.72,28.2,0.3
2012-06-01,2012,6,"Tobacco, US import u.v.",Raw Materials,($/mt),4283.0,-1.65,-2.19,-2.44,25.64,-1.25
2012-07-01,2012,7,"Tobacco, US import u.v.",Raw Materials,($/mt),4191.0,-2.15,-3.74,-6.01,24.58,-1.53
2012-08-01,2012,8,"Tobacco, US import u.v.",Raw Materials,($/mt),4208.0,0.41,-3.38,-7.9,27.21,0.73
2012-09-01,2012,9,"Tobacco, US import u.v.",Raw Materials,($/mt),4191.0,-0.4,-2.15,-8.79,26.88,0.31
2012-10-01,2012,10,"Tobacco, US import u.v.",Raw Materials,($/mt),4224.0,0.79,0.79,-7.83,28.78,1.89
2012-11-01,2012,11,"Tobacco, US import u.v.",Raw Materials,($/mt),4269.0,1.07,1.45,-5.62,27.51,1.88
2012-12-01,2012,12,"Tobacco, US import u.v.",Raw Materials,($/mt),4341.0,1.69,3.58,-2.21,26.45,2.11
2013-01-01,2013,1,"Tobacco, US import u.v.",Raw Materials,($/mt),4417.0,1.75,4.57,0.05,28.44,1.76
2013-02-01,2013,2,"Tobacco, US import u.v.",Raw Materials,($/mt),4391.0,-0.59,2.86,-0.61,29.6,-0.49
2013-03-01,2013,3,"Tobacco, US import u.v.",Raw Materials,($/mt),4377.0,-0.32,0.83,-0.05,30.73,-0.22
2013-04-01,2013,4,"Tobacco, US import u.v.",Raw Materials,($/mt),4367.0,-0.23,-1.13,0.3,28.03,-0.19
2013-05-01,2013,5,"Tobacco, US import u.v.",Raw Materials,($/mt),4343.0,-0.55,-1.09,-0.28,24.58,-0.48
2013-06-01,2013,6,"Tobacco, US import u.v.",Raw Materials,($/mt),4493.0,3.45,2.65,4.9,26.03,2.86
2013-07-01,2013,7,"Tobacco, US import u.v.",Raw Materials,($/mt),4635.0,3.16,6.14,10.59,26.81,1.89
2013-08-01,2013,8,"Tobacco, US import u.v.",Raw Materials,($/mt),4676.0,0.88,7.67,11.12,26.24,0.02
2013-09-01,2013,9,"Tobacco, US import u.v.",Raw Materials,($/mt),4710.0,0.73,4.83,12.38,25.63,-0.12
2013-10-01,2013,10,"Tobacco, US import u.v.",Raw Materials,($/mt),4770.0,1.27,2.91,12.93,25.39,0.21
2013-11-01,2013,11,"Tobacco, US import u.v.",Raw Materials,($/mt),5052.0,5.91,8.04,18.34,35.04,3.62
2013-12-01,2013,12,"Tobacco, US import u.v.",Raw Materials,($/mt),4835.0,-4.3,2.65,11.38,28.08,-2.93
2014-01-01,2014,1,"Tobacco, US import u.v.",Raw Materials,($/mt),4924.0,1.84,3.23,11.48,28.6,0.36
2014-02-01,2014,2,"Tobacco, US import u.v.",Raw Materials,($/mt),5052.0,2.6,0.0,15.05,23.28,0.65
2014-03-01,2014,3,"Tobacco, US import u.v.",Raw Materials,($/mt),5084.0,0.63,5.15,16.15,20.93,-0.22
2014-04-01,2014,4,"Tobacco, US import u.v.",Raw Materials,($/mt),5089.0,0.1,3.35,16.53,21.43,-0.47
2014-05-01,2014,5,"Tobacco, US import u.v.",Raw Materials,($/mt),5118.0,0.57,1.31,17.84,21.08,-0.3
2014-06-01,2014,6,"Tobacco, US import u.v.",Raw Materials,($/mt),4996.0,-2.38,-1.73,11.2,17.69,-1.55
2014-07-01,2014,7,"Tobacco, US import u.v.",Raw Materials,($/mt),4991.0,-0.1,-1.93,7.68,17.74,-0.4
2014-08-01,2014,8,"Tobacco, US import u.v.",Raw Materials,($/mt),4920.0,-1.42,-3.87,5.22,15.14,-0.83
2014-09-01,2014,9,"Tobacco, US import u.v.",Raw Materials,($/mt),4924.0,0.08,-1.44,4.54,14.51,-0.15
2014-10-01,2014,10,"Tobacco, US import u.v.",Raw Materials,($/mt),4943.0,0.39,-0.96,3.63,14.18,-0.01
2014-11-01,2014,11,"Tobacco, US import u.v.",Raw Materials,($/mt),4922.0,-0.42,0.04,-2.57,11.18,-0.3
2014-12-01,2014,12,"Tobacco, US import u.v.",Raw Materials,($/mt),4926.0,0.08,0.04,1.88,10.42,0.15
2015-01-01,2015,1,"Tobacco, US import u.v.",Raw Materials,($/mt),4923.0,-0.06,-0.4,-0.02,10.23,-0.17
2015-02-01,2015,2,"Tobacco, US import u.v.",Raw Materials,($/mt),4911.0,-0.24,-0.22,-2.79,11.89,-0.21
2015-03-01,2015,3,"Tobacco, US import u.v.",Raw Materials,($/mt),4962.0,1.04,0.73,-2.4,17.95,1.47
2015-04-01,2015,4,"Tobacco, US import u.v.",Raw Materials,($/mt),4987.0,0.5,1.3,-2.0,19.31,0.77
2015-05-01,2015,5,"Tobacco, US import u.v.",Raw Materials,($/mt),5018.0,0.62,2.18,-1.95,18.21,0.85
2015-06-01,2015,6,"Tobacco, US import u.v.",Raw Materials,($/mt),4947.0,-1.41,-0.3,-0.98,14.04,-1.35
2015-07-01,2015,7,"Tobacco, US import u.v.",Raw Materials,($/mt),4878.0,-1.39,-2.19,-2.26,11.32,-1.77
2015-08-01,2015,8,"Tobacco, US import u.v.",Raw Materials,($/mt),4926.0,0.98,-1.83,0.12,13.24,1.4
2015-09-01,2015,9,"Tobacco, US import u.v.",Raw Materials,($/mt),4887.0,-0.79,-1.21,-0.75,12.14,-1.01
2015-10-01,2015,10,"Tobacco, US import u.v.",Raw Materials,($/mt),4858.0,-0.59,-0.41,-1.72,11.5,-0.64
2015-11-01,2015,11,"Tobacco, US import u.v.",Raw Materials,($/mt),4813.0,-0.93,-2.29,-2.21,10.09,-0.94
2015-12-01,2015,12,"Tobacco, US import u.v.",Raw Materials,($/mt),4790.0,-0.48,-1.98,-2.76,9.99,-0.34
2016-01-01,2016,1,"Tobacco, US import u.v.",Raw Materials,($/mt),4731.0,-1.23,-2.61,-3.9,8.24,-1.17
2016-02-01,2016,2,"Tobacco, US import u.v.",Raw Materials,($/mt),4670.0,-1.29,-2.97,-4.91,8.18,-1.06
2016-03-01,2016,3,"Tobacco, US import u.v.",Raw Materials,($/mt),4570.0,-2.14,-4.59,-7.9,0.71,-1.83
2016-04-01,2016,4,"Tobacco, US import u.v.",Raw Materials,($/mt),4625.0,1.2,-2.24,-7.26,0.39,1.99
2016-05-01,2016,5,"Tobacco, US import u.v.",Raw Materials,($/mt),4680.0,1.19,0.21,-6.74,5.62,1.74
2016-06-01,2016,6,"Tobacco, US import u.v.",Raw Materials,($/mt),4810.0,2.78,5.25,-2.77,9.57,3.01
2016-07-01,2016,7,"Tobacco, US import u.v.",Raw Materials,($/mt),4857.0,0.98,5.02,-0.43,8.93,0.84
2016-08-01,2016,8,"Tobacco, US import u.v.",Raw Materials,($/mt),4890.0,0.68,4.49,-0.73,7.03,0.5
2016-09-01,2016,9,"Tobacco, US import u.v.",Raw Materials,($/mt),4957.0,1.37,3.06,1.43,7.88,1.01
2016-10-01,2016,10,"Tobacco, US import u.v.",Raw Materials,($/mt),4906.0,-1.03,1.01,0.99,7.05,-0.8
2016-11-01,2016,11,"Tobacco, US import u.v.",Raw Materials,($/mt),4878.0,-0.57,-0.25,1.35,7.85,-0.45
2016-12-01,2016,12,"Tobacco, US import u.v.",Raw Materials,($/mt),4912.0,0.7,-0.91,2.55,10.66,0.4
2017-01-01,2017,1,"Tobacco, US import u.v.",Raw Materials,($/mt),4905.0,-0.14,-0.02,3.68,11.1,-0.25
2017-02-01,2017,2,"Tobacco, US import u.v.",Raw Materials,($/mt),4870.0,-0.71,-0.16,4.28,10.23,-0.74
2017-03-01,2017,3,"Tobacco, US import u.v.",Raw Materials,($/mt),4865.0,-0.1,-0.96,6.46,11.1,-0.35
2017-04-01,2017,4,"Tobacco, US import u.v.",Raw Materials,($/mt),4709.0,-3.21,-4.0,1.82,8.15,-3.44
2017-05-01,2017,5,"Tobacco, US import u.v.",Raw Materials,($/mt),4582.0,-2.7,-5.91,-2.09,5.21,-1.9
2017-06-01,2017,6,"Tobacco, US import u.v.",Raw Materials,($/mt),4517.0,-1.42,-7.15,-6.09,5.46,-0.75
2017-07-01,2017,7,"Tobacco, US import u.v.",Raw Materials,($/mt),4515.0,-0.04,-4.12,-7.04,7.73,0.33
2017-08-01,2017,8,"Tobacco, US import u.v.",Raw Materials,($/mt),4432.0,-1.84,-3.27,-9.37,5.32,-0.92
2017-09-01,2017,9,"Tobacco, US import u.v.",Raw Materials,($/mt),4395.0,-0.83,-2.7,-11.34,4.87,-0.02
2017-10-01,2017,10,"Tobacco, US import u.v.",Raw Materials,($/mt),4513.0,2.68,-0.04,-8.01,6.84,3.23
2017-11-01,2017,11,"Tobacco, US import u.v.",Raw Materials,($/mt),4594.0,1.79,3.66,-5.82,7.61,1.59
2017-12-01,2017,12,"Tobacco, US import u.v.",Raw Materials,($/mt),4630.0,0.78,5.35,-5.74,6.66,0.74
2018-01-01,2018,1,"Tobacco, US import u.v.",Raw Materials,($/mt),4649.0,0.41,3.01,-5.22,5.25,0.52
2018-02-01,2018,2,"Tobacco, US import u.v.",Raw Materials,($/mt),4628.0,-0.45,0.74,-4.97,5.4,-0.01
2018-03-01,2018,3,"Tobacco, US import u.v.",Raw Materials,($/mt),4741.0,2.44,2.4,-2.55,8.32,1.65
2018-04-01,2018,4,"Tobacco, US import u.v.",Raw Materials,($/mt),4842.0,2.13,4.15,2.82,10.88,1.21
2018-05-01,2018,5,"Tobacco, US import u.v.",Raw Materials,($/mt),4907.0,1.34,6.03,7.09,12.99,0.62
2018-06-01,2018,6,"Tobacco, US import u.v.",Raw Materials,($/mt),4933.0,0.53,4.05,9.21,9.79,-0.03
2018-07-01,2018,7,"Tobacco, US import u.v.",Raw Materials,($/mt),4928.0,-0.1,1.78,9.15,6.32,-0.61
2018-08-01,2018,8,"Tobacco, US import u.v.",Raw Materials,($/mt),4984.0,1.14,1.57,12.45,6.59,0.28
2018-09-01,2018,9,"Tobacco, US import u.v.",Raw Materials,($/mt),4974.0,-0.2,0.83,13.17,5.61,-1.04
2018-10-01,2018,10,"Tobacco, US import u.v.",Raw Materials,($/mt),4940.0,-0.68,0.24,9.46,3.56,-1.63
2018-11-01,2018,11,"Tobacco, US import u.v.",Raw Materials,($/mt),4941.0,0.02,-0.86,7.55,-2.2,-0.72
2018-12-01,2018,12,"Tobacco, US import u.v.",Raw Materials,($/mt),4924.0,-0.34,-1.01,6.35,1.84,-0.96
2019-01-01,2019,1,"Tobacco, US import u.v.",Raw Materials,($/mt),4806.0,-2.4,-2.71,3.38,-2.4,-2.83
2019-02-01,2019,2,"Tobacco, US import u.v.",Raw Materials,($/mt),4783.0,-0.48,-3.2,3.35,-5.32,-0.57
2019-03-01,2019,3,"Tobacco, US import u.v.",Raw Materials,($/mt),4733.0,-1.05,-3.88,-0.17,-6.9,-1.0
2019-04-01,2019,4,"Tobacco, US import u.v.",Raw Materials,($/mt),4673.0,-1.27,-2.77,-3.49,-8.17,-1.06
2019-05-01,2019,5,"Tobacco, US import u.v.",Raw Materials,($/mt),4651.0,-0.47,-2.76,-5.22,-9.12,-0.17
2019-06-01,2019,6,"Tobacco, US import u.v.",Raw Materials,($/mt),4607.0,-0.95,-2.66,-6.61,-7.79,-0.57
2019-07-01,2019,7,"Tobacco, US import u.v.",Raw Materials,($/mt),4543.0,-1.39,-2.78,-7.81,-8.98,-0.97
2019-08-01,2019,8,"Tobacco, US import u.v.",Raw Materials,($/mt),4523.0,-0.44,-2.75,-9.25,-8.07,0.27
2019-09-01,2019,9,"Tobacco, US import u.v.",Raw Materials,($/mt),4545.0,0.49,-1.35,-8.62,-7.7,1.95
2019-10-01,2019,10,"Tobacco, US import u.v.",Raw Materials,($/mt),4447.0,-2.16,-2.11,-9.98,-10.03,-1.9
2019-11-01,2019,11,"Tobacco, US import u.v.",Raw Materials,($/mt),4321.0,-2.83,-4.47,-12.55,-12.21,-2.32
2019-12-01,2019,12,"Tobacco, US import u.v.",Raw Materials,($/mt),4321.0,0.0,-4.93,-12.25,-12.28,1.15
2020-01-01,2020,1,"Tobacco, US import u.v.",Raw Materials,($/mt),4424.0,2.38,-0.52,-7.95,-10.14,3.48
2020-02-01,2020,2,"Tobacco, US import u.v.",Raw Materials,($/mt),4443.0,0.43,2.82,-7.11,-9.53,0.84
2020-03-01,2020,3,"Tobacco, US import u.v.",Raw Materials,($/mt),4402.0,-0.92,1.87,-6.99,-11.29,-0.23
2020-04-01,2020,4,"Tobacco, US import u.v.",Raw Materials,($/mt),4345.0,-1.29,-1.79,-7.02,-12.87,-0.52
2020-05-01,2020,5,"Tobacco, US import u.v.",Raw Materials,($/mt),4393.0,1.1,-1.13,-5.55,-12.46,1.25
2020-06-01,2020,6,"Tobacco, US import u.v.",Raw Materials,($/mt),4402.0,0.2,0.0,-4.45,-11.02,0.46
2020-07-01,2020,7,"Tobacco, US import u.v.",Raw Materials,($/mt),4384.0,-0.41,0.9,-3.5,-10.13,-0.03
2020-08-01,2020,8,"Tobacco, US import u.v.",Raw Materials,($/mt),4353.0,-0.71,-0.91,-3.76,-11.63,-0.3
2020-09-01,2020,9,"Tobacco, US import u.v.",Raw Materials,($/mt),4220.0,-3.06,-4.13,-7.15,-13.65,-1.94
2020-10-01,2020,10,"Tobacco, US import u.v.",Raw Materials,($/mt),4245.0,0.59,-3.17,-4.54,-12.62,0.75
2020-11-01,2020,11,"Tobacco, US import u.v.",Raw Materials,($/mt),4222.0,-0.54,-3.01,-2.29,-12.28,-0.11
2020-12-01,2020,12,"Tobacco, US import u.v.",Raw Materials,($/mt),4200.0,-0.52,-0.47,-2.8,-12.32,-0.25
2021-01-01,2021,1,"Tobacco, US import u.v.",Raw Materials,($/mt),4157.0,-1.02,-2.07,-6.04,-12.13,-0.59
2021-02-01,2021,2,"Tobacco, US import u.v.",Raw Materials,($/mt),4185.0,0.67,-0.88,-5.81,-10.39,1.1
2021-03-01,2021,3,"Tobacco, US import u.v.",Raw Materials,($/mt),4202.0,0.41,0.05,-4.54,-8.05,0.82
2021-04-01,2021,4,"Tobacco, US import u.v.",Raw Materials,($/mt),4219.0,0.4,1.49,-2.9,-8.78,0.7
2021-05-01,2021,5,"Tobacco, US import u.v.",Raw Materials,($/mt),4168.0,-1.21,-0.41,-5.12,-10.94,-0.88
2021-06-01,2021,6,"Tobacco, US import u.v.",Raw Materials,($/mt),4139.0,-0.7,-1.5,-5.97,-13.95,-0.25
2021-07-01,2021,7,"Tobacco, US import u.v.",Raw Materials,($/mt),4078.0,-1.47,-3.34,-6.98,-16.04,-0.94
2021-08-01,2021,8,"Tobacco, US import u.v.",Raw Materials,($/mt),3973.0,-2.57,-4.68,-8.73,-18.75,-1.86
2021-09-01,2021,9,"Tobacco, US import u.v.",Raw Materials,($/mt),4089.0,2.92,-1.21,-3.1,-17.51,3.04
2021-10-01,2021,10,"Tobacco, US import u.v.",Raw Materials,($/mt),4242.0,3.74,4.02,-0.07,-13.53,2.87
2021-11-01,2021,11,"Tobacco, US import u.v.",Raw Materials,($/mt),4222.0,-0.47,6.27,0.0,-13.45,-0.27
2021-12-01,2021,12,"Tobacco, US import u.v.",Raw Materials,($/mt),4182.0,-0.95,2.27,-0.43,-14.86,-0.53
2022-01-01,2022,1,"Tobacco, US import u.v.",Raw Materials,($/mt),4185.0,0.07,-1.34,0.67,-14.68,0.05
2022-02-01,2022,2,"Tobacco, US import u.v.",Raw Materials,($/mt),4220.0,0.84,-0.05,0.84,-13.35,0.43
2022-03-01,2022,3,"Tobacco, US import u.v.",Raw Materials,($/mt),4258.0,0.9,1.82,1.33,-12.48,0.46
2022-04-01,2022,4,"Tobacco, US import u.v.",Raw Materials,($/mt),4263.0,0.12,1.86,1.04,-9.47,-0.0
2022-05-01,2022,5,"Tobacco, US import u.v.",Raw Materials,($/mt),4277.0,0.33,1.35,2.62,-6.66,0.13
2022-06-01,2022,6,"Tobacco, US import u.v.",Raw Materials,($/mt),4206.0,-1.66,-1.22,1.62,-6.89,-1.08
2022-07-01,2022,7,"Tobacco, US import u.v.",Raw Materials,($/mt),4268.0,1.47,0.12,4.66,-5.47,0.73
2022-08-01,2022,8,"Tobacco, US import u.v.",Raw Materials,($/mt),4357.0,2.09,1.87,9.67,-1.69,0.95
2022-09-01,2022,9,"Tobacco, US import u.v.",Raw Materials,($/mt),4147.0,-4.82,-1.4,1.42,-5.64,-3.56
2022-10-01,2022,10,"Tobacco, US import u.v.",Raw Materials,($/mt),4325.0,4.29,1.34,1.96,-4.17,1.97
2022-11-01,2022,11,"Tobacco, US import u.v.",Raw Materials,($/mt),4333.0,0.18,-0.55,2.63,-5.68,0.0
2022-12-01,2022,12,"Tobacco, US import u.v.",Raw Materials,($/mt),4399.0,1.52,6.08,5.19,-4.99,0.59
2023-01-01,2023,1,"Tobacco, US import u.v.",Raw Materials,($/mt),4476.0,1.75,3.49,6.95,-3.72,0.6
2023-02-01,2023,2,"Tobacco, US import u.v.",Raw Materials,($/mt),4492.0,0.36,3.67,6.45,-2.94,-0.1
2023-03-01,2023,3,"Tobacco, US import u.v.",Raw Materials,($/mt),4526.0,0.76,2.89,6.29,-4.53,0.1
2023-04-01,2023,4,"Tobacco, US import u.v.",Raw Materials,($/mt),4587.0,1.35,2.48,7.6,-5.27,0.37
2023-05-01,2023,5,"Tobacco, US import u.v.",Raw Materials,($/mt),4787.0,4.36,6.57,11.92,-2.45,1.68
2023-06-01,2023,6,"Tobacco, US import u.v.",Raw Materials,($/mt),5065.0,5.81,11.91,20.42,2.68,1.97
2023-07-01,2023,7,"Tobacco, US import u.v.",Raw Materials,($/mt),5098.0,0.65,11.14,19.45,3.45,-0.35
2023-08-01,2023,8,"Tobacco, US import u.v.",Raw Materials,($/mt),5296.0,3.88,10.63,21.55,6.26,0.88
2023-09-01,2023,9,"Tobacco, US import u.v.",Raw Materials,($/mt),5437.0,2.66,7.34,31.11,9.31,0.36
2023-10-01,2023,10,"Tobacco, US import u.v.",Raw Materials,($/mt),5488.0,0.94,7.65,26.89,11.09,-0.73
2023-11-01,2023,11,"Tobacco, US import u.v.",Raw Materials,($/mt),5475.0,-0.24,3.38,26.36,10.81,-1.26
2023-12-01,2023,12,"Tobacco, US import u.v.",Raw Materials,($/mt),5462.0,-0.24,0.46,24.16,10.93,-1.21
2024-01-01,2024,1,"Tobacco, US import u.v.",Raw Materials,($/mt),5534.0,1.32,0.84,23.64,15.15,-0.27
2024-02-01,2024,2,"Tobacco, US import u.v.",Raw Materials,($/mt),5535.0,0.02,1.1,23.22,15.72,-0.92
2024-03-01,2024,3,"Tobacco, US import u.v.",Raw Materials,($/mt),5608.0,1.32,2.67,23.91,18.49,-0.23
2024-04-01,2024,4,"Tobacco, US import u.v.",Raw Materials,($/mt),5674.0,1.18,2.53,23.7,21.42,-0.33
2024-05-01,2024,5,"Tobacco, US import u.v.",Raw Materials,($/mt),5630.0,-0.78,1.72,17.61,21.05,-1.32
2024-06-01,2024,6,"Tobacco, US import u.v.",Raw Materials,($/mt),5755.0,2.22,2.62,13.62,24.92,0.44
2024-07-01,2024,7,"Tobacco, US import u.v.",Raw Materials,($/mt),6016.0,4.54,6.03,18.01,32.42,2.56
2024-08-01,2024,8,"Tobacco, US import u.v.",Raw Materials,($/mt),5999.0,-0.28,6.55,13.27,32.63,-1.01
2024-09-01,2024,9,"Tobacco, US import u.v.",Raw Materials,($/mt),6079.0,1.33,5.63,11.81,33.75,0.18
2024-10-01,2024,10,"Tobacco, US import u.v.",Raw Materials,($/mt),6166.0,1.43,2.49,12.35,38.66,0.34
2024-11-01,2024,11,"Tobacco, US import u.v.",Raw Materials,($/mt),6339.0,2.81,5.67,15.78,46.7,1.25
2024-12-01,2024,12,"Tobacco, US import u.v.",Raw Materials,($/mt),6458.0,1.88,6.23,18.24,49.46,0.43
2025-01-01,2025,1,"Tobacco, US import u.v.",Raw Materials,($/mt),6519.0,0.94,5.72,17.8,47.36,-0.33
2025-02-01,2025,2,"Tobacco, US import u.v.",Raw Materials,($/mt),6736.0,3.33,6.26,21.7,51.61,1.36
2025-03-01,2025,3,"Tobacco, US import u.v.",Raw Materials,($/mt),6813.0,1.14,5.5,21.49,54.77,-0.35
2025-04-01,2025,4,"Tobacco, US import u.v.",Raw Materials,($/mt),6871.0,0.85,5.4,21.1,58.14,-0.54
2025-05-01,2025,5,"Tobacco, US import u.v.",Raw Materials,($/mt),6924.0,0.77,2.79,22.98,57.61,-0.57
2025-06-01,2025,6,"Tobacco, US import u.v.",Raw Materials,($/mt),6987.0,0.91,2.55,21.41,58.72,-0.64
2025-07-01,2025,7,"Tobacco, US import u.v.",Raw Materials,($/mt),7025.0,0.54,2.24,16.77,60.24,-0.83
2025-08-01,2025,8,"Tobacco, US import u.v.",Raw Materials,($/mt),7054.0,0.41,1.88,17.59,62.05,-0.91
2025-09-01,2025,9,"Tobacco, US import u.v.",Raw Materials,($/mt),6949.0,-1.49,-0.54,14.31,64.67,-3.18
2025-10-01,2025,10,"Tobacco, US import u.v.",Raw Materials,($/mt),6930.0,-0.27,-1.35,12.39,63.25,-1.15
2025-11-01,2025,11,"Tobacco, US import u.v.",Raw Materials,($/mt),6839.0,-1.31,-3.05,7.89,61.98,-1.8
2025-12-01,2025,12,"Tobacco, US import u.v.",Raw Materials,($/mt),6924.0,1.24,-0.36,7.22,64.86,0.46
2026-01-01,2026,1,"Tobacco, US import u.v.",Raw Materials,($/mt),6955.0,0.45,0.36,6.69,67.31,-0.11
2026-02-01,2026,2,"Tobacco, US import u.v.",Raw Materials,($/mt),6783.0,-2.47,-0.82,0.7,62.08,-2.42
2026-03-01,2026,3,"Tobacco, US import u.v.",Raw Materials,($/mt),6770.0,-0.19,-2.22,-0.63,61.11,-0.21
2026-04-01,2026,4,"Tobacco, US import u.v.",Raw Materials,($/mt),6800.0,0.44,-2.23,-1.03,61.18,0.43
2026-05-01,2026,5,"Tobacco, US import u.v.",Raw Materials,($/mt),6754.0,-0.68,-0.43,-2.46,62.04,-0.53
2026-06-01,2026,6,"Tobacco, US import u.v.",Raw Materials,($/mt),6723.0,-0.46,-0.69,-3.78,62.43,-0.23
2026-07-01,2026,7,"Tobacco, US import u.v.",Raw Materials,($/mt),6775.0,0.77,-0.37,-3.56,66.14,1.04
1960-01-01,1960,1,Urea,Fertilizers,($/mt),42.3,,,,,
1960-02-01,1960,2,Urea,Fertilizers,($/mt),42.3,0.0,,,,
1960-03-01,1960,3,Urea,Fertilizers,($/mt),42.3,0.0,,,,
1960-04-01,1960,4,Urea,Fertilizers,($/mt),42.3,0.0,0.0,,,
1960-05-01,1960,5,Urea,Fertilizers,($/mt),42.3,0.0,0.0,,,
1960-06-01,1960,6,Urea,Fertilizers,($/mt),42.3,0.0,0.0,,,
1960-07-01,1960,7,Urea,Fertilizers,($/mt),42.3,0.0,0.0,,,
1960-08-01,1960,8,Urea,Fertilizers,($/mt),42.3,0.0,0.0,,,0.0
1960-09-01,1960,9,Urea,Fertilizers,($/mt),42.3,0.0,0.0,,,0.0
1960-10-01,1960,10,Urea,Fertilizers,($/mt),42.3,0.0,0.0,,,0.0
1960-11-01,1960,11,Urea,Fertilizers,($/mt),42.3,0.0,0.0,,,0.0
1960-12-01,1960,12,Urea,Fertilizers,($/mt),42.3,0.0,0.0,,,0.0
1961-01-01,1961,1,Urea,Fertilizers,($/mt),42.3,0.0,0.0,0.0,,0.0
1961-02-01,1961,2,Urea,Fertilizers,($/mt),42.3,0.0,0.0,0.0,,0.0
1961-03-01,1961,3,Urea,Fertilizers,($/mt),42.3,0.0,0.0,0.0,,0.0
1961-04-01,1961,4,Urea,Fertilizers,($/mt),42.3,0.0,0.0,0.0,,0.0
1961-05-01,1961,5,Urea,Fertilizers,($/mt),42.3,0.0,0.0,0.0,,0.0
1961-06-01,1961,6,Urea,Fertilizers,($/mt),42.3,0.0,0.0,0.0,,0.0
1961-07-01,1961,7,Urea,Fertilizers,($/mt),42.3,0.0,0.0,0.0,,0.0
1961-08-01,1961,8,Urea,Fertilizers,($/mt),42.3,0.0,0.0,0.0,,0.0
1961-09-01,1961,9,Urea,Fertilizers,($/mt),42.3,0.0,0.0,0.0,,0.0
1961-10-01,1961,10,Urea,Fertilizers,($/mt),42.3,0.0,0.0,0.0,,0.0
1961-11-01,1961,11,Urea,Fertilizers,($/mt),42.3,0.0,0.0,0.0,,0.0
1961-12-01,1961,12,Urea,Fertilizers,($/mt),42.3,0.0,0.0,0.0,,0.0
1962-01-01,1962,1,Urea,Fertilizers,($/mt),42.3,0.0,0.0,0.0,,0.0
1962-02-01,1962,2,Urea,Fertilizers,($/mt),42.3,0.0,0.0,0.0,,0.0
1962-03-01,1962,3,Urea,Fertilizers,($/mt),42.3,0.0,0.0,0.0,,0.0
1962-04-01,1962,4,Urea,Fertilizers,($/mt),42.3,0.0,0.0,0.0,,0.0
1962-05-01,1962,5,Urea,Fertilizers,($/mt),42.3,0.0,0.0,0.0,,0.0
1962-06-01,1962,6,Urea,Fertilizers,($/mt),42.3,0.0,0.0,0.0,,0.0
1962-07-01,1962,7,Urea,Fertilizers,($/mt),42.3,0.0,0.0,0.0,,0.0
1962-08-01,1962,8,Urea,Fertilizers,($/mt),42.3,0.0,0.0,0.0,,0.0
1962-09-01,1962,9,Urea,Fertilizers,($/mt),42.3,0.0,0.0,0.0,,0.0
1962-10-01,1962,10,Urea,Fertilizers,($/mt),42.3,0.0,0.0,0.0,,0.0
1962-11-01,1962,11,Urea,Fertilizers,($/mt),42.3,0.0,0.0,0.0,,0.0
1962-12-01,1962,12,Urea,Fertilizers,($/mt),42.3,0.0,0.0,0.0,,0.0
1963-01-01,1963,1,Urea,Fertilizers,($/mt),42.3,0.0,0.0,0.0,,0.0
1963-02-01,1963,2,Urea,Fertilizers,($/mt),42.3,0.0,0.0,0.0,,0.0
1963-03-01,1963,3,Urea,Fertilizers,($/mt),42.3,0.0,0.0,0.0,,0.0
1963-04-01,1963,4,Urea,Fertilizers,($/mt),42.3,0.0,0.0,0.0,,0.0
1963-05-01,1963,5,Urea,Fertilizers,($/mt),42.3,0.0,0.0,0.0,,0.0
1963-06-01,1963,6,Urea,Fertilizers,($/mt),42.3,0.0,0.0,0.0,,0.0
1963-07-01,1963,7,Urea,Fertilizers,($/mt),42.3,0.0,0.0,0.0,,0.0
1963-08-01,1963,8,Urea,Fertilizers,($/mt),42.3,0.0,0.0,0.0,,0.0
1963-09-01,1963,9,Urea,Fertilizers,($/mt),42.3,0.0,0.0,0.0,,0.0
1963-10-01,1963,10,Urea,Fertilizers,($/mt),42.3,0.0,0.0,0.0,,0.0
1963-11-01,1963,11,Urea,Fertilizers,($/mt),42.3,0.0,0.0,0.0,,0.0
1963-12-01,1963,12,Urea,Fertilizers,($/mt),42.3,0.0,0.0,0.0,,0.0
1964-01-01,1964,1,Urea,Fertilizers,($/mt),60.5,43.03,43.03,43.03,,0.0
1964-02-01,1964,2,Urea,Fertilizers,($/mt),60.5,0.0,43.03,43.03,,-0.29
1964-03-01,1964,3,Urea,Fertilizers,($/mt),60.5,0.0,43.03,43.03,,-0.29
1964-04-01,1964,4,Urea,Fertilizers,($/mt),60.5,0.0,0.0,43.03,,-0.29
1964-05-01,1964,5,Urea,Fertilizers,($/mt),60.5,0.0,0.0,43.03,,-0.29
1964-06-01,1964,6,Urea,Fertilizers,($/mt),60.5,0.0,0.0,43.03,,-0.29
1964-07-01,1964,7,Urea,Fertilizers,($/mt),60.5,0.0,0.0,43.03,,-0.29
1964-08-01,1964,8,Urea,Fertilizers,($/mt),60.5,0.0,0.0,43.03,,-0.29
1964-09-01,1964,9,Urea,Fertilizers,($/mt),60.5,0.0,0.0,43.03,,-0.29
1964-10-01,1964,10,Urea,Fertilizers,($/mt),60.5,0.0,0.0,43.03,,-0.29
1964-11-01,1964,11,Urea,Fertilizers,($/mt),60.5,0.0,0.0,43.03,,-0.29
1964-12-01,1964,12,Urea,Fertilizers,($/mt),60.5,0.0,0.0,43.03,,-0.29
1965-01-01,1965,1,Urea,Fertilizers,($/mt),65.8,8.76,8.76,8.76,55.56,0.42
1965-02-01,1965,2,Urea,Fertilizers,($/mt),65.8,0.0,8.76,8.76,55.56,-0.29
1965-03-01,1965,3,Urea,Fertilizers,($/mt),65.8,0.0,8.76,8.76,55.56,-0.29
1965-04-01,1965,4,Urea,Fertilizers,($/mt),65.8,0.0,0.0,8.76,55.56,-0.29
1965-05-01,1965,5,Urea,Fertilizers,($/mt),65.8,0.0,0.0,8.76,55.56,-0.29
1965-06-01,1965,6,Urea,Fertilizers,($/mt),65.8,0.0,0.0,8.76,55.56,-0.29
1965-07-01,1965,7,Urea,Fertilizers,($/mt),65.8,0.0,0.0,8.76,55.56,-0.29
1965-08-01,1965,8,Urea,Fertilizers,($/mt),65.8,0.0,0.0,8.76,55.56,-0.29
1965-09-01,1965,9,Urea,Fertilizers,($/mt),65.8,0.0,0.0,8.76,55.56,-0.29
1965-10-01,1965,10,Urea,Fertilizers,($/mt),65.8,0.0,0.0,8.76,55.56,-0.29
1965-11-01,1965,11,Urea,Fertilizers,($/mt),65.8,0.0,0.0,8.76,55.56,-0.29
1965-12-01,1965,12,Urea,Fertilizers,($/mt),65.8,0.0,0.0,8.76,55.56,-0.29
1966-01-01,1966,1,Urea,Fertilizers,($/mt),59.3,-9.88,-9.88,-9.88,40.19,-4.19
1966-02-01,1966,2,Urea,Fertilizers,($/mt),59.3,0.0,-9.88,-9.88,40.19,0.29
1966-03-01,1966,3,Urea,Fertilizers,($/mt),59.3,0.0,-9.88,-9.88,40.19,0.29
1966-04-01,1966,4,Urea,Fertilizers,($/mt),59.3,0.0,0.0,-9.88,40.19,0.29
1966-05-01,1966,5,Urea,Fertilizers,($/mt),59.3,0.0,0.0,-9.88,40.19,0.29
1966-06-01,1966,6,Urea,Fertilizers,($/mt),59.3,0.0,0.0,-9.88,40.19,0.29
1966-07-01,1966,7,Urea,Fertilizers,($/mt),59.3,0.0,0.0,-9.88,40.19,0.29
1966-08-01,1966,8,Urea,Fertilizers,($/mt),59.3,0.0,0.0,-9.88,40.19,0.29
1966-09-01,1966,9,Urea,Fertilizers,($/mt),59.3,0.0,0.0,-9.88,40.19,0.29
1966-10-01,1966,10,Urea,Fertilizers,($/mt),59.3,0.0,0.0,-9.88,40.19,0.29
1966-11-01,1966,11,Urea,Fertilizers,($/mt),59.3,0.0,0.0,-9.88,40.19,0.29
1966-12-01,1966,12,Urea,Fertilizers,($/mt),59.3,0.0,0.0,-9.88,40.19,0.29
1967-01-01,1967,1,Urea,Fertilizers,($/mt),49.3,-16.86,-16.86,-16.86,16.55,-5.62
1967-02-01,1967,2,Urea,Fertilizers,($/mt),49.3,0.0,-16.86,-16.86,16.55,0.29
1967-03-01,1967,3,Urea,Fertilizers,($/mt),49.3,0.0,-16.86,-16.86,16.55,0.29
1967-04-01,1967,4,Urea,Fertilizers,($/mt),49.3,0.0,0.0,-16.86,16.55,0.29
1967-05-01,1967,5,Urea,Fertilizers,($/mt),49.3,0.0,0.0,-16.86,16.55,0.29
1967-06-01,1967,6,Urea,Fertilizers,($/mt),49.3,0.0,0.0,-16.86,16.55,0.29
1967-07-01,1967,7,Urea,Fertilizers,($/mt),49.3,0.0,0.0,-16.86,16.55,0.29
1967-08-01,1967,8,Urea,Fertilizers,($/mt),49.3,0.0,0.0,-16.86,16.55,0.29
1967-09-01,1967,9,Urea,Fertilizers,($/mt),49.3,0.0,0.0,-16.86,16.55,0.29
1967-10-01,1967,10,Urea,Fertilizers,($/mt),49.3,0.0,0.0,-16.86,16.55,0.29
1967-11-01,1967,11,Urea,Fertilizers,($/mt),49.3,0.0,0.0,-16.86,16.55,0.29
1967-12-01,1967,12,Urea,Fertilizers,($/mt),49.3,0.0,0.0,-16.86,16.55,0.29
1968-01-01,1968,1,Urea,Fertilizers,($/mt),35.5,-27.99,-27.99,-27.99,-16.08,-5.46
1968-02-01,1968,2,Urea,Fertilizers,($/mt),35.5,0.0,-27.99,-27.99,-16.08,0.29
1968-03-01,1968,3,Urea,Fertilizers,($/mt),35.5,0.0,-27.99,-27.99,-16.08,0.29
1968-04-01,1968,4,Urea,Fertilizers,($/mt),35.5,0.0,0.0,-27.99,-16.08,0.29
1968-05-01,1968,5,Urea,Fertilizers,($/mt),35.5,0.0,0.0,-27.99,-16.08,0.29
1968-06-01,1968,6,Urea,Fertilizers,($/mt),35.5,0.0,0.0,-27.99,-16.08,0.29
1968-07-01,1968,7,Urea,Fertilizers,($/mt),35.5,0.0,0.0,-27.99,-16.08,0.29
1968-08-01,1968,8,Urea,Fertilizers,($/mt),35.5,0.0,0.0,-27.99,-16.08,0.29
1968-09-01,1968,9,Urea,Fertilizers,($/mt),35.5,0.0,0.0,-27.99,-16.08,0.29
1968-10-01,1968,10,Urea,Fertilizers,($/mt),35.5,0.0,0.0,-27.99,-16.08,0.29
1968-11-01,1968,11,Urea,Fertilizers,($/mt),35.5,0.0,0.0,-27.99,-16.08,0.29
1968-12-01,1968,12,Urea,Fertilizers,($/mt),35.5,0.0,0.0,-27.99,-16.08,0.29
1969-01-01,1969,1,Urea,Fertilizers,($/mt),26.6,-25.07,-25.07,-25.07,-56.03,-2.81
1969-02-01,1969,2,Urea,Fertilizers,($/mt),26.6,0.0,-25.07,-25.07,-56.03,0.29
1969-03-01,1969,3,Urea,Fertilizers,($/mt),26.6,0.0,-25.07,-25.07,-56.03,0.29
1969-04-01,1969,4,Urea,Fertilizers,($/mt),26.6,0.0,0.0,-25.07,-56.03,0.29
1969-05-01,1969,5,Urea,Fertilizers,($/mt),26.6,0.0,0.0,-25.07,-56.03,0.29
1969-06-01,1969,6,Urea,Fertilizers,($/mt),26.6,0.0,0.0,-25.07,-56.03,0.29
1969-07-01,1969,7,Urea,Fertilizers,($/mt),26.6,0.0,0.0,-25.07,-56.03,0.29
1969-08-01,1969,8,Urea,Fertilizers,($/mt),26.6,0.0,0.0,-25.07,-56.03,0.29
1969-09-01,1969,9,Urea,Fertilizers,($/mt),26.6,0.0,0.0,-25.07,-56.03,0.29
1969-10-01,1969,10,Urea,Fertilizers,($/mt),26.6,0.0,0.0,-25.07,-56.03,0.29
1969-11-01,1969,11,Urea,Fertilizers,($/mt),26.6,0.0,0.0,-25.07,-56.03,0.29
1969-12-01,1969,12,Urea,Fertilizers,($/mt),26.6,0.0,0.0,-25.07,-56.03,0.29
1970-01-01,1970,1,Urea,Fertilizers,($/mt),18.3,-31.2,-31.2,-31.2,-72.19,-4.02
1970-02-01,1970,2,Urea,Fertilizers,($/mt),18.3,0.0,-31.2,-31.2,-72.19,0.29
1970-03-01,1970,3,Urea,Fertilizers,($/mt),18.3,0.0,-31.2,-31.2,-72.19,0.29
1970-04-01,1970,4,Urea,Fertilizers,($/mt),18.3,0.0,0.0,-31.2,-72.19,0.29
1970-05-01,1970,5,Urea,Fertilizers,($/mt),18.3,0.0,0.0,-31.2,-72.19,0.29
1970-06-01,1970,6,Urea,Fertilizers,($/mt),18.3,0.0,0.0,-31.2,-72.19,0.29
1970-07-01,1970,7,Urea,Fertilizers,($/mt),18.3,0.0,0.0,-31.2,-72.19,0.29
1970-08-01,1970,8,Urea,Fertilizers,($/mt),18.3,0.0,0.0,-31.2,-72.19,0.29
1970-09-01,1970,9,Urea,Fertilizers,($/mt),18.3,0.0,0.0,-31.2,-72.19,0.29
1970-10-01,1970,10,Urea,Fertilizers,($/mt),18.3,0.0,0.0,-31.2,-72.19,0.29
1970-11-01,1970,11,Urea,Fertilizers,($/mt),18.3,0.0,0.0,-31.2,-72.19,0.29
1970-12-01,1970,12,Urea,Fertilizers,($/mt),18.3,0.0,0.0,-31.2,-72.19,0.29
1971-01-01,1971,1,Urea,Fertilizers,($/mt),16.0,-12.57,-12.57,-12.57,-73.02,-1.11
1971-02-01,1971,2,Urea,Fertilizers,($/mt),16.0,0.0,-12.57,-12.57,-73.02,0.29
1971-03-01,1971,3,Urea,Fertilizers,($/mt),16.0,0.0,-12.57,-12.57,-73.02,0.29
1971-04-01,1971,4,Urea,Fertilizers,($/mt),16.0,0.0,0.0,-12.57,-73.02,0.29
1971-05-01,1971,5,Urea,Fertilizers,($/mt),16.0,0.0,0.0,-12.57,-73.02,0.29
1971-06-01,1971,6,Urea,Fertilizers,($/mt),16.0,0.0,0.0,-12.57,-73.02,0.29
1971-07-01,1971,7,Urea,Fertilizers,($/mt),16.0,0.0,0.0,-12.57,-73.02,0.29
1971-08-01,1971,8,Urea,Fertilizers,($/mt),16.0,0.0,0.0,-12.57,-73.02,0.29
1971-09-01,1971,9,Urea,Fertilizers,($/mt),16.0,0.0,0.0,-12.57,-73.02,0.29
1971-10-01,1971,10,Urea,Fertilizers,($/mt),16.0,0.0,0.0,-12.57,-73.02,0.29
1971-11-01,1971,11,Urea,Fertilizers,($/mt),16.0,0.0,0.0,-12.57,-73.02,0.29
1971-12-01,1971,12,Urea,Fertilizers,($/mt),16.0,0.0,0.0,-12.57,-73.02,0.29
1972-01-01,1972,1,Urea,Fertilizers,($/mt),29.3,83.12,83.12,83.12,-40.57,23.2
1972-02-01,1972,2,Urea,Fertilizers,($/mt),29.3,0.0,83.12,83.12,-40.57,-0.29
1972-03-01,1972,3,Urea,Fertilizers,($/mt),29.3,0.0,83.12,83.12,-40.57,-0.29
1972-04-01,1972,4,Urea,Fertilizers,($/mt),29.3,0.0,0.0,83.12,-40.57,-0.29
1972-05-01,1972,5,Urea,Fertilizers,($/mt),29.3,0.0,0.0,83.12,-40.57,-0.29
1972-06-01,1972,6,Urea,Fertilizers,($/mt),29.3,0.0,0.0,83.12,-40.57,-0.29
1972-07-01,1972,7,Urea,Fertilizers,($/mt),29.3,0.0,0.0,83.12,-40.57,-0.29
1972-08-01,1972,8,Urea,Fertilizers,($/mt),29.3,0.0,0.0,83.12,-40.57,-0.29
1972-09-01,1972,9,Urea,Fertilizers,($/mt),29.3,0.0,0.0,83.12,-40.57,-0.29
1972-10-01,1972,10,Urea,Fertilizers,($/mt),29.3,0.0,0.0,83.12,-40.57,-0.29
1972-11-01,1972,11,Urea,Fertilizers,($/mt),29.3,0.0,0.0,83.12,-40.57,-0.29
1972-12-01,1972,12,Urea,Fertilizers,($/mt),29.3,0.0,0.0,83.12,-40.57,-0.29
1973-01-01,1973,1,Urea,Fertilizers,($/mt),64.8,121.16,121.16,121.16,82.54,4.76
1973-02-01,1973,2,Urea,Fertilizers,($/mt),64.8,0.0,121.16,121.16,82.54,-0.29
1973-03-01,1973,3,Urea,Fertilizers,($/mt),64.8,0.0,121.16,121.16,82.54,-0.29
1973-04-01,1973,4,Urea,Fertilizers,($/mt),64.8,0.0,0.0,121.16,82.54,-0.29
1973-05-01,1973,5,Urea,Fertilizers,($/mt),64.8,0.0,0.0,121.16,82.54,-0.29
1973-06-01,1973,6,Urea,Fertilizers,($/mt),64.8,0.0,0.0,121.16,82.54,-0.29
1973-07-01,1973,7,Urea,Fertilizers,($/mt),64.8,0.0,0.0,121.16,82.54,-0.29
1973-08-01,1973,8,Urea,Fertilizers,($/mt),64.8,0.0,0.0,121.16,82.54,-0.29
1973-09-01,1973,9,Urea,Fertilizers,($/mt),64.8,0.0,0.0,121.16,82.54,-0.29
1973-10-01,1973,10,Urea,Fertilizers,($/mt),64.8,0.0,0.0,121.16,82.54,-0.29
1973-11-01,1973,11,Urea,Fertilizers,($/mt),64.8,0.0,0.0,121.16,82.54,-0.29
1973-12-01,1973,12,Urea,Fertilizers,($/mt),64.8,0.0,0.0,121.16,82.54,-0.29
1974-01-01,1974,1,Urea,Fertilizers,($/mt),285.8,341.05,341.05,341.05,974.44,9.46
1974-02-01,1974,2,Urea,Fertilizers,($/mt),285.8,0.0,341.05,341.05,974.44,-0.29
1974-03-01,1974,3,Urea,Fertilizers,($/mt),285.8,0.0,341.05,341.05,974.44,-0.29
1974-04-01,1974,4,Urea,Fertilizers,($/mt),285.8,0.0,0.0,341.05,974.44,-0.29
1974-05-01,1974,5,Urea,Fertilizers,($/mt),285.8,0.0,0.0,341.05,974.44,-0.29
1974-06-01,1974,6,Urea,Fertilizers,($/mt),285.8,0.0,0.0,341.05,974.44,-0.29
1974-07-01,1974,7,Urea,Fertilizers,($/mt),285.8,0.0,0.0,341.05,974.44,-0.29
1974-08-01,1974,8,Urea,Fertilizers,($/mt),285.8,0.0,0.0,341.05,974.44,-0.29
1974-09-01,1974,9,Urea,Fertilizers,($/mt),285.8,0.0,0.0,341.05,974.44,-0.29
1974-10-01,1974,10,Urea,Fertilizers,($/mt),285.8,0.0,0.0,341.05,974.44,-0.29
1974-11-01,1974,11,Urea,Fertilizers,($/mt),285.8,0.0,0.0,341.05,974.44,-0.29
1974-12-01,1974,12,Urea,Fertilizers,($/mt),285.8,0.0,0.0,341.05,974.44,-0.29
1975-01-01,1975,1,Urea,Fertilizers,($/mt),168.0,-41.22,-41.22,-41.22,818.03,-0.71
1975-02-01,1975,2,Urea,Fertilizers,($/mt),168.0,0.0,-41.22,-41.22,818.03,0.29
1975-03-01,1975,3,Urea,Fertilizers,($/mt),168.0,0.0,-41.22,-41.22,818.03,0.29
1975-04-01,1975,4,Urea,Fertilizers,($/mt),168.0,0.0,0.0,-41.22,818.03,0.29
1975-05-01,1975,5,Urea,Fertilizers,($/mt),168.0,0.0,0.0,-41.22,818.03,0.29
1975-06-01,1975,6,Urea,Fertilizers,($/mt),168.0,0.0,0.0,-41.22,818.03,0.29
1975-07-01,1975,7,Urea,Fertilizers,($/mt),168.0,0.0,0.0,-41.22,818.03,0.29
1975-08-01,1975,8,Urea,Fertilizers,($/mt),168.0,0.0,0.0,-41.22,818.03,0.29
1975-09-01,1975,9,Urea,Fertilizers,($/mt),168.0,0.0,0.0,-41.22,818.03,0.29
1975-10-01,1975,10,Urea,Fertilizers,($/mt),168.0,0.0,0.0,-41.22,818.03,0.29
1975-11-01,1975,11,Urea,Fertilizers,($/mt),168.0,0.0,0.0,-41.22,818.03,0.29
1975-12-01,1975,12,Urea,Fertilizers,($/mt),168.0,0.0,0.0,-41.22,818.03,0.29
1976-01-01,1976,1,Urea,Fertilizers,($/mt),82.0,-51.19,-51.19,-51.19,412.5,-4.01
1976-02-01,1976,2,Urea,Fertilizers,($/mt),82.0,0.0,-51.19,-51.19,412.5,0.29
1976-03-01,1976,3,Urea,Fertilizers,($/mt),82.0,0.0,-51.19,-51.19,412.5,0.29
1976-04-01,1976,4,Urea,Fertilizers,($/mt),82.0,0.0,0.0,-51.19,412.5,0.29
1976-05-01,1976,5,Urea,Fertilizers,($/mt),82.0,0.0,0.0,-51.19,412.5,0.29
1976-06-01,1976,6,Urea,Fertilizers,($/mt),82.0,0.0,0.0,-51.19,412.5,0.29
1976-07-01,1976,7,Urea,Fertilizers,($/mt),82.0,0.0,0.0,-51.19,412.5,0.29
1976-08-01,1976,8,Urea,Fertilizers,($/mt),82.0,0.0,0.0,-51.19,412.5,0.29
1976-09-01,1976,9,Urea,Fertilizers,($/mt),82.0,0.0,0.0,-51.19,412.5,0.29
1976-10-01,1976,10,Urea,Fertilizers,($/mt),82.0,0.0,0.0,-51.19,412.5,0.29
1976-11-01,1976,11,Urea,Fertilizers,($/mt),82.0,0.0,0.0,-51.19,412.5,0.29
1976-12-01,1976,12,Urea,Fertilizers,($/mt),82.0,0.0,0.0,-51.19,412.5,0.29
1977-01-01,1977,1,Urea,Fertilizers,($/mt),115.0,40.24,40.24,40.24,292.49,3.01
1977-02-01,1977,2,Urea,Fertilizers,($/mt),100.5,-12.61,22.56,22.56,243.0,-1.37
1977-03-01,1977,3,Urea,Fertilizers,($/mt),100.5,0.0,22.56,22.56,243.0,-0.18
1977-04-01,1977,4,Urea,Fertilizers,($/mt),109.5,8.96,-4.78,33.54,273.72,0.53
1977-05-01,1977,5,Urea,Fertilizers,($/mt),116.1,6.03,15.52,41.59,296.25,0.24
1977-06-01,1977,6,Urea,Fertilizers,($/mt),120.0,3.36,19.4,46.34,309.56,-0.02
1977-07-01,1977,7,Urea,Fertilizers,($/mt),123.1,2.58,12.42,50.12,320.14,-0.1
1977-08-01,1977,8,Urea,Fertilizers,($/mt),129.6,5.28,11.63,58.05,342.32,0.1
1977-09-01,1977,9,Urea,Fertilizers,($/mt),132.5,2.24,10.42,61.59,352.22,-0.18
1977-10-01,1977,10,Urea,Fertilizers,($/mt),131.0,-1.13,6.42,59.76,347.1,-0.47
1977-11-01,1977,11,Urea,Fertilizers,($/mt),137.0,4.58,5.71,67.07,367.58,0.0
1977-12-01,1977,12,Urea,Fertilizers,($/mt),134.3,-1.97,1.36,63.78,358.36,-0.56
1978-01-01,1978,1,Urea,Fertilizers,($/mt),133.0,-0.97,1.53,15.65,105.25,-0.46
1978-02-01,1978,2,Urea,Fertilizers,($/mt),134.8,1.35,-1.61,34.13,108.02,-0.0
1978-03-01,1978,3,Urea,Fertilizers,($/mt),134.5,-0.22,0.15,33.83,107.56,-0.83
1978-04-01,1978,4,Urea,Fertilizers,($/mt),134.0,-0.37,0.75,22.37,106.79,-0.87
1978-05-01,1978,5,Urea,Fertilizers,($/mt),130.8,-2.39,-2.97,12.66,101.85,-1.52
1978-06-01,1978,6,Urea,Fertilizers,($/mt),132.5,1.3,-1.49,10.42,104.48,0.11
1978-07-01,1978,7,Urea,Fertilizers,($/mt),142.0,7.17,5.97,15.35,119.14,2.55
1978-08-01,1978,8,Urea,Fertilizers,($/mt),142.5,0.35,8.94,9.95,119.91,-0.29
1978-09-01,1978,9,Urea,Fertilizers,($/mt),134.6,-5.54,1.58,1.58,107.72,-2.3
1978-10-01,1978,10,Urea,Fertilizers,($/mt),132.0,-1.93,-7.04,0.76,103.7,-0.64
1978-11-01,1978,11,Urea,Fertilizers,($/mt),140.8,6.67,-1.19,2.77,117.28,1.98
1978-12-01,1978,12,Urea,Fertilizers,($/mt),141.0,0.14,4.75,4.99,117.59,-0.04
1979-01-01,1979,1,Urea,Fertilizers,($/mt),143.0,1.42,8.33,7.52,-49.97,0.27
1979-02-01,1979,2,Urea,Fertilizers,($/mt),143.0,0.0,1.56,6.08,-49.97,-0.19
1979-03-01,1979,3,Urea,Fertilizers,($/mt),131.9,-7.76,-6.45,-1.93,-53.85,-2.36
1979-04-01,1979,4,Urea,Fertilizers,($/mt),135.0,2.35,-5.59,0.75,-52.76,0.57
1979-05-01,1979,5,Urea,Fertilizers,($/mt),141.8,5.04,-0.84,8.41,-50.38,1.13
1979-06-01,1979,6,Urea,Fertilizers,($/mt),148.5,4.72,12.59,12.08,-48.04,0.89
1979-07-01,1979,7,Urea,Fertilizers,($/mt),155.4,4.65,15.11,9.44,-45.63,0.78
1979-08-01,1979,8,Urea,Fertilizers,($/mt),160.0,2.96,12.83,12.28,-44.02,0.49
1979-09-01,1979,9,Urea,Fertilizers,($/mt),163.8,2.38,10.3,21.69,-42.69,0.3
1979-10-01,1979,10,Urea,Fertilizers,($/mt),167.5,2.26,7.79,26.89,-41.39,0.14
1979-11-01,1979,11,Urea,Fertilizers,($/mt),170.0,1.49,6.25,20.74,-40.52,-0.16
1979-12-01,1979,12,Urea,Fertilizers,($/mt),176.3,3.71,7.63,25.04,-38.31,0.61
1980-01-01,1980,1,Urea,Fertilizers,($/mt),187.5,6.35,11.94,31.12,11.61,1.3
1980-02-01,1980,2,Urea,Fertilizers,($/mt),187.5,0.0,10.29,31.12,11.61,-0.65
1980-03-01,1980,3,Urea,Fertilizers,($/mt),187.5,0.0,6.35,42.15,11.61,-0.65
1980-04-01,1980,4,Urea,Fertilizers,($/mt),196.3,4.69,4.69,45.41,16.85,0.86
1980-05-01,1980,5,Urea,Fertilizers,($/mt),205.0,4.43,9.33,44.57,22.02,0.61
1980-06-01,1980,6,Urea,Fertilizers,($/mt),205.0,0.0,9.33,38.05,22.02,-1.58
1980-07-01,1980,7,Urea,Fertilizers,($/mt),205.0,0.0,4.43,31.92,22.02,-1.3
1980-08-01,1980,8,Urea,Fertilizers,($/mt),205.0,0.0,0.0,28.12,22.02,-1.1
1980-09-01,1980,9,Urea,Fertilizers,($/mt),207.0,0.98,0.98,26.37,23.21,-0.51
1980-10-01,1980,10,Urea,Fertilizers,($/mt),207.0,0.0,0.98,23.58,23.21,-0.88
1980-11-01,1980,11,Urea,Fertilizers,($/mt),207.0,0.0,0.98,21.76,23.21,-0.77
1980-12-01,1980,12,Urea,Fertilizers,($/mt),207.0,0.0,0.0,17.41,23.21,-0.7
1981-01-01,1981,1,Urea,Fertilizers,($/mt),207.0,0.0,0.0,10.4,152.44,-0.59
1981-02-01,1981,2,Urea,Fertilizers,($/mt),242.5,17.15,17.15,29.33,195.73,9.26
1981-03-01,1981,3,Urea,Fertilizers,($/mt),242.5,0.0,17.15,29.33,195.73,-0.45
1981-04-01,1981,4,Urea,Fertilizers,($/mt),135.0,-44.33,-34.78,-31.23,64.63,-9.32
1981-05-01,1981,5,Urea,Fertilizers,($/mt),215.0,59.26,-11.34,4.88,162.2,4.28
1981-06-01,1981,6,Urea,Fertilizers,($/mt),215.0,0.0,-11.34,4.88,162.2,-0.12
1981-07-01,1981,7,Urea,Fertilizers,($/mt),180.0,-16.28,33.33,-12.2,119.51,-0.84
1981-08-01,1981,8,Urea,Fertilizers,($/mt),160.0,-11.11,-25.58,-21.95,95.12,-0.54
1981-09-01,1981,9,Urea,Fertilizers,($/mt),160.0,0.0,-25.58,-22.71,95.12,-0.02
1981-10-01,1981,10,Urea,Fertilizers,($/mt),160.0,0.0,-11.11,-22.71,95.12,-0.02
1981-11-01,1981,11,Urea,Fertilizers,($/mt),136.5,-14.69,-14.69,-34.06,66.46,-0.64
1981-12-01,1981,12,Urea,Fertilizers,($/mt),136.5,0.0,-14.69,-34.06,66.46,0.03
1982-01-01,1982,1,Urea,Fertilizers,($/mt),112.5,-17.58,-29.69,-45.65,-2.17,-0.7
1982-02-01,1982,2,Urea,Fertilizers,($/mt),130.0,15.56,-4.76,-46.39,29.35,0.73
1982-03-01,1982,3,Urea,Fertilizers,($/mt),130.0,0.0,-4.76,-46.39,29.35,0.1
1982-04-01,1982,4,Urea,Fertilizers,($/mt),122.5,-5.77,8.89,-9.26,11.87,-0.14
1982-05-01,1982,5,Urea,Fertilizers,($/mt),122.5,0.0,-5.77,-43.02,5.51,-0.04
1982-06-01,1982,6,Urea,Fertilizers,($/mt),122.5,0.0,-5.77,-43.02,2.08,0.44
1982-07-01,1982,7,Urea,Fertilizers,($/mt),122.5,0.0,0.0,-31.94,-0.49,0.44
1982-08-01,1982,8,Urea,Fertilizers,($/mt),125.0,2.04,2.04,-21.88,-3.55,0.56
1982-09-01,1982,9,Urea,Fertilizers,($/mt),125.0,0.0,2.04,-21.88,-5.66,0.2
1982-10-01,1982,10,Urea,Fertilizers,($/mt),127.5,2.0,4.08,-20.31,-2.67,0.44
1982-11-01,1982,11,Urea,Fertilizers,($/mt),127.5,0.0,2.0,-6.59,-6.93,0.18
1982-12-01,1982,12,Urea,Fertilizers,($/mt),120.0,-5.88,-4.0,-12.09,-10.65,-0.76
1983-01-01,1983,1,Urea,Fertilizers,($/mt),124.5,3.75,-2.35,10.67,-6.39,0.61
1983-02-01,1983,2,Urea,Fertilizers,($/mt),124.5,0.0,-2.35,-4.23,-7.64,-0.18
1983-03-01,1983,3,Urea,Fertilizers,($/mt),120.0,-3.61,0.0,-7.69,-10.78,-1.16
1983-04-01,1983,4,Urea,Fertilizers,($/mt),109.0,-9.17,-12.45,-11.02,-18.66,-2.85
1983-05-01,1983,5,Urea,Fertilizers,($/mt),101.5,-6.88,-18.47,-17.14,-22.4,-1.65
1983-06-01,1983,6,Urea,Fertilizers,($/mt),120.0,18.23,0.0,-2.04,-9.43,4.94
1983-07-01,1983,7,Urea,Fertilizers,($/mt),109.0,-9.17,0.0,-11.02,-23.24,-1.32
1983-08-01,1983,8,Urea,Fertilizers,($/mt),110.5,1.38,8.87,-11.6,-22.46,0.28
1983-09-01,1983,9,Urea,Fertilizers,($/mt),110.5,0.0,-7.92,-11.6,-17.9,0.1
1983-10-01,1983,10,Urea,Fertilizers,($/mt),114.0,3.17,4.59,-10.59,-13.64,0.53
1983-11-01,1983,11,Urea,Fertilizers,($/mt),115.5,1.32,4.52,-9.41,-17.97,0.27
1983-12-01,1983,12,Urea,Fertilizers,($/mt),115.5,0.0,4.52,-3.75,-18.09,0.08
1984-01-01,1984,1,Urea,Fertilizers,($/mt),116.5,0.87,2.19,-6.43,-18.53,0.13
1984-02-01,1984,2,Urea,Fertilizers,($/mt),118.0,1.29,2.16,-5.22,-17.48,0.22
1984-03-01,1984,3,Urea,Fertilizers,($/mt),141.0,19.49,22.08,17.5,6.9,2.72
1984-04-01,1984,4,Urea,Fertilizers,($/mt),127.5,-9.57,9.44,16.97,-5.56,-1.24
1984-05-01,1984,5,Urea,Fertilizers,($/mt),147.5,15.69,25.0,45.32,4.02,1.53
1984-06-01,1984,6,Urea,Fertilizers,($/mt),155.0,5.08,9.93,29.17,4.38,0.16
1984-07-01,1984,7,Urea,Fertilizers,($/mt),162.5,4.84,27.45,49.08,4.57,0.28
1984-08-01,1984,8,Urea,Fertilizers,($/mt),165.0,1.54,11.86,49.32,3.12,-0.28
1984-09-01,1984,9,Urea,Fertilizers,($/mt),165.0,0.0,6.45,49.32,0.73,-0.48
1984-10-01,1984,10,Urea,Fertilizers,($/mt),172.0,4.24,5.85,50.88,2.69,0.08
1984-11-01,1984,11,Urea,Fertilizers,($/mt),166.0,-3.49,0.61,43.72,-2.35,-0.96
1984-12-01,1984,12,Urea,Fertilizers,($/mt),166.0,0.0,0.61,43.72,-5.84,-0.43
1985-01-01,1985,1,Urea,Fertilizers,($/mt),168.5,1.51,-2.03,44.64,-10.13,-0.23
1985-02-01,1985,2,Urea,Fertilizers,($/mt),168.5,0.0,1.51,42.8,-10.13,-0.43
1985-03-01,1985,3,Urea,Fertilizers,($/mt),105.0,-37.69,-36.75,-25.53,-44.0,-5.24
1985-04-01,1985,4,Urea,Fertilizers,($/mt),107.5,2.38,-36.2,-15.69,-45.24,0.3
1985-05-01,1985,5,Urea,Fertilizers,($/mt),127.5,18.6,-24.33,-13.56,-37.8,1.51
1985-06-01,1985,6,Urea,Fertilizers,($/mt),112.5,-11.76,7.14,-27.42,-45.12,-0.89
1985-07-01,1985,7,Urea,Fertilizers,($/mt),109.5,-2.67,1.86,-32.62,-46.59,-0.08
1985-08-01,1985,8,Urea,Fertilizers,($/mt),97.5,-10.96,-23.53,-40.91,-52.44,-0.66
1985-09-01,1985,9,Urea,Fertilizers,($/mt),87.5,-10.26,-22.22,-46.97,-57.73,-0.52
1985-10-01,1985,10,Urea,Fertilizers,($/mt),80.5,-8.0,-26.48,-53.2,-61.11,-0.29
1985-11-01,1985,11,Urea,Fertilizers,($/mt),87.5,8.7,-10.26,-47.29,-57.73,1.06
1985-12-01,1985,12,Urea,Fertilizers,($/mt),87.5,0.0,0.0,-47.29,-57.73,0.3
1986-01-01,1986,1,Urea,Fertilizers,($/mt),82.5,-5.71,2.48,-51.04,-60.14,-0.11
1986-02-01,1986,2,Urea,Fertilizers,($/mt),77.0,-6.67,-12.0,-54.3,-68.25,-0.14
1986-03-01,1986,3,Urea,Fertilizers,($/mt),77.0,0.0,-12.0,-26.67,-68.25,0.39
1986-04-01,1986,4,Urea,Fertilizers,($/mt),72.5,-5.84,-12.12,-32.56,-46.3,-0.41
1986-05-01,1986,5,Urea,Fertilizers,($/mt),72.5,0.0,-5.84,-43.14,-66.28,0.32
1986-06-01,1986,6,Urea,Fertilizers,($/mt),72.5,0.0,-5.84,-35.56,-66.28,0.75
1986-07-01,1986,7,Urea,Fertilizers,($/mt),67.5,-6.9,-6.9,-38.36,-62.5,-0.62
1986-08-01,1986,8,Urea,Fertilizers,($/mt),71.0,5.19,-2.07,-27.18,-55.62,1.59
1986-09-01,1986,9,Urea,Fertilizers,($/mt),65.0,-8.45,-10.34,-25.71,-59.38,-1.05
1986-10-01,1986,10,Urea,Fertilizers,($/mt),62.5,-3.85,-7.41,-22.36,-60.94,-0.28
1986-11-01,1986,11,Urea,Fertilizers,($/mt),64.5,3.2,-9.15,-26.29,-52.75,0.99
1986-12-01,1986,12,Urea,Fertilizers,($/mt),64.5,0.0,-0.77,-26.29,-52.75,0.55
1987-01-01,1987,1,Urea,Fertilizers,($/mt),64.0,-0.78,2.4,-22.42,-43.11,0.37
1987-02-01,1987,2,Urea,Fertilizers,($/mt),68.0,6.25,5.43,-11.69,-47.69,1.93
1987-03-01,1987,3,Urea,Fertilizers,($/mt),70.5,3.68,9.3,-8.44,-45.77,1.0
1987-04-01,1987,4,Urea,Fertilizers,($/mt),77.5,9.93,21.09,6.9,-36.73,2.2
1987-05-01,1987,5,Urea,Fertilizers,($/mt),87.5,12.9,28.68,20.69,-28.57,2.28
1987-06-01,1987,6,Urea,Fertilizers,($/mt),87.5,0.0,24.11,20.69,-28.57,-0.28
1987-07-01,1987,7,Urea,Fertilizers,($/mt),87.5,0.0,12.9,29.63,-28.57,-0.28
1987-08-01,1987,8,Urea,Fertilizers,($/mt),85.0,-2.86,-2.86,19.72,-32.0,-0.89
1987-09-01,1987,9,Urea,Fertilizers,($/mt),85.0,0.0,-2.86,30.77,-32.0,-0.28
1987-10-01,1987,10,Urea,Fertilizers,($/mt),92.5,8.82,5.71,48.0,-27.45,1.27
1987-11-01,1987,11,Urea,Fertilizers,($/mt),92.5,0.0,8.82,43.41,-27.45,-0.69
1987-12-01,1987,12,Urea,Fertilizers,($/mt),92.5,0.0,8.82,43.41,-22.92,-0.62
1988-01-01,1988,1,Urea,Fertilizers,($/mt),92.5,0.0,0.0,44.53,-25.7,-0.62
1988-02-01,1988,2,Urea,Fertilizers,($/mt),97.5,5.41,5.41,43.38,-21.69,0.43
1988-03-01,1988,3,Urea,Fertilizers,($/mt),105.0,7.69,13.51,48.94,-12.5,0.91
1988-04-01,1988,4,Urea,Fertilizers,($/mt),97.5,-7.14,5.41,25.81,-10.55,-2.06
1988-05-01,1988,5,Urea,Fertilizers,($/mt),110.0,12.82,12.82,25.71,8.37,1.93
1988-06-01,1988,6,Urea,Fertilizers,($/mt),110.0,0.0,4.76,25.71,-8.33,-0.37
1988-07-01,1988,7,Urea,Fertilizers,($/mt),110.0,0.0,12.82,25.71,0.92,-0.37
1988-08-01,1988,8,Urea,Fertilizers,($/mt),130.0,18.18,18.18,52.94,17.65,2.9
1988-09-01,1988,9,Urea,Fertilizers,($/mt),130.0,0.0,18.18,52.94,17.65,-0.55
1988-10-01,1988,10,Urea,Fertilizers,($/mt),130.0,0.0,18.18,40.54,14.04,-0.55
1988-11-01,1988,11,Urea,Fertilizers,($/mt),130.0,0.0,0.0,40.54,12.55,-0.45
1988-12-01,1988,12,Urea,Fertilizers,($/mt),120.0,-7.69,-7.69,29.73,3.9,-1.57
1989-01-01,1989,1,Urea,Fertilizers,($/mt),120.0,0.0,-7.69,29.73,3.0,-0.32
1989-02-01,1989,2,Urea,Fertilizers,($/mt),120.0,0.0,-7.69,23.08,1.69,-0.32
1989-03-01,1989,3,Urea,Fertilizers,($/mt),120.0,0.0,0.0,14.29,-14.89,-0.27
1989-04-01,1989,4,Urea,Fertilizers,($/mt),113.5,-5.42,-5.42,16.41,-10.98,-0.93
1989-05-01,1989,5,Urea,Fertilizers,($/mt),113.5,0.0,-5.42,3.18,-23.05,-0.21
1989-06-01,1989,6,Urea,Fertilizers,($/mt),113.5,0.0,-5.42,3.18,-26.77,-0.07
1989-07-01,1989,7,Urea,Fertilizers,($/mt),113.5,0.0,0.0,3.18,-30.15,-0.07
1989-08-01,1989,8,Urea,Fertilizers,($/mt),82.5,-27.31,-27.31,-36.54,-50.0,-4.5
1989-09-01,1989,9,Urea,Fertilizers,($/mt),82.5,0.0,-27.31,-36.54,-50.0,0.42
1989-10-01,1989,10,Urea,Fertilizers,($/mt),72.5,-12.12,-36.12,-44.23,-57.85,-1.1
1989-11-01,1989,11,Urea,Fertilizers,($/mt),86.0,18.62,4.24,-33.85,-48.19,2.78
1989-12-01,1989,12,Urea,Fertilizers,($/mt),98.0,13.95,18.79,-18.33,-40.96,1.59
1990-01-01,1990,1,Urea,Fertilizers,($/mt),104.5,6.63,44.14,-12.92,-37.98,0.67
1990-02-01,1990,2,Urea,Fertilizers,($/mt),106.3,1.72,23.6,-11.42,-36.91,0.19
1990-03-01,1990,3,Urea,Fertilizers,($/mt),111.0,4.42,13.27,-7.5,5.71,0.41
1990-04-01,1990,4,Urea,Fertilizers,($/mt),111.0,0.0,6.22,-2.2,3.26,-0.0
1990-05-01,1990,5,Urea,Fertilizers,($/mt),107.0,-3.6,0.66,-5.73,-16.08,-0.35
1990-06-01,1990,6,Urea,Fertilizers,($/mt),107.0,0.0,-3.6,-5.73,-4.89,-0.02
1990-07-01,1990,7,Urea,Fertilizers,($/mt),107.0,0.0,-3.6,-5.73,-2.28,-0.02
1990-08-01,1990,8,Urea,Fertilizers,($/mt),114.9,7.38,7.38,39.27,17.85,0.61
1990-09-01,1990,9,Urea,Fertilizers,($/mt),90.6,-21.15,-15.33,9.82,3.54,-3.02
1990-10-01,1990,10,Urea,Fertilizers,($/mt),136.5,50.66,27.57,88.28,69.57,4.63
1990-11-01,1990,11,Urea,Fertilizers,($/mt),144.5,5.86,25.76,68.02,65.14,-0.04
1990-12-01,1990,12,Urea,Fertilizers,($/mt),147.5,2.08,62.8,50.51,68.57,-0.21
1991-01-01,1991,1,Urea,Fertilizers,($/mt),151.0,2.37,10.62,44.5,83.03,-0.13
1991-02-01,1991,2,Urea,Fertilizers,($/mt),151.0,0.0,4.5,42.05,96.1,-0.25
1991-03-01,1991,3,Urea,Fertilizers,($/mt),145.0,-3.97,-1.69,30.63,88.31,-0.49
1991-04-01,1991,4,Urea,Fertilizers,($/mt),143.5,-1.03,-4.97,29.28,97.93,-0.26
1991-05-01,1991,5,Urea,Fertilizers,($/mt),138.5,-3.48,-8.28,29.44,91.03,-0.4
1991-06-01,1991,6,Urea,Fertilizers,($/mt),135.5,-2.17,-6.55,26.64,86.9,-0.33
1991-07-01,1991,7,Urea,Fertilizers,($/mt),132.5,-2.21,-7.67,23.83,96.3,-0.32
1991-08-01,1991,8,Urea,Fertilizers,($/mt),132.5,0.0,-4.33,15.32,86.62,-0.17
1991-09-01,1991,9,Urea,Fertilizers,($/mt),132.5,0.0,-2.21,46.25,103.85,-0.14
1991-10-01,1991,10,Urea,Fertilizers,($/mt),132.5,0.0,0.0,-2.93,112.0,-0.27
1991-11-01,1991,11,Urea,Fertilizers,($/mt),134.4,1.43,1.43,-6.99,108.37,0.6
1991-12-01,1991,12,Urea,Fertilizers,($/mt),131.9,-1.86,-0.45,-10.58,104.5,-0.62
1992-01-01,1992,1,Urea,Fertilizers,($/mt),122.5,-7.13,-7.55,-18.87,91.41,-3.27
1992-02-01,1992,2,Urea,Fertilizers,($/mt),120.6,-1.55,-10.27,-20.13,77.35,0.06
1992-03-01,1992,3,Urea,Fertilizers,($/mt),120.0,-0.5,-9.02,-17.24,70.21,0.59
1992-04-01,1992,4,Urea,Fertilizers,($/mt),120.0,0.0,-2.04,-16.38,54.84,0.7
1992-05-01,1992,5,Urea,Fertilizers,($/mt),120.0,0.0,-0.5,-13.36,37.14,0.65
1992-06-01,1992,6,Urea,Fertilizers,($/mt),120.0,0.0,0.0,-11.44,37.14,0.53
1992-07-01,1992,7,Urea,Fertilizers,($/mt),120.0,0.0,0.0,-9.43,37.14,0.45
1992-08-01,1992,8,Urea,Fertilizers,($/mt),120.0,0.0,0.0,-9.43,41.18,0.37
1992-09-01,1992,9,Urea,Fertilizers,($/mt),120.0,0.0,0.0,-9.43,41.18,0.37
1992-10-01,1992,10,Urea,Fertilizers,($/mt),116.9,-2.58,-2.58,-11.77,26.38,-0.83
1992-11-01,1992,11,Urea,Fertilizers,($/mt),107.5,-8.04,-10.42,-20.01,16.22,-3.19
1992-12-01,1992,12,Urea,Fertilizers,($/mt),103.8,-3.44,-13.5,-21.3,12.22,-0.58
1993-01-01,1993,1,Urea,Fertilizers,($/mt),102.5,-1.25,-12.32,-16.33,10.81,0.24
1993-02-01,1993,2,Urea,Fertilizers,($/mt),102.5,0.0,-4.65,-15.01,5.13,0.61
1993-03-01,1993,3,Urea,Fertilizers,($/mt),86.2,-15.9,-16.96,-28.17,-17.9,-6.04
1993-04-01,1993,4,Urea,Fertilizers,($/mt),81.0,-6.03,-20.98,-32.5,-16.92,-0.71
1993-05-01,1993,5,Urea,Fertilizers,($/mt),81.0,0.0,-20.98,-32.5,-26.36,0.64
1993-06-01,1993,6,Urea,Fertilizers,($/mt),81.0,0.0,-6.03,-32.5,-26.36,0.64
1993-07-01,1993,7,Urea,Fertilizers,($/mt),81.0,0.0,0.0,-32.5,-26.36,0.64
1993-08-01,1993,8,Urea,Fertilizers,($/mt),81.0,0.0,0.0,-32.5,-37.69,0.64
1993-09-01,1993,9,Urea,Fertilizers,($/mt),81.0,0.0,0.0,-32.5,-37.69,0.64
1993-10-01,1993,10,Urea,Fertilizers,($/mt),81.0,0.0,0.0,-30.71,-37.69,0.64
1993-11-01,1993,11,Urea,Fertilizers,($/mt),82.8,2.22,2.22,-22.98,-36.31,1.04
1993-12-01,1993,12,Urea,Fertilizers,($/mt),85.5,3.26,5.56,-17.63,-28.75,1.09
1994-01-01,1994,1,Urea,Fertilizers,($/mt),85.5,0.0,5.56,-16.59,-28.75,0.29
1994-02-01,1994,2,Urea,Fertilizers,($/mt),85.5,0.0,3.26,-16.59,-28.75,0.27
1994-03-01,1994,3,Urea,Fertilizers,($/mt),98.6,15.32,15.32,14.39,-17.83,3.3
1994-04-01,1994,4,Urea,Fertilizers,($/mt),103.5,4.97,21.05,27.78,-8.81,0.76
1994-05-01,1994,5,Urea,Fertilizers,($/mt),103.5,0.0,21.05,27.78,-8.81,-0.48
1994-06-01,1994,6,Urea,Fertilizers,($/mt),103.5,0.0,4.97,27.78,-8.81,-0.48
1994-07-01,1994,7,Urea,Fertilizers,($/mt),106.5,2.9,2.9,31.48,-6.17,0.17
1994-08-01,1994,8,Urea,Fertilizers,($/mt),88.0,-17.37,-14.98,8.64,6.67,-4.47
1994-09-01,1994,9,Urea,Fertilizers,($/mt),88.0,0.0,-14.98,8.64,6.67,-0.13
1994-10-01,1994,10,Urea,Fertilizers,($/mt),88.0,0.0,-17.37,8.64,21.38,-0.13
1994-11-01,1994,11,Urea,Fertilizers,($/mt),88.0,0.0,0.0,6.28,2.33,-0.13
1994-12-01,1994,12,Urea,Fertilizers,($/mt),88.0,0.0,0.0,2.92,-10.2,-0.1
1995-01-01,1995,1,Urea,Fertilizers,($/mt),159.6,81.36,81.36,86.67,52.73,11.27
1995-02-01,1995,2,Urea,Fertilizers,($/mt),177.5,11.22,101.7,107.6,66.98,0.16
1995-03-01,1995,3,Urea,Fertilizers,($/mt),191.3,7.77,117.39,94.02,72.34,-0.02
1995-04-01,1995,4,Urea,Fertilizers,($/mt),205.0,7.16,28.45,98.07,84.68,-0.02
1995-05-01,1995,5,Urea,Fertilizers,($/mt),159.0,-22.44,-10.42,53.62,48.6,-1.25
1995-06-01,1995,6,Urea,Fertilizers,($/mt),90.0,-43.4,-52.95,-13.04,-15.89,-1.92
1995-07-01,1995,7,Urea,Fertilizers,($/mt),90.0,0.0,-56.1,-15.49,-15.89,-0.08
1995-08-01,1995,8,Urea,Fertilizers,($/mt),90.0,0.0,-43.4,2.27,-21.67,-0.07
1995-09-01,1995,9,Urea,Fertilizers,($/mt),90.0,0.0,0.0,2.27,-0.66,-0.12
1995-10-01,1995,10,Urea,Fertilizers,($/mt),90.0,0.0,0.0,2.27,-34.07,-0.12
1995-11-01,1995,11,Urea,Fertilizers,($/mt),90.0,0.0,0.0,2.27,-37.72,-0.12
1995-12-01,1995,12,Urea,Fertilizers,($/mt),90.0,0.0,0.0,2.27,-38.98,-0.12
1996-01-01,1996,1,Urea,Fertilizers,($/mt),90.0,0.0,0.0,-43.61,-40.4,-0.12
1996-02-01,1996,2,Urea,Fertilizers,($/mt),90.0,0.0,0.0,-49.3,-40.4,0.22
1996-03-01,1996,3,Urea,Fertilizers,($/mt),90.0,0.0,0.0,-52.95,-37.93,0.29
1996-04-01,1996,4,Urea,Fertilizers,($/mt),160.4,78.22,78.22,-21.76,11.78,5.94
1996-05-01,1996,5,Urea,Fertilizers,($/mt),169.5,5.67,88.33,6.6,22.38,0.17
1996-06-01,1996,6,Urea,Fertilizers,($/mt),172.1,1.53,91.22,91.22,27.01,-0.07
1996-07-01,1996,7,Urea,Fertilizers,($/mt),184.5,7.21,15.02,105.0,39.25,0.0
1996-08-01,1996,8,Urea,Fertilizers,($/mt),187.0,1.36,10.32,107.78,41.13,-0.28
1996-09-01,1996,9,Urea,Fertilizers,($/mt),181.4,-2.99,5.4,101.56,36.91,-0.49
1996-10-01,1996,10,Urea,Fertilizers,($/mt),172.3,-5.02,-6.61,91.44,30.04,-0.56
1996-11-01,1996,11,Urea,Fertilizers,($/mt),172.6,0.17,-7.7,91.78,28.42,-0.31
1996-12-01,1996,12,Urea,Fertilizers,($/mt),174.5,1.1,-3.8,93.89,32.3,-0.27
1997-01-01,1997,1,Urea,Fertilizers,($/mt),173.5,-0.57,0.7,92.78,41.63,-0.35
1997-02-01,1997,2,Urea,Fertilizers,($/mt),160.4,-7.55,-7.07,78.22,33.0,-0.65
1997-03-01,1997,3,Urea,Fertilizers,($/mt),148.0,-7.73,-15.19,64.44,23.33,-0.63
1997-04-01,1997,4,Urea,Fertilizers,($/mt),135.0,-8.78,-22.19,-15.84,12.5,-0.63
1997-05-01,1997,5,Urea,Fertilizers,($/mt),113.1,-16.22,-29.49,-33.27,-5.75,-2.87
1997-06-01,1997,6,Urea,Fertilizers,($/mt),108.5,-4.07,-26.69,-36.96,-9.58,-0.15
1997-07-01,1997,7,Urea,Fertilizers,($/mt),112.5,3.69,-16.67,-39.02,-6.25,1.19
1997-08-01,1997,8,Urea,Fertilizers,($/mt),102.5,-8.89,-9.37,-45.19,-14.58,-0.9
1997-09-01,1997,9,Urea,Fertilizers,($/mt),88.3,-13.85,-18.62,-51.32,-26.42,-1.66
1997-10-01,1997,10,Urea,Fertilizers,($/mt),87.5,-0.91,-22.22,-49.22,-25.15,0.78
1997-11-01,1997,11,Urea,Fertilizers,($/mt),90.6,3.54,-11.61,-47.51,-15.72,1.43
1997-12-01,1997,12,Urea,Fertilizers,($/mt),90.0,-0.66,1.93,-48.42,-13.29,0.67
1998-01-01,1998,1,Urea,Fertilizers,($/mt),86.3,-4.11,-1.37,-50.26,-15.8,0.16
1998-02-01,1998,2,Urea,Fertilizers,($/mt),77.5,-10.2,-14.46,-51.68,-24.39,-0.76
1998-03-01,1998,3,Urea,Fertilizers,($/mt),84.5,9.03,-6.11,-42.91,-1.97,2.3
1998-04-01,1998,4,Urea,Fertilizers,($/mt),100.0,18.34,15.87,-25.93,23.46,2.97
1998-05-01,1998,5,Urea,Fertilizers,($/mt),95.0,-5.0,22.58,-16.0,17.28,-0.3
1998-06-01,1998,6,Urea,Fertilizers,($/mt),88.4,-6.95,4.62,-18.53,9.14,-0.66
1998-07-01,1998,7,Urea,Fertilizers,($/mt),86.0,-2.71,-14.0,-23.56,6.17,-0.15
1998-08-01,1998,8,Urea,Fertilizers,($/mt),85.5,-0.58,-10.0,-16.59,5.56,0.14
1998-09-01,1998,9,Urea,Fertilizers,($/mt),83.6,-2.22,-5.43,-5.32,3.21,-0.12
1998-10-01,1998,10,Urea,Fertilizers,($/mt),75.6,-9.57,-12.09,-13.6,-6.67,-1.23
1998-11-01,1998,11,Urea,Fertilizers,($/mt),70.7,-6.48,-17.31,-21.96,-14.61,-0.69
1998-12-01,1998,12,Urea,Fertilizers,($/mt),65.5,-7.36,-21.65,-27.22,-23.39,-0.69
1999-01-01,1999,1,Urea,Fertilizers,($/mt),64.5,-1.53,-14.68,-25.26,-24.56,0.1
1999-02-01,1999,2,Urea,Fertilizers,($/mt),64.0,-0.78,-9.48,-17.42,-25.15,0.16
1999-03-01,1999,3,Urea,Fertilizers,($/mt),75.5,17.97,15.27,-10.65,-23.43,2.46
1999-04-01,1999,4,Urea,Fertilizers,($/mt),64.5,-14.57,0.0,-35.5,-37.68,-1.52
1999-05-01,1999,5,Urea,Fertilizers,($/mt),64.9,0.62,1.41,-31.68,-37.29,0.5
1999-06-01,1999,6,Urea,Fertilizers,($/mt),63.8,-1.69,-15.5,-27.83,-38.36,0.15
1999-07-01,1999,7,Urea,Fertilizers,($/mt),62.8,-1.57,-2.64,-26.98,-41.03,0.11
1999-08-01,1999,8,Urea,Fertilizers,($/mt),65.7,4.62,1.23,-23.16,-25.34,0.89
1999-09-01,1999,9,Urea,Fertilizers,($/mt),67.5,2.74,5.8,-19.26,-23.3,0.57
1999-10-01,1999,10,Urea,Fertilizers,($/mt),65.4,-3.11,4.14,-13.49,-25.68,-0.2
1999-11-01,1999,11,Urea,Fertilizers,($/mt),66.0,0.92,0.46,-6.65,-25.0,0.24
1999-12-01,1999,12,Urea,Fertilizers,($/mt),66.8,1.21,-1.04,1.98,-24.09,0.2
2000-01-01,2000,1,Urea,Fertilizers,($/mt),77.4,15.87,18.35,20.0,-51.5,2.12
2000-02-01,2000,2,Urea,Fertilizers,($/mt),90.1,16.41,36.52,40.78,-49.24,1.71
2000-03-01,2000,3,Urea,Fertilizers,($/mt),88.8,-1.44,32.93,17.62,-53.58,-0.5
2000-04-01,2000,4,Urea,Fertilizers,($/mt),83.3,-6.19,7.62,29.15,-59.37,-0.95
2000-05-01,2000,5,Urea,Fertilizers,($/mt),91.0,9.24,1.0,40.22,-42.77,0.98
2000-06-01,2000,6,Urea,Fertilizers,($/mt),105.1,15.49,18.36,64.73,16.78,1.71
2000-07-01,2000,7,Urea,Fertilizers,($/mt),121.7,15.79,46.1,93.79,35.22,1.43
2000-08-01,2000,8,Urea,Fertilizers,($/mt),133.4,9.61,46.59,103.04,48.22,0.44
2000-09-01,2000,9,Urea,Fertilizers,($/mt),113.9,-14.62,8.37,68.74,26.56,-2.53
2000-10-01,2000,10,Urea,Fertilizers,($/mt),111.1,-2.46,-8.71,69.88,23.44,-0.72
2000-11-01,2000,11,Urea,Fertilizers,($/mt),99.4,-10.53,-25.49,50.61,10.44,-1.52
2000-12-01,2000,12,Urea,Fertilizers,($/mt),96.0,-3.42,-15.72,43.71,6.67,-0.67
2001-01-01,2001,1,Urea,Fertilizers,($/mt),121.0,26.04,8.91,56.33,34.44,1.98
2001-02-01,2001,2,Urea,Fertilizers,($/mt),105.3,-12.98,5.94,16.87,17.0,-1.38
2001-03-01,2001,3,Urea,Fertilizers,($/mt),98.9,-6.08,3.02,11.37,9.89,-0.63
2001-04-01,2001,4,Urea,Fertilizers,($/mt),95.3,-3.64,-21.24,14.41,-40.59,-0.4
2001-05-01,2001,5,Urea,Fertilizers,($/mt),85.0,-10.81,-19.28,-6.59,-49.85,-0.97
2001-06-01,2001,6,Urea,Fertilizers,($/mt),87.5,2.94,-11.53,-16.75,-49.16,0.21
2001-07-01,2001,7,Urea,Fertilizers,($/mt),87.5,0.0,-8.18,-28.1,-52.57,0.07
2001-08-01,2001,8,Urea,Fertilizers,($/mt),88.8,1.49,4.47,-33.43,-52.51,0.32
2001-09-01,2001,9,Urea,Fertilizers,($/mt),94.5,6.42,8.0,-17.03,-47.91,0.86
2001-10-01,2001,10,Urea,Fertilizers,($/mt),96.1,1.69,9.83,-13.5,-44.23,0.27
2001-11-01,2001,11,Urea,Fertilizers,($/mt),96.5,0.42,8.67,-2.92,-44.09,0.11
2001-12-01,2001,12,Urea,Fertilizers,($/mt),101.2,4.87,7.09,5.42,-42.01,0.47
2002-01-01,2002,1,Urea,Fertilizers,($/mt),104.1,2.87,8.32,-13.97,-40.0,0.2
2002-02-01,2002,2,Urea,Fertilizers,($/mt),99.6,-4.32,3.21,-5.41,-37.91,-0.53
2002-03-01,2002,3,Urea,Fertilizers,($/mt),90.3,-9.34,-10.77,-8.7,-38.99,-1.81
2002-04-01,2002,4,Urea,Fertilizers,($/mt),84.7,-6.2,-18.64,-11.12,-37.26,-1.04
2002-05-01,2002,5,Urea,Fertilizers,($/mt),85.5,0.94,-14.16,0.59,-24.4,0.32
2002-06-01,2002,6,Urea,Fertilizers,($/mt),92.8,8.54,2.77,6.06,-14.47,1.83
2002-07-01,2002,7,Urea,Fertilizers,($/mt),94.2,1.51,11.22,7.66,-16.27,0.17
2002-08-01,2002,8,Urea,Fertilizers,($/mt),105.0,11.46,22.81,18.24,2.44,2.08
2002-09-01,2002,9,Urea,Fertilizers,($/mt),93.0,-11.43,0.22,-1.59,5.32,-2.16
2002-10-01,2002,10,Urea,Fertilizers,($/mt),92.3,-0.75,-2.02,-3.95,5.49,-0.12
2002-11-01,2002,11,Urea,Fertilizers,($/mt),92.3,0.0,-12.1,-4.35,1.88,0.02
2002-12-01,2002,12,Urea,Fertilizers,($/mt),99.4,7.69,6.88,-1.78,10.44,1.15
2003-01-01,2003,1,Urea,Fertilizers,($/mt),112.0,12.68,21.34,7.59,29.78,1.78
2003-02-01,2003,2,Urea,Fertilizers,($/mt),132.1,17.95,43.12,32.63,70.45,2.15
2003-03-01,2003,3,Urea,Fertilizers,($/mt),138.9,5.15,39.74,53.82,64.38,0.26
2003-04-01,2003,4,Urea,Fertilizers,($/mt),118.6,-14.61,5.89,40.02,18.6,-2.24
2003-05-01,2003,5,Urea,Fertilizers,($/mt),128.1,8.01,-3.03,49.82,34.84,0.5
2003-06-01,2003,6,Urea,Fertilizers,($/mt),133.9,4.53,-3.6,44.29,51.47,0.07
2003-07-01,2003,7,Urea,Fertilizers,($/mt),142.8,6.65,20.4,51.59,66.05,0.33
2003-08-01,2003,8,Urea,Fertilizers,($/mt),141.5,-0.91,10.46,34.76,65.5,-0.51
2003-09-01,2003,9,Urea,Fertilizers,($/mt),146.8,3.75,9.63,57.85,75.6,0.09
2003-10-01,2003,10,Urea,Fertilizers,($/mt),150.6,2.59,5.46,63.16,99.21,-0.2
2003-11-01,2003,11,Urea,Fertilizers,($/mt),153.5,1.93,8.48,66.31,117.11,-0.32
2003-12-01,2003,12,Urea,Fertilizers,($/mt),159.4,3.84,8.58,60.36,143.36,-0.1
2004-01-01,2004,1,Urea,Fertilizers,($/mt),160.3,0.56,6.44,43.13,148.53,-0.48
2004-02-01,2004,2,Urea,Fertilizers,($/mt),134.5,-16.09,-12.38,1.82,110.16,-2.62
2004-03-01,2004,3,Urea,Fertilizers,($/mt),130.5,-2.97,-18.13,-6.05,72.85,-0.44
2004-04-01,2004,4,Urea,Fertilizers,($/mt),128.4,-1.61,-19.9,8.26,99.07,-0.18
2004-05-01,2004,5,Urea,Fertilizers,($/mt),135.9,5.84,1.04,6.09,109.4,0.8
2004-06-01,2004,6,Urea,Fertilizers,($/mt),158.3,16.48,21.3,18.22,148.12,2.61
2004-07-01,2004,7,Urea,Fertilizers,($/mt),185.0,16.87,44.08,29.55,194.59,2.01
2004-08-01,2004,8,Urea,Fertilizers,($/mt),196.2,6.05,44.37,38.66,198.63,0.41
2004-09-01,2004,9,Urea,Fertilizers,($/mt),218.1,11.16,37.78,48.57,223.11,0.93
2004-10-01,2004,10,Urea,Fertilizers,($/mt),242.1,11.0,30.86,60.76,270.18,0.81
2004-11-01,2004,11,Urea,Fertilizers,($/mt),224.5,-7.27,14.42,46.25,240.15,-1.27
2004-12-01,2004,12,Urea,Fertilizers,($/mt),185.3,-17.46,-15.04,16.25,177.4,-2.16
2005-01-01,2005,1,Urea,Fertilizers,($/mt),184.6,-0.38,-23.75,15.16,138.5,-0.2
2005-02-01,2005,2,Urea,Fertilizers,($/mt),185.8,0.65,-17.24,38.14,106.22,-0.1
2005-03-01,2005,3,Urea,Fertilizers,($/mt),217.1,16.85,17.16,66.36,144.48,1.35
2005-04-01,2005,4,Urea,Fertilizers,($/mt),242.1,11.52,31.15,88.55,190.64,0.63
2005-05-01,2005,5,Urea,Fertilizers,($/mt),256.0,5.74,37.78,88.37,181.32,-0.02
2005-06-01,2005,6,Urea,Fertilizers,($/mt),217.5,-15.04,0.18,37.4,106.95,-1.99
2005-07-01,2005,7,Urea,Fertilizers,($/mt),221.9,2.02,-8.34,19.95,82.33,-0.11
2005-08-01,2005,8,Urea,Fertilizers,($/mt),208.5,-6.04,-18.55,6.27,56.3,-0.76
2005-09-01,2005,9,Urea,Fertilizers,($/mt),210.4,0.91,-3.26,-3.53,84.72,-0.01
2005-10-01,2005,10,Urea,Fertilizers,($/mt),215.5,2.42,-2.88,-10.99,93.97,0.21
2005-11-01,2005,11,Urea,Fertilizers,($/mt),235.0,9.05,12.71,4.68,136.42,0.97
2005-12-01,2005,12,Urea,Fertilizers,($/mt),213.9,-8.98,1.66,15.43,122.81,-0.98
2006-01-01,2006,1,Urea,Fertilizers,($/mt),202.3,-5.42,-6.13,9.59,67.19,-0.79
2006-02-01,2006,2,Urea,Fertilizers,($/mt),213.9,5.73,-8.98,15.12,103.13,0.51
2006-03-01,2006,3,Urea,Fertilizers,($/mt),243.1,13.65,13.65,11.98,145.8,1.32
2006-04-01,2006,4,Urea,Fertilizers,($/mt),247.5,1.81,22.34,2.23,159.71,0.06
2006-05-01,2006,5,Urea,Fertilizers,($/mt),229.5,-7.27,7.29,-10.35,170.0,-0.96
2006-06-01,2006,6,Urea,Fertilizers,($/mt),210.0,-8.5,-13.62,-3.45,140.0,-0.97
2006-07-01,2006,7,Urea,Fertilizers,($/mt),205.5,-2.14,-16.97,-7.39,134.86,-0.29
2006-08-01,2006,8,Urea,Fertilizers,($/mt),210.5,2.43,-8.28,0.96,137.05,0.39
2006-09-01,2006,9,Urea,Fertilizers,($/mt),215.1,2.19,2.43,2.23,127.62,0.26
2006-10-01,2006,10,Urea,Fertilizers,($/mt),209.2,-2.74,1.8,-2.92,117.69,-0.44
2006-11-01,2006,11,Urea,Fertilizers,($/mt),227.4,8.7,8.03,-3.23,135.65,1.22
2006-12-01,2006,12,Urea,Fertilizers,($/mt),251.7,10.69,17.02,17.67,148.72,1.51
2007-01-01,2007,1,Urea,Fertilizers,($/mt),265.0,5.28,26.67,30.99,154.56,0.52
2007-02-01,2007,2,Urea,Fertilizers,($/mt),299.4,12.98,31.66,39.97,200.6,1.54
2007-03-01,2007,3,Urea,Fertilizers,($/mt),318.1,6.25,26.38,30.85,252.27,0.42
2007-04-01,2007,4,Urea,Fertilizers,($/mt),291.0,-8.52,9.81,17.58,243.57,-1.63
2007-05-01,2007,5,Urea,Fertilizers,($/mt),293.1,0.72,-2.1,27.71,242.81,-0.12
2007-06-01,2007,6,Urea,Fertilizers,($/mt),291.9,-0.41,-8.24,39.0,214.55,-0.39
2007-07-01,2007,7,Urea,Fertilizers,($/mt),269.5,-7.67,-7.39,31.14,186.09,-1.73
2007-08-01,2007,8,Urea,Fertilizers,($/mt),260.6,-3.3,-11.09,23.8,148.19,-0.86
2007-09-01,2007,9,Urea,Fertilizers,($/mt),305.0,17.04,4.49,41.79,227.96,2.16
2007-10-01,2007,10,Urea,Fertilizers,($/mt),323.8,6.16,20.15,54.78,250.81,0.36
2007-11-01,2007,11,Urea,Fertilizers,($/mt),366.3,13.13,40.56,61.08,296.86,1.14
2007-12-01,2007,12,Urea,Fertilizers,($/mt),401.7,9.66,31.7,59.59,304.12,0.64
2008-01-01,2008,1,Urea,Fertilizers,($/mt),376.6,-6.25,16.31,42.11,236.25,-1.27
2008-02-01,2008,2,Urea,Fertilizers,($/mt),328.1,-12.88,-10.43,9.59,148.37,-1.84
2008-03-01,2008,3,Urea,Fertilizers,($/mt),371.0,13.08,-7.64,16.63,167.1,1.27
2008-04-01,2008,4,Urea,Fertilizers,($/mt),462.5,24.66,22.81,58.93,289.97,2.32
2008-05-01,2008,5,Urea,Fertilizers,($/mt),633.8,37.04,93.17,116.24,394.77,2.88
2008-06-01,2008,6,Urea,Fertilizers,($/mt),642.0,1.29,73.05,119.94,379.46,-0.43
2008-07-01,2008,7,Urea,Fertilizers,($/mt),733.8,14.3,58.66,172.28,413.87,0.46
2008-08-01,2008,8,Urea,Fertilizers,($/mt),785.0,6.98,23.86,201.23,454.77,-0.18
2008-09-01,2008,9,Urea,Fertilizers,($/mt),744.5,-5.16,15.97,144.1,407.15,-1.17
2008-10-01,2008,10,Urea,Fertilizers,($/mt),575.0,-22.77,-21.64,77.58,281.81,-2.28
2008-11-01,2008,11,Urea,Fertilizers,($/mt),287.5,-50.0,-63.38,-21.51,87.3,-3.41
2008-12-01,2008,12,Urea,Fertilizers,($/mt),240.0,-16.52,-67.76,-40.25,50.56,-0.76
2009-01-01,2009,1,Urea,Fertilizers,($/mt),273.8,14.08,-52.38,-27.3,70.8,0.67
2009-02-01,2009,2,Urea,Fertilizers,($/mt),281.3,2.74,-2.16,-14.26,109.14,0.1
2009-03-01,2009,3,Urea,Fertilizers,($/mt),268.5,-4.55,11.87,-27.63,105.75,-0.27
2009-04-01,2009,4,Urea,Fertilizers,($/mt),245.6,-8.53,-10.3,-46.9,91.28,-0.38
2009-05-01,2009,5,Urea,Fertilizers,($/mt),236.3,-3.79,-16.0,-62.72,73.88,-0.06
2009-06-01,2009,6,Urea,Fertilizers,($/mt),239.7,1.44,-10.73,-62.66,51.42,0.42
2009-07-01,2009,7,Urea,Fertilizers,($/mt),243.8,1.71,-0.73,-66.78,31.78,0.43
2009-08-01,2009,8,Urea,Fertilizers,($/mt),251.5,3.16,6.43,-67.96,28.19,0.61
2009-09-01,2009,9,Urea,Fertilizers,($/mt),232.3,-7.63,-3.09,-68.8,6.51,-0.02
2009-10-01,2009,10,Urea,Fertilizers,($/mt),234.9,1.12,-3.65,-59.15,-2.97,0.53
2009-11-01,2009,11,Urea,Fertilizers,($/mt),243.5,3.66,-3.18,-15.3,8.46,0.58
2009-12-01,2009,12,Urea,Fertilizers,($/mt),262.0,7.6,12.79,9.17,41.39,1.12
2010-01-01,2010,1,Urea,Fertilizers,($/mt),266.5,1.72,13.45,-2.67,44.37,0.13
2010-02-01,2010,2,Urea,Fertilizers,($/mt),297.5,11.63,22.18,5.76,60.12,2.4
2010-03-01,2010,3,Urea,Fertilizers,($/mt),278.7,-6.32,6.37,3.8,28.37,-1.17
2010-04-01,2010,4,Urea,Fertilizers,($/mt),253.8,-8.93,-4.77,3.34,4.83,-1.55
2010-05-01,2010,5,Urea,Fertilizers,($/mt),234.0,-7.8,-21.34,-0.97,-8.59,-1.34
2010-06-01,2010,6,Urea,Fertilizers,($/mt),226.3,-3.29,-18.8,-5.59,4.05,-0.52
2010-07-01,2010,7,Urea,Fertilizers,($/mt),259.4,14.63,2.21,6.4,16.9,2.28
2010-08-01,2010,8,Urea,Fertilizers,($/mt),263.5,1.58,12.61,4.77,26.38,0.1
2010-09-01,2010,9,Urea,Fertilizers,($/mt),308.8,17.19,36.46,32.93,46.77,2.12
2010-10-01,2010,10,Urea,Fertilizers,($/mt),332.5,7.67,28.18,41.55,54.29,0.57
2010-11-01,2010,11,Urea,Fertilizers,($/mt),365.4,9.89,38.67,50.06,55.49,0.76
2010-12-01,2010,12,Urea,Fertilizers,($/mt),380.6,4.16,23.25,45.27,77.93,0.04
2011-01-01,2011,1,Urea,Fertilizers,($/mt),378.5,-0.55,13.83,42.03,87.1,-0.46
2011-02-01,2011,2,Urea,Fertilizers,($/mt),297.5,-21.4,-18.58,0.0,39.08,-2.76
2011-03-01,2011,3,Urea,Fertilizers,($/mt),278.7,-6.32,-26.77,0.0,14.64,-0.63
2011-04-01,2011,4,Urea,Fertilizers,($/mt),253.8,-8.93,-32.95,0.0,2.55,-0.86
2011-05-01,2011,5,Urea,Fertilizers,($/mt),234.0,-7.8,-21.34,0.0,1.96,-0.76
2011-06-01,2011,6,Urea,Fertilizers,($/mt),478.8,104.62,71.8,111.58,128.0,9.46
2011-07-01,2011,7,Urea,Fertilizers,($/mt),483.8,1.04,90.62,86.51,135.43,-0.27
2011-08-01,2011,8,Urea,Fertilizers,($/mt),475.5,-1.72,103.21,80.46,125.89,-0.32
2011-09-01,2011,9,Urea,Fertilizers,($/mt),508.8,7.0,6.27,64.77,136.54,-0.04
2011-10-01,2011,10,Urea,Fertilizers,($/mt),493.5,-3.01,2.0,48.42,135.9,-0.32
2011-11-01,2011,11,Urea,Fertilizers,($/mt),481.3,-2.47,1.22,31.72,111.65,-0.28
2011-12-01,2011,12,Urea,Fertilizers,($/mt),423.1,-12.09,-16.84,11.17,68.1,-0.54
2012-01-01,2012,1,Urea,Fertilizers,($/mt),368.0,-13.02,-25.43,-2.77,38.87,-0.53
2012-02-01,2012,2,Urea,Fertilizers,($/mt),375.0,1.9,-22.09,26.05,25.25,-0.03
2012-03-01,2012,3,Urea,Fertilizers,($/mt),393.1,4.83,-7.09,41.05,23.58,-0.0
2012-04-01,2012,4,Urea,Fertilizers,($/mt),494.4,25.77,34.35,94.8,69.9,0.63
2012-05-01,2012,5,Urea,Fertilizers,($/mt),513.1,3.78,36.83,119.27,75.06,-0.16
2012-06-01,2012,6,Urea,Fertilizers,($/mt),456.9,-10.95,16.23,-4.57,56.53,-0.66
2012-07-01,2012,7,Urea,Fertilizers,($/mt),307.5,-32.7,-37.8,-36.44,14.1,-3.13
2012-08-01,2012,8,Urea,Fertilizers,($/mt),382.5,24.39,-25.45,-19.56,46.78,1.92
2012-09-01,2012,9,Urea,Fertilizers,($/mt),384.4,0.5,-15.87,-24.45,26.03,0.06
2012-10-01,2012,10,Urea,Fertilizers,($/mt),349.0,-9.21,13.5,-29.28,7.78,-0.51
2012-11-01,2012,11,Urea,Fertilizers,($/mt),383.5,9.89,0.26,-20.32,4.7,0.71
2012-12-01,2012,12,Urea,Fertilizers,($/mt),375.8,-2.01,-2.24,-11.18,-6.45,-0.09
2013-01-01,2013,1,Urea,Fertilizers,($/mt),380.0,1.12,8.88,3.26,0.9,0.05
2013-02-01,2013,2,Urea,Fertilizers,($/mt),415.6,9.37,8.37,10.83,26.67,0.51
2013-03-01,2013,3,Urea,Fertilizers,($/mt),395.6,-4.81,5.27,0.64,6.63,-0.44
2013-04-01,2013,4,Urea,Fertilizers,($/mt),365.6,-7.58,-3.79,-26.05,-20.95,-0.56
2013-05-01,2013,5,Urea,Fertilizers,($/mt),358.1,-2.05,-13.84,-30.21,-43.5,-0.04
2013-06-01,2013,6,Urea,Fertilizers,($/mt),329.4,-8.01,-16.73,-27.91,-48.69,-0.44
2013-07-01,2013,7,Urea,Fertilizers,($/mt),312.5,-5.13,-14.52,1.63,-57.41,-0.25
2013-08-01,2013,8,Urea,Fertilizers,($/mt),310.6,-0.61,-13.26,-18.8,-60.43,-0.12
2013-09-01,2013,9,Urea,Fertilizers,($/mt),301.0,-3.09,-8.62,-21.7,-59.57,-0.25
2013-10-01,2013,10,Urea,Fertilizers,($/mt),296.9,-1.36,-4.99,-14.93,-48.37,0.08
2013-11-01,2013,11,Urea,Fertilizers,($/mt),305.0,2.73,-1.8,-20.47,6.09,0.68
2013-12-01,2013,12,Urea,Fertilizers,($/mt),305.0,0.0,1.33,-18.84,27.08,0.38
2014-01-01,2014,1,Urea,Fertilizers,($/mt),330.0,8.2,11.15,-13.16,20.53,2.05
2014-02-01,2014,2,Urea,Fertilizers,($/mt),353.1,7.0,15.77,-15.04,25.52,1.45
2014-03-01,2014,3,Urea,Fertilizers,($/mt),327.5,-7.25,7.38,-17.21,21.97,-1.17
2014-04-01,2014,4,Urea,Fertilizers,($/mt),260.0,-20.61,-21.21,-28.88,5.86,-3.58
2014-05-01,2014,5,Urea,Fertilizers,($/mt),265.0,1.92,-24.95,-26.0,12.15,0.59
2014-06-01,2014,6,Urea,Fertilizers,($/mt),288.8,8.98,-11.82,-12.33,20.48,1.45
2014-07-01,2014,7,Urea,Fertilizers,($/mt),305.0,5.61,17.31,-2.4,25.1,0.79
2014-08-01,2014,8,Urea,Fertilizers,($/mt),311.3,2.07,17.47,0.23,23.78,0.24
2014-09-01,2014,9,Urea,Fertilizers,($/mt),317.5,1.99,9.94,5.48,36.68,0.2
2014-10-01,2014,10,Urea,Fertilizers,($/mt),317.5,0.0,4.1,6.94,35.16,-0.1
2014-11-01,2014,11,Urea,Fertilizers,($/mt),317.5,0.0,1.99,4.1,30.39,-0.11
2014-12-01,2014,12,Urea,Fertilizers,($/mt),308.1,-2.96,-2.96,1.02,17.6,-0.45
2015-01-01,2015,1,Urea,Fertilizers,($/mt),305.0,-1.01,-3.94,-7.58,14.45,-0.17
2015-02-01,2015,2,Urea,Fertilizers,($/mt),305.0,0.0,-3.94,-13.62,2.52,0.05
2015-03-01,2015,3,Urea,Fertilizers,($/mt),295.5,-3.11,-4.09,-9.77,6.03,-0.29
2015-04-01,2015,4,Urea,Fertilizers,($/mt),260.0,-12.01,-14.75,0.0,2.44,-1.59
2015-05-01,2015,5,Urea,Fertilizers,($/mt),265.0,1.92,-13.11,0.0,13.25,0.35
2015-06-01,2015,6,Urea,Fertilizers,($/mt),288.8,8.98,-2.27,0.0,27.62,1.73
2015-07-01,2015,7,Urea,Fertilizers,($/mt),283.8,-1.73,9.15,-6.95,9.41,-0.36
2015-08-01,2015,8,Urea,Fertilizers,($/mt),274.6,-3.24,3.62,-11.79,4.21,-0.57
2015-09-01,2015,9,Urea,Fertilizers,($/mt),279.4,1.75,-3.25,-12.0,-9.52,0.56
2015-10-01,2015,10,Urea,Fertilizers,($/mt),250.6,-10.31,-11.7,-21.07,-24.63,-1.95
2015-11-01,2015,11,Urea,Fertilizers,($/mt),263.6,5.19,-4.01,-16.98,-27.86,1.27
2015-12-01,2015,12,Urea,Fertilizers,($/mt),264.0,0.15,-5.51,-14.31,-30.64,0.26
2016-01-01,2016,1,Urea,Fertilizers,($/mt),233.9,-11.4,-6.66,-23.31,-38.2,-1.76
2016-02-01,2016,2,Urea,Fertilizers,($/mt),191.9,-17.96,-27.2,-37.08,-35.5,-2.44
2016-03-01,2016,3,Urea,Fertilizers,($/mt),201.8,5.16,-23.56,-31.71,-27.59,1.09
2016-04-01,2016,4,Urea,Fertilizers,($/mt),196.3,-2.73,-16.08,-24.5,-22.66,0.01
2016-05-01,2016,5,Urea,Fertilizers,($/mt),198.4,1.07,3.39,-25.13,-15.21,0.4
2016-06-01,2016,6,Urea,Fertilizers,($/mt),142.6,-28.12,-29.34,-50.62,-70.22,-3.35
2016-07-01,2016,7,Urea,Fertilizers,($/mt),181.0,26.93,-7.79,-36.22,-62.59,3.2
2016-08-01,2016,8,Urea,Fertilizers,($/mt),186.3,2.93,-6.1,-32.16,-60.82,0.42
2016-09-01,2016,9,Urea,Fertilizers,($/mt),187.3,0.54,31.35,-32.96,-63.19,0.2
2016-10-01,2016,10,Urea,Fertilizers,($/mt),187.5,0.11,3.59,-25.18,-62.01,0.18
2016-11-01,2016,11,Urea,Fertilizers,($/mt),205.0,9.33,10.04,-22.23,-57.41,0.8
2016-12-01,2016,12,Urea,Fertilizers,($/mt),217.8,6.24,16.28,-17.5,-48.52,0.54
2017-01-01,2017,1,Urea,Fertilizers,($/mt),233.8,7.35,24.69,-0.04,-36.47,0.57
2017-02-01,2017,2,Urea,Fertilizers,($/mt),191.9,-17.92,-6.39,0.0,-48.83,-1.38
2017-03-01,2017,3,Urea,Fertilizers,($/mt),223.5,16.47,2.62,10.75,-43.14,1.14
2017-04-01,2017,4,Urea,Fertilizers,($/mt),207.9,-6.98,-11.08,5.91,-57.95,-0.62
2017-05-01,2017,5,Urea,Fertilizers,($/mt),178.8,-14.0,-6.83,-9.88,-65.15,-1.07
2017-06-01,2017,6,Urea,Fertilizers,($/mt),191.0,6.82,-14.54,33.94,-58.2,0.43
2017-07-01,2017,7,Urea,Fertilizers,($/mt),181.0,-5.24,-12.94,0.0,-41.14,-0.68
2017-08-01,2017,8,Urea,Fertilizers,($/mt),192.6,6.41,7.72,3.38,-49.65,0.59
2017-09-01,2017,9,Urea,Fertilizers,($/mt),219.0,13.71,14.66,16.92,-43.03,1.28
2017-10-01,2017,10,Urea,Fertilizers,($/mt),252.5,15.3,39.5,34.67,-27.65,1.25
2017-11-01,2017,11,Urea,Fertilizers,($/mt),280.0,10.89,45.38,36.59,-26.99,0.68
2017-12-01,2017,12,Urea,Fertilizers,($/mt),214.6,-23.36,-2.01,-1.47,-42.9,-2.31
2018-01-01,2018,1,Urea,Fertilizers,($/mt),219.6,2.33,-13.03,-6.07,-42.21,0.11
2018-02-01,2018,2,Urea,Fertilizers,($/mt),232.5,5.87,-16.96,21.16,-44.06,0.4
2018-03-01,2018,3,Urea,Fertilizers,($/mt),232.5,0.0,8.34,4.03,-41.23,-0.19
2018-04-01,2018,4,Urea,Fertilizers,($/mt),230.6,-0.82,5.01,10.92,-36.93,-0.16
2018-05-01,2018,5,Urea,Fertilizers,($/mt),221.9,-3.77,-4.56,24.11,-38.03,-0.47
2018-06-01,2018,6,Urea,Fertilizers,($/mt),224.0,0.95,-3.66,17.28,-32.0,-0.13
2018-07-01,2018,7,Urea,Fertilizers,($/mt),252.5,12.72,9.5,39.5,-19.2,1.05
2018-08-01,2018,8,Urea,Fertilizers,($/mt),260.0,2.97,17.17,34.99,-16.29,-0.04
2018-09-01,2018,9,Urea,Fertilizers,($/mt),267.5,2.88,19.42,22.15,-11.13,-0.02
2018-10-01,2018,10,Urea,Fertilizers,($/mt),270.0,0.93,6.93,6.93,-9.06,-0.12
2018-11-01,2018,11,Urea,Fertilizers,($/mt),305.6,13.19,17.54,9.14,0.2,1.36
2018-12-01,2018,12,Urea,Fertilizers,($/mt),276.7,-9.46,3.44,28.94,-9.28,-1.15
2019-01-01,2019,1,Urea,Fertilizers,($/mt),260.0,-6.04,-3.7,18.4,-21.21,-1.33
2019-02-01,2019,2,Urea,Fertilizers,($/mt),250.6,-3.62,-18.0,7.78,-29.03,-0.78
2019-03-01,2019,3,Urea,Fertilizers,($/mt),247.5,-1.24,-10.55,6.45,-24.43,-0.31
2019-04-01,2019,4,Urea,Fertilizers,($/mt),247.5,0.0,-4.81,7.33,-4.81,-0.11
2019-05-01,2019,5,Urea,Fertilizers,($/mt),247.5,0.0,-1.24,11.54,-6.6,-0.12
2019-06-01,2019,6,Urea,Fertilizers,($/mt),247.5,0.0,0.0,10.49,-14.3,-0.17
2019-07-01,2019,7,Urea,Fertilizers,($/mt),263.5,6.46,6.46,4.36,-13.61,0.82
2019-08-01,2019,8,Urea,Fertilizers,($/mt),262.5,-0.38,6.06,0.96,-15.68,-0.15
2019-09-01,2019,9,Urea,Fertilizers,($/mt),237.8,-9.41,-3.92,-11.1,-25.1,-1.67
2019-10-01,2019,10,Urea,Fertilizers,($/mt),237.0,-0.34,-10.06,-12.22,-25.35,0.07
2019-11-01,2019,11,Urea,Fertilizers,($/mt),224.5,-5.27,-14.48,-26.54,-29.29,-0.7
2019-12-01,2019,12,Urea,Fertilizers,($/mt),217.5,-3.12,-8.54,-21.4,-29.41,-0.15
2020-01-01,2020,1,Urea,Fertilizers,($/mt),215.4,-0.97,-9.11,-17.15,-29.38,0.24
2020-02-01,2020,2,Urea,Fertilizers,($/mt),214.4,-0.46,-4.5,-14.45,-29.7,0.27
2020-03-01,2020,3,Urea,Fertilizers,($/mt),231.1,7.79,6.25,-6.63,-21.79,2.42
2020-04-01,2020,4,Urea,Fertilizers,($/mt),235.0,1.69,9.1,-5.05,-9.62,0.48
2020-05-01,2020,5,Urea,Fertilizers,($/mt),201.9,-14.09,-5.83,-18.42,-23.81,-3.0
2020-06-01,2020,6,Urea,Fertilizers,($/mt),202.0,0.05,-12.59,-18.38,-30.06,0.26
2020-07-01,2020,7,Urea,Fertilizers,($/mt),214.4,6.14,-8.77,-18.63,-24.45,1.26
2020-08-01,2020,8,Urea,Fertilizers,($/mt),249.5,16.37,23.58,-4.95,-9.14,2.97
2020-09-01,2020,9,Urea,Fertilizers,($/mt),250.5,0.4,24.01,5.34,-10.34,0.07
2020-10-01,2020,10,Urea,Fertilizers,($/mt),245.0,-2.2,14.27,3.38,-2.23,-0.39
2020-11-01,2020,11,Urea,Fertilizers,($/mt),245.0,0.0,-1.8,9.13,-7.06,-0.07
2020-12-01,2020,12,Urea,Fertilizers,($/mt),245.0,0.0,-2.2,12.64,-7.2,-0.13
2021-01-01,2021,1,Urea,Fertilizers,($/mt),265.0,8.16,8.16,23.03,13.3,0.98
2021-02-01,2021,2,Urea,Fertilizers,($/mt),335.0,26.42,36.73,56.25,74.57,3.33
2021-03-01,2021,3,Urea,Fertilizers,($/mt),352.9,5.34,44.04,52.7,74.88,0.11
2021-04-01,2021,4,Urea,Fertilizers,($/mt),328.1,-7.03,23.81,39.62,67.14,-1.1
2021-05-01,2021,5,Urea,Fertilizers,($/mt),331.6,1.07,-1.01,64.24,67.14,-0.21
2021-06-01,2021,6,Urea,Fertilizers,($/mt),393.3,18.61,11.45,94.7,175.81,1.55
2021-07-01,2021,7,Urea,Fertilizers,($/mt),441.5,12.26,34.56,105.92,143.92,0.63
2021-08-01,2021,8,Urea,Fertilizers,($/mt),446.9,1.22,34.77,79.12,139.88,-0.54
2021-09-01,2021,9,Urea,Fertilizers,($/mt),418.8,-6.29,6.48,67.19,123.6,-1.22
2021-10-01,2021,10,Urea,Fertilizers,($/mt),695.0,65.95,57.42,183.67,270.67,6.09
2021-11-01,2021,11,Urea,Fertilizers,($/mt),900.5,29.57,101.5,267.55,339.27,0.95
2021-12-01,2021,12,Urea,Fertilizers,($/mt),890.0,-1.17,112.51,263.27,308.63,-0.69
2022-01-01,2022,1,Urea,Fertilizers,($/mt),846.4,-4.9,21.78,219.4,262.02,-0.87
2022-02-01,2022,2,Urea,Fertilizers,($/mt),744.2,-12.07,-17.36,122.15,287.81,-1.13
2022-03-01,2022,3,Urea,Fertilizers,($/mt),872.5,17.24,-1.97,147.24,290.38,0.4
2022-04-01,2022,4,Urea,Fertilizers,($/mt),925.0,6.02,9.29,181.93,344.93,-0.16
2022-05-01,2022,5,Urea,Fertilizers,($/mt),707.5,-23.51,-4.93,113.36,295.69,-1.62
2022-06-01,2022,6,Urea,Fertilizers,($/mt),690.0,-2.47,-20.92,75.44,261.26,-0.48
2022-07-01,2022,7,Urea,Fertilizers,($/mt),601.0,-12.9,-35.03,36.13,232.04,-0.85
2022-08-01,2022,8,Urea,Fertilizers,($/mt),591.3,-1.61,-16.42,32.31,207.01,-0.27
2022-09-01,2022,9,Urea,Fertilizers,($/mt),678.0,14.66,-1.74,61.89,209.59,0.43
2022-10-01,2022,10,Urea,Fertilizers,($/mt),636.3,-6.15,5.87,-8.45,152.0,-0.52
2022-11-01,2022,11,Urea,Fertilizers,($/mt),588.8,-7.47,-0.42,-34.61,110.29,-0.53
2022-12-01,2022,12,Urea,Fertilizers,($/mt),519.4,-11.79,-23.39,-41.64,142.03,-0.78
2023-01-01,2023,1,Urea,Fertilizers,($/mt),443.8,-14.56,-30.25,-47.57,102.09,-0.92
2023-02-01,2023,2,Urea,Fertilizers,($/mt),357.5,-19.45,-39.28,-51.96,53.76,-1.23
2023-03-01,2023,3,Urea,Fertilizers,($/mt),313.5,-12.31,-39.64,-64.07,34.84,-0.56
2023-04-01,2023,4,Urea,Fertilizers,($/mt),313.4,-0.03,-29.38,-66.12,35.91,0.71
2023-05-01,2023,5,Urea,Fertilizers,($/mt),329.3,5.07,-7.89,-53.46,48.4,1.31
2023-06-01,2023,6,Urea,Fertilizers,($/mt),287.5,-12.69,-8.29,-58.33,28.35,-0.73
2023-07-01,2023,7,Urea,Fertilizers,($/mt),334.6,16.38,6.76,-44.33,32.51,2.38
2023-08-01,2023,8,Urea,Fertilizers,($/mt),385.6,15.24,17.1,-34.79,48.31,1.7
2023-09-01,2023,9,Urea,Fertilizers,($/mt),380.0,-1.45,32.17,-43.95,42.06,0.1
2023-10-01,2023,10,Urea,Fertilizers,($/mt),411.4,8.26,22.95,-35.34,52.37,1.07
2023-11-01,2023,11,Urea,Fertilizers,($/mt),385.5,-6.3,-0.03,-34.53,26.15,-0.28
2023-12-01,2023,12,Urea,Fertilizers,($/mt),354.0,-8.17,-6.84,-31.84,27.94,-0.45
2024-01-01,2024,1,Urea,Fertilizers,($/mt),335.4,-5.25,-18.47,-24.43,29.0,-0.23
2024-02-01,2024,2,Urea,Fertilizers,($/mt),351.3,4.74,-8.87,-1.73,40.18,0.58
2024-03-01,2024,3,Urea,Fertilizers,($/mt),330.0,-6.06,-6.78,5.26,33.33,-0.65
2024-04-01,2024,4,Urea,Fertilizers,($/mt),320.0,-3.03,-4.59,2.11,29.29,-0.41
2024-05-01,2024,5,Urea,Fertilizers,($/mt),284.8,-11.0,-18.93,-13.51,15.07,-1.24
2024-06-01,2024,6,Urea,Fertilizers,($/mt),336.3,18.08,1.91,16.97,35.88,1.93
2024-07-01,2024,7,Urea,Fertilizers,($/mt),342.5,1.84,7.03,2.36,29.98,0.01
2024-08-01,2024,8,Urea,Fertilizers,($/mt),342.5,0.0,20.26,-11.18,30.48,-0.06
2024-09-01,2024,9,Urea,Fertilizers,($/mt),337.5,-1.46,0.36,-11.18,41.93,-0.09
2024-10-01,2024,10,Urea,Fertilizers,($/mt),374.8,11.05,9.43,-8.9,58.14,1.45
2024-11-01,2024,11,Urea,Fertilizers,($/mt),352.3,-6.0,2.86,-8.61,56.93,-0.66
2024-12-01,2024,12,Urea,Fertilizers,($/mt),352.0,-0.09,4.3,-0.56,61.84,0.04
2025-01-01,2025,1,Urea,Fertilizers,($/mt),380.5,8.1,1.52,13.45,76.65,0.98
2025-02-01,2025,2,Urea,Fertilizers,($/mt),436.5,14.72,23.9,24.25,103.59,1.65
2025-03-01,2025,3,Urea,Fertilizers,($/mt),394.5,-9.62,12.07,19.55,70.71,-1.32
2025-04-01,2025,4,Urea,Fertilizers,($/mt),386.9,-1.93,1.68,20.91,64.64,-0.41
2025-05-01,2025,5,Urea,Fertilizers,($/mt),392.0,1.32,-10.19,37.64,94.16,-0.07
2025-06-01,2025,6,Urea,Fertilizers,($/mt),420.5,7.27,6.59,25.04,108.17,0.51
2025-07-01,2025,7,Urea,Fertilizers,($/mt),496.0,17.95,28.2,44.82,131.34,2.25
2025-08-01,2025,8,Urea,Fertilizers,($/mt),507.7,2.36,29.52,48.23,103.49,-0.13
2025-09-01,2025,9,Urea,Fertilizers,($/mt),461.1,-9.18,9.66,36.62,84.07,-1.54
2025-10-01,2025,10,Urea,Fertilizers,($/mt),394.4,-14.47,-20.48,5.23,60.98,-1.94
2025-11-01,2025,11,Urea,Fertilizers,($/mt),409.3,3.78,-19.38,16.18,67.06,0.29
2025-12-01,2025,12,Urea,Fertilizers,($/mt),392.5,-4.1,-14.88,11.51,60.2,-0.6
2026-01-01,2026,1,Urea,Fertilizers,($/mt),415.4,5.83,5.32,9.17,56.75,0.46
2026-02-01,2026,2,Urea,Fertilizers,($/mt),472.0,13.63,15.32,8.13,40.9,1.28
2026-03-01,2026,3,Urea,Fertilizers,($/mt),725.6,53.73,84.87,83.93,105.61,5.5
2026-04-01,2026,4,Urea,Fertilizers,($/mt),856.9,18.1,106.28,121.48,161.17,0.67
2026-05-01,2026,5,Urea,Fertilizers,($/mt),770.5,-10.08,63.24,96.56,132.36,-1.03
2026-06-01,2026,6,Urea,Fertilizers,($/mt),453.1,-41.19,-37.56,7.75,15.2,-2.65
2026-07-01,2026,7,Urea,Fertilizers,($/mt),400.0,-11.72,-53.32,-19.35,-9.4,-0.64
2026-08-01,2026,8,Urea,Fertilizers,($/mt),390.0,-2.5,-49.38,-23.18,-12.73,-0.13
2026-09-01,2026,9,Urea,Fertilizers,($/mt),407.5,4.49,-10.06,-11.62,-2.7,0.19
1960-01-01,1960,1,"Wheat, US HRW",Grains,($/mt),59.9,,,,,
1960-02-01,1960,2,"Wheat, US HRW",Grains,($/mt),61.0,1.84,,,,
1960-03-01,1960,3,"Wheat, US HRW",Grains,($/mt),61.7,1.15,,,,
1960-04-01,1960,4,"Wheat, US HRW",Grains,($/mt),61.0,-1.13,1.84,,,
1960-05-01,1960,5,"Wheat, US HRW",Grains,($/mt),57.7,-5.41,-5.41,,,
1960-06-01,1960,6,"Wheat, US HRW",Grains,($/mt),55.5,-3.81,-10.05,,,
1960-07-01,1960,7,"Wheat, US HRW",Grains,($/mt),54.8,-1.26,-10.16,,,
1960-08-01,1960,8,"Wheat, US HRW",Grains,($/mt),55.1,0.55,-4.51,,,0.71
1960-09-01,1960,9,"Wheat, US HRW",Grains,($/mt),56.6,2.72,1.98,,,1.46
1960-10-01,1960,10,"Wheat, US HRW",Grains,($/mt),57.0,0.71,4.01,,,0.49
1960-11-01,1960,11,"Wheat, US HRW",Grains,($/mt),57.7,1.23,4.72,,,0.65
1960-12-01,1960,12,"Wheat, US HRW",Grains,($/mt),58.1,0.69,2.65,,,0.4
1961-01-01,1961,1,"Wheat, US HRW",Grains,($/mt),58.8,1.2,3.16,-1.84,,0.59
1961-02-01,1961,2,"Wheat, US HRW",Grains,($/mt),59.2,0.68,2.6,-2.95,,0.34
1961-03-01,1961,3,"Wheat, US HRW",Grains,($/mt),58.1,-1.86,0.0,-5.83,,-0.7
1961-04-01,1961,4,"Wheat, US HRW",Grains,($/mt),57.3,-1.38,-2.55,-6.07,,-0.39
1961-05-01,1961,5,"Wheat, US HRW",Grains,($/mt),55.9,-2.44,-5.57,-3.12,,-0.83
1961-06-01,1961,6,"Wheat, US HRW",Grains,($/mt),54.4,-2.68,-6.37,-1.98,,-1.3
1961-07-01,1961,7,"Wheat, US HRW",Grains,($/mt),56.6,4.04,-1.22,3.28,,2.46
1961-08-01,1961,8,"Wheat, US HRW",Grains,($/mt),58.8,3.89,5.19,6.72,,1.76
1961-09-01,1961,9,"Wheat, US HRW",Grains,($/mt),59.9,1.87,10.11,5.83,,0.57
1961-10-01,1961,10,"Wheat, US HRW",Grains,($/mt),60.3,0.67,6.54,5.79,,0.08
1961-11-01,1961,11,"Wheat, US HRW",Grains,($/mt),61.7,2.32,4.93,6.93,,0.82
1961-12-01,1961,12,"Wheat, US HRW",Grains,($/mt),62.5,1.3,4.34,7.57,,0.31
1962-01-01,1962,1,"Wheat, US HRW",Grains,($/mt),60.6,-3.04,0.5,3.06,,-1.6
1962-02-01,1962,2,"Wheat, US HRW",Grains,($/mt),61.4,1.32,-0.49,3.72,,0.41
1962-03-01,1962,3,"Wheat, US HRW",Grains,($/mt),61.7,0.49,-1.28,6.2,,0.06
1962-04-01,1962,4,"Wheat, US HRW",Grains,($/mt),62.1,0.65,2.48,8.38,,0.05
1962-05-01,1962,5,"Wheat, US HRW",Grains,($/mt),63.6,2.42,3.58,13.77,,0.73
1962-06-01,1962,6,"Wheat, US HRW",Grains,($/mt),64.3,1.1,4.21,18.2,,-0.0
1962-07-01,1962,7,"Wheat, US HRW",Grains,($/mt),65.4,1.71,5.31,15.55,,0.16
1962-08-01,1962,8,"Wheat, US HRW",Grains,($/mt),66.5,1.68,4.56,13.1,,0.28
1962-09-01,1962,9,"Wheat, US HRW",Grains,($/mt),65.8,-1.05,2.33,9.85,,-1.46
1962-10-01,1962,10,"Wheat, US HRW",Grains,($/mt),64.3,-2.28,-1.68,6.63,,-2.02
1962-11-01,1962,11,"Wheat, US HRW",Grains,($/mt),68.7,6.84,3.31,11.35,,3.57
1962-12-01,1962,12,"Wheat, US HRW",Grains,($/mt),67.6,-1.6,2.74,8.16,,-1.01
1963-01-01,1963,1,"Wheat, US HRW",Grains,($/mt),67.2,-0.59,4.51,10.89,,-0.49
1963-02-01,1963,2,"Wheat, US HRW",Grains,($/mt),68.3,1.64,-0.58,11.24,,0.32
1963-03-01,1963,3,"Wheat, US HRW",Grains,($/mt),69.5,1.76,2.81,12.64,,0.35
1963-04-01,1963,4,"Wheat, US HRW",Grains,($/mt),70.9,2.01,5.51,14.17,,0.42
1963-05-01,1963,5,"Wheat, US HRW",Grains,($/mt),67.6,-4.65,-1.02,6.29,,-2.42
1963-06-01,1963,6,"Wheat, US HRW",Grains,($/mt),58.4,-13.61,-15.97,-9.18,,-4.92
1963-07-01,1963,7,"Wheat, US HRW",Grains,($/mt),57.7,-1.2,-18.62,-11.77,,-0.1
1963-08-01,1963,8,"Wheat, US HRW",Grains,($/mt),58.4,1.21,-13.61,-12.18,,0.43
1963-09-01,1963,9,"Wheat, US HRW",Grains,($/mt),60.6,3.77,3.77,-7.9,,0.96
1963-10-01,1963,10,"Wheat, US HRW",Grains,($/mt),65.0,7.26,12.65,1.09,,1.54
1963-11-01,1963,11,"Wheat, US HRW",Grains,($/mt),65.0,0.0,11.3,-5.39,,-0.04
1963-12-01,1963,12,"Wheat, US HRW",Grains,($/mt),65.0,0.0,7.26,-3.85,,0.07
1964-01-01,1964,1,"Wheat, US HRW",Grains,($/mt),64.0,-1.54,-1.54,-4.76,,-0.26
1964-02-01,1964,2,"Wheat, US HRW",Grains,($/mt),66.1,3.28,1.69,-3.22,,0.7
1964-03-01,1964,3,"Wheat, US HRW",Grains,($/mt),66.9,1.21,2.92,-3.74,,0.26
1964-04-01,1964,4,"Wheat, US HRW",Grains,($/mt),67.6,1.05,5.62,-4.65,,0.24
1964-05-01,1964,5,"Wheat, US HRW",Grains,($/mt),69.5,2.81,5.14,2.81,,0.6
1964-06-01,1964,6,"Wheat, US HRW",Grains,($/mt),65.0,-6.47,-2.84,11.3,,-1.36
1964-07-01,1964,7,"Wheat, US HRW",Grains,($/mt),68.7,5.69,1.63,19.06,,1.41
1964-08-01,1964,8,"Wheat, US HRW",Grains,($/mt),68.7,0.0,-1.15,17.64,,-0.43
1964-09-01,1964,9,"Wheat, US HRW",Grains,($/mt),69.1,0.58,6.31,14.03,,-0.23
1964-10-01,1964,10,"Wheat, US HRW",Grains,($/mt),68.7,-0.58,0.0,5.69,,-0.5
1964-11-01,1964,11,"Wheat, US HRW",Grains,($/mt),68.0,-1.02,-1.02,4.62,,-0.52
1964-12-01,1964,12,"Wheat, US HRW",Grains,($/mt),68.0,0.0,-1.59,4.62,,-0.14
1965-01-01,1965,1,"Wheat, US HRW",Grains,($/mt),66.1,-2.79,-3.78,3.28,10.35,-1.08
1965-02-01,1965,2,"Wheat, US HRW",Grains,($/mt),61.4,-7.11,-9.71,-7.11,0.66,-2.42
1965-03-01,1965,3,"Wheat, US HRW",Grains,($/mt),61.0,-0.65,-10.29,-8.82,-1.13,-0.03
1965-04-01,1965,4,"Wheat, US HRW",Grains,($/mt),59.9,-1.8,-9.38,-11.39,-1.8,-0.31
1965-05-01,1965,5,"Wheat, US HRW",Grains,($/mt),59.2,-1.17,-3.58,-14.82,2.6,-0.06
1965-06-01,1965,6,"Wheat, US HRW",Grains,($/mt),58.1,-1.86,-4.75,-10.62,4.68,-0.18
1965-07-01,1965,7,"Wheat, US HRW",Grains,($/mt),57.3,-1.38,-4.34,-16.59,4.56,-0.17
1965-08-01,1965,8,"Wheat, US HRW",Grains,($/mt),57.7,0.7,-2.53,-16.01,4.72,1.09
1965-09-01,1965,9,"Wheat, US HRW",Grains,($/mt),58.4,1.21,0.52,-15.48,3.18,1.28
1965-10-01,1965,10,"Wheat, US HRW",Grains,($/mt),58.1,-0.51,1.4,-15.43,1.93,0.4
1965-11-01,1965,11,"Wheat, US HRW",Grains,($/mt),58.1,0.0,0.69,-14.56,0.69,0.64
1965-12-01,1965,12,"Wheat, US HRW",Grains,($/mt),58.4,0.52,0.0,-14.12,0.52,0.83
1966-01-01,1966,1,"Wheat, US HRW",Grains,($/mt),58.4,0.0,0.52,-11.65,-0.68,0.56
1966-02-01,1966,2,"Wheat, US HRW",Grains,($/mt),58.8,0.68,1.2,-4.23,-0.68,0.78
1966-03-01,1966,3,"Wheat, US HRW",Grains,($/mt),58.8,0.0,0.68,-3.61,1.2,0.34
1966-04-01,1966,4,"Wheat, US HRW",Grains,($/mt),58.8,0.0,0.68,-1.84,2.62,0.29
1966-05-01,1966,5,"Wheat, US HRW",Grains,($/mt),58.8,0.0,0.0,-0.68,5.19,0.16
1966-06-01,1966,6,"Wheat, US HRW",Grains,($/mt),62.1,5.61,5.61,6.88,14.15,6.53
1966-07-01,1966,7,"Wheat, US HRW",Grains,($/mt),65.4,5.31,11.22,14.14,15.55,2.76
1966-08-01,1966,8,"Wheat, US HRW",Grains,($/mt),67.6,3.36,14.97,17.16,14.97,1.08
1966-09-01,1966,9,"Wheat, US HRW",Grains,($/mt),67.2,-0.59,8.21,15.07,12.19,-0.9
1966-10-01,1966,10,"Wheat, US HRW",Grains,($/mt),66.1,-1.64,1.07,13.77,9.62,-1.27
1966-11-01,1966,11,"Wheat, US HRW",Grains,($/mt),65.8,-0.45,-2.66,13.25,6.65,-0.67
1966-12-01,1966,12,"Wheat, US HRW",Grains,($/mt),67.6,2.74,0.6,15.75,8.16,0.71
1967-01-01,1967,1,"Wheat, US HRW",Grains,($/mt),67.2,-0.59,1.66,15.07,10.89,-0.77
1967-02-01,1967,2,"Wheat, US HRW",Grains,($/mt),68.0,1.19,3.34,15.65,10.75,-0.01
1967-03-01,1967,3,"Wheat, US HRW",Grains,($/mt),69.8,2.65,3.25,18.71,13.13,0.58
1967-04-01,1967,4,"Wheat, US HRW",Grains,($/mt),68.3,-2.15,1.64,16.16,9.98,-1.49
1967-05-01,1967,5,"Wheat, US HRW",Grains,($/mt),68.3,0.0,0.44,16.16,7.39,-0.49
1967-06-01,1967,6,"Wheat, US HRW",Grains,($/mt),66.5,-2.64,-4.73,7.09,3.42,-1.5
1967-07-01,1967,7,"Wheat, US HRW",Grains,($/mt),64.7,-2.71,-5.27,-1.07,-1.07,-1.35
1967-08-01,1967,8,"Wheat, US HRW",Grains,($/mt),63.9,-1.24,-6.44,-5.47,-3.91,-0.55
1967-09-01,1967,9,"Wheat, US HRW",Grains,($/mt),63.2,-1.1,-4.96,-5.95,-3.95,-0.35
1967-10-01,1967,10,"Wheat, US HRW",Grains,($/mt),63.6,0.63,-1.7,-3.78,-1.09,0.61
1967-11-01,1967,11,"Wheat, US HRW",Grains,($/mt),62.8,-1.26,-1.72,-4.56,-8.59,-0.52
1967-12-01,1967,12,"Wheat, US HRW",Grains,($/mt),62.1,-1.11,-1.74,-8.14,-8.14,-0.4
1968-01-01,1968,1,"Wheat, US HRW",Grains,($/mt),62.1,0.0,-2.36,-7.59,-7.59,0.44
1968-02-01,1968,2,"Wheat, US HRW",Grains,($/mt),62.8,1.13,0.0,-7.65,-8.05,1.1
1968-03-01,1968,3,"Wheat, US HRW",Grains,($/mt),63.6,1.27,2.42,-8.88,-8.49,1.2
1968-04-01,1968,4,"Wheat, US HRW",Grains,($/mt),61.7,-2.99,-0.64,-9.66,-12.98,-1.62
1968-05-01,1968,5,"Wheat, US HRW",Grains,($/mt),60.3,-2.27,-3.98,-11.71,-10.8,-0.98
1968-06-01,1968,6,"Wheat, US HRW",Grains,($/mt),61.7,2.32,-2.99,-7.22,5.65,2.23
1968-07-01,1968,7,"Wheat, US HRW",Grains,($/mt),63.6,3.08,3.08,-1.7,10.23,2.19
1968-08-01,1968,8,"Wheat, US HRW",Grains,($/mt),63.9,0.47,5.97,0.0,9.42,0.32
1968-09-01,1968,9,"Wheat, US HRW",Grains,($/mt),63.6,-0.47,3.08,0.63,4.95,-0.27
1968-10-01,1968,10,"Wheat, US HRW",Grains,($/mt),63.6,0.0,0.0,0.0,-2.15,-0.04
1968-11-01,1968,11,"Wheat, US HRW",Grains,($/mt),63.2,-0.63,-1.1,0.64,-2.77,-0.36
1968-12-01,1968,12,"Wheat, US HRW",Grains,($/mt),63.2,0.0,-0.63,1.77,-2.77,-0.04
1969-01-01,1969,1,"Wheat, US HRW",Grains,($/mt),63.2,0.0,-0.63,1.77,-1.25,-0.09
1969-02-01,1969,2,"Wheat, US HRW",Grains,($/mt),62.8,-0.63,-0.63,0.0,-4.99,-0.46
1969-03-01,1969,3,"Wheat, US HRW",Grains,($/mt),62.1,-1.11,-1.74,-2.36,-7.17,-0.66
1969-04-01,1969,4,"Wheat, US HRW",Grains,($/mt),62.1,0.0,-1.74,0.65,-8.14,0.11
1969-05-01,1969,5,"Wheat, US HRW",Grains,($/mt),62.1,0.0,-1.11,2.99,-10.65,-0.04
1969-06-01,1969,6,"Wheat, US HRW",Grains,($/mt),61.7,-0.64,-0.64,0.0,-5.08,-0.73
1969-07-01,1969,7,"Wheat, US HRW",Grains,($/mt),60.3,-2.27,-2.9,-5.19,-12.23,-2.14
1969-08-01,1969,8,"Wheat, US HRW",Grains,($/mt),56.2,-6.8,-9.5,-12.05,-18.2,-8.82
1969-09-01,1969,9,"Wheat, US HRW",Grains,($/mt),53.7,-4.45,-12.97,-15.57,-22.29,-1.76
1969-10-01,1969,10,"Wheat, US HRW",Grains,($/mt),52.2,-2.79,-13.43,-17.92,-24.02,-0.66
1969-11-01,1969,11,"Wheat, US HRW",Grains,($/mt),52.2,0.0,-7.12,-17.41,-23.24,0.75
1969-12-01,1969,12,"Wheat, US HRW",Grains,($/mt),52.2,0.0,-2.79,-17.41,-23.24,0.72
1970-01-01,1970,1,"Wheat, US HRW",Grains,($/mt),52.2,0.0,0.0,-17.41,-21.03,0.72
1970-02-01,1970,2,"Wheat, US HRW",Grains,($/mt),52.2,0.0,0.0,-16.88,-14.98,0.72
1970-03-01,1970,3,"Wheat, US HRW",Grains,($/mt),52.2,0.0,0.0,-15.94,-14.43,0.68
1970-04-01,1970,4,"Wheat, US HRW",Grains,($/mt),52.2,0.0,0.0,-15.94,-12.85,0.63
1970-05-01,1970,5,"Wheat, US HRW",Grains,($/mt),52.2,0.0,0.0,-15.94,-11.82,0.63
1970-06-01,1970,6,"Wheat, US HRW",Grains,($/mt),52.2,0.0,0.0,-15.4,-10.15,0.63
1970-07-01,1970,7,"Wheat, US HRW",Grains,($/mt),52.5,0.57,0.57,-12.94,-8.38,0.85
1970-08-01,1970,8,"Wheat, US HRW",Grains,($/mt),54.0,2.86,3.45,-3.91,-6.41,1.72
1970-09-01,1970,9,"Wheat, US HRW",Grains,($/mt),56.2,4.07,7.66,4.66,-3.77,2.47
1970-10-01,1970,10,"Wheat, US HRW",Grains,($/mt),58.8,4.63,12.0,12.64,1.2,2.52
1970-11-01,1970,11,"Wheat, US HRW",Grains,($/mt),61.0,3.74,12.96,16.86,4.99,1.55
1970-12-01,1970,12,"Wheat, US HRW",Grains,($/mt),63.2,3.61,12.46,21.07,8.22,1.21
1971-01-01,1971,1,"Wheat, US HRW",Grains,($/mt),63.6,0.63,8.16,21.84,8.9,-0.51
1971-02-01,1971,2,"Wheat, US HRW",Grains,($/mt),63.6,0.0,4.26,21.84,8.16,-0.88
1971-03-01,1971,3,"Wheat, US HRW",Grains,($/mt),62.8,-1.26,-0.63,20.31,6.8,-1.53
1971-04-01,1971,4,"Wheat, US HRW",Grains,($/mt),62.5,-0.48,-1.73,19.73,6.29,-1.0
1971-05-01,1971,5,"Wheat, US HRW",Grains,($/mt),63.2,1.12,-0.63,21.07,7.48,-0.2
1971-06-01,1971,6,"Wheat, US HRW",Grains,($/mt),61.4,-2.85,-2.23,17.62,-1.13,-2.2
1971-07-01,1971,7,"Wheat, US HRW",Grains,($/mt),61.4,0.0,-1.76,16.95,-6.12,-0.58
1971-08-01,1971,8,"Wheat, US HRW",Grains,($/mt),61.0,-0.65,-3.48,12.96,-9.76,-0.83
1971-09-01,1971,9,"Wheat, US HRW",Grains,($/mt),61.0,0.0,-0.65,8.54,-9.23,-0.43
1971-10-01,1971,10,"Wheat, US HRW",Grains,($/mt),60.3,-1.15,-1.79,2.55,-8.77,-0.83
1971-11-01,1971,11,"Wheat, US HRW",Grains,($/mt),60.3,0.0,-1.15,-1.15,-8.36,-0.12
1971-12-01,1971,12,"Wheat, US HRW",Grains,($/mt),59.9,-0.66,-1.8,-5.22,-11.39,-0.37
1972-01-01,1972,1,"Wheat, US HRW",Grains,($/mt),59.9,0.0,-0.66,-5.82,-10.86,0.43
1972-02-01,1972,2,"Wheat, US HRW",Grains,($/mt),59.9,0.0,-0.66,-5.82,-11.91,0.51
1972-03-01,1972,3,"Wheat, US HRW",Grains,($/mt),59.9,0.0,0.0,-4.62,-14.18,0.51
1972-04-01,1972,4,"Wheat, US HRW",Grains,($/mt),60.3,0.67,0.67,-3.52,-11.71,1.11
1972-05-01,1972,5,"Wheat, US HRW",Grains,($/mt),60.3,0.0,0.67,-4.59,-11.71,0.29
1972-06-01,1972,6,"Wheat, US HRW",Grains,($/mt),59.9,-0.66,0.0,-2.44,-9.92,-0.31
1972-07-01,1972,7,"Wheat, US HRW",Grains,($/mt),60.3,0.67,0.0,-1.79,-6.8,1.81
1972-08-01,1972,8,"Wheat, US HRW",Grains,($/mt),62.1,2.99,2.99,1.8,-2.82,5.77
1972-09-01,1972,9,"Wheat, US HRW",Grains,($/mt),76.1,22.54,27.05,24.75,20.41,21.7
1972-10-01,1972,10,"Wheat, US HRW",Grains,($/mt),87.5,14.98,45.11,45.11,37.58,1.98
1972-11-01,1972,11,"Wheat, US HRW",Grains,($/mt),88.9,1.6,43.16,47.43,41.56,-0.24
1972-12-01,1972,12,"Wheat, US HRW",Grains,($/mt),102.9,15.75,35.22,71.79,65.7,1.66
1973-01-01,1973,1,"Wheat, US HRW",Grains,($/mt),108.4,5.34,23.89,80.97,74.56,0.06
1973-02-01,1973,2,"Wheat, US HRW",Grains,($/mt),98.8,-8.86,11.14,64.94,57.32,-1.8
1973-03-01,1973,3,"Wheat, US HRW",Grains,($/mt),98.5,-0.3,-4.28,64.44,54.87,-0.56
1973-04-01,1973,4,"Wheat, US HRW",Grains,($/mt),101.1,2.64,-6.73,67.66,63.86,-0.22
1973-05-01,1973,5,"Wheat, US HRW",Grains,($/mt),102.2,1.09,3.44,69.49,69.49,-0.42
1973-06-01,1973,6,"Wheat, US HRW",Grains,($/mt),108.4,6.07,10.05,80.97,75.69,0.14
1973-07-01,1973,7,"Wheat, US HRW",Grains,($/mt),114.6,5.72,13.35,90.05,80.19,0.04
1973-08-01,1973,8,"Wheat, US HRW",Grains,($/mt),192.5,67.98,88.36,209.98,201.25,7.41
1973-09-01,1973,9,"Wheat, US HRW",Grains,($/mt),189.6,-1.51,74.91,149.15,198.11,-0.64
1973-10-01,1973,10,"Wheat, US HRW",Grains,($/mt),182.3,-3.85,59.08,108.34,186.64,-0.66
1973-11-01,1973,11,"Wheat, US HRW",Grains,($/mt),181.9,-0.22,-5.51,104.61,187.82,-0.39
1973-12-01,1973,12,"Wheat, US HRW",Grains,($/mt),199.5,9.68,5.22,93.88,215.66,0.11
1974-01-01,1974,1,"Wheat, US HRW",Grains,($/mt),213.5,7.02,17.11,96.96,237.82,0.0
1974-02-01,1974,2,"Wheat, US HRW",Grains,($/mt),220.5,3.28,21.22,123.18,251.11,-0.19
1974-03-01,1974,3,"Wheat, US HRW",Grains,($/mt),190.7,-13.51,-4.41,93.6,207.09,-1.12
1974-04-01,1974,4,"Wheat, US HRW",Grains,($/mt),162.0,-15.05,-24.12,60.24,160.87,-1.1
1974-05-01,1974,5,"Wheat, US HRW",Grains,($/mt),141.5,-12.65,-35.83,38.45,127.86,-0.86
1974-06-01,1974,6,"Wheat, US HRW",Grains,($/mt),155.8,10.11,-18.3,43.73,152.51,0.26
1974-07-01,1974,7,"Wheat, US HRW",Grains,($/mt),169.0,8.47,4.32,47.47,180.27,0.17
1974-08-01,1974,8,"Wheat, US HRW",Grains,($/mt),167.6,-0.83,18.45,-12.94,198.22,-0.27
1974-09-01,1974,9,"Wheat, US HRW",Grains,($/mt),170.5,1.73,9.44,-10.07,217.5,0.27
1974-10-01,1974,10,"Wheat, US HRW",Grains,($/mt),192.2,12.73,13.73,5.43,268.2,1.45
1974-11-01,1974,11,"Wheat, US HRW",Grains,($/mt),187.4,-2.5,11.81,3.02,259.0,-0.35
1974-12-01,1974,12,"Wheat, US HRW",Grains,($/mt),185.9,-0.8,9.03,-6.82,256.13,-0.15
1975-01-01,1975,1,"Wheat, US HRW",Grains,($/mt),164.2,-11.67,-14.57,-23.09,214.56,-1.22
1975-02-01,1975,2,"Wheat, US HRW",Grains,($/mt),153.2,-6.7,-18.25,-30.52,193.49,-0.51
1975-03-01,1975,3,"Wheat, US HRW",Grains,($/mt),147.3,-3.85,-20.76,-22.76,182.18,-0.13
1975-04-01,1975,4,"Wheat, US HRW",Grains,($/mt),140.4,-4.68,-14.49,-13.33,168.97,-0.33
1975-05-01,1975,5,"Wheat, US HRW",Grains,($/mt),131.5,-6.34,-14.16,-7.07,151.92,-0.68
1975-06-01,1975,6,"Wheat, US HRW",Grains,($/mt),127.1,-3.35,-13.71,-18.42,143.49,-0.4
1975-07-01,1975,7,"Wheat, US HRW",Grains,($/mt),145.1,14.16,3.35,-14.14,176.38,2.35
1975-08-01,1975,8,"Wheat, US HRW",Grains,($/mt),162.8,12.2,23.8,-2.86,201.48,1.74
1975-09-01,1975,9,"Wheat, US HRW",Grains,($/mt),165.7,1.78,30.37,-2.82,194.84,0.2
1975-10-01,1975,10,"Wheat, US HRW",Grains,($/mt),161.7,-2.41,11.44,-15.87,175.0,-0.29
1975-11-01,1975,11,"Wheat, US HRW",Grains,($/mt),147.0,-9.09,-9.71,-21.56,140.98,-1.06
1975-12-01,1975,12,"Wheat, US HRW",Grains,($/mt),142.6,-2.99,-13.94,-23.29,125.63,-0.16
1976-01-01,1976,1,"Wheat, US HRW",Grains,($/mt),143.7,0.77,-11.13,-12.48,125.94,0.34
1976-02-01,1976,2,"Wheat, US HRW",Grains,($/mt),152.9,6.4,4.01,-0.2,140.41,1.01
1976-03-01,1976,3,"Wheat, US HRW",Grains,($/mt),152.5,-0.26,6.94,3.53,142.83,-0.07
1976-04-01,1976,4,"Wheat, US HRW",Grains,($/mt),145.5,-4.59,1.25,3.63,132.8,-0.71
1976-05-01,1976,5,"Wheat, US HRW",Grains,($/mt),141.8,-2.54,-7.26,7.83,124.37,-0.43
1976-06-01,1976,6,"Wheat, US HRW",Grains,($/mt),146.2,3.1,-4.13,15.03,138.11,0.33
1976-07-01,1976,7,"Wheat, US HRW",Grains,($/mt),142.2,-2.74,-2.27,-2.0,131.6,-0.61
1976-08-01,1976,8,"Wheat, US HRW",Grains,($/mt),126.4,-11.11,-10.86,-22.36,107.21,-2.01
1976-09-01,1976,9,"Wheat, US HRW",Grains,($/mt),119.8,-5.22,-18.06,-27.7,96.39,-0.66
1976-10-01,1976,10,"Wheat, US HRW",Grains,($/mt),111.3,-7.1,-21.73,-31.17,84.58,-0.94
1976-11-01,1976,11,"Wheat, US HRW",Grains,($/mt),106.6,-4.22,-15.66,-27.48,76.78,-0.26
1976-12-01,1976,12,"Wheat, US HRW",Grains,($/mt),106.2,-0.38,-11.35,-25.53,77.3,0.47
1977-01-01,1977,1,"Wheat, US HRW",Grains,($/mt),108.8,2.45,-2.25,-24.29,81.64,1.02
1977-02-01,1977,2,"Wheat, US HRW",Grains,($/mt),110.6,1.65,3.75,-27.67,84.64,0.8
1977-03-01,1977,3,"Wheat, US HRW",Grains,($/mt),106.9,-3.35,0.66,-29.9,78.46,-0.18
1977-04-01,1977,4,"Wheat, US HRW",Grains,($/mt),102.2,-4.4,-6.07,-29.76,69.49,-0.38
1977-05-01,1977,5,"Wheat, US HRW",Grains,($/mt),94.8,-7.24,-14.29,-33.15,57.21,-1.07
1977-06-01,1977,6,"Wheat, US HRW",Grains,($/mt),93.0,-1.9,-13.0,-36.39,55.26,0.3
1977-07-01,1977,7,"Wheat, US HRW",Grains,($/mt),96.6,3.87,-5.48,-32.07,60.2,1.94
1977-08-01,1977,8,"Wheat, US HRW",Grains,($/mt),95.5,-1.14,0.74,-24.45,53.78,0.44
1977-09-01,1977,9,"Wheat, US HRW",Grains,($/mt),99.9,4.61,7.42,-16.61,31.27,1.88
1977-10-01,1977,10,"Wheat, US HRW",Grains,($/mt),104.0,4.1,7.66,-6.56,18.86,1.38
1977-11-01,1977,11,"Wheat, US HRW",Grains,($/mt),111.7,7.4,16.96,4.78,25.65,2.04
1977-12-01,1977,12,"Wheat, US HRW",Grains,($/mt),114.6,2.6,14.71,7.91,11.37,0.5
1978-01-01,1978,1,"Wheat, US HRW",Grains,($/mt),114.3,-0.26,9.9,5.06,5.44,-0.23
1978-02-01,1978,2,"Wheat, US HRW",Grains,($/mt),115.7,1.22,3.58,4.61,17.11,0.17
1978-03-01,1978,3,"Wheat, US HRW",Grains,($/mt),124.2,7.35,8.38,16.18,26.09,1.61
1978-04-01,1978,4,"Wheat, US HRW",Grains,($/mt),130.8,5.31,14.44,27.98,29.38,0.88
1978-05-01,1978,5,"Wheat, US HRW",Grains,($/mt),124.6,-4.74,7.69,31.43,21.92,-1.62
1978-06-01,1978,6,"Wheat, US HRW",Grains,($/mt),126.4,1.44,1.77,35.91,16.61,-0.24
1978-07-01,1978,7,"Wheat, US HRW",Grains,($/mt),127.1,0.55,-2.83,31.57,10.91,-0.59
1978-08-01,1978,8,"Wheat, US HRW",Grains,($/mt),127.5,0.31,2.33,33.51,-33.77,-0.57
1978-09-01,1978,9,"Wheat, US HRW",Grains,($/mt),130.8,2.59,3.48,30.93,-31.01,0.03
1978-10-01,1978,10,"Wheat, US HRW",Grains,($/mt),137.4,5.05,8.1,32.12,-24.63,0.79
1978-11-01,1978,11,"Wheat, US HRW",Grains,($/mt),137.8,0.29,8.08,23.37,-24.24,-0.61
1978-12-01,1978,12,"Wheat, US HRW",Grains,($/mt),136.3,-1.09,4.2,18.94,-31.68,-0.92
1979-01-01,1979,1,"Wheat, US HRW",Grains,($/mt),137.8,1.1,0.29,20.56,-35.46,-0.12
1979-02-01,1979,2,"Wheat, US HRW",Grains,($/mt),140.4,1.89,1.89,21.35,-36.33,0.08
1979-03-01,1979,3,"Wheat, US HRW",Grains,($/mt),140.0,-0.28,2.71,12.72,-26.59,-0.61
1979-04-01,1979,4,"Wheat, US HRW",Grains,($/mt),140.0,0.0,1.6,7.03,-13.58,-0.39
1979-05-01,1979,5,"Wheat, US HRW",Grains,($/mt),143.3,2.36,2.07,15.01,1.27,0.76
1979-06-01,1979,6,"Wheat, US HRW",Grains,($/mt),167.9,17.17,19.93,32.83,7.77,9.76
1979-07-01,1979,7,"Wheat, US HRW",Grains,($/mt),174.5,3.93,24.64,37.29,3.25,0.29
1979-08-01,1979,8,"Wheat, US HRW",Grains,($/mt),169.0,-3.15,17.93,32.55,0.84,-1.22
1979-09-01,1979,9,"Wheat, US HRW",Grains,($/mt),174.2,3.08,3.75,33.18,2.17,0.11
1979-10-01,1979,10,"Wheat, US HRW",Grains,($/mt),178.2,2.3,2.12,29.69,-7.28,-0.05
1979-11-01,1979,11,"Wheat, US HRW",Grains,($/mt),178.2,0.0,5.44,29.32,-4.91,-0.45
1979-12-01,1979,12,"Wheat, US HRW",Grains,($/mt),180.0,1.01,3.33,32.06,-3.17,-0.25
1980-01-01,1980,1,"Wheat, US HRW",Grains,($/mt),175.6,-2.44,-1.46,27.43,6.94,-0.98
1980-02-01,1980,2,"Wheat, US HRW",Grains,($/mt),172.7,-1.65,-3.09,23.01,12.73,-0.73
1980-03-01,1980,3,"Wheat, US HRW",Grains,($/mt),163.5,-5.33,-9.17,16.79,11.0,-1.36
1980-04-01,1980,4,"Wheat, US HRW",Grains,($/mt),156.5,-4.28,-10.88,11.79,11.47,-1.01
1980-05-01,1980,5,"Wheat, US HRW",Grains,($/mt),161.3,3.07,-6.6,12.56,22.66,0.34
1980-06-01,1980,6,"Wheat, US HRW",Grains,($/mt),157.6,-2.29,-3.61,-6.13,24.0,-0.58
1980-07-01,1980,7,"Wheat, US HRW",Grains,($/mt),168.7,7.04,7.8,-3.32,16.26,2.4
1980-08-01,1980,8,"Wheat, US HRW",Grains,($/mt),171.2,1.48,6.14,1.3,5.16,0.47
1980-09-01,1980,9,"Wheat, US HRW",Grains,($/mt),179.7,4.96,14.02,3.16,8.45,1.36
1980-10-01,1980,10,"Wheat, US HRW",Grains,($/mt),188.1,4.67,11.5,5.56,16.33,1.17
1980-11-01,1980,11,"Wheat, US HRW",Grains,($/mt),195.1,3.72,13.96,9.48,32.72,0.82
1980-12-01,1980,12,"Wheat, US HRW",Grains,($/mt),182.6,-6.41,1.61,1.44,28.05,-1.81
1981-01-01,1981,1,"Wheat, US HRW",Grains,($/mt),189.6,3.83,0.8,7.97,31.94,0.8
1981-02-01,1981,2,"Wheat, US HRW",Grains,($/mt),181.5,-4.27,-6.97,5.1,18.71,-1.11
1981-03-01,1981,3,"Wheat, US HRW",Grains,($/mt),175.3,-3.42,-4.0,7.22,14.95,-0.83
1981-04-01,1981,4,"Wheat, US HRW",Grains,($/mt),180.4,2.91,-4.85,15.27,23.99,0.49
1981-05-01,1981,5,"Wheat, US HRW",Grains,($/mt),171.6,-4.88,-5.45,6.39,21.02,-1.44
1981-06-01,1981,6,"Wheat, US HRW",Grains,($/mt),168.7,-1.69,-3.76,7.04,15.39,-0.5
1981-07-01,1981,7,"Wheat, US HRW",Grains,($/mt),167.9,-0.47,-6.93,-0.47,18.07,-0.25
1981-08-01,1981,8,"Wheat, US HRW",Grains,($/mt),170.1,1.31,-0.87,-0.64,34.57,0.31
1981-09-01,1981,9,"Wheat, US HRW",Grains,($/mt),171.2,0.65,1.48,-4.73,42.9,0.15
1981-10-01,1981,10,"Wheat, US HRW",Grains,($/mt),168.7,-1.46,0.48,-10.31,51.57,-0.3
1981-11-01,1981,11,"Wheat, US HRW",Grains,($/mt),178.6,5.87,5.0,-8.46,67.54,1.95
1981-12-01,1981,12,"Wheat, US HRW",Grains,($/mt),176.0,-1.46,2.8,-3.61,65.73,-0.21
1982-01-01,1982,1,"Wheat, US HRW",Grains,($/mt),173.1,-1.65,2.61,-8.7,59.1,-0.42
1982-02-01,1982,2,"Wheat, US HRW",Grains,($/mt),170.9,-1.27,-4.31,-5.84,54.52,-0.18
1982-03-01,1982,3,"Wheat, US HRW",Grains,($/mt),168.7,-1.29,-4.15,-3.76,57.81,-0.29
1982-04-01,1982,4,"Wheat, US HRW",Grains,($/mt),169.8,0.65,-1.91,-5.88,66.14,0.35
1982-05-01,1982,5,"Wheat, US HRW",Grains,($/mt),167.6,-1.3,-1.93,-2.33,76.79,-0.32
1982-06-01,1982,6,"Wheat, US HRW",Grains,($/mt),155.8,-7.04,-7.65,-7.65,67.53,-3.17
1982-07-01,1982,7,"Wheat, US HRW",Grains,($/mt),151.8,-2.57,-10.6,-9.59,57.14,-0.67
1982-08-01,1982,8,"Wheat, US HRW",Grains,($/mt),152.5,0.46,-9.01,-10.35,59.69,0.42
1982-09-01,1982,9,"Wheat, US HRW",Grains,($/mt),152.9,0.26,-1.86,-10.69,53.05,0.38
1982-10-01,1982,10,"Wheat, US HRW",Grains,($/mt),146.6,-4.12,-3.43,-13.1,40.96,-1.1
1982-11-01,1982,11,"Wheat, US HRW",Grains,($/mt),155.1,5.8,1.7,-13.16,38.85,2.26
1982-12-01,1982,12,"Wheat, US HRW",Grains,($/mt),159.8,3.03,4.51,-9.2,39.44,1.36
1983-01-01,1983,1,"Wheat, US HRW",Grains,($/mt),165.0,3.25,12.55,-4.68,44.36,1.23
1983-02-01,1983,2,"Wheat, US HRW",Grains,($/mt),164.2,-0.48,5.87,-3.92,41.92,-0.04
1983-03-01,1983,3,"Wheat, US HRW",Grains,($/mt),166.1,1.16,3.94,-1.54,33.74,0.42
1983-04-01,1983,4,"Wheat, US HRW",Grains,($/mt),167.2,0.66,1.33,-1.53,27.83,0.21
1983-05-01,1983,5,"Wheat, US HRW",Grains,($/mt),160.2,-4.19,-2.44,-4.42,28.57,-1.19
1983-06-01,1983,6,"Wheat, US HRW",Grains,($/mt),151.8,-5.24,-8.61,-2.57,20.09,-1.36
1983-07-01,1983,7,"Wheat, US HRW",Grains,($/mt),147.3,-2.96,-11.9,-2.96,15.89,-0.83
1983-08-01,1983,8,"Wheat, US HRW",Grains,($/mt),152.5,3.53,-4.81,0.0,19.61,1.1
1983-09-01,1983,9,"Wheat, US HRW",Grains,($/mt),156.5,2.62,3.1,2.35,19.65,0.72
1983-10-01,1983,10,"Wheat, US HRW",Grains,($/mt),152.9,-2.3,3.8,4.3,11.28,-0.7
1983-11-01,1983,11,"Wheat, US HRW",Grains,($/mt),151.8,-0.72,-0.46,-2.13,10.16,-0.33
1983-12-01,1983,12,"Wheat, US HRW",Grains,($/mt),153.6,1.19,-1.85,-3.88,12.69,0.44
1984-01-01,1984,1,"Wheat, US HRW",Grains,($/mt),152.9,-0.46,0.0,-7.33,10.96,-0.06
1984-02-01,1984,2,"Wheat, US HRW",Grains,($/mt),150.7,-1.44,-0.72,-8.22,7.34,-0.31
1984-03-01,1984,3,"Wheat, US HRW",Grains,($/mt),154.0,2.19,0.26,-7.28,10.0,1.07
1984-04-01,1984,4,"Wheat, US HRW",Grains,($/mt),157.3,2.14,2.88,-5.92,12.36,0.99
1984-05-01,1984,5,"Wheat, US HRW",Grains,($/mt),154.0,-2.1,2.19,-3.87,7.47,-0.57
1984-06-01,1984,6,"Wheat, US HRW",Grains,($/mt),149.9,-2.66,-2.66,-1.25,-10.72,-0.89
1984-07-01,1984,7,"Wheat, US HRW",Grains,($/mt),147.0,-1.93,-6.55,-0.2,-15.76,-0.8
1984-08-01,1984,8,"Wheat, US HRW",Grains,($/mt),152.5,3.74,-0.97,0.0,-9.76,1.69
1984-09-01,1984,9,"Wheat, US HRW",Grains,($/mt),155.1,1.7,3.47,-0.89,-10.96,0.75
1984-10-01,1984,10,"Wheat, US HRW",Grains,($/mt),152.9,-1.42,4.01,0.0,-14.2,-0.63
1984-11-01,1984,11,"Wheat, US HRW",Grains,($/mt),152.5,-0.26,0.0,0.46,-14.42,-0.14
1984-12-01,1984,12,"Wheat, US HRW",Grains,($/mt),149.6,-1.9,-3.55,-2.6,-16.89,-0.95
1985-01-01,1985,1,"Wheat, US HRW",Grains,($/mt),149.2,-0.27,-2.42,-2.42,-15.03,-0.03
1985-02-01,1985,2,"Wheat, US HRW",Grains,($/mt),147.3,-1.27,-3.41,-2.26,-14.71,-0.52
1985-03-01,1985,3,"Wheat, US HRW",Grains,($/mt),145.1,-1.49,-3.01,-5.78,-11.25,-0.63
1985-04-01,1985,4,"Wheat, US HRW",Grains,($/mt),143.7,-0.96,-3.69,-8.65,-8.18,-0.25
1985-05-01,1985,5,"Wheat, US HRW",Grains,($/mt),136.3,-5.15,-7.47,-11.49,-15.5,-2.43
1985-06-01,1985,6,"Wheat, US HRW",Grains,($/mt),134.1,-1.61,-7.58,-10.54,-14.91,-0.28
1985-07-01,1985,7,"Wheat, US HRW",Grains,($/mt),128.6,-4.1,-10.51,-12.52,-23.77,-1.49
1985-08-01,1985,8,"Wheat, US HRW",Grains,($/mt),123.1,-4.28,-9.68,-19.28,-28.1,-1.38
1985-09-01,1985,9,"Wheat, US HRW",Grains,($/mt),125.3,1.79,-6.56,-19.21,-30.27,1.84
1985-10-01,1985,10,"Wheat, US HRW",Grains,($/mt),127.5,1.76,-0.86,-16.61,-32.22,1.8
1985-11-01,1985,11,"Wheat, US HRW",Grains,($/mt),132.6,4.0,7.72,-13.05,-32.03,2.5
1985-12-01,1985,12,"Wheat, US HRW",Grains,($/mt),137.1,3.39,9.42,-8.36,-24.92,1.68
1986-01-01,1986,1,"Wheat, US HRW",Grains,($/mt),132.3,-3.5,3.76,-11.33,-30.22,-0.95
1986-02-01,1986,2,"Wheat, US HRW",Grains,($/mt),129.7,-1.97,-2.19,-11.95,-28.54,-0.33
1986-03-01,1986,3,"Wheat, US HRW",Grains,($/mt),134.5,3.7,-1.9,-7.31,-23.27,1.52
1986-04-01,1986,4,"Wheat, US HRW",Grains,($/mt),132.6,-1.41,0.23,-7.72,-26.5,-0.25
1986-05-01,1986,5,"Wheat, US HRW",Grains,($/mt),119.4,-9.95,-7.94,-12.4,-30.42,-2.77
1986-06-01,1986,6,"Wheat, US HRW",Grains,($/mt),105.8,-11.39,-21.34,-21.1,-37.29,-2.5
1986-07-01,1986,7,"Wheat, US HRW",Grains,($/mt),101.8,-3.78,-23.23,-20.84,-39.37,-0.38
1986-08-01,1986,8,"Wheat, US HRW",Grains,($/mt),102.2,0.39,-14.41,-16.98,-39.92,0.43
1986-09-01,1986,9,"Wheat, US HRW",Grains,($/mt),103.6,1.37,-2.08,-17.32,-39.49,0.55
1986-10-01,1986,10,"Wheat, US HRW",Grains,($/mt),104.7,1.06,2.85,-17.88,-37.94,0.5
1986-11-01,1986,11,"Wheat, US HRW",Grains,($/mt),105.1,0.38,2.84,-20.74,-41.15,0.38
1986-12-01,1986,12,"Wheat, US HRW",Grains,($/mt),107.3,2.09,3.57,-21.74,-39.03,0.82
1987-01-01,1987,1,"Wheat, US HRW",Grains,($/mt),109.1,1.68,4.2,-17.54,-36.97,0.77
1987-02-01,1987,2,"Wheat, US HRW",Grains,($/mt),112.1,2.75,6.66,-13.57,-34.41,0.89
1987-03-01,1987,3,"Wheat, US HRW",Grains,($/mt),115.4,2.94,7.55,-14.2,-31.59,0.83
1987-04-01,1987,4,"Wheat, US HRW",Grains,($/mt),113.2,-1.91,3.76,-14.63,-33.33,-0.16
1987-05-01,1987,5,"Wheat, US HRW",Grains,($/mt),119.1,5.21,6.24,-0.25,-28.94,1.33
1987-06-01,1987,6,"Wheat, US HRW",Grains,($/mt),108.8,-8.65,-5.72,2.84,-30.17,-2.04
1987-07-01,1987,7,"Wheat, US HRW",Grains,($/mt),104.7,-3.77,-7.51,2.85,-31.03,-1.12
1987-08-01,1987,8,"Wheat, US HRW",Grains,($/mt),106.9,2.1,-10.24,4.6,-29.9,0.5
1987-09-01,1987,9,"Wheat, US HRW",Grains,($/mt),112.1,4.86,3.03,8.2,-26.68,1.2
1987-10-01,1987,10,"Wheat, US HRW",Grains,($/mt),113.9,1.61,8.79,8.79,-22.31,0.23
1987-11-01,1987,11,"Wheat, US HRW",Grains,($/mt),115.0,0.97,7.58,9.42,-25.85,0.05
1987-12-01,1987,12,"Wheat, US HRW",Grains,($/mt),124.6,8.35,11.15,16.12,-22.03,1.93
1988-01-01,1988,1,"Wheat, US HRW",Grains,($/mt),128.6,3.21,12.91,17.87,-22.06,0.42
1988-02-01,1988,2,"Wheat, US HRW",Grains,($/mt),131.5,2.26,14.35,17.31,-19.91,0.17
1988-03-01,1988,3,"Wheat, US HRW",Grains,($/mt),124.9,-5.02,0.24,8.23,-24.8,-1.44
1988-04-01,1988,4,"Wheat, US HRW",Grains,($/mt),126.8,1.52,-1.4,12.01,-24.16,0.16
1988-05-01,1988,5,"Wheat, US HRW",Grains,($/mt),129.0,1.74,-1.9,8.31,-19.48,0.14
1988-06-01,1988,6,"Wheat, US HRW",Grains,($/mt),149.9,16.2,20.02,37.78,-1.25,3.38
1988-07-01,1988,7,"Wheat, US HRW",Grains,($/mt),149.6,-0.2,17.98,42.88,1.56,-0.56
1988-08-01,1988,8,"Wheat, US HRW",Grains,($/mt),149.9,0.2,16.2,40.22,-1.7,-0.57
1988-09-01,1988,9,"Wheat, US HRW",Grains,($/mt),159.5,6.4,6.4,42.28,1.92,0.66
1988-10-01,1988,10,"Wheat, US HRW",Grains,($/mt),162.0,1.57,8.29,42.23,5.95,-0.29
1988-11-01,1988,11,"Wheat, US HRW",Grains,($/mt),163.9,1.17,9.34,42.52,7.97,-0.36
1988-12-01,1988,12,"Wheat, US HRW",Grains,($/mt),166.8,1.77,4.58,33.87,8.59,-0.26
1989-01-01,1989,1,"Wheat, US HRW",Grains,($/mt),173.8,4.2,7.28,35.15,13.67,0.32
1989-02-01,1989,2,"Wheat, US HRW",Grains,($/mt),172.0,-1.04,4.94,30.8,14.13,-0.73
1989-03-01,1989,3,"Wheat, US HRW",Grains,($/mt),178.2,3.6,6.83,42.67,15.71,0.24
1989-04-01,1989,4,"Wheat, US HRW",Grains,($/mt),174.5,-2.08,0.4,37.62,10.93,-1.12
1989-05-01,1989,5,"Wheat, US HRW",Grains,($/mt),176.4,1.09,2.56,36.74,14.55,-0.35
1989-06-01,1989,6,"Wheat, US HRW",Grains,($/mt),168.7,-4.37,-5.33,12.54,12.54,-1.47
1989-07-01,1989,7,"Wheat, US HRW",Grains,($/mt),166.8,-1.13,-4.41,11.5,13.47,-0.75
1989-08-01,1989,8,"Wheat, US HRW",Grains,($/mt),164.2,-1.56,-6.92,9.54,7.67,-0.86
1989-09-01,1989,9,"Wheat, US HRW",Grains,($/mt),163.5,-0.43,-3.08,2.51,5.42,-0.41
1989-10-01,1989,10,"Wheat, US HRW",Grains,($/mt),164.6,0.67,-1.32,1.6,7.65,0.18
1989-11-01,1989,11,"Wheat, US HRW",Grains,($/mt),163.5,-0.67,-0.43,-0.24,7.21,-0.34
1989-12-01,1989,12,"Wheat, US HRW",Grains,($/mt),164.6,0.67,0.67,-1.32,10.03,0.28
1990-01-01,1990,1,"Wheat, US HRW",Grains,($/mt),167.9,2.0,2.0,-3.39,12.53,0.88
1990-02-01,1990,2,"Wheat, US HRW",Grains,($/mt),160.9,-4.17,-1.59,-6.45,9.23,-1.89
1990-03-01,1990,3,"Wheat, US HRW",Grains,($/mt),156.5,-2.73,-4.92,-12.18,7.86,-0.94
1990-04-01,1990,4,"Wheat, US HRW",Grains,($/mt),159.5,1.92,-5.0,-8.6,11.0,1.47
1990-05-01,1990,5,"Wheat, US HRW",Grains,($/mt),149.2,-6.46,-7.27,-15.42,9.46,-2.64
1990-06-01,1990,6,"Wheat, US HRW",Grains,($/mt),135.6,-9.12,-13.35,-19.62,1.12,-2.94
1990-07-01,1990,7,"Wheat, US HRW",Grains,($/mt),124.9,-7.89,-21.69,-25.12,-2.88,-1.82
1990-08-01,1990,8,"Wheat, US HRW",Grains,($/mt),116.8,-6.49,-21.72,-28.87,-5.12,-1.1
1990-09-01,1990,9,"Wheat, US HRW",Grains,($/mt),114.3,-2.14,-15.71,-30.09,-8.78,0.15
1990-10-01,1990,10,"Wheat, US HRW",Grains,($/mt),114.6,0.26,-8.25,-30.38,-10.12,0.8
1990-11-01,1990,11,"Wheat, US HRW",Grains,($/mt),112.8,-1.57,-3.42,-31.01,-14.93,0.34
1990-12-01,1990,12,"Wheat, US HRW",Grains,($/mt),113.2,0.35,-0.96,-31.23,-17.43,0.87
1991-01-01,1991,1,"Wheat, US HRW",Grains,($/mt),111.3,-1.68,-2.88,-33.71,-15.87,0.35
1991-02-01,1991,2,"Wheat, US HRW",Grains,($/mt),113.9,2.34,0.98,-29.21,-12.18,1.6
1991-03-01,1991,3,"Wheat, US HRW",Grains,($/mt),119.4,4.83,5.48,-23.71,-11.23,1.97
1991-04-01,1991,4,"Wheat, US HRW",Grains,($/mt),120.9,1.26,8.63,-24.2,-8.82,0.76
1991-05-01,1991,5,"Wheat, US HRW",Grains,($/mt),122.0,0.91,7.11,-18.23,2.18,0.71
1991-06-01,1991,6,"Wheat, US HRW",Grains,($/mt),120.2,-1.48,0.67,-11.36,13.61,0.02
1991-07-01,1991,7,"Wheat, US HRW",Grains,($/mt),118.3,-1.58,-2.15,-5.28,16.21,-0.18
1991-08-01,1991,8,"Wheat, US HRW",Grains,($/mt),125.3,5.92,2.7,7.28,22.6,2.27
1991-09-01,1991,9,"Wheat, US HRW",Grains,($/mt),135.2,7.9,12.48,18.29,30.5,2.76
1991-10-01,1991,10,"Wheat, US HRW",Grains,($/mt),147.0,8.73,24.26,28.27,40.4,2.27
1991-11-01,1991,11,"Wheat, US HRW",Grains,($/mt),149.6,1.77,19.39,32.62,42.34,-0.1
1991-12-01,1991,12,"Wheat, US HRW",Grains,($/mt),160.9,7.55,19.01,42.14,49.95,1.41
1992-01-01,1992,1,"Wheat, US HRW",Grains,($/mt),170.1,5.72,15.71,52.83,55.91,0.7
1992-02-01,1992,2,"Wheat, US HRW",Grains,($/mt),177.1,4.12,18.38,55.49,57.98,0.13
1992-03-01,1992,3,"Wheat, US HRW",Grains,($/mt),169.4,-4.35,5.28,41.88,46.79,-2.28
1992-04-01,1992,4,"Wheat, US HRW",Grains,($/mt),159.8,-5.67,-6.06,32.18,41.17,-2.05
1992-05-01,1992,5,"Wheat, US HRW",Grains,($/mt),149.6,-6.38,-15.53,22.62,25.61,-1.79
1992-06-01,1992,6,"Wheat, US HRW",Grains,($/mt),148.8,-0.53,-12.16,23.79,36.76,-0.43
1992-07-01,1992,7,"Wheat, US HRW",Grains,($/mt),136.3,-8.4,-14.71,15.22,30.18,-1.88
1992-08-01,1992,8,"Wheat, US HRW",Grains,($/mt),128.2,-5.94,-14.3,2.31,19.93,-1.18
1992-09-01,1992,9,"Wheat, US HRW",Grains,($/mt),138.9,8.35,-6.65,2.74,23.91,1.25
1992-10-01,1992,10,"Wheat, US HRW",Grains,($/mt),140.7,1.3,3.23,-4.29,23.53,0.14
1992-11-01,1992,11,"Wheat, US HRW",Grains,($/mt),147.7,4.98,15.21,-1.27,28.43,0.88
1992-12-01,1992,12,"Wheat, US HRW",Grains,($/mt),147.7,0.0,6.34,-8.2,18.54,-0.01
1993-01-01,1993,1,"Wheat, US HRW",Grains,($/mt),155.8,5.48,10.73,-8.41,21.15,1.09
1993-02-01,1993,2,"Wheat, US HRW",Grains,($/mt),148.8,-4.49,0.74,-15.98,13.16,-0.71
1993-03-01,1993,3,"Wheat, US HRW",Grains,($/mt),148.1,-0.47,0.27,-12.57,18.57,0.15
1993-04-01,1993,4,"Wheat, US HRW",Grains,($/mt),141.8,-4.25,-8.99,-11.26,11.83,-0.61
1993-05-01,1993,5,"Wheat, US HRW",Grains,($/mt),136.7,-3.6,-8.13,-8.62,5.97,-0.52
1993-06-01,1993,6,"Wheat, US HRW",Grains,($/mt),122.0,-10.75,-17.62,-18.01,-18.61,-2.01
1993-07-01,1993,7,"Wheat, US HRW",Grains,($/mt),127.5,4.51,-10.08,-6.46,-14.77,1.03
1993-08-01,1993,8,"Wheat, US HRW",Grains,($/mt),129.7,1.73,-5.12,1.17,-13.48,0.38
1993-09-01,1993,9,"Wheat, US HRW",Grains,($/mt),131.2,1.16,7.54,-5.54,-17.74,0.17
1993-10-01,1993,10,"Wheat, US HRW",Grains,($/mt),136.0,3.66,6.67,-3.34,-16.05,0.85
1993-11-01,1993,11,"Wheat, US HRW",Grains,($/mt),146.6,7.79,13.03,-0.74,-10.56,1.64
1993-12-01,1993,12,"Wheat, US HRW",Grains,($/mt),158.7,8.25,20.96,7.45,-4.86,1.58
1994-01-01,1994,1,"Wheat, US HRW",Grains,($/mt),153.2,-3.47,12.65,-1.67,-11.85,-0.74
1994-02-01,1994,2,"Wheat, US HRW",Grains,($/mt),147.0,-4.05,0.27,-1.21,-14.53,-0.72
1994-03-01,1994,3,"Wheat, US HRW",Grains,($/mt),141.1,-4.01,-11.09,-4.73,-20.82,-0.73
1994-04-01,1994,4,"Wheat, US HRW",Grains,($/mt),140.4,-0.5,-8.36,-0.99,-19.54,-0.04
1994-05-01,1994,5,"Wheat, US HRW",Grains,($/mt),140.0,-0.28,-4.76,2.41,-20.63,-0.06
1994-06-01,1994,6,"Wheat, US HRW",Grains,($/mt),139.3,-0.5,-1.28,14.18,-17.43,-0.15
1994-07-01,1994,7,"Wheat, US HRW",Grains,($/mt),137.4,-1.36,-2.14,7.76,-17.63,-0.61
1994-08-01,1994,8,"Wheat, US HRW",Grains,($/mt),145.9,6.19,4.21,12.49,-11.14,1.33
1994-09-01,1994,9,"Wheat, US HRW",Grains,($/mt),158.7,8.77,13.93,20.96,-2.94,1.74
1994-10-01,1994,10,"Wheat, US HRW",Grains,($/mt),167.2,5.36,21.69,22.94,1.58,0.74
1994-11-01,1994,11,"Wheat, US HRW",Grains,($/mt),162.0,-3.11,11.03,10.5,-0.92,-0.99
1994-12-01,1994,12,"Wheat, US HRW",Grains,($/mt),164.6,1.6,3.72,3.72,0.0,0.14
1995-01-01,1995,1,"Wheat, US HRW",Grains,($/mt),156.2,-5.1,-6.58,1.96,-6.97,-1.28
1995-02-01,1995,2,"Wheat, US HRW",Grains,($/mt),154.3,-1.22,-4.75,4.97,-4.1,-0.33
1995-03-01,1995,3,"Wheat, US HRW",Grains,($/mt),150.3,-2.59,-8.69,6.52,-3.96,-0.72
1995-04-01,1995,4,"Wheat, US HRW",Grains,($/mt),148.8,-1.0,-4.74,5.98,-6.71,-0.39
1995-05-01,1995,5,"Wheat, US HRW",Grains,($/mt),158.7,6.65,2.85,13.36,6.37,1.47
1995-06-01,1995,6,"Wheat, US HRW",Grains,($/mt),170.1,7.18,13.17,22.11,25.44,1.34
1995-07-01,1995,7,"Wheat, US HRW",Grains,($/mt),190.7,12.11,28.16,38.79,52.68,2.16
1995-08-01,1995,8,"Wheat, US HRW",Grains,($/mt),184.5,-3.25,16.26,26.46,57.96,-1.12
1995-09-01,1995,9,"Wheat, US HRW",Grains,($/mt),193.6,4.93,13.82,21.99,69.38,0.5
1995-10-01,1995,10,"Wheat, US HRW",Grains,($/mt),203.7,5.22,6.82,21.83,77.75,0.64
1995-11-01,1995,11,"Wheat, US HRW",Grains,($/mt),203.9,0.1,10.51,25.86,80.76,-0.32
1995-12-01,1995,12,"Wheat, US HRW",Grains,($/mt),208.9,2.45,7.9,26.91,84.54,0.08
1996-01-01,1996,1,"Wheat, US HRW",Grains,($/mt),206.9,-0.96,1.57,32.46,85.89,-0.6
1996-02-01,1996,2,"Wheat, US HRW",Grains,($/mt),218.9,5.8,7.36,41.87,92.19,0.7
1996-03-01,1996,3,"Wheat, US HRW",Grains,($/mt),215.3,-1.64,3.06,43.25,80.32,-1.0
1996-04-01,1996,4,"Wheat, US HRW",Grains,($/mt),257.6,19.65,24.5,73.12,113.07,3.6
1996-05-01,1996,5,"Wheat, US HRW",Grains,($/mt),262.1,1.75,19.74,65.15,114.84,-0.49
1996-06-01,1996,6,"Wheat, US HRW",Grains,($/mt),227.3,-13.28,5.57,33.63,89.1,-2.75
1996-07-01,1996,7,"Wheat, US HRW",Grains,($/mt),202.6,-10.87,-21.35,6.24,71.26,-1.67
1996-08-01,1996,8,"Wheat, US HRW",Grains,($/mt),191.6,-5.43,-26.9,3.85,52.91,-0.74
1996-09-01,1996,9,"Wheat, US HRW",Grains,($/mt),178.7,-6.73,-21.38,-7.7,32.17,-0.86
1996-10-01,1996,10,"Wheat, US HRW",Grains,($/mt),178.0,-0.39,-12.14,-12.62,21.09,-0.01
1996-11-01,1996,11,"Wheat, US HRW",Grains,($/mt),176.4,-0.9,-7.93,-13.49,17.91,-0.01
1996-12-01,1996,12,"Wheat, US HRW",Grains,($/mt),175.7,-0.4,-1.68,-15.89,9.2,0.06
1997-01-01,1997,1,"Wheat, US HRW",Grains,($/mt),175.7,0.0,-1.29,-15.08,3.29,0.13
1997-02-01,1997,2,"Wheat, US HRW",Grains,($/mt),172.4,-1.88,-2.27,-21.24,-2.65,-0.1
1997-03-01,1997,3,"Wheat, US HRW",Grains,($/mt),176.6,2.44,0.51,-17.97,4.25,0.5
1997-04-01,1997,4,"Wheat, US HRW",Grains,($/mt),183.5,3.91,4.44,-28.77,14.83,0.64
1997-05-01,1997,5,"Wheat, US HRW",Grains,($/mt),172.6,-5.94,0.12,-34.15,15.37,-0.62
1997-06-01,1997,6,"Wheat, US HRW",Grains,($/mt),148.4,-14.02,-15.97,-34.71,-0.27,-2.05
1997-07-01,1997,7,"Wheat, US HRW",Grains,($/mt),136.2,-8.22,-25.78,-32.77,-0.07,-0.91
1997-08-01,1997,8,"Wheat, US HRW",Grains,($/mt),150.6,10.57,-12.75,-21.4,17.47,2.7
1997-09-01,1997,9,"Wheat, US HRW",Grains,($/mt),151.7,0.73,2.22,-15.11,9.22,0.4
1997-10-01,1997,10,"Wheat, US HRW",Grains,($/mt),151.6,-0.07,11.31,-14.83,7.75,0.18
1997-11-01,1997,11,"Wheat, US HRW",Grains,($/mt),149.9,-1.12,-0.46,-15.02,1.49,0.0
1997-12-01,1997,12,"Wheat, US HRW",Grains,($/mt),144.6,-3.54,-4.68,-17.7,-2.1,-0.38
1998-01-01,1998,1,"Wheat, US HRW",Grains,($/mt),137.1,-5.19,-9.56,-21.97,-12.0,-0.6
1998-02-01,1998,2,"Wheat, US HRW",Grains,($/mt),140.1,2.19,-6.54,-18.74,-5.85,0.64
1998-03-01,1998,3,"Wheat, US HRW",Grains,($/mt),138.9,-0.86,-3.94,-21.35,-6.21,0.1
1998-04-01,1998,4,"Wheat, US HRW",Grains,($/mt),130.2,-6.26,-5.03,-29.05,-8.18,-0.71
1998-05-01,1998,5,"Wheat, US HRW",Grains,($/mt),128.9,-1.0,-7.99,-25.32,-5.71,0.27
1998-06-01,1998,6,"Wheat, US HRW",Grains,($/mt),120.6,-6.44,-13.17,-18.73,-1.15,-0.7
1998-07-01,1998,7,"Wheat, US HRW",Grains,($/mt),118.9,-1.41,-8.68,-12.7,-6.75,0.04
1998-08-01,1998,8,"Wheat, US HRW",Grains,($/mt),108.0,-9.17,-16.21,-28.29,-16.73,-1.78
1998-09-01,1998,9,"Wheat, US HRW",Grains,($/mt),107.9,-0.09,-10.53,-28.87,-17.76,0.76
1998-10-01,1998,10,"Wheat, US HRW",Grains,($/mt),126.5,17.24,6.39,-16.56,-6.99,5.97
1998-11-01,1998,11,"Wheat, US HRW",Grains,($/mt),130.2,2.92,20.56,-13.14,-11.19,0.63
1998-12-01,1998,12,"Wheat, US HRW",Grains,($/mt),126.2,-3.07,16.96,-12.72,-20.48,-0.31
1999-01-01,1999,1,"Wheat, US HRW",Grains,($/mt),125.3,-0.71,-0.95,-8.61,-18.21,0.03
1999-02-01,1999,2,"Wheat, US HRW",Grains,($/mt),117.0,-6.62,-10.14,-16.49,-20.41,-0.91
1999-03-01,1999,3,"Wheat, US HRW",Grains,($/mt),117.3,0.26,-7.05,-15.55,-16.87,0.23
1999-04-01,1999,4,"Wheat, US HRW",Grains,($/mt),113.9,-2.9,-9.1,-12.52,-18.87,-0.25
1999-05-01,1999,5,"Wheat, US HRW",Grains,($/mt),113.0,-0.79,-3.42,-12.34,-19.29,0.02
1999-06-01,1999,6,"Wheat, US HRW",Grains,($/mt),111.4,-1.42,-5.03,-7.63,-20.03,-0.08
1999-07-01,1999,7,"Wheat, US HRW",Grains,($/mt),103.0,-7.54,-9.57,-13.37,-25.04,-1.1
1999-08-01,1999,8,"Wheat, US HRW",Grains,($/mt),111.3,8.06,-1.5,3.06,-23.71,1.34
1999-09-01,1999,9,"Wheat, US HRW",Grains,($/mt),113.2,1.71,1.62,4.91,-28.67,0.19
1999-10-01,1999,10,"Wheat, US HRW",Grains,($/mt),108.1,-4.51,4.95,-14.55,-35.35,-0.76
1999-11-01,1999,11,"Wheat, US HRW",Grains,($/mt),108.8,0.65,-2.25,-16.44,-32.84,0.44
1999-12-01,1999,12,"Wheat, US HRW",Grains,($/mt),102.2,-6.07,-9.72,-19.02,-37.91,-1.13
2000-01-01,2000,1,"Wheat, US HRW",Grains,($/mt),105.8,3.52,-2.13,-15.56,-32.27,1.2
2000-02-01,2000,2,"Wheat, US HRW",Grains,($/mt),107.9,1.98,-0.83,-7.78,-30.07,0.72
2000-03-01,2000,3,"Wheat, US HRW",Grains,($/mt),105.7,-2.04,3.42,-9.89,-29.67,-0.34
2000-04-01,2000,4,"Wheat, US HRW",Grains,($/mt),105.1,-0.57,-0.66,-7.73,-29.37,0.05
2000-05-01,2000,5,"Wheat, US HRW",Grains,($/mt),112.1,6.66,3.89,-0.8,-29.36,1.69
2000-06-01,2000,6,"Wheat, US HRW",Grains,($/mt),113.5,1.25,7.38,1.89,-33.27,0.25
2000-07-01,2000,7,"Wheat, US HRW",Grains,($/mt),109.0,-3.96,3.71,5.83,-42.84,-0.89
2000-08-01,2000,8,"Wheat, US HRW",Grains,($/mt),108.4,-0.55,-3.3,-2.61,-41.25,-0.26
2000-09-01,2000,9,"Wheat, US HRW",Grains,($/mt),117.5,8.39,3.52,3.8,-39.31,2.37
2000-10-01,2000,10,"Wheat, US HRW",Grains,($/mt),128.2,9.11,17.61,18.59,-37.06,2.0
2000-11-01,2000,11,"Wheat, US HRW",Grains,($/mt),127.7,-0.39,17.8,17.37,-37.37,-0.41
2000-12-01,2000,12,"Wheat, US HRW",Grains,($/mt),128.1,0.31,9.02,25.34,-38.68,-0.24
2001-01-01,2001,1,"Wheat, US HRW",Grains,($/mt),132.8,3.67,3.59,25.52,-35.81,0.41
2001-02-01,2001,2,"Wheat, US HRW",Grains,($/mt),128.1,-3.54,0.31,18.72,-41.48,-1.33
2001-03-01,2001,3,"Wheat, US HRW",Grains,($/mt),130.2,1.64,1.64,23.18,-39.53,0.02
2001-04-01,2001,4,"Wheat, US HRW",Grains,($/mt),129.7,-0.38,-2.33,23.41,-49.65,-0.52
2001-05-01,2001,5,"Wheat, US HRW",Grains,($/mt),134.9,4.01,5.31,20.34,-48.53,0.5
2001-06-01,2001,6,"Wheat, US HRW",Grains,($/mt),127.2,-5.71,-2.3,12.07,-44.04,-1.79
2001-07-01,2001,7,"Wheat, US HRW",Grains,($/mt),123.8,-2.67,-4.55,13.58,-38.89,-0.81
2001-08-01,2001,8,"Wheat, US HRW",Grains,($/mt),121.9,-1.53,-9.64,12.45,-36.38,-0.6
2001-09-01,2001,9,"Wheat, US HRW",Grains,($/mt),122.0,0.08,-4.09,3.83,-31.73,-0.22
2001-10-01,2001,10,"Wheat, US HRW",Grains,($/mt),123.3,1.07,-0.4,-3.82,-30.73,0.17
2001-11-01,2001,11,"Wheat, US HRW",Grains,($/mt),125.3,1.62,2.79,-1.88,-28.97,0.68
2001-12-01,2001,12,"Wheat, US HRW",Grains,($/mt),122.4,-2.31,0.33,-4.45,-30.34,-0.76
2002-01-01,2002,1,"Wheat, US HRW",Grains,($/mt),125.3,2.37,1.62,-5.65,-28.69,0.92
2002-02-01,2002,2,"Wheat, US HRW",Grains,($/mt),123.3,-1.6,-1.6,-3.75,-28.48,-0.41
2002-03-01,2002,3,"Wheat, US HRW",Grains,($/mt),122.5,-0.65,0.08,-5.91,-30.63,-0.14
2002-04-01,2002,4,"Wheat, US HRW",Grains,($/mt),123.7,0.98,-1.28,-4.63,-32.59,0.56
2002-05-01,2002,5,"Wheat, US HRW",Grains,($/mt),121.5,-1.78,-1.46,-9.93,-29.61,-0.54
2002-06-01,2002,6,"Wheat, US HRW",Grains,($/mt),132.0,8.64,7.76,3.77,-11.05,4.23
2002-07-01,2002,7,"Wheat, US HRW",Grains,($/mt),149.3,13.11,20.7,20.6,9.62,4.14
2002-08-01,2002,8,"Wheat, US HRW",Grains,($/mt),161.3,8.04,32.76,32.32,7.1,1.37
2002-09-01,2002,9,"Wheat, US HRW",Grains,($/mt),187.8,16.43,42.27,53.93,23.8,2.87
2002-10-01,2002,10,"Wheat, US HRW",Grains,($/mt),190.3,1.33,27.46,54.34,25.53,-0.4
2002-11-01,2002,11,"Wheat, US HRW",Grains,($/mt),177.4,-6.78,9.98,41.58,18.35,-1.71
2002-12-01,2002,12,"Wheat, US HRW",Grains,($/mt),162.5,-8.4,-13.47,32.76,12.38,-1.67
2003-01-01,2003,1,"Wheat, US HRW",Grains,($/mt),149.6,-7.94,-21.39,19.39,9.12,-1.4
2003-02-01,2003,2,"Wheat, US HRW",Grains,($/mt),150.8,0.8,-14.99,22.3,7.64,-0.12
2003-03-01,2003,3,"Wheat, US HRW",Grains,($/mt),141.8,-5.97,-12.74,15.76,2.09,-0.98
2003-04-01,2003,4,"Wheat, US HRW",Grains,($/mt),138.6,-2.26,-7.35,12.05,6.45,-0.45
2003-05-01,2003,5,"Wheat, US HRW",Grains,($/mt),142.0,2.45,-5.84,16.87,10.16,0.14
2003-06-01,2003,6,"Wheat, US HRW",Grains,($/mt),131.4,-7.46,-7.33,-0.45,8.96,-1.08
2003-07-01,2003,7,"Wheat, US HRW",Grains,($/mt),131.6,0.15,-5.05,-11.86,10.68,-0.02
2003-08-01,2003,8,"Wheat, US HRW",Grains,($/mt),148.7,12.99,4.72,-7.81,37.69,1.85
2003-09-01,2003,9,"Wheat, US HRW",Grains,($/mt),145.6,-2.08,10.81,-22.47,34.94,-0.21
2003-10-01,2003,10,"Wheat, US HRW",Grains,($/mt),147.5,1.3,12.08,-22.49,16.6,0.53
2003-11-01,2003,11,"Wheat, US HRW",Grains,($/mt),160.5,8.81,7.94,-9.53,23.27,1.75
2003-12-01,2003,12,"Wheat, US HRW",Grains,($/mt),165.6,3.18,13.74,1.91,31.22,0.57
2004-01-01,2004,1,"Wheat, US HRW",Grains,($/mt),166.3,0.42,12.75,11.16,32.72,0.01
2004-02-01,2004,2,"Wheat, US HRW",Grains,($/mt),161.4,-2.95,0.56,7.03,37.95,-0.7
2004-03-01,2004,3,"Wheat, US HRW",Grains,($/mt),166.3,3.04,0.42,17.28,41.77,0.4
2004-04-01,2004,4,"Wheat, US HRW",Grains,($/mt),166.6,0.18,0.18,20.2,46.27,-0.24
2004-05-01,2004,5,"Wheat, US HRW",Grains,($/mt),163.7,-1.74,1.43,15.28,44.87,-0.64
2004-06-01,2004,6,"Wheat, US HRW",Grains,($/mt),154.7,-5.5,-6.98,17.73,38.87,-1.27
2004-07-01,2004,7,"Wheat, US HRW",Grains,($/mt),150.6,-2.65,-9.6,14.44,46.21,-0.81
2004-08-01,2004,8,"Wheat, US HRW",Grains,($/mt),141.3,-6.18,-13.68,-4.98,26.95,-1.42
2004-09-01,2004,9,"Wheat, US HRW",Grains,($/mt),151.0,6.86,-2.39,3.71,33.39,1.74
2004-10-01,2004,10,"Wheat, US HRW",Grains,($/mt),150.1,-0.6,-0.33,1.76,38.85,-0.22
2004-11-01,2004,11,"Wheat, US HRW",Grains,($/mt),156.6,4.33,10.83,-2.43,43.93,0.89
2004-12-01,2004,12,"Wheat, US HRW",Grains,($/mt),153.9,-1.72,1.92,-7.07,50.59,-0.4
2005-01-01,2005,1,"Wheat, US HRW",Grains,($/mt),153.6,-0.19,2.33,-7.64,45.18,0.09
2005-02-01,2005,2,"Wheat, US HRW",Grains,($/mt),151.2,-1.56,-3.45,-6.32,40.13,-0.25
2005-03-01,2005,3,"Wheat, US HRW",Grains,($/mt),151.0,-0.13,-1.88,-9.2,42.86,0.09
2005-04-01,2005,4,"Wheat, US HRW",Grains,($/mt),140.9,-6.69,-8.27,-15.43,34.06,-1.65
2005-05-01,2005,5,"Wheat, US HRW",Grains,($/mt),143.3,1.7,-5.22,-12.46,27.83,0.76
2005-06-01,2005,6,"Wheat, US HRW",Grains,($/mt),141.9,-0.98,-6.03,-8.27,25.02,0.01
2005-07-01,2005,7,"Wheat, US HRW",Grains,($/mt),143.9,1.41,2.13,-4.45,32.02,0.54
2005-08-01,2005,8,"Wheat, US HRW",Grains,($/mt),149.4,3.82,4.26,5.73,37.82,1.09
2005-09-01,2005,9,"Wheat, US HRW",Grains,($/mt),159.7,6.89,12.54,5.76,35.91,1.83
2005-10-01,2005,10,"Wheat, US HRW",Grains,($/mt),167.8,5.07,16.61,11.79,30.89,1.3
2005-11-01,2005,11,"Wheat, US HRW",Grains,($/mt),161.1,-3.99,7.83,2.87,26.16,-1.35
2005-12-01,2005,12,"Wheat, US HRW",Grains,($/mt),164.4,2.05,2.94,6.82,28.34,0.46
2006-01-01,2006,1,"Wheat, US HRW",Grains,($/mt),167.2,1.7,-0.36,8.85,25.9,0.29
2006-02-01,2006,2,"Wheat, US HRW",Grains,($/mt),179.8,7.54,11.61,18.92,40.36,1.79
2006-03-01,2006,3,"Wheat, US HRW",Grains,($/mt),174.4,-3.0,6.08,15.5,33.95,-1.09
2006-04-01,2006,4,"Wheat, US HRW",Grains,($/mt),180.3,3.38,7.83,27.96,39.01,0.48
2006-05-01,2006,5,"Wheat, US HRW",Grains,($/mt),193.2,7.15,7.45,34.82,43.22,1.41
2006-06-01,2006,6,"Wheat, US HRW",Grains,($/mt),195.2,1.04,11.93,37.56,53.46,-0.4
2006-07-01,2006,7,"Wheat, US HRW",Grains,($/mt),202.4,3.69,12.26,40.65,63.49,0.25
2006-08-01,2006,8,"Wheat, US HRW",Grains,($/mt),189.9,-6.18,-1.71,27.11,55.78,-2.47
2006-09-01,2006,9,"Wheat, US HRW",Grains,($/mt),196.0,3.21,0.41,22.73,60.66,0.24
2006-10-01,2006,10,"Wheat, US HRW",Grains,($/mt),212.1,8.21,4.79,26.4,72.02,1.5
2006-11-01,2006,11,"Wheat, US HRW",Grains,($/mt),209.7,-1.13,10.43,30.17,67.36,-0.7
2006-12-01,2006,12,"Wheat, US HRW",Grains,($/mt),204.3,-2.58,4.23,24.27,66.91,-1.13
2007-01-01,2007,1,"Wheat, US HRW",Grains,($/mt),196.1,-4.01,-7.54,17.28,56.5,-1.31
2007-02-01,2007,2,"Wheat, US HRW",Grains,($/mt),200.0,1.99,-4.63,11.23,62.21,0.11
2007-03-01,2007,3,"Wheat, US HRW",Grains,($/mt),199.1,-0.45,-2.55,14.16,62.53,-0.32
2007-04-01,2007,4,"Wheat, US HRW",Grains,($/mt),198.3,-0.4,1.12,9.98,60.31,-0.37
2007-05-01,2007,5,"Wheat, US HRW",Grains,($/mt),195.7,-1.31,-2.15,1.29,61.07,-0.51
2007-06-01,2007,6,"Wheat, US HRW",Grains,($/mt),223.0,13.95,12.0,14.24,68.94,3.61
2007-07-01,2007,7,"Wheat, US HRW",Grains,($/mt),238.4,6.91,20.22,17.79,59.68,1.02
2007-08-01,2007,8,"Wheat, US HRW",Grains,($/mt),259.7,8.93,32.7,36.76,61.0,1.3
2007-09-01,2007,9,"Wheat, US HRW",Grains,($/mt),326.5,25.72,46.41,66.58,73.86,4.14
2007-10-01,2007,10,"Wheat, US HRW",Grains,($/mt),335.1,2.63,40.56,57.99,76.09,-0.23
2007-11-01,2007,11,"Wheat, US HRW",Grains,($/mt),321.8,-3.97,23.91,53.46,81.4,-0.95
2007-12-01,2007,12,"Wheat, US HRW",Grains,($/mt),368.6,14.54,12.89,80.42,126.83,1.21
2008-01-01,2008,1,"Wheat, US HRW",Grains,($/mt),370.7,0.57,10.62,89.04,147.79,-0.53
2008-02-01,2008,2,"Wheat, US HRW",Grains,($/mt),425.0,14.65,32.07,112.5,181.83,1.03
2008-03-01,2008,3,"Wheat, US HRW",Grains,($/mt),439.7,3.46,19.29,120.84,210.08,-0.38
2008-04-01,2008,4,"Wheat, US HRW",Grains,($/mt),362.2,-17.63,-2.29,82.65,161.33,-2.84
2008-05-01,2008,5,"Wheat, US HRW",Grains,($/mt),328.8,-9.22,-22.64,68.01,131.55,-1.34
2008-06-01,2008,6,"Wheat, US HRW",Grains,($/mt),348.6,6.02,-20.72,56.32,165.3,0.08
2008-07-01,2008,7,"Wheat, US HRW",Grains,($/mt),328.2,-5.85,-9.39,37.67,149.39,-0.89
2008-08-01,2008,8,"Wheat, US HRW",Grains,($/mt),329.3,0.34,0.15,26.8,121.45,-0.25
2008-09-01,2008,9,"Wheat, US HRW",Grains,($/mt),295.6,-10.23,-15.2,-9.46,103.02,-1.1
2008-10-01,2008,10,"Wheat, US HRW",Grains,($/mt),237.4,-19.69,-27.67,-29.16,60.95,-1.99
2008-11-01,2008,11,"Wheat, US HRW",Grains,($/mt),226.8,-4.47,-31.13,-29.52,41.31,-0.2
2008-12-01,2008,12,"Wheat, US HRW",Grains,($/mt),220.1,-2.95,-25.54,-40.29,32.91,-0.06
2009-01-01,2009,1,"Wheat, US HRW",Grains,($/mt),239.1,8.63,0.72,-35.5,43.78,1.27
2009-02-01,2009,2,"Wheat, US HRW",Grains,($/mt),224.7,-6.02,-0.93,-47.13,39.22,-0.28
2009-03-01,2009,3,"Wheat, US HRW",Grains,($/mt),231.0,2.8,4.95,-47.46,38.91,0.87
2009-04-01,2009,4,"Wheat, US HRW",Grains,($/mt),233.5,1.08,-2.34,-35.53,40.16,0.69
2009-05-01,2009,5,"Wheat, US HRW",Grains,($/mt),261.5,11.99,16.38,-20.47,59.74,1.96
2009-06-01,2009,6,"Wheat, US HRW",Grains,($/mt),256.6,-1.87,11.08,-26.39,65.87,-0.04
2009-07-01,2009,7,"Wheat, US HRW",Grains,($/mt),224.9,-12.35,-3.68,-31.47,49.34,-1.22
2009-08-01,2009,8,"Wheat, US HRW",Grains,($/mt),210.4,-6.45,-19.54,-36.11,48.9,-0.42
2009-09-01,2009,9,"Wheat, US HRW",Grains,($/mt),191.1,-9.17,-25.53,-35.35,26.56,-0.67
2009-10-01,2009,10,"Wheat, US HRW",Grains,($/mt),198.8,4.03,-11.61,-16.26,32.45,0.83
2009-11-01,2009,11,"Wheat, US HRW",Grains,($/mt),211.0,6.14,0.29,-6.97,34.74,1.02
2009-12-01,2009,12,"Wheat, US HRW",Grains,($/mt),206.3,-2.23,7.95,-6.27,34.05,-0.25
2010-01-01,2010,1,"Wheat, US HRW",Grains,($/mt),201.2,-2.47,1.21,-15.85,30.99,-0.3
2010-02-01,2010,2,"Wheat, US HRW",Grains,($/mt),194.0,-3.58,-8.06,-13.66,28.31,-0.34
2010-03-01,2010,3,"Wheat, US HRW",Grains,($/mt),191.1,-1.49,-7.37,-17.27,26.56,-0.07
2010-04-01,2010,4,"Wheat, US HRW",Grains,($/mt),192.9,0.94,-4.13,-17.39,36.91,0.35
2010-05-01,2010,5,"Wheat, US HRW",Grains,($/mt),181.6,-5.86,-6.39,-30.55,26.73,-0.68
2010-06-01,2010,6,"Wheat, US HRW",Grains,($/mt),157.7,-13.16,-17.48,-38.54,11.13,-1.98
2010-07-01,2010,7,"Wheat, US HRW",Grains,($/mt),195.8,24.16,1.5,-12.94,36.07,4.68
2010-08-01,2010,8,"Wheat, US HRW",Grains,($/mt),246.2,25.74,35.57,17.02,64.79,2.79
2010-09-01,2010,9,"Wheat, US HRW",Grains,($/mt),271.7,10.36,72.29,42.18,70.13,0.71
2010-10-01,2010,10,"Wheat, US HRW",Grains,($/mt),270.2,-0.55,38.0,35.92,61.03,-0.35
2010-11-01,2010,11,"Wheat, US HRW",Grains,($/mt),274.1,1.44,11.33,29.91,70.14,-0.15
2010-12-01,2010,12,"Wheat, US HRW",Grains,($/mt),306.5,11.82,12.81,48.57,86.44,0.78
2011-01-01,2011,1,"Wheat, US HRW",Grains,($/mt),326.6,6.56,20.87,62.33,95.33,0.22
2011-02-01,2011,2,"Wheat, US HRW",Grains,($/mt),348.1,6.58,27.0,79.43,93.6,0.16
2011-03-01,2011,3,"Wheat, US HRW",Grains,($/mt),316.7,-9.02,3.33,65.72,81.59,-1.28
2011-04-01,2011,4,"Wheat, US HRW",Grains,($/mt),336.1,6.13,2.91,74.24,86.41,0.1
2011-05-01,2011,5,"Wheat, US HRW",Grains,($/mt),355.3,5.71,2.07,95.65,83.9,0.03
2011-06-01,2011,6,"Wheat, US HRW",Grains,($/mt),326.4,-8.13,3.06,106.98,67.21,-1.27
2011-07-01,2011,7,"Wheat, US HRW",Grains,($/mt),303.9,-6.89,-9.58,55.21,50.15,-1.28
2011-08-01,2011,8,"Wheat, US HRW",Grains,($/mt),327.1,7.63,-7.94,32.86,72.25,0.36
2011-09-01,2011,9,"Wheat, US HRW",Grains,($/mt),315.9,-3.42,-3.22,16.27,61.17,-0.84
2011-10-01,2011,10,"Wheat, US HRW",Grains,($/mt),289.0,-8.52,-4.9,6.96,36.26,-1.43
2011-11-01,2011,11,"Wheat, US HRW",Grains,($/mt),281.0,-2.77,-14.09,2.52,34.0,-0.48
2011-12-01,2011,12,"Wheat, US HRW",Grains,($/mt),269.0,-4.27,-14.85,-12.23,31.67,-0.62
2012-01-01,2012,1,"Wheat, US HRW",Grains,($/mt),274.9,2.19,-4.88,-15.83,40.18,0.45
2012-02-01,2012,2,"Wheat, US HRW",Grains,($/mt),277.8,1.05,-1.14,-20.2,38.9,0.35
2012-03-01,2012,3,"Wheat, US HRW",Grains,($/mt),283.9,2.2,5.54,-10.36,42.59,0.64
2012-04-01,2012,4,"Wheat, US HRW",Grains,($/mt),266.3,-6.2,-3.13,-20.77,34.29,-0.96
2012-05-01,2012,5,"Wheat, US HRW",Grains,($/mt),264.4,-0.71,-4.82,-25.58,35.1,0.2
2012-06-01,2012,6,"Wheat, US HRW",Grains,($/mt),276.2,4.46,-2.71,-15.38,23.86,1.38
2012-07-01,2012,7,"Wheat, US HRW",Grains,($/mt),345.7,25.16,29.82,13.75,45.01,5.37
2012-08-01,2012,8,"Wheat, US HRW",Grains,($/mt),349.4,1.07,32.15,6.82,34.54,-0.04
2012-09-01,2012,9,"Wheat, US HRW",Grains,($/mt),353.4,1.14,27.95,11.87,8.24,0.03
2012-10-01,2012,10,"Wheat, US HRW",Grains,($/mt),358.2,1.36,3.62,23.94,6.89,0.01
2012-11-01,2012,11,"Wheat, US HRW",Grains,($/mt),360.8,0.73,3.26,28.4,12.12,-0.17
2012-12-01,2012,12,"Wheat, US HRW",Grains,($/mt),348.0,-3.55,-1.53,29.37,-5.59,-0.76
2013-01-01,2013,1,"Wheat, US HRW",Grains,($/mt),335.5,-3.59,-6.34,22.04,-9.5,-0.78
2013-02-01,2013,2,"Wheat, US HRW",Grains,($/mt),318.9,-4.95,-11.61,14.79,-24.96,-0.87
2013-03-01,2013,3,"Wheat, US HRW",Grains,($/mt),309.7,-2.88,-11.01,9.09,-29.57,-0.53
2013-04-01,2013,4,"Wheat, US HRW",Grains,($/mt),308.3,-0.45,-8.11,15.77,-14.88,-0.18
2013-05-01,2013,5,"Wheat, US HRW",Grains,($/mt),319.7,3.7,0.25,20.92,-2.77,0.28
2013-06-01,2013,6,"Wheat, US HRW",Grains,($/mt),313.4,-1.97,1.19,13.47,-10.1,-0.48
2013-07-01,2013,7,"Wheat, US HRW",Grains,($/mt),304.6,-2.81,-1.2,-11.89,-7.19,-0.52
2013-08-01,2013,8,"Wheat, US HRW",Grains,($/mt),305.3,0.23,-4.5,-12.62,-7.29,0.47
2013-09-01,2013,9,"Wheat, US HRW",Grains,($/mt),307.5,0.72,-1.88,-12.99,4.03,0.7
2013-10-01,2013,10,"Wheat, US HRW",Grains,($/mt),325.7,5.92,6.93,-9.07,37.19,2.76
2013-11-01,2013,11,"Wheat, US HRW",Grains,($/mt),306.8,-5.8,0.49,-14.97,35.27,-1.58
2013-12-01,2013,12,"Wheat, US HRW",Grains,($/mt),291.6,-4.95,-5.17,-16.21,32.49,-1.05
2014-01-01,2014,1,"Wheat, US HRW",Grains,($/mt),275.6,-5.49,-15.38,-17.85,15.27,-1.14
2014-02-01,2014,2,"Wheat, US HRW",Grains,($/mt),292.1,5.99,-4.79,-8.4,30.0,2.02
2014-03-01,2014,3,"Wheat, US HRW",Grains,($/mt),323.7,10.82,11.01,4.52,40.13,2.77
2014-04-01,2014,4,"Wheat, US HRW",Grains,($/mt),324.8,0.34,17.85,5.35,39.1,-0.03
2014-05-01,2014,5,"Wheat, US HRW",Grains,($/mt),334.7,3.05,14.58,4.69,27.99,0.48
2014-06-01,2014,6,"Wheat, US HRW",Grains,($/mt),306.4,-8.46,-5.34,-2.23,19.41,-1.73
2014-07-01,2014,7,"Wheat, US HRW",Grains,($/mt),280.4,-8.49,-13.67,-7.94,24.68,-1.47
2014-08-01,2014,8,"Wheat, US HRW",Grains,($/mt),263.5,-6.03,-21.27,-13.69,25.24,-0.89
2014-09-01,2014,9,"Wheat, US HRW",Grains,($/mt),243.6,-7.55,-20.5,-20.78,27.47,-1.02
2014-10-01,2014,10,"Wheat, US HRW",Grains,($/mt),245.4,0.74,-12.48,-24.65,23.44,0.37
2014-11-01,2014,11,"Wheat, US HRW",Grains,($/mt),258.7,5.42,-1.82,-15.68,22.61,1.21
2014-12-01,2014,12,"Wheat, US HRW",Grains,($/mt),269.7,4.25,10.71,-7.51,30.73,0.84
2015-01-01,2015,1,"Wheat, US HRW",Grains,($/mt),248.4,-7.9,1.22,-9.87,23.46,-1.13
2015-02-01,2015,2,"Wheat, US HRW",Grains,($/mt),237.0,-4.59,-8.39,-18.86,22.16,-0.58
2015-03-01,2015,3,"Wheat, US HRW",Grains,($/mt),230.8,-2.62,-14.42,-28.7,20.77,-0.17
2015-04-01,2015,4,"Wheat, US HRW",Grains,($/mt),223.4,-3.21,-10.06,-31.22,15.81,-0.11
2015-05-01,2015,5,"Wheat, US HRW",Grains,($/mt),215.3,-3.63,-9.16,-35.67,18.56,-0.13
2015-06-01,2015,6,"Wheat, US HRW",Grains,($/mt),209.8,-2.55,-9.1,-31.53,33.04,0.2
2015-07-01,2015,7,"Wheat, US HRW",Grains,($/mt),197.3,-5.96,-11.68,-29.64,0.77,-0.65
2015-08-01,2015,8,"Wheat, US HRW",Grains,($/mt),179.7,-8.92,-16.54,-31.8,-27.01,-1.42
2015-09-01,2015,9,"Wheat, US HRW",Grains,($/mt),172.7,-3.9,-17.68,-29.11,-36.44,-0.19
2015-10-01,2015,10,"Wheat, US HRW",Grains,($/mt),172.7,0.0,-12.47,-29.63,-36.08,0.63
2015-11-01,2015,11,"Wheat, US HRW",Grains,($/mt),177.1,2.55,-1.45,-31.54,-35.39,1.24
2015-12-01,2015,12,"Wheat, US HRW",Grains,($/mt),189.2,6.83,9.55,-29.85,-38.27,2.55
2016-01-01,2016,1,"Wheat, US HRW",Grains,($/mt),193.3,2.17,11.93,-22.18,-40.81,1.15
2016-02-01,2016,2,"Wheat, US HRW",Grains,($/mt),187.0,-3.26,5.59,-21.1,-46.28,-0.3
2016-03-01,2016,3,"Wheat, US HRW",Grains,($/mt),191.1,2.19,1.0,-17.2,-39.66,0.97
2016-04-01,2016,4,"Wheat, US HRW",Grains,($/mt),187.4,-1.94,-3.05,-16.11,-44.24,-0.11
2016-05-01,2016,5,"Wheat, US HRW",Grains,($/mt),172.0,-8.22,-8.02,-20.11,-51.59,-1.59
2016-06-01,2016,6,"Wheat, US HRW",Grains,($/mt),173.1,0.64,-9.42,-17.49,-46.97,0.51
2016-07-01,2016,7,"Wheat, US HRW",Grains,($/mt),151.8,-12.31,-19.0,-23.06,-50.05,-2.28
2016-08-01,2016,8,"Wheat, US HRW",Grains,($/mt),149.2,-1.71,-13.26,-16.97,-54.39,0.05
2016-09-01,2016,9,"Wheat, US HRW",Grains,($/mt),150.6,0.94,-13.0,-12.8,-52.33,0.46
2016-10-01,2016,10,"Wheat, US HRW",Grains,($/mt),151.8,0.8,0.0,-12.1,-47.47,0.35
2016-11-01,2016,11,"Wheat, US HRW",Grains,($/mt),150.6,-0.79,0.94,-14.96,-46.41,0.03
2016-12-01,2016,12,"Wheat, US HRW",Grains,($/mt),141.8,-5.84,-5.84,-25.05,-47.29,-0.92
2017-01-01,2017,1,"Wheat, US HRW",Grains,($/mt),153.2,8.04,0.92,-20.74,-44.27,2.31
2017-02-01,2017,2,"Wheat, US HRW",Grains,($/mt),155.1,1.24,2.99,-17.06,-44.17,0.58
2017-03-01,2017,3,"Wheat, US HRW",Grains,($/mt),154.3,-0.52,8.82,-19.26,-45.65,0.17
2017-04-01,2017,4,"Wheat, US HRW",Grains,($/mt),166.1,7.65,8.42,-11.37,-37.63,1.79
2017-05-01,2017,5,"Wheat, US HRW",Grains,($/mt),180.4,8.61,16.31,4.88,-31.77,1.62
2017-06-01,2017,6,"Wheat, US HRW",Grains,($/mt),189.6,5.1,22.88,9.53,-31.35,0.77
2017-07-01,2017,7,"Wheat, US HRW",Grains,($/mt),202.5,6.8,21.91,33.4,-41.42,0.97
2017-08-01,2017,8,"Wheat, US HRW",Grains,($/mt),171.2,-15.46,-5.1,14.75,-51.0,-3.9
2017-09-01,2017,9,"Wheat, US HRW",Grains,($/mt),178.6,4.32,-5.8,18.59,-49.46,0.43
2017-10-01,2017,10,"Wheat, US HRW",Grains,($/mt),175.6,-1.68,-13.28,15.68,-50.98,-0.48
2017-11-01,2017,11,"Wheat, US HRW",Grains,($/mt),179.7,2.33,4.96,19.32,-50.19,0.13
2017-12-01,2017,12,"Wheat, US HRW",Grains,($/mt),184.1,2.45,3.08,29.83,-47.1,0.1
2018-01-01,2018,1,"Wheat, US HRW",Grains,($/mt),192.2,4.4,9.45,25.46,-42.71,0.3
2018-02-01,2018,2,"Wheat, US HRW",Grains,($/mt),192.2,0.0,6.96,23.92,-39.73,-0.33
2018-03-01,2018,3,"Wheat, US HRW",Grains,($/mt),192.2,0.0,4.4,24.56,-37.94,-0.31
2018-04-01,2018,4,"Wheat, US HRW",Grains,($/mt),213.8,11.24,11.24,28.72,-30.65,1.44
2018-05-01,2018,5,"Wheat, US HRW",Grains,($/mt),213.8,0.0,11.24,18.51,-33.12,-0.35
2018-06-01,2018,6,"Wheat, US HRW",Grains,($/mt),219.4,2.62,14.15,15.72,-29.99,0.15
2018-07-01,2018,7,"Wheat, US HRW",Grains,($/mt),218.3,-0.5,2.1,7.8,-28.33,-0.3
2018-08-01,2018,8,"Wheat, US HRW",Grains,($/mt),236.6,8.38,10.66,38.2,-22.5,1.23
2018-09-01,2018,9,"Wheat, US HRW",Grains,($/mt),212.4,-10.23,-3.19,18.92,-30.93,-3.39
2018-10-01,2018,10,"Wheat, US HRW",Grains,($/mt),213.5,0.52,-2.2,21.58,-34.45,-0.2
2018-11-01,2018,11,"Wheat, US HRW",Grains,($/mt),203.6,-4.64,-13.95,13.3,-33.64,-1.22
2018-12-01,2018,12,"Wheat, US HRW",Grains,($/mt),211.3,3.78,-0.52,14.77,-27.54,0.47
2019-01-01,2019,1,"Wheat, US HRW",Grains,($/mt),209.8,-0.71,-1.73,9.16,-23.88,-0.36
2019-02-01,2019,2,"Wheat, US HRW",Grains,($/mt),219.0,4.39,7.56,13.94,-25.03,0.64
2019-03-01,2019,3,"Wheat, US HRW",Grains,($/mt),205.8,-6.03,-2.6,7.08,-36.42,-1.3
2019-04-01,2019,4,"Wheat, US HRW",Grains,($/mt),199.5,-3.06,-4.91,-6.69,-38.58,-0.63
2019-05-01,2019,5,"Wheat, US HRW",Grains,($/mt),199.5,0.0,-8.9,-6.69,-40.39,0.09
2019-06-01,2019,6,"Wheat, US HRW",Grains,($/mt),206.1,3.31,0.15,-6.06,-32.73,0.74
2019-07-01,2019,7,"Wheat, US HRW",Grains,($/mt),196.2,-4.8,-1.65,-10.12,-30.03,-0.86
2019-08-01,2019,8,"Wheat, US HRW",Grains,($/mt),181.1,-7.7,-9.22,-23.46,-31.27,-1.32
2019-09-01,2019,9,"Wheat, US HRW",Grains,($/mt),189.6,4.69,-8.01,-10.73,-22.17,1.43
2019-10-01,2019,10,"Wheat, US HRW",Grains,($/mt),199.5,5.22,1.68,-6.56,-18.7,1.4
2019-11-01,2019,11,"Wheat, US HRW",Grains,($/mt),203.2,1.85,12.2,-0.2,-21.45,0.49
2019-12-01,2019,12,"Wheat, US HRW",Grains,($/mt),210.9,3.79,11.23,-0.19,-21.8,0.82
2020-01-01,2020,1,"Wheat, US HRW",Grains,($/mt),224.5,6.45,12.53,7.01,-9.62,1.41
2020-02-01,2020,2,"Wheat, US HRW",Grains,($/mt),215.3,-4.1,5.95,-1.69,-9.16,-0.98
2020-03-01,2020,3,"Wheat, US HRW",Grains,($/mt),209.1,-2.88,-0.85,1.6,-9.4,-0.58
2020-04-01,2020,4,"Wheat, US HRW",Grains,($/mt),219.0,4.73,-2.45,9.77,-1.97,0.97
2020-05-01,2020,5,"Wheat, US HRW",Grains,($/mt),205.8,-6.03,-4.41,3.16,-4.41,-1.48
2020-06-01,2020,6,"Wheat, US HRW",Grains,($/mt),198.4,-3.6,-5.12,-3.74,-5.43,-0.78
2020-07-01,2020,7,"Wheat, US HRW",Grains,($/mt),222.1,11.95,1.42,13.2,12.57,2.38
2020-08-01,2020,8,"Wheat, US HRW",Grains,($/mt),223.0,0.41,8.36,23.14,24.1,-0.13
2020-09-01,2020,9,"Wheat, US HRW",Grains,($/mt),247.7,11.08,24.85,30.64,43.43,1.74
2020-10-01,2020,10,"Wheat, US HRW",Grains,($/mt),272.4,9.97,22.65,36.54,57.73,1.29
2020-11-01,2020,11,"Wheat, US HRW",Grains,($/mt),273.0,0.22,22.42,34.35,54.15,-0.41
2020-12-01,2020,12,"Wheat, US HRW",Grains,($/mt),268.6,-1.61,8.44,27.36,41.97,-0.68
2021-01-01,2021,1,"Wheat, US HRW",Grains,($/mt),289.3,7.71,6.2,28.86,49.66,0.86
2021-02-01,2021,2,"Wheat, US HRW",Grains,($/mt),289.4,0.03,6.01,34.42,54.76,-0.35
2021-03-01,2021,3,"Wheat, US HRW",Grains,($/mt),273.1,-5.63,1.68,30.61,42.91,-1.34
2021-04-01,2021,4,"Wheat, US HRW",Grains,($/mt),281.0,2.89,-2.87,28.31,49.95,0.07
2021-05-01,2021,5,"Wheat, US HRW",Grains,($/mt),297.3,5.8,2.73,44.46,72.85,0.55
2021-06-01,2021,6,"Wheat, US HRW",Grains,($/mt),285.6,-3.94,4.58,43.95,64.99,-1.22
2021-07-01,2021,7,"Wheat, US HRW",Grains,($/mt),294.3,3.05,4.73,32.51,93.87,-0.03
2021-08-01,2021,8,"Wheat, US HRW",Grains,($/mt),324.5,10.26,9.15,45.52,117.49,1.47
2021-09-01,2021,9,"Wheat, US HRW",Grains,($/mt),337.6,4.04,18.21,36.29,124.17,0.13
2021-10-01,2021,10,"Wheat, US HRW",Grains,($/mt),354.7,5.07,20.52,30.21,133.66,0.45
2021-11-01,2021,11,"Wheat, US HRW",Grains,($/mt),379.5,6.99,16.95,39.01,151.99,0.99
2021-12-01,2021,12,"Wheat, US HRW",Grains,($/mt),376.8,-0.71,11.61,40.28,165.73,-0.75
2022-01-01,2022,1,"Wheat, US HRW",Grains,($/mt),374.2,-0.69,5.5,29.35,144.26,-0.77
2022-02-01,2022,2,"Wheat, US HRW",Grains,($/mt),390.5,4.36,2.9,34.93,151.77,0.45
2022-03-01,2022,3,"Wheat, US HRW",Grains,($/mt),486.3,24.53,29.06,78.07,215.17,4.77
2022-04-01,2022,4,"Wheat, US HRW",Grains,($/mt),495.3,1.85,32.36,76.26,198.19,-0.46
2022-05-01,2022,5,"Wheat, US HRW",Grains,($/mt),522.3,5.45,33.75,75.68,189.52,0.06
2022-06-01,2022,6,"Wheat, US HRW",Grains,($/mt),459.6,-12.0,-5.49,60.92,142.41,-2.36
2022-07-01,2022,7,"Wheat, US HRW",Grains,($/mt),382.5,-16.78,-22.77,29.97,88.89,-2.51
2022-08-01,2022,8,"Wheat, US HRW",Grains,($/mt),382.9,0.1,-26.69,18.0,123.66,-0.25
2022-09-01,2022,9,"Wheat, US HRW",Grains,($/mt),419.1,9.45,-8.81,24.14,134.66,0.75
2022-10-01,2022,10,"Wheat, US HRW",Grains,($/mt),438.0,4.51,14.51,23.48,149.43,0.21
2022-11-01,2022,11,"Wheat, US HRW",Grains,($/mt),422.7,-3.49,10.39,11.38,135.23,-0.56
2022-12-01,2022,12,"Wheat, US HRW",Grains,($/mt),386.3,-8.61,-7.83,2.52,109.83,-0.97
2023-01-01,2023,1,"Wheat, US HRW",Grains,($/mt),380.4,-1.53,-13.15,1.66,97.92,-0.21
2023-02-01,2023,2,"Wheat, US HRW",Grains,($/mt),394.8,3.79,-6.6,1.1,105.41,0.29
2023-03-01,2023,3,"Wheat, US HRW",Grains,($/mt),369.9,-6.31,-4.25,-23.94,92.46,-0.64
2023-04-01,2023,4,"Wheat, US HRW",Grains,($/mt),378.2,2.24,-0.58,-23.64,76.89,0.54
2023-05-01,2023,5,"Wheat, US HRW",Grains,($/mt),367.7,-2.78,-6.86,-29.6,71.98,-0.11
2023-06-01,2023,6,"Wheat, US HRW",Grains,($/mt),345.5,-6.04,-6.6,-24.83,57.47,-0.46
2023-07-01,2023,7,"Wheat, US HRW",Grains,($/mt),345.5,0.0,-8.65,-9.67,58.27,0.31
2023-08-01,2023,8,"Wheat, US HRW",Grains,($/mt),315.8,-8.6,-14.11,-17.52,33.47,-1.52
2023-09-01,2023,9,"Wheat, US HRW",Grains,($/mt),314.7,-0.35,-8.91,-24.91,48.16,0.19
2023-10-01,2023,10,"Wheat, US HRW",Grains,($/mt),298.1,-5.27,-13.72,-31.94,39.63,-0.67
2023-11-01,2023,11,"Wheat, US HRW",Grains,($/mt),283.6,-4.86,-10.2,-32.91,39.29,-0.44
2023-12-01,2023,12,"Wheat, US HRW",Grains,($/mt),291.1,2.64,-7.5,-24.64,37.77,1.43
2024-01-01,2024,1,"Wheat, US HRW",Grains,($/mt),283.9,-2.47,-4.76,-25.37,35.32,-0.05
2024-02-01,2024,2,"Wheat, US HRW",Grains,($/mt),278.5,-1.9,-1.8,-29.46,27.17,0.11
2024-03-01,2024,3,"Wheat, US HRW",Grains,($/mt),274.8,-1.33,-5.6,-25.71,33.53,0.42
2024-04-01,2024,4,"Wheat, US HRW",Grains,($/mt),272.3,-0.91,-4.09,-28.0,36.49,0.44
2024-05-01,2024,5,"Wheat, US HRW",Grains,($/mt),289.4,6.28,3.91,-21.29,45.06,2.9
2024-06-01,2024,6,"Wheat, US HRW",Grains,($/mt),265.6,-8.22,-3.35,-23.13,28.87,-1.57
2024-07-01,2024,7,"Wheat, US HRW",Grains,($/mt),260.3,-2.0,-4.41,-24.66,32.67,0.02
2024-08-01,2024,8,"Wheat, US HRW",Grains,($/mt),250.9,-3.61,-13.3,-20.55,38.54,-0.32
2024-09-01,2024,9,"Wheat, US HRW",Grains,($/mt),269.7,7.49,1.54,-14.3,42.25,2.49
2024-10-01,2024,10,"Wheat, US HRW",Grains,($/mt),272.9,1.19,4.84,-8.45,36.79,0.51
2024-11-01,2024,11,"Wheat, US HRW",Grains,($/mt),253.8,-7.0,1.16,-10.51,24.9,-1.42
2024-12-01,2024,12,"Wheat, US HRW",Grains,($/mt),252.2,-0.63,-6.49,-13.36,19.58,0.04
2025-01-01,2025,1,"Wheat, US HRW",Grains,($/mt),254.1,0.75,-6.89,-10.5,13.18,0.4
2025-02-01,2025,2,"Wheat, US HRW",Grains,($/mt),264.6,4.13,4.26,-4.99,22.9,1.08
2025-03-01,2025,3,"Wheat, US HRW",Grains,($/mt),255.4,-3.48,1.27,-7.06,22.14,-0.66
2025-04-01,2025,4,"Wheat, US HRW",Grains,($/mt),249.6,-2.27,-1.77,-8.34,13.97,-0.37
2025-05-01,2025,5,"Wheat, US HRW",Grains,($/mt),237.0,-5.05,-10.43,-18.11,15.16,-0.91
2025-06-01,2025,6,"Wheat, US HRW",Grains,($/mt),240.1,1.31,-5.99,-9.6,21.02,0.64
2025-07-01,2025,7,"Wheat, US HRW",Grains,($/mt),235.0,-2.12,-5.85,-9.72,5.81,-0.34
2025-08-01,2025,8,"Wheat, US HRW",Grains,($/mt),231.1,-1.66,-2.49,-7.89,3.63,-0.22
2025-09-01,2025,9,"Wheat, US HRW",Grains,($/mt),233.8,1.17,-2.62,-13.31,-5.61,0.45
2025-10-01,2025,10,"Wheat, US HRW",Grains,($/mt),230.8,-1.28,-1.79,-15.43,-15.27,-0.05
2025-11-01,2025,11,"Wheat, US HRW",Grains,($/mt),245.9,6.54,6.4,-3.11,-9.93,2.61
2025-12-01,2025,12,"Wheat, US HRW",Grains,($/mt),242.8,-1.26,3.85,-3.73,-9.61,-0.32
2026-01-01,2026,1,"Wheat, US HRW",Grains,($/mt),249.9,2.92,8.28,-1.65,-13.62,0.98
2026-02-01,2026,2,"Wheat, US HRW",Grains,($/mt),257.6,3.08,4.76,-2.65,-10.99,0.94
2026-03-01,2026,3,"Wheat, US HRW",Grains,($/mt),276.0,7.14,13.67,8.07,1.06,2.25
2026-04-01,2026,4,"Wheat, US HRW",Grains,($/mt),282.0,2.17,12.85,12.98,0.36,0.4
2026-05-01,2026,5,"Wheat, US HRW",Grains,($/mt),303.0,7.45,17.62,27.85,1.92,1.77
2026-06-01,2026,6,"Wheat, US HRW",Grains,($/mt),286.0,-5.61,3.62,19.12,0.14,-2.24
2026-07-01,2026,7,"Wheat, US HRW",Grains,($/mt),310.0,8.39,9.93,31.91,5.33,1.66
2026-08-01,2026,8,"Wheat, US HRW",Grains,($/mt),330.0,6.45,8.91,42.8,1.69,0.92
2026-09-01,2026,9,"Wheat, US HRW",Grains,($/mt),347.0,5.15,21.33,48.42,2.78,0.48
1979-01-01,1979,1,"Wheat, US SRW",Grains,($/mt),140.4,,,,,
1979-02-01,1979,2,"Wheat, US SRW",Grains,($/mt),144.8,3.13,,,,
1979-03-01,1979,3,"Wheat, US SRW",Grains,($/mt),144.0,-0.55,,,,
1979-04-01,1979,4,"Wheat, US SRW",Grains,($/mt),142.2,-1.25,1.28,,,
1979-05-01,1979,5,"Wheat, US SRW",Grains,($/mt),141.4,-0.56,-2.35,,,
1979-06-01,1979,6,"Wheat, US SRW",Grains,($/mt),163.9,15.91,13.82,,,
1979-07-01,1979,7,"Wheat, US SRW",Grains,($/mt),168.3,2.68,18.35,,,
1979-08-01,1979,8,"Wheat, US SRW",Grains,($/mt),162.8,-3.27,15.13,,,-1.0
1979-09-01,1979,9,"Wheat, US SRW",Grains,($/mt),165.0,1.35,0.67,,,-0.15
1979-10-01,1979,10,"Wheat, US SRW",Grains,($/mt),163.1,-1.15,-3.09,,,-0.56
1979-11-01,1979,11,"Wheat, US SRW",Grains,($/mt),166.8,2.27,2.46,,,0.08
1979-12-01,1979,12,"Wheat, US SRW",Grains,($/mt),173.1,3.78,4.91,,,0.36
1980-01-01,1980,1,"Wheat, US SRW",Grains,($/mt),169.7,-1.96,4.05,20.87,,-0.78
1980-02-01,1980,2,"Wheat, US SRW",Grains,($/mt),170.5,0.47,2.22,17.75,,-0.25
1980-03-01,1980,3,"Wheat, US SRW",Grains,($/mt),162.4,-4.75,-6.18,12.78,,-1.25
1980-04-01,1980,4,"Wheat, US SRW",Grains,($/mt),155.8,-4.06,-8.19,9.56,,-0.98
1980-05-01,1980,5,"Wheat, US SRW",Grains,($/mt),156.2,0.26,-8.39,10.47,,-0.12
1980-06-01,1980,6,"Wheat, US SRW",Grains,($/mt),146.2,-6.4,-9.98,-10.8,,-1.35
1980-07-01,1980,7,"Wheat, US SRW",Grains,($/mt),160.5,9.78,3.02,-4.63,,3.3
1980-08-01,1980,8,"Wheat, US SRW",Grains,($/mt),165.3,2.99,5.83,1.54,,0.75
1980-09-01,1980,9,"Wheat, US SRW",Grains,($/mt),175.6,6.23,20.11,6.42,,1.37
1980-10-01,1980,10,"Wheat, US SRW",Grains,($/mt),187.0,6.49,16.51,14.65,,1.25
1980-11-01,1980,11,"Wheat, US SRW",Grains,($/mt),193.3,3.37,16.94,15.89,,0.43
1980-12-01,1980,12,"Wheat, US SRW",Grains,($/mt),177.1,-8.38,0.85,2.31,,-1.95
1981-01-01,1981,1,"Wheat, US SRW",Grains,($/mt),177.5,0.23,-5.08,4.6,,-0.02
1981-02-01,1981,2,"Wheat, US SRW",Grains,($/mt),176.4,-0.62,-8.74,3.46,,-0.2
1981-03-01,1981,3,"Wheat, US SRW",Grains,($/mt),167.9,-4.82,-5.19,3.39,,-0.94
1981-04-01,1981,4,"Wheat, US SRW",Grains,($/mt),172.1,2.5,-3.04,10.46,,0.37
1981-05-01,1981,5,"Wheat, US SRW",Grains,($/mt),142.9,-16.97,-18.99,-8.51,,-3.29
1981-06-01,1981,6,"Wheat, US SRW",Grains,($/mt),132.8,-7.07,-20.91,-9.17,,-0.88
1981-07-01,1981,7,"Wheat, US SRW",Grains,($/mt),138.6,4.37,-19.47,-13.64,,0.65
1981-08-01,1981,8,"Wheat, US SRW",Grains,($/mt),140.3,1.23,-1.82,-15.12,,0.31
1981-09-01,1981,9,"Wheat, US SRW",Grains,($/mt),147.1,4.85,10.77,-16.23,,0.85
1981-10-01,1981,10,"Wheat, US SRW",Grains,($/mt),149.7,1.77,8.01,-19.95,,0.44
1981-11-01,1981,11,"Wheat, US SRW",Grains,($/mt),156.8,4.74,11.76,-18.88,,0.98
1981-12-01,1981,12,"Wheat, US SRW",Grains,($/mt),153.0,-2.42,4.01,-13.61,,-0.14
1982-01-01,1982,1,"Wheat, US SRW",Grains,($/mt),148.4,-3.01,-0.87,-16.39,,-0.32
1982-02-01,1982,2,"Wheat, US SRW",Grains,($/mt),153.7,3.57,-1.98,-12.87,,0.77
1982-03-01,1982,3,"Wheat, US SRW",Grains,($/mt),141.8,-7.74,-7.32,-15.54,,-1.06
1982-04-01,1982,4,"Wheat, US SRW",Grains,($/mt),148.6,4.8,0.13,-13.65,,0.9
1982-05-01,1982,5,"Wheat, US SRW",Grains,($/mt),128.3,-13.66,-16.53,-10.22,,-1.87
1982-06-01,1982,6,"Wheat, US SRW",Grains,($/mt),125.7,-2.03,-11.35,-5.35,,-0.21
1982-07-01,1982,7,"Wheat, US SRW",Grains,($/mt),127.5,1.43,-14.2,-8.01,,0.3
1982-08-01,1982,8,"Wheat, US SRW",Grains,($/mt),123.8,-2.9,-3.51,-11.76,,-0.42
1982-09-01,1982,9,"Wheat, US SRW",Grains,($/mt),120.5,-2.67,-4.14,-18.08,,-0.32
1982-10-01,1982,10,"Wheat, US SRW",Grains,($/mt),112.9,-6.31,-11.45,-24.58,,-0.89
1982-11-01,1982,11,"Wheat, US SRW",Grains,($/mt),131.6,16.56,6.3,-16.07,,3.45
1982-12-01,1982,12,"Wheat, US SRW",Grains,($/mt),127.9,-2.81,6.14,-16.41,,-0.22
1983-01-01,1983,1,"Wheat, US SRW",Grains,($/mt),131.2,2.58,16.21,-11.59,,0.51
1983-02-01,1983,2,"Wheat, US SRW",Grains,($/mt),133.4,1.68,1.37,-13.21,,0.32
1983-03-01,1983,3,"Wheat, US SRW",Grains,($/mt),133.0,-0.3,3.99,-6.21,,0.08
1983-04-01,1983,4,"Wheat, US SRW",Grains,($/mt),137.1,3.08,4.5,-7.74,,0.47
1983-05-01,1983,5,"Wheat, US SRW",Grains,($/mt),135.7,-1.02,1.72,5.77,,-0.08
1983-06-01,1983,6,"Wheat, US SRW",Grains,($/mt),132.3,-2.51,-0.53,5.25,,-0.54
1983-07-01,1983,7,"Wheat, US SRW",Grains,($/mt),135.3,2.27,-1.31,6.12,,0.3
1983-08-01,1983,8,"Wheat, US SRW",Grains,($/mt),145.1,7.24,6.93,17.21,,1.15
1983-09-01,1983,9,"Wheat, US SRW",Grains,($/mt),141.8,-2.27,7.18,17.68,,-0.63
1983-10-01,1983,10,"Wheat, US SRW",Grains,($/mt),141.5,-0.21,4.58,25.33,,-0.29
1983-11-01,1983,11,"Wheat, US SRW",Grains,($/mt),139.6,-1.34,-3.79,6.08,,-0.62
1983-12-01,1983,12,"Wheat, US SRW",Grains,($/mt),141.7,1.5,-0.07,10.79,,0.33
1984-01-01,1984,1,"Wheat, US SRW",Grains,($/mt),140.0,-1.2,-1.06,6.71,-0.28,-0.76
1984-02-01,1984,2,"Wheat, US SRW",Grains,($/mt),133.3,-4.79,-4.51,-0.07,-7.94,-1.94
1984-03-01,1984,3,"Wheat, US SRW",Grains,($/mt),142.7,7.05,0.71,7.29,-0.9,2.24
1984-04-01,1984,4,"Wheat, US SRW",Grains,($/mt),148.1,3.78,5.79,8.02,4.15,0.84
1984-05-01,1984,5,"Wheat, US SRW",Grains,($/mt),144.3,-2.57,8.25,6.34,2.05,-0.87
1984-06-01,1984,6,"Wheat, US SRW",Grains,($/mt),136.3,-5.54,-4.48,3.02,-16.84,-1.59
1984-07-01,1984,7,"Wheat, US SRW",Grains,($/mt),133.7,-1.91,-9.72,-1.18,-20.56,-0.54
1984-08-01,1984,8,"Wheat, US SRW",Grains,($/mt),137.5,2.84,-4.71,-5.24,-15.54,0.69
1984-09-01,1984,9,"Wheat, US SRW",Grains,($/mt),140.8,2.4,3.3,-0.71,-14.67,0.77
1984-10-01,1984,10,"Wheat, US SRW",Grains,($/mt),141.3,0.36,5.68,-0.14,-13.37,0.1
1984-11-01,1984,11,"Wheat, US SRW",Grains,($/mt),143.5,1.56,4.36,2.79,-13.97,0.41
1984-12-01,1984,12,"Wheat, US SRW",Grains,($/mt),141.4,-1.46,0.43,-0.21,-18.31,-0.48
1985-01-01,1985,1,"Wheat, US SRW",Grains,($/mt),147.6,4.38,4.46,5.43,-13.02,1.18
1985-02-01,1985,2,"Wheat, US SRW",Grains,($/mt),140.5,-4.81,-2.09,5.4,-17.6,-1.38
1985-03-01,1985,3,"Wheat, US SRW",Grains,($/mt),140.9,0.28,-0.35,-1.26,-13.24,-0.06
1985-04-01,1985,4,"Wheat, US SRW",Grains,($/mt),139.1,-1.28,-5.76,-6.08,-10.72,-0.38
1985-05-01,1985,5,"Wheat, US SRW",Grains,($/mt),122.7,-11.79,-12.67,-14.97,-21.45,-3.74
1985-06-01,1985,6,"Wheat, US SRW",Grains,($/mt),123.2,0.41,-12.56,-9.61,-15.73,0.37
1985-07-01,1985,7,"Wheat, US SRW",Grains,($/mt),117.8,-4.38,-15.31,-11.89,-26.6,-0.85
1985-08-01,1985,8,"Wheat, US SRW",Grains,($/mt),111.8,-5.09,-8.88,-18.69,-32.37,-0.95
1985-09-01,1985,9,"Wheat, US SRW",Grains,($/mt),111.2,-0.54,-9.74,-21.02,-36.67,0.25
1985-10-01,1985,10,"Wheat, US SRW",Grains,($/mt),121.0,8.81,2.72,-14.37,-35.29,2.56
1985-11-01,1985,11,"Wheat, US SRW",Grains,($/mt),131.7,8.84,17.8,-8.22,-31.87,1.93
1985-12-01,1985,12,"Wheat, US SRW",Grains,($/mt),136.6,3.72,22.84,-3.39,-22.87,0.72
1986-01-01,1986,1,"Wheat, US SRW",Grains,($/mt),135.4,-0.88,11.9,-8.27,-23.72,-0.13
1986-02-01,1986,2,"Wheat, US SRW",Grains,($/mt),136.1,0.52,3.34,-3.13,-22.85,0.18
1986-03-01,1986,3,"Wheat, US SRW",Grains,($/mt),139.5,2.5,2.12,-0.99,-16.91,0.46
1986-04-01,1986,4,"Wheat, US SRW",Grains,($/mt),139.7,0.14,3.18,0.43,-18.83,0.01
1986-05-01,1986,5,"Wheat, US SRW",Grains,($/mt),119.2,-14.67,-12.42,-2.85,-16.59,-2.59
1986-06-01,1986,6,"Wheat, US SRW",Grains,($/mt),99.6,-16.44,-28.6,-19.16,-25.0,-2.6
1986-07-01,1986,7,"Wheat, US SRW",Grains,($/mt),100.1,0.5,-28.35,-15.03,-27.78,0.25
1986-08-01,1986,8,"Wheat, US SRW",Grains,($/mt),100.3,0.2,-15.86,-10.29,-28.51,0.16
1986-09-01,1986,9,"Wheat, US SRW",Grains,($/mt),102.3,1.99,2.71,-8.0,-30.46,0.34
1986-10-01,1986,10,"Wheat, US SRW",Grains,($/mt),114.8,12.22,14.69,-5.12,-23.31,1.62
1986-11-01,1986,11,"Wheat, US SRW",Grains,($/mt),118.1,2.87,17.75,-10.33,-24.68,0.36
1986-12-01,1986,12,"Wheat, US SRW",Grains,($/mt),115.7,-2.03,13.1,-15.3,-24.38,-0.18
1987-01-01,1987,1,"Wheat, US SRW",Grains,($/mt),117.4,1.47,2.26,-13.29,-20.89,0.33
1987-02-01,1987,2,"Wheat, US SRW",Grains,($/mt),115.7,-1.45,-2.03,-14.99,-24.72,-0.07
1987-03-01,1987,3,"Wheat, US SRW",Grains,($/mt),116.5,0.69,0.69,-16.49,-17.84,0.23
1987-04-01,1987,4,"Wheat, US SRW",Grains,($/mt),113.1,-2.92,-3.66,-19.04,-23.89,-0.22
1987-05-01,1987,5,"Wheat, US SRW",Grains,($/mt),115.8,2.39,0.09,-2.85,-9.74,0.51
1987-06-01,1987,6,"Wheat, US SRW",Grains,($/mt),102.2,-11.74,-12.27,2.61,-18.7,-1.82
1987-07-01,1987,7,"Wheat, US SRW",Grains,($/mt),100.6,-1.57,-11.05,0.5,-21.1,-0.35
1987-08-01,1987,8,"Wheat, US SRW",Grains,($/mt),101.7,1.09,-12.18,1.4,-17.85,0.17
1987-09-01,1987,9,"Wheat, US SRW",Grains,($/mt),110.1,8.26,7.73,7.62,-8.63,1.47
1987-10-01,1987,10,"Wheat, US SRW",Grains,($/mt),113.5,3.09,12.82,-1.13,0.53,0.39
1987-11-01,1987,11,"Wheat, US SRW",Grains,($/mt),113.7,0.18,11.8,-3.73,-13.6,0.03
1987-12-01,1987,12,"Wheat, US SRW",Grains,($/mt),124.9,9.85,13.44,7.95,-2.35,2.15
1988-01-01,1988,1,"Wheat, US SRW",Grains,($/mt),126.2,1.04,11.19,7.5,-3.81,0.05
1988-02-01,1988,2,"Wheat, US SRW",Grains,($/mt),125.3,-0.71,10.2,8.3,-6.07,-0.27
1988-03-01,1988,3,"Wheat, US SRW",Grains,($/mt),118.2,-5.67,-5.36,1.46,-11.13,-1.19
1988-04-01,1988,4,"Wheat, US SRW",Grains,($/mt),122.9,3.98,-2.61,8.66,-10.36,0.64
1988-05-01,1988,5,"Wheat, US SRW",Grains,($/mt),124.4,1.22,-0.72,7.43,-8.33,0.06
1988-06-01,1988,6,"Wheat, US SRW",Grains,($/mt),139.6,12.22,18.1,36.59,5.52,2.0
1988-07-01,1988,7,"Wheat, US SRW",Grains,($/mt),138.9,-0.5,13.02,38.07,2.66,-0.63
1988-08-01,1988,8,"Wheat, US SRW",Grains,($/mt),145.9,5.04,17.28,43.46,0.55,0.44
1988-09-01,1988,9,"Wheat, US SRW",Grains,($/mt),153.3,5.07,9.81,39.24,8.11,0.38
1988-10-01,1988,10,"Wheat, US SRW",Grains,($/mt),162.9,6.26,17.28,43.52,15.12,0.7
1988-11-01,1988,11,"Wheat, US SRW",Grains,($/mt),162.3,-0.37,11.24,42.74,16.26,-0.72
1988-12-01,1988,12,"Wheat, US SRW",Grains,($/mt),168.9,4.07,10.18,35.23,19.2,0.19
1989-01-01,1989,1,"Wheat, US SRW",Grains,($/mt),172.6,2.19,5.95,36.77,23.29,-0.1
1989-02-01,1989,2,"Wheat, US SRW",Grains,($/mt),164.2,-4.87,1.17,31.05,23.18,-1.69
1989-03-01,1989,3,"Wheat, US SRW",Grains,($/mt),168.6,2.68,-0.18,42.64,18.15,0.06
1989-04-01,1989,4,"Wheat, US SRW",Grains,($/mt),161.4,-4.27,-6.49,31.33,8.98,-1.74
1989-05-01,1989,5,"Wheat, US SRW",Grains,($/mt),162.6,0.74,-0.97,30.71,12.68,-0.35
1989-06-01,1989,6,"Wheat, US SRW",Grains,($/mt),151.9,-6.58,-9.91,8.81,11.45,-1.9
1989-07-01,1989,7,"Wheat, US SRW",Grains,($/mt),152.4,0.33,-5.58,9.72,13.99,-0.11
1989-08-01,1989,8,"Wheat, US SRW",Grains,($/mt),153.4,0.66,-5.66,5.14,11.56,-0.05
1989-09-01,1989,9,"Wheat, US SRW",Grains,($/mt),157.3,2.54,3.55,2.61,11.72,0.51
1989-10-01,1989,10,"Wheat, US SRW",Grains,($/mt),160.5,2.03,5.31,-1.47,13.59,0.46
1989-11-01,1989,11,"Wheat, US SRW",Grains,($/mt),163.9,2.12,6.84,0.99,14.22,0.65
1989-12-01,1989,12,"Wheat, US SRW",Grains,($/mt),166.5,1.59,5.85,-1.42,17.75,0.42
1990-01-01,1990,1,"Wheat, US SRW",Grains,($/mt),163.0,-2.1,1.56,-5.56,10.43,-0.63
1990-02-01,1990,2,"Wheat, US SRW",Grains,($/mt),155.5,-4.6,-5.13,-5.3,10.68,-1.3
1990-03-01,1990,3,"Wheat, US SRW",Grains,($/mt),153.3,-1.41,-7.93,-9.07,8.8,-0.32
1990-04-01,1990,4,"Wheat, US SRW",Grains,($/mt),150.7,-1.7,-7.55,-6.63,8.34,-0.31
1990-05-01,1990,5,"Wheat, US SRW",Grains,($/mt),133.5,-11.41,-14.15,-17.9,8.8,-3.82
1990-06-01,1990,6,"Wheat, US SRW",Grains,($/mt),130.5,-2.25,-14.87,-14.09,5.93,-0.17
1990-07-01,1990,7,"Wheat, US SRW",Grains,($/mt),119.6,-8.35,-20.64,-21.52,1.53,-1.84
1990-08-01,1990,8,"Wheat, US SRW",Grains,($/mt),115.1,-3.76,-13.78,-24.97,2.95,-0.42
1990-09-01,1990,9,"Wheat, US SRW",Grains,($/mt),108.5,-5.73,-16.86,-31.02,-2.43,-0.8
1990-10-01,1990,10,"Wheat, US SRW",Grains,($/mt),104.8,-3.41,-12.37,-34.7,-13.39,-0.11
1990-11-01,1990,11,"Wheat, US SRW",Grains,($/mt),106.4,1.53,-7.56,-35.08,-19.21,1.29
1990-12-01,1990,12,"Wheat, US SRW",Grains,($/mt),108.4,1.88,-0.09,-34.89,-20.64,1.43
1991-01-01,1991,1,"Wheat, US SRW",Grains,($/mt),107.1,-1.2,2.19,-34.29,-20.9,0.59
1991-02-01,1991,2,"Wheat, US SRW",Grains,($/mt),106.4,-0.65,0.0,-31.58,-21.82,0.71
1991-03-01,1991,3,"Wheat, US SRW",Grains,($/mt),116.2,9.21,7.2,-24.2,-16.7,3.16
1991-04-01,1991,4,"Wheat, US SRW",Grains,($/mt),117.1,0.77,9.34,-22.3,-16.18,0.56
1991-05-01,1991,5,"Wheat, US SRW",Grains,($/mt),115.6,-1.28,8.65,-13.41,-3.02,0.13
1991-06-01,1991,6,"Wheat, US SRW",Grains,($/mt),118.2,2.25,1.72,-9.43,18.67,0.76
1991-07-01,1991,7,"Wheat, US SRW",Grains,($/mt),116.2,-1.69,-0.77,-2.84,16.08,-0.21
1991-08-01,1991,8,"Wheat, US SRW",Grains,($/mt),127.1,9.38,9.95,10.43,26.72,2.5
1991-09-01,1991,9,"Wheat, US SRW",Grains,($/mt),137.6,8.26,16.41,26.82,34.51,1.62
1991-10-01,1991,10,"Wheat, US SRW",Grains,($/mt),147.2,6.98,26.68,40.46,28.22,1.1
1991-11-01,1991,11,"Wheat, US SRW",Grains,($/mt),147.0,-0.14,15.66,38.16,24.47,-0.72
1991-12-01,1991,12,"Wheat, US SRW",Grains,($/mt),157.8,7.35,14.68,45.57,36.39,1.04
1992-01-01,1992,1,"Wheat, US SRW",Grains,($/mt),167.3,6.02,13.65,56.21,42.5,0.6
1992-02-01,1992,2,"Wheat, US SRW",Grains,($/mt),170.1,1.67,15.71,59.87,47.02,-0.5
1992-03-01,1992,3,"Wheat, US SRW",Grains,($/mt),161.4,-5.11,2.28,38.9,38.54,-2.18
1992-04-01,1992,4,"Wheat, US SRW",Grains,($/mt),153.1,-5.14,-8.49,30.74,35.37,-1.73
1992-05-01,1992,5,"Wheat, US SRW",Grains,($/mt),139.7,-8.75,-17.87,20.85,20.64,-2.16
1992-06-01,1992,6,"Wheat, US SRW",Grains,($/mt),140.4,0.5,-13.01,18.78,37.38,-0.21
1992-07-01,1992,7,"Wheat, US SRW",Grains,($/mt),129.9,-7.48,-15.15,11.79,29.13,-1.51
1992-08-01,1992,8,"Wheat, US SRW",Grains,($/mt),118.8,-8.55,-14.96,-6.53,16.81,-1.48
1992-09-01,1992,9,"Wheat, US SRW",Grains,($/mt),131.5,10.69,-6.34,-4.43,19.44,1.7
1992-10-01,1992,10,"Wheat, US SRW",Grains,($/mt),137.4,4.49,5.77,-6.66,21.06,0.68
1992-11-01,1992,11,"Wheat, US SRW",Grains,($/mt),145.8,6.11,22.73,-0.82,28.23,0.98
1992-12-01,1992,12,"Wheat, US SRW",Grains,($/mt),146.3,0.34,11.25,-7.29,17.13,0.03
1993-01-01,1993,1,"Wheat, US SRW",Grains,($/mt),156.9,7.25,14.19,-6.22,24.33,1.18
1993-02-01,1993,2,"Wheat, US SRW",Grains,($/mt),149.4,-4.78,2.47,-12.17,19.23,-0.67
1993-03-01,1993,3,"Wheat, US SRW",Grains,($/mt),145.5,-2.61,-0.55,-9.85,23.1,-0.26
1993-04-01,1993,4,"Wheat, US SRW",Grains,($/mt),156.3,7.42,-0.38,2.09,27.18,1.22
1993-05-01,1993,5,"Wheat, US SRW",Grains,($/mt),140.1,-10.36,-6.22,0.29,12.62,-1.57
1993-06-01,1993,6,"Wheat, US SRW",Grains,($/mt),112.3,-19.84,-22.82,-20.01,-19.56,-2.85
1993-07-01,1993,7,"Wheat, US SRW",Grains,($/mt),116.8,4.01,-25.27,-10.08,-15.91,0.6
1993-08-01,1993,8,"Wheat, US SRW",Grains,($/mt),119.6,2.4,-14.63,0.67,-18.03,0.32
1993-09-01,1993,9,"Wheat, US SRW",Grains,($/mt),115.7,-3.26,3.03,-12.02,-24.53,-0.42
1993-10-01,1993,10,"Wheat, US SRW",Grains,($/mt),127.9,10.54,9.5,-6.91,-21.49,1.39
1993-11-01,1993,11,"Wheat, US SRW",Grains,($/mt),136.4,6.65,14.05,-6.45,-15.96,0.8
1993-12-01,1993,12,"Wheat, US SRW",Grains,($/mt),140.5,3.01,21.43,-3.96,-16.81,0.37
1994-01-01,1994,1,"Wheat, US SRW",Grains,($/mt),152.7,8.68,19.39,-2.68,-11.53,0.99
1994-02-01,1994,2,"Wheat, US SRW",Grains,($/mt),144.2,-5.57,5.72,-3.48,-12.18,-0.65
1994-03-01,1994,3,"Wheat, US SRW",Grains,($/mt),133.5,-7.42,-4.98,-8.25,-20.82,-0.85
1994-04-01,1994,4,"Wheat, US SRW",Grains,($/mt),130.0,-2.62,-14.87,-16.83,-19.45,-0.25
1994-05-01,1994,5,"Wheat, US SRW",Grains,($/mt),125.3,-3.62,-13.11,-10.56,-22.94,-0.28
1994-06-01,1994,6,"Wheat, US SRW",Grains,($/mt),120.2,-4.07,-9.96,7.03,-20.87,-0.42
1994-07-01,1994,7,"Wheat, US SRW",Grains,($/mt),119.5,-0.58,-8.08,2.31,-21.59,-0.22
1994-08-01,1994,8,"Wheat, US SRW",Grains,($/mt),128.2,7.28,2.31,7.19,-16.43,1.18
1994-09-01,1994,9,"Wheat, US SRW",Grains,($/mt),142.1,10.84,18.22,22.82,-9.66,1.63
1994-10-01,1994,10,"Wheat, US SRW",Grains,($/mt),157.4,10.77,31.72,23.06,-1.93,1.33
1994-11-01,1994,11,"Wheat, US SRW",Grains,($/mt),152.4,-3.18,18.88,11.73,-7.02,-0.77
1994-12-01,1994,12,"Wheat, US SRW",Grains,($/mt),157.3,3.22,10.7,11.96,-5.53,0.31
1995-01-01,1995,1,"Wheat, US SRW",Grains,($/mt),153.0,-2.73,-2.8,0.2,-6.13,-0.58
1995-02-01,1995,2,"Wheat, US SRW",Grains,($/mt),149.7,-2.16,-1.77,3.81,-3.73,-0.37
1995-03-01,1995,3,"Wheat, US SRW",Grains,($/mt),143.1,-4.41,-9.03,7.19,-6.65,-0.8
1995-04-01,1995,4,"Wheat, US SRW",Grains,($/mt),140.7,-1.68,-8.04,8.23,-6.64,-0.42
1995-05-01,1995,5,"Wheat, US SRW",Grains,($/mt),143.3,1.85,-4.28,14.37,7.34,0.18
1995-06-01,1995,6,"Wheat, US SRW",Grains,($/mt),153.5,7.12,7.27,27.7,17.62,1.05
1995-07-01,1995,7,"Wheat, US SRW",Grains,($/mt),173.4,12.96,23.24,45.1,44.98,1.94
1995-08-01,1995,8,"Wheat, US SRW",Grains,($/mt),168.5,-2.83,17.59,31.44,46.39,-0.98
1995-09-01,1995,9,"Wheat, US SRW",Grains,($/mt),185.6,10.15,20.91,30.61,71.06,1.21
1995-10-01,1995,10,"Wheat, US SRW",Grains,($/mt),194.0,4.53,11.88,23.25,85.11,0.33
1995-11-01,1995,11,"Wheat, US SRW",Grains,($/mt),198.3,2.22,17.69,30.12,86.37,0.05
1995-12-01,1995,12,"Wheat, US SRW",Grains,($/mt),205.3,3.53,10.61,30.51,89.39,0.21
1996-01-01,1996,1,"Wheat, US SRW",Grains,($/mt),197.0,-4.04,1.55,28.76,83.94,-1.16
1996-02-01,1996,2,"Wheat, US SRW",Grains,($/mt),204.0,3.55,2.87,36.27,91.73,0.23
1996-03-01,1996,3,"Wheat, US SRW",Grains,($/mt),205.5,0.74,0.1,43.61,76.85,-0.37
1996-04-01,1996,4,"Wheat, US SRW",Grains,($/mt),247.5,20.44,25.63,75.91,111.36,3.41
1996-05-01,1996,5,"Wheat, US SRW",Grains,($/mt),213.4,-13.78,4.61,48.92,84.6,-2.74
1996-06-01,1996,6,"Wheat, US SRW",Grains,($/mt),180.6,-15.37,-12.12,17.65,52.79,-2.19
1996-07-01,1996,7,"Wheat, US SRW",Grains,($/mt),181.1,0.28,-26.83,4.44,55.85,-0.15
1996-08-01,1996,8,"Wheat, US SRW",Grains,($/mt),175.0,-3.37,-17.99,3.86,37.69,-0.43
1996-09-01,1996,9,"Wheat, US SRW",Grains,($/mt),169.7,-3.03,-6.04,-8.57,23.33,-0.39
1996-10-01,1996,10,"Wheat, US SRW",Grains,($/mt),158.4,-6.66,-12.53,-18.35,7.61,-0.69
1996-11-01,1996,11,"Wheat, US SRW",Grains,($/mt),158.2,-0.13,-9.6,-20.22,7.62,0.13
1996-12-01,1996,12,"Wheat, US SRW",Grains,($/mt),158.6,0.25,-6.54,-22.75,0.51,0.19
1997-01-01,1997,1,"Wheat, US SRW",Grains,($/mt),154.0,-2.9,-2.78,-21.83,-7.95,-0.13
1997-02-01,1997,2,"Wheat, US SRW",Grains,($/mt),143.6,-6.75,-9.23,-29.61,-15.58,-0.56
1997-03-01,1997,3,"Wheat, US SRW",Grains,($/mt),153.8,7.1,-3.03,-25.16,-4.71,1.07
1997-04-01,1997,4,"Wheat, US SRW",Grains,($/mt),158.6,3.12,2.99,-35.92,3.59,0.55
1997-05-01,1997,5,"Wheat, US SRW",Grains,($/mt),152.7,-3.72,6.34,-28.44,9.31,-0.04
1997-06-01,1997,6,"Wheat, US SRW",Grains,($/mt),131.6,-13.82,-14.43,-27.13,-6.27,-1.99
1997-07-01,1997,7,"Wheat, US SRW",Grains,($/mt),127.8,-2.89,-19.42,-29.43,-1.62,-0.08
1997-08-01,1997,8,"Wheat, US SRW",Grains,($/mt),140.9,10.25,-7.73,-19.49,18.6,2.47
1997-09-01,1997,9,"Wheat, US SRW",Grains,($/mt),143.2,1.63,8.81,-15.62,8.9,0.5
1997-10-01,1997,10,"Wheat, US SRW",Grains,($/mt),143.7,0.35,12.44,-9.28,4.59,0.24
1997-11-01,1997,11,"Wheat, US SRW",Grains,($/mt),138.2,-3.83,-1.92,-12.64,-5.21,-0.51
1997-12-01,1997,12,"Wheat, US SRW",Grains,($/mt),135.7,-1.81,-5.24,-14.44,-7.25,-0.14
1998-01-01,1998,1,"Wheat, US SRW",Grains,($/mt),130.2,-4.05,-9.39,-15.45,-17.02,-0.47
1998-02-01,1998,2,"Wheat, US SRW",Grains,($/mt),127.3,-2.23,-7.89,-11.35,-14.79,-0.16
1998-03-01,1998,3,"Wheat, US SRW",Grains,($/mt),129.9,2.04,-4.27,-15.54,-10.72,0.47
1998-04-01,1998,4,"Wheat, US SRW",Grains,($/mt),118.3,-8.93,-9.14,-25.41,-24.31,-1.35
1998-05-01,1998,5,"Wheat, US SRW",Grains,($/mt),112.3,-5.07,-11.78,-26.46,-19.84,-0.48
1998-06-01,1998,6,"Wheat, US SRW",Grains,($/mt),107.2,-4.54,-17.47,-18.54,-4.54,-0.37
1998-07-01,1998,7,"Wheat, US SRW",Grains,($/mt),96.8,-9.7,-18.17,-24.26,-17.12,-1.68
1998-08-01,1998,8,"Wheat, US SRW",Grains,($/mt),92.9,-4.03,-17.28,-34.07,-22.32,-0.35
1998-09-01,1998,9,"Wheat, US SRW",Grains,($/mt),96.3,3.66,-10.17,-32.75,-16.77,1.91
1998-10-01,1998,10,"Wheat, US SRW",Grains,($/mt),107.6,11.73,11.16,-25.12,-15.87,3.77
1998-11-01,1998,11,"Wheat, US SRW",Grains,($/mt),115.3,7.16,24.11,-16.57,-15.47,1.62
1998-12-01,1998,12,"Wheat, US SRW",Grains,($/mt),104.1,-9.71,8.1,-23.29,-25.91,-1.32
1999-01-01,1999,1,"Wheat, US SRW",Grains,($/mt),103.2,-0.86,-4.09,-20.74,-32.42,0.16
1999-02-01,1999,2,"Wheat, US SRW",Grains,($/mt),95.0,-7.95,-17.61,-25.37,-34.12,-0.92
1999-03-01,1999,3,"Wheat, US SRW",Grains,($/mt),100.2,5.47,-3.75,-22.86,-24.94,1.09
1999-04-01,1999,4,"Wheat, US SRW",Grains,($/mt),99.7,-0.5,-3.39,-15.72,-23.31,0.19
1999-05-01,1999,5,"Wheat, US SRW",Grains,($/mt),96.6,-3.11,1.68,-13.98,-22.91,-0.28
1999-06-01,1999,6,"Wheat, US SRW",Grains,($/mt),92.9,-3.83,-7.29,-13.34,-22.71,-0.41
1999-07-01,1999,7,"Wheat, US SRW",Grains,($/mt),85.3,-8.18,-14.44,-11.88,-28.62,-1.05
1999-08-01,1999,8,"Wheat, US SRW",Grains,($/mt),92.8,8.79,-3.93,-0.11,-27.61,1.44
1999-09-01,1999,9,"Wheat, US SRW",Grains,($/mt),102.1,10.02,9.9,6.02,-28.15,1.37
1999-10-01,1999,10,"Wheat, US SRW",Grains,($/mt),98.7,-3.33,15.71,-8.27,-37.29,-0.54
1999-11-01,1999,11,"Wheat, US SRW",Grains,($/mt),96.9,-1.82,4.42,-15.96,-36.42,-0.19
1999-12-01,1999,12,"Wheat, US SRW",Grains,($/mt),92.1,-4.95,-9.79,-11.53,-41.45,-0.58
2000-01-01,2000,1,"Wheat, US SRW",Grains,($/mt),98.6,7.06,-0.1,-4.46,-35.56,1.32
2000-02-01,2000,2,"Wheat, US SRW",Grains,($/mt),100.1,1.52,3.3,5.37,-33.13,0.27
2000-03-01,2000,3,"Wheat, US SRW",Grains,($/mt),97.2,-2.9,5.54,-2.99,-32.08,-0.59
2000-04-01,2000,4,"Wheat, US SRW",Grains,($/mt),95.2,-2.06,-3.45,-4.51,-32.34,-0.34
2000-05-01,2000,5,"Wheat, US SRW",Grains,($/mt),104.3,9.56,4.2,7.97,-27.22,1.68
2000-06-01,2000,6,"Wheat, US SRW",Grains,($/mt),99.3,-4.79,2.16,6.89,-35.31,-0.88
2000-07-01,2000,7,"Wheat, US SRW",Grains,($/mt),91.2,-8.16,-4.2,6.92,-47.4,-1.38
2000-08-01,2000,8,"Wheat, US SRW",Grains,($/mt),90.9,-0.33,-12.85,-2.05,-46.05,-0.17
2000-09-01,2000,9,"Wheat, US SRW",Grains,($/mt),97.9,7.7,-1.41,-4.11,-47.25,1.3
2000-10-01,2000,10,"Wheat, US SRW",Grains,($/mt),104.3,6.54,14.36,5.67,-46.24,1.21
2000-11-01,2000,11,"Wheat, US SRW",Grains,($/mt),103.2,-1.05,13.53,6.5,-47.96,-0.29
2000-12-01,2000,12,"Wheat, US SRW",Grains,($/mt),105.0,1.74,7.25,14.01,-48.86,0.18
2001-01-01,2001,1,"Wheat, US SRW",Grains,($/mt),110.4,5.14,5.85,11.97,-43.96,0.71
2001-02-01,2001,2,"Wheat, US SRW",Grains,($/mt),106.7,-3.35,3.39,6.59,-47.7,-0.83
2001-03-01,2001,3,"Wheat, US SRW",Grains,($/mt),103.5,-3.0,-1.43,6.48,-49.64,-0.67
2001-04-01,2001,4,"Wheat, US SRW",Grains,($/mt),101.1,-2.32,-8.42,6.2,-59.15,-0.54
2001-05-01,2001,5,"Wheat, US SRW",Grains,($/mt),102.6,1.48,-3.84,-1.63,-51.92,0.15
2001-06-01,2001,6,"Wheat, US SRW",Grains,($/mt),97.4,-5.07,-5.89,-1.91,-46.07,-1.06
2001-07-01,2001,7,"Wheat, US SRW",Grains,($/mt),108.0,10.88,6.82,18.42,-40.36,2.28
2001-08-01,2001,8,"Wheat, US SRW",Grains,($/mt),105.9,-1.94,3.22,16.5,-39.49,-0.69
2001-09-01,2001,9,"Wheat, US SRW",Grains,($/mt),107.6,1.61,10.47,9.91,-36.59,0.04
2001-10-01,2001,10,"Wheat, US SRW",Grains,($/mt),115.0,6.88,6.48,10.26,-27.4,1.28
2001-11-01,2001,11,"Wheat, US SRW",Grains,($/mt),116.4,1.22,9.92,12.79,-26.42,0.06
2001-12-01,2001,12,"Wheat, US SRW",Grains,($/mt),118.2,1.55,9.85,12.57,-25.47,0.09
2002-01-01,2002,1,"Wheat, US SRW",Grains,($/mt),121.7,2.96,5.83,10.24,-20.97,0.4
2002-02-01,2002,2,"Wheat, US SRW",Grains,($/mt),113.4,-6.82,-2.58,6.28,-21.03,-1.7
2002-03-01,2002,3,"Wheat, US SRW",Grains,($/mt),116.6,2.82,-1.35,12.66,-24.19,0.45
2002-04-01,2002,4,"Wheat, US SRW",Grains,($/mt),113.0,-3.09,-7.15,11.77,-28.75,-0.87
2002-05-01,2002,5,"Wheat, US SRW",Grains,($/mt),110.9,-1.86,-2.2,8.09,-27.37,-0.59
2002-06-01,2002,6,"Wheat, US SRW",Grains,($/mt),115.4,4.06,-1.03,18.48,-12.31,0.66
2002-07-01,2002,7,"Wheat, US SRW",Grains,($/mt),123.5,7.02,9.29,14.35,-3.36,1.17
2002-08-01,2002,8,"Wheat, US SRW",Grains,($/mt),130.1,5.34,17.31,22.85,-7.67,1.02
2002-09-01,2002,9,"Wheat, US SRW",Grains,($/mt),151.8,16.68,31.54,41.08,6.01,3.63
2002-10-01,2002,10,"Wheat, US SRW",Grains,($/mt),156.8,3.29,26.96,36.35,9.12,0.04
2002-11-01,2002,11,"Wheat, US SRW",Grains,($/mt),160.0,2.04,22.98,37.46,15.77,-0.12
2002-12-01,2002,12,"Wheat, US SRW",Grains,($/mt),146.2,-8.63,-3.69,23.69,7.74,-1.98
2003-01-01,2003,1,"Wheat, US SRW",Grains,($/mt),137.5,-5.95,-12.31,12.98,5.61,-1.19
2003-02-01,2003,2,"Wheat, US SRW",Grains,($/mt),140.8,2.4,-12.0,24.16,10.6,0.16
2003-03-01,2003,3,"Wheat, US SRW",Grains,($/mt),129.4,-8.1,-11.49,10.98,-0.38,-1.54
2003-04-01,2003,4,"Wheat, US SRW",Grains,($/mt),125.8,-2.78,-8.51,11.33,6.34,-0.54
2003-05-01,2003,5,"Wheat, US SRW",Grains,($/mt),129.2,2.7,-8.24,16.5,15.05,0.22
2003-06-01,2003,6,"Wheat, US SRW",Grains,($/mt),126.3,-2.24,-2.4,9.45,17.82,-0.53
2003-07-01,2003,7,"Wheat, US SRW",Grains,($/mt),129.0,2.14,2.54,4.45,33.26,0.16
2003-08-01,2003,8,"Wheat, US SRW",Grains,($/mt),144.2,11.78,11.61,10.84,55.22,1.62
2003-09-01,2003,9,"Wheat, US SRW",Grains,($/mt),138.4,-4.02,9.58,-8.83,43.72,-0.68
2003-10-01,2003,10,"Wheat, US SRW",Grains,($/mt),142.8,3.18,10.7,-8.93,32.71,0.65
2003-11-01,2003,11,"Wheat, US SRW",Grains,($/mt),160.9,12.68,11.58,0.56,39.55,2.29
2003-12-01,2003,12,"Wheat, US SRW",Grains,($/mt),158.8,-1.31,14.74,8.62,52.55,-0.23
2004-01-01,2004,1,"Wheat, US SRW",Grains,($/mt),155.9,-1.83,9.17,13.38,51.07,-0.42
2004-02-01,2004,2,"Wheat, US SRW",Grains,($/mt),157.5,1.03,-2.11,11.86,65.79,-0.03
2004-03-01,2004,3,"Wheat, US SRW",Grains,($/mt),156.5,-0.63,-1.45,20.94,56.19,-0.29
2004-04-01,2004,4,"Wheat, US SRW",Grains,($/mt),157.2,0.45,0.83,24.96,57.67,-0.24
2004-05-01,2004,5,"Wheat, US SRW",Grains,($/mt),148.3,-5.66,-5.84,14.78,53.52,-1.46
2004-06-01,2004,6,"Wheat, US SRW",Grains,($/mt),137.2,-7.48,-12.33,8.63,47.69,-1.55
2004-07-01,2004,7,"Wheat, US SRW",Grains,($/mt),131.6,-4.08,-16.28,2.02,54.28,-0.8
2004-08-01,2004,8,"Wheat, US SRW",Grains,($/mt),129.1,-1.9,-12.95,-10.47,39.12,-0.36
2004-09-01,2004,9,"Wheat, US SRW",Grains,($/mt),138.2,7.05,0.73,-0.14,35.36,1.52
2004-10-01,2004,10,"Wheat, US SRW",Grains,($/mt),141.4,2.32,7.45,-0.98,43.26,0.4
2004-11-01,2004,11,"Wheat, US SRW",Grains,($/mt),140.8,-0.42,9.06,-12.49,45.3,-0.09
2004-12-01,2004,12,"Wheat, US SRW",Grains,($/mt),139.5,-0.92,0.94,-12.15,51.47,0.03
2005-01-01,2005,1,"Wheat, US SRW",Grains,($/mt),142.5,2.15,0.78,-8.6,44.52,0.84
2005-02-01,2005,2,"Wheat, US SRW",Grains,($/mt),141.6,-0.63,0.57,-10.1,41.46,0.01
2005-03-01,2005,3,"Wheat, US SRW",Grains,($/mt),152.2,7.49,9.1,-2.75,56.58,2.16
2005-04-01,2005,4,"Wheat, US SRW",Grains,($/mt),132.1,-13.21,-7.3,-15.97,38.76,-2.89
2005-05-01,2005,5,"Wheat, US SRW",Grains,($/mt),133.1,0.76,-6.0,-10.25,27.61,0.35
2005-06-01,2005,6,"Wheat, US SRW",Grains,($/mt),131.1,-1.5,-13.86,-4.45,32.02,-0.13
2005-07-01,2005,7,"Wheat, US SRW",Grains,($/mt),130.9,-0.15,-0.91,-0.53,43.53,0.02
2005-08-01,2005,8,"Wheat, US SRW",Grains,($/mt),131.8,0.69,-0.98,2.09,44.99,0.12
2005-09-01,2005,9,"Wheat, US SRW",Grains,($/mt),128.2,-2.73,-2.21,-7.24,30.95,-0.59
2005-10-01,2005,10,"Wheat, US SRW",Grains,($/mt),135.3,5.54,3.36,-4.31,29.72,1.27
2005-11-01,2005,11,"Wheat, US SRW",Grains,($/mt),132.3,-2.22,0.38,-6.04,28.2,-0.39
2005-12-01,2005,12,"Wheat, US SRW",Grains,($/mt),137.6,4.01,7.33,-1.36,31.05,0.87
2006-01-01,2006,1,"Wheat, US SRW",Grains,($/mt),144.2,4.8,6.58,1.19,30.62,0.92
2006-02-01,2006,2,"Wheat, US SRW",Grains,($/mt),149.2,3.47,12.77,5.37,39.83,0.6
2006-03-01,2006,3,"Wheat, US SRW",Grains,($/mt),142.7,-4.36,3.71,-6.24,37.87,-0.91
2006-04-01,2006,4,"Wheat, US SRW",Grains,($/mt),140.8,-1.33,-2.36,6.59,39.27,-0.18
2006-05-01,2006,5,"Wheat, US SRW",Grains,($/mt),150.9,7.17,1.14,13.37,47.08,2.05
2006-06-01,2006,6,"Wheat, US SRW",Grains,($/mt),140.1,-7.16,-1.82,6.86,43.84,-2.21
2006-07-01,2006,7,"Wheat, US SRW",Grains,($/mt),143.9,2.71,2.2,9.93,33.24,0.47
2006-08-01,2006,8,"Wheat, US SRW",Grains,($/mt),148.4,3.13,-1.66,12.59,40.13,0.51
2006-09-01,2006,9,"Wheat, US SRW",Grains,($/mt),166.9,12.47,19.13,30.19,55.11,2.54
2006-10-01,2006,10,"Wheat, US SRW",Grains,($/mt),197.8,18.51,37.46,46.19,72.0,3.01
2006-11-01,2006,11,"Wheat, US SRW",Grains,($/mt),192.9,-2.48,29.99,45.8,65.72,-0.83
2006-12-01,2006,12,"Wheat, US SRW",Grains,($/mt),189.8,-1.61,13.72,37.94,60.58,-0.71
2007-01-01,2007,1,"Wheat, US SRW",Grains,($/mt),176.0,-7.27,-11.02,22.05,44.62,-1.41
2007-02-01,2007,2,"Wheat, US SRW",Grains,($/mt),176.5,0.28,-8.5,18.3,55.64,-0.21
2007-03-01,2007,3,"Wheat, US SRW",Grains,($/mt),168.5,-4.53,-11.22,18.08,44.51,-0.8
2007-04-01,2007,4,"Wheat, US SRW",Grains,($/mt),175.3,4.04,-0.4,24.5,55.13,0.3
2007-05-01,2007,5,"Wheat, US SRW",Grains,($/mt),180.8,3.14,2.44,19.81,63.03,0.13
2007-06-01,2007,6,"Wheat, US SRW",Grains,($/mt),205.0,13.38,21.66,46.32,77.64,1.53
2007-07-01,2007,7,"Wheat, US SRW",Grains,($/mt),225.6,10.05,28.69,56.78,82.67,0.85
2007-08-01,2007,8,"Wheat, US SRW",Grains,($/mt),253.9,12.54,40.43,71.09,95.16,1.06
2007-09-01,2007,9,"Wheat, US SRW",Grains,($/mt),323.0,27.22,57.56,93.53,112.78,2.69
2007-10-01,2007,10,"Wheat, US SRW",Grains,($/mt),325.5,0.77,44.28,64.56,107.59,-0.51
2007-11-01,2007,11,"Wheat, US SRW",Grains,($/mt),307.7,-5.47,21.19,59.51,92.31,-1.04
2007-12-01,2007,12,"Wheat, US SRW",Grains,($/mt),345.3,12.22,6.9,81.93,136.18,0.79
2008-01-01,2008,1,"Wheat, US SRW",Grains,($/mt),343.8,-0.43,5.62,95.34,150.04,-0.6
2008-02-01,2008,2,"Wheat, US SRW",Grains,($/mt),388.7,13.06,26.32,120.23,176.07,0.75
2008-03-01,2008,3,"Wheat, US SRW",Grains,($/mt),419.6,7.95,21.52,149.02,224.27,0.08
2008-04-01,2008,4,"Wheat, US SRW",Grains,($/mt),323.4,-22.93,-5.93,84.48,157.07,-3.63
2008-05-01,2008,5,"Wheat, US SRW",Grains,($/mt),255.1,-21.12,-34.37,41.1,97.45,-2.18
2008-06-01,2008,6,"Wheat, US SRW",Grains,($/mt),254.7,-0.16,-39.3,24.24,101.66,-0.28
2008-07-01,2008,7,"Wheat, US SRW",Grains,($/mt),245.4,-3.65,-24.12,8.78,90.23,-0.45
2008-08-01,2008,8,"Wheat, US SRW",Grains,($/mt),255.4,4.07,0.12,0.59,77.12,0.17
2008-09-01,2008,9,"Wheat, US SRW",Grains,($/mt),223.8,-12.37,-12.13,-30.71,61.71,-0.95
2008-10-01,2008,10,"Wheat, US SRW",Grains,($/mt),185.9,-16.93,-24.25,-42.89,30.18,-1.25
2008-11-01,2008,11,"Wheat, US SRW",Grains,($/mt),183.0,-1.56,-28.35,-40.53,13.74,0.18
2008-12-01,2008,12,"Wheat, US SRW",Grains,($/mt),179.3,-2.02,-19.88,-48.07,12.91,0.12
2009-01-01,2009,1,"Wheat, US SRW",Grains,($/mt),195.1,8.81,4.95,-43.25,25.14,1.19
2009-02-01,2009,2,"Wheat, US SRW",Grains,($/mt),183.4,-6.0,0.22,-52.82,16.44,-0.17
2009-03-01,2009,3,"Wheat, US SRW",Grains,($/mt),183.7,0.16,2.45,-56.22,17.38,0.53
2009-04-01,2009,4,"Wheat, US SRW",Grains,($/mt),182.6,-0.6,-6.41,-43.54,16.16,0.55
2009-05-01,2009,5,"Wheat, US SRW",Grains,($/mt),202.5,10.9,10.41,-20.62,36.55,1.76
2009-06-01,2009,6,"Wheat, US SRW",Grains,($/mt),201.7,-0.4,9.8,-20.81,47.01,0.16
2009-07-01,2009,7,"Wheat, US SRW",Grains,($/mt),175.6,-12.94,-3.83,-28.44,33.43,-1.44
2009-08-01,2009,8,"Wheat, US SRW",Grains,($/mt),161.7,-7.92,-20.15,-36.69,25.25,-0.65
2009-09-01,2009,9,"Wheat, US SRW",Grains,($/mt),158.4,-2.04,-21.47,-29.22,14.62,0.16
2009-10-01,2009,10,"Wheat, US SRW",Grains,($/mt),175.6,10.86,0.0,-5.54,24.19,1.7
2009-11-01,2009,11,"Wheat, US SRW",Grains,($/mt),204.7,16.57,26.59,11.86,45.38,2.29
2009-12-01,2009,12,"Wheat, US SRW",Grains,($/mt),206.5,0.88,30.37,15.17,48.03,-0.05
2010-01-01,2010,1,"Wheat, US SRW",Grains,($/mt),198.8,-3.73,13.21,1.9,39.51,-0.6
2010-02-01,2010,2,"Wheat, US SRW",Grains,($/mt),191.8,-3.52,-6.3,4.58,35.45,-0.47
2010-03-01,2010,3,"Wheat, US SRW",Grains,($/mt),190.0,-0.94,-7.99,3.43,24.84,-0.19
2010-04-01,2010,4,"Wheat, US SRW",Grains,($/mt),187.8,-1.16,-5.53,2.85,42.17,-0.21
2010-05-01,2010,5,"Wheat, US SRW",Grains,($/mt),190.3,1.33,-0.78,-6.02,42.98,0.09
2010-06-01,2010,6,"Wheat, US SRW",Grains,($/mt),182.6,-4.05,-3.89,-9.47,39.28,-0.49
2010-07-01,2010,7,"Wheat, US SRW",Grains,($/mt),222.3,21.74,18.37,26.59,69.82,2.86
2010-08-01,2010,8,"Wheat, US SRW",Grains,($/mt),261.6,17.68,37.47,61.78,98.48,1.68
2010-09-01,2010,9,"Wheat, US SRW",Grains,($/mt),276.3,5.62,51.31,74.43,115.52,0.12
2010-10-01,2010,10,"Wheat, US SRW",Grains,($/mt),267.5,-3.18,20.33,52.33,97.71,-0.9
2010-11-01,2010,11,"Wheat, US SRW",Grains,($/mt),278.5,4.11,6.46,36.05,110.51,0.02
2010-12-01,2010,12,"Wheat, US SRW",Grains,($/mt),308.6,10.81,11.69,49.44,124.27,0.93
2011-01-01,2011,1,"Wheat, US SRW",Grains,($/mt),320.4,3.82,19.78,61.17,122.19,0.01
2011-02-01,2011,2,"Wheat, US SRW",Grains,($/mt),338.8,5.74,21.65,76.64,127.08,0.16
2011-03-01,2011,3,"Wheat, US SRW",Grains,($/mt),303.1,-10.54,-1.78,59.53,112.4,-1.95
2011-04-01,2011,4,"Wheat, US SRW",Grains,($/mt),314.9,3.89,-1.72,67.68,123.65,-0.05
2011-05-01,2011,5,"Wheat, US SRW",Grains,($/mt),308.6,-2.0,-8.91,62.17,104.51,-0.75
2011-06-01,2011,6,"Wheat, US SRW",Grains,($/mt),282.2,-8.55,-6.9,54.55,101.43,-1.43
2011-07-01,2011,7,"Wheat, US SRW",Grains,($/mt),266.4,-5.6,-15.4,19.84,85.13,-1.01
2011-08-01,2011,8,"Wheat, US SRW",Grains,($/mt),277.6,4.2,-10.05,6.12,87.06,0.29
2011-09-01,2011,9,"Wheat, US SRW",Grains,($/mt),267.5,-3.64,-5.21,-3.18,60.28,-0.66
2011-10-01,2011,10,"Wheat, US SRW",Grains,($/mt),253.5,-5.23,-4.84,-5.23,28.16,-0.8
2011-11-01,2011,11,"Wheat, US SRW",Grains,($/mt),253.2,-0.12,-8.79,-9.08,31.26,0.02
2011-12-01,2011,12,"Wheat, US SRW",Grains,($/mt),244.7,-3.36,-8.52,-20.71,28.93,-0.43
2012-01-01,2012,1,"Wheat, US SRW",Grains,($/mt),253.9,3.76,0.16,-20.76,44.26,1.04
2012-02-01,2012,2,"Wheat, US SRW",Grains,($/mt),263.1,3.62,3.91,-22.34,49.07,1.01
2012-03-01,2012,3,"Wheat, US SRW",Grains,($/mt),259.8,-1.25,6.17,-14.29,54.18,0.14
2012-04-01,2012,4,"Wheat, US SRW",Grains,($/mt),254.6,-2.0,0.28,-19.15,45.24,-0.19
2012-05-01,2012,5,"Wheat, US SRW",Grains,($/mt),251.3,-1.3,-4.48,-18.57,38.99,0.1
2012-06-01,2012,6,"Wheat, US SRW",Grains,($/mt),249.5,-0.72,-3.96,-11.59,21.71,0.23
2012-07-01,2012,7,"Wheat, US SRW",Grains,($/mt),323.0,29.46,26.87,21.25,43.17,9.04
2012-08-01,2012,8,"Wheat, US SRW",Grains,($/mt),333.7,3.31,32.79,20.21,31.43,0.15
2012-09-01,2012,9,"Wheat, US SRW",Grains,($/mt),343.6,2.97,37.72,28.45,6.38,0.12
2012-10-01,2012,10,"Wheat, US SRW",Grains,($/mt),340.2,-0.99,5.33,34.2,4.52,-0.38
2012-11-01,2012,11,"Wheat, US SRW",Grains,($/mt),346.5,1.85,3.84,36.85,12.61,-0.11
2012-12-01,2012,12,"Wheat, US SRW",Grains,($/mt),325.2,-6.15,-5.36,32.9,-5.82,-1.04
2013-01-01,2013,1,"Wheat, US SRW",Grains,($/mt),309.0,-4.98,-9.17,21.7,-10.12,-0.86
2013-02-01,2013,2,"Wheat, US SRW",Grains,($/mt),298.0,-3.56,-14.0,13.26,-23.33,-0.6
2013-03-01,2013,3,"Wheat, US SRW",Grains,($/mt),285.9,-4.06,-12.08,10.05,-31.86,-0.59
2013-04-01,2013,4,"Wheat, US SRW",Grains,($/mt),278.1,-2.73,-10.0,9.23,-14.01,-0.41
2013-05-01,2013,5,"Wheat, US SRW",Grains,($/mt),279.3,0.43,-6.28,11.14,9.49,-0.07
2013-06-01,2013,6,"Wheat, US SRW",Grains,($/mt),268.2,-3.97,-6.19,7.49,5.3,-0.55
2013-07-01,2013,7,"Wheat, US SRW",Grains,($/mt),260.9,-2.72,-6.18,-19.23,6.32,-0.39
2013-08-01,2013,8,"Wheat, US SRW",Grains,($/mt),252.4,-3.26,-9.63,-24.36,-1.17,-0.48
2013-09-01,2013,9,"Wheat, US SRW",Grains,($/mt),259.8,2.93,-3.13,-24.39,16.09,1.87
2013-10-01,2013,10,"Wheat, US SRW",Grains,($/mt),287.7,10.74,10.27,-15.43,54.76,4.69
2013-11-01,2013,11,"Wheat, US SRW",Grains,($/mt),274.4,-4.62,8.72,-20.81,49.95,-0.71
2013-12-01,2013,12,"Wheat, US SRW",Grains,($/mt),267.0,-2.7,2.77,-17.9,48.91,-0.19
2014-01-01,2014,1,"Wheat, US SRW",Grains,($/mt),246.5,-7.68,-14.32,-20.23,26.35,-1.37
2014-02-01,2014,2,"Wheat, US SRW",Grains,($/mt),258.7,4.95,-5.72,-13.19,41.06,1.42
2014-03-01,2014,3,"Wheat, US SRW",Grains,($/mt),286.9,10.9,7.45,0.35,56.18,2.37
2014-04-01,2014,4,"Wheat, US SRW",Grains,($/mt),277.1,-3.42,12.41,-0.36,51.75,-0.6
2014-05-01,2014,5,"Wheat, US SRW",Grains,($/mt),277.2,0.04,7.15,-0.75,36.89,-0.02
2014-06-01,2014,6,"Wheat, US SRW",Grains,($/mt),236.6,-14.65,-17.53,-11.78,17.3,-2.44
2014-07-01,2014,7,"Wheat, US SRW",Grains,($/mt),218.3,-7.73,-21.22,-16.33,24.32,-0.95
2014-08-01,2014,8,"Wheat, US SRW",Grains,($/mt),220.4,0.96,-20.49,-12.68,36.3,0.29
2014-09-01,2014,9,"Wheat, US SRW",Grains,($/mt),202.8,-7.99,-14.29,-21.94,28.03,-0.94
2014-10-01,2014,10,"Wheat, US SRW",Grains,($/mt),220.1,8.53,0.82,-23.5,25.34,1.33
2014-11-01,2014,11,"Wheat, US SRW",Grains,($/mt),236.0,7.22,7.08,-13.99,15.29,1.23
2014-12-01,2014,12,"Wheat, US SRW",Grains,($/mt),261.8,10.93,29.09,-1.95,26.78,1.52
2015-01-01,2015,1,"Wheat, US SRW",Grains,($/mt),231.5,-11.57,5.18,-6.09,16.45,-1.38
2015-02-01,2015,2,"Wheat, US SRW",Grains,($/mt),219.8,-5.05,-6.86,-15.04,14.6,-0.55
2015-03-01,2015,3,"Wheat, US SRW",Grains,($/mt),218.8,-0.45,-16.42,-23.74,15.16,0.06
2015-04-01,2015,4,"Wheat, US SRW",Grains,($/mt),209.7,-4.16,-9.42,-24.32,11.66,-0.28
2015-05-01,2015,5,"Wheat, US SRW",Grains,($/mt),200.8,-4.24,-8.64,-27.56,5.52,-0.28
2015-06-01,2015,6,"Wheat, US SRW",Grains,($/mt),205.0,2.09,-6.31,-13.36,12.27,0.55
2015-07-01,2015,7,"Wheat, US SRW",Grains,($/mt),207.4,1.17,-1.1,-4.99,-6.7,0.3
2015-08-01,2015,8,"Wheat, US SRW",Grains,($/mt),187.9,-9.4,-6.42,-14.75,-28.17,-1.35
2015-09-01,2015,9,"Wheat, US SRW",Grains,($/mt),194.0,3.25,-5.37,-4.34,-29.79,0.59
2015-10-01,2015,10,"Wheat, US SRW",Grains,($/mt),206.3,6.34,-0.53,-6.27,-22.88,0.92
2015-11-01,2015,11,"Wheat, US SRW",Grains,($/mt),203.4,-1.41,8.25,-13.81,-26.97,-0.16
2015-12-01,2015,12,"Wheat, US SRW",Grains,($/mt),192.0,-5.6,-1.03,-26.66,-37.78,-0.71
2016-01-01,2016,1,"Wheat, US SRW",Grains,($/mt),191.7,-0.16,-7.08,-17.19,-40.17,0.43
2016-02-01,2016,2,"Wheat, US SRW",Grains,($/mt),188.4,-1.72,-7.37,-14.29,-44.39,-0.06
2016-03-01,2016,3,"Wheat, US SRW",Grains,($/mt),189.7,0.69,-1.2,-13.3,-37.41,0.44
2016-04-01,2016,4,"Wheat, US SRW",Grains,($/mt),192.8,1.63,0.57,-8.06,-38.77,0.64
2016-05-01,2016,5,"Wheat, US SRW",Grains,($/mt),189.9,-1.5,0.8,-5.43,-38.46,-0.21
2016-06-01,2016,6,"Wheat, US SRW",Grains,($/mt),187.0,-1.53,-1.42,-8.78,-33.73,-0.28
2016-07-01,2016,7,"Wheat, US SRW",Grains,($/mt),166.5,-10.96,-13.64,-19.72,-37.5,-2.55
2016-08-01,2016,8,"Wheat, US SRW",Grains,($/mt),159.3,-4.32,-16.11,-15.22,-42.62,-0.53
2016-09-01,2016,9,"Wheat, US SRW",Grains,($/mt),157.6,-1.07,-15.72,-18.76,-41.08,0.05
2016-10-01,2016,10,"Wheat, US SRW",Grains,($/mt),164.4,4.31,-1.26,-20.31,-35.15,1.42
2016-11-01,2016,11,"Wheat, US SRW",Grains,($/mt),167.3,1.76,5.02,-17.75,-33.93,0.92
2016-12-01,2016,12,"Wheat, US SRW",Grains,($/mt),161.2,-3.65,2.28,-16.04,-34.12,-0.53
2017-01-01,2017,1,"Wheat, US SRW",Grains,($/mt),173.6,7.69,5.6,-9.44,-31.63,2.36
2017-02-01,2017,2,"Wheat, US SRW",Grains,($/mt),181.0,4.26,8.19,-3.93,-31.2,1.07
2017-03-01,2017,3,"Wheat, US SRW",Grains,($/mt),176.5,-2.49,9.49,-6.96,-32.06,-0.47
2017-04-01,2017,4,"Wheat, US SRW",Grains,($/mt),172.2,-2.44,-0.81,-10.68,-32.36,-0.4
2017-05-01,2017,5,"Wheat, US SRW",Grains,($/mt),175.0,1.63,-3.31,-7.85,-30.36,0.5
2017-06-01,2017,6,"Wheat, US SRW",Grains,($/mt),183.4,4.8,3.91,-1.93,-26.49,1.09
2017-07-01,2017,7,"Wheat, US SRW",Grains,($/mt),201.8,10.03,17.19,21.2,-37.52,1.96
2017-08-01,2017,8,"Wheat, US SRW",Grains,($/mt),172.7,-14.42,-1.31,8.41,-48.25,-3.49
2017-09-01,2017,9,"Wheat, US SRW",Grains,($/mt),176.9,2.43,-3.54,12.25,-48.52,0.24
2017-10-01,2017,10,"Wheat, US SRW",Grains,($/mt),177.0,0.06,-12.29,7.66,-47.97,-0.17
2017-11-01,2017,11,"Wheat, US SRW",Grains,($/mt),175.7,-0.73,1.74,5.02,-49.29,-0.24
2017-12-01,2017,12,"Wheat, US SRW",Grains,($/mt),172.5,-1.82,-2.49,7.01,-46.96,-0.38
2018-01-01,2018,1,"Wheat, US SRW",Grains,($/mt),178.3,3.36,0.73,2.71,-42.3,0.42
2018-02-01,2018,2,"Wheat, US SRW",Grains,($/mt),190.6,6.9,8.48,5.3,-36.04,1.1
2018-03-01,2018,3,"Wheat, US SRW",Grains,($/mt),198.9,4.35,15.3,12.69,-30.43,0.61
2018-04-01,2018,4,"Wheat, US SRW",Grains,($/mt),198.8,-0.05,11.5,15.45,-28.51,-0.2
2018-05-01,2018,5,"Wheat, US SRW",Grains,($/mt),209.9,5.58,10.13,19.94,-24.85,0.7
2018-06-01,2018,6,"Wheat, US SRW",Grains,($/mt),206.0,-1.86,3.57,12.32,-23.19,-0.58
2018-07-01,2018,7,"Wheat, US SRW",Grains,($/mt),206.9,0.44,4.07,2.53,-20.7,-0.12
2018-08-01,2018,8,"Wheat, US SRW",Grains,($/mt),217.4,5.07,3.57,25.88,-13.87,0.86
2018-09-01,2018,9,"Wheat, US SRW",Grains,($/mt),202.0,-7.08,-1.94,14.19,-22.25,-2.99
2018-10-01,2018,10,"Wheat, US SRW",Grains,($/mt),209.1,3.51,1.06,18.14,-27.32,0.58
2018-11-01,2018,11,"Wheat, US SRW",Grains,($/mt),210.8,0.81,-3.04,19.98,-23.18,-0.16
2018-12-01,2018,12,"Wheat, US SRW",Grains,($/mt),217.8,3.32,7.82,26.26,-18.43,0.43
2019-01-01,2019,1,"Wheat, US SRW",Grains,($/mt),220.2,1.1,5.31,23.5,-10.67,-0.24
2019-02-01,2019,2,"Wheat, US SRW",Grains,($/mt),217.2,-1.36,3.04,13.96,-16.04,-0.84
2019-03-01,2019,3,"Wheat, US SRW",Grains,($/mt),200.4,-7.73,-7.99,0.75,-30.15,-2.48
2019-04-01,2019,4,"Wheat, US SRW",Grains,($/mt),197.3,-1.55,-10.4,-0.75,-28.8,-0.4
2019-05-01,2019,5,"Wheat, US SRW",Grains,($/mt),200.3,1.52,-7.78,-4.57,-27.74,0.35
2019-06-01,2019,6,"Wheat, US SRW",Grains,($/mt),222.4,11.03,10.98,7.96,-6.0,2.89
2019-07-01,2019,7,"Wheat, US SRW",Grains,($/mt),204.0,-8.27,3.4,-1.4,-6.55,-1.78
2019-08-01,2019,8,"Wheat, US SRW",Grains,($/mt),197.5,-3.19,-1.4,-9.15,-10.39,-0.56
2019-09-01,2019,9,"Wheat, US SRW",Grains,($/mt),201.9,2.23,-9.22,-0.05,-0.44,0.52
2019-10-01,2019,10,"Wheat, US SRW",Grains,($/mt),212.8,5.4,4.31,1.77,-3.32,1.02
2019-11-01,2019,11,"Wheat, US SRW",Grains,($/mt),223.5,5.03,13.16,6.02,-5.3,0.89
2019-12-01,2019,12,"Wheat, US SRW",Grains,($/mt),237.7,6.35,17.73,9.14,-9.21,1.04
2020-01-01,2020,1,"Wheat, US SRW",Grains,($/mt),248.0,4.33,16.54,12.62,7.13,0.6
2020-02-01,2020,2,"Wheat, US SRW",Grains,($/mt),239.0,-3.63,6.94,10.04,8.74,-0.82
2020-03-01,2020,3,"Wheat, US SRW",Grains,($/mt),228.1,-4.56,-4.04,13.82,4.25,-0.93
2020-04-01,2020,4,"Wheat, US SRW",Grains,($/mt),221.7,-2.81,-10.6,12.37,5.72,-0.73
2020-05-01,2020,5,"Wheat, US SRW",Grains,($/mt),209.9,-5.32,-12.18,4.79,4.53,-1.15
2020-06-01,2020,6,"Wheat, US SRW",Grains,($/mt),200.5,-4.48,-12.1,-9.85,-2.2,-0.85
2020-07-01,2020,7,"Wheat, US SRW",Grains,($/mt),212.7,6.08,-4.06,4.26,2.56,1.35
2020-08-01,2020,8,"Wheat, US SRW",Grains,($/mt),208.9,-1.79,-0.48,5.77,11.18,-0.47
2020-09-01,2020,9,"Wheat, US SRW",Grains,($/mt),219.7,5.17,9.58,8.82,13.25,0.97
2020-10-01,2020,10,"Wheat, US SRW",Grains,($/mt),245.2,11.61,15.28,15.23,18.86,2.21
2020-11-01,2020,11,"Wheat, US SRW",Grains,($/mt),247.9,1.1,18.67,10.92,21.88,-0.04
2020-12-01,2020,12,"Wheat, US SRW",Grains,($/mt),251.2,1.33,14.34,5.68,30.83,0.06
2021-01-01,2021,1,"Wheat, US SRW",Grains,($/mt),276.4,10.03,12.72,11.45,44.18,1.78
2021-02-01,2021,2,"Wheat, US SRW",Grains,($/mt),276.6,0.07,11.58,15.73,46.82,-0.17
2021-03-01,2021,3,"Wheat, US SRW",Grains,($/mt),272.6,-1.45,8.52,19.51,43.7,-0.49
2021-04-01,2021,4,"Wheat, US SRW",Grains,($/mt),281.4,3.23,1.81,26.93,45.95,0.29
2021-05-01,2021,5,"Wheat, US SRW",Grains,($/mt),271.0,-3.7,-2.02,29.11,42.71,-1.1
2021-06-01,2021,6,"Wheat, US SRW",Grains,($/mt),263.5,-2.77,-3.34,31.42,40.91,-0.98
2021-07-01,2021,7,"Wheat, US SRW",Grains,($/mt),254.7,-3.34,-9.49,19.75,52.97,-1.16
2021-08-01,2021,8,"Wheat, US SRW",Grains,($/mt),276.2,8.44,1.92,32.22,73.38,1.35
2021-09-01,2021,9,"Wheat, US SRW",Grains,($/mt),263.6,-4.56,0.04,19.98,67.26,-1.33
2021-10-01,2021,10,"Wheat, US SRW",Grains,($/mt),262.2,-0.53,2.94,6.93,59.49,-0.39
2021-11-01,2021,11,"Wheat, US SRW",Grains,($/mt),334.5,27.57,21.11,34.93,99.94,5.81
2021-12-01,2021,12,"Wheat, US SRW",Grains,($/mt),327.8,-2.0,24.36,30.49,103.35,-0.54
2022-01-01,2022,1,"Wheat, US SRW",Grains,($/mt),325.2,-0.79,24.03,17.66,87.33,-0.37
2022-02-01,2022,2,"Wheat, US SRW",Grains,($/mt),339.3,4.34,1.43,22.67,87.46,0.3
2022-03-01,2022,3,"Wheat, US SRW",Grains,($/mt),446.7,31.65,36.27,63.87,153.09,3.33
2022-04-01,2022,4,"Wheat, US SRW",Grains,($/mt),427.3,-4.34,31.4,51.85,148.14,-0.75
2022-05-01,2022,5,"Wheat, US SRW",Grains,($/mt),438.4,2.6,29.21,61.77,150.51,-0.13
2022-06-01,2022,6,"Wheat, US SRW",Grains,($/mt),379.9,-13.34,-14.95,44.17,107.14,-1.47
2022-07-01,2022,7,"Wheat, US SRW",Grains,($/mt),316.7,-16.64,-25.88,24.34,56.94,-1.55
2022-08-01,2022,8,"Wheat, US SRW",Grains,($/mt),311.5,-1.64,-28.95,12.78,80.37,-0.3
2022-09-01,2022,9,"Wheat, US SRW",Grains,($/mt),388.8,24.82,2.34,47.5,119.79,1.61
2022-10-01,2022,10,"Wheat, US SRW",Grains,($/mt),423.3,8.87,33.66,61.44,139.15,0.29
2022-11-01,2022,11,"Wheat, US SRW",Grains,($/mt),420.6,-0.64,35.02,25.74,139.39,-0.37
2022-12-01,2022,12,"Wheat, US SRW",Grains,($/mt),415.1,-1.31,6.76,26.63,140.64,-0.29
2023-01-01,2023,1,"Wheat, US SRW",Grains,($/mt),410.0,-1.23,-3.14,26.08,129.95,-0.29
2023-02-01,2023,2,"Wheat, US SRW",Grains,($/mt),311.9,-23.93,-25.84,-8.08,63.64,-1.93
2023-03-01,2023,3,"Wheat, US SRW",Grains,($/mt),284.7,-8.72,-31.41,-36.27,43.14,-0.58
2023-04-01,2023,4,"Wheat, US SRW",Grains,($/mt),277.2,-2.63,-32.39,-35.13,39.44,0.03
2023-05-01,2023,5,"Wheat, US SRW",Grains,($/mt),260.5,-6.02,-16.48,-40.58,24.11,-0.26
2023-06-01,2023,6,"Wheat, US SRW",Grains,($/mt),257.0,-1.34,-9.73,-32.35,24.76,0.18
2023-07-01,2023,7,"Wheat, US SRW",Grains,($/mt),249.9,-2.76,-9.85,-21.09,20.78,-0.02
2023-08-01,2023,8,"Wheat, US SRW",Grains,($/mt),230.8,-7.64,-11.4,-25.91,6.16,-0.56
2023-09-01,2023,9,"Wheat, US SRW",Grains,($/mt),230.6,-0.09,-10.27,-40.69,14.16,0.16
2023-10-01,2023,10,"Wheat, US SRW",Grains,($/mt),236.6,2.6,-5.32,-44.11,13.15,0.85
2023-11-01,2023,11,"Wheat, US SRW",Grains,($/mt),241.0,1.86,4.42,-42.7,14.33,0.91
2023-12-01,2023,12,"Wheat, US SRW",Grains,($/mt),255.0,5.81,10.58,-38.57,17.08,1.42
2024-01-01,2024,1,"Wheat, US SRW",Grains,($/mt),247.9,-2.78,4.78,-39.54,12.58,0.12
2024-02-01,2024,2,"Wheat, US SRW",Grains,($/mt),246.2,-0.69,2.16,-21.06,13.35,0.41
2024-03-01,2024,3,"Wheat, US SRW",Grains,($/mt),228.5,-7.19,-10.39,-19.74,14.02,-1.26
2024-04-01,2024,4,"Wheat, US SRW",Grains,($/mt),227.8,-0.31,-8.11,-17.82,15.46,0.36
2024-05-01,2024,5,"Wheat, US SRW",Grains,($/mt),253.2,11.15,2.84,-2.8,26.41,3.14
2024-06-01,2024,6,"Wheat, US SRW",Grains,($/mt),230.6,-8.93,0.92,-10.27,3.69,-1.7
2024-07-01,2024,7,"Wheat, US SRW",Grains,($/mt),218.8,-5.12,-3.95,-12.44,7.25,-0.76
2024-08-01,2024,8,"Wheat, US SRW",Grains,($/mt),205.8,-5.94,-18.72,-10.83,4.2,-0.85
2024-09-01,2024,9,"Wheat, US SRW",Grains,($/mt),219.2,6.51,-4.94,-4.94,8.57,1.28
2024-10-01,2024,10,"Wheat, US SRW",Grains,($/mt),233.3,6.43,6.63,-1.39,9.63,1.09
2024-11-01,2024,11,"Wheat, US SRW",Grains,($/mt),229.0,-1.84,11.27,-4.98,2.46,-0.3
2024-12-01,2024,12,"Wheat, US SRW",Grains,($/mt),230.3,0.57,5.06,-9.69,-3.11,0.13
2025-01-01,2025,1,"Wheat, US SRW",Grains,($/mt),230.6,0.13,-1.16,-6.98,-7.02,0.13
2025-02-01,2025,2,"Wheat, US SRW",Grains,($/mt),243.5,5.59,6.33,-1.1,1.88,1.0
2025-03-01,2025,3,"Wheat, US SRW",Grains,($/mt),227.5,-6.57,-1.22,-0.44,-0.26,-1.06
2025-04-01,2025,4,"Wheat, US SRW",Grains,($/mt),219.6,-3.47,-4.77,-3.6,-0.95,-0.58
2025-05-01,2025,5,"Wheat, US SRW",Grains,($/mt),221.3,0.77,-9.12,-12.6,5.43,0.14
2025-06-01,2025,6,"Wheat, US SRW",Grains,($/mt),217.3,-1.81,-4.48,-5.77,8.38,-0.16
2025-07-01,2025,7,"Wheat, US SRW",Grains,($/mt),210.6,-3.08,-4.1,-3.75,-0.99,-0.58
2025-08-01,2025,8,"Wheat, US SRW",Grains,($/mt),200.3,-4.89,-9.49,-2.67,-4.12,-1.04
2025-09-01,2025,9,"Wheat, US SRW",Grains,($/mt),207.0,3.34,-4.74,-5.57,-5.78,0.8
2025-10-01,2025,10,"Wheat, US SRW",Grains,($/mt),209.3,1.11,-0.62,-10.29,-14.64,0.38
2025-11-01,2025,11,"Wheat, US SRW",Grains,($/mt),225.2,7.6,12.43,-1.66,-9.16,2.44
2025-12-01,2025,12,"Wheat, US SRW",Grains,($/mt),223.2,-0.89,7.83,-3.08,-11.15,-0.2
2026-01-01,2026,1,"Wheat, US SRW",Grains,($/mt),217.7,-2.46,4.01,-5.59,-21.24,-0.54
2026-02-01,2026,2,"Wheat, US SRW",Grains,($/mt),232.4,6.75,3.2,-4.56,-15.98,1.68
2026-03-01,2026,3,"Wheat, US SRW",Grains,($/mt),247.4,6.45,10.84,8.75,-9.24,1.53
2026-04-01,2026,4,"Wheat, US SRW",Grains,($/mt),246.5,-0.36,13.23,12.25,-12.4,-0.27
2026-05-01,2026,5,"Wheat, US SRW",Grains,($/mt),259.5,5.27,11.66,17.26,-4.24,1.02
2026-06-01,2026,6,"Wheat, US SRW",Grains,($/mt),237.5,-8.48,-4.0,9.3,-9.87,-2.29
2026-07-01,2026,7,"Wheat, US SRW",Grains,($/mt),258.1,8.67,4.71,22.55,1.33,1.52
2026-08-01,2026,8,"Wheat, US SRW",Grains,($/mt),263.2,1.98,1.43,31.4,-4.71,0.02
2026-09-01,2026,9,"Wheat, US SRW",Grains,($/mt),278.6,5.85,17.31,34.59,5.69,0.69
1960-01-01,1960,1,Zinc,Metals,($/mt),261.0,,,,,
1960-02-01,1960,2,Zinc,Metals,($/mt),245.0,-6.13,,,,
1960-03-01,1960,3,Zinc,Metals,($/mt),249.0,1.63,,,,
1960-04-01,1960,4,Zinc,Metals,($/mt),255.0,2.41,-2.3,,,
1960-05-01,1960,5,Zinc,Metals,($/mt),254.0,-0.39,3.67,,,
1960-06-01,1960,6,Zinc,Metals,($/mt),250.0,-1.57,0.4,,,
1960-07-01,1960,7,Zinc,Metals,($/mt),249.0,-0.4,-2.35,,,
1960-08-01,1960,8,Zinc,Metals,($/mt),241.0,-3.21,-5.12,,,-0.82
1960-09-01,1960,9,Zinc,Metals,($/mt),240.0,-0.41,-4.0,,,0.23
1960-10-01,1960,10,Zinc,Metals,($/mt),242.0,0.83,-2.81,,,0.68
1960-11-01,1960,11,Zinc,Metals,($/mt),241.0,-0.41,0.0,,,0.15
1960-12-01,1960,12,Zinc,Metals,($/mt),228.0,-5.39,-5.0,,,-1.88
1961-01-01,1961,1,Zinc,Metals,($/mt),218.0,-4.39,-9.92,-16.48,,-1.18
1961-02-01,1961,2,Zinc,Metals,($/mt),228.0,4.59,-5.39,-6.94,,2.2
1961-03-01,1961,3,Zinc,Metals,($/mt),233.0,2.19,2.19,-6.43,,0.97
1961-04-01,1961,4,Zinc,Metals,($/mt),231.0,-0.86,5.96,-9.41,,-0.12
1961-05-01,1961,5,Zinc,Metals,($/mt),227.0,-1.73,-0.44,-10.63,,-0.35
1961-06-01,1961,6,Zinc,Metals,($/mt),218.0,-3.96,-6.44,-12.8,,-1.12
1961-07-01,1961,7,Zinc,Metals,($/mt),215.0,-1.38,-6.93,-13.65,,-0.1
1961-08-01,1961,8,Zinc,Metals,($/mt),211.0,-1.86,-7.05,-12.45,,-0.24
1961-09-01,1961,9,Zinc,Metals,($/mt),204.0,-3.32,-6.42,-15.0,,-0.8
1961-10-01,1961,10,Zinc,Metals,($/mt),198.0,-2.94,-7.91,-18.18,,-0.57
1961-11-01,1961,11,Zinc,Metals,($/mt),192.0,-3.03,-9.0,-20.33,,-0.5
1961-12-01,1961,12,Zinc,Metals,($/mt),197.0,2.6,-3.43,-13.6,,1.58
1962-01-01,1962,1,Zinc,Metals,($/mt),194.0,-1.52,-2.02,-11.01,,-0.12
1962-02-01,1962,2,Zinc,Metals,($/mt),190.0,-2.06,-1.04,-16.67,,-0.42
1962-03-01,1962,3,Zinc,Metals,($/mt),191.0,0.53,-3.05,-18.03,,0.99
1962-04-01,1962,4,Zinc,Metals,($/mt),191.0,0.0,-1.55,-17.32,,0.91
1962-05-01,1962,5,Zinc,Metals,($/mt),189.0,-1.05,-0.53,-16.74,,0.28
1962-06-01,1962,6,Zinc,Metals,($/mt),185.0,-2.12,-3.14,-15.14,,-0.33
1962-07-01,1962,7,Zinc,Metals,($/mt),182.0,-1.62,-4.71,-15.35,,-0.16
1962-08-01,1962,8,Zinc,Metals,($/mt),178.0,-2.2,-5.82,-15.64,,-0.49
1962-09-01,1962,9,Zinc,Metals,($/mt),177.0,-0.56,-4.32,-13.24,,0.49
1962-10-01,1962,10,Zinc,Metals,($/mt),182.0,2.82,0.0,-8.08,,2.48
1962-11-01,1962,11,Zinc,Metals,($/mt),189.0,3.85,6.18,-1.56,,2.42
1962-12-01,1962,12,Zinc,Metals,($/mt),185.0,-2.12,4.52,-6.09,,-0.94
1963-01-01,1963,1,Zinc,Metals,($/mt),186.0,0.54,2.2,-4.12,,0.52
1963-02-01,1963,2,Zinc,Metals,($/mt),192.0,3.23,1.59,1.05,,1.78
1963-03-01,1963,3,Zinc,Metals,($/mt),198.0,3.12,7.03,3.66,,1.39
1963-04-01,1963,4,Zinc,Metals,($/mt),204.0,3.03,9.68,6.81,,1.16
1963-05-01,1963,5,Zinc,Metals,($/mt),209.0,2.45,8.85,10.58,,0.76
1963-06-01,1963,6,Zinc,Metals,($/mt),209.0,0.0,5.56,12.97,,-0.35
1963-07-01,1963,7,Zinc,Metals,($/mt),205.0,-1.91,0.49,12.64,,-1.29
1963-08-01,1963,8,Zinc,Metals,($/mt),210.0,2.44,0.48,17.98,,0.61
1963-09-01,1963,9,Zinc,Metals,($/mt),211.0,0.48,0.96,19.21,,-0.44
1963-10-01,1963,10,Zinc,Metals,($/mt),221.0,4.74,7.8,21.43,,1.59
1963-11-01,1963,11,Zinc,Metals,($/mt),232.0,4.98,10.48,22.75,,1.49
1963-12-01,1963,12,Zinc,Metals,($/mt),261.0,12.5,23.7,41.08,,4.58
1964-01-01,1964,1,Zinc,Metals,($/mt),264.0,1.15,19.46,41.94,,-0.5
1964-02-01,1964,2,Zinc,Metals,($/mt),271.0,2.65,16.81,41.15,,-0.1
1964-03-01,1964,3,Zinc,Metals,($/mt),277.0,2.21,6.13,39.9,,-0.21
1964-04-01,1964,4,Zinc,Metals,($/mt),299.0,7.94,13.26,46.57,,1.41
1964-05-01,1964,5,Zinc,Metals,($/mt),343.0,14.72,26.57,64.11,,2.95
1964-06-01,1964,6,Zinc,Metals,($/mt),357.0,4.08,28.88,70.81,,-0.05
1964-07-01,1964,7,Zinc,Metals,($/mt),385.0,7.84,28.76,87.8,,0.65
1964-08-01,1964,8,Zinc,Metals,($/mt),345.0,-10.39,0.58,64.29,,-3.54
1964-09-01,1964,9,Zinc,Metals,($/mt),355.0,2.9,-0.56,68.25,,-0.24
1964-10-01,1964,10,Zinc,Metals,($/mt),334.0,-5.92,-13.25,51.13,,-1.67
1964-11-01,1964,11,Zinc,Metals,($/mt),345.0,3.29,0.0,48.71,,-0.06
1964-12-01,1964,12,Zinc,Metals,($/mt),343.0,-0.58,-3.38,31.42,,-0.6
1965-01-01,1965,1,Zinc,Metals,($/mt),322.0,-6.12,-3.59,21.97,23.37,-1.33
1965-02-01,1965,2,Zinc,Metals,($/mt),320.0,-0.62,-7.25,18.08,30.61,-0.36
1965-03-01,1965,3,Zinc,Metals,($/mt),316.0,-1.25,-7.87,14.08,26.91,-0.41
1965-04-01,1965,4,Zinc,Metals,($/mt),316.0,0.0,-1.86,5.69,23.92,-0.19
1965-05-01,1965,5,Zinc,Metals,($/mt),323.0,2.22,0.94,-5.83,27.17,0.23
1965-06-01,1965,6,Zinc,Metals,($/mt),314.0,-2.79,-0.63,-12.04,25.6,-0.47
1965-07-01,1965,7,Zinc,Metals,($/mt),310.0,-1.27,-1.9,-19.48,24.5,-0.07
1965-08-01,1965,8,Zinc,Metals,($/mt),304.0,-1.94,-5.88,-11.88,26.14,-0.06
1965-09-01,1965,9,Zinc,Metals,($/mt),300.0,-1.32,-4.46,-15.49,25.0,-0.1
1965-10-01,1965,10,Zinc,Metals,($/mt),308.0,2.67,-0.65,-7.78,27.27,1.46
1965-11-01,1965,11,Zinc,Metals,($/mt),299.0,-2.92,-1.64,-13.33,24.07,-0.89
1965-12-01,1965,12,Zinc,Metals,($/mt),303.0,1.34,1.0,-11.66,32.89,1.08
1966-01-01,1966,1,Zinc,Metals,($/mt),303.0,0.0,-1.62,-5.9,38.99,0.41
1966-02-01,1966,2,Zinc,Metals,($/mt),300.0,-0.99,0.33,-6.25,31.58,-0.28
1966-03-01,1966,3,Zinc,Metals,($/mt),301.0,0.33,-0.66,-4.75,29.18,0.47
1966-04-01,1966,4,Zinc,Metals,($/mt),279.0,-7.31,-7.92,-11.71,20.78,-3.8
1966-05-01,1966,5,Zinc,Metals,($/mt),270.0,-3.23,-10.0,-16.41,18.94,-0.83
1966-06-01,1966,6,Zinc,Metals,($/mt),272.0,0.74,-9.63,-13.38,24.77,0.86
1966-07-01,1966,7,Zinc,Metals,($/mt),265.0,-2.57,-5.02,-14.52,23.26,-0.55
1966-08-01,1966,8,Zinc,Metals,($/mt),265.0,0.0,-1.85,-12.83,25.59,0.48
1966-09-01,1966,9,Zinc,Metals,($/mt),271.0,2.26,-0.37,-9.67,32.84,1.28
1966-10-01,1966,10,Zinc,Metals,($/mt),276.0,1.85,4.15,-10.39,39.39,0.94
1966-11-01,1966,11,Zinc,Metals,($/mt),288.0,4.35,8.68,-3.68,50.0,1.92
1966-12-01,1966,12,Zinc,Metals,($/mt),286.0,-0.69,5.54,-5.61,45.18,-0.14
1967-01-01,1967,1,Zinc,Metals,($/mt),280.0,-2.1,1.45,-7.59,44.33,-0.56
1967-02-01,1967,2,Zinc,Metals,($/mt),282.0,0.71,-2.08,-6.0,48.42,0.44
1967-03-01,1967,3,Zinc,Metals,($/mt),279.0,-1.06,-2.45,-7.31,46.07,-0.2
1967-04-01,1967,4,Zinc,Metals,($/mt),272.0,-2.51,-2.86,-2.51,42.41,-0.63
1967-05-01,1967,5,Zinc,Metals,($/mt),275.0,1.1,-2.48,1.85,45.5,0.56
1967-06-01,1967,6,Zinc,Metals,($/mt),274.0,-0.36,-1.79,0.74,48.11,-0.26
1967-07-01,1967,7,Zinc,Metals,($/mt),267.0,-2.55,-1.84,0.75,46.7,-1.26
1967-08-01,1967,8,Zinc,Metals,($/mt),269.0,0.75,-2.18,1.51,51.12,0.32
1967-09-01,1967,9,Zinc,Metals,($/mt),265.0,-1.49,-3.28,-2.21,49.72,-0.78
1967-10-01,1967,10,Zinc,Metals,($/mt),264.0,-0.38,-1.12,-4.35,45.05,-0.1
1967-11-01,1967,11,Zinc,Metals,($/mt),287.0,8.71,6.69,-0.35,51.85,4.69
1967-12-01,1967,12,Zinc,Metals,($/mt),266.0,-7.32,0.38,-6.99,43.78,-2.44
1968-01-01,1968,1,Zinc,Metals,($/mt),263.0,-1.13,-0.38,-6.07,41.4,-0.16
1968-02-01,1968,2,Zinc,Metals,($/mt),260.0,-1.14,-9.41,-7.8,35.42,-0.19
1968-03-01,1968,3,Zinc,Metals,($/mt),258.0,-0.77,-3.01,-7.53,30.3,-0.04
1968-04-01,1968,4,Zinc,Metals,($/mt),258.0,0.0,-1.9,-5.15,26.47,0.16
1968-05-01,1968,5,Zinc,Metals,($/mt),262.0,1.55,0.77,-4.73,25.36,0.54
1968-06-01,1968,6,Zinc,Metals,($/mt),262.0,0.0,1.55,-4.38,25.36,0.1
1968-07-01,1968,7,Zinc,Metals,($/mt),266.0,1.53,3.1,-0.37,29.76,0.51
1968-08-01,1968,8,Zinc,Metals,($/mt),269.0,1.13,2.67,0.0,28.1,0.31
1968-09-01,1968,9,Zinc,Metals,($/mt),263.0,-2.23,0.38,-0.75,24.64,-0.64
1968-10-01,1968,10,Zinc,Metals,($/mt),262.0,-0.38,-1.5,-0.76,18.55,-0.1
1968-11-01,1968,11,Zinc,Metals,($/mt),264.0,0.76,-1.86,-8.01,13.79,0.21
1968-12-01,1968,12,Zinc,Metals,($/mt),269.0,1.89,2.28,1.13,3.07,1.07
1969-01-01,1969,1,Zinc,Metals,($/mt),269.0,0.0,2.67,2.28,1.89,-0.08
1969-02-01,1969,2,Zinc,Metals,($/mt),267.0,-0.74,1.14,2.69,-1.48,-0.76
1969-03-01,1969,3,Zinc,Metals,($/mt),272.0,1.87,1.12,5.43,-1.81,1.37
1969-04-01,1969,4,Zinc,Metals,($/mt),273.0,0.37,1.49,5.81,-8.7,-0.07
1969-05-01,1969,5,Zinc,Metals,($/mt),279.0,2.2,4.49,6.49,-18.66,1.39
1969-06-01,1969,6,Zinc,Metals,($/mt),281.0,0.72,3.31,7.25,-21.29,0.14
1969-07-01,1969,7,Zinc,Metals,($/mt),284.0,1.07,4.03,6.77,-26.23,0.37
1969-08-01,1969,8,Zinc,Metals,($/mt),294.0,3.52,5.38,9.29,-14.78,2.35
1969-09-01,1969,9,Zinc,Metals,($/mt),299.0,1.7,6.41,13.69,-15.77,0.62
1969-10-01,1969,10,Zinc,Metals,($/mt),299.0,0.0,5.28,14.12,-10.48,-0.89
1969-11-01,1969,11,Zinc,Metals,($/mt),310.0,3.68,5.44,17.42,-10.14,2.18
1969-12-01,1969,12,Zinc,Metals,($/mt),310.0,0.0,3.68,15.24,-9.62,-0.98
1970-01-01,1970,1,Zinc,Metals,($/mt),302.0,-2.58,1.0,12.27,-6.21,-2.66
1970-02-01,1970,2,Zinc,Metals,($/mt),298.0,-1.32,-3.87,11.61,-6.87,-1.3
1970-03-01,1970,3,Zinc,Metals,($/mt),296.0,-0.67,-4.52,8.82,-6.33,-0.88
1970-04-01,1970,4,Zinc,Metals,($/mt),293.0,-1.01,-2.98,7.33,-7.28,-0.93
1970-05-01,1970,5,Zinc,Metals,($/mt),292.0,-0.34,-2.01,4.66,-9.6,-0.49
1970-06-01,1970,6,Zinc,Metals,($/mt),293.0,0.34,-1.01,4.27,-6.69,-0.03
1970-07-01,1970,7,Zinc,Metals,($/mt),298.0,1.71,1.71,4.93,-3.87,0.72
1970-08-01,1970,8,Zinc,Metals,($/mt),298.0,0.0,2.05,1.36,-1.97,-0.22
1970-09-01,1970,9,Zinc,Metals,($/mt),300.0,0.67,2.39,0.33,0.0,0.33
1970-10-01,1970,10,Zinc,Metals,($/mt),297.0,-1.0,-0.34,-0.67,-3.57,-0.66
1970-11-01,1970,11,Zinc,Metals,($/mt),293.0,-1.35,-1.68,-5.48,-2.01,-0.82
1970-12-01,1970,12,Zinc,Metals,($/mt),289.0,-1.37,-3.67,-6.77,-4.62,-0.81
1971-01-01,1971,1,Zinc,Metals,($/mt),285.0,-1.38,-4.04,-5.63,-5.94,-0.71
1971-02-01,1971,2,Zinc,Metals,($/mt),272.0,-4.56,-7.17,-8.72,-9.33,-4.14
1971-03-01,1971,3,Zinc,Metals,($/mt),284.0,4.41,-1.73,-4.05,-5.65,3.37
1971-04-01,1971,4,Zinc,Metals,($/mt),284.0,0.0,-0.35,-3.07,1.79,0.15
1971-05-01,1971,5,Zinc,Metals,($/mt),288.0,1.41,5.88,-1.37,6.67,0.77
1971-06-01,1971,6,Zinc,Metals,($/mt),309.0,7.29,8.8,5.46,13.6,3.39
1971-07-01,1971,7,Zinc,Metals,($/mt),318.0,2.91,11.97,6.71,20.0,0.79
1971-08-01,1971,8,Zinc,Metals,($/mt),323.0,1.57,12.15,8.39,21.89,0.32
1971-09-01,1971,9,Zinc,Metals,($/mt),311.0,-3.72,0.65,3.67,14.76,-1.42
1971-10-01,1971,10,Zinc,Metals,($/mt),337.0,8.36,5.97,13.47,22.1,2.37
1971-11-01,1971,11,Zinc,Metals,($/mt),344.0,2.08,6.5,17.41,19.44,0.23
1971-12-01,1971,12,Zinc,Metals,($/mt),359.0,4.36,15.43,24.22,25.52,0.74
1972-01-01,1972,1,Zinc,Metals,($/mt),380.0,5.85,12.76,33.33,35.71,1.0
1972-02-01,1972,2,Zinc,Metals,($/mt),390.0,2.63,13.37,43.38,38.3,0.03
1972-03-01,1972,3,Zinc,Metals,($/mt),397.0,1.79,10.58,39.79,42.29,-0.4
1972-04-01,1972,4,Zinc,Metals,($/mt),395.0,-0.5,3.95,39.08,45.22,-1.03
1972-05-01,1972,5,Zinc,Metals,($/mt),386.0,-2.28,-1.03,34.03,40.36,-1.54
1972-06-01,1972,6,Zinc,Metals,($/mt),371.0,-3.89,-6.55,20.06,35.4,-1.77
1972-07-01,1972,7,Zinc,Metals,($/mt),364.0,-1.89,-7.85,14.47,36.33,-0.94
1972-08-01,1972,8,Zinc,Metals,($/mt),364.0,0.0,-5.7,12.69,35.32,-0.31
1972-09-01,1972,9,Zinc,Metals,($/mt),368.0,1.1,-0.81,18.33,38.87,0.01
1972-10-01,1972,10,Zinc,Metals,($/mt),364.0,-1.09,0.0,8.01,37.88,-0.72
1972-11-01,1972,11,Zinc,Metals,($/mt),379.0,4.12,4.12,10.17,32.06,1.21
1972-12-01,1972,12,Zinc,Metals,($/mt),375.0,-1.06,1.9,4.46,40.98,-0.64
1973-01-01,1973,1,Zinc,Metals,($/mt),387.0,3.2,6.32,1.84,47.15,1.0
1973-02-01,1973,2,Zinc,Metals,($/mt),422.0,9.04,11.35,8.21,62.31,3.66
1973-03-01,1973,3,Zinc,Metals,($/mt),474.0,12.32,26.4,19.4,83.72,3.33
1973-04-01,1973,4,Zinc,Metals,($/mt),513.0,8.23,32.56,29.87,98.84,1.37
1973-05-01,1973,5,Zinc,Metals,($/mt),549.0,7.02,30.09,42.23,109.54,0.91
1973-06-01,1973,6,Zinc,Metals,($/mt),656.0,19.49,38.4,76.82,150.38,3.22
1973-07-01,1973,7,Zinc,Metals,($/mt),842.0,28.35,64.13,131.32,216.54,3.61
1973-08-01,1973,8,Zinc,Metals,($/mt),914.0,8.55,66.48,151.1,239.78,0.11
1973-09-01,1973,9,Zinc,Metals,($/mt),976.0,6.78,48.78,165.22,271.1,-0.17
1973-10-01,1973,10,Zinc,Metals,($/mt),1163.0,19.16,38.12,219.51,343.89,1.25
1973-11-01,1973,11,Zinc,Metals,($/mt),1625.0,39.72,77.79,328.76,515.53,3.57
1973-12-01,1973,12,Zinc,Metals,($/mt),1623.0,-0.12,66.29,332.8,503.35,-1.18
1974-01-01,1974,1,Zinc,Metals,($/mt),1330.0,-18.05,14.36,243.67,394.42,-2.77
1974-02-01,1974,2,Zinc,Metals,($/mt),1516.0,13.98,-6.71,259.24,467.79,0.16
1974-03-01,1974,3,Zinc,Metals,($/mt),1630.0,7.52,0.43,243.88,499.26,-0.32
1974-04-01,1974,4,Zinc,Metals,($/mt),1743.0,6.93,31.05,239.77,538.46,-0.33
1974-05-01,1974,5,Zinc,Metals,($/mt),1782.0,2.24,17.55,224.59,538.71,-0.65
1974-06-01,1974,6,Zinc,Metals,($/mt),1410.0,-20.88,-13.5,114.94,401.78,-2.19
1974-07-01,1974,7,Zinc,Metals,($/mt),1097.0,-22.2,-37.06,30.29,286.27,-1.76
1974-08-01,1974,8,Zinc,Metals,($/mt),1066.0,-2.83,-40.18,16.63,262.59,-0.36
1974-09-01,1974,9,Zinc,Metals,($/mt),911.0,-14.54,-35.39,-6.66,204.68,-0.97
1974-10-01,1974,10,Zinc,Metals,($/mt),825.0,-9.44,-24.79,-29.06,175.92,-0.56
1974-11-01,1974,11,Zinc,Metals,($/mt),794.0,-3.76,-25.52,-51.14,156.13,-0.13
1974-12-01,1974,12,Zinc,Metals,($/mt),771.0,-2.9,-15.37,-52.5,148.71,0.18
1975-01-01,1975,1,Zinc,Metals,($/mt),799.0,3.63,-3.15,-39.92,164.57,0.75
1975-02-01,1975,2,Zinc,Metals,($/mt),794.0,-0.63,0.0,-47.63,166.44,0.25
1975-03-01,1975,3,Zinc,Metals,($/mt),803.0,1.13,4.15,-50.74,171.28,0.58
1975-04-01,1975,4,Zinc,Metals,($/mt),783.0,-2.49,-2.0,-55.08,167.24,0.29
1975-05-01,1975,5,Zinc,Metals,($/mt),747.0,-4.6,-5.92,-58.08,155.82,0.17
1975-06-01,1975,6,Zinc,Metals,($/mt),751.0,0.54,-6.48,-46.74,156.31,0.85
1975-07-01,1975,7,Zinc,Metals,($/mt),707.0,-5.86,-9.71,-35.55,137.25,-0.14
1975-08-01,1975,8,Zinc,Metals,($/mt),737.0,4.24,-1.34,-30.86,147.32,1.58
1975-09-01,1975,9,Zinc,Metals,($/mt),724.0,-1.76,-3.6,-20.53,141.33,0.21
1975-10-01,1975,10,Zinc,Metals,($/mt),706.0,-2.49,-0.14,-14.42,137.71,-0.17
1975-11-01,1975,11,Zinc,Metals,($/mt),705.0,-0.14,-4.34,-11.21,140.61,0.35
1975-12-01,1975,12,Zinc,Metals,($/mt),686.0,-2.7,-5.25,-11.02,137.37,-0.58
1976-01-01,1976,1,Zinc,Metals,($/mt),692.0,0.87,-1.98,-13.39,142.81,0.59
1976-02-01,1976,2,Zinc,Metals,($/mt),690.0,-0.29,-2.13,-13.1,153.68,0.32
1976-03-01,1976,3,Zinc,Metals,($/mt),728.0,5.51,6.12,-9.34,156.34,2.41
1976-04-01,1976,4,Zinc,Metals,($/mt),789.0,8.38,14.02,0.77,177.82,2.76
1976-05-01,1976,5,Zinc,Metals,($/mt),774.0,-1.9,12.17,3.61,168.75,-0.49
1976-06-01,1976,6,Zinc,Metals,($/mt),750.0,-3.1,3.02,-0.13,142.72,-0.88
1976-07-01,1976,7,Zinc,Metals,($/mt),776.0,3.47,-1.65,9.76,144.03,0.83
1976-08-01,1976,8,Zinc,Metals,($/mt),741.0,-4.51,-4.26,0.54,129.41,-1.44
1976-09-01,1976,9,Zinc,Metals,($/mt),712.0,-3.91,-5.07,-1.66,128.94,-1.04
1976-10-01,1976,10,Zinc,Metals,($/mt),639.0,-10.25,-17.65,-9.49,89.61,-2.55
1976-11-01,1976,11,Zinc,Metals,($/mt),604.0,-5.48,-18.49,-14.33,75.58,-0.96
1976-12-01,1976,12,Zinc,Metals,($/mt),642.0,6.29,-9.83,-6.41,78.83,1.45
1977-01-01,1977,1,Zinc,Metals,($/mt),692.0,7.79,8.29,0.0,82.11,1.49
1977-02-01,1977,2,Zinc,Metals,($/mt),703.0,1.59,16.39,1.88,80.26,0.24
1977-03-01,1977,3,Zinc,Metals,($/mt),719.0,2.28,11.99,-1.24,81.11,0.32
1977-04-01,1977,4,Zinc,Metals,($/mt),655.0,-8.9,-5.35,-16.98,65.82,-1.54
1977-05-01,1977,5,Zinc,Metals,($/mt),611.0,-6.72,-13.09,-21.06,58.29,-0.93
1977-06-01,1977,6,Zinc,Metals,($/mt),542.0,-11.29,-24.62,-27.73,46.09,-1.6
1977-07-01,1977,7,Zinc,Metals,($/mt),542.0,0.0,-17.25,-30.15,48.9,0.38
1977-08-01,1977,8,Zinc,Metals,($/mt),520.0,-4.06,-14.89,-29.82,42.86,-0.21
1977-09-01,1977,9,Zinc,Metals,($/mt),518.0,-0.38,-4.43,-27.25,40.76,0.37
1977-10-01,1977,10,Zinc,Metals,($/mt),511.0,-1.35,-5.72,-20.03,40.38,0.17
1977-11-01,1977,11,Zinc,Metals,($/mt),525.0,2.74,0.96,-13.08,38.52,0.76
1977-12-01,1977,12,Zinc,Metals,($/mt),538.0,2.48,3.86,-16.2,43.47,0.6
1978-01-01,1978,1,Zinc,Metals,($/mt),518.0,-3.72,1.37,-25.14,33.85,-0.44
1978-02-01,1978,2,Zinc,Metals,($/mt),478.0,-7.72,-8.95,-32.01,13.27,-1.16
1978-03-01,1978,3,Zinc,Metals,($/mt),507.0,6.07,-5.76,-29.49,6.96,1.91
1978-04-01,1978,4,Zinc,Metals,($/mt),553.0,9.07,6.76,-15.57,7.8,2.25
1978-05-01,1978,5,Zinc,Metals,($/mt),562.0,1.63,17.57,-8.02,2.37,0.49
1978-06-01,1978,6,Zinc,Metals,($/mt),578.0,2.85,14.0,6.64,-11.89,0.6
1978-07-01,1978,7,Zinc,Metals,($/mt),584.0,1.04,5.61,7.75,-30.64,0.09
1978-08-01,1978,8,Zinc,Metals,($/mt),618.0,5.82,9.96,18.85,-32.39,1.12
1978-09-01,1978,9,Zinc,Metals,($/mt),634.0,2.59,9.69,22.39,-35.04,0.23
1978-10-01,1978,10,Zinc,Metals,($/mt),713.0,12.46,22.09,39.53,-38.69,2.38
1978-11-01,1978,11,Zinc,Metals,($/mt),695.0,-2.52,12.46,32.38,-57.23,-1.03
1978-12-01,1978,12,Zinc,Metals,($/mt),687.0,-1.15,8.36,27.7,-57.67,-0.66
1979-01-01,1979,1,Zinc,Metals,($/mt),720.0,4.8,0.98,39.0,-45.86,0.46
1979-02-01,1979,2,Zinc,Metals,($/mt),793.0,10.14,14.1,65.9,-47.69,1.35
1979-03-01,1979,3,Zinc,Metals,($/mt),795.0,0.25,15.72,56.8,-51.23,-0.91
1979-04-01,1979,4,Zinc,Metals,($/mt),789.0,-0.75,9.58,42.68,-54.73,-1.0
1979-05-01,1979,5,Zinc,Metals,($/mt),778.0,-1.39,-1.89,38.43,-56.34,-0.99
1979-06-01,1979,6,Zinc,Metals,($/mt),754.0,-3.08,-5.16,30.45,-46.52,-1.26
1979-07-01,1979,7,Zinc,Metals,($/mt),722.0,-4.24,-8.49,23.63,-34.18,-1.32
1979-08-01,1979,8,Zinc,Metals,($/mt),665.0,-7.89,-14.52,7.61,-37.62,-1.83
1979-09-01,1979,9,Zinc,Metals,($/mt),724.0,8.87,-3.98,14.2,-20.53,1.38
1979-10-01,1979,10,Zinc,Metals,($/mt),707.0,-2.35,-2.08,-0.84,-14.3,-0.58
1979-11-01,1979,11,Zinc,Metals,($/mt),702.0,-0.71,5.56,1.01,-11.59,-0.14
1979-12-01,1979,12,Zinc,Metals,($/mt),751.0,6.98,3.73,9.32,-2.59,1.29
1980-01-01,1980,1,Zinc,Metals,($/mt),774.0,3.06,9.48,7.5,-3.13,0.39
1980-02-01,1980,2,Zinc,Metals,($/mt),870.0,12.4,23.93,9.71,9.57,2.12
1980-03-01,1980,3,Zinc,Metals,($/mt),743.0,-14.6,-1.07,-6.54,-7.47,-2.65
1980-04-01,1980,4,Zinc,Metals,($/mt),708.0,-4.71,-8.53,-10.27,-9.58,-0.6
1980-05-01,1980,5,Zinc,Metals,($/mt),692.0,-2.26,-20.46,-11.05,-7.36,-0.22
1980-06-01,1980,6,Zinc,Metals,($/mt),678.0,-2.02,-8.75,-10.08,-9.72,-0.17
1980-07-01,1980,7,Zinc,Metals,($/mt),714.0,5.31,0.85,-1.11,0.99,0.79
1980-08-01,1980,8,Zinc,Metals,($/mt),769.0,7.7,11.13,15.64,4.34,0.99
1980-09-01,1980,9,Zinc,Metals,($/mt),796.0,3.51,17.4,9.94,9.94,0.28
1980-10-01,1980,10,Zinc,Metals,($/mt),805.0,1.13,12.75,13.86,14.02,0.01
1980-11-01,1980,11,Zinc,Metals,($/mt),802.0,-0.37,4.29,14.25,13.76,-0.24
1980-12-01,1980,12,Zinc,Metals,($/mt),784.0,-2.24,-1.51,4.39,14.29,-0.51
1981-01-01,1981,1,Zinc,Metals,($/mt),777.0,-0.89,-3.48,0.39,12.28,-0.22
1981-02-01,1981,2,Zinc,Metals,($/mt),731.0,-5.92,-8.85,-15.98,5.94,-0.91
1981-03-01,1981,3,Zinc,Metals,($/mt),751.0,2.74,-4.21,1.08,3.16,0.7
1981-04-01,1981,4,Zinc,Metals,($/mt),824.0,9.72,6.05,16.38,4.44,2.36
1981-05-01,1981,5,Zinc,Metals,($/mt),851.0,3.28,16.42,22.98,9.95,0.42
1981-06-01,1981,6,Zinc,Metals,($/mt),840.0,-1.29,11.85,23.89,12.0,-0.7
1981-07-01,1981,7,Zinc,Metals,($/mt),865.0,2.98,4.98,21.15,11.47,0.25
1981-08-01,1981,8,Zinc,Metals,($/mt),955.0,10.4,12.22,24.19,28.88,2.03
1981-09-01,1981,9,Zinc,Metals,($/mt),939.0,-1.68,11.79,17.96,31.88,-0.77
1981-10-01,1981,10,Zinc,Metals,($/mt),892.0,-5.01,3.12,10.81,39.59,-1.36
1981-11-01,1981,11,Zinc,Metals,($/mt),877.0,-1.68,-8.17,9.35,45.2,-0.52
1981-12-01,1981,12,Zinc,Metals,($/mt),846.0,-3.53,-9.9,7.91,31.78,-0.85
1982-01-01,1982,1,Zinc,Metals,($/mt),819.0,-3.19,-8.18,5.41,18.35,-0.75
1982-02-01,1982,2,Zinc,Metals,($/mt),823.0,0.49,-6.16,12.59,17.07,-0.01
1982-03-01,1982,3,Zinc,Metals,($/mt),790.0,-4.01,-6.62,5.19,9.87,-1.03
1982-04-01,1982,4,Zinc,Metals,($/mt),743.0,-5.95,-9.28,-9.83,13.44,-1.26
1982-05-01,1982,5,Zinc,Metals,($/mt),750.0,0.94,-8.87,-11.87,22.75,0.38
1982-06-01,1982,6,Zinc,Metals,($/mt),692.0,-7.73,-12.41,-17.62,27.68,-1.54
1982-07-01,1982,7,Zinc,Metals,($/mt),727.0,5.06,-2.15,-15.95,34.13,1.36
1982-08-01,1982,8,Zinc,Metals,($/mt),716.0,-1.51,-4.53,-25.03,37.69,-0.04
1982-09-01,1982,9,Zinc,Metals,($/mt),750.0,4.75,8.38,-20.13,44.79,2.06
1982-10-01,1982,10,Zinc,Metals,($/mt),751.0,0.13,3.3,-15.81,46.97,0.48
1982-11-01,1982,11,Zinc,Metals,($/mt),710.0,-5.46,-0.84,-19.04,35.24,-1.06
1982-12-01,1982,12,Zinc,Metals,($/mt),669.0,-5.77,-10.8,-20.92,24.35,-1.01
1983-01-01,1983,1,Zinc,Metals,($/mt),699.0,4.48,-6.92,-14.65,34.94,1.51
1983-02-01,1983,2,Zinc,Metals,($/mt),681.0,-2.58,-4.08,-17.25,42.47,-0.3
1983-03-01,1983,3,Zinc,Metals,($/mt),678.0,-0.44,1.35,-14.18,33.73,0.23
1983-04-01,1983,4,Zinc,Metals,($/mt),698.0,2.95,-0.14,-6.06,26.22,0.92
1983-05-01,1983,5,Zinc,Metals,($/mt),736.0,5.44,8.08,-1.87,30.96,1.35
1983-06-01,1983,6,Zinc,Metals,($/mt),718.0,-2.45,5.9,3.76,24.22,-0.51
1983-07-01,1983,7,Zinc,Metals,($/mt),740.0,3.06,6.02,1.79,26.71,0.66
1983-08-01,1983,8,Zinc,Metals,($/mt),809.0,9.32,9.92,12.99,30.91,2.33
1983-09-01,1983,9,Zinc,Metals,($/mt),838.0,3.58,16.71,11.73,32.18,0.53
1983-10-01,1983,10,Zinc,Metals,($/mt),859.0,2.51,16.08,14.38,20.48,0.32
1983-11-01,1983,11,Zinc,Metals,($/mt),859.0,0.0,6.18,20.99,23.6,-0.27
1983-12-01,1983,12,Zinc,Metals,($/mt),857.0,-0.23,2.27,28.1,24.75,-0.46
1984-01-01,1984,1,Zinc,Metals,($/mt),958.0,11.79,11.53,37.05,33.06,2.79
1984-02-01,1984,2,Zinc,Metals,($/mt),998.0,4.18,16.18,46.55,25.85,0.32
1984-03-01,1984,3,Zinc,Metals,($/mt),1041.0,4.31,21.47,53.54,30.94,0.24
1984-04-01,1984,4,Zinc,Metals,($/mt),1004.0,-3.55,4.8,43.84,27.25,-1.85
1984-05-01,1984,5,Zinc,Metals,($/mt),1001.0,-0.3,0.3,36.01,28.66,-0.78
1984-06-01,1984,6,Zinc,Metals,($/mt),942.0,-5.89,-9.51,31.2,24.93,-1.91
1984-07-01,1984,7,Zinc,Metals,($/mt),854.0,-9.34,-14.94,15.41,18.28,-2.37
1984-08-01,1984,8,Zinc,Metals,($/mt),834.0,-2.34,-16.68,3.09,25.41,-0.62
1984-09-01,1984,9,Zinc,Metals,($/mt),873.0,4.68,-7.32,4.18,20.58,0.78
1984-10-01,1984,10,Zinc,Metals,($/mt),844.0,-3.32,-1.17,-1.75,19.38,-0.68
1984-11-01,1984,11,Zinc,Metals,($/mt),855.0,1.3,2.52,-0.47,21.79,0.23
1984-12-01,1984,12,Zinc,Metals,($/mt),860.0,0.58,-1.49,0.35,14.51,0.09
1985-01-01,1985,1,Zinc,Metals,($/mt),867.0,0.81,2.73,-9.5,12.02,0.11
1985-02-01,1985,2,Zinc,Metals,($/mt),887.0,2.31,3.74,-11.12,1.95,0.71
1985-03-01,1985,3,Zinc,Metals,($/mt),921.0,3.83,7.09,-11.53,23.96,1.14
1985-04-01,1985,4,Zinc,Metals,($/mt),931.0,1.09,7.38,-7.27,31.5,0.49
1985-05-01,1985,5,Zinc,Metals,($/mt),881.0,-5.37,-0.68,-11.99,27.31,-1.19
1985-06-01,1985,6,Zinc,Metals,($/mt),808.0,-8.29,-12.27,-14.23,19.17,-1.71
1985-07-01,1985,7,Zinc,Metals,($/mt),767.0,-5.07,-17.62,-10.19,7.42,-0.85
1985-08-01,1985,8,Zinc,Metals,($/mt),735.0,-4.17,-16.57,-11.87,-4.42,-0.84
1985-09-01,1985,9,Zinc,Metals,($/mt),690.0,-6.12,-14.6,-20.96,-13.32,-1.25
1985-10-01,1985,10,Zinc,Metals,($/mt),632.0,-8.41,-17.6,-25.12,-21.49,-1.66
1985-11-01,1985,11,Zinc,Metals,($/mt),598.0,-5.38,-18.64,-30.06,-25.44,-0.71
1985-12-01,1985,12,Zinc,Metals,($/mt),685.0,14.55,-0.72,-20.35,-12.63,4.05
1986-01-01,1986,1,Zinc,Metals,($/mt),644.0,-5.99,1.9,-25.72,-17.12,-0.65
1986-02-01,1986,2,Zinc,Metals,($/mt),609.0,-5.43,1.84,-31.34,-16.69,-0.48
1986-03-01,1986,3,Zinc,Metals,($/mt),626.0,2.79,-8.61,-32.03,-16.64,0.87
1986-04-01,1986,4,Zinc,Metals,($/mt),660.0,5.43,2.48,-29.11,-19.9,1.31
1986-05-01,1986,5,Zinc,Metals,($/mt),707.0,7.12,16.09,-19.75,-16.92,1.43
1986-06-01,1986,6,Zinc,Metals,($/mt),804.0,13.72,28.43,-0.5,-4.29,2.1
1986-07-01,1986,7,Zinc,Metals,($/mt),807.0,0.37,22.27,5.22,-6.71,0.01
1986-08-01,1986,8,Zinc,Metals,($/mt),816.0,1.12,15.42,11.02,-14.55,0.05
1986-09-01,1986,9,Zinc,Metals,($/mt),871.0,6.74,8.33,26.23,-7.24,0.71
1986-10-01,1986,10,Zinc,Metals,($/mt),886.0,1.72,9.79,40.19,-0.67,-0.07
1986-11-01,1986,11,Zinc,Metals,($/mt),820.0,-7.45,0.49,37.12,-6.5,-1.53
1986-12-01,1986,12,Zinc,Metals,($/mt),798.0,-2.68,-8.38,16.5,-5.67,-0.78
1987-01-01,1987,1,Zinc,Metals,($/mt),760.0,-4.76,-14.22,18.01,-7.2,-1.0
1987-02-01,1987,2,Zinc,Metals,($/mt),740.0,-2.63,-9.76,21.51,-10.09,-0.68
1987-03-01,1987,3,Zinc,Metals,($/mt),732.0,-1.08,-8.27,16.93,-7.34,-0.49
1987-04-01,1987,4,Zinc,Metals,($/mt),762.0,4.1,0.26,15.45,2.56,0.44
1987-05-01,1987,5,Zinc,Metals,($/mt),839.0,10.1,13.38,18.67,11.87,1.49
1987-06-01,1987,6,Zinc,Metals,($/mt),878.0,4.65,19.95,9.2,26.88,0.49
1987-07-01,1987,7,Zinc,Metals,($/mt),830.0,-5.47,8.92,2.85,14.17,-1.26
1987-08-01,1987,8,Zinc,Metals,($/mt),804.0,-3.13,-4.17,-1.47,12.29,-0.66
1987-09-01,1987,9,Zinc,Metals,($/mt),757.0,-5.85,-13.78,-13.09,0.93,-1.08
1987-10-01,1987,10,Zinc,Metals,($/mt),770.0,1.72,-7.23,-13.09,2.53,0.53
1987-11-01,1987,11,Zinc,Metals,($/mt),848.0,10.13,5.47,3.41,19.44,2.15
1987-12-01,1987,12,Zinc,Metals,($/mt),866.0,2.12,14.4,8.52,29.45,0.3
1988-01-01,1988,1,Zinc,Metals,($/mt),879.0,1.5,14.16,15.66,25.75,0.12
1988-02-01,1988,2,Zinc,Metals,($/mt),876.0,-0.34,3.3,18.38,28.63,-0.32
1988-03-01,1988,3,Zinc,Metals,($/mt),982.0,12.1,13.39,34.15,44.84,2.02
1988-04-01,1988,4,Zinc,Metals,($/mt),1069.0,8.86,21.62,40.29,53.15,1.05
1988-05-01,1988,5,Zinc,Metals,($/mt),1177.0,10.1,34.36,40.29,59.92,1.14
1988-06-01,1988,6,Zinc,Metals,($/mt),1365.0,15.97,39.0,55.47,90.11,2.08
1988-07-01,1988,7,Zinc,Metals,($/mt),1237.0,-9.38,15.72,49.04,67.16,-1.84
1988-08-01,1988,8,Zinc,Metals,($/mt),1309.0,5.82,11.21,62.81,61.8,0.28
1988-09-01,1988,9,Zinc,Metals,($/mt),1330.0,1.6,-2.56,75.69,58.71,-0.37
1988-10-01,1988,10,Zinc,Metals,($/mt),1520.0,14.29,22.88,97.4,76.95,1.35
1988-11-01,1988,11,Zinc,Metals,($/mt),1559.0,2.57,19.1,83.84,81.49,-0.48
1988-12-01,1988,12,Zinc,Metals,($/mt),1594.0,2.25,19.85,84.06,86.0,-0.44
1989-01-01,1989,1,Zinc,Metals,($/mt),1734.0,8.78,14.08,97.27,81.0,0.46
1989-02-01,1989,2,Zinc,Metals,($/mt),1932.0,11.42,23.93,120.55,93.59,0.75
1989-03-01,1989,3,Zinc,Metals,($/mt),1962.0,1.55,23.09,99.8,88.47,-0.78
1989-04-01,1989,4,Zinc,Metals,($/mt),1656.0,-15.6,-4.5,54.91,64.94,-3.13
1989-05-01,1989,5,Zinc,Metals,($/mt),1628.0,-1.69,-15.73,38.32,62.64,-0.63
1989-06-01,1989,6,Zinc,Metals,($/mt),1539.0,-5.47,-21.56,12.75,63.38,-0.93
1989-07-01,1989,7,Zinc,Metals,($/mt),1617.0,5.07,-2.36,30.72,89.34,0.44
1989-08-01,1989,8,Zinc,Metals,($/mt),1730.0,6.99,6.27,32.16,107.43,0.56
1989-09-01,1989,9,Zinc,Metals,($/mt),1629.0,-5.84,5.85,22.48,86.6,-1.07
1989-10-01,1989,10,Zinc,Metals,($/mt),1585.0,-2.7,-1.98,4.28,87.8,-0.57
1989-11-01,1989,11,Zinc,Metals,($/mt),1438.0,-9.27,-16.88,-7.76,68.19,-1.33
1989-12-01,1989,12,Zinc,Metals,($/mt),1455.0,1.18,-10.68,-8.72,69.19,0.2
1990-01-01,1990,1,Zinc,Metals,($/mt),1297.0,-10.86,-18.17,-25.2,49.6,-1.32
1990-02-01,1990,2,Zinc,Metals,($/mt),1397.0,7.71,-2.85,-27.69,57.5,1.25
1990-03-01,1990,3,Zinc,Metals,($/mt),1607.0,15.03,10.45,-18.09,74.48,2.38
1990-04-01,1990,4,Zinc,Metals,($/mt),1686.0,4.92,29.99,1.81,81.1,0.7
1990-05-01,1990,5,Zinc,Metals,($/mt),1775.0,5.28,27.06,9.03,101.48,0.63
1990-06-01,1990,6,Zinc,Metals,($/mt),1715.0,-3.38,6.72,11.44,112.25,-0.56
1990-07-01,1990,7,Zinc,Metals,($/mt),1637.0,-4.55,-2.91,1.24,113.43,-0.74
1990-08-01,1990,8,Zinc,Metals,($/mt),1615.0,-1.34,-9.01,-6.65,119.73,-0.22
1990-09-01,1990,9,Zinc,Metals,($/mt),1538.0,-4.77,-10.32,-5.59,122.9,-0.59
1990-10-01,1990,10,Zinc,Metals,($/mt),1353.0,-12.03,-17.35,-14.64,114.08,-1.59
1990-11-01,1990,11,Zinc,Metals,($/mt),1278.0,-5.54,-20.87,-11.13,113.71,-0.56
1990-12-01,1990,12,Zinc,Metals,($/mt),1265.0,-1.02,-17.75,-13.06,84.67,-0.04
1991-01-01,1991,1,Zinc,Metals,($/mt),1206.0,-4.66,-10.86,-7.02,87.27,-0.48
1991-02-01,1991,2,Zinc,Metals,($/mt),1188.0,-1.49,-7.04,-14.96,95.07,-0.15
1991-03-01,1991,3,Zinc,Metals,($/mt),1199.0,0.93,-5.22,-25.39,91.53,0.3
1991-04-01,1991,4,Zinc,Metals,($/mt),1253.0,4.5,3.9,-25.68,89.85,1.44
1991-05-01,1991,5,Zinc,Metals,($/mt),1091.0,-12.93,-8.16,-38.54,54.31,-2.27
1991-06-01,1991,6,Zinc,Metals,($/mt),1062.0,-2.66,-11.43,-38.08,32.09,0.24
1991-07-01,1991,7,Zinc,Metals,($/mt),1063.0,0.09,-15.16,-35.06,31.72,0.79
1991-08-01,1991,8,Zinc,Metals,($/mt),1046.0,-1.6,-4.12,-35.23,28.19,0.36
1991-09-01,1991,9,Zinc,Metals,($/mt),1023.0,-2.2,-3.67,-33.49,17.45,0.24
1991-10-01,1991,10,Zinc,Metals,($/mt),992.0,-3.03,-6.68,-26.68,11.96,0.04
1991-11-01,1991,11,Zinc,Metals,($/mt),1093.0,10.18,4.49,-14.48,33.29,3.01
1991-12-01,1991,12,Zinc,Metals,($/mt),1188.0,8.69,16.13,-6.09,48.87,1.81
1992-01-01,1992,1,Zinc,Metals,($/mt),1154.0,-2.86,16.33,-4.31,51.84,-0.41
1992-02-01,1992,2,Zinc,Metals,($/mt),1131.0,-1.99,3.48,-4.8,52.84,-0.3
1992-03-01,1992,3,Zinc,Metals,($/mt),1215.0,7.43,2.27,1.33,65.98,1.27
1992-04-01,1992,4,Zinc,Metals,($/mt),1304.0,7.33,13.0,4.07,71.13,1.09
1992-05-01,1992,5,Zinc,Metals,($/mt),1373.0,5.29,21.4,25.85,63.65,0.71
1992-06-01,1992,6,Zinc,Metals,($/mt),1385.0,0.87,13.99,30.41,57.74,-0.23
1992-07-01,1992,7,Zinc,Metals,($/mt),1320.0,-4.69,1.23,24.18,59.04,-1.4
1992-08-01,1992,8,Zinc,Metals,($/mt),1360.0,3.03,-0.95,30.02,69.15,0.2
1992-09-01,1992,9,Zinc,Metals,($/mt),1367.0,0.51,-1.3,33.63,80.58,-0.34
1992-10-01,1992,10,Zinc,Metals,($/mt),1164.0,-14.85,-11.82,17.34,51.17,-3.39
1992-11-01,1992,11,Zinc,Metals,($/mt),1047.0,-10.05,-23.01,-4.21,23.47,-1.64
1992-12-01,1992,12,Zinc,Metals,($/mt),1058.0,1.05,-22.6,-10.94,22.17,0.16
1993-01-01,1993,1,Zinc,Metals,($/mt),1061.0,0.28,-8.85,-8.06,20.71,0.15
1993-02-01,1993,2,Zinc,Metals,($/mt),1072.0,1.04,2.39,-5.22,22.37,0.23
1993-03-01,1993,3,Zinc,Metals,($/mt),996.0,-7.09,-5.86,-18.02,1.43,-1.03
1993-04-01,1993,4,Zinc,Metals,($/mt),1005.0,0.9,-5.28,-22.93,-5.99,0.36
1993-05-01,1993,5,Zinc,Metals,($/mt),980.0,-2.49,-8.58,-28.62,-16.74,-0.09
1993-06-01,1993,6,Zinc,Metals,($/mt),926.0,-5.51,-7.03,-33.14,-32.16,-0.53
1993-07-01,1993,7,Zinc,Metals,($/mt),928.0,0.22,-7.66,-29.7,-24.98,0.62
1993-08-01,1993,8,Zinc,Metals,($/mt),884.0,-4.74,-9.8,-35.0,-32.47,-0.36
1993-09-01,1993,9,Zinc,Metals,($/mt),874.0,-1.13,-5.62,-36.06,-34.29,0.44
1993-10-01,1993,10,Zinc,Metals,($/mt),915.0,4.69,-1.4,-21.39,-39.8,1.61
1993-11-01,1993,11,Zinc,Metals,($/mt),928.0,1.42,4.98,-11.37,-40.47,0.79
1993-12-01,1993,12,Zinc,Metals,($/mt),974.0,4.96,11.44,-7.94,-38.9,1.74
1994-01-01,1994,1,Zinc,Metals,($/mt),997.0,2.36,8.96,-6.03,-42.5,0.79
1994-02-01,1994,2,Zinc,Metals,($/mt),969.0,-2.81,4.42,-9.61,-49.84,-0.61
1994-03-01,1994,3,Zinc,Metals,($/mt),936.0,-3.41,-3.9,-6.02,-52.29,-0.68
1994-04-01,1994,4,Zinc,Metals,($/mt),924.0,-1.28,-7.32,-8.06,-44.2,-0.24
1994-05-01,1994,5,Zinc,Metals,($/mt),956.0,3.46,-1.34,-2.45,-41.28,1.19
1994-06-01,1994,6,Zinc,Metals,($/mt),966.0,1.05,3.21,4.32,-37.23,0.33
1994-07-01,1994,7,Zinc,Metals,($/mt),964.0,-0.21,4.33,3.88,-40.38,-0.19
1994-08-01,1994,8,Zinc,Metals,($/mt),945.0,-1.97,-1.15,6.9,-45.38,-0.74
1994-09-01,1994,9,Zinc,Metals,($/mt),992.0,4.97,2.69,13.5,-39.1,1.54
1994-10-01,1994,10,Zinc,Metals,($/mt),1059.0,6.75,9.85,15.74,-33.19,1.85
1994-11-01,1994,11,Zinc,Metals,($/mt),1152.0,8.78,21.9,24.14,-19.89,2.26
1994-12-01,1994,12,Zinc,Metals,($/mt),1114.0,-3.3,12.3,14.37,-23.44,-1.31
1995-01-01,1995,1,Zinc,Metals,($/mt),1157.0,3.86,9.25,16.05,-10.79,0.65
1995-02-01,1995,2,Zinc,Metals,($/mt),1032.0,-10.8,-10.42,6.5,-26.13,-2.92
1995-03-01,1995,3,Zinc,Metals,($/mt),1022.0,-0.97,-8.26,9.19,-36.4,-0.3
1995-04-01,1995,4,Zinc,Metals,($/mt),1061.0,3.82,-8.3,14.83,-37.07,0.56
1995-05-01,1995,5,Zinc,Metals,($/mt),1036.0,-2.36,0.39,8.37,-41.63,-0.69
1995-06-01,1995,6,Zinc,Metals,($/mt),1010.0,-2.51,-1.17,4.55,-41.11,-0.63
1995-07-01,1995,7,Zinc,Metals,($/mt),1027.0,1.68,-3.2,6.54,-37.26,0.22
1995-08-01,1995,8,Zinc,Metals,($/mt),1014.0,-1.27,-2.12,7.3,-37.21,-0.36
1995-09-01,1995,9,Zinc,Metals,($/mt),986.0,-2.76,-2.38,-0.6,-35.89,-0.65
1995-10-01,1995,10,Zinc,Metals,($/mt),979.0,-0.71,-4.67,-7.55,-27.64,-0.15
1995-11-01,1995,11,Zinc,Metals,($/mt),1031.0,5.31,1.68,-10.5,-19.33,1.21
1995-12-01,1995,12,Zinc,Metals,($/mt),1018.0,-1.26,3.25,-8.62,-19.53,-0.1
1996-01-01,1996,1,Zinc,Metals,($/mt),1019.0,0.1,4.09,-11.93,-15.51,0.18
1996-02-01,1996,2,Zinc,Metals,($/mt),1036.0,1.67,0.48,0.39,-12.79,0.66
1996-03-01,1996,3,Zinc,Metals,($/mt),1064.0,2.7,4.52,4.11,-11.26,1.03
1996-04-01,1996,4,Zinc,Metals,($/mt),1045.0,-1.79,2.55,-1.51,-16.6,-0.81
1996-05-01,1996,5,Zinc,Metals,($/mt),1036.0,-0.86,0.0,0.0,-5.04,-0.31
1996-06-01,1996,6,Zinc,Metals,($/mt),1009.0,-2.61,-5.17,-0.1,-4.99,-1.1
1996-07-01,1996,7,Zinc,Metals,($/mt),1000.0,-0.89,-4.31,-2.63,-5.93,-0.38
1996-08-01,1996,8,Zinc,Metals,($/mt),1007.0,0.7,-2.8,-0.69,-3.73,0.38
1996-09-01,1996,9,Zinc,Metals,($/mt),1000.0,-0.7,-0.89,1.42,-2.25,-0.28
1996-10-01,1996,10,Zinc,Metals,($/mt),1003.0,0.3,0.3,2.45,1.11,0.07
1996-11-01,1996,11,Zinc,Metals,($/mt),1047.0,4.39,3.97,1.55,-4.21,1.92
1996-12-01,1996,12,Zinc,Metals,($/mt),1036.0,-1.05,3.6,1.77,-12.79,-0.6
1997-01-01,1997,1,Zinc,Metals,($/mt),1087.0,4.92,8.37,6.67,-5.81,2.42
1997-02-01,1997,2,Zinc,Metals,($/mt),1179.0,8.46,12.61,13.8,4.24,3.29
1997-03-01,1997,3,Zinc,Metals,($/mt),1255.0,6.45,21.14,17.95,3.29,1.6
1997-04-01,1997,4,Zinc,Metals,($/mt),1240.0,-1.2,14.08,18.66,-4.91,-0.73
1997-05-01,1997,5,Zinc,Metals,($/mt),1311.0,5.73,11.2,26.54,-4.52,1.18
1997-06-01,1997,6,Zinc,Metals,($/mt),1354.0,3.28,7.89,34.19,-2.24,0.33
1997-07-01,1997,7,Zinc,Metals,($/mt),1518.0,12.11,22.42,51.8,15.0,2.81
1997-08-01,1997,8,Zinc,Metals,($/mt),1654.0,8.96,26.16,64.25,21.62,1.27
1997-09-01,1997,9,Zinc,Metals,($/mt),1641.0,-0.79,21.2,64.1,20.04,-1.17
1997-10-01,1997,10,Zinc,Metals,($/mt),1280.0,-22.0,-15.68,27.62,9.97,-6.03
1997-11-01,1997,11,Zinc,Metals,($/mt),1173.0,-8.36,-29.08,12.03,12.03,-1.23
1997-12-01,1997,12,Zinc,Metals,($/mt),1102.0,-6.05,-32.85,6.37,4.16,-0.8
1998-01-01,1998,1,Zinc,Metals,($/mt),1097.0,-0.45,-14.3,0.92,3.39,-0.15
1998-02-01,1998,2,Zinc,Metals,($/mt),1044.0,-4.83,-11.0,-11.45,-2.61,-0.57
1998-03-01,1998,3,Zinc,Metals,($/mt),1048.0,0.38,-4.9,-16.49,5.22,0.11
1998-04-01,1998,4,Zinc,Metals,($/mt),1097.0,4.68,0.0,-11.53,9.15,0.65
1998-05-01,1998,5,Zinc,Metals,($/mt),1061.0,-3.28,1.63,-19.07,8.27,-0.29
1998-06-01,1998,6,Zinc,Metals,($/mt),1010.0,-4.81,-3.63,-25.41,9.07,-0.39
1998-07-01,1998,7,Zinc,Metals,($/mt),1040.0,2.97,-5.2,-31.49,12.07,0.57
1998-08-01,1998,8,Zinc,Metals,($/mt),1030.0,-0.96,-2.92,-37.73,16.52,0.24
1998-09-01,1998,9,Zinc,Metals,($/mt),1000.0,-2.91,-0.99,-39.06,14.42,0.1
1998-10-01,1998,10,Zinc,Metals,($/mt),941.0,-5.9,-9.52,-26.48,2.84,-0.31
1998-11-01,1998,11,Zinc,Metals,($/mt),967.0,2.76,-6.12,-17.56,4.2,1.34
1998-12-01,1998,12,Zinc,Metals,($/mt),959.0,-0.83,-4.1,-12.98,-1.54,0.19
1999-01-01,1999,1,Zinc,Metals,($/mt),933.0,-2.71,-0.85,-14.95,-6.42,-0.48
1999-02-01,1999,2,Zinc,Metals,($/mt),1017.0,9.0,5.17,-2.59,4.95,3.02
1999-03-01,1999,3,Zinc,Metals,($/mt),1030.0,1.28,7.4,-1.72,10.04,0.33
1999-04-01,1999,4,Zinc,Metals,($/mt),1019.0,-1.07,9.22,-7.11,10.28,-0.23
1999-05-01,1999,5,Zinc,Metals,($/mt),1040.0,2.06,2.26,-1.98,8.79,0.64
1999-06-01,1999,6,Zinc,Metals,($/mt),1001.0,-3.75,-2.82,-0.89,3.62,-0.9
1999-07-01,1999,7,Zinc,Metals,($/mt),1072.0,7.09,5.2,3.08,11.2,1.8
1999-08-01,1999,8,Zinc,Metals,($/mt),1131.0,5.5,8.75,9.81,19.68,1.18
1999-09-01,1999,9,Zinc,Metals,($/mt),1194.0,5.57,19.28,19.4,20.36,1.02
1999-10-01,1999,10,Zinc,Metals,($/mt),1149.0,-3.77,7.18,22.1,8.5,-1.16
1999-11-01,1999,11,Zinc,Metals,($/mt),1147.0,-0.17,1.41,18.61,-0.43,-0.45
1999-12-01,1999,12,Zinc,Metals,($/mt),1184.0,3.23,-0.84,23.46,6.28,0.39
2000-01-01,2000,1,Zinc,Metals,($/mt),1179.0,-0.42,2.61,26.37,1.9,-0.53
2000-02-01,2000,2,Zinc,Metals,($/mt),1095.0,-7.12,-4.53,7.67,6.1,-2.22
2000-03-01,2000,3,Zinc,Metals,($/mt),1116.0,1.92,-5.74,8.35,9.2,0.28
2000-04-01,2000,4,Zinc,Metals,($/mt),1128.0,1.08,-4.33,10.7,6.31,0.07
2000-05-01,2000,5,Zinc,Metals,($/mt),1157.0,2.57,5.66,11.25,11.68,0.38
2000-06-01,2000,6,Zinc,Metals,($/mt),1118.0,-3.37,0.18,11.69,10.69,-1.02
2000-07-01,2000,7,Zinc,Metals,($/mt),1136.0,1.61,0.71,5.97,10.61,0.14
2000-08-01,2000,8,Zinc,Metals,($/mt),1170.0,2.99,1.12,3.45,15.38,0.64
2000-09-01,2000,9,Zinc,Metals,($/mt),1224.0,4.62,9.48,2.51,24.14,1.2
2000-10-01,2000,10,Zinc,Metals,($/mt),1096.0,-10.46,-3.52,-4.61,11.95,-3.11
2000-11-01,2000,11,Zinc,Metals,($/mt),1059.0,-3.38,-9.49,-7.67,2.72,-0.68
2000-12-01,2000,12,Zinc,Metals,($/mt),1060.0,0.09,-13.4,-10.47,4.13,0.14
2001-01-01,2001,1,Zinc,Metals,($/mt),1033.0,-2.55,-5.75,-12.38,1.37,-0.39
2001-02-01,2001,2,Zinc,Metals,($/mt),1021.0,-1.16,-3.59,-6.76,-1.45,-0.04
2001-03-01,2001,3,Zinc,Metals,($/mt),1005.0,-1.57,-5.19,-9.95,-5.55,-0.26
2001-04-01,2001,4,Zinc,Metals,($/mt),969.0,-3.58,-6.2,-14.1,-7.27,-0.7
2001-05-01,2001,5,Zinc,Metals,($/mt),938.0,-3.2,-8.13,-18.93,-9.46,-0.5
2001-06-01,2001,6,Zinc,Metals,($/mt),895.0,-4.58,-10.95,-19.95,-11.3,-0.75
2001-07-01,2001,7,Zinc,Metals,($/mt),852.0,-4.8,-12.07,-25.0,-14.8,-0.77
2001-08-01,2001,8,Zinc,Metals,($/mt),828.0,-2.82,-11.73,-29.23,-17.78,-0.13
2001-09-01,2001,9,Zinc,Metals,($/mt),799.0,-3.5,-10.73,-34.72,-20.1,-0.21
2001-10-01,2001,10,Zinc,Metals,($/mt),762.0,-4.63,-10.56,-30.47,-24.03,-0.45
2001-11-01,2001,11,Zinc,Metals,($/mt),773.0,1.44,-6.64,-27.01,-26.17,2.96
2001-12-01,2001,12,Zinc,Metals,($/mt),755.0,-2.33,-5.51,-28.77,-27.12,0.12
2002-01-01,2002,1,Zinc,Metals,($/mt),793.0,5.03,4.07,-23.23,-27.05,4.42
2002-02-01,2002,2,Zinc,Metals,($/mt),771.0,-2.77,-0.26,-24.49,-34.61,-0.22
2002-03-01,2002,3,Zinc,Metals,($/mt),819.0,6.23,8.48,-18.51,-34.74,2.98
2002-04-01,2002,4,Zinc,Metals,($/mt),808.0,-1.34,1.89,-16.62,-34.84,0.08
2002-05-01,2002,5,Zinc,Metals,($/mt),770.0,-4.7,-0.13,-17.91,-41.27,-0.88
2002-06-01,2002,6,Zinc,Metals,($/mt),767.0,-0.39,-6.35,-14.3,-43.35,0.31
2002-07-01,2002,7,Zinc,Metals,($/mt),795.0,3.65,-1.61,-6.69,-47.63,1.32
2002-08-01,2002,8,Zinc,Metals,($/mt),748.0,-5.91,-2.86,-9.66,-54.78,-1.44
2002-09-01,2002,9,Zinc,Metals,($/mt),756.0,1.07,-1.43,-5.38,-53.93,0.46
2002-10-01,2002,10,Zinc,Metals,($/mt),755.0,-0.13,-5.03,-0.92,-41.02,0.06
2002-11-01,2002,11,Zinc,Metals,($/mt),765.0,1.32,2.27,-1.03,-34.78,0.36
2002-12-01,2002,12,Zinc,Metals,($/mt),798.0,4.31,5.56,5.7,-27.59,1.16
2003-01-01,2003,1,Zinc,Metals,($/mt),781.0,-2.13,3.44,-1.51,-28.81,-0.69
2003-02-01,2003,2,Zinc,Metals,($/mt),785.0,0.51,2.61,1.82,-24.81,0.16
2003-03-01,2003,3,Zinc,Metals,($/mt),791.0,0.76,-0.88,-3.42,-24.52,0.16
2003-04-01,2003,4,Zinc,Metals,($/mt),755.0,-4.55,-3.33,-6.56,-31.18,-1.44
2003-05-01,2003,5,Zinc,Metals,($/mt),776.0,2.78,-1.15,0.78,-26.86,1.02
2003-06-01,2003,6,Zinc,Metals,($/mt),791.0,1.93,0.0,3.13,-21.68,0.59
2003-07-01,2003,7,Zinc,Metals,($/mt),828.0,4.68,9.67,4.15,-20.38,1.41
2003-08-01,2003,8,Zinc,Metals,($/mt),818.0,-1.21,5.41,9.36,-20.58,-0.5
2003-09-01,2003,9,Zinc,Metals,($/mt),818.0,0.0,3.41,8.2,-18.2,-0.3
2003-10-01,2003,10,Zinc,Metals,($/mt),898.0,9.78,8.45,18.94,-4.57,3.47
2003-11-01,2003,11,Zinc,Metals,($/mt),915.0,1.89,11.86,19.61,-5.38,0.1
2003-12-01,2003,12,Zinc,Metals,($/mt),978.0,6.89,19.56,22.56,1.98,1.44
2004-01-01,2004,1,Zinc,Metals,($/mt),1017.0,3.99,13.25,30.22,9.0,0.56
2004-02-01,2004,2,Zinc,Metals,($/mt),1088.0,6.98,18.91,38.6,6.98,1.25
2004-03-01,2004,3,Zinc,Metals,($/mt),1106.0,1.65,13.09,39.82,7.38,-0.3
2004-04-01,2004,4,Zinc,Metals,($/mt),1033.0,-6.6,1.57,36.82,1.37,-2.43
2004-05-01,2004,5,Zinc,Metals,($/mt),1028.0,-0.48,-5.51,32.47,-1.15,-0.75
2004-06-01,2004,6,Zinc,Metals,($/mt),1021.0,-0.68,-7.69,29.08,2.0,-0.71
2004-07-01,2004,7,Zinc,Metals,($/mt),988.0,-3.23,-4.36,19.32,-7.84,-1.22
2004-08-01,2004,8,Zinc,Metals,($/mt),976.0,-1.21,-5.06,19.32,-13.7,-0.6
2004-09-01,2004,9,Zinc,Metals,($/mt),975.0,-0.1,-4.51,19.19,-18.34,-0.36
2004-10-01,2004,10,Zinc,Metals,($/mt),1065.0,9.23,7.79,18.6,-7.31,1.64
2004-11-01,2004,11,Zinc,Metals,($/mt),1096.0,2.91,12.3,19.78,-4.45,0.3
2004-12-01,2004,12,Zinc,Metals,($/mt),1180.0,7.66,21.03,20.65,-0.34,1.31
2005-01-01,2005,1,Zinc,Metals,($/mt),1246.0,5.59,17.0,22.52,5.68,0.83
2005-02-01,2005,2,Zinc,Metals,($/mt),1326.0,6.42,20.99,21.88,21.1,0.96
2005-03-01,2005,3,Zinc,Metals,($/mt),1372.0,3.47,16.27,24.05,22.94,0.36
2005-04-01,2005,4,Zinc,Metals,($/mt),1300.0,-5.25,4.33,25.85,15.25,-1.5
2005-05-01,2005,5,Zinc,Metals,($/mt),1244.0,-4.31,-6.18,21.01,7.52,-1.39
2005-06-01,2005,6,Zinc,Metals,($/mt),1276.0,2.57,-7.0,24.98,14.13,0.18
2005-07-01,2005,7,Zinc,Metals,($/mt),1194.0,-6.43,-8.15,20.85,5.11,-1.75
2005-08-01,2005,8,Zinc,Metals,($/mt),1298.0,8.71,4.34,32.99,10.94,1.35
2005-09-01,2005,9,Zinc,Metals,($/mt),1398.0,7.7,9.56,43.38,14.22,0.94
2005-10-01,2005,10,Zinc,Metals,($/mt),1488.0,6.44,24.62,39.72,35.77,0.58
2005-11-01,2005,11,Zinc,Metals,($/mt),1611.0,8.27,24.11,46.99,52.12,0.99
2005-12-01,2005,12,Zinc,Metals,($/mt),1822.0,13.1,30.33,54.41,71.89,1.74
2006-01-01,2006,1,Zinc,Metals,($/mt),2090.0,14.71,40.46,67.74,102.32,1.76
2006-02-01,2006,2,Zinc,Metals,($/mt),2219.0,6.17,37.74,67.35,117.34,0.23
2006-03-01,2006,3,Zinc,Metals,($/mt),2417.0,8.92,32.66,76.17,140.5,0.63
2006-04-01,2006,4,Zinc,Metals,($/mt),3085.0,27.64,47.61,137.31,218.37,3.23
2006-05-01,2006,5,Zinc,Metals,($/mt),3566.0,15.59,60.7,186.66,280.17,0.89
2006-06-01,2006,6,Zinc,Metals,($/mt),3226.0,-9.53,33.47,152.82,260.45,-2.32
2006-07-01,2006,7,Zinc,Metals,($/mt),3340.0,3.53,8.27,179.73,292.02,-0.51
2006-08-01,2006,8,Zinc,Metals,($/mt),3347.0,0.21,-6.14,157.86,304.23,-1.04
2006-09-01,2006,9,Zinc,Metals,($/mt),3403.0,1.67,5.49,143.42,325.91,-0.76
2006-10-01,2006,10,Zinc,Metals,($/mt),3823.0,12.34,14.46,156.92,401.71,0.46
2006-11-01,2006,11,Zinc,Metals,($/mt),4382.0,14.62,30.92,172.0,466.88,0.65
2006-12-01,2006,12,Zinc,Metals,($/mt),4405.0,0.52,29.44,141.77,483.44,-0.9
2007-01-01,2007,1,Zinc,Metals,($/mt),3787.0,-14.03,-0.94,81.2,377.55,-2.27
2007-02-01,2007,2,Zinc,Metals,($/mt),3310.0,-12.6,-24.46,49.17,329.31,-1.61
2007-03-01,2007,3,Zinc,Metals,($/mt),3271.0,-1.18,-25.74,35.33,299.39,-0.42
2007-04-01,2007,4,Zinc,Metals,($/mt),3557.0,8.74,-6.07,15.3,340.22,0.44
2007-05-01,2007,5,Zinc,Metals,($/mt),3831.0,7.7,15.74,7.43,397.53,0.6
2007-06-01,2007,6,Zinc,Metals,($/mt),3603.0,-5.95,10.15,11.69,369.75,-0.75
2007-07-01,2007,7,Zinc,Metals,($/mt),3546.0,-1.58,-0.31,6.17,346.04,-0.32
2007-08-01,2007,8,Zinc,Metals,($/mt),3253.0,-8.26,-15.09,-2.81,334.89,-1.02
2007-09-01,2007,9,Zinc,Metals,($/mt),2881.0,-11.44,-20.04,-15.34,281.08,-1.24
2007-10-01,2007,10,Zinc,Metals,($/mt),2975.0,3.26,-16.1,-22.18,294.04,0.42
2007-11-01,2007,11,Zinc,Metals,($/mt),2541.0,-14.59,-21.89,-42.01,232.16,-1.41
2007-12-01,2007,12,Zinc,Metals,($/mt),2353.0,-7.4,-18.33,-46.58,194.86,-0.4
2008-01-01,2008,1,Zinc,Metals,($/mt),2340.0,-0.55,-21.34,-38.21,199.62,0.52
2008-02-01,2008,2,Zinc,Metals,($/mt),2438.0,4.19,-4.05,-26.34,210.57,1.02
2008-03-01,2008,3,Zinc,Metals,($/mt),2511.0,2.99,6.71,-23.23,217.45,0.71
2008-04-01,2008,4,Zinc,Metals,($/mt),2264.0,-9.84,-3.25,-36.35,199.87,-1.04
2008-05-01,2008,5,Zinc,Metals,($/mt),2182.0,-3.62,-10.5,-43.04,181.19,-0.02
2008-06-01,2008,6,Zinc,Metals,($/mt),1894.0,-13.2,-24.57,-47.43,139.44,-1.42
2008-07-01,2008,7,Zinc,Metals,($/mt),1852.0,-2.22,-18.2,-47.77,123.67,0.42
2008-08-01,2008,8,Zinc,Metals,($/mt),1723.0,-6.97,-21.04,-47.03,110.64,-0.29
2008-09-01,2008,9,Zinc,Metals,($/mt),1735.0,0.7,-8.39,-39.78,112.1,0.85
2008-10-01,2008,10,Zinc,Metals,($/mt),1302.0,-24.96,-29.7,-56.24,44.99,-3.26
2008-11-01,2008,11,Zinc,Metals,($/mt),1153.0,-11.44,-33.08,-54.62,26.01,-0.61
2008-12-01,2008,12,Zinc,Metals,($/mt),1101.0,-4.51,-36.54,-53.21,12.58,0.19
2009-01-01,2009,1,Zinc,Metals,($/mt),1187.0,7.81,-8.83,-49.27,16.72,1.66
2009-02-01,2009,2,Zinc,Metals,($/mt),1112.0,-6.32,-3.56,-54.39,2.21,-0.14
2009-03-01,2009,3,Zinc,Metals,($/mt),1217.0,9.44,10.54,-51.53,10.04,1.81
2009-04-01,2009,4,Zinc,Metals,($/mt),1379.0,13.31,16.18,-39.09,33.49,2.02
2009-05-01,2009,5,Zinc,Metals,($/mt),1484.0,7.61,33.45,-31.99,44.36,1.05
2009-06-01,2009,6,Zinc,Metals,($/mt),1557.0,4.92,27.94,-17.79,52.5,0.68
2009-07-01,2009,7,Zinc,Metals,($/mt),1579.0,1.41,14.5,-14.74,59.82,0.23
2009-08-01,2009,8,Zinc,Metals,($/mt),1822.0,15.39,22.78,5.75,86.68,1.5
2009-09-01,2009,9,Zinc,Metals,($/mt),1884.0,3.4,21.0,8.59,93.23,0.2
2009-10-01,2009,10,Zinc,Metals,($/mt),2072.0,9.98,31.22,59.14,94.55,0.75
2009-11-01,2009,11,Zinc,Metals,($/mt),2193.0,5.84,20.36,90.2,100.09,0.19
2009-12-01,2009,12,Zinc,Metals,($/mt),2376.0,8.34,26.11,115.8,101.36,0.41
2010-01-01,2010,1,Zinc,Metals,($/mt),2434.0,2.44,17.47,105.05,95.35,-0.76
2010-02-01,2010,2,Zinc,Metals,($/mt),2157.0,-11.38,-1.64,93.97,62.67,-3.05
2010-03-01,2010,3,Zinc,Metals,($/mt),2275.0,5.47,-4.25,86.94,65.82,-0.06
2010-04-01,2010,4,Zinc,Metals,($/mt),2367.0,4.04,-2.75,71.65,82.08,-0.22
2010-05-01,2010,5,Zinc,Metals,($/mt),1968.0,-16.86,-8.76,32.61,58.2,-3.41
2010-06-01,2010,6,Zinc,Metals,($/mt),1743.0,-11.43,-23.38,11.95,36.6,-1.61
2010-07-01,2010,7,Zinc,Metals,($/mt),1844.0,5.79,-22.1,16.78,54.44,0.46
2010-08-01,2010,8,Zinc,Metals,($/mt),2045.0,10.9,3.91,12.24,57.55,0.94
2010-09-01,2010,9,Zinc,Metals,($/mt),2151.0,5.18,23.41,14.17,53.86,0.41
2010-10-01,2010,10,Zinc,Metals,($/mt),2372.0,10.27,28.63,14.48,59.41,0.94
2010-11-01,2010,11,Zinc,Metals,($/mt),2292.0,-3.37,12.08,4.51,42.27,-0.53
2010-12-01,2010,12,Zinc,Metals,($/mt),2281.0,-0.48,6.04,-4.0,25.19,-0.14
2011-01-01,2011,1,Zinc,Metals,($/mt),2372.0,3.99,0.0,-2.55,13.49,0.44
2011-02-01,2011,2,Zinc,Metals,($/mt),2465.0,3.92,7.55,14.28,11.09,0.41
2011-03-01,2011,3,Zinc,Metals,($/mt),2341.0,-5.03,2.63,2.9,-3.14,-0.78
2011-04-01,2011,4,Zinc,Metals,($/mt),2362.0,0.9,-0.42,-0.21,-23.44,0.04
2011-05-01,2011,5,Zinc,Metals,($/mt),2167.0,-8.26,-12.09,10.11,-39.23,-1.03
2011-06-01,2011,6,Zinc,Metals,($/mt),2234.0,3.09,-4.57,28.17,-30.75,0.29
2011-07-01,2011,7,Zinc,Metals,($/mt),2398.0,7.34,1.52,30.04,-28.2,0.88
2011-08-01,2011,8,Zinc,Metals,($/mt),2200.0,-8.26,1.52,7.58,-34.27,-1.8
2011-09-01,2011,9,Zinc,Metals,($/mt),2075.0,-5.68,-7.12,-3.53,-39.02,-1.08
2011-10-01,2011,10,Zinc,Metals,($/mt),1871.0,-9.83,-21.98,-21.12,-51.06,-1.6
2011-11-01,2011,11,Zinc,Metals,($/mt),1935.0,3.42,-12.05,-15.58,-55.84,0.92
2011-12-01,2011,12,Zinc,Metals,($/mt),1905.0,-1.55,-8.19,-16.48,-56.75,-0.05
2012-01-01,2012,1,Zinc,Metals,($/mt),1982.0,4.04,5.93,-16.44,-47.66,0.91
2012-02-01,2012,2,Zinc,Metals,($/mt),2058.0,3.83,6.36,-16.51,-37.82,0.88
2012-03-01,2012,3,Zinc,Metals,($/mt),2036.0,-1.07,6.88,-13.03,-37.76,0.04
2012-04-01,2012,4,Zinc,Metals,($/mt),2002.0,-1.67,1.01,-15.24,-43.72,-0.12
2012-05-01,2012,5,Zinc,Metals,($/mt),1936.0,-3.3,-5.93,-10.66,-49.46,-0.36
2012-06-01,2012,6,Zinc,Metals,($/mt),1859.0,-3.98,-8.69,-16.79,-48.4,-0.6
2012-07-01,2012,7,Zinc,Metals,($/mt),1848.0,-0.59,-7.69,-22.94,-47.88,0.15
2012-08-01,2012,8,Zinc,Metals,($/mt),1818.0,-1.62,-6.1,-17.36,-44.11,0.1
2012-09-01,2012,9,Zinc,Metals,($/mt),2010.0,10.56,8.12,-3.13,-30.23,2.98
2012-10-01,2012,10,Zinc,Metals,($/mt),1904.0,-5.27,3.03,1.76,-36.0,-1.0
2012-11-01,2012,11,Zinc,Metals,($/mt),1912.0,0.42,5.17,-1.19,-24.75,0.04
2012-12-01,2012,12,Zinc,Metals,($/mt),2040.0,6.69,1.49,7.09,-13.3,1.55
2013-01-01,2013,1,Zinc,Metals,($/mt),2032.0,-0.39,6.72,2.52,-13.16,-0.23
2013-02-01,2013,2,Zinc,Metals,($/mt),2129.0,4.77,11.35,3.45,-12.67,0.97
2013-03-01,2013,3,Zinc,Metals,($/mt),1926.0,-9.53,-5.59,-5.4,-23.3,-2.13
2013-04-01,2013,4,Zinc,Metals,($/mt),1856.0,-3.63,-8.66,-7.29,-18.02,-0.6
2013-05-01,2013,5,Zinc,Metals,($/mt),1832.0,-1.29,-13.95,-5.37,-16.04,-0.14
2013-06-01,2013,6,Zinc,Metals,($/mt),1839.0,0.38,-4.52,-1.08,-2.9,0.13
2013-07-01,2013,7,Zinc,Metals,($/mt),1838.0,-0.05,-0.97,-0.54,-0.76,-0.02
2013-08-01,2013,8,Zinc,Metals,($/mt),1899.0,3.32,3.66,4.46,10.21,0.6
2013-09-01,2013,9,Zinc,Metals,($/mt),1847.0,-2.74,0.44,-8.11,6.46,-0.6
2013-10-01,2013,10,Zinc,Metals,($/mt),1885.0,2.06,2.56,-1.0,44.78,0.6
2013-11-01,2013,11,Zinc,Metals,($/mt),1866.0,-1.01,-1.74,-2.41,61.84,-0.24
2013-12-01,2013,12,Zinc,Metals,($/mt),1975.0,5.84,6.93,-3.19,79.38,1.41
2014-01-01,2014,1,Zinc,Metals,($/mt),2037.0,3.14,8.06,0.25,71.61,0.81
2014-02-01,2014,2,Zinc,Metals,($/mt),2035.0,-0.1,9.06,-4.42,83.0,-0.05
2014-03-01,2014,3,Zinc,Metals,($/mt),2008.0,-1.33,1.67,4.26,65.0,-0.26
2014-04-01,2014,4,Zinc,Metals,($/mt),2027.0,0.95,-0.49,9.21,46.99,0.21
2014-05-01,2014,5,Zinc,Metals,($/mt),2059.0,1.58,1.18,12.39,38.75,0.33
2014-06-01,2014,6,Zinc,Metals,($/mt),2128.0,3.35,5.98,15.72,36.67,1.0
2014-07-01,2014,7,Zinc,Metals,($/mt),2311.0,8.6,14.01,25.73,46.36,3.01
2014-08-01,2014,8,Zinc,Metals,($/mt),2327.0,0.69,13.02,22.54,27.72,-0.4
2014-09-01,2014,9,Zinc,Metals,($/mt),2295.0,-1.38,7.85,24.26,21.82,-0.99
2014-10-01,2014,10,Zinc,Metals,($/mt),2277.0,-0.78,-1.47,20.8,9.89,-0.88
2014-11-01,2014,11,Zinc,Metals,($/mt),2253.0,-1.05,-3.18,20.74,2.74,-0.86
2014-12-01,2014,12,Zinc,Metals,($/mt),2176.0,-3.42,-5.19,10.18,-8.42,-1.62
2015-01-01,2015,1,Zinc,Metals,($/mt),2113.0,-2.9,-7.2,3.73,-13.19,-1.2
2015-02-01,2015,2,Zinc,Metals,($/mt),2098.0,-0.71,-6.88,3.1,-2.74,-0.33
2015-03-01,2015,3,Zinc,Metals,($/mt),2029.0,-3.29,-6.76,1.05,-10.81,-1.12
2015-04-01,2015,4,Zinc,Metals,($/mt),2213.0,9.07,4.73,9.18,-6.51,2.66
2015-05-01,2015,5,Zinc,Metals,($/mt),2282.0,3.12,8.77,10.83,15.96,0.54
2015-06-01,2015,6,Zinc,Metals,($/mt),2082.0,-8.76,2.61,-2.16,19.45,-2.27
2015-07-01,2015,7,Zinc,Metals,($/mt),2001.0,-3.89,-9.58,-13.41,8.51,-0.76
2015-08-01,2015,8,Zinc,Metals,($/mt),1808.0,-9.65,-20.77,-22.3,-11.59,-1.98
2015-09-01,2015,9,Zinc,Metals,($/mt),1720.0,-4.87,-17.39,-25.05,-20.04,-0.59
2015-10-01,2015,10,Zinc,Metals,($/mt),1724.0,0.23,-13.84,-24.29,-27.32,0.5
2015-11-01,2015,11,Zinc,Metals,($/mt),1583.0,-8.18,-12.44,-29.74,-30.93,-1.2
2015-12-01,2015,12,Zinc,Metals,($/mt),1528.0,-3.47,-11.16,-29.78,-33.01,-0.13
2016-01-01,2016,1,Zinc,Metals,($/mt),1520.0,-0.52,-11.83,-28.06,-35.92,0.43
2016-02-01,2016,2,Zinc,Metals,($/mt),1710.0,12.5,8.02,-18.49,-30.63,2.83
2016-03-01,2016,3,Zinc,Metals,($/mt),1802.0,5.38,17.93,-11.19,-23.02,1.0
2016-04-01,2016,4,Zinc,Metals,($/mt),1855.0,2.94,22.04,-16.18,-21.46,0.52
2016-05-01,2016,5,Zinc,Metals,($/mt),1869.0,0.75,9.3,-18.1,-13.75,0.31
2016-06-01,2016,6,Zinc,Metals,($/mt),2026.0,8.4,12.43,-2.69,-9.31,1.53
2016-07-01,2016,7,Zinc,Metals,($/mt),2183.0,7.75,17.68,9.1,-8.97,1.18
2016-08-01,2016,8,Zinc,Metals,($/mt),2279.0,4.4,21.94,26.05,3.59,0.51
2016-09-01,2016,9,Zinc,Metals,($/mt),2292.0,0.57,13.13,33.26,10.46,-0.26
2016-10-01,2016,10,Zinc,Metals,($/mt),2312.0,0.87,5.91,34.11,23.57,-0.3
2016-11-01,2016,11,Zinc,Metals,($/mt),2566.0,10.99,12.59,62.1,32.61,1.5
2016-12-01,2016,12,Zinc,Metals,($/mt),2665.0,3.86,16.27,74.41,39.9,-0.07
2017-01-01,2017,1,Zinc,Metals,($/mt),2715.0,1.88,17.43,78.62,36.98,-0.69
2017-02-01,2017,2,Zinc,Metals,($/mt),2846.0,4.83,10.91,66.43,38.29,-0.05
2017-03-01,2017,3,Zinc,Metals,($/mt),2777.0,-2.42,4.2,54.11,36.39,-2.05
2017-04-01,2017,4,Zinc,Metals,($/mt),2615.0,-5.83,-3.68,40.97,30.62,-2.5
2017-05-01,2017,5,Zinc,Metals,($/mt),2590.0,-0.96,-9.0,38.58,33.78,-0.84
2017-06-01,2017,6,Zinc,Metals,($/mt),2573.0,-0.66,-7.35,27.0,38.41,-0.73
2017-07-01,2017,7,Zinc,Metals,($/mt),2787.0,8.32,6.58,27.67,50.81,1.36
2017-08-01,2017,8,Zinc,Metals,($/mt),2981.0,6.96,15.1,30.8,63.97,1.03
2017-09-01,2017,9,Zinc,Metals,($/mt),3117.0,4.56,21.14,35.99,55.07,0.46
2017-10-01,2017,10,Zinc,Metals,($/mt),3265.0,4.75,17.15,41.22,71.48,0.43
2017-11-01,2017,11,Zinc,Metals,($/mt),3229.0,-1.1,8.32,25.84,68.88,-0.86
2017-12-01,2017,12,Zinc,Metals,($/mt),3196.0,-1.02,2.53,19.92,56.67,-0.72
2018-01-01,2018,1,Zinc,Metals,($/mt),3442.0,7.7,5.42,26.78,69.39,1.43
2018-02-01,2018,2,Zinc,Metals,($/mt),3533.0,2.64,9.41,24.14,65.95,0.12
2018-03-01,2018,3,Zinc,Metals,($/mt),3269.0,-7.47,2.28,17.72,69.73,-2.07
2018-04-01,2018,4,Zinc,Metals,($/mt),3188.0,-2.48,-7.38,21.91,71.77,-0.77
2018-05-01,2018,5,Zinc,Metals,($/mt),3060.0,-4.02,-13.39,18.15,67.03,-1.2
2018-06-01,2018,6,Zinc,Metals,($/mt),3089.0,0.95,-5.51,20.05,67.97,-0.11
2018-07-01,2018,7,Zinc,Metals,($/mt),2656.0,-14.02,-16.69,-4.7,44.5,-3.13
2018-08-01,2018,8,Zinc,Metals,($/mt),2512.0,-5.42,-17.91,-15.73,32.28,-0.83
2018-09-01,2018,9,Zinc,Metals,($/mt),2435.0,-3.07,-21.17,-21.88,31.84,-0.3
2018-10-01,2018,10,Zinc,Metals,($/mt),2674.0,9.82,0.68,-18.1,41.86,2.04
2018-11-01,2018,11,Zinc,Metals,($/mt),2596.0,-2.92,3.34,-19.6,39.12,-0.23
2018-12-01,2018,12,Zinc,Metals,($/mt),2616.0,0.77,7.43,-18.15,32.46,0.37
2019-01-01,2019,1,Zinc,Metals,($/mt),2570.0,-1.76,-3.89,-25.33,26.17,-0.05
2019-02-01,2019,2,Zinc,Metals,($/mt),2707.0,5.33,4.28,-23.38,33.02,1.31
2019-03-01,2019,3,Zinc,Metals,($/mt),2851.0,5.32,8.98,-12.79,41.98,1.21
2019-04-01,2019,4,Zinc,Metals,($/mt),2933.0,2.88,14.12,-8.0,44.7,0.63
2019-05-01,2019,5,Zinc,Metals,($/mt),2743.0,-6.48,1.33,-10.36,33.22,-0.96
2019-06-01,2019,6,Zinc,Metals,($/mt),2601.0,-5.18,-8.77,-15.8,22.23,-0.7
2019-07-01,2019,7,Zinc,Metals,($/mt),2447.0,-5.92,-16.57,-7.87,5.88,-0.73
2019-08-01,2019,8,Zinc,Metals,($/mt),2273.0,-7.11,-17.13,-9.51,-2.32,-1.23
2019-09-01,2019,9,Zinc,Metals,($/mt),2332.0,2.6,-10.34,-4.23,1.61,0.6
2019-10-01,2019,10,Zinc,Metals,($/mt),2452.0,5.15,0.2,-8.3,7.69,0.97
2019-11-01,2019,11,Zinc,Metals,($/mt),2425.0,-1.1,6.69,-6.59,7.63,-0.1
2019-12-01,2019,12,Zinc,Metals,($/mt),2273.0,-6.27,-2.53,-13.11,4.46,-1.21
2020-01-01,2020,1,Zinc,Metals,($/mt),2354.0,3.56,-4.0,-8.4,11.41,0.91
2020-02-01,2020,2,Zinc,Metals,($/mt),2113.0,-10.24,-12.87,-21.94,0.71,-1.84
2020-03-01,2020,3,Zinc,Metals,($/mt),1904.0,-9.89,-16.23,-33.22,-6.16,-1.44
2020-04-01,2020,4,Zinc,Metals,($/mt),1903.0,-0.05,-19.16,-35.12,-14.01,0.57
2020-05-01,2020,5,Zinc,Metals,($/mt),1975.0,3.78,-6.53,-28.0,-13.45,1.37
2020-06-01,2020,6,Zinc,Metals,($/mt),2026.0,2.58,6.41,-22.11,-2.69,0.93
2020-07-01,2020,7,Zinc,Metals,($/mt),2177.0,7.45,14.4,-11.03,8.8,1.66
2020-08-01,2020,8,Zinc,Metals,($/mt),2410.0,10.7,22.03,6.03,33.3,1.89
2020-09-01,2020,9,Zinc,Metals,($/mt),2442.0,1.33,20.53,4.72,41.98,0.1
2020-10-01,2020,10,Zinc,Metals,($/mt),2441.0,-0.04,12.13,-0.45,41.59,-0.1
2020-11-01,2020,11,Zinc,Metals,($/mt),2672.0,9.46,10.87,10.19,68.79,1.46
2020-12-01,2020,12,Zinc,Metals,($/mt),2780.0,4.04,13.84,22.31,81.94,0.44
2021-01-01,2021,1,Zinc,Metals,($/mt),2705.0,-2.7,10.82,14.91,77.96,-0.7
2021-02-01,2021,2,Zinc,Metals,($/mt),2745.0,1.48,2.73,29.91,60.53,0.02
2021-03-01,2021,3,Zinc,Metals,($/mt),2792.0,1.71,0.43,46.64,54.94,-0.11
2021-04-01,2021,4,Zinc,Metals,($/mt),2829.0,1.33,4.58,48.66,52.51,-0.49
2021-05-01,2021,5,Zinc,Metals,($/mt),2966.0,4.84,8.05,50.18,58.69,0.36
2021-06-01,2021,6,Zinc,Metals,($/mt),2952.0,-0.47,5.73,45.71,45.71,-1.0
2021-07-01,2021,7,Zinc,Metals,($/mt),2948.0,-0.14,4.21,35.42,35.04,-0.82
2021-08-01,2021,8,Zinc,Metals,($/mt),2988.0,1.36,0.74,23.98,31.11,-0.32
2021-09-01,2021,9,Zinc,Metals,($/mt),3036.0,1.61,2.85,24.32,32.46,-0.08
2021-10-01,2021,10,Zinc,Metals,($/mt),3360.0,10.67,13.98,37.65,45.33,2.83
2021-11-01,2021,11,Zinc,Metals,($/mt),3311.0,-1.46,10.81,23.91,29.03,-1.07
2021-12-01,2021,12,Zinc,Metals,($/mt),3399.0,2.66,11.96,22.27,27.54,0.23
2022-01-01,2022,1,Zinc,Metals,($/mt),3599.0,5.88,7.11,33.05,32.56,1.21
2022-02-01,2022,2,Zinc,Metals,($/mt),3620.0,0.58,9.33,31.88,27.2,-0.57
2022-03-01,2022,3,Zinc,Metals,($/mt),3962.0,9.45,16.56,41.91,42.67,2.11
2022-04-01,2022,4,Zinc,Metals,($/mt),4360.0,10.05,21.14,54.12,66.73,1.8
2022-05-01,2022,5,Zinc,Metals,($/mt),3751.0,-13.97,3.62,26.47,44.83,-4.08
2022-06-01,2022,6,Zinc,Metals,($/mt),3630.0,-3.23,-8.38,22.97,41.08,-0.81
2022-07-01,2022,7,Zinc,Metals,($/mt),3105.0,-14.46,-28.78,5.33,11.41,-2.41
2022-08-01,2022,8,Zinc,Metals,($/mt),3588.0,15.56,-4.35,20.08,20.36,1.78
2022-09-01,2022,9,Zinc,Metals,($/mt),3125.0,-12.9,-13.91,2.93,0.26,-1.59
2022-10-01,2022,10,Zinc,Metals,($/mt),2967.0,-5.06,-4.44,-11.7,-9.13,-0.56
2022-11-01,2022,11,Zinc,Metals,($/mt),2939.0,-0.94,-18.09,-11.24,-8.98,-0.04
2022-12-01,2022,12,Zinc,Metals,($/mt),3129.0,6.46,0.13,-7.94,-2.1,0.71
2023-01-01,2023,1,Zinc,Metals,($/mt),3310.0,5.78,11.56,-8.03,-3.83,0.6
2023-02-01,2023,2,Zinc,Metals,($/mt),3134.0,-5.32,6.63,-13.43,-11.29,-0.51
2023-03-01,2023,3,Zinc,Metals,($/mt),2967.0,-5.33,-5.18,-25.11,-9.24,-0.45
2023-04-01,2023,4,Zinc,Metals,($/mt),2768.0,-6.71,-16.37,-36.51,-13.17,-0.49
2023-05-01,2023,5,Zinc,Metals,($/mt),2476.0,-10.55,-21.0,-33.99,-19.08,-0.8
2023-06-01,2023,6,Zinc,Metals,($/mt),2375.0,-4.08,-19.95,-34.57,-23.11,-0.12
2023-07-01,2023,7,Zinc,Metals,($/mt),2405.0,1.26,-13.11,-22.54,-9.45,0.51
2023-08-01,2023,8,Zinc,Metals,($/mt),2407.0,0.08,-2.79,-32.92,-4.18,0.24
2023-09-01,2023,9,Zinc,Metals,($/mt),2496.0,3.7,5.09,-20.13,2.51,1.15
2023-10-01,2023,10,Zinc,Metals,($/mt),2449.0,-1.88,1.83,-17.46,-8.41,-0.03
2023-11-01,2023,11,Zinc,Metals,($/mt),2544.0,3.88,5.69,-13.44,-2.0,1.02
2023-12-01,2023,12,Zinc,Metals,($/mt),2502.0,-1.65,0.24,-20.04,-4.36,-0.11
2024-01-01,2024,1,Zinc,Metals,($/mt),2515.0,0.52,2.69,-24.02,-2.14,0.46
2024-02-01,2024,2,Zinc,Metals,($/mt),2360.0,-6.16,-7.23,-24.7,-12.82,-0.91
2024-03-01,2024,3,Zinc,Metals,($/mt),2461.0,4.28,-1.64,-17.05,-13.68,1.47
2024-04-01,2024,4,Zinc,Metals,($/mt),2733.0,11.05,8.67,-1.26,-6.82,2.67
2024-05-01,2024,5,Zinc,Metals,($/mt),2959.0,8.27,25.38,19.51,7.87,1.47
2024-06-01,2024,6,Zinc,Metals,($/mt),2809.0,-5.07,14.14,18.27,8.0,-1.35
2024-07-01,2024,7,Zinc,Metals,($/mt),2777.0,-1.14,1.61,15.47,13.49,-0.53
2024-08-01,2024,8,Zinc,Metals,($/mt),2714.0,-2.27,-8.28,12.75,19.4,-0.7
2024-09-01,2024,9,Zinc,Metals,($/mt),2837.0,4.53,1.0,13.66,21.66,0.65
2024-10-01,2024,10,Zinc,Metals,($/mt),3106.0,9.48,11.85,26.83,26.67,1.58
2024-11-01,2024,11,Zinc,Metals,($/mt),3004.0,-3.28,10.69,18.08,23.88,-0.96
2024-12-01,2024,12,Zinc,Metals,($/mt),3034.0,1.0,6.94,21.26,33.48,-0.09
2025-01-01,2025,1,Zinc,Metals,($/mt),2819.0,-7.09,-9.24,12.09,19.75,-1.54
2025-02-01,2025,2,Zinc,Metals,($/mt),2800.0,-0.67,-6.79,18.64,32.51,-0.29
2025-03-01,2025,3,Zinc,Metals,($/mt),2889.0,3.18,-4.78,17.39,51.73,0.27
2025-04-01,2025,4,Zinc,Metals,($/mt),2622.0,-9.24,-6.99,-4.06,37.78,-1.83
2025-05-01,2025,5,Zinc,Metals,($/mt),2644.0,0.84,-5.57,-10.65,33.87,0.18
2025-06-01,2025,6,Zinc,Metals,($/mt),2655.0,0.42,-8.1,-5.48,31.05,0.24
2025-07-01,2025,7,Zinc,Metals,($/mt),2763.0,4.07,5.38,-0.5,26.92,0.89
2025-08-01,2025,8,Zinc,Metals,($/mt),2789.0,0.94,5.48,2.76,15.73,0.17
2025-09-01,2025,9,Zinc,Metals,($/mt),2933.0,5.16,10.47,3.38,20.11,0.95
2025-10-01,2025,10,Zinc,Metals,($/mt),3152.0,7.47,14.08,1.48,29.13,1.37
2025-11-01,2025,11,Zinc,Metals,($/mt),3177.0,0.79,13.91,5.76,18.9,0.12
2025-12-01,2025,12,Zinc,Metals,($/mt),3168.0,-0.28,8.01,4.42,13.96,-0.18
2026-01-01,2026,1,Zinc,Metals,($/mt),3213.0,1.42,1.94,13.98,18.78,0.2
2026-02-01,2026,2,Zinc,Metals,($/mt),3324.0,3.45,4.63,18.71,21.09,0.56
2026-03-01,2026,3,Zinc,Metals,($/mt),3182.0,-4.27,0.44,10.14,13.97,-1.42
2026-04-01,2026,4,Zinc,Metals,($/mt),3364.0,5.72,4.7,28.3,18.91,1.11
2026-05-01,2026,5,Zinc,Metals,($/mt),3482.0,3.51,4.75,31.69,17.4,0.43
2026-06-01,2026,6,Zinc,Metals,($/mt),3539.0,1.64,11.22,33.3,19.88,-0.23
2026-07-01,2026,7,Zinc,Metals,($/mt),3599.0,1.7,6.99,30.26,22.08,-0.25
2026-08-01,2026,8,Zinc,Metals,($/mt),3875.0,7.67,11.29,38.94,29.69,1.75
2026-09-01,2026,9,Zinc,Metals,($/mt),4021.0,3.77,13.62,37.1,32.44,0.27
